INTERVALSTARTTIME_GMT,INTERVALENDTIME_GMT,OPR_DT,OPR_HR,NODE_ID_XML,NODE_ID,NODE,MARKET_RUN_ID,LMP_TYPE,XML_DATA_ITEM,PNODE_RESMRID,GRP_TYPE,POS,PRC,OPR_INTERVAL,GROUP
2022-09-01T07:00:00-00:00,2022-09-01T07:15:00-00:00,2022-09-01,01,KELSO_2_N001,KELSO_2_N001,KELSO_2_N001,RTPD,LMP,LMP_PRC,KELSO_2_N001,ALL,1,80.60082,1,1
2022-09-01T08:00:00-00:00,2022-09-01T08:15:00-00:00,2022-09-01,02,KELSO_2_N001,KELSO_2_N001,KELSO_2_N001,RTPD,LMP,LMP_PRC,KELSO_2_N001,ALL,1,112.19684,1,1
2022-09-01T09:00:00-00:00,2022-09-01T09:15:00-00:00,2022-09-01,03,KELSO_2_N001,KELSO_2_N001,KELSO_2_N001,RTPD,LMP,LMP_PRC,KELSO_2_N001,ALL,1,94.81051,1,1
2022-09-01T10:00:00-00:00,2022-09-01T10:15:00-00:00,2022-09-01,04,KELSO_2_N001,KELSO_2_N001,KELSO_2_N001,RTPD,LMP,LMP_PRC,KELSO_2_N001,ALL,1,94.58191,1,1
2022-09-01T11:00:00-00:00,2022-09-01T11:15:00-00:00,2022-09-01,05,KELSO_2_N001,KELSO_2_N001,KELSO_2_N001,RTPD,LMP,LMP_PRC,KELSO_2_N001,ALL,1,102.61987,1,1
2022-09-01T12:00:00-00:00,2022-09-01T12:15:00-00:00,2022-09-01,06,KELSO_2_N001,KELSO_2_N001,KELSO_2_N001,RTPD,LMP,LMP_PRC,KELSO_2_N001,ALL,1,86.50076,1,1
2022-09-01T13:00:00-00:00,2022-09-01T13:15:00-00:00,2022-09-01,07,KELSO_2_N001,KELSO_2_N001,KELSO_2_N001,RTPD,LMP,LMP_PRC,KELSO_2_N001,ALL,1,88.54796,1,1
2022-09-01T14:00:00-00:00,2022-09-01T14:15:00-00:00,2022-09-01,08,KELSO_2_N001,KELSO_2_N001,KELSO_2_N001,RTPD,LMP,LMP_PRC,KELSO_2_N001,ALL,1,112.65665,1,1
2022-09-01T15:00:00-00:00,2022-09-01T15:15:00-00:00,2022-09-01,09,KELSO_2_N001,KELSO_2_N001,KELSO_2_N001,RTPD,LMP,LMP_PRC,KELSO_2_N001,ALL,1,97.4112,1,1
2022-09-01T16:00:00-00:00,2022-09-01T16:15:00-00:00,2022-09-01,10,KELSO_2_N001,KELSO_2_N001,KELSO_2_N001,RTPD,LMP,LMP_PRC,KELSO_2_N001,ALL,1,83.43525,1,1
2022-09-01T17:00:00-00:00,2022-09-01T17:15:00-00:00,2022-09-01,11,KELSO_2_N001,KELSO_2_N001,KELSO_2_N001,RTPD,LMP,LMP_PRC,KELSO_2_N001,ALL,1,80.21869,1,1
2022-09-01T18:00:00-00:00,2022-09-01T18:15:00-00:00,2022-09-01,12,KELSO_2_N001,KELSO_2_N001,KELSO_2_N001,RTPD,LMP,LMP_PRC,KELSO_2_N001,ALL,1,59.11223,1,1
2022-09-01T19:00:00-00:00,2022-09-01T19:15:00-00:00,2022-09-01,13,KELSO_2_N001,KELSO_2_N001,KELSO_2_N001,RTPD,LMP,LMP_PRC,KELSO_2_N001,ALL,1,73.15312,1,1
2022-09-01T20:00:00-00:00,2022-09-01T20:15:00-00:00,2022-09-01,14,KELSO_2_N001,KELSO_2_N001,KELSO_2_N001,RTPD,LMP,LMP_PRC,KELSO_2_N001,ALL,1,114.39988,1,1
2022-09-01T21:00:00-00:00,2022-09-01T21:15:00-00:00,2022-09-01,15,KELSO_2_N001,KELSO_2_N001,KELSO_2_N001,RTPD,LMP,LMP_PRC,KELSO_2_N001,ALL,1,126.84715,1,1
2022-09-01T22:00:00-00:00,2022-09-01T22:15:00-00:00,2022-09-01,16,KELSO_2_N001,KELSO_2_N001,KELSO_2_N001,RTPD,LMP,LMP_PRC,KELSO_2_N001,ALL,1,121.14401,1,1
2022-09-01T23:00:00-00:00,2022-09-01T23:15:00-00:00,2022-09-01,17,KELSO_2_N001,KELSO_2_N001,KELSO_2_N001,RTPD,LMP,LMP_PRC,KELSO_2_N001,ALL,1,217.27464,1,1
2022-09-02T00:00:00-00:00,2022-09-02T00:15:00-00:00,2022-09-01,18,KELSO_2_N001,KELSO_2_N001,KELSO_2_N001,RTPD,LMP,LMP_PRC,KELSO_2_N001,ALL,1,1119.6034,1,1
2022-09-02T01:00:00-00:00,2022-09-02T01:15:00-00:00,2022-09-01,19,KELSO_2_N001,KELSO_2_N001,KELSO_2_N001,RTPD,LMP,LMP_PRC,KELSO_2_N001,ALL,1,1253.1361,1,1
2022-09-02T02:00:00-00:00,2022-09-02T02:15:00-00:00,2022-09-01,20,KELSO_2_N001,KELSO_2_N001,KELSO_2_N001,RTPD,LMP,LMP_PRC,KELSO_2_N001,ALL,1,1991.6721,1,1
2022-09-02T03:00:00-00:00,2022-09-02T03:15:00-00:00,2022-09-01,21,KELSO_2_N001,KELSO_2_N001,KELSO_2_N001,RTPD,LMP,LMP_PRC,KELSO_2_N001,ALL,1,1344.9095,1,1
2022-09-02T04:00:00-00:00,2022-09-02T04:15:00-00:00,2022-09-01,22,KELSO_2_N001,KELSO_2_N001,KELSO_2_N001,RTPD,LMP,LMP_PRC,KELSO_2_N001,ALL,1,256.644,1,1
2022-09-02T05:00:00-00:00,2022-09-02T05:15:00-00:00,2022-09-01,23,KELSO_2_N001,KELSO_2_N001,KELSO_2_N001,RTPD,LMP,LMP_PRC,KELSO_2_N001,ALL,1,182.58688,1,1
2022-09-02T06:00:00-00:00,2022-09-02T06:15:00-00:00,2022-09-01,24,KELSO_2_N001,KELSO_2_N001,KELSO_2_N001,RTPD,LMP,LMP_PRC,KELSO_2_N001,ALL,1,157.38954,1,1
2022-09-01T07:15:00-00:00,2022-09-01T07:30:00-00:00,2022-09-01,01,KELSO_2_N001,KELSO_2_N001,KELSO_2_N001,RTPD,LMP,LMP_PRC,KELSO_2_N001,ALL,1,115.50151,2,1
2022-09-01T08:15:00-00:00,2022-09-01T08:30:00-00:00,2022-09-01,02,KELSO_2_N001,KELSO_2_N001,KELSO_2_N001,RTPD,LMP,LMP_PRC,KELSO_2_N001,ALL,1,114.61465,2,1
2022-09-01T09:15:00-00:00,2022-09-01T09:30:00-00:00,2022-09-01,03,KELSO_2_N001,KELSO_2_N001,KELSO_2_N001,RTPD,LMP,LMP_PRC,KELSO_2_N001,ALL,1,91.99485,2,1
2022-09-01T10:15:00-00:00,2022-09-01T10:30:00-00:00,2022-09-01,04,KELSO_2_N001,KELSO_2_N001,KELSO_2_N001,RTPD,LMP,LMP_PRC,KELSO_2_N001,ALL,1,91.35877,2,1
2022-09-01T11:15:00-00:00,2022-09-01T11:30:00-00:00,2022-09-01,05,KELSO_2_N001,KELSO_2_N001,KELSO_2_N001,RTPD,LMP,LMP_PRC,KELSO_2_N001,ALL,1,103.12152,2,1
2022-09-01T12:15:00-00:00,2022-09-01T12:30:00-00:00,2022-09-01,06,KELSO_2_N001,KELSO_2_N001,KELSO_2_N001,RTPD,LMP,LMP_PRC,KELSO_2_N001,ALL,1,102.94619,2,1
2022-09-01T13:15:00-00:00,2022-09-01T13:30:00-00:00,2022-09-01,07,KELSO_2_N001,KELSO_2_N001,KELSO_2_N001,RTPD,LMP,LMP_PRC,KELSO_2_N001,ALL,1,110.24273,2,1
2022-09-01T14:15:00-00:00,2022-09-01T14:30:00-00:00,2022-09-01,08,KELSO_2_N001,KELSO_2_N001,KELSO_2_N001,RTPD,LMP,LMP_PRC,KELSO_2_N001,ALL,1,106.06584,2,1
2022-09-01T15:15:00-00:00,2022-09-01T15:30:00-00:00,2022-09-01,09,KELSO_2_N001,KELSO_2_N001,KELSO_2_N001,RTPD,LMP,LMP_PRC,KELSO_2_N001,ALL,1,86.9388,2,1
2022-09-01T16:15:00-00:00,2022-09-01T16:30:00-00:00,2022-09-01,10,KELSO_2_N001,KELSO_2_N001,KELSO_2_N001,RTPD,LMP,LMP_PRC,KELSO_2_N001,ALL,1,87.80096,2,1
2022-09-01T17:15:00-00:00,2022-09-01T17:30:00-00:00,2022-09-01,11,KELSO_2_N001,KELSO_2_N001,KELSO_2_N001,RTPD,LMP,LMP_PRC,KELSO_2_N001,ALL,1,78.9707,2,1
2022-09-01T18:15:00-00:00,2022-09-01T18:30:00-00:00,2022-09-01,12,KELSO_2_N001,KELSO_2_N001,KELSO_2_N001,RTPD,LMP,LMP_PRC,KELSO_2_N001,ALL,1,74.56919,2,1
2022-09-01T19:15:00-00:00,2022-09-01T19:30:00-00:00,2022-09-01,13,KELSO_2_N001,KELSO_2_N001,KELSO_2_N001,RTPD,LMP,LMP_PRC,KELSO_2_N001,ALL,1,75.62523,2,1
2022-09-01T20:15:00-00:00,2022-09-01T20:30:00-00:00,2022-09-01,14,KELSO_2_N001,KELSO_2_N001,KELSO_2_N001,RTPD,LMP,LMP_PRC,KELSO_2_N001,ALL,1,114.30303,2,1
2022-09-01T21:15:00-00:00,2022-09-01T21:30:00-00:00,2022-09-01,15,KELSO_2_N001,KELSO_2_N001,KELSO_2_N001,RTPD,LMP,LMP_PRC,KELSO_2_N001,ALL,1,120.24902,2,1
2022-09-01T22:15:00-00:00,2022-09-01T22:30:00-00:00,2022-09-01,16,KELSO_2_N001,KELSO_2_N001,KELSO_2_N001,RTPD,LMP,LMP_PRC,KELSO_2_N001,ALL,1,138.0642,2,1
2022-09-01T23:15:00-00:00,2022-09-01T23:30:00-00:00,2022-09-01,17,KELSO_2_N001,KELSO_2_N001,KELSO_2_N001,RTPD,LMP,LMP_PRC,KELSO_2_N001,ALL,1,263.79453,2,1
2022-09-02T00:15:00-00:00,2022-09-02T00:30:00-00:00,2022-09-01,18,KELSO_2_N001,KELSO_2_N001,KELSO_2_N001,RTPD,LMP,LMP_PRC,KELSO_2_N001,ALL,1,1029.3049,2,1
2022-09-02T01:15:00-00:00,2022-09-02T01:30:00-00:00,2022-09-01,19,KELSO_2_N001,KELSO_2_N001,KELSO_2_N001,RTPD,LMP,LMP_PRC,KELSO_2_N001,ALL,1,1999.9933,2,1
2022-09-02T02:15:00-00:00,2022-09-02T02:30:00-00:00,2022-09-01,20,KELSO_2_N001,KELSO_2_N001,KELSO_2_N001,RTPD,LMP,LMP_PRC,KELSO_2_N001,ALL,1,1991.6721,2,1
2022-09-02T03:15:00-00:00,2022-09-02T03:30:00-00:00,2022-09-01,21,KELSO_2_N001,KELSO_2_N001,KELSO_2_N001,RTPD,LMP,LMP_PRC,KELSO_2_N001,ALL,1,551.21857,2,1
2022-09-02T04:15:00-00:00,2022-09-02T04:30:00-00:00,2022-09-01,22,KELSO_2_N001,KELSO_2_N001,KELSO_2_N001,RTPD,LMP,LMP_PRC,KELSO_2_N001,ALL,1,223.37943,2,1
2022-09-02T05:15:00-00:00,2022-09-02T05:30:00-00:00,2022-09-01,23,KELSO_2_N001,KELSO_2_N001,KELSO_2_N001,RTPD,LMP,LMP_PRC,KELSO_2_N001,ALL,1,156.05144,2,1
2022-09-02T06:15:00-00:00,2022-09-02T06:30:00-00:00,2022-09-01,24,KELSO_2_N001,KELSO_2_N001,KELSO_2_N001,RTPD,LMP,LMP_PRC,KELSO_2_N001,ALL,1,140.73933,2,1
2022-09-01T07:30:00-00:00,2022-09-01T07:45:00-00:00,2022-09-01,01,KELSO_2_N001,KELSO_2_N001,KELSO_2_N001,RTPD,LMP,LMP_PRC,KELSO_2_N001,ALL,1,102.75108,3,1
2022-09-01T08:30:00-00:00,2022-09-01T08:45:00-00:00,2022-09-01,02,KELSO_2_N001,KELSO_2_N001,KELSO_2_N001,RTPD,LMP,LMP_PRC,KELSO_2_N001,ALL,1,110.71154,3,1
2022-09-01T09:30:00-00:00,2022-09-01T09:45:00-00:00,2022-09-01,03,KELSO_2_N001,KELSO_2_N001,KELSO_2_N001,RTPD,LMP,LMP_PRC,KELSO_2_N001,ALL,1,91.74832,3,1
2022-09-01T10:30:00-00:00,2022-09-01T10:45:00-00:00,2022-09-01,04,KELSO_2_N001,KELSO_2_N001,KELSO_2_N001,RTPD,LMP,LMP_PRC,KELSO_2_N001,ALL,1,93.22072,3,1
2022-09-01T11:30:00-00:00,2022-09-01T11:45:00-00:00,2022-09-01,05,KELSO_2_N001,KELSO_2_N001,KELSO_2_N001,RTPD,LMP,LMP_PRC,KELSO_2_N001,ALL,1,103.19596,3,1
2022-09-01T12:30:00-00:00,2022-09-01T12:45:00-00:00,2022-09-01,06,KELSO_2_N001,KELSO_2_N001,KELSO_2_N001,RTPD,LMP,LMP_PRC,KELSO_2_N001,ALL,1,102.73889,3,1
2022-09-01T13:30:00-00:00,2022-09-01T13:45:00-00:00,2022-09-01,07,KELSO_2_N001,KELSO_2_N001,KELSO_2_N001,RTPD,LMP,LMP_PRC,KELSO_2_N001,ALL,1,111.58716,3,1
2022-09-01T14:30:00-00:00,2022-09-01T14:45:00-00:00,2022-09-01,08,KELSO_2_N001,KELSO_2_N001,KELSO_2_N001,RTPD,LMP,LMP_PRC,KELSO_2_N001,ALL,1,103.35161,3,1
2022-09-01T15:30:00-00:00,2022-09-01T15:45:00-00:00,2022-09-01,09,KELSO_2_N001,KELSO_2_N001,KELSO_2_N001,RTPD,LMP,LMP_PRC,KELSO_2_N001,ALL,1,86.1388,3,1
2022-09-01T16:30:00-00:00,2022-09-01T16:45:00-00:00,2022-09-01,10,KELSO_2_N001,KELSO_2_N001,KELSO_2_N001,RTPD,LMP,LMP_PRC,KELSO_2_N001,ALL,1,75.00109,3,1
2022-09-01T17:30:00-00:00,2022-09-01T17:45:00-00:00,2022-09-01,11,KELSO_2_N001,KELSO_2_N001,KELSO_2_N001,RTPD,LMP,LMP_PRC,KELSO_2_N001,ALL,1,78.6794,3,1
2022-09-01T18:30:00-00:00,2022-09-01T18:45:00-00:00,2022-09-01,12,KELSO_2_N001,KELSO_2_N001,KELSO_2_N001,RTPD,LMP,LMP_PRC,KELSO_2_N001,ALL,1,79.32967,3,1
2022-09-01T19:30:00-00:00,2022-09-01T19:45:00-00:00,2022-09-01,13,KELSO_2_N001,KELSO_2_N001,KELSO_2_N001,RTPD,LMP,LMP_PRC,KELSO_2_N001,ALL,1,101.33867,3,1
2022-09-01T20:30:00-00:00,2022-09-01T20:45:00-00:00,2022-09-01,14,KELSO_2_N001,KELSO_2_N001,KELSO_2_N001,RTPD,LMP,LMP_PRC,KELSO_2_N001,ALL,1,116.94026,3,1
2022-09-01T21:30:00-00:00,2022-09-01T21:45:00-00:00,2022-09-01,15,KELSO_2_N001,KELSO_2_N001,KELSO_2_N001,RTPD,LMP,LMP_PRC,KELSO_2_N001,ALL,1,128.16124,3,1
2022-09-01T22:30:00-00:00,2022-09-01T22:45:00-00:00,2022-09-01,16,KELSO_2_N001,KELSO_2_N001,KELSO_2_N001,RTPD,LMP,LMP_PRC,KELSO_2_N001,ALL,1,155.74019,3,1
2022-09-01T23:30:00-00:00,2022-09-01T23:45:00-00:00,2022-09-01,17,KELSO_2_N001,KELSO_2_N001,KELSO_2_N001,RTPD,LMP,LMP_PRC,KELSO_2_N001,ALL,1,566.48157,3,1
2022-09-02T00:30:00-00:00,2022-09-02T00:45:00-00:00,2022-09-01,18,KELSO_2_N001,KELSO_2_N001,KELSO_2_N001,RTPD,LMP,LMP_PRC,KELSO_2_N001,ALL,1,1799.0205,3,1
2022-09-02T01:30:00-00:00,2022-09-02T01:45:00-00:00,2022-09-01,19,KELSO_2_N001,KELSO_2_N001,KELSO_2_N001,RTPD,LMP,LMP_PRC,KELSO_2_N001,ALL,1,1999.9956,3,1
2022-09-02T02:30:00-00:00,2022-09-02T02:45:00-00:00,2022-09-01,20,KELSO_2_N001,KELSO_2_N001,KELSO_2_N001,RTPD,LMP,LMP_PRC,KELSO_2_N001,ALL,1,1991.671,3,1
2022-09-02T03:30:00-00:00,2022-09-02T03:45:00-00:00,2022-09-01,21,KELSO_2_N001,KELSO_2_N001,KELSO_2_N001,RTPD,LMP,LMP_PRC,KELSO_2_N001,ALL,1,221.65666,3,1
2022-09-02T04:30:00-00:00,2022-09-02T04:45:00-00:00,2022-09-01,22,KELSO_2_N001,KELSO_2_N001,KELSO_2_N001,RTPD,LMP,LMP_PRC,KELSO_2_N001,ALL,1,178.27522,3,1
2022-09-02T05:30:00-00:00,2022-09-02T05:45:00-00:00,2022-09-01,23,KELSO_2_N001,KELSO_2_N001,KELSO_2_N001,RTPD,LMP,LMP_PRC,KELSO_2_N001,ALL,1,130.47437,3,1
2022-09-02T06:30:00-00:00,2022-09-02T06:45:00-00:00,2022-09-01,24,KELSO_2_N001,KELSO_2_N001,KELSO_2_N001,RTPD,LMP,LMP_PRC,KELSO_2_N001,ALL,1,128.81943,3,1
2022-09-01T07:45:00-00:00,2022-09-01T08:00:00-00:00,2022-09-01,01,KELSO_2_N001,KELSO_2_N001,KELSO_2_N001,RTPD,LMP,LMP_PRC,KELSO_2_N001,ALL,1,90.60869,4,1
2022-09-01T08:45:00-00:00,2022-09-01T09:00:00-00:00,2022-09-01,02,KELSO_2_N001,KELSO_2_N001,KELSO_2_N001,RTPD,LMP,LMP_PRC,KELSO_2_N001,ALL,1,93.87103,4,1
2022-09-01T09:45:00-00:00,2022-09-01T10:00:00-00:00,2022-09-01,03,KELSO_2_N001,KELSO_2_N001,KELSO_2_N001,RTPD,LMP,LMP_PRC,KELSO_2_N001,ALL,1,91.76805,4,1
2022-09-01T10:45:00-00:00,2022-09-01T11:00:00-00:00,2022-09-01,04,KELSO_2_N001,KELSO_2_N001,KELSO_2_N001,RTPD,LMP,LMP_PRC,KELSO_2_N001,ALL,1,93.50256,4,1
2022-09-01T11:45:00-00:00,2022-09-01T12:00:00-00:00,2022-09-01,05,KELSO_2_N001,KELSO_2_N001,KELSO_2_N001,RTPD,LMP,LMP_PRC,KELSO_2_N001,ALL,1,107.01,4,1
2022-09-01T12:45:00-00:00,2022-09-01T13:00:00-00:00,2022-09-01,06,KELSO_2_N001,KELSO_2_N001,KELSO_2_N001,RTPD,LMP,LMP_PRC,KELSO_2_N001,ALL,1,114.1282,4,1
2022-09-01T13:45:00-00:00,2022-09-01T14:00:00-00:00,2022-09-01,07,KELSO_2_N001,KELSO_2_N001,KELSO_2_N001,RTPD,LMP,LMP_PRC,KELSO_2_N001,ALL,1,111.41,4,1
2022-09-01T14:45:00-00:00,2022-09-01T15:00:00-00:00,2022-09-01,08,KELSO_2_N001,KELSO_2_N001,KELSO_2_N001,RTPD,LMP,LMP_PRC,KELSO_2_N001,ALL,1,86.1388,4,1
2022-09-01T15:45:00-00:00,2022-09-01T16:00:00-00:00,2022-09-01,09,KELSO_2_N001,KELSO_2_N001,KELSO_2_N001,RTPD,LMP,LMP_PRC,KELSO_2_N001,ALL,1,78.70076,4,1
2022-09-01T16:45:00-00:00,2022-09-01T17:00:00-00:00,2022-09-01,10,KELSO_2_N001,KELSO_2_N001,KELSO_2_N001,RTPD,LMP,LMP_PRC,KELSO_2_N001,ALL,1,78.8255,4,1
2022-09-01T17:45:00-00:00,2022-09-01T18:00:00-00:00,2022-09-01,11,KELSO_2_N001,KELSO_2_N001,KELSO_2_N001,RTPD,LMP,LMP_PRC,KELSO_2_N001,ALL,1,78.96129,4,1
2022-09-01T18:45:00-00:00,2022-09-01T19:00:00-00:00,2022-09-01,12,KELSO_2_N001,KELSO_2_N001,KELSO_2_N001,RTPD,LMP,LMP_PRC,KELSO_2_N001,ALL,1,81.41927,4,1
2022-09-01T19:45:00-00:00,2022-09-01T20:00:00-00:00,2022-09-01,13,KELSO_2_N001,KELSO_2_N001,KELSO_2_N001,RTPD,LMP,LMP_PRC,KELSO_2_N001,ALL,1,106.44324,4,1
2022-09-01T20:45:00-00:00,2022-09-01T21:00:00-00:00,2022-09-01,14,KELSO_2_N001,KELSO_2_N001,KELSO_2_N001,RTPD,LMP,LMP_PRC,KELSO_2_N001,ALL,1,125.50933,4,1
2022-09-01T21:45:00-00:00,2022-09-01T22:00:00-00:00,2022-09-01,15,KELSO_2_N001,KELSO_2_N001,KELSO_2_N001,RTPD,LMP,LMP_PRC,KELSO_2_N001,ALL,1,210.30531,4,1
2022-09-01T22:45:00-00:00,2022-09-01T23:00:00-00:00,2022-09-01,16,KELSO_2_N001,KELSO_2_N001,KELSO_2_N001,RTPD,LMP,LMP_PRC,KELSO_2_N001,ALL,1,172.09348,4,1
2022-09-01T23:45:00-00:00,2022-09-02T00:00:00-00:00,2022-09-01,17,KELSO_2_N001,KELSO_2_N001,KELSO_2_N001,RTPD,LMP,LMP_PRC,KELSO_2_N001,ALL,1,1670.5265,4,1
2022-09-02T00:45:00-00:00,2022-09-02T01:00:00-00:00,2022-09-01,18,KELSO_2_N001,KELSO_2_N001,KELSO_2_N001,RTPD,LMP,LMP_PRC,KELSO_2_N001,ALL,1,1808.0477,4,1
2022-09-02T01:45:00-00:00,2022-09-02T02:00:00-00:00,2022-09-01,19,KELSO_2_N001,KELSO_2_N001,KELSO_2_N001,RTPD,LMP,LMP_PRC,KELSO_2_N001,ALL,1,1991.9337,4,1
2022-09-02T02:45:00-00:00,2022-09-02T03:00:00-00:00,2022-09-01,20,KELSO_2_N001,KELSO_2_N001,KELSO_2_N001,RTPD,LMP,LMP_PRC,KELSO_2_N001,ALL,1,1796.3691,4,1
2022-09-02T03:45:00-00:00,2022-09-02T04:00:00-00:00,2022-09-01,21,KELSO_2_N001,KELSO_2_N001,KELSO_2_N001,RTPD,LMP,LMP_PRC,KELSO_2_N001,ALL,1,161.03304,4,1
2022-09-02T04:45:00-00:00,2022-09-02T05:00:00-00:00,2022-09-01,22,KELSO_2_N001,KELSO_2_N001,KELSO_2_N001,RTPD,LMP,LMP_PRC,KELSO_2_N001,ALL,1,125.85102,4,1
2022-09-02T05:45:00-00:00,2022-09-02T06:00:00-00:00,2022-09-01,23,KELSO_2_N001,KELSO_2_N001,KELSO_2_N001,RTPD,LMP,LMP_PRC,KELSO_2_N001,ALL,1,114.10643,4,1
2022-09-02T06:45:00-00:00,2022-09-02T07:00:00-00:00,2022-09-01,24,KELSO_2_N001,KELSO_2_N001,KELSO_2_N001,RTPD,LMP,LMP_PRC,KELSO_2_N001,ALL,1,109.61821,4,1
2022-09-01T07:00:00-00:00,2022-09-01T07:15:00-00:00,2022-09-01,01,KELSO_2_N001,KELSO_2_N001,KELSO_2_N001,RTPD,MCC,LMP_CONG_PRC,KELSO_2_N001,ALL,1,-16.82736,1,2
2022-09-01T08:00:00-00:00,2022-09-01T08:15:00-00:00,2022-09-01,02,KELSO_2_N001,KELSO_2_N001,KELSO_2_N001,RTPD,MCC,LMP_CONG_PRC,KELSO_2_N001,ALL,1,-3.35196,1,2
2022-09-01T09:00:00-00:00,2022-09-01T09:15:00-00:00,2022-09-01,03,KELSO_2_N001,KELSO_2_N001,KELSO_2_N001,RTPD,MCC,LMP_CONG_PRC,KELSO_2_N001,ALL,1,-4.49125,1,2
2022-09-01T10:00:00-00:00,2022-09-01T10:15:00-00:00,2022-09-01,04,KELSO_2_N001,KELSO_2_N001,KELSO_2_N001,RTPD,MCC,LMP_CONG_PRC,KELSO_2_N001,ALL,1,-3.90248,1,2
2022-09-01T11:00:00-00:00,2022-09-01T11:15:00-00:00,2022-09-01,05,KELSO_2_N001,KELSO_2_N001,KELSO_2_N001,RTPD,MCC,LMP_CONG_PRC,KELSO_2_N001,ALL,1,0,1,2
2022-09-01T12:00:00-00:00,2022-09-01T12:15:00-00:00,2022-09-01,06,KELSO_2_N001,KELSO_2_N001,KELSO_2_N001,RTPD,MCC,LMP_CONG_PRC,KELSO_2_N001,ALL,1,-10.00068,1,2
2022-09-01T13:00:00-00:00,2022-09-01T13:15:00-00:00,2022-09-01,07,KELSO_2_N001,KELSO_2_N001,KELSO_2_N001,RTPD,MCC,LMP_CONG_PRC,KELSO_2_N001,ALL,1,-13.26082,1,2
2022-09-01T14:00:00-00:00,2022-09-01T14:15:00-00:00,2022-09-01,08,KELSO_2_N001,KELSO_2_N001,KELSO_2_N001,RTPD,MCC,LMP_CONG_PRC,KELSO_2_N001,ALL,1,0,1,2
2022-09-01T15:00:00-00:00,2022-09-01T15:15:00-00:00,2022-09-01,09,KELSO_2_N001,KELSO_2_N001,KELSO_2_N001,RTPD,MCC,LMP_CONG_PRC,KELSO_2_N001,ALL,1,0,1,2
2022-09-01T16:00:00-00:00,2022-09-01T16:15:00-00:00,2022-09-01,10,KELSO_2_N001,KELSO_2_N001,KELSO_2_N001,RTPD,MCC,LMP_CONG_PRC,KELSO_2_N001,ALL,1,0,1,2
2022-09-01T17:00:00-00:00,2022-09-01T17:15:00-00:00,2022-09-01,11,KELSO_2_N001,KELSO_2_N001,KELSO_2_N001,RTPD,MCC,LMP_CONG_PRC,KELSO_2_N001,ALL,1,-16.73028,1,2
2022-09-01T18:00:00-00:00,2022-09-01T18:15:00-00:00,2022-09-01,12,KELSO_2_N001,KELSO_2_N001,KELSO_2_N001,RTPD,MCC,LMP_CONG_PRC,KELSO_2_N001,ALL,1,-32.48068,1,2
2022-09-01T19:00:00-00:00,2022-09-01T19:15:00-00:00,2022-09-01,13,KELSO_2_N001,KELSO_2_N001,KELSO_2_N001,RTPD,MCC,LMP_CONG_PRC,KELSO_2_N001,ALL,1,-36.04325,1,2
2022-09-01T20:00:00-00:00,2022-09-01T20:15:00-00:00,2022-09-01,14,KELSO_2_N001,KELSO_2_N001,KELSO_2_N001,RTPD,MCC,LMP_CONG_PRC,KELSO_2_N001,ALL,1,-3.54371,1,2
2022-09-01T21:00:00-00:00,2022-09-01T21:15:00-00:00,2022-09-01,15,KELSO_2_N001,KELSO_2_N001,KELSO_2_N001,RTPD,MCC,LMP_CONG_PRC,KELSO_2_N001,ALL,1,-99.76784,1,2
2022-09-01T22:00:00-00:00,2022-09-01T22:15:00-00:00,2022-09-01,16,KELSO_2_N001,KELSO_2_N001,KELSO_2_N001,RTPD,MCC,LMP_CONG_PRC,KELSO_2_N001,ALL,1,-108.0415,1,2
2022-09-01T23:00:00-00:00,2022-09-01T23:15:00-00:00,2022-09-01,17,KELSO_2_N001,KELSO_2_N001,KELSO_2_N001,RTPD,MCC,LMP_CONG_PRC,KELSO_2_N001,ALL,1,-169.47905,1,2
2022-09-02T00:00:00-00:00,2022-09-02T00:15:00-00:00,2022-09-01,18,KELSO_2_N001,KELSO_2_N001,KELSO_2_N001,RTPD,MCC,LMP_CONG_PRC,KELSO_2_N001,ALL,1,342.31793,1,2
2022-09-02T01:00:00-00:00,2022-09-02T01:15:00-00:00,2022-09-01,19,KELSO_2_N001,KELSO_2_N001,KELSO_2_N001,RTPD,MCC,LMP_CONG_PRC,KELSO_2_N001,ALL,1,336.8648,1,2
2022-09-02T02:00:00-00:00,2022-09-02T02:15:00-00:00,2022-09-01,20,KELSO_2_N001,KELSO_2_N001,KELSO_2_N001,RTPD,MCC,LMP_CONG_PRC,KELSO_2_N001,ALL,1,0,1,2
2022-09-02T03:00:00-00:00,2022-09-02T03:15:00-00:00,2022-09-01,21,KELSO_2_N001,KELSO_2_N001,KELSO_2_N001,RTPD,MCC,LMP_CONG_PRC,KELSO_2_N001,ALL,1,418.82553,1,2
2022-09-02T04:00:00-00:00,2022-09-02T04:15:00-00:00,2022-09-01,22,KELSO_2_N001,KELSO_2_N001,KELSO_2_N001,RTPD,MCC,LMP_CONG_PRC,KELSO_2_N001,ALL,1,0,1,2
2022-09-02T05:00:00-00:00,2022-09-02T05:15:00-00:00,2022-09-01,23,KELSO_2_N001,KELSO_2_N001,KELSO_2_N001,RTPD,MCC,LMP_CONG_PRC,KELSO_2_N001,ALL,1,0,1,2
2022-09-02T06:00:00-00:00,2022-09-02T06:15:00-00:00,2022-09-01,24,KELSO_2_N001,KELSO_2_N001,KELSO_2_N001,RTPD,MCC,LMP_CONG_PRC,KELSO_2_N001,ALL,1,0,1,2
2022-09-01T07:15:00-00:00,2022-09-01T07:30:00-00:00,2022-09-01,01,KELSO_2_N001,KELSO_2_N001,KELSO_2_N001,RTPD,MCC,LMP_CONG_PRC,KELSO_2_N001,ALL,1,-10.04993,2,2
2022-09-01T08:15:00-00:00,2022-09-01T08:30:00-00:00,2022-09-01,02,KELSO_2_N001,KELSO_2_N001,KELSO_2_N001,RTPD,MCC,LMP_CONG_PRC,KELSO_2_N001,ALL,1,-0.917,2,2
2022-09-01T09:15:00-00:00,2022-09-01T09:30:00-00:00,2022-09-01,03,KELSO_2_N001,KELSO_2_N001,KELSO_2_N001,RTPD,MCC,LMP_CONG_PRC,KELSO_2_N001,ALL,1,-5.91736,2,2
2022-09-01T10:15:00-00:00,2022-09-01T10:30:00-00:00,2022-09-01,04,KELSO_2_N001,KELSO_2_N001,KELSO_2_N001,RTPD,MCC,LMP_CONG_PRC,KELSO_2_N001,ALL,1,-5.52197,2,2
2022-09-01T11:15:00-00:00,2022-09-01T11:30:00-00:00,2022-09-01,05,KELSO_2_N001,KELSO_2_N001,KELSO_2_N001,RTPD,MCC,LMP_CONG_PRC,KELSO_2_N001,ALL,1,0,2,2
2022-09-01T12:15:00-00:00,2022-09-01T12:30:00-00:00,2022-09-01,06,KELSO_2_N001,KELSO_2_N001,KELSO_2_N001,RTPD,MCC,LMP_CONG_PRC,KELSO_2_N001,ALL,1,-6.11347,2,2
2022-09-01T13:15:00-00:00,2022-09-01T13:30:00-00:00,2022-09-01,07,KELSO_2_N001,KELSO_2_N001,KELSO_2_N001,RTPD,MCC,LMP_CONG_PRC,KELSO_2_N001,ALL,1,-0.56907,2,2
2022-09-01T14:15:00-00:00,2022-09-01T14:30:00-00:00,2022-09-01,08,KELSO_2_N001,KELSO_2_N001,KELSO_2_N001,RTPD,MCC,LMP_CONG_PRC,KELSO_2_N001,ALL,1,0,2,2
2022-09-01T15:15:00-00:00,2022-09-01T15:30:00-00:00,2022-09-01,09,KELSO_2_N001,KELSO_2_N001,KELSO_2_N001,RTPD,MCC,LMP_CONG_PRC,KELSO_2_N001,ALL,1,0,2,2
2022-09-01T16:15:00-00:00,2022-09-01T16:30:00-00:00,2022-09-01,10,KELSO_2_N001,KELSO_2_N001,KELSO_2_N001,RTPD,MCC,LMP_CONG_PRC,KELSO_2_N001,ALL,1,-1.64762,2,2
2022-09-01T17:15:00-00:00,2022-09-01T17:30:00-00:00,2022-09-01,11,KELSO_2_N001,KELSO_2_N001,KELSO_2_N001,RTPD,MCC,LMP_CONG_PRC,KELSO_2_N001,ALL,1,-20.37602,2,2
2022-09-01T18:15:00-00:00,2022-09-01T18:30:00-00:00,2022-09-01,12,KELSO_2_N001,KELSO_2_N001,KELSO_2_N001,RTPD,MCC,LMP_CONG_PRC,KELSO_2_N001,ALL,1,-26.58982,2,2
2022-09-01T19:15:00-00:00,2022-09-01T19:30:00-00:00,2022-09-01,13,KELSO_2_N001,KELSO_2_N001,KELSO_2_N001,RTPD,MCC,LMP_CONG_PRC,KELSO_2_N001,ALL,1,-29.68064,2,2
2022-09-01T20:15:00-00:00,2022-09-01T20:30:00-00:00,2022-09-01,14,KELSO_2_N001,KELSO_2_N001,KELSO_2_N001,RTPD,MCC,LMP_CONG_PRC,KELSO_2_N001,ALL,1,-3.19118,2,2
2022-09-01T21:15:00-00:00,2022-09-01T21:30:00-00:00,2022-09-01,15,KELSO_2_N001,KELSO_2_N001,KELSO_2_N001,RTPD,MCC,LMP_CONG_PRC,KELSO_2_N001,ALL,1,-26.96283,2,2
2022-09-01T22:15:00-00:00,2022-09-01T22:30:00-00:00,2022-09-01,16,KELSO_2_N001,KELSO_2_N001,KELSO_2_N001,RTPD,MCC,LMP_CONG_PRC,KELSO_2_N001,ALL,1,-118.52314,2,2
2022-09-01T23:15:00-00:00,2022-09-01T23:30:00-00:00,2022-09-01,17,KELSO_2_N001,KELSO_2_N001,KELSO_2_N001,RTPD,MCC,LMP_CONG_PRC,KELSO_2_N001,ALL,1,-98.32956,2,2
2022-09-02T00:15:00-00:00,2022-09-02T00:30:00-00:00,2022-09-01,18,KELSO_2_N001,KELSO_2_N001,KELSO_2_N001,RTPD,MCC,LMP_CONG_PRC,KELSO_2_N001,ALL,1,333.17908,2,2
2022-09-02T01:15:00-00:00,2022-09-02T01:30:00-00:00,2022-09-01,19,KELSO_2_N001,KELSO_2_N001,KELSO_2_N001,RTPD,MCC,LMP_CONG_PRC,KELSO_2_N001,ALL,1,0,2,2
2022-09-02T02:15:00-00:00,2022-09-02T02:30:00-00:00,2022-09-01,20,KELSO_2_N001,KELSO_2_N001,KELSO_2_N001,RTPD,MCC,LMP_CONG_PRC,KELSO_2_N001,ALL,1,0,2,2
2022-09-02T03:15:00-00:00,2022-09-02T03:30:00-00:00,2022-09-01,21,KELSO_2_N001,KELSO_2_N001,KELSO_2_N001,RTPD,MCC,LMP_CONG_PRC,KELSO_2_N001,ALL,1,146.80458,2,2
2022-09-02T04:15:00-00:00,2022-09-02T04:30:00-00:00,2022-09-01,22,KELSO_2_N001,KELSO_2_N001,KELSO_2_N001,RTPD,MCC,LMP_CONG_PRC,KELSO_2_N001,ALL,1,0,2,2
2022-09-02T05:15:00-00:00,2022-09-02T05:30:00-00:00,2022-09-01,23,KELSO_2_N001,KELSO_2_N001,KELSO_2_N001,RTPD,MCC,LMP_CONG_PRC,KELSO_2_N001,ALL,1,0,2,2
2022-09-02T06:15:00-00:00,2022-09-02T06:30:00-00:00,2022-09-01,24,KELSO_2_N001,KELSO_2_N001,KELSO_2_N001,RTPD,MCC,LMP_CONG_PRC,KELSO_2_N001,ALL,1,0,2,2
2022-09-01T07:30:00-00:00,2022-09-01T07:45:00-00:00,2022-09-01,01,KELSO_2_N001,KELSO_2_N001,KELSO_2_N001,RTPD,MCC,LMP_CONG_PRC,KELSO_2_N001,ALL,1,-16.28088,3,2
2022-09-01T08:30:00-00:00,2022-09-01T08:45:00-00:00,2022-09-01,02,KELSO_2_N001,KELSO_2_N001,KELSO_2_N001,RTPD,MCC,LMP_CONG_PRC,KELSO_2_N001,ALL,1,-0.00087,3,2
2022-09-01T09:30:00-00:00,2022-09-01T09:45:00-00:00,2022-09-01,03,KELSO_2_N001,KELSO_2_N001,KELSO_2_N001,RTPD,MCC,LMP_CONG_PRC,KELSO_2_N001,ALL,1,-5.86425,3,2
2022-09-01T10:30:00-00:00,2022-09-01T10:45:00-00:00,2022-09-01,04,KELSO_2_N001,KELSO_2_N001,KELSO_2_N001,RTPD,MCC,LMP_CONG_PRC,KELSO_2_N001,ALL,1,-3.12227,3,2
2022-09-01T11:30:00-00:00,2022-09-01T11:45:00-00:00,2022-09-01,05,KELSO_2_N001,KELSO_2_N001,KELSO_2_N001,RTPD,MCC,LMP_CONG_PRC,KELSO_2_N001,ALL,1,0,3,2
2022-09-01T12:30:00-00:00,2022-09-01T12:45:00-00:00,2022-09-01,06,KELSO_2_N001,KELSO_2_N001,KELSO_2_N001,RTPD,MCC,LMP_CONG_PRC,KELSO_2_N001,ALL,1,-10.58528,3,2
2022-09-01T13:30:00-00:00,2022-09-01T13:45:00-00:00,2022-09-01,07,KELSO_2_N001,KELSO_2_N001,KELSO_2_N001,RTPD,MCC,LMP_CONG_PRC,KELSO_2_N001,ALL,1,0,3,2
2022-09-01T14:30:00-00:00,2022-09-01T14:45:00-00:00,2022-09-01,08,KELSO_2_N001,KELSO_2_N001,KELSO_2_N001,RTPD,MCC,LMP_CONG_PRC,KELSO_2_N001,ALL,1,0,3,2
2022-09-01T15:30:00-00:00,2022-09-01T15:45:00-00:00,2022-09-01,09,KELSO_2_N001,KELSO_2_N001,KELSO_2_N001,RTPD,MCC,LMP_CONG_PRC,KELSO_2_N001,ALL,1,0,3,2
2022-09-01T16:30:00-00:00,2022-09-01T16:45:00-00:00,2022-09-01,10,KELSO_2_N001,KELSO_2_N001,KELSO_2_N001,RTPD,MCC,LMP_CONG_PRC,KELSO_2_N001,ALL,1,-13.79535,3,2
2022-09-01T17:30:00-00:00,2022-09-01T17:45:00-00:00,2022-09-01,11,KELSO_2_N001,KELSO_2_N001,KELSO_2_N001,RTPD,MCC,LMP_CONG_PRC,KELSO_2_N001,ALL,1,-20.45074,3,2
2022-09-01T18:30:00-00:00,2022-09-01T18:45:00-00:00,2022-09-01,12,KELSO_2_N001,KELSO_2_N001,KELSO_2_N001,RTPD,MCC,LMP_CONG_PRC,KELSO_2_N001,ALL,1,-27.7275,3,2
2022-09-01T19:30:00-00:00,2022-09-01T19:45:00-00:00,2022-09-01,13,KELSO_2_N001,KELSO_2_N001,KELSO_2_N001,RTPD,MCC,LMP_CONG_PRC,KELSO_2_N001,ALL,1,-12.72038,3,2
2022-09-01T20:30:00-00:00,2022-09-01T20:45:00-00:00,2022-09-01,14,KELSO_2_N001,KELSO_2_N001,KELSO_2_N001,RTPD,MCC,LMP_CONG_PRC,KELSO_2_N001,ALL,1,-12.87578,3,2
2022-09-01T21:30:00-00:00,2022-09-01T21:45:00-00:00,2022-09-01,15,KELSO_2_N001,KELSO_2_N001,KELSO_2_N001,RTPD,MCC,LMP_CONG_PRC,KELSO_2_N001,ALL,1,-24.76933,3,2
2022-09-01T22:30:00-00:00,2022-09-01T22:45:00-00:00,2022-09-01,16,KELSO_2_N001,KELSO_2_N001,KELSO_2_N001,RTPD,MCC,LMP_CONG_PRC,KELSO_2_N001,ALL,1,-127.44162,3,2
2022-09-01T23:30:00-00:00,2022-09-01T23:45:00-00:00,2022-09-01,17,KELSO_2_N001,KELSO_2_N001,KELSO_2_N001,RTPD,MCC,LMP_CONG_PRC,KELSO_2_N001,ALL,1,0,3,2
2022-09-02T00:30:00-00:00,2022-09-02T00:45:00-00:00,2022-09-01,18,KELSO_2_N001,KELSO_2_N001,KELSO_2_N001,RTPD,MCC,LMP_CONG_PRC,KELSO_2_N001,ALL,1,469.90793,3,2
2022-09-02T01:30:00-00:00,2022-09-02T01:45:00-00:00,2022-09-01,19,KELSO_2_N001,KELSO_2_N001,KELSO_2_N001,RTPD,MCC,LMP_CONG_PRC,KELSO_2_N001,ALL,1,0,3,2
2022-09-02T02:30:00-00:00,2022-09-02T02:45:00-00:00,2022-09-01,20,KELSO_2_N001,KELSO_2_N001,KELSO_2_N001,RTPD,MCC,LMP_CONG_PRC,KELSO_2_N001,ALL,1,0,3,2
2022-09-02T03:30:00-00:00,2022-09-02T03:45:00-00:00,2022-09-01,21,KELSO_2_N001,KELSO_2_N001,KELSO_2_N001,RTPD,MCC,LMP_CONG_PRC,KELSO_2_N001,ALL,1,33.02297,3,2
2022-09-02T04:30:00-00:00,2022-09-02T04:45:00-00:00,2022-09-01,22,KELSO_2_N001,KELSO_2_N001,KELSO_2_N001,RTPD,MCC,LMP_CONG_PRC,KELSO_2_N001,ALL,1,0,3,2
2022-09-02T05:30:00-00:00,2022-09-02T05:45:00-00:00,2022-09-01,23,KELSO_2_N001,KELSO_2_N001,KELSO_2_N001,RTPD,MCC,LMP_CONG_PRC,KELSO_2_N001,ALL,1,0,3,2
2022-09-02T06:30:00-00:00,2022-09-02T06:45:00-00:00,2022-09-01,24,KELSO_2_N001,KELSO_2_N001,KELSO_2_N001,RTPD,MCC,LMP_CONG_PRC,KELSO_2_N001,ALL,1,0,3,2
2022-09-01T07:45:00-00:00,2022-09-01T08:00:00-00:00,2022-09-01,01,KELSO_2_N001,KELSO_2_N001,KELSO_2_N001,RTPD,MCC,LMP_CONG_PRC,KELSO_2_N001,ALL,1,-18.5123,4,2
2022-09-01T08:45:00-00:00,2022-09-01T09:00:00-00:00,2022-09-01,02,KELSO_2_N001,KELSO_2_N001,KELSO_2_N001,RTPD,MCC,LMP_CONG_PRC,KELSO_2_N001,ALL,1,-4.51909,4,2
2022-09-01T09:45:00-00:00,2022-09-01T10:00:00-00:00,2022-09-01,03,KELSO_2_N001,KELSO_2_N001,KELSO_2_N001,RTPD,MCC,LMP_CONG_PRC,KELSO_2_N001,ALL,1,-5.21993,4,2
2022-09-01T10:45:00-00:00,2022-09-01T11:00:00-00:00,2022-09-01,04,KELSO_2_N001,KELSO_2_N001,KELSO_2_N001,RTPD,MCC,LMP_CONG_PRC,KELSO_2_N001,ALL,1,-1.22657,4,2
2022-09-01T11:45:00-00:00,2022-09-01T12:00:00-00:00,2022-09-01,05,KELSO_2_N001,KELSO_2_N001,KELSO_2_N001,RTPD,MCC,LMP_CONG_PRC,KELSO_2_N001,ALL,1,0,4,2
2022-09-01T12:45:00-00:00,2022-09-01T13:00:00-00:00,2022-09-01,06,KELSO_2_N001,KELSO_2_N001,KELSO_2_N001,RTPD,MCC,LMP_CONG_PRC,KELSO_2_N001,ALL,1,-2.35661,4,2
2022-09-01T13:45:00-00:00,2022-09-01T14:00:00-00:00,2022-09-01,07,KELSO_2_N001,KELSO_2_N001,KELSO_2_N001,RTPD,MCC,LMP_CONG_PRC,KELSO_2_N001,ALL,1,0,4,2
2022-09-01T14:45:00-00:00,2022-09-01T15:00:00-00:00,2022-09-01,08,KELSO_2_N001,KELSO_2_N001,KELSO_2_N001,RTPD,MCC,LMP_CONG_PRC,KELSO_2_N001,ALL,1,0,4,2
2022-09-01T15:45:00-00:00,2022-09-01T16:00:00-00:00,2022-09-01,09,KELSO_2_N001,KELSO_2_N001,KELSO_2_N001,RTPD,MCC,LMP_CONG_PRC,KELSO_2_N001,ALL,1,0,4,2
2022-09-01T16:45:00-00:00,2022-09-01T17:00:00-00:00,2022-09-01,10,KELSO_2_N001,KELSO_2_N001,KELSO_2_N001,RTPD,MCC,LMP_CONG_PRC,KELSO_2_N001,ALL,1,-12.42383,4,2
2022-09-01T17:45:00-00:00,2022-09-01T18:00:00-00:00,2022-09-01,11,KELSO_2_N001,KELSO_2_N001,KELSO_2_N001,RTPD,MCC,LMP_CONG_PRC,KELSO_2_N001,ALL,1,-20.24415,4,2
2022-09-01T18:45:00-00:00,2022-09-01T19:00:00-00:00,2022-09-01,12,KELSO_2_N001,KELSO_2_N001,KELSO_2_N001,RTPD,MCC,LMP_CONG_PRC,KELSO_2_N001,ALL,1,-27.62137,4,2
2022-09-01T19:45:00-00:00,2022-09-01T20:00:00-00:00,2022-09-01,13,KELSO_2_N001,KELSO_2_N001,KELSO_2_N001,RTPD,MCC,LMP_CONG_PRC,KELSO_2_N001,ALL,1,-13.78167,4,2
2022-09-01T20:45:00-00:00,2022-09-01T21:00:00-00:00,2022-09-01,14,KELSO_2_N001,KELSO_2_N001,KELSO_2_N001,RTPD,MCC,LMP_CONG_PRC,KELSO_2_N001,ALL,1,-28.51576,4,2
2022-09-01T21:45:00-00:00,2022-09-01T22:00:00-00:00,2022-09-01,15,KELSO_2_N001,KELSO_2_N001,KELSO_2_N001,RTPD,MCC,LMP_CONG_PRC,KELSO_2_N001,ALL,1,-89.98845,4,2
2022-09-01T22:45:00-00:00,2022-09-01T23:00:00-00:00,2022-09-01,16,KELSO_2_N001,KELSO_2_N001,KELSO_2_N001,RTPD,MCC,LMP_CONG_PRC,KELSO_2_N001,ALL,1,-257.82022,4,2
2022-09-01T23:45:00-00:00,2022-09-02T00:00:00-00:00,2022-09-01,17,KELSO_2_N001,KELSO_2_N001,KELSO_2_N001,RTPD,MCC,LMP_CONG_PRC,KELSO_2_N001,ALL,1,409.31403,4,2
2022-09-02T00:45:00-00:00,2022-09-02T01:00:00-00:00,2022-09-01,18,KELSO_2_N001,KELSO_2_N001,KELSO_2_N001,RTPD,MCC,LMP_CONG_PRC,KELSO_2_N001,ALL,1,288.89868,4,2
2022-09-02T01:45:00-00:00,2022-09-02T02:00:00-00:00,2022-09-01,19,KELSO_2_N001,KELSO_2_N001,KELSO_2_N001,RTPD,MCC,LMP_CONG_PRC,KELSO_2_N001,ALL,1,0,4,2
2022-09-02T02:45:00-00:00,2022-09-02T03:00:00-00:00,2022-09-01,20,KELSO_2_N001,KELSO_2_N001,KELSO_2_N001,RTPD,MCC,LMP_CONG_PRC,KELSO_2_N001,ALL,1,134.15543,4,2
2022-09-02T03:45:00-00:00,2022-09-02T04:00:00-00:00,2022-09-01,21,KELSO_2_N001,KELSO_2_N001,KELSO_2_N001,RTPD,MCC,LMP_CONG_PRC,KELSO_2_N001,ALL,1,19.23268,4,2
2022-09-02T04:45:00-00:00,2022-09-02T05:00:00-00:00,2022-09-01,22,KELSO_2_N001,KELSO_2_N001,KELSO_2_N001,RTPD,MCC,LMP_CONG_PRC,KELSO_2_N001,ALL,1,0,4,2
2022-09-02T05:45:00-00:00,2022-09-02T06:00:00-00:00,2022-09-01,23,KELSO_2_N001,KELSO_2_N001,KELSO_2_N001,RTPD,MCC,LMP_CONG_PRC,KELSO_2_N001,ALL,1,-4.55802,4,2
2022-09-02T06:45:00-00:00,2022-09-02T07:00:00-00:00,2022-09-01,24,KELSO_2_N001,KELSO_2_N001,KELSO_2_N001,RTPD,MCC,LMP_CONG_PRC,KELSO_2_N001,ALL,1,0,4,2
2022-09-01T07:00:00-00:00,2022-09-01T07:15:00-00:00,2022-09-01,01,KELSO_2_N001,KELSO_2_N001,KELSO_2_N001,RTPD,MCE,LMP_ENE_PRC,KELSO_2_N001,ALL,1,104.23471,1,3
2022-09-01T08:00:00-00:00,2022-09-01T08:15:00-00:00,2022-09-01,02,KELSO_2_N001,KELSO_2_N001,KELSO_2_N001,RTPD,MCE,LMP_ENE_PRC,KELSO_2_N001,ALL,1,115.5488,1,3
2022-09-01T09:00:00-00:00,2022-09-01T09:15:00-00:00,2022-09-01,03,KELSO_2_N001,KELSO_2_N001,KELSO_2_N001,RTPD,MCE,LMP_ENE_PRC,KELSO_2_N001,ALL,1,99.73061,1,3
2022-09-01T10:00:00-00:00,2022-09-01T10:15:00-00:00,2022-09-01,04,KELSO_2_N001,KELSO_2_N001,KELSO_2_N001,RTPD,MCE,LMP_ENE_PRC,KELSO_2_N001,ALL,1,98.64222,1,3
2022-09-01T11:00:00-00:00,2022-09-01T11:15:00-00:00,2022-09-01,05,KELSO_2_N001,KELSO_2_N001,KELSO_2_N001,RTPD,MCE,LMP_ENE_PRC,KELSO_2_N001,ALL,1,102.56859,1,3
2022-09-01T12:00:00-00:00,2022-09-01T12:15:00-00:00,2022-09-01,06,KELSO_2_N001,KELSO_2_N001,KELSO_2_N001,RTPD,MCE,LMP_ENE_PRC,KELSO_2_N001,ALL,1,96.90845,1,3
2022-09-01T13:00:00-00:00,2022-09-01T13:15:00-00:00,2022-09-01,07,KELSO_2_N001,KELSO_2_N001,KELSO_2_N001,RTPD,MCE,LMP_ENE_PRC,KELSO_2_N001,ALL,1,101.80878,1,3
2022-09-01T14:00:00-00:00,2022-09-01T14:15:00-00:00,2022-09-01,08,KELSO_2_N001,KELSO_2_N001,KELSO_2_N001,RTPD,MCE,LMP_ENE_PRC,KELSO_2_N001,ALL,1,111.11219,1,3
2022-09-01T15:00:00-00:00,2022-09-01T15:15:00-00:00,2022-09-01,09,KELSO_2_N001,KELSO_2_N001,KELSO_2_N001,RTPD,MCE,LMP_ENE_PRC,KELSO_2_N001,ALL,1,97.4112,1,3
2022-09-01T16:00:00-00:00,2022-09-01T16:15:00-00:00,2022-09-01,10,KELSO_2_N001,KELSO_2_N001,KELSO_2_N001,RTPD,MCE,LMP_ENE_PRC,KELSO_2_N001,ALL,1,83.43525,1,3
2022-09-01T17:00:00-00:00,2022-09-01T17:15:00-00:00,2022-09-01,11,KELSO_2_N001,KELSO_2_N001,KELSO_2_N001,RTPD,MCE,LMP_ENE_PRC,KELSO_2_N001,ALL,1,96.94897,1,3
2022-09-01T18:00:00-00:00,2022-09-01T18:15:00-00:00,2022-09-01,12,KELSO_2_N001,KELSO_2_N001,KELSO_2_N001,RTPD,MCE,LMP_ENE_PRC,KELSO_2_N001,ALL,1,91.59291,1,3
2022-09-01T19:00:00-00:00,2022-09-01T19:15:00-00:00,2022-09-01,13,KELSO_2_N001,KELSO_2_N001,KELSO_2_N001,RTPD,MCE,LMP_ENE_PRC,KELSO_2_N001,ALL,1,109.19637,1,3
2022-09-01T20:00:00-00:00,2022-09-01T20:15:00-00:00,2022-09-01,14,KELSO_2_N001,KELSO_2_N001,KELSO_2_N001,RTPD,MCE,LMP_ENE_PRC,KELSO_2_N001,ALL,1,117.94359,1,3
2022-09-01T21:00:00-00:00,2022-09-01T21:15:00-00:00,2022-09-01,15,KELSO_2_N001,KELSO_2_N001,KELSO_2_N001,RTPD,MCE,LMP_ENE_PRC,KELSO_2_N001,ALL,1,226.61499,1,3
2022-09-01T22:00:00-00:00,2022-09-01T22:15:00-00:00,2022-09-01,16,KELSO_2_N001,KELSO_2_N001,KELSO_2_N001,RTPD,MCE,LMP_ENE_PRC,KELSO_2_N001,ALL,1,229.18552,1,3
2022-09-01T23:00:00-00:00,2022-09-01T23:15:00-00:00,2022-09-01,17,KELSO_2_N001,KELSO_2_N001,KELSO_2_N001,RTPD,MCE,LMP_ENE_PRC,KELSO_2_N001,ALL,1,386.7537,1,3
2022-09-02T00:00:00-00:00,2022-09-02T00:15:00-00:00,2022-09-01,18,KELSO_2_N001,KELSO_2_N001,KELSO_2_N001,RTPD,MCE,LMP_ENE_PRC,KELSO_2_N001,ALL,1,770.58136,1,3
2022-09-02T01:00:00-00:00,2022-09-02T01:15:00-00:00,2022-09-01,19,KELSO_2_N001,KELSO_2_N001,KELSO_2_N001,RTPD,MCE,LMP_ENE_PRC,KELSO_2_N001,ALL,1,916.27124,1,3
2022-09-02T02:00:00-00:00,2022-09-02T02:15:00-00:00,2022-09-01,20,KELSO_2_N001,KELSO_2_N001,KELSO_2_N001,RTPD,MCE,LMP_ENE_PRC,KELSO_2_N001,ALL,1,1991.6721,1,3
2022-09-02T03:00:00-00:00,2022-09-02T03:15:00-00:00,2022-09-01,21,KELSO_2_N001,KELSO_2_N001,KELSO_2_N001,RTPD,MCE,LMP_ENE_PRC,KELSO_2_N001,ALL,1,917.5508,1,3
2022-09-02T04:00:00-00:00,2022-09-02T04:15:00-00:00,2022-09-01,22,KELSO_2_N001,KELSO_2_N001,KELSO_2_N001,RTPD,MCE,LMP_ENE_PRC,KELSO_2_N001,ALL,1,257.83005,1,3
2022-09-02T05:00:00-00:00,2022-09-02T05:15:00-00:00,2022-09-01,23,KELSO_2_N001,KELSO_2_N001,KELSO_2_N001,RTPD,MCE,LMP_ENE_PRC,KELSO_2_N001,ALL,1,183.24657,1,3
2022-09-02T06:00:00-00:00,2022-09-02T06:15:00-00:00,2022-09-01,24,KELSO_2_N001,KELSO_2_N001,KELSO_2_N001,RTPD,MCE,LMP_ENE_PRC,KELSO_2_N001,ALL,1,158.867,1,3
2022-09-01T07:15:00-00:00,2022-09-01T07:30:00-00:00,2022-09-01,01,KELSO_2_N001,KELSO_2_N001,KELSO_2_N001,RTPD,MCE,LMP_ENE_PRC,KELSO_2_N001,ALL,1,125.55144,2,3
2022-09-01T08:15:00-00:00,2022-09-01T08:30:00-00:00,2022-09-01,02,KELSO_2_N001,KELSO_2_N001,KELSO_2_N001,RTPD,MCE,LMP_ENE_PRC,KELSO_2_N001,ALL,1,115.53165,2,3
2022-09-01T09:15:00-00:00,2022-09-01T09:30:00-00:00,2022-09-01,03,KELSO_2_N001,KELSO_2_N001,KELSO_2_N001,RTPD,MCE,LMP_ENE_PRC,KELSO_2_N001,ALL,1,98.30543,2,3
2022-09-01T10:15:00-00:00,2022-09-01T10:30:00-00:00,2022-09-01,04,KELSO_2_N001,KELSO_2_N001,KELSO_2_N001,RTPD,MCE,LMP_ENE_PRC,KELSO_2_N001,ALL,1,97.00684,2,3
2022-09-01T11:15:00-00:00,2022-09-01T11:30:00-00:00,2022-09-01,05,KELSO_2_N001,KELSO_2_N001,KELSO_2_N001,RTPD,MCE,LMP_ENE_PRC,KELSO_2_N001,ALL,1,103.09059,2,3
2022-09-01T12:15:00-00:00,2022-09-01T12:30:00-00:00,2022-09-01,06,KELSO_2_N001,KELSO_2_N001,KELSO_2_N001,RTPD,MCE,LMP_ENE_PRC,KELSO_2_N001,ALL,1,109.32203,2,3
2022-09-01T13:15:00-00:00,2022-09-01T13:30:00-00:00,2022-09-01,07,KELSO_2_N001,KELSO_2_N001,KELSO_2_N001,RTPD,MCE,LMP_ENE_PRC,KELSO_2_N001,ALL,1,110.97827,2,3
2022-09-01T14:15:00-00:00,2022-09-01T14:30:00-00:00,2022-09-01,08,KELSO_2_N001,KELSO_2_N001,KELSO_2_N001,RTPD,MCE,LMP_ENE_PRC,KELSO_2_N001,ALL,1,104.78743,2,3
2022-09-01T15:15:00-00:00,2022-09-01T15:30:00-00:00,2022-09-01,09,KELSO_2_N001,KELSO_2_N001,KELSO_2_N001,RTPD,MCE,LMP_ENE_PRC,KELSO_2_N001,ALL,1,86.9388,2,3
2022-09-01T16:15:00-00:00,2022-09-01T16:30:00-00:00,2022-09-01,10,KELSO_2_N001,KELSO_2_N001,KELSO_2_N001,RTPD,MCE,LMP_ENE_PRC,KELSO_2_N001,ALL,1,89.44858,2,3
2022-09-01T17:15:00-00:00,2022-09-01T17:30:00-00:00,2022-09-01,11,KELSO_2_N001,KELSO_2_N001,KELSO_2_N001,RTPD,MCE,LMP_ENE_PRC,KELSO_2_N001,ALL,1,99.34673,2,3
2022-09-01T18:15:00-00:00,2022-09-01T18:30:00-00:00,2022-09-01,12,KELSO_2_N001,KELSO_2_N001,KELSO_2_N001,RTPD,MCE,LMP_ENE_PRC,KELSO_2_N001,ALL,1,101.15901,2,3
2022-09-01T19:15:00-00:00,2022-09-01T19:30:00-00:00,2022-09-01,13,KELSO_2_N001,KELSO_2_N001,KELSO_2_N001,RTPD,MCE,LMP_ENE_PRC,KELSO_2_N001,ALL,1,105.30588,2,3
2022-09-01T20:15:00-00:00,2022-09-01T20:30:00-00:00,2022-09-01,14,KELSO_2_N001,KELSO_2_N001,KELSO_2_N001,RTPD,MCE,LMP_ENE_PRC,KELSO_2_N001,ALL,1,117.49421,2,3
2022-09-01T21:15:00-00:00,2022-09-01T21:30:00-00:00,2022-09-01,15,KELSO_2_N001,KELSO_2_N001,KELSO_2_N001,RTPD,MCE,LMP_ENE_PRC,KELSO_2_N001,ALL,1,147.21185,2,3
2022-09-01T22:15:00-00:00,2022-09-01T22:30:00-00:00,2022-09-01,16,KELSO_2_N001,KELSO_2_N001,KELSO_2_N001,RTPD,MCE,LMP_ENE_PRC,KELSO_2_N001,ALL,1,256.58734,2,3
2022-09-01T23:15:00-00:00,2022-09-01T23:30:00-00:00,2022-09-01,17,KELSO_2_N001,KELSO_2_N001,KELSO_2_N001,RTPD,MCE,LMP_ENE_PRC,KELSO_2_N001,ALL,1,362.12408,2,3
2022-09-02T00:15:00-00:00,2022-09-02T00:30:00-00:00,2022-09-01,18,KELSO_2_N001,KELSO_2_N001,KELSO_2_N001,RTPD,MCE,LMP_ENE_PRC,KELSO_2_N001,ALL,1,691.2182,2,3
2022-09-02T01:15:00-00:00,2022-09-02T01:30:00-00:00,2022-09-01,19,KELSO_2_N001,KELSO_2_N001,KELSO_2_N001,RTPD,MCE,LMP_ENE_PRC,KELSO_2_N001,ALL,1,1999.9933,2,3
2022-09-02T02:15:00-00:00,2022-09-02T02:30:00-00:00,2022-09-01,20,KELSO_2_N001,KELSO_2_N001,KELSO_2_N001,RTPD,MCE,LMP_ENE_PRC,KELSO_2_N001,ALL,1,1991.6721,2,3
2022-09-02T03:15:00-00:00,2022-09-02T03:30:00-00:00,2022-09-01,21,KELSO_2_N001,KELSO_2_N001,KELSO_2_N001,RTPD,MCE,LMP_ENE_PRC,KELSO_2_N001,ALL,1,400.52884,2,3
2022-09-02T04:15:00-00:00,2022-09-02T04:30:00-00:00,2022-09-01,22,KELSO_2_N001,KELSO_2_N001,KELSO_2_N001,RTPD,MCE,LMP_ENE_PRC,KELSO_2_N001,ALL,1,224.75041,2,3
2022-09-02T05:15:00-00:00,2022-09-02T05:30:00-00:00,2022-09-01,23,KELSO_2_N001,KELSO_2_N001,KELSO_2_N001,RTPD,MCE,LMP_ENE_PRC,KELSO_2_N001,ALL,1,157.11986,2,3
2022-09-02T06:15:00-00:00,2022-09-02T06:30:00-00:00,2022-09-01,24,KELSO_2_N001,KELSO_2_N001,KELSO_2_N001,RTPD,MCE,LMP_ENE_PRC,KELSO_2_N001,ALL,1,143.1005,2,3
2022-09-01T07:30:00-00:00,2022-09-01T07:45:00-00:00,2022-09-01,01,KELSO_2_N001,KELSO_2_N001,KELSO_2_N001,RTPD,MCE,LMP_ENE_PRC,KELSO_2_N001,ALL,1,119.03196,3,3
2022-09-01T08:30:00-00:00,2022-09-01T08:45:00-00:00,2022-09-01,02,KELSO_2_N001,KELSO_2_N001,KELSO_2_N001,RTPD,MCE,LMP_ENE_PRC,KELSO_2_N001,ALL,1,111.11241,3,3
2022-09-01T09:30:00-00:00,2022-09-01T09:45:00-00:00,2022-09-01,03,KELSO_2_N001,KELSO_2_N001,KELSO_2_N001,RTPD,MCE,LMP_ENE_PRC,KELSO_2_N001,ALL,1,98.16228,3,3
2022-09-01T10:30:00-00:00,2022-09-01T10:45:00-00:00,2022-09-01,04,KELSO_2_N001,KELSO_2_N001,KELSO_2_N001,RTPD,MCE,LMP_ENE_PRC,KELSO_2_N001,ALL,1,96.36226,3,3
2022-09-01T11:30:00-00:00,2022-09-01T11:45:00-00:00,2022-09-01,05,KELSO_2_N001,KELSO_2_N001,KELSO_2_N001,RTPD,MCE,LMP_ENE_PRC,KELSO_2_N001,ALL,1,103.06198,3,3
2022-09-01T12:30:00-00:00,2022-09-01T12:45:00-00:00,2022-09-01,06,KELSO_2_N001,KELSO_2_N001,KELSO_2_N001,RTPD,MCE,LMP_ENE_PRC,KELSO_2_N001,ALL,1,113.57403,3,3
2022-09-01T13:30:00-00:00,2022-09-01T13:45:00-00:00,2022-09-01,07,KELSO_2_N001,KELSO_2_N001,KELSO_2_N001,RTPD,MCE,LMP_ENE_PRC,KELSO_2_N001,ALL,1,111.52025,3,3
2022-09-01T14:30:00-00:00,2022-09-01T14:45:00-00:00,2022-09-01,08,KELSO_2_N001,KELSO_2_N001,KELSO_2_N001,RTPD,MCE,LMP_ENE_PRC,KELSO_2_N001,ALL,1,101.83428,3,3
2022-09-01T15:30:00-00:00,2022-09-01T15:45:00-00:00,2022-09-01,09,KELSO_2_N001,KELSO_2_N001,KELSO_2_N001,RTPD,MCE,LMP_ENE_PRC,KELSO_2_N001,ALL,1,86.1388,3,3
2022-09-01T16:30:00-00:00,2022-09-01T16:45:00-00:00,2022-09-01,10,KELSO_2_N001,KELSO_2_N001,KELSO_2_N001,RTPD,MCE,LMP_ENE_PRC,KELSO_2_N001,ALL,1,88.79644,3,3
2022-09-01T17:30:00-00:00,2022-09-01T17:45:00-00:00,2022-09-01,11,KELSO_2_N001,KELSO_2_N001,KELSO_2_N001,RTPD,MCE,LMP_ENE_PRC,KELSO_2_N001,ALL,1,99.13013,3,3
2022-09-01T18:30:00-00:00,2022-09-01T18:45:00-00:00,2022-09-01,12,KELSO_2_N001,KELSO_2_N001,KELSO_2_N001,RTPD,MCE,LMP_ENE_PRC,KELSO_2_N001,ALL,1,107.05718,3,3
2022-09-01T19:30:00-00:00,2022-09-01T19:45:00-00:00,2022-09-01,13,KELSO_2_N001,KELSO_2_N001,KELSO_2_N001,RTPD,MCE,LMP_ENE_PRC,KELSO_2_N001,ALL,1,114.05905,3,3
2022-09-01T20:30:00-00:00,2022-09-01T20:45:00-00:00,2022-09-01,14,KELSO_2_N001,KELSO_2_N001,KELSO_2_N001,RTPD,MCE,LMP_ENE_PRC,KELSO_2_N001,ALL,1,129.81606,3,3
2022-09-01T21:30:00-00:00,2022-09-01T21:45:00-00:00,2022-09-01,15,KELSO_2_N001,KELSO_2_N001,KELSO_2_N001,RTPD,MCE,LMP_ENE_PRC,KELSO_2_N001,ALL,1,152.93057,3,3
2022-09-01T22:30:00-00:00,2022-09-01T22:45:00-00:00,2022-09-01,16,KELSO_2_N001,KELSO_2_N001,KELSO_2_N001,RTPD,MCE,LMP_ENE_PRC,KELSO_2_N001,ALL,1,283.18182,3,3
2022-09-01T23:30:00-00:00,2022-09-01T23:45:00-00:00,2022-09-01,17,KELSO_2_N001,KELSO_2_N001,KELSO_2_N001,RTPD,MCE,LMP_ENE_PRC,KELSO_2_N001,ALL,1,566.48157,3,3
2022-09-02T00:30:00-00:00,2022-09-02T00:45:00-00:00,2022-09-01,18,KELSO_2_N001,KELSO_2_N001,KELSO_2_N001,RTPD,MCE,LMP_ENE_PRC,KELSO_2_N001,ALL,1,1329.1127,3,3
2022-09-02T01:30:00-00:00,2022-09-02T01:45:00-00:00,2022-09-01,19,KELSO_2_N001,KELSO_2_N001,KELSO_2_N001,RTPD,MCE,LMP_ENE_PRC,KELSO_2_N001,ALL,1,1999.9956,3,3
2022-09-02T02:30:00-00:00,2022-09-02T02:45:00-00:00,2022-09-01,20,KELSO_2_N001,KELSO_2_N001,KELSO_2_N001,RTPD,MCE,LMP_ENE_PRC,KELSO_2_N001,ALL,1,1991.671,3,3
2022-09-02T03:30:00-00:00,2022-09-02T03:45:00-00:00,2022-09-01,21,KELSO_2_N001,KELSO_2_N001,KELSO_2_N001,RTPD,MCE,LMP_ENE_PRC,KELSO_2_N001,ALL,1,186.61823,3,3
2022-09-02T04:30:00-00:00,2022-09-02T04:45:00-00:00,2022-09-01,22,KELSO_2_N001,KELSO_2_N001,KELSO_2_N001,RTPD,MCE,LMP_ENE_PRC,KELSO_2_N001,ALL,1,180.67824,3,3
2022-09-02T05:30:00-00:00,2022-09-02T05:45:00-00:00,2022-09-01,23,KELSO_2_N001,KELSO_2_N001,KELSO_2_N001,RTPD,MCE,LMP_ENE_PRC,KELSO_2_N001,ALL,1,131.69917,3,3
2022-09-02T06:30:00-00:00,2022-09-02T06:45:00-00:00,2022-09-01,24,KELSO_2_N001,KELSO_2_N001,KELSO_2_N001,RTPD,MCE,LMP_ENE_PRC,KELSO_2_N001,ALL,1,128.9871,3,3
2022-09-01T07:45:00-00:00,2022-09-01T08:00:00-00:00,2022-09-01,01,KELSO_2_N001,KELSO_2_N001,KELSO_2_N001,RTPD,MCE,LMP_ENE_PRC,KELSO_2_N001,ALL,1,109.12099,4,3
2022-09-01T08:45:00-00:00,2022-09-01T09:00:00-00:00,2022-09-01,02,KELSO_2_N001,KELSO_2_N001,KELSO_2_N001,RTPD,MCE,LMP_ENE_PRC,KELSO_2_N001,ALL,1,98.7357,4,3
2022-09-01T09:45:00-00:00,2022-09-01T10:00:00-00:00,2022-09-01,03,KELSO_2_N001,KELSO_2_N001,KELSO_2_N001,RTPD,MCE,LMP_ENE_PRC,KELSO_2_N001,ALL,1,97.50475,4,3
2022-09-01T10:45:00-00:00,2022-09-01T11:00:00-00:00,2022-09-01,04,KELSO_2_N001,KELSO_2_N001,KELSO_2_N001,RTPD,MCE,LMP_ENE_PRC,KELSO_2_N001,ALL,1,94.71966,4,3
2022-09-01T11:45:00-00:00,2022-09-01T12:00:00-00:00,2022-09-01,05,KELSO_2_N001,KELSO_2_N001,KELSO_2_N001,RTPD,MCE,LMP_ENE_PRC,KELSO_2_N001,ALL,1,107.01,4,3
2022-09-01T12:45:00-00:00,2022-09-01T13:00:00-00:00,2022-09-01,06,KELSO_2_N001,KELSO_2_N001,KELSO_2_N001,RTPD,MCE,LMP_ENE_PRC,KELSO_2_N001,ALL,1,116.4848,4,3
2022-09-01T13:45:00-00:00,2022-09-01T14:00:00-00:00,2022-09-01,07,KELSO_2_N001,KELSO_2_N001,KELSO_2_N001,RTPD,MCE,LMP_ENE_PRC,KELSO_2_N001,ALL,1,111.41,4,3
2022-09-01T14:45:00-00:00,2022-09-01T15:00:00-00:00,2022-09-01,08,KELSO_2_N001,KELSO_2_N001,KELSO_2_N001,RTPD,MCE,LMP_ENE_PRC,KELSO_2_N001,ALL,1,86.1388,4,3
2022-09-01T15:45:00-00:00,2022-09-01T16:00:00-00:00,2022-09-01,09,KELSO_2_N001,KELSO_2_N001,KELSO_2_N001,RTPD,MCE,LMP_ENE_PRC,KELSO_2_N001,ALL,1,78.70076,4,3
2022-09-01T16:45:00-00:00,2022-09-01T17:00:00-00:00,2022-09-01,10,KELSO_2_N001,KELSO_2_N001,KELSO_2_N001,RTPD,MCE,LMP_ENE_PRC,KELSO_2_N001,ALL,1,91.24933,4,3
2022-09-01T17:45:00-00:00,2022-09-01T18:00:00-00:00,2022-09-01,11,KELSO_2_N001,KELSO_2_N001,KELSO_2_N001,RTPD,MCE,LMP_ENE_PRC,KELSO_2_N001,ALL,1,99.20544,4,3
2022-09-01T18:45:00-00:00,2022-09-01T19:00:00-00:00,2022-09-01,12,KELSO_2_N001,KELSO_2_N001,KELSO_2_N001,RTPD,MCE,LMP_ENE_PRC,KELSO_2_N001,ALL,1,109.04064,4,3
2022-09-01T19:45:00-00:00,2022-09-01T20:00:00-00:00,2022-09-01,13,KELSO_2_N001,KELSO_2_N001,KELSO_2_N001,RTPD,MCE,LMP_ENE_PRC,KELSO_2_N001,ALL,1,120.22491,4,3
2022-09-01T20:45:00-00:00,2022-09-01T21:00:00-00:00,2022-09-01,14,KELSO_2_N001,KELSO_2_N001,KELSO_2_N001,RTPD,MCE,LMP_ENE_PRC,KELSO_2_N001,ALL,1,154.02509,4,3
2022-09-01T21:45:00-00:00,2022-09-01T22:00:00-00:00,2022-09-01,15,KELSO_2_N001,KELSO_2_N001,KELSO_2_N001,RTPD,MCE,LMP_ENE_PRC,KELSO_2_N001,ALL,1,300.29376,4,3
2022-09-01T22:45:00-00:00,2022-09-01T23:00:00-00:00,2022-09-01,16,KELSO_2_N001,KELSO_2_N001,KELSO_2_N001,RTPD,MCE,LMP_ENE_PRC,KELSO_2_N001,ALL,1,429.9137,4,3
2022-09-01T23:45:00-00:00,2022-09-02T00:00:00-00:00,2022-09-01,17,KELSO_2_N001,KELSO_2_N001,KELSO_2_N001,RTPD,MCE,LMP_ENE_PRC,KELSO_2_N001,ALL,1,1261.2124,4,3
2022-09-02T00:45:00-00:00,2022-09-02T01:00:00-00:00,2022-09-01,18,KELSO_2_N001,KELSO_2_N001,KELSO_2_N001,RTPD,MCE,LMP_ENE_PRC,KELSO_2_N001,ALL,1,1519.149,4,3
2022-09-02T01:45:00-00:00,2022-09-02T02:00:00-00:00,2022-09-01,19,KELSO_2_N001,KELSO_2_N001,KELSO_2_N001,RTPD,MCE,LMP_ENE_PRC,KELSO_2_N001,ALL,1,1991.9337,4,3
2022-09-02T02:45:00-00:00,2022-09-02T03:00:00-00:00,2022-09-01,20,KELSO_2_N001,KELSO_2_N001,KELSO_2_N001,RTPD,MCE,LMP_ENE_PRC,KELSO_2_N001,ALL,1,1629.6213,4,3
2022-09-02T03:45:00-00:00,2022-09-02T04:00:00-00:00,2022-09-01,21,KELSO_2_N001,KELSO_2_N001,KELSO_2_N001,RTPD,MCE,LMP_ENE_PRC,KELSO_2_N001,ALL,1,141.13702,4,3
2022-09-02T04:45:00-00:00,2022-09-02T05:00:00-00:00,2022-09-01,22,KELSO_2_N001,KELSO_2_N001,KELSO_2_N001,RTPD,MCE,LMP_ENE_PRC,KELSO_2_N001,ALL,1,126.76372,4,3
2022-09-02T05:45:00-00:00,2022-09-02T06:00:00-00:00,2022-09-01,23,KELSO_2_N001,KELSO_2_N001,KELSO_2_N001,RTPD,MCE,LMP_ENE_PRC,KELSO_2_N001,ALL,1,119.00958,4,3
2022-09-02T06:45:00-00:00,2022-09-02T07:00:00-00:00,2022-09-01,24,KELSO_2_N001,KELSO_2_N001,KELSO_2_N001,RTPD,MCE,LMP_ENE_PRC,KELSO_2_N001,ALL,1,109.20324,4,3
2022-09-01T07:00:00-00:00,2022-09-01T07:15:00-00:00,2022-09-01,01,KELSO_2_N001,KELSO_2_N001,KELSO_2_N001,RTPD,MCL,LMP_LOSS_PRC,KELSO_2_N001,ALL,1,-6.80653,1,4
2022-09-01T08:00:00-00:00,2022-09-01T08:15:00-00:00,2022-09-01,02,KELSO_2_N001,KELSO_2_N001,KELSO_2_N001,RTPD,MCL,LMP_LOSS_PRC,KELSO_2_N001,ALL,1,0,1,4
2022-09-01T09:00:00-00:00,2022-09-01T09:15:00-00:00,2022-09-01,03,KELSO_2_N001,KELSO_2_N001,KELSO_2_N001,RTPD,MCL,LMP_LOSS_PRC,KELSO_2_N001,ALL,1,-0.42884,1,4
2022-09-01T10:00:00-00:00,2022-09-01T10:15:00-00:00,2022-09-01,04,KELSO_2_N001,KELSO_2_N001,KELSO_2_N001,RTPD,MCL,LMP_LOSS_PRC,KELSO_2_N001,ALL,1,-0.15783,1,4
2022-09-01T11:00:00-00:00,2022-09-01T11:15:00-00:00,2022-09-01,05,KELSO_2_N001,KELSO_2_N001,KELSO_2_N001,RTPD,MCL,LMP_LOSS_PRC,KELSO_2_N001,ALL,1,0.05128,1,4
2022-09-01T12:00:00-00:00,2022-09-01T12:15:00-00:00,2022-09-01,06,KELSO_2_N001,KELSO_2_N001,KELSO_2_N001,RTPD,MCL,LMP_LOSS_PRC,KELSO_2_N001,ALL,1,-0.40702,1,4
2022-09-01T13:00:00-00:00,2022-09-01T13:15:00-00:00,2022-09-01,07,KELSO_2_N001,KELSO_2_N001,KELSO_2_N001,RTPD,MCL,LMP_LOSS_PRC,KELSO_2_N001,ALL,1,0,1,4
2022-09-01T14:00:00-00:00,2022-09-01T14:15:00-00:00,2022-09-01,08,KELSO_2_N001,KELSO_2_N001,KELSO_2_N001,RTPD,MCL,LMP_LOSS_PRC,KELSO_2_N001,ALL,1,1.54446,1,4
2022-09-01T15:00:00-00:00,2022-09-01T15:15:00-00:00,2022-09-01,09,KELSO_2_N001,KELSO_2_N001,KELSO_2_N001,RTPD,MCL,LMP_LOSS_PRC,KELSO_2_N001,ALL,1,0,1,4
2022-09-01T16:00:00-00:00,2022-09-01T16:15:00-00:00,2022-09-01,10,KELSO_2_N001,KELSO_2_N001,KELSO_2_N001,RTPD,MCL,LMP_LOSS_PRC,KELSO_2_N001,ALL,1,0,1,4
2022-09-01T17:00:00-00:00,2022-09-01T17:15:00-00:00,2022-09-01,11,KELSO_2_N001,KELSO_2_N001,KELSO_2_N001,RTPD,MCL,LMP_LOSS_PRC,KELSO_2_N001,ALL,1,0,1,4
2022-09-01T18:00:00-00:00,2022-09-01T18:15:00-00:00,2022-09-01,12,KELSO_2_N001,KELSO_2_N001,KELSO_2_N001,RTPD,MCL,LMP_LOSS_PRC,KELSO_2_N001,ALL,1,0,1,4
2022-09-01T19:00:00-00:00,2022-09-01T19:15:00-00:00,2022-09-01,13,KELSO_2_N001,KELSO_2_N001,KELSO_2_N001,RTPD,MCL,LMP_LOSS_PRC,KELSO_2_N001,ALL,1,0,1,4
2022-09-01T20:00:00-00:00,2022-09-01T20:15:00-00:00,2022-09-01,14,KELSO_2_N001,KELSO_2_N001,KELSO_2_N001,RTPD,MCL,LMP_LOSS_PRC,KELSO_2_N001,ALL,1,0,1,4
2022-09-01T21:00:00-00:00,2022-09-01T21:15:00-00:00,2022-09-01,15,KELSO_2_N001,KELSO_2_N001,KELSO_2_N001,RTPD,MCL,LMP_LOSS_PRC,KELSO_2_N001,ALL,1,0,1,4
2022-09-01T22:00:00-00:00,2022-09-01T22:15:00-00:00,2022-09-01,16,KELSO_2_N001,KELSO_2_N001,KELSO_2_N001,RTPD,MCL,LMP_LOSS_PRC,KELSO_2_N001,ALL,1,0,1,4
2022-09-01T23:00:00-00:00,2022-09-01T23:15:00-00:00,2022-09-01,17,KELSO_2_N001,KELSO_2_N001,KELSO_2_N001,RTPD,MCL,LMP_LOSS_PRC,KELSO_2_N001,ALL,1,0,1,4
2022-09-02T00:00:00-00:00,2022-09-02T00:15:00-00:00,2022-09-01,18,KELSO_2_N001,KELSO_2_N001,KELSO_2_N001,RTPD,MCL,LMP_LOSS_PRC,KELSO_2_N001,ALL,1,6.70406,1,4
2022-09-02T01:00:00-00:00,2022-09-02T01:15:00-00:00,2022-09-01,19,KELSO_2_N001,KELSO_2_N001,KELSO_2_N001,RTPD,MCL,LMP_LOSS_PRC,KELSO_2_N001,ALL,1,0,1,4
2022-09-02T02:00:00-00:00,2022-09-02T02:15:00-00:00,2022-09-01,20,KELSO_2_N001,KELSO_2_N001,KELSO_2_N001,RTPD,MCL,LMP_LOSS_PRC,KELSO_2_N001,ALL,1,0,1,4
2022-09-02T03:00:00-00:00,2022-09-02T03:15:00-00:00,2022-09-01,21,KELSO_2_N001,KELSO_2_N001,KELSO_2_N001,RTPD,MCL,LMP_LOSS_PRC,KELSO_2_N001,ALL,1,8.53322,1,4
2022-09-02T04:00:00-00:00,2022-09-02T04:15:00-00:00,2022-09-01,22,KELSO_2_N001,KELSO_2_N001,KELSO_2_N001,RTPD,MCL,LMP_LOSS_PRC,KELSO_2_N001,ALL,1,-1.18602,1,4
2022-09-02T05:00:00-00:00,2022-09-02T05:15:00-00:00,2022-09-01,23,KELSO_2_N001,KELSO_2_N001,KELSO_2_N001,RTPD,MCL,LMP_LOSS_PRC,KELSO_2_N001,ALL,1,-0.65969,1,4
2022-09-02T06:00:00-00:00,2022-09-02T06:15:00-00:00,2022-09-01,24,KELSO_2_N001,KELSO_2_N001,KELSO_2_N001,RTPD,MCL,LMP_LOSS_PRC,KELSO_2_N001,ALL,1,-1.47746,1,4
2022-09-01T07:15:00-00:00,2022-09-01T07:30:00-00:00,2022-09-01,01,KELSO_2_N001,KELSO_2_N001,KELSO_2_N001,RTPD,MCL,LMP_LOSS_PRC,KELSO_2_N001,ALL,1,0,2,4
2022-09-01T08:15:00-00:00,2022-09-01T08:30:00-00:00,2022-09-01,02,KELSO_2_N001,KELSO_2_N001,KELSO_2_N001,RTPD,MCL,LMP_LOSS_PRC,KELSO_2_N001,ALL,1,0,2,4
2022-09-01T09:15:00-00:00,2022-09-01T09:30:00-00:00,2022-09-01,03,KELSO_2_N001,KELSO_2_N001,KELSO_2_N001,RTPD,MCL,LMP_LOSS_PRC,KELSO_2_N001,ALL,1,-0.39322,2,4
2022-09-01T10:15:00-00:00,2022-09-01T10:30:00-00:00,2022-09-01,04,KELSO_2_N001,KELSO_2_N001,KELSO_2_N001,RTPD,MCL,LMP_LOSS_PRC,KELSO_2_N001,ALL,1,-0.12611,2,4
2022-09-01T11:15:00-00:00,2022-09-01T11:30:00-00:00,2022-09-01,05,KELSO_2_N001,KELSO_2_N001,KELSO_2_N001,RTPD,MCL,LMP_LOSS_PRC,KELSO_2_N001,ALL,1,0.03093,2,4
2022-09-01T12:15:00-00:00,2022-09-01T12:30:00-00:00,2022-09-01,06,KELSO_2_N001,KELSO_2_N001,KELSO_2_N001,RTPD,MCL,LMP_LOSS_PRC,KELSO_2_N001,ALL,1,-0.26237,2,4
2022-09-01T13:15:00-00:00,2022-09-01T13:30:00-00:00,2022-09-01,07,KELSO_2_N001,KELSO_2_N001,KELSO_2_N001,RTPD,MCL,LMP_LOSS_PRC,KELSO_2_N001,ALL,1,-0.16647,2,4
2022-09-01T14:15:00-00:00,2022-09-01T14:30:00-00:00,2022-09-01,08,KELSO_2_N001,KELSO_2_N001,KELSO_2_N001,RTPD,MCL,LMP_LOSS_PRC,KELSO_2_N001,ALL,1,1.27841,2,4
2022-09-01T15:15:00-00:00,2022-09-01T15:30:00-00:00,2022-09-01,09,KELSO_2_N001,KELSO_2_N001,KELSO_2_N001,RTPD,MCL,LMP_LOSS_PRC,KELSO_2_N001,ALL,1,0,2,4
2022-09-01T16:15:00-00:00,2022-09-01T16:30:00-00:00,2022-09-01,10,KELSO_2_N001,KELSO_2_N001,KELSO_2_N001,RTPD,MCL,LMP_LOSS_PRC,KELSO_2_N001,ALL,1,0,2,4
2022-09-01T17:15:00-00:00,2022-09-01T17:30:00-00:00,2022-09-01,11,KELSO_2_N001,KELSO_2_N001,KELSO_2_N001,RTPD,MCL,LMP_LOSS_PRC,KELSO_2_N001,ALL,1,0,2,4
2022-09-01T18:15:00-00:00,2022-09-01T18:30:00-00:00,2022-09-01,12,KELSO_2_N001,KELSO_2_N001,KELSO_2_N001,RTPD,MCL,LMP_LOSS_PRC,KELSO_2_N001,ALL,1,0,2,4
2022-09-01T19:15:00-00:00,2022-09-01T19:30:00-00:00,2022-09-01,13,KELSO_2_N001,KELSO_2_N001,KELSO_2_N001,RTPD,MCL,LMP_LOSS_PRC,KELSO_2_N001,ALL,1,0,2,4
2022-09-01T20:15:00-00:00,2022-09-01T20:30:00-00:00,2022-09-01,14,KELSO_2_N001,KELSO_2_N001,KELSO_2_N001,RTPD,MCL,LMP_LOSS_PRC,KELSO_2_N001,ALL,1,0,2,4
2022-09-01T21:15:00-00:00,2022-09-01T21:30:00-00:00,2022-09-01,15,KELSO_2_N001,KELSO_2_N001,KELSO_2_N001,RTPD,MCL,LMP_LOSS_PRC,KELSO_2_N001,ALL,1,0,2,4
2022-09-01T22:15:00-00:00,2022-09-01T22:30:00-00:00,2022-09-01,16,KELSO_2_N001,KELSO_2_N001,KELSO_2_N001,RTPD,MCL,LMP_LOSS_PRC,KELSO_2_N001,ALL,1,0,2,4
2022-09-01T23:15:00-00:00,2022-09-01T23:30:00-00:00,2022-09-01,17,KELSO_2_N001,KELSO_2_N001,KELSO_2_N001,RTPD,MCL,LMP_LOSS_PRC,KELSO_2_N001,ALL,1,0,2,4
2022-09-02T00:15:00-00:00,2022-09-02T00:30:00-00:00,2022-09-01,18,KELSO_2_N001,KELSO_2_N001,KELSO_2_N001,RTPD,MCL,LMP_LOSS_PRC,KELSO_2_N001,ALL,1,4.90765,2,4
2022-09-02T01:15:00-00:00,2022-09-02T01:30:00-00:00,2022-09-01,19,KELSO_2_N001,KELSO_2_N001,KELSO_2_N001,RTPD,MCL,LMP_LOSS_PRC,KELSO_2_N001,ALL,1,0,2,4
2022-09-02T02:15:00-00:00,2022-09-02T02:30:00-00:00,2022-09-01,20,KELSO_2_N001,KELSO_2_N001,KELSO_2_N001,RTPD,MCL,LMP_LOSS_PRC,KELSO_2_N001,ALL,1,0,2,4
2022-09-02T03:15:00-00:00,2022-09-02T03:30:00-00:00,2022-09-01,21,KELSO_2_N001,KELSO_2_N001,KELSO_2_N001,RTPD,MCL,LMP_LOSS_PRC,KELSO_2_N001,ALL,1,3.88513,2,4
2022-09-02T04:15:00-00:00,2022-09-02T04:30:00-00:00,2022-09-01,22,KELSO_2_N001,KELSO_2_N001,KELSO_2_N001,RTPD,MCL,LMP_LOSS_PRC,KELSO_2_N001,ALL,1,-1.37098,2,4
2022-09-02T05:15:00-00:00,2022-09-02T05:30:00-00:00,2022-09-01,23,KELSO_2_N001,KELSO_2_N001,KELSO_2_N001,RTPD,MCL,LMP_LOSS_PRC,KELSO_2_N001,ALL,1,-1.06842,2,4
2022-09-02T06:15:00-00:00,2022-09-02T06:30:00-00:00,2022-09-01,24,KELSO_2_N001,KELSO_2_N001,KELSO_2_N001,RTPD,MCL,LMP_LOSS_PRC,KELSO_2_N001,ALL,1,-2.36116,2,4
2022-09-01T07:30:00-00:00,2022-09-01T07:45:00-00:00,2022-09-01,01,KELSO_2_N001,KELSO_2_N001,KELSO_2_N001,RTPD,MCL,LMP_LOSS_PRC,KELSO_2_N001,ALL,1,0,3,4
2022-09-01T08:30:00-00:00,2022-09-01T08:45:00-00:00,2022-09-01,02,KELSO_2_N001,KELSO_2_N001,KELSO_2_N001,RTPD,MCL,LMP_LOSS_PRC,KELSO_2_N001,ALL,1,-0.4,3,4
2022-09-01T09:30:00-00:00,2022-09-01T09:45:00-00:00,2022-09-01,03,KELSO_2_N001,KELSO_2_N001,KELSO_2_N001,RTPD,MCL,LMP_LOSS_PRC,KELSO_2_N001,ALL,1,-0.54971,3,4
2022-09-01T10:30:00-00:00,2022-09-01T10:45:00-00:00,2022-09-01,04,KELSO_2_N001,KELSO_2_N001,KELSO_2_N001,RTPD,MCL,LMP_LOSS_PRC,KELSO_2_N001,ALL,1,-0.01927,3,4
2022-09-01T11:30:00-00:00,2022-09-01T11:45:00-00:00,2022-09-01,05,KELSO_2_N001,KELSO_2_N001,KELSO_2_N001,RTPD,MCL,LMP_LOSS_PRC,KELSO_2_N001,ALL,1,0.13398,3,4
2022-09-01T12:30:00-00:00,2022-09-01T12:45:00-00:00,2022-09-01,06,KELSO_2_N001,KELSO_2_N001,KELSO_2_N001,RTPD,MCL,LMP_LOSS_PRC,KELSO_2_N001,ALL,1,-0.24986,3,4
2022-09-01T13:30:00-00:00,2022-09-01T13:45:00-00:00,2022-09-01,07,KELSO_2_N001,KELSO_2_N001,KELSO_2_N001,RTPD,MCL,LMP_LOSS_PRC,KELSO_2_N001,ALL,1,0.06691,3,4
2022-09-01T14:30:00-00:00,2022-09-01T14:45:00-00:00,2022-09-01,08,KELSO_2_N001,KELSO_2_N001,KELSO_2_N001,RTPD,MCL,LMP_LOSS_PRC,KELSO_2_N001,ALL,1,1.51733,3,4
2022-09-01T15:30:00-00:00,2022-09-01T15:45:00-00:00,2022-09-01,09,KELSO_2_N001,KELSO_2_N001,KELSO_2_N001,RTPD,MCL,LMP_LOSS_PRC,KELSO_2_N001,ALL,1,0,3,4
2022-09-01T16:30:00-00:00,2022-09-01T16:45:00-00:00,2022-09-01,10,KELSO_2_N001,KELSO_2_N001,KELSO_2_N001,RTPD,MCL,LMP_LOSS_PRC,KELSO_2_N001,ALL,1,0,3,4
2022-09-01T17:30:00-00:00,2022-09-01T17:45:00-00:00,2022-09-01,11,KELSO_2_N001,KELSO_2_N001,KELSO_2_N001,RTPD,MCL,LMP_LOSS_PRC,KELSO_2_N001,ALL,1,0,3,4
2022-09-01T18:30:00-00:00,2022-09-01T18:45:00-00:00,2022-09-01,12,KELSO_2_N001,KELSO_2_N001,KELSO_2_N001,RTPD,MCL,LMP_LOSS_PRC,KELSO_2_N001,ALL,1,0,3,4
2022-09-01T19:30:00-00:00,2022-09-01T19:45:00-00:00,2022-09-01,13,KELSO_2_N001,KELSO_2_N001,KELSO_2_N001,RTPD,MCL,LMP_LOSS_PRC,KELSO_2_N001,ALL,1,0,3,4
2022-09-01T20:30:00-00:00,2022-09-01T20:45:00-00:00,2022-09-01,14,KELSO_2_N001,KELSO_2_N001,KELSO_2_N001,RTPD,MCL,LMP_LOSS_PRC,KELSO_2_N001,ALL,1,0,3,4
2022-09-01T21:30:00-00:00,2022-09-01T21:45:00-00:00,2022-09-01,15,KELSO_2_N001,KELSO_2_N001,KELSO_2_N001,RTPD,MCL,LMP_LOSS_PRC,KELSO_2_N001,ALL,1,0,3,4
2022-09-01T22:30:00-00:00,2022-09-01T22:45:00-00:00,2022-09-01,16,KELSO_2_N001,KELSO_2_N001,KELSO_2_N001,RTPD,MCL,LMP_LOSS_PRC,KELSO_2_N001,ALL,1,0,3,4
2022-09-01T23:30:00-00:00,2022-09-01T23:45:00-00:00,2022-09-01,17,KELSO_2_N001,KELSO_2_N001,KELSO_2_N001,RTPD,MCL,LMP_LOSS_PRC,KELSO_2_N001,ALL,1,0,3,4
2022-09-02T00:30:00-00:00,2022-09-02T00:45:00-00:00,2022-09-01,18,KELSO_2_N001,KELSO_2_N001,KELSO_2_N001,RTPD,MCL,LMP_LOSS_PRC,KELSO_2_N001,ALL,1,0,3,4
2022-09-02T01:30:00-00:00,2022-09-02T01:45:00-00:00,2022-09-01,19,KELSO_2_N001,KELSO_2_N001,KELSO_2_N001,RTPD,MCL,LMP_LOSS_PRC,KELSO_2_N001,ALL,1,0,3,4
2022-09-02T02:30:00-00:00,2022-09-02T02:45:00-00:00,2022-09-01,20,KELSO_2_N001,KELSO_2_N001,KELSO_2_N001,RTPD,MCL,LMP_LOSS_PRC,KELSO_2_N001,ALL,1,0,3,4
2022-09-02T03:30:00-00:00,2022-09-02T03:45:00-00:00,2022-09-01,21,KELSO_2_N001,KELSO_2_N001,KELSO_2_N001,RTPD,MCL,LMP_LOSS_PRC,KELSO_2_N001,ALL,1,2.01548,3,4
2022-09-02T04:30:00-00:00,2022-09-02T04:45:00-00:00,2022-09-01,22,KELSO_2_N001,KELSO_2_N001,KELSO_2_N001,RTPD,MCL,LMP_LOSS_PRC,KELSO_2_N001,ALL,1,-2.40302,3,4
2022-09-02T05:30:00-00:00,2022-09-02T05:45:00-00:00,2022-09-01,23,KELSO_2_N001,KELSO_2_N001,KELSO_2_N001,RTPD,MCL,LMP_LOSS_PRC,KELSO_2_N001,ALL,1,-1.2248,3,4
2022-09-02T06:30:00-00:00,2022-09-02T06:45:00-00:00,2022-09-01,24,KELSO_2_N001,KELSO_2_N001,KELSO_2_N001,RTPD,MCL,LMP_LOSS_PRC,KELSO_2_N001,ALL,1,-0.16768,3,4
2022-09-01T07:45:00-00:00,2022-09-01T08:00:00-00:00,2022-09-01,01,KELSO_2_N001,KELSO_2_N001,KELSO_2_N001,RTPD,MCL,LMP_LOSS_PRC,KELSO_2_N001,ALL,1,0,4,4
2022-09-01T08:45:00-00:00,2022-09-01T09:00:00-00:00,2022-09-01,02,KELSO_2_N001,KELSO_2_N001,KELSO_2_N001,RTPD,MCL,LMP_LOSS_PRC,KELSO_2_N001,ALL,1,-0.34557,4,4
2022-09-01T09:45:00-00:00,2022-09-01T10:00:00-00:00,2022-09-01,03,KELSO_2_N001,KELSO_2_N001,KELSO_2_N001,RTPD,MCL,LMP_LOSS_PRC,KELSO_2_N001,ALL,1,-0.51678,4,4
2022-09-01T10:45:00-00:00,2022-09-01T11:00:00-00:00,2022-09-01,04,KELSO_2_N001,KELSO_2_N001,KELSO_2_N001,RTPD,MCL,LMP_LOSS_PRC,KELSO_2_N001,ALL,1,0.00947,4,4
2022-09-01T11:45:00-00:00,2022-09-01T12:00:00-00:00,2022-09-01,05,KELSO_2_N001,KELSO_2_N001,KELSO_2_N001,RTPD,MCL,LMP_LOSS_PRC,KELSO_2_N001,ALL,1,0,4,4
2022-09-01T12:45:00-00:00,2022-09-01T13:00:00-00:00,2022-09-01,06,KELSO_2_N001,KELSO_2_N001,KELSO_2_N001,RTPD,MCL,LMP_LOSS_PRC,KELSO_2_N001,ALL,1,0,4,4
2022-09-01T13:45:00-00:00,2022-09-01T14:00:00-00:00,2022-09-01,07,KELSO_2_N001,KELSO_2_N001,KELSO_2_N001,RTPD,MCL,LMP_LOSS_PRC,KELSO_2_N001,ALL,1,0,4,4
2022-09-01T14:45:00-00:00,2022-09-01T15:00:00-00:00,2022-09-01,08,KELSO_2_N001,KELSO_2_N001,KELSO_2_N001,RTPD,MCL,LMP_LOSS_PRC,KELSO_2_N001,ALL,1,0,4,4
2022-09-01T15:45:00-00:00,2022-09-01T16:00:00-00:00,2022-09-01,09,KELSO_2_N001,KELSO_2_N001,KELSO_2_N001,RTPD,MCL,LMP_LOSS_PRC,KELSO_2_N001,ALL,1,0,4,4
2022-09-01T16:45:00-00:00,2022-09-01T17:00:00-00:00,2022-09-01,10,KELSO_2_N001,KELSO_2_N001,KELSO_2_N001,RTPD,MCL,LMP_LOSS_PRC,KELSO_2_N001,ALL,1,0,4,4
2022-09-01T17:45:00-00:00,2022-09-01T18:00:00-00:00,2022-09-01,11,KELSO_2_N001,KELSO_2_N001,KELSO_2_N001,RTPD,MCL,LMP_LOSS_PRC,KELSO_2_N001,ALL,1,0,4,4
2022-09-01T18:45:00-00:00,2022-09-01T19:00:00-00:00,2022-09-01,12,KELSO_2_N001,KELSO_2_N001,KELSO_2_N001,RTPD,MCL,LMP_LOSS_PRC,KELSO_2_N001,ALL,1,0,4,4
2022-09-01T19:45:00-00:00,2022-09-01T20:00:00-00:00,2022-09-01,13,KELSO_2_N001,KELSO_2_N001,KELSO_2_N001,RTPD,MCL,LMP_LOSS_PRC,KELSO_2_N001,ALL,1,0,4,4
2022-09-01T20:45:00-00:00,2022-09-01T21:00:00-00:00,2022-09-01,14,KELSO_2_N001,KELSO_2_N001,KELSO_2_N001,RTPD,MCL,LMP_LOSS_PRC,KELSO_2_N001,ALL,1,0,4,4
2022-09-01T21:45:00-00:00,2022-09-01T22:00:00-00:00,2022-09-01,15,KELSO_2_N001,KELSO_2_N001,KELSO_2_N001,RTPD,MCL,LMP_LOSS_PRC,KELSO_2_N001,ALL,1,0,4,4
2022-09-01T22:45:00-00:00,2022-09-01T23:00:00-00:00,2022-09-01,16,KELSO_2_N001,KELSO_2_N001,KELSO_2_N001,RTPD,MCL,LMP_LOSS_PRC,KELSO_2_N001,ALL,1,0,4,4
2022-09-01T23:45:00-00:00,2022-09-02T00:00:00-00:00,2022-09-01,17,KELSO_2_N001,KELSO_2_N001,KELSO_2_N001,RTPD,MCL,LMP_LOSS_PRC,KELSO_2_N001,ALL,1,0,4,4
2022-09-02T00:45:00-00:00,2022-09-02T01:00:00-00:00,2022-09-01,18,KELSO_2_N001,KELSO_2_N001,KELSO_2_N001,RTPD,MCL,LMP_LOSS_PRC,KELSO_2_N001,ALL,1,0,4,4
2022-09-02T01:45:00-00:00,2022-09-02T02:00:00-00:00,2022-09-01,19,KELSO_2_N001,KELSO_2_N001,KELSO_2_N001,RTPD,MCL,LMP_LOSS_PRC,KELSO_2_N001,ALL,1,0,4,4
2022-09-02T02:45:00-00:00,2022-09-02T03:00:00-00:00,2022-09-01,20,KELSO_2_N001,KELSO_2_N001,KELSO_2_N001,RTPD,MCL,LMP_LOSS_PRC,KELSO_2_N001,ALL,1,32.59243,4,4
2022-09-02T03:45:00-00:00,2022-09-02T04:00:00-00:00,2022-09-01,21,KELSO_2_N001,KELSO_2_N001,KELSO_2_N001,RTPD,MCL,LMP_LOSS_PRC,KELSO_2_N001,ALL,1,0.66334,4,4
2022-09-02T04:45:00-00:00,2022-09-02T05:00:00-00:00,2022-09-01,22,KELSO_2_N001,KELSO_2_N001,KELSO_2_N001,RTPD,MCL,LMP_LOSS_PRC,KELSO_2_N001,ALL,1,-0.9127,4,4
2022-09-02T05:45:00-00:00,2022-09-02T06:00:00-00:00,2022-09-01,23,KELSO_2_N001,KELSO_2_N001,KELSO_2_N001,RTPD,MCL,LMP_LOSS_PRC,KELSO_2_N001,ALL,1,-0.34513,4,4
2022-09-02T06:45:00-00:00,2022-09-02T07:00:00-00:00,2022-09-01,24,KELSO_2_N001,KELSO_2_N001,KELSO_2_N001,RTPD,MCL,LMP_LOSS_PRC,KELSO_2_N001,ALL,1,0.41497,4,4
2022-09-01T07:00:00-00:00,2022-09-01T07:15:00-00:00,2022-09-01,01,KELSO_2_N001,KELSO_2_N001,KELSO_2_N001,RTPD,MGHG,LMP_GHG_PRC,KELSO_2_N001,ALL,1,0,1,5
2022-09-01T08:00:00-00:00,2022-09-01T08:15:00-00:00,2022-09-01,02,KELSO_2_N001,KELSO_2_N001,KELSO_2_N001,RTPD,MGHG,LMP_GHG_PRC,KELSO_2_N001,ALL,1,0,1,5
2022-09-01T09:00:00-00:00,2022-09-01T09:15:00-00:00,2022-09-01,03,KELSO_2_N001,KELSO_2_N001,KELSO_2_N001,RTPD,MGHG,LMP_GHG_PRC,KELSO_2_N001,ALL,1,0,1,5
2022-09-01T10:00:00-00:00,2022-09-01T10:15:00-00:00,2022-09-01,04,KELSO_2_N001,KELSO_2_N001,KELSO_2_N001,RTPD,MGHG,LMP_GHG_PRC,KELSO_2_N001,ALL,1,0,1,5
2022-09-01T11:00:00-00:00,2022-09-01T11:15:00-00:00,2022-09-01,05,KELSO_2_N001,KELSO_2_N001,KELSO_2_N001,RTPD,MGHG,LMP_GHG_PRC,KELSO_2_N001,ALL,1,0,1,5
2022-09-01T12:00:00-00:00,2022-09-01T12:15:00-00:00,2022-09-01,06,KELSO_2_N001,KELSO_2_N001,KELSO_2_N001,RTPD,MGHG,LMP_GHG_PRC,KELSO_2_N001,ALL,1,0,1,5
2022-09-01T13:00:00-00:00,2022-09-01T13:15:00-00:00,2022-09-01,07,KELSO_2_N001,KELSO_2_N001,KELSO_2_N001,RTPD,MGHG,LMP_GHG_PRC,KELSO_2_N001,ALL,1,0,1,5
2022-09-01T14:00:00-00:00,2022-09-01T14:15:00-00:00,2022-09-01,08,KELSO_2_N001,KELSO_2_N001,KELSO_2_N001,RTPD,MGHG,LMP_GHG_PRC,KELSO_2_N001,ALL,1,0,1,5
2022-09-01T15:00:00-00:00,2022-09-01T15:15:00-00:00,2022-09-01,09,KELSO_2_N001,KELSO_2_N001,KELSO_2_N001,RTPD,MGHG,LMP_GHG_PRC,KELSO_2_N001,ALL,1,0,1,5
2022-09-01T16:00:00-00:00,2022-09-01T16:15:00-00:00,2022-09-01,10,KELSO_2_N001,KELSO_2_N001,KELSO_2_N001,RTPD,MGHG,LMP_GHG_PRC,KELSO_2_N001,ALL,1,0,1,5
2022-09-01T17:00:00-00:00,2022-09-01T17:15:00-00:00,2022-09-01,11,KELSO_2_N001,KELSO_2_N001,KELSO_2_N001,RTPD,MGHG,LMP_GHG_PRC,KELSO_2_N001,ALL,1,0,1,5
2022-09-01T18:00:00-00:00,2022-09-01T18:15:00-00:00,2022-09-01,12,KELSO_2_N001,KELSO_2_N001,KELSO_2_N001,RTPD,MGHG,LMP_GHG_PRC,KELSO_2_N001,ALL,1,0,1,5
2022-09-01T19:00:00-00:00,2022-09-01T19:15:00-00:00,2022-09-01,13,KELSO_2_N001,KELSO_2_N001,KELSO_2_N001,RTPD,MGHG,LMP_GHG_PRC,KELSO_2_N001,ALL,1,0,1,5
2022-09-01T20:00:00-00:00,2022-09-01T20:15:00-00:00,2022-09-01,14,KELSO_2_N001,KELSO_2_N001,KELSO_2_N001,RTPD,MGHG,LMP_GHG_PRC,KELSO_2_N001,ALL,1,0,1,5
2022-09-01T21:00:00-00:00,2022-09-01T21:15:00-00:00,2022-09-01,15,KELSO_2_N001,KELSO_2_N001,KELSO_2_N001,RTPD,MGHG,LMP_GHG_PRC,KELSO_2_N001,ALL,1,0,1,5
2022-09-01T22:00:00-00:00,2022-09-01T22:15:00-00:00,2022-09-01,16,KELSO_2_N001,KELSO_2_N001,KELSO_2_N001,RTPD,MGHG,LMP_GHG_PRC,KELSO_2_N001,ALL,1,0,1,5
2022-09-01T23:00:00-00:00,2022-09-01T23:15:00-00:00,2022-09-01,17,KELSO_2_N001,KELSO_2_N001,KELSO_2_N001,RTPD,MGHG,LMP_GHG_PRC,KELSO_2_N001,ALL,1,0,1,5
2022-09-02T00:00:00-00:00,2022-09-02T00:15:00-00:00,2022-09-01,18,KELSO_2_N001,KELSO_2_N001,KELSO_2_N001,RTPD,MGHG,LMP_GHG_PRC,KELSO_2_N001,ALL,1,0,1,5
2022-09-02T01:00:00-00:00,2022-09-02T01:15:00-00:00,2022-09-01,19,KELSO_2_N001,KELSO_2_N001,KELSO_2_N001,RTPD,MGHG,LMP_GHG_PRC,KELSO_2_N001,ALL,1,0,1,5
2022-09-02T02:00:00-00:00,2022-09-02T02:15:00-00:00,2022-09-01,20,KELSO_2_N001,KELSO_2_N001,KELSO_2_N001,RTPD,MGHG,LMP_GHG_PRC,KELSO_2_N001,ALL,1,0,1,5
2022-09-02T03:00:00-00:00,2022-09-02T03:15:00-00:00,2022-09-01,21,KELSO_2_N001,KELSO_2_N001,KELSO_2_N001,RTPD,MGHG,LMP_GHG_PRC,KELSO_2_N001,ALL,1,0,1,5
2022-09-02T04:00:00-00:00,2022-09-02T04:15:00-00:00,2022-09-01,22,KELSO_2_N001,KELSO_2_N001,KELSO_2_N001,RTPD,MGHG,LMP_GHG_PRC,KELSO_2_N001,ALL,1,0,1,5
2022-09-02T05:00:00-00:00,2022-09-02T05:15:00-00:00,2022-09-01,23,KELSO_2_N001,KELSO_2_N001,KELSO_2_N001,RTPD,MGHG,LMP_GHG_PRC,KELSO_2_N001,ALL,1,0,1,5
2022-09-02T06:00:00-00:00,2022-09-02T06:15:00-00:00,2022-09-01,24,KELSO_2_N001,KELSO_2_N001,KELSO_2_N001,RTPD,MGHG,LMP_GHG_PRC,KELSO_2_N001,ALL,1,0,1,5
2022-09-01T07:15:00-00:00,2022-09-01T07:30:00-00:00,2022-09-01,01,KELSO_2_N001,KELSO_2_N001,KELSO_2_N001,RTPD,MGHG,LMP_GHG_PRC,KELSO_2_N001,ALL,1,0,2,5
2022-09-01T08:15:00-00:00,2022-09-01T08:30:00-00:00,2022-09-01,02,KELSO_2_N001,KELSO_2_N001,KELSO_2_N001,RTPD,MGHG,LMP_GHG_PRC,KELSO_2_N001,ALL,1,0,2,5
2022-09-01T09:15:00-00:00,2022-09-01T09:30:00-00:00,2022-09-01,03,KELSO_2_N001,KELSO_2_N001,KELSO_2_N001,RTPD,MGHG,LMP_GHG_PRC,KELSO_2_N001,ALL,1,0,2,5
2022-09-01T10:15:00-00:00,2022-09-01T10:30:00-00:00,2022-09-01,04,KELSO_2_N001,KELSO_2_N001,KELSO_2_N001,RTPD,MGHG,LMP_GHG_PRC,KELSO_2_N001,ALL,1,0,2,5
2022-09-01T11:15:00-00:00,2022-09-01T11:30:00-00:00,2022-09-01,05,KELSO_2_N001,KELSO_2_N001,KELSO_2_N001,RTPD,MGHG,LMP_GHG_PRC,KELSO_2_N001,ALL,1,0,2,5
2022-09-01T12:15:00-00:00,2022-09-01T12:30:00-00:00,2022-09-01,06,KELSO_2_N001,KELSO_2_N001,KELSO_2_N001,RTPD,MGHG,LMP_GHG_PRC,KELSO_2_N001,ALL,1,0,2,5
2022-09-01T13:15:00-00:00,2022-09-01T13:30:00-00:00,2022-09-01,07,KELSO_2_N001,KELSO_2_N001,KELSO_2_N001,RTPD,MGHG,LMP_GHG_PRC,KELSO_2_N001,ALL,1,0,2,5
2022-09-01T14:15:00-00:00,2022-09-01T14:30:00-00:00,2022-09-01,08,KELSO_2_N001,KELSO_2_N001,KELSO_2_N001,RTPD,MGHG,LMP_GHG_PRC,KELSO_2_N001,ALL,1,0,2,5
2022-09-01T15:15:00-00:00,2022-09-01T15:30:00-00:00,2022-09-01,09,KELSO_2_N001,KELSO_2_N001,KELSO_2_N001,RTPD,MGHG,LMP_GHG_PRC,KELSO_2_N001,ALL,1,0,2,5
2022-09-01T16:15:00-00:00,2022-09-01T16:30:00-00:00,2022-09-01,10,KELSO_2_N001,KELSO_2_N001,KELSO_2_N001,RTPD,MGHG,LMP_GHG_PRC,KELSO_2_N001,ALL,1,0,2,5
2022-09-01T17:15:00-00:00,2022-09-01T17:30:00-00:00,2022-09-01,11,KELSO_2_N001,KELSO_2_N001,KELSO_2_N001,RTPD,MGHG,LMP_GHG_PRC,KELSO_2_N001,ALL,1,0,2,5
2022-09-01T18:15:00-00:00,2022-09-01T18:30:00-00:00,2022-09-01,12,KELSO_2_N001,KELSO_2_N001,KELSO_2_N001,RTPD,MGHG,LMP_GHG_PRC,KELSO_2_N001,ALL,1,0,2,5
2022-09-01T19:15:00-00:00,2022-09-01T19:30:00-00:00,2022-09-01,13,KELSO_2_N001,KELSO_2_N001,KELSO_2_N001,RTPD,MGHG,LMP_GHG_PRC,KELSO_2_N001,ALL,1,0,2,5
2022-09-01T20:15:00-00:00,2022-09-01T20:30:00-00:00,2022-09-01,14,KELSO_2_N001,KELSO_2_N001,KELSO_2_N001,RTPD,MGHG,LMP_GHG_PRC,KELSO_2_N001,ALL,1,0,2,5
2022-09-01T21:15:00-00:00,2022-09-01T21:30:00-00:00,2022-09-01,15,KELSO_2_N001,KELSO_2_N001,KELSO_2_N001,RTPD,MGHG,LMP_GHG_PRC,KELSO_2_N001,ALL,1,0,2,5
2022-09-01T22:15:00-00:00,2022-09-01T22:30:00-00:00,2022-09-01,16,KELSO_2_N001,KELSO_2_N001,KELSO_2_N001,RTPD,MGHG,LMP_GHG_PRC,KELSO_2_N001,ALL,1,0,2,5
2022-09-01T23:15:00-00:00,2022-09-01T23:30:00-00:00,2022-09-01,17,KELSO_2_N001,KELSO_2_N001,KELSO_2_N001,RTPD,MGHG,LMP_GHG_PRC,KELSO_2_N001,ALL,1,0,2,5
2022-09-02T00:15:00-00:00,2022-09-02T00:30:00-00:00,2022-09-01,18,KELSO_2_N001,KELSO_2_N001,KELSO_2_N001,RTPD,MGHG,LMP_GHG_PRC,KELSO_2_N001,ALL,1,0,2,5
2022-09-02T01:15:00-00:00,2022-09-02T01:30:00-00:00,2022-09-01,19,KELSO_2_N001,KELSO_2_N001,KELSO_2_N001,RTPD,MGHG,LMP_GHG_PRC,KELSO_2_N001,ALL,1,0,2,5
2022-09-02T02:15:00-00:00,2022-09-02T02:30:00-00:00,2022-09-01,20,KELSO_2_N001,KELSO_2_N001,KELSO_2_N001,RTPD,MGHG,LMP_GHG_PRC,KELSO_2_N001,ALL,1,0,2,5
2022-09-02T03:15:00-00:00,2022-09-02T03:30:00-00:00,2022-09-01,21,KELSO_2_N001,KELSO_2_N001,KELSO_2_N001,RTPD,MGHG,LMP_GHG_PRC,KELSO_2_N001,ALL,1,0,2,5
2022-09-02T04:15:00-00:00,2022-09-02T04:30:00-00:00,2022-09-01,22,KELSO_2_N001,KELSO_2_N001,KELSO_2_N001,RTPD,MGHG,LMP_GHG_PRC,KELSO_2_N001,ALL,1,0,2,5
2022-09-02T05:15:00-00:00,2022-09-02T05:30:00-00:00,2022-09-01,23,KELSO_2_N001,KELSO_2_N001,KELSO_2_N001,RTPD,MGHG,LMP_GHG_PRC,KELSO_2_N001,ALL,1,0,2,5
2022-09-02T06:15:00-00:00,2022-09-02T06:30:00-00:00,2022-09-01,24,KELSO_2_N001,KELSO_2_N001,KELSO_2_N001,RTPD,MGHG,LMP_GHG_PRC,KELSO_2_N001,ALL,1,0,2,5
2022-09-01T07:30:00-00:00,2022-09-01T07:45:00-00:00,2022-09-01,01,KELSO_2_N001,KELSO_2_N001,KELSO_2_N001,RTPD,MGHG,LMP_GHG_PRC,KELSO_2_N001,ALL,1,0,3,5
2022-09-01T08:30:00-00:00,2022-09-01T08:45:00-00:00,2022-09-01,02,KELSO_2_N001,KELSO_2_N001,KELSO_2_N001,RTPD,MGHG,LMP_GHG_PRC,KELSO_2_N001,ALL,1,0,3,5
2022-09-01T09:30:00-00:00,2022-09-01T09:45:00-00:00,2022-09-01,03,KELSO_2_N001,KELSO_2_N001,KELSO_2_N001,RTPD,MGHG,LMP_GHG_PRC,KELSO_2_N001,ALL,1,0,3,5
2022-09-01T10:30:00-00:00,2022-09-01T10:45:00-00:00,2022-09-01,04,KELSO_2_N001,KELSO_2_N001,KELSO_2_N001,RTPD,MGHG,LMP_GHG_PRC,KELSO_2_N001,ALL,1,0,3,5
2022-09-01T11:30:00-00:00,2022-09-01T11:45:00-00:00,2022-09-01,05,KELSO_2_N001,KELSO_2_N001,KELSO_2_N001,RTPD,MGHG,LMP_GHG_PRC,KELSO_2_N001,ALL,1,0,3,5
2022-09-01T12:30:00-00:00,2022-09-01T12:45:00-00:00,2022-09-01,06,KELSO_2_N001,KELSO_2_N001,KELSO_2_N001,RTPD,MGHG,LMP_GHG_PRC,KELSO_2_N001,ALL,1,0,3,5
2022-09-01T13:30:00-00:00,2022-09-01T13:45:00-00:00,2022-09-01,07,KELSO_2_N001,KELSO_2_N001,KELSO_2_N001,RTPD,MGHG,LMP_GHG_PRC,KELSO_2_N001,ALL,1,0,3,5
2022-09-01T14:30:00-00:00,2022-09-01T14:45:00-00:00,2022-09-01,08,KELSO_2_N001,KELSO_2_N001,KELSO_2_N001,RTPD,MGHG,LMP_GHG_PRC,KELSO_2_N001,ALL,1,0,3,5
2022-09-01T15:30:00-00:00,2022-09-01T15:45:00-00:00,2022-09-01,09,KELSO_2_N001,KELSO_2_N001,KELSO_2_N001,RTPD,MGHG,LMP_GHG_PRC,KELSO_2_N001,ALL,1,0,3,5
2022-09-01T16:30:00-00:00,2022-09-01T16:45:00-00:00,2022-09-01,10,KELSO_2_N001,KELSO_2_N001,KELSO_2_N001,RTPD,MGHG,LMP_GHG_PRC,KELSO_2_N001,ALL,1,0,3,5
2022-09-01T17:30:00-00:00,2022-09-01T17:45:00-00:00,2022-09-01,11,KELSO_2_N001,KELSO_2_N001,KELSO_2_N001,RTPD,MGHG,LMP_GHG_PRC,KELSO_2_N001,ALL,1,0,3,5
2022-09-01T18:30:00-00:00,2022-09-01T18:45:00-00:00,2022-09-01,12,KELSO_2_N001,KELSO_2_N001,KELSO_2_N001,RTPD,MGHG,LMP_GHG_PRC,KELSO_2_N001,ALL,1,0,3,5
2022-09-01T19:30:00-00:00,2022-09-01T19:45:00-00:00,2022-09-01,13,KELSO_2_N001,KELSO_2_N001,KELSO_2_N001,RTPD,MGHG,LMP_GHG_PRC,KELSO_2_N001,ALL,1,0,3,5
2022-09-01T20:30:00-00:00,2022-09-01T20:45:00-00:00,2022-09-01,14,KELSO_2_N001,KELSO_2_N001,KELSO_2_N001,RTPD,MGHG,LMP_GHG_PRC,KELSO_2_N001,ALL,1,0,3,5
2022-09-01T21:30:00-00:00,2022-09-01T21:45:00-00:00,2022-09-01,15,KELSO_2_N001,KELSO_2_N001,KELSO_2_N001,RTPD,MGHG,LMP_GHG_PRC,KELSO_2_N001,ALL,1,0,3,5
2022-09-01T22:30:00-00:00,2022-09-01T22:45:00-00:00,2022-09-01,16,KELSO_2_N001,KELSO_2_N001,KELSO_2_N001,RTPD,MGHG,LMP_GHG_PRC,KELSO_2_N001,ALL,1,0,3,5
2022-09-01T23:30:00-00:00,2022-09-01T23:45:00-00:00,2022-09-01,17,KELSO_2_N001,KELSO_2_N001,KELSO_2_N001,RTPD,MGHG,LMP_GHG_PRC,KELSO_2_N001,ALL,1,0,3,5
2022-09-02T00:30:00-00:00,2022-09-02T00:45:00-00:00,2022-09-01,18,KELSO_2_N001,KELSO_2_N001,KELSO_2_N001,RTPD,MGHG,LMP_GHG_PRC,KELSO_2_N001,ALL,1,0,3,5
2022-09-02T01:30:00-00:00,2022-09-02T01:45:00-00:00,2022-09-01,19,KELSO_2_N001,KELSO_2_N001,KELSO_2_N001,RTPD,MGHG,LMP_GHG_PRC,KELSO_2_N001,ALL,1,0,3,5
2022-09-02T02:30:00-00:00,2022-09-02T02:45:00-00:00,2022-09-01,20,KELSO_2_N001,KELSO_2_N001,KELSO_2_N001,RTPD,MGHG,LMP_GHG_PRC,KELSO_2_N001,ALL,1,0,3,5
2022-09-02T03:30:00-00:00,2022-09-02T03:45:00-00:00,2022-09-01,21,KELSO_2_N001,KELSO_2_N001,KELSO_2_N001,RTPD,MGHG,LMP_GHG_PRC,KELSO_2_N001,ALL,1,0,3,5
2022-09-02T04:30:00-00:00,2022-09-02T04:45:00-00:00,2022-09-01,22,KELSO_2_N001,KELSO_2_N001,KELSO_2_N001,RTPD,MGHG,LMP_GHG_PRC,KELSO_2_N001,ALL,1,0,3,5
2022-09-02T05:30:00-00:00,2022-09-02T05:45:00-00:00,2022-09-01,23,KELSO_2_N001,KELSO_2_N001,KELSO_2_N001,RTPD,MGHG,LMP_GHG_PRC,KELSO_2_N001,ALL,1,0,3,5
2022-09-02T06:30:00-00:00,2022-09-02T06:45:00-00:00,2022-09-01,24,KELSO_2_N001,KELSO_2_N001,KELSO_2_N001,RTPD,MGHG,LMP_GHG_PRC,KELSO_2_N001,ALL,1,0,3,5
2022-09-01T07:45:00-00:00,2022-09-01T08:00:00-00:00,2022-09-01,01,KELSO_2_N001,KELSO_2_N001,KELSO_2_N001,RTPD,MGHG,LMP_GHG_PRC,KELSO_2_N001,ALL,1,0,4,5
2022-09-01T08:45:00-00:00,2022-09-01T09:00:00-00:00,2022-09-01,02,KELSO_2_N001,KELSO_2_N001,KELSO_2_N001,RTPD,MGHG,LMP_GHG_PRC,KELSO_2_N001,ALL,1,0,4,5
2022-09-01T09:45:00-00:00,2022-09-01T10:00:00-00:00,2022-09-01,03,KELSO_2_N001,KELSO_2_N001,KELSO_2_N001,RTPD,MGHG,LMP_GHG_PRC,KELSO_2_N001,ALL,1,0,4,5
2022-09-01T10:45:00-00:00,2022-09-01T11:00:00-00:00,2022-09-01,04,KELSO_2_N001,KELSO_2_N001,KELSO_2_N001,RTPD,MGHG,LMP_GHG_PRC,KELSO_2_N001,ALL,1,0,4,5
2022-09-01T11:45:00-00:00,2022-09-01T12:00:00-00:00,2022-09-01,05,KELSO_2_N001,KELSO_2_N001,KELSO_2_N001,RTPD,MGHG,LMP_GHG_PRC,KELSO_2_N001,ALL,1,0,4,5
2022-09-01T12:45:00-00:00,2022-09-01T13:00:00-00:00,2022-09-01,06,KELSO_2_N001,KELSO_2_N001,KELSO_2_N001,RTPD,MGHG,LMP_GHG_PRC,KELSO_2_N001,ALL,1,0,4,5
2022-09-01T13:45:00-00:00,2022-09-01T14:00:00-00:00,2022-09-01,07,KELSO_2_N001,KELSO_2_N001,KELSO_2_N001,RTPD,MGHG,LMP_GHG_PRC,KELSO_2_N001,ALL,1,0,4,5
2022-09-01T14:45:00-00:00,2022-09-01T15:00:00-00:00,2022-09-01,08,KELSO_2_N001,KELSO_2_N001,KELSO_2_N001,RTPD,MGHG,LMP_GHG_PRC,KELSO_2_N001,ALL,1,0,4,5
2022-09-01T15:45:00-00:00,2022-09-01T16:00:00-00:00,2022-09-01,09,KELSO_2_N001,KELSO_2_N001,KELSO_2_N001,RTPD,MGHG,LMP_GHG_PRC,KELSO_2_N001,ALL,1,0,4,5
2022-09-01T16:45:00-00:00,2022-09-01T17:00:00-00:00,2022-09-01,10,KELSO_2_N001,KELSO_2_N001,KELSO_2_N001,RTPD,MGHG,LMP_GHG_PRC,KELSO_2_N001,ALL,1,0,4,5
2022-09-01T17:45:00-00:00,2022-09-01T18:00:00-00:00,2022-09-01,11,KELSO_2_N001,KELSO_2_N001,KELSO_2_N001,RTPD,MGHG,LMP_GHG_PRC,KELSO_2_N001,ALL,1,0,4,5
2022-09-01T18:45:00-00:00,2022-09-01T19:00:00-00:00,2022-09-01,12,KELSO_2_N001,KELSO_2_N001,KELSO_2_N001,RTPD,MGHG,LMP_GHG_PRC,KELSO_2_N001,ALL,1,0,4,5
2022-09-01T19:45:00-00:00,2022-09-01T20:00:00-00:00,2022-09-01,13,KELSO_2_N001,KELSO_2_N001,KELSO_2_N001,RTPD,MGHG,LMP_GHG_PRC,KELSO_2_N001,ALL,1,0,4,5
2022-09-01T20:45:00-00:00,2022-09-01T21:00:00-00:00,2022-09-01,14,KELSO_2_N001,KELSO_2_N001,KELSO_2_N001,RTPD,MGHG,LMP_GHG_PRC,KELSO_2_N001,ALL,1,0,4,5
2022-09-01T21:45:00-00:00,2022-09-01T22:00:00-00:00,2022-09-01,15,KELSO_2_N001,KELSO_2_N001,KELSO_2_N001,RTPD,MGHG,LMP_GHG_PRC,KELSO_2_N001,ALL,1,0,4,5
2022-09-01T22:45:00-00:00,2022-09-01T23:00:00-00:00,2022-09-01,16,KELSO_2_N001,KELSO_2_N001,KELSO_2_N001,RTPD,MGHG,LMP_GHG_PRC,KELSO_2_N001,ALL,1,0,4,5
2022-09-01T23:45:00-00:00,2022-09-02T00:00:00-00:00,2022-09-01,17,KELSO_2_N001,KELSO_2_N001,KELSO_2_N001,RTPD,MGHG,LMP_GHG_PRC,KELSO_2_N001,ALL,1,0,4,5
2022-09-02T00:45:00-00:00,2022-09-02T01:00:00-00:00,2022-09-01,18,KELSO_2_N001,KELSO_2_N001,KELSO_2_N001,RTPD,MGHG,LMP_GHG_PRC,KELSO_2_N001,ALL,1,0,4,5
2022-09-02T01:45:00-00:00,2022-09-02T02:00:00-00:00,2022-09-01,19,KELSO_2_N001,KELSO_2_N001,KELSO_2_N001,RTPD,MGHG,LMP_GHG_PRC,KELSO_2_N001,ALL,1,0,4,5
2022-09-02T02:45:00-00:00,2022-09-02T03:00:00-00:00,2022-09-01,20,KELSO_2_N001,KELSO_2_N001,KELSO_2_N001,RTPD,MGHG,LMP_GHG_PRC,KELSO_2_N001,ALL,1,0,4,5
2022-09-02T03:45:00-00:00,2022-09-02T04:00:00-00:00,2022-09-01,21,KELSO_2_N001,KELSO_2_N001,KELSO_2_N001,RTPD,MGHG,LMP_GHG_PRC,KELSO_2_N001,ALL,1,0,4,5
2022-09-02T04:45:00-00:00,2022-09-02T05:00:00-00:00,2022-09-01,22,KELSO_2_N001,KELSO_2_N001,KELSO_2_N001,RTPD,MGHG,LMP_GHG_PRC,KELSO_2_N001,ALL,1,0,4,5
2022-09-02T05:45:00-00:00,2022-09-02T06:00:00-00:00,2022-09-01,23,KELSO_2_N001,KELSO_2_N001,KELSO_2_N001,RTPD,MGHG,LMP_GHG_PRC,KELSO_2_N001,ALL,1,0,4,5
2022-09-02T06:45:00-00:00,2022-09-02T07:00:00-00:00,2022-09-01,24,KELSO_2_N001,KELSO_2_N001,KELSO_2_N001,RTPD,MGHG,LMP_GHG_PRC,KELSO_2_N001,ALL,1,0,4,5
2022-09-01T07:00:00-00:00,2022-09-01T07:15:00-00:00,2022-09-01,01,KERCK1G1_7_B2,KERCK1G1_7_B2,KERCK1G1_7_B2,RTPD,LMP,LMP_PRC,KERCK1G1_7_B2,ALL,1,83.62616,1,6
2022-09-01T08:00:00-00:00,2022-09-01T08:15:00-00:00,2022-09-01,02,KERCK1G1_7_B2,KERCK1G1_7_B2,KERCK1G1_7_B2,RTPD,LMP,LMP_PRC,KERCK1G1_7_B2,ALL,1,111.7478,1,6
2022-09-01T09:00:00-00:00,2022-09-01T09:15:00-00:00,2022-09-01,03,KERCK1G1_7_B2,KERCK1G1_7_B2,KERCK1G1_7_B2,RTPD,LMP,LMP_PRC,KERCK1G1_7_B2,ALL,1,107.78219,1,6
2022-09-01T10:00:00-00:00,2022-09-01T10:15:00-00:00,2022-09-01,04,KERCK1G1_7_B2,KERCK1G1_7_B2,KERCK1G1_7_B2,RTPD,LMP,LMP_PRC,KERCK1G1_7_B2,ALL,1,104.0391,1,6
2022-09-01T11:00:00-00:00,2022-09-01T11:15:00-00:00,2022-09-01,05,KERCK1G1_7_B2,KERCK1G1_7_B2,KERCK1G1_7_B2,RTPD,LMP,LMP_PRC,KERCK1G1_7_B2,ALL,1,114.49731,1,6
2022-09-01T12:00:00-00:00,2022-09-01T12:15:00-00:00,2022-09-01,06,KERCK1G1_7_B2,KERCK1G1_7_B2,KERCK1G1_7_B2,RTPD,LMP,LMP_PRC,KERCK1G1_7_B2,ALL,1,97.13316,1,6
2022-09-01T13:00:00-00:00,2022-09-01T13:15:00-00:00,2022-09-01,07,KERCK1G1_7_B2,KERCK1G1_7_B2,KERCK1G1_7_B2,RTPD,LMP,LMP_PRC,KERCK1G1_7_B2,ALL,1,86.71212,1,6
2022-09-01T14:00:00-00:00,2022-09-01T14:15:00-00:00,2022-09-01,08,KERCK1G1_7_B2,KERCK1G1_7_B2,KERCK1G1_7_B2,RTPD,LMP,LMP_PRC,KERCK1G1_7_B2,ALL,1,123.39008,1,6
2022-09-01T15:00:00-00:00,2022-09-01T15:15:00-00:00,2022-09-01,09,KERCK1G1_7_B2,KERCK1G1_7_B2,KERCK1G1_7_B2,RTPD,LMP,LMP_PRC,KERCK1G1_7_B2,ALL,1,97.4112,1,6
2022-09-01T16:00:00-00:00,2022-09-01T16:15:00-00:00,2022-09-01,10,KERCK1G1_7_B2,KERCK1G1_7_B2,KERCK1G1_7_B2,RTPD,LMP,LMP_PRC,KERCK1G1_7_B2,ALL,1,83.43525,1,6
2022-09-01T17:00:00-00:00,2022-09-01T17:15:00-00:00,2022-09-01,11,KERCK1G1_7_B2,KERCK1G1_7_B2,KERCK1G1_7_B2,RTPD,LMP,LMP_PRC,KERCK1G1_7_B2,ALL,1,78.30925,1,6
2022-09-01T18:00:00-00:00,2022-09-01T18:15:00-00:00,2022-09-01,12,KERCK1G1_7_B2,KERCK1G1_7_B2,KERCK1G1_7_B2,RTPD,LMP,LMP_PRC,KERCK1G1_7_B2,ALL,1,55.3113,1,6
2022-09-01T19:00:00-00:00,2022-09-01T19:15:00-00:00,2022-09-01,13,KERCK1G1_7_B2,KERCK1G1_7_B2,KERCK1G1_7_B2,RTPD,LMP,LMP_PRC,KERCK1G1_7_B2,ALL,1,69.19025,1,6
2022-09-01T20:00:00-00:00,2022-09-01T20:15:00-00:00,2022-09-01,14,KERCK1G1_7_B2,KERCK1G1_7_B2,KERCK1G1_7_B2,RTPD,LMP,LMP_PRC,KERCK1G1_7_B2,ALL,1,114.01026,1,6
2022-09-01T21:00:00-00:00,2022-09-01T21:15:00-00:00,2022-09-01,15,KERCK1G1_7_B2,KERCK1G1_7_B2,KERCK1G1_7_B2,RTPD,LMP,LMP_PRC,KERCK1G1_7_B2,ALL,1,115.84912,1,6
2022-09-01T22:00:00-00:00,2022-09-01T22:15:00-00:00,2022-09-01,16,KERCK1G1_7_B2,KERCK1G1_7_B2,KERCK1G1_7_B2,RTPD,LMP,LMP_PRC,KERCK1G1_7_B2,ALL,1,109.18685,1,6
2022-09-01T23:00:00-00:00,2022-09-01T23:15:00-00:00,2022-09-01,17,KERCK1G1_7_B2,KERCK1G1_7_B2,KERCK1G1_7_B2,RTPD,LMP,LMP_PRC,KERCK1G1_7_B2,ALL,1,192.821,1,6
2022-09-02T00:00:00-00:00,2022-09-02T00:15:00-00:00,2022-09-01,18,KERCK1G1_7_B2,KERCK1G1_7_B2,KERCK1G1_7_B2,RTPD,LMP,LMP_PRC,KERCK1G1_7_B2,ALL,1,1093.3032,1,6
2022-09-02T01:00:00-00:00,2022-09-02T01:15:00-00:00,2022-09-01,19,KERCK1G1_7_B2,KERCK1G1_7_B2,KERCK1G1_7_B2,RTPD,LMP,LMP_PRC,KERCK1G1_7_B2,ALL,1,1304.7605,1,6
2022-09-02T02:00:00-00:00,2022-09-02T02:15:00-00:00,2022-09-01,20,KERCK1G1_7_B2,KERCK1G1_7_B2,KERCK1G1_7_B2,RTPD,LMP,LMP_PRC,KERCK1G1_7_B2,ALL,1,1991.6721,1,6
2022-09-02T03:00:00-00:00,2022-09-02T03:15:00-00:00,2022-09-01,21,KERCK1G1_7_B2,KERCK1G1_7_B2,KERCK1G1_7_B2,RTPD,LMP,LMP_PRC,KERCK1G1_7_B2,ALL,1,1569.8778,1,6
2022-09-02T04:00:00-00:00,2022-09-02T04:15:00-00:00,2022-09-01,22,KERCK1G1_7_B2,KERCK1G1_7_B2,KERCK1G1_7_B2,RTPD,LMP,LMP_PRC,KERCK1G1_7_B2,ALL,1,1543.6049,1,6
2022-09-02T05:00:00-00:00,2022-09-02T05:15:00-00:00,2022-09-01,23,KERCK1G1_7_B2,KERCK1G1_7_B2,KERCK1G1_7_B2,RTPD,LMP,LMP_PRC,KERCK1G1_7_B2,ALL,1,220.78818,1,6
2022-09-02T06:00:00-00:00,2022-09-02T06:15:00-00:00,2022-09-01,24,KERCK1G1_7_B2,KERCK1G1_7_B2,KERCK1G1_7_B2,RTPD,LMP,LMP_PRC,KERCK1G1_7_B2,ALL,1,335.15894,1,6
2022-09-01T07:15:00-00:00,2022-09-01T07:30:00-00:00,2022-09-01,01,KERCK1G1_7_B2,KERCK1G1_7_B2,KERCK1G1_7_B2,RTPD,LMP,LMP_PRC,KERCK1G1_7_B2,ALL,1,114.16453,2,6
2022-09-01T08:15:00-00:00,2022-09-01T08:30:00-00:00,2022-09-01,02,KERCK1G1_7_B2,KERCK1G1_7_B2,KERCK1G1_7_B2,RTPD,LMP,LMP_PRC,KERCK1G1_7_B2,ALL,1,114.49415,2,6
2022-09-01T09:15:00-00:00,2022-09-01T09:30:00-00:00,2022-09-01,03,KERCK1G1_7_B2,KERCK1G1_7_B2,KERCK1G1_7_B2,RTPD,LMP,LMP_PRC,KERCK1G1_7_B2,ALL,1,104.16864,2,6
2022-09-01T10:15:00-00:00,2022-09-01T10:30:00-00:00,2022-09-01,04,KERCK1G1_7_B2,KERCK1G1_7_B2,KERCK1G1_7_B2,RTPD,LMP,LMP_PRC,KERCK1G1_7_B2,ALL,1,100.64039,2,6
2022-09-01T11:15:00-00:00,2022-09-01T11:30:00-00:00,2022-09-01,05,KERCK1G1_7_B2,KERCK1G1_7_B2,KERCK1G1_7_B2,RTPD,LMP,LMP_PRC,KERCK1G1_7_B2,ALL,1,114.99755,2,6
2022-09-01T12:15:00-00:00,2022-09-01T12:30:00-00:00,2022-09-01,06,KERCK1G1_7_B2,KERCK1G1_7_B2,KERCK1G1_7_B2,RTPD,LMP,LMP_PRC,KERCK1G1_7_B2,ALL,1,116.38929,2,6
2022-09-01T13:15:00-00:00,2022-09-01T13:30:00-00:00,2022-09-01,07,KERCK1G1_7_B2,KERCK1G1_7_B2,KERCK1G1_7_B2,RTPD,LMP,LMP_PRC,KERCK1G1_7_B2,ALL,1,118.30975,2,6
2022-09-01T14:15:00-00:00,2022-09-01T14:30:00-00:00,2022-09-01,08,KERCK1G1_7_B2,KERCK1G1_7_B2,KERCK1G1_7_B2,RTPD,LMP,LMP_PRC,KERCK1G1_7_B2,ALL,1,115.09852,2,6
2022-09-01T15:15:00-00:00,2022-09-01T15:30:00-00:00,2022-09-01,09,KERCK1G1_7_B2,KERCK1G1_7_B2,KERCK1G1_7_B2,RTPD,LMP,LMP_PRC,KERCK1G1_7_B2,ALL,1,86.9388,2,6
2022-09-01T16:15:00-00:00,2022-09-01T16:30:00-00:00,2022-09-01,10,KERCK1G1_7_B2,KERCK1G1_7_B2,KERCK1G1_7_B2,RTPD,LMP,LMP_PRC,KERCK1G1_7_B2,ALL,1,87.6098,2,6
2022-09-01T17:15:00-00:00,2022-09-01T17:30:00-00:00,2022-09-01,11,KERCK1G1_7_B2,KERCK1G1_7_B2,KERCK1G1_7_B2,RTPD,LMP,LMP_PRC,KERCK1G1_7_B2,ALL,1,76.54761,2,6
2022-09-01T18:15:00-00:00,2022-09-01T18:30:00-00:00,2022-09-01,12,KERCK1G1_7_B2,KERCK1G1_7_B2,KERCK1G1_7_B2,RTPD,LMP,LMP_PRC,KERCK1G1_7_B2,ALL,1,71.61476,2,6
2022-09-01T19:15:00-00:00,2022-09-01T19:30:00-00:00,2022-09-01,13,KERCK1G1_7_B2,KERCK1G1_7_B2,KERCK1G1_7_B2,RTPD,LMP,LMP_PRC,KERCK1G1_7_B2,ALL,1,72.36192,2,6
2022-09-01T20:15:00-00:00,2022-09-01T20:30:00-00:00,2022-09-01,14,KERCK1G1_7_B2,KERCK1G1_7_B2,KERCK1G1_7_B2,RTPD,LMP,LMP_PRC,KERCK1G1_7_B2,ALL,1,113.95217,2,6
2022-09-01T21:15:00-00:00,2022-09-01T21:30:00-00:00,2022-09-01,15,KERCK1G1_7_B2,KERCK1G1_7_B2,KERCK1G1_7_B2,RTPD,LMP,LMP_PRC,KERCK1G1_7_B2,ALL,1,117.27674,2,6
2022-09-01T22:15:00-00:00,2022-09-01T22:30:00-00:00,2022-09-01,16,KERCK1G1_7_B2,KERCK1G1_7_B2,KERCK1G1_7_B2,RTPD,LMP,LMP_PRC,KERCK1G1_7_B2,ALL,1,124.947,2,6
2022-09-01T23:15:00-00:00,2022-09-01T23:30:00-00:00,2022-09-01,17,KERCK1G1_7_B2,KERCK1G1_7_B2,KERCK1G1_7_B2,RTPD,LMP,LMP_PRC,KERCK1G1_7_B2,ALL,1,255.75914,2,6
2022-09-02T00:15:00-00:00,2022-09-02T00:30:00-00:00,2022-09-01,18,KERCK1G1_7_B2,KERCK1G1_7_B2,KERCK1G1_7_B2,RTPD,LMP,LMP_PRC,KERCK1G1_7_B2,ALL,1,1113.2988,2,6
2022-09-02T01:15:00-00:00,2022-09-02T01:30:00-00:00,2022-09-01,19,KERCK1G1_7_B2,KERCK1G1_7_B2,KERCK1G1_7_B2,RTPD,LMP,LMP_PRC,KERCK1G1_7_B2,ALL,1,1999.9933,2,6
2022-09-02T02:15:00-00:00,2022-09-02T02:30:00-00:00,2022-09-01,20,KERCK1G1_7_B2,KERCK1G1_7_B2,KERCK1G1_7_B2,RTPD,LMP,LMP_PRC,KERCK1G1_7_B2,ALL,1,1991.6721,2,6
2022-09-02T03:15:00-00:00,2022-09-02T03:30:00-00:00,2022-09-01,21,KERCK1G1_7_B2,KERCK1G1_7_B2,KERCK1G1_7_B2,RTPD,LMP,LMP_PRC,KERCK1G1_7_B2,ALL,1,648.466,2,6
2022-09-02T04:15:00-00:00,2022-09-02T04:30:00-00:00,2022-09-01,22,KERCK1G1_7_B2,KERCK1G1_7_B2,KERCK1G1_7_B2,RTPD,LMP,LMP_PRC,KERCK1G1_7_B2,ALL,1,1390.9673,2,6
2022-09-02T05:15:00-00:00,2022-09-02T05:30:00-00:00,2022-09-01,23,KERCK1G1_7_B2,KERCK1G1_7_B2,KERCK1G1_7_B2,RTPD,LMP,LMP_PRC,KERCK1G1_7_B2,ALL,1,195.00162,2,6
2022-09-02T06:15:00-00:00,2022-09-02T06:30:00-00:00,2022-09-01,24,KERCK1G1_7_B2,KERCK1G1_7_B2,KERCK1G1_7_B2,RTPD,LMP,LMP_PRC,KERCK1G1_7_B2,ALL,1,164.08144,2,6
2022-09-01T07:30:00-00:00,2022-09-01T07:45:00-00:00,2022-09-01,01,KERCK1G1_7_B2,KERCK1G1_7_B2,KERCK1G1_7_B2,RTPD,LMP,LMP_PRC,KERCK1G1_7_B2,ALL,1,100.58348,3,6
2022-09-01T08:30:00-00:00,2022-09-01T08:45:00-00:00,2022-09-01,02,KERCK1G1_7_B2,KERCK1G1_7_B2,KERCK1G1_7_B2,RTPD,LMP,LMP_PRC,KERCK1G1_7_B2,ALL,1,125.01159,3,6
2022-09-01T09:30:00-00:00,2022-09-01T09:45:00-00:00,2022-09-01,03,KERCK1G1_7_B2,KERCK1G1_7_B2,KERCK1G1_7_B2,RTPD,LMP,LMP_PRC,KERCK1G1_7_B2,ALL,1,103.87108,3,6
2022-09-01T10:30:00-00:00,2022-09-01T10:45:00-00:00,2022-09-01,04,KERCK1G1_7_B2,KERCK1G1_7_B2,KERCK1G1_7_B2,RTPD,LMP,LMP_PRC,KERCK1G1_7_B2,ALL,1,102.42521,3,6
2022-09-01T11:30:00-00:00,2022-09-01T11:45:00-00:00,2022-09-01,05,KERCK1G1_7_B2,KERCK1G1_7_B2,KERCK1G1_7_B2,RTPD,LMP,LMP_PRC,KERCK1G1_7_B2,ALL,1,115.15115,3,6
2022-09-01T12:30:00-00:00,2022-09-01T12:45:00-00:00,2022-09-01,06,KERCK1G1_7_B2,KERCK1G1_7_B2,KERCK1G1_7_B2,RTPD,LMP,LMP_PRC,KERCK1G1_7_B2,ALL,1,114.86634,3,6
2022-09-01T13:30:00-00:00,2022-09-01T13:45:00-00:00,2022-09-01,07,KERCK1G1_7_B2,KERCK1G1_7_B2,KERCK1G1_7_B2,RTPD,LMP,LMP_PRC,KERCK1G1_7_B2,ALL,1,119.54971,3,6
2022-09-01T14:30:00-00:00,2022-09-01T14:45:00-00:00,2022-09-01,08,KERCK1G1_7_B2,KERCK1G1_7_B2,KERCK1G1_7_B2,RTPD,LMP,LMP_PRC,KERCK1G1_7_B2,ALL,1,111.17248,3,6
2022-09-01T15:30:00-00:00,2022-09-01T15:45:00-00:00,2022-09-01,09,KERCK1G1_7_B2,KERCK1G1_7_B2,KERCK1G1_7_B2,RTPD,LMP,LMP_PRC,KERCK1G1_7_B2,ALL,1,86.1388,3,6
2022-09-01T16:30:00-00:00,2022-09-01T16:45:00-00:00,2022-09-01,10,KERCK1G1_7_B2,KERCK1G1_7_B2,KERCK1G1_7_B2,RTPD,LMP,LMP_PRC,KERCK1G1_7_B2,ALL,1,73.40932,3,6
2022-09-01T17:30:00-00:00,2022-09-01T17:45:00-00:00,2022-09-01,11,KERCK1G1_7_B2,KERCK1G1_7_B2,KERCK1G1_7_B2,RTPD,LMP,LMP_PRC,KERCK1G1_7_B2,ALL,1,76.26049,3,6
2022-09-01T18:30:00-00:00,2022-09-01T18:45:00-00:00,2022-09-01,12,KERCK1G1_7_B2,KERCK1G1_7_B2,KERCK1G1_7_B2,RTPD,LMP,LMP_PRC,KERCK1G1_7_B2,ALL,1,76.26505,3,6
2022-09-01T19:30:00-00:00,2022-09-01T19:45:00-00:00,2022-09-01,13,KERCK1G1_7_B2,KERCK1G1_7_B2,KERCK1G1_7_B2,RTPD,LMP,LMP_PRC,KERCK1G1_7_B2,ALL,1,99.88586,3,6
2022-09-01T20:30:00-00:00,2022-09-01T20:45:00-00:00,2022-09-01,14,KERCK1G1_7_B2,KERCK1G1_7_B2,KERCK1G1_7_B2,RTPD,LMP,LMP_PRC,KERCK1G1_7_B2,ALL,1,115.5246,3,6
2022-09-01T21:30:00-00:00,2022-09-01T21:45:00-00:00,2022-09-01,15,KERCK1G1_7_B2,KERCK1G1_7_B2,KERCK1G1_7_B2,RTPD,LMP,LMP_PRC,KERCK1G1_7_B2,ALL,1,125.43076,3,6
2022-09-01T22:30:00-00:00,2022-09-01T22:45:00-00:00,2022-09-01,16,KERCK1G1_7_B2,KERCK1G1_7_B2,KERCK1G1_7_B2,RTPD,LMP,LMP_PRC,KERCK1G1_7_B2,ALL,1,141.63599,3,6
2022-09-01T23:30:00-00:00,2022-09-01T23:45:00-00:00,2022-09-01,17,KERCK1G1_7_B2,KERCK1G1_7_B2,KERCK1G1_7_B2,RTPD,LMP,LMP_PRC,KERCK1G1_7_B2,ALL,1,619.61115,3,6
2022-09-02T00:30:00-00:00,2022-09-02T00:45:00-00:00,2022-09-01,18,KERCK1G1_7_B2,KERCK1G1_7_B2,KERCK1G1_7_B2,RTPD,LMP,LMP_PRC,KERCK1G1_7_B2,ALL,1,1728.4335,3,6
2022-09-02T01:30:00-00:00,2022-09-02T01:45:00-00:00,2022-09-01,19,KERCK1G1_7_B2,KERCK1G1_7_B2,KERCK1G1_7_B2,RTPD,LMP,LMP_PRC,KERCK1G1_7_B2,ALL,1,1999.9956,3,6
2022-09-02T02:30:00-00:00,2022-09-02T02:45:00-00:00,2022-09-01,20,KERCK1G1_7_B2,KERCK1G1_7_B2,KERCK1G1_7_B2,RTPD,LMP,LMP_PRC,KERCK1G1_7_B2,ALL,1,1991.671,3,6
2022-09-02T03:30:00-00:00,2022-09-02T03:45:00-00:00,2022-09-01,21,KERCK1G1_7_B2,KERCK1G1_7_B2,KERCK1G1_7_B2,RTPD,LMP,LMP_PRC,KERCK1G1_7_B2,ALL,1,245.24783,3,6
2022-09-02T04:30:00-00:00,2022-09-02T04:45:00-00:00,2022-09-01,22,KERCK1G1_7_B2,KERCK1G1_7_B2,KERCK1G1_7_B2,RTPD,LMP,LMP_PRC,KERCK1G1_7_B2,ALL,1,817.41406,3,6
2022-09-02T05:30:00-00:00,2022-09-02T05:45:00-00:00,2022-09-01,23,KERCK1G1_7_B2,KERCK1G1_7_B2,KERCK1G1_7_B2,RTPD,LMP,LMP_PRC,KERCK1G1_7_B2,ALL,1,162.5422,3,6
2022-09-02T06:30:00-00:00,2022-09-02T06:45:00-00:00,2022-09-01,24,KERCK1G1_7_B2,KERCK1G1_7_B2,KERCK1G1_7_B2,RTPD,LMP,LMP_PRC,KERCK1G1_7_B2,ALL,1,153.58977,3,6
2022-09-01T07:45:00-00:00,2022-09-01T08:00:00-00:00,2022-09-01,01,KERCK1G1_7_B2,KERCK1G1_7_B2,KERCK1G1_7_B2,RTPD,LMP,LMP_PRC,KERCK1G1_7_B2,ALL,1,88.176,4,6
2022-09-01T08:45:00-00:00,2022-09-01T09:00:00-00:00,2022-09-01,02,KERCK1G1_7_B2,KERCK1G1_7_B2,KERCK1G1_7_B2,RTPD,LMP,LMP_PRC,KERCK1G1_7_B2,ALL,1,104.98724,4,6
2022-09-01T09:45:00-00:00,2022-09-01T10:00:00-00:00,2022-09-01,03,KERCK1G1_7_B2,KERCK1G1_7_B2,KERCK1G1_7_B2,RTPD,LMP,LMP_PRC,KERCK1G1_7_B2,ALL,1,100.55109,4,6
2022-09-01T10:45:00-00:00,2022-09-01T11:00:00-00:00,2022-09-01,04,KERCK1G1_7_B2,KERCK1G1_7_B2,KERCK1G1_7_B2,RTPD,LMP,LMP_PRC,KERCK1G1_7_B2,ALL,1,102.19338,4,6
2022-09-01T11:45:00-00:00,2022-09-01T12:00:00-00:00,2022-09-01,05,KERCK1G1_7_B2,KERCK1G1_7_B2,KERCK1G1_7_B2,RTPD,LMP,LMP_PRC,KERCK1G1_7_B2,ALL,1,107.01,4,6
2022-09-01T12:45:00-00:00,2022-09-01T13:00:00-00:00,2022-09-01,06,KERCK1G1_7_B2,KERCK1G1_7_B2,KERCK1G1_7_B2,RTPD,LMP,LMP_PRC,KERCK1G1_7_B2,ALL,1,113.80428,4,6
2022-09-01T13:45:00-00:00,2022-09-01T14:00:00-00:00,2022-09-01,07,KERCK1G1_7_B2,KERCK1G1_7_B2,KERCK1G1_7_B2,RTPD,LMP,LMP_PRC,KERCK1G1_7_B2,ALL,1,111.41,4,6
2022-09-01T14:45:00-00:00,2022-09-01T15:00:00-00:00,2022-09-01,08,KERCK1G1_7_B2,KERCK1G1_7_B2,KERCK1G1_7_B2,RTPD,LMP,LMP_PRC,KERCK1G1_7_B2,ALL,1,86.1388,4,6
2022-09-01T15:45:00-00:00,2022-09-01T16:00:00-00:00,2022-09-01,09,KERCK1G1_7_B2,KERCK1G1_7_B2,KERCK1G1_7_B2,RTPD,LMP,LMP_PRC,KERCK1G1_7_B2,ALL,1,78.70076,4,6
2022-09-01T16:45:00-00:00,2022-09-01T17:00:00-00:00,2022-09-01,10,KERCK1G1_7_B2,KERCK1G1_7_B2,KERCK1G1_7_B2,RTPD,LMP,LMP_PRC,KERCK1G1_7_B2,ALL,1,77.32372,4,6
2022-09-01T17:45:00-00:00,2022-09-01T18:00:00-00:00,2022-09-01,11,KERCK1G1_7_B2,KERCK1G1_7_B2,KERCK1G1_7_B2,RTPD,LMP,LMP_PRC,KERCK1G1_7_B2,ALL,1,76.68788,4,6
2022-09-01T18:45:00-00:00,2022-09-01T19:00:00-00:00,2022-09-01,12,KERCK1G1_7_B2,KERCK1G1_7_B2,KERCK1G1_7_B2,RTPD,LMP,LMP_PRC,KERCK1G1_7_B2,ALL,1,78.36638,4,6
2022-09-01T19:45:00-00:00,2022-09-01T20:00:00-00:00,2022-09-01,13,KERCK1G1_7_B2,KERCK1G1_7_B2,KERCK1G1_7_B2,RTPD,LMP,LMP_PRC,KERCK1G1_7_B2,ALL,1,104.86974,4,6
2022-09-01T20:45:00-00:00,2022-09-01T21:00:00-00:00,2022-09-01,14,KERCK1G1_7_B2,KERCK1G1_7_B2,KERCK1G1_7_B2,RTPD,LMP,LMP_PRC,KERCK1G1_7_B2,ALL,1,122.36586,4,6
2022-09-01T21:45:00-00:00,2022-09-01T22:00:00-00:00,2022-09-01,15,KERCK1G1_7_B2,KERCK1G1_7_B2,KERCK1G1_7_B2,RTPD,LMP,LMP_PRC,KERCK1G1_7_B2,ALL,1,200.38533,4,6
2022-09-01T22:45:00-00:00,2022-09-01T23:00:00-00:00,2022-09-01,16,KERCK1G1_7_B2,KERCK1G1_7_B2,KERCK1G1_7_B2,RTPD,LMP,LMP_PRC,KERCK1G1_7_B2,ALL,1,143.44678,4,6
2022-09-01T23:45:00-00:00,2022-09-02T00:00:00-00:00,2022-09-01,17,KERCK1G1_7_B2,KERCK1G1_7_B2,KERCK1G1_7_B2,RTPD,LMP,LMP_PRC,KERCK1G1_7_B2,ALL,1,1610.7982,4,6
2022-09-02T00:45:00-00:00,2022-09-02T01:00:00-00:00,2022-09-01,18,KERCK1G1_7_B2,KERCK1G1_7_B2,KERCK1G1_7_B2,RTPD,LMP,LMP_PRC,KERCK1G1_7_B2,ALL,1,1770.5658,4,6
2022-09-02T01:45:00-00:00,2022-09-02T02:00:00-00:00,2022-09-01,19,KERCK1G1_7_B2,KERCK1G1_7_B2,KERCK1G1_7_B2,RTPD,LMP,LMP_PRC,KERCK1G1_7_B2,ALL,1,1991.9337,4,6
2022-09-02T02:45:00-00:00,2022-09-02T03:00:00-00:00,2022-09-01,20,KERCK1G1_7_B2,KERCK1G1_7_B2,KERCK1G1_7_B2,RTPD,LMP,LMP_PRC,KERCK1G1_7_B2,ALL,1,1915.4629,4,6
2022-09-02T03:45:00-00:00,2022-09-02T04:00:00-00:00,2022-09-01,21,KERCK1G1_7_B2,KERCK1G1_7_B2,KERCK1G1_7_B2,RTPD,LMP,LMP_PRC,KERCK1G1_7_B2,ALL,1,177.8073,4,6
2022-09-02T04:45:00-00:00,2022-09-02T05:00:00-00:00,2022-09-01,22,KERCK1G1_7_B2,KERCK1G1_7_B2,KERCK1G1_7_B2,RTPD,LMP,LMP_PRC,KERCK1G1_7_B2,ALL,1,164.64311,4,6
2022-09-02T05:45:00-00:00,2022-09-02T06:00:00-00:00,2022-09-01,23,KERCK1G1_7_B2,KERCK1G1_7_B2,KERCK1G1_7_B2,RTPD,LMP,LMP_PRC,KERCK1G1_7_B2,ALL,1,325.71515,4,6
2022-09-02T06:45:00-00:00,2022-09-02T07:00:00-00:00,2022-09-01,24,KERCK1G1_7_B2,KERCK1G1_7_B2,KERCK1G1_7_B2,RTPD,LMP,LMP_PRC,KERCK1G1_7_B2,ALL,1,127.52258,4,6
2022-09-01T07:00:00-00:00,2022-09-01T07:15:00-00:00,2022-09-01,01,KERCK1G1_7_B2,KERCK1G1_7_B2,KERCK1G1_7_B2,RTPD,MCC,LMP_CONG_PRC,KERCK1G1_7_B2,ALL,1,-24.22549,1,7
2022-09-01T08:00:00-00:00,2022-09-01T08:15:00-00:00,2022-09-01,02,KERCK1G1_7_B2,KERCK1G1_7_B2,KERCK1G1_7_B2,RTPD,MCC,LMP_CONG_PRC,KERCK1G1_7_B2,ALL,1,-3.80099,1,7
2022-09-01T09:00:00-00:00,2022-09-01T09:15:00-00:00,2022-09-01,03,KERCK1G1_7_B2,KERCK1G1_7_B2,KERCK1G1_7_B2,RTPD,MCC,LMP_CONG_PRC,KERCK1G1_7_B2,ALL,1,-5.09291,1,7
2022-09-01T10:00:00-00:00,2022-09-01T10:15:00-00:00,2022-09-01,04,KERCK1G1_7_B2,KERCK1G1_7_B2,KERCK1G1_7_B2,RTPD,MCC,LMP_CONG_PRC,KERCK1G1_7_B2,ALL,1,-4.41802,1,7
2022-09-01T11:00:00-00:00,2022-09-01T11:15:00-00:00,2022-09-01,05,KERCK1G1_7_B2,KERCK1G1_7_B2,KERCK1G1_7_B2,RTPD,MCC,LMP_CONG_PRC,KERCK1G1_7_B2,ALL,1,0,1,7
2022-09-01T12:00:00-00:00,2022-09-01T12:15:00-00:00,2022-09-01,06,KERCK1G1_7_B2,KERCK1G1_7_B2,KERCK1G1_7_B2,RTPD,MCC,LMP_CONG_PRC,KERCK1G1_7_B2,ALL,1,-11.36554,1,7
2022-09-01T13:00:00-00:00,2022-09-01T13:15:00-00:00,2022-09-01,07,KERCK1G1_7_B2,KERCK1G1_7_B2,KERCK1G1_7_B2,RTPD,MCC,LMP_CONG_PRC,KERCK1G1_7_B2,ALL,1,-15.09666,1,7
2022-09-01T14:00:00-00:00,2022-09-01T14:15:00-00:00,2022-09-01,08,KERCK1G1_7_B2,KERCK1G1_7_B2,KERCK1G1_7_B2,RTPD,MCC,LMP_CONG_PRC,KERCK1G1_7_B2,ALL,1,0,1,7
2022-09-01T15:00:00-00:00,2022-09-01T15:15:00-00:00,2022-09-01,09,KERCK1G1_7_B2,KERCK1G1_7_B2,KERCK1G1_7_B2,RTPD,MCC,LMP_CONG_PRC,KERCK1G1_7_B2,ALL,1,0,1,7
2022-09-01T16:00:00-00:00,2022-09-01T16:15:00-00:00,2022-09-01,10,KERCK1G1_7_B2,KERCK1G1_7_B2,KERCK1G1_7_B2,RTPD,MCC,LMP_CONG_PRC,KERCK1G1_7_B2,ALL,1,0,1,7
2022-09-01T17:00:00-00:00,2022-09-01T17:15:00-00:00,2022-09-01,11,KERCK1G1_7_B2,KERCK1G1_7_B2,KERCK1G1_7_B2,RTPD,MCC,LMP_CONG_PRC,KERCK1G1_7_B2,ALL,1,-18.63972,1,7
2022-09-01T18:00:00-00:00,2022-09-01T18:15:00-00:00,2022-09-01,12,KERCK1G1_7_B2,KERCK1G1_7_B2,KERCK1G1_7_B2,RTPD,MCC,LMP_CONG_PRC,KERCK1G1_7_B2,ALL,1,-36.28161,1,7
2022-09-01T19:00:00-00:00,2022-09-01T19:15:00-00:00,2022-09-01,13,KERCK1G1_7_B2,KERCK1G1_7_B2,KERCK1G1_7_B2,RTPD,MCC,LMP_CONG_PRC,KERCK1G1_7_B2,ALL,1,-40.00612,1,7
2022-09-01T20:00:00-00:00,2022-09-01T20:15:00-00:00,2022-09-01,14,KERCK1G1_7_B2,KERCK1G1_7_B2,KERCK1G1_7_B2,RTPD,MCC,LMP_CONG_PRC,KERCK1G1_7_B2,ALL,1,-3.93333,1,7
2022-09-01T21:00:00-00:00,2022-09-01T21:15:00-00:00,2022-09-01,15,KERCK1G1_7_B2,KERCK1G1_7_B2,KERCK1G1_7_B2,RTPD,MCC,LMP_CONG_PRC,KERCK1G1_7_B2,ALL,1,-110.76587,1,7
2022-09-01T22:00:00-00:00,2022-09-01T22:15:00-00:00,2022-09-01,16,KERCK1G1_7_B2,KERCK1G1_7_B2,KERCK1G1_7_B2,RTPD,MCC,LMP_CONG_PRC,KERCK1G1_7_B2,ALL,1,-119.99866,1,7
2022-09-01T23:00:00-00:00,2022-09-01T23:15:00-00:00,2022-09-01,17,KERCK1G1_7_B2,KERCK1G1_7_B2,KERCK1G1_7_B2,RTPD,MCC,LMP_CONG_PRC,KERCK1G1_7_B2,ALL,1,-193.9327,1,7
2022-09-02T00:00:00-00:00,2022-09-02T00:15:00-00:00,2022-09-01,18,KERCK1G1_7_B2,KERCK1G1_7_B2,KERCK1G1_7_B2,RTPD,MCC,LMP_CONG_PRC,KERCK1G1_7_B2,ALL,1,290.89676,1,7
2022-09-02T01:00:00-00:00,2022-09-02T01:15:00-00:00,2022-09-01,19,KERCK1G1_7_B2,KERCK1G1_7_B2,KERCK1G1_7_B2,RTPD,MCC,LMP_CONG_PRC,KERCK1G1_7_B2,ALL,1,388.48923,1,7
2022-09-02T02:00:00-00:00,2022-09-02T02:15:00-00:00,2022-09-01,20,KERCK1G1_7_B2,KERCK1G1_7_B2,KERCK1G1_7_B2,RTPD,MCC,LMP_CONG_PRC,KERCK1G1_7_B2,ALL,1,0,1,7
2022-09-02T03:00:00-00:00,2022-09-02T03:15:00-00:00,2022-09-01,21,KERCK1G1_7_B2,KERCK1G1_7_B2,KERCK1G1_7_B2,RTPD,MCC,LMP_CONG_PRC,KERCK1G1_7_B2,ALL,1,491.66382,1,7
2022-09-02T04:00:00-00:00,2022-09-02T04:15:00-00:00,2022-09-01,22,KERCK1G1_7_B2,KERCK1G1_7_B2,KERCK1G1_7_B2,RTPD,MCC,LMP_CONG_PRC,KERCK1G1_7_B2,ALL,1,1231.089,1,7
2022-09-02T05:00:00-00:00,2022-09-02T05:15:00-00:00,2022-09-01,23,KERCK1G1_7_B2,KERCK1G1_7_B2,KERCK1G1_7_B2,RTPD,MCC,LMP_CONG_PRC,KERCK1G1_7_B2,ALL,1,13.35304,1,7
2022-09-02T06:00:00-00:00,2022-09-02T06:15:00-00:00,2022-09-01,24,KERCK1G1_7_B2,KERCK1G1_7_B2,KERCK1G1_7_B2,RTPD,MCC,LMP_CONG_PRC,KERCK1G1_7_B2,ALL,1,157.03728,1,7
2022-09-01T07:15:00-00:00,2022-09-01T07:30:00-00:00,2022-09-01,01,KERCK1G1_7_B2,KERCK1G1_7_B2,KERCK1G1_7_B2,RTPD,MCC,LMP_CONG_PRC,KERCK1G1_7_B2,ALL,1,-11.38691,2,7
2022-09-01T08:15:00-00:00,2022-09-01T08:30:00-00:00,2022-09-01,02,KERCK1G1_7_B2,KERCK1G1_7_B2,KERCK1G1_7_B2,RTPD,MCC,LMP_CONG_PRC,KERCK1G1_7_B2,ALL,1,-1.0375,2,7
2022-09-01T09:15:00-00:00,2022-09-01T09:30:00-00:00,2022-09-01,03,KERCK1G1_7_B2,KERCK1G1_7_B2,KERCK1G1_7_B2,RTPD,MCC,LMP_CONG_PRC,KERCK1G1_7_B2,ALL,1,-6.71006,2,7
2022-09-01T10:15:00-00:00,2022-09-01T10:30:00-00:00,2022-09-01,04,KERCK1G1_7_B2,KERCK1G1_7_B2,KERCK1G1_7_B2,RTPD,MCC,LMP_CONG_PRC,KERCK1G1_7_B2,ALL,1,-6.25145,2,7
2022-09-01T11:15:00-00:00,2022-09-01T11:30:00-00:00,2022-09-01,05,KERCK1G1_7_B2,KERCK1G1_7_B2,KERCK1G1_7_B2,RTPD,MCC,LMP_CONG_PRC,KERCK1G1_7_B2,ALL,1,0,2,7
2022-09-01T12:15:00-00:00,2022-09-01T12:30:00-00:00,2022-09-01,06,KERCK1G1_7_B2,KERCK1G1_7_B2,KERCK1G1_7_B2,RTPD,MCC,LMP_CONG_PRC,KERCK1G1_7_B2,ALL,1,-6.94782,2,7
2022-09-01T13:15:00-00:00,2022-09-01T13:30:00-00:00,2022-09-01,07,KERCK1G1_7_B2,KERCK1G1_7_B2,KERCK1G1_7_B2,RTPD,MCC,LMP_CONG_PRC,KERCK1G1_7_B2,ALL,1,-0.64785,2,7
2022-09-01T14:15:00-00:00,2022-09-01T14:30:00-00:00,2022-09-01,08,KERCK1G1_7_B2,KERCK1G1_7_B2,KERCK1G1_7_B2,RTPD,MCC,LMP_CONG_PRC,KERCK1G1_7_B2,ALL,1,0,2,7
2022-09-01T15:15:00-00:00,2022-09-01T15:30:00-00:00,2022-09-01,09,KERCK1G1_7_B2,KERCK1G1_7_B2,KERCK1G1_7_B2,RTPD,MCC,LMP_CONG_PRC,KERCK1G1_7_B2,ALL,1,0,2,7
2022-09-01T16:15:00-00:00,2022-09-01T16:30:00-00:00,2022-09-01,10,KERCK1G1_7_B2,KERCK1G1_7_B2,KERCK1G1_7_B2,RTPD,MCC,LMP_CONG_PRC,KERCK1G1_7_B2,ALL,1,-1.83878,2,7
2022-09-01T17:15:00-00:00,2022-09-01T17:30:00-00:00,2022-09-01,11,KERCK1G1_7_B2,KERCK1G1_7_B2,KERCK1G1_7_B2,RTPD,MCC,LMP_CONG_PRC,KERCK1G1_7_B2,ALL,1,-22.79912,2,7
2022-09-01T18:15:00-00:00,2022-09-01T18:30:00-00:00,2022-09-01,12,KERCK1G1_7_B2,KERCK1G1_7_B2,KERCK1G1_7_B2,RTPD,MCC,LMP_CONG_PRC,KERCK1G1_7_B2,ALL,1,-29.54425,2,7
2022-09-01T19:15:00-00:00,2022-09-01T19:30:00-00:00,2022-09-01,13,KERCK1G1_7_B2,KERCK1G1_7_B2,KERCK1G1_7_B2,RTPD,MCC,LMP_CONG_PRC,KERCK1G1_7_B2,ALL,1,-32.94396,2,7
2022-09-01T20:15:00-00:00,2022-09-01T20:30:00-00:00,2022-09-01,14,KERCK1G1_7_B2,KERCK1G1_7_B2,KERCK1G1_7_B2,RTPD,MCC,LMP_CONG_PRC,KERCK1G1_7_B2,ALL,1,-3.54204,2,7
2022-09-01T21:15:00-00:00,2022-09-01T21:30:00-00:00,2022-09-01,15,KERCK1G1_7_B2,KERCK1G1_7_B2,KERCK1G1_7_B2,RTPD,MCC,LMP_CONG_PRC,KERCK1G1_7_B2,ALL,1,-29.93511,2,7
2022-09-01T22:15:00-00:00,2022-09-01T22:30:00-00:00,2022-09-01,16,KERCK1G1_7_B2,KERCK1G1_7_B2,KERCK1G1_7_B2,RTPD,MCC,LMP_CONG_PRC,KERCK1G1_7_B2,ALL,1,-131.64032,2,7
2022-09-01T23:15:00-00:00,2022-09-01T23:30:00-00:00,2022-09-01,17,KERCK1G1_7_B2,KERCK1G1_7_B2,KERCK1G1_7_B2,RTPD,MCC,LMP_CONG_PRC,KERCK1G1_7_B2,ALL,1,-106.36495,2,7
2022-09-02T00:15:00-00:00,2022-09-02T00:30:00-00:00,2022-09-01,18,KERCK1G1_7_B2,KERCK1G1_7_B2,KERCK1G1_7_B2,RTPD,MCC,LMP_CONG_PRC,KERCK1G1_7_B2,ALL,1,391.32135,2,7
2022-09-02T01:15:00-00:00,2022-09-02T01:30:00-00:00,2022-09-01,19,KERCK1G1_7_B2,KERCK1G1_7_B2,KERCK1G1_7_B2,RTPD,MCC,LMP_CONG_PRC,KERCK1G1_7_B2,ALL,1,0,2,7
2022-09-02T02:15:00-00:00,2022-09-02T02:30:00-00:00,2022-09-01,20,KERCK1G1_7_B2,KERCK1G1_7_B2,KERCK1G1_7_B2,RTPD,MCC,LMP_CONG_PRC,KERCK1G1_7_B2,ALL,1,0,2,7
2022-09-02T03:15:00-00:00,2022-09-02T03:30:00-00:00,2022-09-01,21,KERCK1G1_7_B2,KERCK1G1_7_B2,KERCK1G1_7_B2,RTPD,MCC,LMP_CONG_PRC,KERCK1G1_7_B2,ALL,1,181.52946,2,7
2022-09-02T04:15:00-00:00,2022-09-02T04:30:00-00:00,2022-09-01,22,KERCK1G1_7_B2,KERCK1G1_7_B2,KERCK1G1_7_B2,RTPD,MCC,LMP_CONG_PRC,KERCK1G1_7_B2,ALL,1,1120.0082,2,7
2022-09-02T05:15:00-00:00,2022-09-02T05:30:00-00:00,2022-09-01,23,KERCK1G1_7_B2,KERCK1G1_7_B2,KERCK1G1_7_B2,RTPD,MCC,LMP_CONG_PRC,KERCK1G1_7_B2,ALL,1,12.774,2,7
2022-09-02T06:15:00-00:00,2022-09-02T06:30:00-00:00,2022-09-01,24,KERCK1G1_7_B2,KERCK1G1_7_B2,KERCK1G1_7_B2,RTPD,MCC,LMP_CONG_PRC,KERCK1G1_7_B2,ALL,1,4.46714,2,7
2022-09-01T07:30:00-00:00,2022-09-01T07:45:00-00:00,2022-09-01,01,KERCK1G1_7_B2,KERCK1G1_7_B2,KERCK1G1_7_B2,RTPD,MCC,LMP_CONG_PRC,KERCK1G1_7_B2,ALL,1,-18.44849,3,7
2022-09-01T08:30:00-00:00,2022-09-01T08:45:00-00:00,2022-09-01,02,KERCK1G1_7_B2,KERCK1G1_7_B2,KERCK1G1_7_B2,RTPD,MCC,LMP_CONG_PRC,KERCK1G1_7_B2,ALL,1,-0.00098,3,7
2022-09-01T09:30:00-00:00,2022-09-01T09:45:00-00:00,2022-09-01,03,KERCK1G1_7_B2,KERCK1G1_7_B2,KERCK1G1_7_B2,RTPD,MCC,LMP_CONG_PRC,KERCK1G1_7_B2,ALL,1,-6.64983,3,7
2022-09-01T10:30:00-00:00,2022-09-01T10:45:00-00:00,2022-09-01,04,KERCK1G1_7_B2,KERCK1G1_7_B2,KERCK1G1_7_B2,RTPD,MCC,LMP_CONG_PRC,KERCK1G1_7_B2,ALL,1,-3.53474,3,7
2022-09-01T11:30:00-00:00,2022-09-01T11:45:00-00:00,2022-09-01,05,KERCK1G1_7_B2,KERCK1G1_7_B2,KERCK1G1_7_B2,RTPD,MCC,LMP_CONG_PRC,KERCK1G1_7_B2,ALL,1,0,3,7
2022-09-01T12:30:00-00:00,2022-09-01T12:45:00-00:00,2022-09-01,06,KERCK1G1_7_B2,KERCK1G1_7_B2,KERCK1G1_7_B2,RTPD,MCC,LMP_CONG_PRC,KERCK1G1_7_B2,ALL,1,-12.02993,3,7
2022-09-01T13:30:00-00:00,2022-09-01T13:45:00-00:00,2022-09-01,07,KERCK1G1_7_B2,KERCK1G1_7_B2,KERCK1G1_7_B2,RTPD,MCC,LMP_CONG_PRC,KERCK1G1_7_B2,ALL,1,0,3,7
2022-09-01T14:30:00-00:00,2022-09-01T14:45:00-00:00,2022-09-01,08,KERCK1G1_7_B2,KERCK1G1_7_B2,KERCK1G1_7_B2,RTPD,MCC,LMP_CONG_PRC,KERCK1G1_7_B2,ALL,1,0,3,7
2022-09-01T15:30:00-00:00,2022-09-01T15:45:00-00:00,2022-09-01,09,KERCK1G1_7_B2,KERCK1G1_7_B2,KERCK1G1_7_B2,RTPD,MCC,LMP_CONG_PRC,KERCK1G1_7_B2,ALL,1,0,3,7
2022-09-01T16:30:00-00:00,2022-09-01T16:45:00-00:00,2022-09-01,10,KERCK1G1_7_B2,KERCK1G1_7_B2,KERCK1G1_7_B2,RTPD,MCC,LMP_CONG_PRC,KERCK1G1_7_B2,ALL,1,-15.38712,3,7
2022-09-01T17:30:00-00:00,2022-09-01T17:45:00-00:00,2022-09-01,11,KERCK1G1_7_B2,KERCK1G1_7_B2,KERCK1G1_7_B2,RTPD,MCC,LMP_CONG_PRC,KERCK1G1_7_B2,ALL,1,-22.86964,3,7
2022-09-01T18:30:00-00:00,2022-09-01T18:45:00-00:00,2022-09-01,12,KERCK1G1_7_B2,KERCK1G1_7_B2,KERCK1G1_7_B2,RTPD,MCC,LMP_CONG_PRC,KERCK1G1_7_B2,ALL,1,-30.79212,3,7
2022-09-01T19:30:00-00:00,2022-09-01T19:45:00-00:00,2022-09-01,13,KERCK1G1_7_B2,KERCK1G1_7_B2,KERCK1G1_7_B2,RTPD,MCC,LMP_CONG_PRC,KERCK1G1_7_B2,ALL,1,-14.17319,3,7
2022-09-01T20:30:00-00:00,2022-09-01T20:45:00-00:00,2022-09-01,14,KERCK1G1_7_B2,KERCK1G1_7_B2,KERCK1G1_7_B2,RTPD,MCC,LMP_CONG_PRC,KERCK1G1_7_B2,ALL,1,-14.29144,3,7
2022-09-01T21:30:00-00:00,2022-09-01T21:45:00-00:00,2022-09-01,15,KERCK1G1_7_B2,KERCK1G1_7_B2,KERCK1G1_7_B2,RTPD,MCC,LMP_CONG_PRC,KERCK1G1_7_B2,ALL,1,-27.49981,3,7
2022-09-01T22:30:00-00:00,2022-09-01T22:45:00-00:00,2022-09-01,16,KERCK1G1_7_B2,KERCK1G1_7_B2,KERCK1G1_7_B2,RTPD,MCC,LMP_CONG_PRC,KERCK1G1_7_B2,ALL,1,-141.54584,3,7
2022-09-01T23:30:00-00:00,2022-09-01T23:45:00-00:00,2022-09-01,17,KERCK1G1_7_B2,KERCK1G1_7_B2,KERCK1G1_7_B2,RTPD,MCC,LMP_CONG_PRC,KERCK1G1_7_B2,ALL,1,53.12956,3,7
2022-09-02T00:30:00-00:00,2022-09-02T00:45:00-00:00,2022-09-01,18,KERCK1G1_7_B2,KERCK1G1_7_B2,KERCK1G1_7_B2,RTPD,MCC,LMP_CONG_PRC,KERCK1G1_7_B2,ALL,1,399.32092,3,7
2022-09-02T01:30:00-00:00,2022-09-02T01:45:00-00:00,2022-09-01,19,KERCK1G1_7_B2,KERCK1G1_7_B2,KERCK1G1_7_B2,RTPD,MCC,LMP_CONG_PRC,KERCK1G1_7_B2,ALL,1,0,3,7
2022-09-02T02:30:00-00:00,2022-09-02T02:45:00-00:00,2022-09-01,20,KERCK1G1_7_B2,KERCK1G1_7_B2,KERCK1G1_7_B2,RTPD,MCC,LMP_CONG_PRC,KERCK1G1_7_B2,ALL,1,0,3,7
2022-09-02T03:30:00-00:00,2022-09-02T03:45:00-00:00,2022-09-01,21,KERCK1G1_7_B2,KERCK1G1_7_B2,KERCK1G1_7_B2,RTPD,MCC,LMP_CONG_PRC,KERCK1G1_7_B2,ALL,1,28.28549,3,7
2022-09-02T04:30:00-00:00,2022-09-02T04:45:00-00:00,2022-09-01,22,KERCK1G1_7_B2,KERCK1G1_7_B2,KERCK1G1_7_B2,RTPD,MCC,LMP_CONG_PRC,KERCK1G1_7_B2,ALL,1,603.63556,3,7
2022-09-02T05:30:00-00:00,2022-09-02T05:45:00-00:00,2022-09-01,23,KERCK1G1_7_B2,KERCK1G1_7_B2,KERCK1G1_7_B2,RTPD,MCC,LMP_CONG_PRC,KERCK1G1_7_B2,ALL,1,9.94238,3,7
2022-09-02T06:30:00-00:00,2022-09-02T06:45:00-00:00,2022-09-01,24,KERCK1G1_7_B2,KERCK1G1_7_B2,KERCK1G1_7_B2,RTPD,MCC,LMP_CONG_PRC,KERCK1G1_7_B2,ALL,1,9.35637,3,7
2022-09-01T07:45:00-00:00,2022-09-01T08:00:00-00:00,2022-09-01,01,KERCK1G1_7_B2,KERCK1G1_7_B2,KERCK1G1_7_B2,RTPD,MCC,LMP_CONG_PRC,KERCK1G1_7_B2,ALL,1,-20.94498,4,7
2022-09-01T08:45:00-00:00,2022-09-01T09:00:00-00:00,2022-09-01,02,KERCK1G1_7_B2,KERCK1G1_7_B2,KERCK1G1_7_B2,RTPD,MCC,LMP_CONG_PRC,KERCK1G1_7_B2,ALL,1,-5.11294,4,7
2022-09-01T09:45:00-00:00,2022-09-01T10:00:00-00:00,2022-09-01,03,KERCK1G1_7_B2,KERCK1G1_7_B2,KERCK1G1_7_B2,RTPD,MCC,LMP_CONG_PRC,KERCK1G1_7_B2,ALL,1,-5.9241,4,7
2022-09-01T10:45:00-00:00,2022-09-01T11:00:00-00:00,2022-09-01,04,KERCK1G1_7_B2,KERCK1G1_7_B2,KERCK1G1_7_B2,RTPD,MCC,LMP_CONG_PRC,KERCK1G1_7_B2,ALL,1,-1.39204,4,7
2022-09-01T11:45:00-00:00,2022-09-01T12:00:00-00:00,2022-09-01,05,KERCK1G1_7_B2,KERCK1G1_7_B2,KERCK1G1_7_B2,RTPD,MCC,LMP_CONG_PRC,KERCK1G1_7_B2,ALL,1,0,4,7
2022-09-01T12:45:00-00:00,2022-09-01T13:00:00-00:00,2022-09-01,06,KERCK1G1_7_B2,KERCK1G1_7_B2,KERCK1G1_7_B2,RTPD,MCC,LMP_CONG_PRC,KERCK1G1_7_B2,ALL,1,-2.68053,4,7
2022-09-01T13:45:00-00:00,2022-09-01T14:00:00-00:00,2022-09-01,07,KERCK1G1_7_B2,KERCK1G1_7_B2,KERCK1G1_7_B2,RTPD,MCC,LMP_CONG_PRC,KERCK1G1_7_B2,ALL,1,0,4,7
2022-09-01T14:45:00-00:00,2022-09-01T15:00:00-00:00,2022-09-01,08,KERCK1G1_7_B2,KERCK1G1_7_B2,KERCK1G1_7_B2,RTPD,MCC,LMP_CONG_PRC,KERCK1G1_7_B2,ALL,1,0,4,7
2022-09-01T15:45:00-00:00,2022-09-01T16:00:00-00:00,2022-09-01,09,KERCK1G1_7_B2,KERCK1G1_7_B2,KERCK1G1_7_B2,RTPD,MCC,LMP_CONG_PRC,KERCK1G1_7_B2,ALL,1,0,4,7
2022-09-01T16:45:00-00:00,2022-09-01T17:00:00-00:00,2022-09-01,10,KERCK1G1_7_B2,KERCK1G1_7_B2,KERCK1G1_7_B2,RTPD,MCC,LMP_CONG_PRC,KERCK1G1_7_B2,ALL,1,-13.92561,4,7
2022-09-01T17:45:00-00:00,2022-09-01T18:00:00-00:00,2022-09-01,11,KERCK1G1_7_B2,KERCK1G1_7_B2,KERCK1G1_7_B2,RTPD,MCC,LMP_CONG_PRC,KERCK1G1_7_B2,ALL,1,-22.51756,4,7
2022-09-01T18:45:00-00:00,2022-09-01T19:00:00-00:00,2022-09-01,12,KERCK1G1_7_B2,KERCK1G1_7_B2,KERCK1G1_7_B2,RTPD,MCC,LMP_CONG_PRC,KERCK1G1_7_B2,ALL,1,-30.67426,4,7
2022-09-01T19:45:00-00:00,2022-09-01T20:00:00-00:00,2022-09-01,13,KERCK1G1_7_B2,KERCK1G1_7_B2,KERCK1G1_7_B2,RTPD,MCC,LMP_CONG_PRC,KERCK1G1_7_B2,ALL,1,-15.35517,4,7
2022-09-01T20:45:00-00:00,2022-09-01T21:00:00-00:00,2022-09-01,14,KERCK1G1_7_B2,KERCK1G1_7_B2,KERCK1G1_7_B2,RTPD,MCC,LMP_CONG_PRC,KERCK1G1_7_B2,ALL,1,-31.65923,4,7
2022-09-01T21:45:00-00:00,2022-09-01T22:00:00-00:00,2022-09-01,15,KERCK1G1_7_B2,KERCK1G1_7_B2,KERCK1G1_7_B2,RTPD,MCC,LMP_CONG_PRC,KERCK1G1_7_B2,ALL,1,-99.90843,4,7
2022-09-01T22:45:00-00:00,2022-09-01T23:00:00-00:00,2022-09-01,16,KERCK1G1_7_B2,KERCK1G1_7_B2,KERCK1G1_7_B2,RTPD,MCC,LMP_CONG_PRC,KERCK1G1_7_B2,ALL,1,-286.46692,4,7
2022-09-01T23:45:00-00:00,2022-09-02T00:00:00-00:00,2022-09-01,17,KERCK1G1_7_B2,KERCK1G1_7_B2,KERCK1G1_7_B2,RTPD,MCC,LMP_CONG_PRC,KERCK1G1_7_B2,ALL,1,349.5858,4,7
2022-09-02T00:45:00-00:00,2022-09-02T01:00:00-00:00,2022-09-01,18,KERCK1G1_7_B2,KERCK1G1_7_B2,KERCK1G1_7_B2,RTPD,MCC,LMP_CONG_PRC,KERCK1G1_7_B2,ALL,1,251.41673,4,7
2022-09-02T01:45:00-00:00,2022-09-02T02:00:00-00:00,2022-09-01,19,KERCK1G1_7_B2,KERCK1G1_7_B2,KERCK1G1_7_B2,RTPD,MCC,LMP_CONG_PRC,KERCK1G1_7_B2,ALL,1,0,4,7
2022-09-02T02:45:00-00:00,2022-09-02T03:00:00-00:00,2022-09-01,20,KERCK1G1_7_B2,KERCK1G1_7_B2,KERCK1G1_7_B2,RTPD,MCC,LMP_CONG_PRC,KERCK1G1_7_B2,ALL,1,113.91646,4,7
2022-09-02T03:45:00-00:00,2022-09-02T04:00:00-00:00,2022-09-01,21,KERCK1G1_7_B2,KERCK1G1_7_B2,KERCK1G1_7_B2,RTPD,MCC,LMP_CONG_PRC,KERCK1G1_7_B2,ALL,1,16.47356,4,7
2022-09-02T04:45:00-00:00,2022-09-02T05:00:00-00:00,2022-09-01,22,KERCK1G1_7_B2,KERCK1G1_7_B2,KERCK1G1_7_B2,RTPD,MCC,LMP_CONG_PRC,KERCK1G1_7_B2,ALL,1,16.49435,4,7
2022-09-02T05:45:00-00:00,2022-09-02T06:00:00-00:00,2022-09-01,23,KERCK1G1_7_B2,KERCK1G1_7_B2,KERCK1G1_7_B2,RTPD,MCC,LMP_CONG_PRC,KERCK1G1_7_B2,ALL,1,191.0439,4,7
2022-09-02T06:45:00-00:00,2022-09-02T07:00:00-00:00,2022-09-01,24,KERCK1G1_7_B2,KERCK1G1_7_B2,KERCK1G1_7_B2,RTPD,MCC,LMP_CONG_PRC,KERCK1G1_7_B2,ALL,1,6.14318,4,7
2022-09-01T07:00:00-00:00,2022-09-01T07:15:00-00:00,2022-09-01,01,KERCK1G1_7_B2,KERCK1G1_7_B2,KERCK1G1_7_B2,RTPD,MCE,LMP_ENE_PRC,KERCK1G1_7_B2,ALL,1,104.23471,1,8
2022-09-01T08:00:00-00:00,2022-09-01T08:15:00-00:00,2022-09-01,02,KERCK1G1_7_B2,KERCK1G1_7_B2,KERCK1G1_7_B2,RTPD,MCE,LMP_ENE_PRC,KERCK1G1_7_B2,ALL,1,115.5488,1,8
2022-09-01T09:00:00-00:00,2022-09-01T09:15:00-00:00,2022-09-01,03,KERCK1G1_7_B2,KERCK1G1_7_B2,KERCK1G1_7_B2,RTPD,MCE,LMP_ENE_PRC,KERCK1G1_7_B2,ALL,1,99.73061,1,8
2022-09-01T10:00:00-00:00,2022-09-01T10:15:00-00:00,2022-09-01,04,KERCK1G1_7_B2,KERCK1G1_7_B2,KERCK1G1_7_B2,RTPD,MCE,LMP_ENE_PRC,KERCK1G1_7_B2,ALL,1,98.64222,1,8
2022-09-01T11:00:00-00:00,2022-09-01T11:15:00-00:00,2022-09-01,05,KERCK1G1_7_B2,KERCK1G1_7_B2,KERCK1G1_7_B2,RTPD,MCE,LMP_ENE_PRC,KERCK1G1_7_B2,ALL,1,102.56859,1,8
2022-09-01T12:00:00-00:00,2022-09-01T12:15:00-00:00,2022-09-01,06,KERCK1G1_7_B2,KERCK1G1_7_B2,KERCK1G1_7_B2,RTPD,MCE,LMP_ENE_PRC,KERCK1G1_7_B2,ALL,1,96.90845,1,8
2022-09-01T13:00:00-00:00,2022-09-01T13:15:00-00:00,2022-09-01,07,KERCK1G1_7_B2,KERCK1G1_7_B2,KERCK1G1_7_B2,RTPD,MCE,LMP_ENE_PRC,KERCK1G1_7_B2,ALL,1,101.80878,1,8
2022-09-01T14:00:00-00:00,2022-09-01T14:15:00-00:00,2022-09-01,08,KERCK1G1_7_B2,KERCK1G1_7_B2,KERCK1G1_7_B2,RTPD,MCE,LMP_ENE_PRC,KERCK1G1_7_B2,ALL,1,111.11219,1,8
2022-09-01T15:00:00-00:00,2022-09-01T15:15:00-00:00,2022-09-01,09,KERCK1G1_7_B2,KERCK1G1_7_B2,KERCK1G1_7_B2,RTPD,MCE,LMP_ENE_PRC,KERCK1G1_7_B2,ALL,1,97.4112,1,8
2022-09-01T16:00:00-00:00,2022-09-01T16:15:00-00:00,2022-09-01,10,KERCK1G1_7_B2,KERCK1G1_7_B2,KERCK1G1_7_B2,RTPD,MCE,LMP_ENE_PRC,KERCK1G1_7_B2,ALL,1,83.43525,1,8
2022-09-01T17:00:00-00:00,2022-09-01T17:15:00-00:00,2022-09-01,11,KERCK1G1_7_B2,KERCK1G1_7_B2,KERCK1G1_7_B2,RTPD,MCE,LMP_ENE_PRC,KERCK1G1_7_B2,ALL,1,96.94897,1,8
2022-09-01T18:00:00-00:00,2022-09-01T18:15:00-00:00,2022-09-01,12,KERCK1G1_7_B2,KERCK1G1_7_B2,KERCK1G1_7_B2,RTPD,MCE,LMP_ENE_PRC,KERCK1G1_7_B2,ALL,1,91.59291,1,8
2022-09-01T19:00:00-00:00,2022-09-01T19:15:00-00:00,2022-09-01,13,KERCK1G1_7_B2,KERCK1G1_7_B2,KERCK1G1_7_B2,RTPD,MCE,LMP_ENE_PRC,KERCK1G1_7_B2,ALL,1,109.19637,1,8
2022-09-01T20:00:00-00:00,2022-09-01T20:15:00-00:00,2022-09-01,14,KERCK1G1_7_B2,KERCK1G1_7_B2,KERCK1G1_7_B2,RTPD,MCE,LMP_ENE_PRC,KERCK1G1_7_B2,ALL,1,117.94359,1,8
2022-09-01T21:00:00-00:00,2022-09-01T21:15:00-00:00,2022-09-01,15,KERCK1G1_7_B2,KERCK1G1_7_B2,KERCK1G1_7_B2,RTPD,MCE,LMP_ENE_PRC,KERCK1G1_7_B2,ALL,1,226.61499,1,8
2022-09-01T22:00:00-00:00,2022-09-01T22:15:00-00:00,2022-09-01,16,KERCK1G1_7_B2,KERCK1G1_7_B2,KERCK1G1_7_B2,RTPD,MCE,LMP_ENE_PRC,KERCK1G1_7_B2,ALL,1,229.18552,1,8
2022-09-01T23:00:00-00:00,2022-09-01T23:15:00-00:00,2022-09-01,17,KERCK1G1_7_B2,KERCK1G1_7_B2,KERCK1G1_7_B2,RTPD,MCE,LMP_ENE_PRC,KERCK1G1_7_B2,ALL,1,386.7537,1,8
2022-09-02T00:00:00-00:00,2022-09-02T00:15:00-00:00,2022-09-01,18,KERCK1G1_7_B2,KERCK1G1_7_B2,KERCK1G1_7_B2,RTPD,MCE,LMP_ENE_PRC,KERCK1G1_7_B2,ALL,1,770.58136,1,8
2022-09-02T01:00:00-00:00,2022-09-02T01:15:00-00:00,2022-09-01,19,KERCK1G1_7_B2,KERCK1G1_7_B2,KERCK1G1_7_B2,RTPD,MCE,LMP_ENE_PRC,KERCK1G1_7_B2,ALL,1,916.27124,1,8
2022-09-02T02:00:00-00:00,2022-09-02T02:15:00-00:00,2022-09-01,20,KERCK1G1_7_B2,KERCK1G1_7_B2,KERCK1G1_7_B2,RTPD,MCE,LMP_ENE_PRC,KERCK1G1_7_B2,ALL,1,1991.6721,1,8
2022-09-02T03:00:00-00:00,2022-09-02T03:15:00-00:00,2022-09-01,21,KERCK1G1_7_B2,KERCK1G1_7_B2,KERCK1G1_7_B2,RTPD,MCE,LMP_ENE_PRC,KERCK1G1_7_B2,ALL,1,917.5508,1,8
2022-09-02T04:00:00-00:00,2022-09-02T04:15:00-00:00,2022-09-01,22,KERCK1G1_7_B2,KERCK1G1_7_B2,KERCK1G1_7_B2,RTPD,MCE,LMP_ENE_PRC,KERCK1G1_7_B2,ALL,1,257.83005,1,8
2022-09-02T05:00:00-00:00,2022-09-02T05:15:00-00:00,2022-09-01,23,KERCK1G1_7_B2,KERCK1G1_7_B2,KERCK1G1_7_B2,RTPD,MCE,LMP_ENE_PRC,KERCK1G1_7_B2,ALL,1,183.24657,1,8
2022-09-02T06:00:00-00:00,2022-09-02T06:15:00-00:00,2022-09-01,24,KERCK1G1_7_B2,KERCK1G1_7_B2,KERCK1G1_7_B2,RTPD,MCE,LMP_ENE_PRC,KERCK1G1_7_B2,ALL,1,158.867,1,8
2022-09-01T07:15:00-00:00,2022-09-01T07:30:00-00:00,2022-09-01,01,KERCK1G1_7_B2,KERCK1G1_7_B2,KERCK1G1_7_B2,RTPD,MCE,LMP_ENE_PRC,KERCK1G1_7_B2,ALL,1,125.55144,2,8
2022-09-01T08:15:00-00:00,2022-09-01T08:30:00-00:00,2022-09-01,02,KERCK1G1_7_B2,KERCK1G1_7_B2,KERCK1G1_7_B2,RTPD,MCE,LMP_ENE_PRC,KERCK1G1_7_B2,ALL,1,115.53165,2,8
2022-09-01T09:15:00-00:00,2022-09-01T09:30:00-00:00,2022-09-01,03,KERCK1G1_7_B2,KERCK1G1_7_B2,KERCK1G1_7_B2,RTPD,MCE,LMP_ENE_PRC,KERCK1G1_7_B2,ALL,1,98.30543,2,8
2022-09-01T10:15:00-00:00,2022-09-01T10:30:00-00:00,2022-09-01,04,KERCK1G1_7_B2,KERCK1G1_7_B2,KERCK1G1_7_B2,RTPD,MCE,LMP_ENE_PRC,KERCK1G1_7_B2,ALL,1,97.00684,2,8
2022-09-01T11:15:00-00:00,2022-09-01T11:30:00-00:00,2022-09-01,05,KERCK1G1_7_B2,KERCK1G1_7_B2,KERCK1G1_7_B2,RTPD,MCE,LMP_ENE_PRC,KERCK1G1_7_B2,ALL,1,103.09059,2,8
2022-09-01T12:15:00-00:00,2022-09-01T12:30:00-00:00,2022-09-01,06,KERCK1G1_7_B2,KERCK1G1_7_B2,KERCK1G1_7_B2,RTPD,MCE,LMP_ENE_PRC,KERCK1G1_7_B2,ALL,1,109.32203,2,8
2022-09-01T13:15:00-00:00,2022-09-01T13:30:00-00:00,2022-09-01,07,KERCK1G1_7_B2,KERCK1G1_7_B2,KERCK1G1_7_B2,RTPD,MCE,LMP_ENE_PRC,KERCK1G1_7_B2,ALL,1,110.97827,2,8
2022-09-01T14:15:00-00:00,2022-09-01T14:30:00-00:00,2022-09-01,08,KERCK1G1_7_B2,KERCK1G1_7_B2,KERCK1G1_7_B2,RTPD,MCE,LMP_ENE_PRC,KERCK1G1_7_B2,ALL,1,104.78743,2,8
2022-09-01T15:15:00-00:00,2022-09-01T15:30:00-00:00,2022-09-01,09,KERCK1G1_7_B2,KERCK1G1_7_B2,KERCK1G1_7_B2,RTPD,MCE,LMP_ENE_PRC,KERCK1G1_7_B2,ALL,1,86.9388,2,8
2022-09-01T16:15:00-00:00,2022-09-01T16:30:00-00:00,2022-09-01,10,KERCK1G1_7_B2,KERCK1G1_7_B2,KERCK1G1_7_B2,RTPD,MCE,LMP_ENE_PRC,KERCK1G1_7_B2,ALL,1,89.44858,2,8
2022-09-01T17:15:00-00:00,2022-09-01T17:30:00-00:00,2022-09-01,11,KERCK1G1_7_B2,KERCK1G1_7_B2,KERCK1G1_7_B2,RTPD,MCE,LMP_ENE_PRC,KERCK1G1_7_B2,ALL,1,99.34673,2,8
2022-09-01T18:15:00-00:00,2022-09-01T18:30:00-00:00,2022-09-01,12,KERCK1G1_7_B2,KERCK1G1_7_B2,KERCK1G1_7_B2,RTPD,MCE,LMP_ENE_PRC,KERCK1G1_7_B2,ALL,1,101.15901,2,8
2022-09-01T19:15:00-00:00,2022-09-01T19:30:00-00:00,2022-09-01,13,KERCK1G1_7_B2,KERCK1G1_7_B2,KERCK1G1_7_B2,RTPD,MCE,LMP_ENE_PRC,KERCK1G1_7_B2,ALL,1,105.30588,2,8
2022-09-01T20:15:00-00:00,2022-09-01T20:30:00-00:00,2022-09-01,14,KERCK1G1_7_B2,KERCK1G1_7_B2,KERCK1G1_7_B2,RTPD,MCE,LMP_ENE_PRC,KERCK1G1_7_B2,ALL,1,117.49421,2,8
2022-09-01T21:15:00-00:00,2022-09-01T21:30:00-00:00,2022-09-01,15,KERCK1G1_7_B2,KERCK1G1_7_B2,KERCK1G1_7_B2,RTPD,MCE,LMP_ENE_PRC,KERCK1G1_7_B2,ALL,1,147.21185,2,8
2022-09-01T22:15:00-00:00,2022-09-01T22:30:00-00:00,2022-09-01,16,KERCK1G1_7_B2,KERCK1G1_7_B2,KERCK1G1_7_B2,RTPD,MCE,LMP_ENE_PRC,KERCK1G1_7_B2,ALL,1,256.58734,2,8
2022-09-01T23:15:00-00:00,2022-09-01T23:30:00-00:00,2022-09-01,17,KERCK1G1_7_B2,KERCK1G1_7_B2,KERCK1G1_7_B2,RTPD,MCE,LMP_ENE_PRC,KERCK1G1_7_B2,ALL,1,362.12408,2,8
2022-09-02T00:15:00-00:00,2022-09-02T00:30:00-00:00,2022-09-01,18,KERCK1G1_7_B2,KERCK1G1_7_B2,KERCK1G1_7_B2,RTPD,MCE,LMP_ENE_PRC,KERCK1G1_7_B2,ALL,1,691.2182,2,8
2022-09-02T01:15:00-00:00,2022-09-02T01:30:00-00:00,2022-09-01,19,KERCK1G1_7_B2,KERCK1G1_7_B2,KERCK1G1_7_B2,RTPD,MCE,LMP_ENE_PRC,KERCK1G1_7_B2,ALL,1,1999.9933,2,8
2022-09-02T02:15:00-00:00,2022-09-02T02:30:00-00:00,2022-09-01,20,KERCK1G1_7_B2,KERCK1G1_7_B2,KERCK1G1_7_B2,RTPD,MCE,LMP_ENE_PRC,KERCK1G1_7_B2,ALL,1,1991.6721,2,8
2022-09-02T03:15:00-00:00,2022-09-02T03:30:00-00:00,2022-09-01,21,KERCK1G1_7_B2,KERCK1G1_7_B2,KERCK1G1_7_B2,RTPD,MCE,LMP_ENE_PRC,KERCK1G1_7_B2,ALL,1,400.52884,2,8
2022-09-02T04:15:00-00:00,2022-09-02T04:30:00-00:00,2022-09-01,22,KERCK1G1_7_B2,KERCK1G1_7_B2,KERCK1G1_7_B2,RTPD,MCE,LMP_ENE_PRC,KERCK1G1_7_B2,ALL,1,224.75041,2,8
2022-09-02T05:15:00-00:00,2022-09-02T05:30:00-00:00,2022-09-01,23,KERCK1G1_7_B2,KERCK1G1_7_B2,KERCK1G1_7_B2,RTPD,MCE,LMP_ENE_PRC,KERCK1G1_7_B2,ALL,1,157.11986,2,8
2022-09-02T06:15:00-00:00,2022-09-02T06:30:00-00:00,2022-09-01,24,KERCK1G1_7_B2,KERCK1G1_7_B2,KERCK1G1_7_B2,RTPD,MCE,LMP_ENE_PRC,KERCK1G1_7_B2,ALL,1,143.1005,2,8
2022-09-01T07:30:00-00:00,2022-09-01T07:45:00-00:00,2022-09-01,01,KERCK1G1_7_B2,KERCK1G1_7_B2,KERCK1G1_7_B2,RTPD,MCE,LMP_ENE_PRC,KERCK1G1_7_B2,ALL,1,119.03196,3,8
2022-09-01T08:30:00-00:00,2022-09-01T08:45:00-00:00,2022-09-01,02,KERCK1G1_7_B2,KERCK1G1_7_B2,KERCK1G1_7_B2,RTPD,MCE,LMP_ENE_PRC,KERCK1G1_7_B2,ALL,1,111.11241,3,8
2022-09-01T09:30:00-00:00,2022-09-01T09:45:00-00:00,2022-09-01,03,KERCK1G1_7_B2,KERCK1G1_7_B2,KERCK1G1_7_B2,RTPD,MCE,LMP_ENE_PRC,KERCK1G1_7_B2,ALL,1,98.16228,3,8
2022-09-01T10:30:00-00:00,2022-09-01T10:45:00-00:00,2022-09-01,04,KERCK1G1_7_B2,KERCK1G1_7_B2,KERCK1G1_7_B2,RTPD,MCE,LMP_ENE_PRC,KERCK1G1_7_B2,ALL,1,96.36226,3,8
2022-09-01T11:30:00-00:00,2022-09-01T11:45:00-00:00,2022-09-01,05,KERCK1G1_7_B2,KERCK1G1_7_B2,KERCK1G1_7_B2,RTPD,MCE,LMP_ENE_PRC,KERCK1G1_7_B2,ALL,1,103.06198,3,8
2022-09-01T12:30:00-00:00,2022-09-01T12:45:00-00:00,2022-09-01,06,KERCK1G1_7_B2,KERCK1G1_7_B2,KERCK1G1_7_B2,RTPD,MCE,LMP_ENE_PRC,KERCK1G1_7_B2,ALL,1,113.57403,3,8
2022-09-01T13:30:00-00:00,2022-09-01T13:45:00-00:00,2022-09-01,07,KERCK1G1_7_B2,KERCK1G1_7_B2,KERCK1G1_7_B2,RTPD,MCE,LMP_ENE_PRC,KERCK1G1_7_B2,ALL,1,111.52025,3,8
2022-09-01T14:30:00-00:00,2022-09-01T14:45:00-00:00,2022-09-01,08,KERCK1G1_7_B2,KERCK1G1_7_B2,KERCK1G1_7_B2,RTPD,MCE,LMP_ENE_PRC,KERCK1G1_7_B2,ALL,1,101.83428,3,8
2022-09-01T15:30:00-00:00,2022-09-01T15:45:00-00:00,2022-09-01,09,KERCK1G1_7_B2,KERCK1G1_7_B2,KERCK1G1_7_B2,RTPD,MCE,LMP_ENE_PRC,KERCK1G1_7_B2,ALL,1,86.1388,3,8
2022-09-01T16:30:00-00:00,2022-09-01T16:45:00-00:00,2022-09-01,10,KERCK1G1_7_B2,KERCK1G1_7_B2,KERCK1G1_7_B2,RTPD,MCE,LMP_ENE_PRC,KERCK1G1_7_B2,ALL,1,88.79644,3,8
2022-09-01T17:30:00-00:00,2022-09-01T17:45:00-00:00,2022-09-01,11,KERCK1G1_7_B2,KERCK1G1_7_B2,KERCK1G1_7_B2,RTPD,MCE,LMP_ENE_PRC,KERCK1G1_7_B2,ALL,1,99.13013,3,8
2022-09-01T18:30:00-00:00,2022-09-01T18:45:00-00:00,2022-09-01,12,KERCK1G1_7_B2,KERCK1G1_7_B2,KERCK1G1_7_B2,RTPD,MCE,LMP_ENE_PRC,KERCK1G1_7_B2,ALL,1,107.05718,3,8
2022-09-01T19:30:00-00:00,2022-09-01T19:45:00-00:00,2022-09-01,13,KERCK1G1_7_B2,KERCK1G1_7_B2,KERCK1G1_7_B2,RTPD,MCE,LMP_ENE_PRC,KERCK1G1_7_B2,ALL,1,114.05905,3,8
2022-09-01T20:30:00-00:00,2022-09-01T20:45:00-00:00,2022-09-01,14,KERCK1G1_7_B2,KERCK1G1_7_B2,KERCK1G1_7_B2,RTPD,MCE,LMP_ENE_PRC,KERCK1G1_7_B2,ALL,1,129.81606,3,8
2022-09-01T21:30:00-00:00,2022-09-01T21:45:00-00:00,2022-09-01,15,KERCK1G1_7_B2,KERCK1G1_7_B2,KERCK1G1_7_B2,RTPD,MCE,LMP_ENE_PRC,KERCK1G1_7_B2,ALL,1,152.93057,3,8
2022-09-01T22:30:00-00:00,2022-09-01T22:45:00-00:00,2022-09-01,16,KERCK1G1_7_B2,KERCK1G1_7_B2,KERCK1G1_7_B2,RTPD,MCE,LMP_ENE_PRC,KERCK1G1_7_B2,ALL,1,283.18182,3,8
2022-09-01T23:30:00-00:00,2022-09-01T23:45:00-00:00,2022-09-01,17,KERCK1G1_7_B2,KERCK1G1_7_B2,KERCK1G1_7_B2,RTPD,MCE,LMP_ENE_PRC,KERCK1G1_7_B2,ALL,1,566.48157,3,8
2022-09-02T00:30:00-00:00,2022-09-02T00:45:00-00:00,2022-09-01,18,KERCK1G1_7_B2,KERCK1G1_7_B2,KERCK1G1_7_B2,RTPD,MCE,LMP_ENE_PRC,KERCK1G1_7_B2,ALL,1,1329.1127,3,8
2022-09-02T01:30:00-00:00,2022-09-02T01:45:00-00:00,2022-09-01,19,KERCK1G1_7_B2,KERCK1G1_7_B2,KERCK1G1_7_B2,RTPD,MCE,LMP_ENE_PRC,KERCK1G1_7_B2,ALL,1,1999.9956,3,8
2022-09-02T02:30:00-00:00,2022-09-02T02:45:00-00:00,2022-09-01,20,KERCK1G1_7_B2,KERCK1G1_7_B2,KERCK1G1_7_B2,RTPD,MCE,LMP_ENE_PRC,KERCK1G1_7_B2,ALL,1,1991.671,3,8
2022-09-02T03:30:00-00:00,2022-09-02T03:45:00-00:00,2022-09-01,21,KERCK1G1_7_B2,KERCK1G1_7_B2,KERCK1G1_7_B2,RTPD,MCE,LMP_ENE_PRC,KERCK1G1_7_B2,ALL,1,186.61823,3,8
2022-09-02T04:30:00-00:00,2022-09-02T04:45:00-00:00,2022-09-01,22,KERCK1G1_7_B2,KERCK1G1_7_B2,KERCK1G1_7_B2,RTPD,MCE,LMP_ENE_PRC,KERCK1G1_7_B2,ALL,1,180.67824,3,8
2022-09-02T05:30:00-00:00,2022-09-02T05:45:00-00:00,2022-09-01,23,KERCK1G1_7_B2,KERCK1G1_7_B2,KERCK1G1_7_B2,RTPD,MCE,LMP_ENE_PRC,KERCK1G1_7_B2,ALL,1,131.69917,3,8
2022-09-02T06:30:00-00:00,2022-09-02T06:45:00-00:00,2022-09-01,24,KERCK1G1_7_B2,KERCK1G1_7_B2,KERCK1G1_7_B2,RTPD,MCE,LMP_ENE_PRC,KERCK1G1_7_B2,ALL,1,128.9871,3,8
2022-09-01T07:45:00-00:00,2022-09-01T08:00:00-00:00,2022-09-01,01,KERCK1G1_7_B2,KERCK1G1_7_B2,KERCK1G1_7_B2,RTPD,MCE,LMP_ENE_PRC,KERCK1G1_7_B2,ALL,1,109.12099,4,8
2022-09-01T08:45:00-00:00,2022-09-01T09:00:00-00:00,2022-09-01,02,KERCK1G1_7_B2,KERCK1G1_7_B2,KERCK1G1_7_B2,RTPD,MCE,LMP_ENE_PRC,KERCK1G1_7_B2,ALL,1,98.7357,4,8
2022-09-01T09:45:00-00:00,2022-09-01T10:00:00-00:00,2022-09-01,03,KERCK1G1_7_B2,KERCK1G1_7_B2,KERCK1G1_7_B2,RTPD,MCE,LMP_ENE_PRC,KERCK1G1_7_B2,ALL,1,97.50475,4,8
2022-09-01T10:45:00-00:00,2022-09-01T11:00:00-00:00,2022-09-01,04,KERCK1G1_7_B2,KERCK1G1_7_B2,KERCK1G1_7_B2,RTPD,MCE,LMP_ENE_PRC,KERCK1G1_7_B2,ALL,1,94.71966,4,8
2022-09-01T11:45:00-00:00,2022-09-01T12:00:00-00:00,2022-09-01,05,KERCK1G1_7_B2,KERCK1G1_7_B2,KERCK1G1_7_B2,RTPD,MCE,LMP_ENE_PRC,KERCK1G1_7_B2,ALL,1,107.01,4,8
2022-09-01T12:45:00-00:00,2022-09-01T13:00:00-00:00,2022-09-01,06,KERCK1G1_7_B2,KERCK1G1_7_B2,KERCK1G1_7_B2,RTPD,MCE,LMP_ENE_PRC,KERCK1G1_7_B2,ALL,1,116.4848,4,8
2022-09-01T13:45:00-00:00,2022-09-01T14:00:00-00:00,2022-09-01,07,KERCK1G1_7_B2,KERCK1G1_7_B2,KERCK1G1_7_B2,RTPD,MCE,LMP_ENE_PRC,KERCK1G1_7_B2,ALL,1,111.41,4,8
2022-09-01T14:45:00-00:00,2022-09-01T15:00:00-00:00,2022-09-01,08,KERCK1G1_7_B2,KERCK1G1_7_B2,KERCK1G1_7_B2,RTPD,MCE,LMP_ENE_PRC,KERCK1G1_7_B2,ALL,1,86.1388,4,8
2022-09-01T15:45:00-00:00,2022-09-01T16:00:00-00:00,2022-09-01,09,KERCK1G1_7_B2,KERCK1G1_7_B2,KERCK1G1_7_B2,RTPD,MCE,LMP_ENE_PRC,KERCK1G1_7_B2,ALL,1,78.70076,4,8
2022-09-01T16:45:00-00:00,2022-09-01T17:00:00-00:00,2022-09-01,10,KERCK1G1_7_B2,KERCK1G1_7_B2,KERCK1G1_7_B2,RTPD,MCE,LMP_ENE_PRC,KERCK1G1_7_B2,ALL,1,91.24933,4,8
2022-09-01T17:45:00-00:00,2022-09-01T18:00:00-00:00,2022-09-01,11,KERCK1G1_7_B2,KERCK1G1_7_B2,KERCK1G1_7_B2,RTPD,MCE,LMP_ENE_PRC,KERCK1G1_7_B2,ALL,1,99.20544,4,8
2022-09-01T18:45:00-00:00,2022-09-01T19:00:00-00:00,2022-09-01,12,KERCK1G1_7_B2,KERCK1G1_7_B2,KERCK1G1_7_B2,RTPD,MCE,LMP_ENE_PRC,KERCK1G1_7_B2,ALL,1,109.04064,4,8
2022-09-01T19:45:00-00:00,2022-09-01T20:00:00-00:00,2022-09-01,13,KERCK1G1_7_B2,KERCK1G1_7_B2,KERCK1G1_7_B2,RTPD,MCE,LMP_ENE_PRC,KERCK1G1_7_B2,ALL,1,120.22491,4,8
2022-09-01T20:45:00-00:00,2022-09-01T21:00:00-00:00,2022-09-01,14,KERCK1G1_7_B2,KERCK1G1_7_B2,KERCK1G1_7_B2,RTPD,MCE,LMP_ENE_PRC,KERCK1G1_7_B2,ALL,1,154.02509,4,8
2022-09-01T21:45:00-00:00,2022-09-01T22:00:00-00:00,2022-09-01,15,KERCK1G1_7_B2,KERCK1G1_7_B2,KERCK1G1_7_B2,RTPD,MCE,LMP_ENE_PRC,KERCK1G1_7_B2,ALL,1,300.29376,4,8
2022-09-01T22:45:00-00:00,2022-09-01T23:00:00-00:00,2022-09-01,16,KERCK1G1_7_B2,KERCK1G1_7_B2,KERCK1G1_7_B2,RTPD,MCE,LMP_ENE_PRC,KERCK1G1_7_B2,ALL,1,429.9137,4,8
2022-09-01T23:45:00-00:00,2022-09-02T00:00:00-00:00,2022-09-01,17,KERCK1G1_7_B2,KERCK1G1_7_B2,KERCK1G1_7_B2,RTPD,MCE,LMP_ENE_PRC,KERCK1G1_7_B2,ALL,1,1261.2124,4,8
2022-09-02T00:45:00-00:00,2022-09-02T01:00:00-00:00,2022-09-01,18,KERCK1G1_7_B2,KERCK1G1_7_B2,KERCK1G1_7_B2,RTPD,MCE,LMP_ENE_PRC,KERCK1G1_7_B2,ALL,1,1519.149,4,8
2022-09-02T01:45:00-00:00,2022-09-02T02:00:00-00:00,2022-09-01,19,KERCK1G1_7_B2,KERCK1G1_7_B2,KERCK1G1_7_B2,RTPD,MCE,LMP_ENE_PRC,KERCK1G1_7_B2,ALL,1,1991.9337,4,8
2022-09-02T02:45:00-00:00,2022-09-02T03:00:00-00:00,2022-09-01,20,KERCK1G1_7_B2,KERCK1G1_7_B2,KERCK1G1_7_B2,RTPD,MCE,LMP_ENE_PRC,KERCK1G1_7_B2,ALL,1,1629.6213,4,8
2022-09-02T03:45:00-00:00,2022-09-02T04:00:00-00:00,2022-09-01,21,KERCK1G1_7_B2,KERCK1G1_7_B2,KERCK1G1_7_B2,RTPD,MCE,LMP_ENE_PRC,KERCK1G1_7_B2,ALL,1,141.13702,4,8
2022-09-02T04:45:00-00:00,2022-09-02T05:00:00-00:00,2022-09-01,22,KERCK1G1_7_B2,KERCK1G1_7_B2,KERCK1G1_7_B2,RTPD,MCE,LMP_ENE_PRC,KERCK1G1_7_B2,ALL,1,126.76372,4,8
2022-09-02T05:45:00-00:00,2022-09-02T06:00:00-00:00,2022-09-01,23,KERCK1G1_7_B2,KERCK1G1_7_B2,KERCK1G1_7_B2,RTPD,MCE,LMP_ENE_PRC,KERCK1G1_7_B2,ALL,1,119.00958,4,8
2022-09-02T06:45:00-00:00,2022-09-02T07:00:00-00:00,2022-09-01,24,KERCK1G1_7_B2,KERCK1G1_7_B2,KERCK1G1_7_B2,RTPD,MCE,LMP_ENE_PRC,KERCK1G1_7_B2,ALL,1,109.20324,4,8
2022-09-01T07:00:00-00:00,2022-09-01T07:15:00-00:00,2022-09-01,01,KERCK1G1_7_B2,KERCK1G1_7_B2,KERCK1G1_7_B2,RTPD,MCL,LMP_LOSS_PRC,KERCK1G1_7_B2,ALL,1,3.61694,1,9
2022-09-01T08:00:00-00:00,2022-09-01T08:15:00-00:00,2022-09-01,02,KERCK1G1_7_B2,KERCK1G1_7_B2,KERCK1G1_7_B2,RTPD,MCL,LMP_LOSS_PRC,KERCK1G1_7_B2,ALL,1,0,1,9
2022-09-01T09:00:00-00:00,2022-09-01T09:15:00-00:00,2022-09-01,03,KERCK1G1_7_B2,KERCK1G1_7_B2,KERCK1G1_7_B2,RTPD,MCL,LMP_LOSS_PRC,KERCK1G1_7_B2,ALL,1,13.14449,1,9
2022-09-01T10:00:00-00:00,2022-09-01T10:15:00-00:00,2022-09-01,04,KERCK1G1_7_B2,KERCK1G1_7_B2,KERCK1G1_7_B2,RTPD,MCL,LMP_LOSS_PRC,KERCK1G1_7_B2,ALL,1,9.8149,1,9
2022-09-01T11:00:00-00:00,2022-09-01T11:15:00-00:00,2022-09-01,05,KERCK1G1_7_B2,KERCK1G1_7_B2,KERCK1G1_7_B2,RTPD,MCL,LMP_LOSS_PRC,KERCK1G1_7_B2,ALL,1,11.92873,1,9
2022-09-01T12:00:00-00:00,2022-09-01T12:15:00-00:00,2022-09-01,06,KERCK1G1_7_B2,KERCK1G1_7_B2,KERCK1G1_7_B2,RTPD,MCL,LMP_LOSS_PRC,KERCK1G1_7_B2,ALL,1,11.59025,1,9
2022-09-01T13:00:00-00:00,2022-09-01T13:15:00-00:00,2022-09-01,07,KERCK1G1_7_B2,KERCK1G1_7_B2,KERCK1G1_7_B2,RTPD,MCL,LMP_LOSS_PRC,KERCK1G1_7_B2,ALL,1,0,1,9
2022-09-01T14:00:00-00:00,2022-09-01T14:15:00-00:00,2022-09-01,08,KERCK1G1_7_B2,KERCK1G1_7_B2,KERCK1G1_7_B2,RTPD,MCL,LMP_LOSS_PRC,KERCK1G1_7_B2,ALL,1,12.2779,1,9
2022-09-01T15:00:00-00:00,2022-09-01T15:15:00-00:00,2022-09-01,09,KERCK1G1_7_B2,KERCK1G1_7_B2,KERCK1G1_7_B2,RTPD,MCL,LMP_LOSS_PRC,KERCK1G1_7_B2,ALL,1,0,1,9
2022-09-01T16:00:00-00:00,2022-09-01T16:15:00-00:00,2022-09-01,10,KERCK1G1_7_B2,KERCK1G1_7_B2,KERCK1G1_7_B2,RTPD,MCL,LMP_LOSS_PRC,KERCK1G1_7_B2,ALL,1,0,1,9
2022-09-01T17:00:00-00:00,2022-09-01T17:15:00-00:00,2022-09-01,11,KERCK1G1_7_B2,KERCK1G1_7_B2,KERCK1G1_7_B2,RTPD,MCL,LMP_LOSS_PRC,KERCK1G1_7_B2,ALL,1,0,1,9
2022-09-01T18:00:00-00:00,2022-09-01T18:15:00-00:00,2022-09-01,12,KERCK1G1_7_B2,KERCK1G1_7_B2,KERCK1G1_7_B2,RTPD,MCL,LMP_LOSS_PRC,KERCK1G1_7_B2,ALL,1,0,1,9
2022-09-01T19:00:00-00:00,2022-09-01T19:15:00-00:00,2022-09-01,13,KERCK1G1_7_B2,KERCK1G1_7_B2,KERCK1G1_7_B2,RTPD,MCL,LMP_LOSS_PRC,KERCK1G1_7_B2,ALL,1,0,1,9
2022-09-01T20:00:00-00:00,2022-09-01T20:15:00-00:00,2022-09-01,14,KERCK1G1_7_B2,KERCK1G1_7_B2,KERCK1G1_7_B2,RTPD,MCL,LMP_LOSS_PRC,KERCK1G1_7_B2,ALL,1,0,1,9
2022-09-01T21:00:00-00:00,2022-09-01T21:15:00-00:00,2022-09-01,15,KERCK1G1_7_B2,KERCK1G1_7_B2,KERCK1G1_7_B2,RTPD,MCL,LMP_LOSS_PRC,KERCK1G1_7_B2,ALL,1,0,1,9
2022-09-01T22:00:00-00:00,2022-09-01T22:15:00-00:00,2022-09-01,16,KERCK1G1_7_B2,KERCK1G1_7_B2,KERCK1G1_7_B2,RTPD,MCL,LMP_LOSS_PRC,KERCK1G1_7_B2,ALL,1,0,1,9
2022-09-01T23:00:00-00:00,2022-09-01T23:15:00-00:00,2022-09-01,17,KERCK1G1_7_B2,KERCK1G1_7_B2,KERCK1G1_7_B2,RTPD,MCL,LMP_LOSS_PRC,KERCK1G1_7_B2,ALL,1,0,1,9
2022-09-02T00:00:00-00:00,2022-09-02T00:15:00-00:00,2022-09-01,18,KERCK1G1_7_B2,KERCK1G1_7_B2,KERCK1G1_7_B2,RTPD,MCL,LMP_LOSS_PRC,KERCK1G1_7_B2,ALL,1,31.82501,1,9
2022-09-02T01:00:00-00:00,2022-09-02T01:15:00-00:00,2022-09-01,19,KERCK1G1_7_B2,KERCK1G1_7_B2,KERCK1G1_7_B2,RTPD,MCL,LMP_LOSS_PRC,KERCK1G1_7_B2,ALL,1,0,1,9
2022-09-02T02:00:00-00:00,2022-09-02T02:15:00-00:00,2022-09-01,20,KERCK1G1_7_B2,KERCK1G1_7_B2,KERCK1G1_7_B2,RTPD,MCL,LMP_LOSS_PRC,KERCK1G1_7_B2,ALL,1,0,1,9
2022-09-02T03:00:00-00:00,2022-09-02T03:15:00-00:00,2022-09-01,21,KERCK1G1_7_B2,KERCK1G1_7_B2,KERCK1G1_7_B2,RTPD,MCL,LMP_LOSS_PRC,KERCK1G1_7_B2,ALL,1,160.66315,1,9
2022-09-02T04:00:00-00:00,2022-09-02T04:15:00-00:00,2022-09-01,22,KERCK1G1_7_B2,KERCK1G1_7_B2,KERCK1G1_7_B2,RTPD,MCL,LMP_LOSS_PRC,KERCK1G1_7_B2,ALL,1,54.68575,1,9
2022-09-02T05:00:00-00:00,2022-09-02T05:15:00-00:00,2022-09-01,23,KERCK1G1_7_B2,KERCK1G1_7_B2,KERCK1G1_7_B2,RTPD,MCL,LMP_LOSS_PRC,KERCK1G1_7_B2,ALL,1,24.18855,1,9
2022-09-02T06:00:00-00:00,2022-09-02T06:15:00-00:00,2022-09-01,24,KERCK1G1_7_B2,KERCK1G1_7_B2,KERCK1G1_7_B2,RTPD,MCL,LMP_LOSS_PRC,KERCK1G1_7_B2,ALL,1,19.25468,1,9
2022-09-01T07:15:00-00:00,2022-09-01T07:30:00-00:00,2022-09-01,01,KERCK1G1_7_B2,KERCK1G1_7_B2,KERCK1G1_7_B2,RTPD,MCL,LMP_LOSS_PRC,KERCK1G1_7_B2,ALL,1,0,2,9
2022-09-01T08:15:00-00:00,2022-09-01T08:30:00-00:00,2022-09-01,02,KERCK1G1_7_B2,KERCK1G1_7_B2,KERCK1G1_7_B2,RTPD,MCL,LMP_LOSS_PRC,KERCK1G1_7_B2,ALL,1,0,2,9
2022-09-01T09:15:00-00:00,2022-09-01T09:30:00-00:00,2022-09-01,03,KERCK1G1_7_B2,KERCK1G1_7_B2,KERCK1G1_7_B2,RTPD,MCL,LMP_LOSS_PRC,KERCK1G1_7_B2,ALL,1,12.57326,2,9
2022-09-01T10:15:00-00:00,2022-09-01T10:30:00-00:00,2022-09-01,04,KERCK1G1_7_B2,KERCK1G1_7_B2,KERCK1G1_7_B2,RTPD,MCL,LMP_LOSS_PRC,KERCK1G1_7_B2,ALL,1,9.885,2,9
2022-09-01T11:15:00-00:00,2022-09-01T11:30:00-00:00,2022-09-01,05,KERCK1G1_7_B2,KERCK1G1_7_B2,KERCK1G1_7_B2,RTPD,MCL,LMP_LOSS_PRC,KERCK1G1_7_B2,ALL,1,11.90696,2,9
2022-09-01T12:15:00-00:00,2022-09-01T12:30:00-00:00,2022-09-01,06,KERCK1G1_7_B2,KERCK1G1_7_B2,KERCK1G1_7_B2,RTPD,MCL,LMP_LOSS_PRC,KERCK1G1_7_B2,ALL,1,14.01508,2,9
2022-09-01T13:15:00-00:00,2022-09-01T13:30:00-00:00,2022-09-01,07,KERCK1G1_7_B2,KERCK1G1_7_B2,KERCK1G1_7_B2,RTPD,MCL,LMP_LOSS_PRC,KERCK1G1_7_B2,ALL,1,7.97934,2,9
2022-09-01T14:15:00-00:00,2022-09-01T14:30:00-00:00,2022-09-01,08,KERCK1G1_7_B2,KERCK1G1_7_B2,KERCK1G1_7_B2,RTPD,MCL,LMP_LOSS_PRC,KERCK1G1_7_B2,ALL,1,10.31108,2,9
2022-09-01T15:15:00-00:00,2022-09-01T15:30:00-00:00,2022-09-01,09,KERCK1G1_7_B2,KERCK1G1_7_B2,KERCK1G1_7_B2,RTPD,MCL,LMP_LOSS_PRC,KERCK1G1_7_B2,ALL,1,0,2,9
2022-09-01T16:15:00-00:00,2022-09-01T16:30:00-00:00,2022-09-01,10,KERCK1G1_7_B2,KERCK1G1_7_B2,KERCK1G1_7_B2,RTPD,MCL,LMP_LOSS_PRC,KERCK1G1_7_B2,ALL,1,0,2,9
2022-09-01T17:15:00-00:00,2022-09-01T17:30:00-00:00,2022-09-01,11,KERCK1G1_7_B2,KERCK1G1_7_B2,KERCK1G1_7_B2,RTPD,MCL,LMP_LOSS_PRC,KERCK1G1_7_B2,ALL,1,0,2,9
2022-09-01T18:15:00-00:00,2022-09-01T18:30:00-00:00,2022-09-01,12,KERCK1G1_7_B2,KERCK1G1_7_B2,KERCK1G1_7_B2,RTPD,MCL,LMP_LOSS_PRC,KERCK1G1_7_B2,ALL,1,0,2,9
2022-09-01T19:15:00-00:00,2022-09-01T19:30:00-00:00,2022-09-01,13,KERCK1G1_7_B2,KERCK1G1_7_B2,KERCK1G1_7_B2,RTPD,MCL,LMP_LOSS_PRC,KERCK1G1_7_B2,ALL,1,0,2,9
2022-09-01T20:15:00-00:00,2022-09-01T20:30:00-00:00,2022-09-01,14,KERCK1G1_7_B2,KERCK1G1_7_B2,KERCK1G1_7_B2,RTPD,MCL,LMP_LOSS_PRC,KERCK1G1_7_B2,ALL,1,0,2,9
2022-09-01T21:15:00-00:00,2022-09-01T21:30:00-00:00,2022-09-01,15,KERCK1G1_7_B2,KERCK1G1_7_B2,KERCK1G1_7_B2,RTPD,MCL,LMP_LOSS_PRC,KERCK1G1_7_B2,ALL,1,0,2,9
2022-09-01T22:15:00-00:00,2022-09-01T22:30:00-00:00,2022-09-01,16,KERCK1G1_7_B2,KERCK1G1_7_B2,KERCK1G1_7_B2,RTPD,MCL,LMP_LOSS_PRC,KERCK1G1_7_B2,ALL,1,0,2,9
2022-09-01T23:15:00-00:00,2022-09-01T23:30:00-00:00,2022-09-01,17,KERCK1G1_7_B2,KERCK1G1_7_B2,KERCK1G1_7_B2,RTPD,MCL,LMP_LOSS_PRC,KERCK1G1_7_B2,ALL,1,0,2,9
2022-09-02T00:15:00-00:00,2022-09-02T00:30:00-00:00,2022-09-01,18,KERCK1G1_7_B2,KERCK1G1_7_B2,KERCK1G1_7_B2,RTPD,MCL,LMP_LOSS_PRC,KERCK1G1_7_B2,ALL,1,30.75921,2,9
2022-09-02T01:15:00-00:00,2022-09-02T01:30:00-00:00,2022-09-01,19,KERCK1G1_7_B2,KERCK1G1_7_B2,KERCK1G1_7_B2,RTPD,MCL,LMP_LOSS_PRC,KERCK1G1_7_B2,ALL,1,0,2,9
2022-09-02T02:15:00-00:00,2022-09-02T02:30:00-00:00,2022-09-01,20,KERCK1G1_7_B2,KERCK1G1_7_B2,KERCK1G1_7_B2,RTPD,MCL,LMP_LOSS_PRC,KERCK1G1_7_B2,ALL,1,0,2,9
2022-09-02T03:15:00-00:00,2022-09-02T03:30:00-00:00,2022-09-01,21,KERCK1G1_7_B2,KERCK1G1_7_B2,KERCK1G1_7_B2,RTPD,MCL,LMP_LOSS_PRC,KERCK1G1_7_B2,ALL,1,66.40768,2,9
2022-09-02T04:15:00-00:00,2022-09-02T04:30:00-00:00,2022-09-01,22,KERCK1G1_7_B2,KERCK1G1_7_B2,KERCK1G1_7_B2,RTPD,MCL,LMP_LOSS_PRC,KERCK1G1_7_B2,ALL,1,46.20868,2,9
2022-09-02T05:15:00-00:00,2022-09-02T05:30:00-00:00,2022-09-01,23,KERCK1G1_7_B2,KERCK1G1_7_B2,KERCK1G1_7_B2,RTPD,MCL,LMP_LOSS_PRC,KERCK1G1_7_B2,ALL,1,25.10775,2,9
2022-09-02T06:15:00-00:00,2022-09-02T06:30:00-00:00,2022-09-01,24,KERCK1G1_7_B2,KERCK1G1_7_B2,KERCK1G1_7_B2,RTPD,MCL,LMP_LOSS_PRC,KERCK1G1_7_B2,ALL,1,16.5138,2,9
2022-09-01T07:30:00-00:00,2022-09-01T07:45:00-00:00,2022-09-01,01,KERCK1G1_7_B2,KERCK1G1_7_B2,KERCK1G1_7_B2,RTPD,MCL,LMP_LOSS_PRC,KERCK1G1_7_B2,ALL,1,0,3,9
2022-09-01T08:30:00-00:00,2022-09-01T08:45:00-00:00,2022-09-01,02,KERCK1G1_7_B2,KERCK1G1_7_B2,KERCK1G1_7_B2,RTPD,MCL,LMP_LOSS_PRC,KERCK1G1_7_B2,ALL,1,13.90016,3,9
2022-09-01T09:30:00-00:00,2022-09-01T09:45:00-00:00,2022-09-01,03,KERCK1G1_7_B2,KERCK1G1_7_B2,KERCK1G1_7_B2,RTPD,MCL,LMP_LOSS_PRC,KERCK1G1_7_B2,ALL,1,12.35863,3,9
2022-09-01T10:30:00-00:00,2022-09-01T10:45:00-00:00,2022-09-01,04,KERCK1G1_7_B2,KERCK1G1_7_B2,KERCK1G1_7_B2,RTPD,MCL,LMP_LOSS_PRC,KERCK1G1_7_B2,ALL,1,9.59768,3,9
2022-09-01T11:30:00-00:00,2022-09-01T11:45:00-00:00,2022-09-01,05,KERCK1G1_7_B2,KERCK1G1_7_B2,KERCK1G1_7_B2,RTPD,MCL,LMP_LOSS_PRC,KERCK1G1_7_B2,ALL,1,12.08917,3,9
2022-09-01T12:30:00-00:00,2022-09-01T12:45:00-00:00,2022-09-01,06,KERCK1G1_7_B2,KERCK1G1_7_B2,KERCK1G1_7_B2,RTPD,MCL,LMP_LOSS_PRC,KERCK1G1_7_B2,ALL,1,13.32223,3,9
2022-09-01T13:30:00-00:00,2022-09-01T13:45:00-00:00,2022-09-01,07,KERCK1G1_7_B2,KERCK1G1_7_B2,KERCK1G1_7_B2,RTPD,MCL,LMP_LOSS_PRC,KERCK1G1_7_B2,ALL,1,8.02946,3,9
2022-09-01T14:30:00-00:00,2022-09-01T14:45:00-00:00,2022-09-01,08,KERCK1G1_7_B2,KERCK1G1_7_B2,KERCK1G1_7_B2,RTPD,MCL,LMP_LOSS_PRC,KERCK1G1_7_B2,ALL,1,9.3382,3,9
2022-09-01T15:30:00-00:00,2022-09-01T15:45:00-00:00,2022-09-01,09,KERCK1G1_7_B2,KERCK1G1_7_B2,KERCK1G1_7_B2,RTPD,MCL,LMP_LOSS_PRC,KERCK1G1_7_B2,ALL,1,0,3,9
2022-09-01T16:30:00-00:00,2022-09-01T16:45:00-00:00,2022-09-01,10,KERCK1G1_7_B2,KERCK1G1_7_B2,KERCK1G1_7_B2,RTPD,MCL,LMP_LOSS_PRC,KERCK1G1_7_B2,ALL,1,0,3,9
2022-09-01T17:30:00-00:00,2022-09-01T17:45:00-00:00,2022-09-01,11,KERCK1G1_7_B2,KERCK1G1_7_B2,KERCK1G1_7_B2,RTPD,MCL,LMP_LOSS_PRC,KERCK1G1_7_B2,ALL,1,0,3,9
2022-09-01T18:30:00-00:00,2022-09-01T18:45:00-00:00,2022-09-01,12,KERCK1G1_7_B2,KERCK1G1_7_B2,KERCK1G1_7_B2,RTPD,MCL,LMP_LOSS_PRC,KERCK1G1_7_B2,ALL,1,0,3,9
2022-09-01T19:30:00-00:00,2022-09-01T19:45:00-00:00,2022-09-01,13,KERCK1G1_7_B2,KERCK1G1_7_B2,KERCK1G1_7_B2,RTPD,MCL,LMP_LOSS_PRC,KERCK1G1_7_B2,ALL,1,0,3,9
2022-09-01T20:30:00-00:00,2022-09-01T20:45:00-00:00,2022-09-01,14,KERCK1G1_7_B2,KERCK1G1_7_B2,KERCK1G1_7_B2,RTPD,MCL,LMP_LOSS_PRC,KERCK1G1_7_B2,ALL,1,0,3,9
2022-09-01T21:30:00-00:00,2022-09-01T21:45:00-00:00,2022-09-01,15,KERCK1G1_7_B2,KERCK1G1_7_B2,KERCK1G1_7_B2,RTPD,MCL,LMP_LOSS_PRC,KERCK1G1_7_B2,ALL,1,0,3,9
2022-09-01T22:30:00-00:00,2022-09-01T22:45:00-00:00,2022-09-01,16,KERCK1G1_7_B2,KERCK1G1_7_B2,KERCK1G1_7_B2,RTPD,MCL,LMP_LOSS_PRC,KERCK1G1_7_B2,ALL,1,0,3,9
2022-09-01T23:30:00-00:00,2022-09-01T23:45:00-00:00,2022-09-01,17,KERCK1G1_7_B2,KERCK1G1_7_B2,KERCK1G1_7_B2,RTPD,MCL,LMP_LOSS_PRC,KERCK1G1_7_B2,ALL,1,0,3,9
2022-09-02T00:30:00-00:00,2022-09-02T00:45:00-00:00,2022-09-01,18,KERCK1G1_7_B2,KERCK1G1_7_B2,KERCK1G1_7_B2,RTPD,MCL,LMP_LOSS_PRC,KERCK1G1_7_B2,ALL,1,0,3,9
2022-09-02T01:30:00-00:00,2022-09-02T01:45:00-00:00,2022-09-01,19,KERCK1G1_7_B2,KERCK1G1_7_B2,KERCK1G1_7_B2,RTPD,MCL,LMP_LOSS_PRC,KERCK1G1_7_B2,ALL,1,0,3,9
2022-09-02T02:30:00-00:00,2022-09-02T02:45:00-00:00,2022-09-01,20,KERCK1G1_7_B2,KERCK1G1_7_B2,KERCK1G1_7_B2,RTPD,MCL,LMP_LOSS_PRC,KERCK1G1_7_B2,ALL,1,0,3,9
2022-09-02T03:30:00-00:00,2022-09-02T03:45:00-00:00,2022-09-01,21,KERCK1G1_7_B2,KERCK1G1_7_B2,KERCK1G1_7_B2,RTPD,MCL,LMP_LOSS_PRC,KERCK1G1_7_B2,ALL,1,30.34412,3,9
2022-09-02T04:30:00-00:00,2022-09-02T04:45:00-00:00,2022-09-01,22,KERCK1G1_7_B2,KERCK1G1_7_B2,KERCK1G1_7_B2,RTPD,MCL,LMP_LOSS_PRC,KERCK1G1_7_B2,ALL,1,33.10025,3,9
2022-09-02T05:30:00-00:00,2022-09-02T05:45:00-00:00,2022-09-01,23,KERCK1G1_7_B2,KERCK1G1_7_B2,KERCK1G1_7_B2,RTPD,MCL,LMP_LOSS_PRC,KERCK1G1_7_B2,ALL,1,20.90066,3,9
2022-09-02T06:30:00-00:00,2022-09-02T06:45:00-00:00,2022-09-01,24,KERCK1G1_7_B2,KERCK1G1_7_B2,KERCK1G1_7_B2,RTPD,MCL,LMP_LOSS_PRC,KERCK1G1_7_B2,ALL,1,15.24628,3,9
2022-09-01T07:45:00-00:00,2022-09-01T08:00:00-00:00,2022-09-01,01,KERCK1G1_7_B2,KERCK1G1_7_B2,KERCK1G1_7_B2,RTPD,MCL,LMP_LOSS_PRC,KERCK1G1_7_B2,ALL,1,0,4,9
2022-09-01T08:45:00-00:00,2022-09-01T09:00:00-00:00,2022-09-01,02,KERCK1G1_7_B2,KERCK1G1_7_B2,KERCK1G1_7_B2,RTPD,MCL,LMP_LOSS_PRC,KERCK1G1_7_B2,ALL,1,11.36448,4,9
2022-09-01T09:45:00-00:00,2022-09-01T10:00:00-00:00,2022-09-01,03,KERCK1G1_7_B2,KERCK1G1_7_B2,KERCK1G1_7_B2,RTPD,MCL,LMP_LOSS_PRC,KERCK1G1_7_B2,ALL,1,8.97044,4,9
2022-09-01T10:45:00-00:00,2022-09-01T11:00:00-00:00,2022-09-01,04,KERCK1G1_7_B2,KERCK1G1_7_B2,KERCK1G1_7_B2,RTPD,MCL,LMP_LOSS_PRC,KERCK1G1_7_B2,ALL,1,8.86576,4,9
2022-09-01T11:45:00-00:00,2022-09-01T12:00:00-00:00,2022-09-01,05,KERCK1G1_7_B2,KERCK1G1_7_B2,KERCK1G1_7_B2,RTPD,MCL,LMP_LOSS_PRC,KERCK1G1_7_B2,ALL,1,0,4,9
2022-09-01T12:45:00-00:00,2022-09-01T13:00:00-00:00,2022-09-01,06,KERCK1G1_7_B2,KERCK1G1_7_B2,KERCK1G1_7_B2,RTPD,MCL,LMP_LOSS_PRC,KERCK1G1_7_B2,ALL,1,0,4,9
2022-09-01T13:45:00-00:00,2022-09-01T14:00:00-00:00,2022-09-01,07,KERCK1G1_7_B2,KERCK1G1_7_B2,KERCK1G1_7_B2,RTPD,MCL,LMP_LOSS_PRC,KERCK1G1_7_B2,ALL,1,0,4,9
2022-09-01T14:45:00-00:00,2022-09-01T15:00:00-00:00,2022-09-01,08,KERCK1G1_7_B2,KERCK1G1_7_B2,KERCK1G1_7_B2,RTPD,MCL,LMP_LOSS_PRC,KERCK1G1_7_B2,ALL,1,0,4,9
2022-09-01T15:45:00-00:00,2022-09-01T16:00:00-00:00,2022-09-01,09,KERCK1G1_7_B2,KERCK1G1_7_B2,KERCK1G1_7_B2,RTPD,MCL,LMP_LOSS_PRC,KERCK1G1_7_B2,ALL,1,0,4,9
2022-09-01T16:45:00-00:00,2022-09-01T17:00:00-00:00,2022-09-01,10,KERCK1G1_7_B2,KERCK1G1_7_B2,KERCK1G1_7_B2,RTPD,MCL,LMP_LOSS_PRC,KERCK1G1_7_B2,ALL,1,0,4,9
2022-09-01T17:45:00-00:00,2022-09-01T18:00:00-00:00,2022-09-01,11,KERCK1G1_7_B2,KERCK1G1_7_B2,KERCK1G1_7_B2,RTPD,MCL,LMP_LOSS_PRC,KERCK1G1_7_B2,ALL,1,0,4,9
2022-09-01T18:45:00-00:00,2022-09-01T19:00:00-00:00,2022-09-01,12,KERCK1G1_7_B2,KERCK1G1_7_B2,KERCK1G1_7_B2,RTPD,MCL,LMP_LOSS_PRC,KERCK1G1_7_B2,ALL,1,0,4,9
2022-09-01T19:45:00-00:00,2022-09-01T20:00:00-00:00,2022-09-01,13,KERCK1G1_7_B2,KERCK1G1_7_B2,KERCK1G1_7_B2,RTPD,MCL,LMP_LOSS_PRC,KERCK1G1_7_B2,ALL,1,0,4,9
2022-09-01T20:45:00-00:00,2022-09-01T21:00:00-00:00,2022-09-01,14,KERCK1G1_7_B2,KERCK1G1_7_B2,KERCK1G1_7_B2,RTPD,MCL,LMP_LOSS_PRC,KERCK1G1_7_B2,ALL,1,0,4,9
2022-09-01T21:45:00-00:00,2022-09-01T22:00:00-00:00,2022-09-01,15,KERCK1G1_7_B2,KERCK1G1_7_B2,KERCK1G1_7_B2,RTPD,MCL,LMP_LOSS_PRC,KERCK1G1_7_B2,ALL,1,0,4,9
2022-09-01T22:45:00-00:00,2022-09-01T23:00:00-00:00,2022-09-01,16,KERCK1G1_7_B2,KERCK1G1_7_B2,KERCK1G1_7_B2,RTPD,MCL,LMP_LOSS_PRC,KERCK1G1_7_B2,ALL,1,0,4,9
2022-09-01T23:45:00-00:00,2022-09-02T00:00:00-00:00,2022-09-01,17,KERCK1G1_7_B2,KERCK1G1_7_B2,KERCK1G1_7_B2,RTPD,MCL,LMP_LOSS_PRC,KERCK1G1_7_B2,ALL,1,0,4,9
2022-09-02T00:45:00-00:00,2022-09-02T01:00:00-00:00,2022-09-01,18,KERCK1G1_7_B2,KERCK1G1_7_B2,KERCK1G1_7_B2,RTPD,MCL,LMP_LOSS_PRC,KERCK1G1_7_B2,ALL,1,0,4,9
2022-09-02T01:45:00-00:00,2022-09-02T02:00:00-00:00,2022-09-01,19,KERCK1G1_7_B2,KERCK1G1_7_B2,KERCK1G1_7_B2,RTPD,MCL,LMP_LOSS_PRC,KERCK1G1_7_B2,ALL,1,0,4,9
2022-09-02T02:45:00-00:00,2022-09-02T03:00:00-00:00,2022-09-01,20,KERCK1G1_7_B2,KERCK1G1_7_B2,KERCK1G1_7_B2,RTPD,MCL,LMP_LOSS_PRC,KERCK1G1_7_B2,ALL,1,171.92505,4,9
2022-09-02T03:45:00-00:00,2022-09-02T04:00:00-00:00,2022-09-01,21,KERCK1G1_7_B2,KERCK1G1_7_B2,KERCK1G1_7_B2,RTPD,MCL,LMP_LOSS_PRC,KERCK1G1_7_B2,ALL,1,20.19671,4,9
2022-09-02T04:45:00-00:00,2022-09-02T05:00:00-00:00,2022-09-01,22,KERCK1G1_7_B2,KERCK1G1_7_B2,KERCK1G1_7_B2,RTPD,MCL,LMP_LOSS_PRC,KERCK1G1_7_B2,ALL,1,21.38504,4,9
2022-09-02T05:45:00-00:00,2022-09-02T06:00:00-00:00,2022-09-01,23,KERCK1G1_7_B2,KERCK1G1_7_B2,KERCK1G1_7_B2,RTPD,MCL,LMP_LOSS_PRC,KERCK1G1_7_B2,ALL,1,15.66166,4,9
2022-09-02T06:45:00-00:00,2022-09-02T07:00:00-00:00,2022-09-01,24,KERCK1G1_7_B2,KERCK1G1_7_B2,KERCK1G1_7_B2,RTPD,MCL,LMP_LOSS_PRC,KERCK1G1_7_B2,ALL,1,12.17616,4,9
2022-09-01T07:00:00-00:00,2022-09-01T07:15:00-00:00,2022-09-01,01,KERCK1G1_7_B2,KERCK1G1_7_B2,KERCK1G1_7_B2,RTPD,MGHG,LMP_GHG_PRC,KERCK1G1_7_B2,ALL,1,0,1,10
2022-09-01T08:00:00-00:00,2022-09-01T08:15:00-00:00,2022-09-01,02,KERCK1G1_7_B2,KERCK1G1_7_B2,KERCK1G1_7_B2,RTPD,MGHG,LMP_GHG_PRC,KERCK1G1_7_B2,ALL,1,0,1,10
2022-09-01T09:00:00-00:00,2022-09-01T09:15:00-00:00,2022-09-01,03,KERCK1G1_7_B2,KERCK1G1_7_B2,KERCK1G1_7_B2,RTPD,MGHG,LMP_GHG_PRC,KERCK1G1_7_B2,ALL,1,0,1,10
2022-09-01T10:00:00-00:00,2022-09-01T10:15:00-00:00,2022-09-01,04,KERCK1G1_7_B2,KERCK1G1_7_B2,KERCK1G1_7_B2,RTPD,MGHG,LMP_GHG_PRC,KERCK1G1_7_B2,ALL,1,0,1,10
2022-09-01T11:00:00-00:00,2022-09-01T11:15:00-00:00,2022-09-01,05,KERCK1G1_7_B2,KERCK1G1_7_B2,KERCK1G1_7_B2,RTPD,MGHG,LMP_GHG_PRC,KERCK1G1_7_B2,ALL,1,0,1,10
2022-09-01T12:00:00-00:00,2022-09-01T12:15:00-00:00,2022-09-01,06,KERCK1G1_7_B2,KERCK1G1_7_B2,KERCK1G1_7_B2,RTPD,MGHG,LMP_GHG_PRC,KERCK1G1_7_B2,ALL,1,0,1,10
2022-09-01T13:00:00-00:00,2022-09-01T13:15:00-00:00,2022-09-01,07,KERCK1G1_7_B2,KERCK1G1_7_B2,KERCK1G1_7_B2,RTPD,MGHG,LMP_GHG_PRC,KERCK1G1_7_B2,ALL,1,0,1,10
2022-09-01T14:00:00-00:00,2022-09-01T14:15:00-00:00,2022-09-01,08,KERCK1G1_7_B2,KERCK1G1_7_B2,KERCK1G1_7_B2,RTPD,MGHG,LMP_GHG_PRC,KERCK1G1_7_B2,ALL,1,0,1,10
2022-09-01T15:00:00-00:00,2022-09-01T15:15:00-00:00,2022-09-01,09,KERCK1G1_7_B2,KERCK1G1_7_B2,KERCK1G1_7_B2,RTPD,MGHG,LMP_GHG_PRC,KERCK1G1_7_B2,ALL,1,0,1,10
2022-09-01T16:00:00-00:00,2022-09-01T16:15:00-00:00,2022-09-01,10,KERCK1G1_7_B2,KERCK1G1_7_B2,KERCK1G1_7_B2,RTPD,MGHG,LMP_GHG_PRC,KERCK1G1_7_B2,ALL,1,0,1,10
2022-09-01T17:00:00-00:00,2022-09-01T17:15:00-00:00,2022-09-01,11,KERCK1G1_7_B2,KERCK1G1_7_B2,KERCK1G1_7_B2,RTPD,MGHG,LMP_GHG_PRC,KERCK1G1_7_B2,ALL,1,0,1,10
2022-09-01T18:00:00-00:00,2022-09-01T18:15:00-00:00,2022-09-01,12,KERCK1G1_7_B2,KERCK1G1_7_B2,KERCK1G1_7_B2,RTPD,MGHG,LMP_GHG_PRC,KERCK1G1_7_B2,ALL,1,0,1,10
2022-09-01T19:00:00-00:00,2022-09-01T19:15:00-00:00,2022-09-01,13,KERCK1G1_7_B2,KERCK1G1_7_B2,KERCK1G1_7_B2,RTPD,MGHG,LMP_GHG_PRC,KERCK1G1_7_B2,ALL,1,0,1,10
2022-09-01T20:00:00-00:00,2022-09-01T20:15:00-00:00,2022-09-01,14,KERCK1G1_7_B2,KERCK1G1_7_B2,KERCK1G1_7_B2,RTPD,MGHG,LMP_GHG_PRC,KERCK1G1_7_B2,ALL,1,0,1,10
2022-09-01T21:00:00-00:00,2022-09-01T21:15:00-00:00,2022-09-01,15,KERCK1G1_7_B2,KERCK1G1_7_B2,KERCK1G1_7_B2,RTPD,MGHG,LMP_GHG_PRC,KERCK1G1_7_B2,ALL,1,0,1,10
2022-09-01T22:00:00-00:00,2022-09-01T22:15:00-00:00,2022-09-01,16,KERCK1G1_7_B2,KERCK1G1_7_B2,KERCK1G1_7_B2,RTPD,MGHG,LMP_GHG_PRC,KERCK1G1_7_B2,ALL,1,0,1,10
2022-09-01T23:00:00-00:00,2022-09-01T23:15:00-00:00,2022-09-01,17,KERCK1G1_7_B2,KERCK1G1_7_B2,KERCK1G1_7_B2,RTPD,MGHG,LMP_GHG_PRC,KERCK1G1_7_B2,ALL,1,0,1,10
2022-09-02T00:00:00-00:00,2022-09-02T00:15:00-00:00,2022-09-01,18,KERCK1G1_7_B2,KERCK1G1_7_B2,KERCK1G1_7_B2,RTPD,MGHG,LMP_GHG_PRC,KERCK1G1_7_B2,ALL,1,0,1,10
2022-09-02T01:00:00-00:00,2022-09-02T01:15:00-00:00,2022-09-01,19,KERCK1G1_7_B2,KERCK1G1_7_B2,KERCK1G1_7_B2,RTPD,MGHG,LMP_GHG_PRC,KERCK1G1_7_B2,ALL,1,0,1,10
2022-09-02T02:00:00-00:00,2022-09-02T02:15:00-00:00,2022-09-01,20,KERCK1G1_7_B2,KERCK1G1_7_B2,KERCK1G1_7_B2,RTPD,MGHG,LMP_GHG_PRC,KERCK1G1_7_B2,ALL,1,0,1,10
2022-09-02T03:00:00-00:00,2022-09-02T03:15:00-00:00,2022-09-01,21,KERCK1G1_7_B2,KERCK1G1_7_B2,KERCK1G1_7_B2,RTPD,MGHG,LMP_GHG_PRC,KERCK1G1_7_B2,ALL,1,0,1,10
2022-09-02T04:00:00-00:00,2022-09-02T04:15:00-00:00,2022-09-01,22,KERCK1G1_7_B2,KERCK1G1_7_B2,KERCK1G1_7_B2,RTPD,MGHG,LMP_GHG_PRC,KERCK1G1_7_B2,ALL,1,0,1,10
2022-09-02T05:00:00-00:00,2022-09-02T05:15:00-00:00,2022-09-01,23,KERCK1G1_7_B2,KERCK1G1_7_B2,KERCK1G1_7_B2,RTPD,MGHG,LMP_GHG_PRC,KERCK1G1_7_B2,ALL,1,0,1,10
2022-09-02T06:00:00-00:00,2022-09-02T06:15:00-00:00,2022-09-01,24,KERCK1G1_7_B2,KERCK1G1_7_B2,KERCK1G1_7_B2,RTPD,MGHG,LMP_GHG_PRC,KERCK1G1_7_B2,ALL,1,0,1,10
2022-09-01T07:15:00-00:00,2022-09-01T07:30:00-00:00,2022-09-01,01,KERCK1G1_7_B2,KERCK1G1_7_B2,KERCK1G1_7_B2,RTPD,MGHG,LMP_GHG_PRC,KERCK1G1_7_B2,ALL,1,0,2,10
2022-09-01T08:15:00-00:00,2022-09-01T08:30:00-00:00,2022-09-01,02,KERCK1G1_7_B2,KERCK1G1_7_B2,KERCK1G1_7_B2,RTPD,MGHG,LMP_GHG_PRC,KERCK1G1_7_B2,ALL,1,0,2,10
2022-09-01T09:15:00-00:00,2022-09-01T09:30:00-00:00,2022-09-01,03,KERCK1G1_7_B2,KERCK1G1_7_B2,KERCK1G1_7_B2,RTPD,MGHG,LMP_GHG_PRC,KERCK1G1_7_B2,ALL,1,0,2,10
2022-09-01T10:15:00-00:00,2022-09-01T10:30:00-00:00,2022-09-01,04,KERCK1G1_7_B2,KERCK1G1_7_B2,KERCK1G1_7_B2,RTPD,MGHG,LMP_GHG_PRC,KERCK1G1_7_B2,ALL,1,0,2,10
2022-09-01T11:15:00-00:00,2022-09-01T11:30:00-00:00,2022-09-01,05,KERCK1G1_7_B2,KERCK1G1_7_B2,KERCK1G1_7_B2,RTPD,MGHG,LMP_GHG_PRC,KERCK1G1_7_B2,ALL,1,0,2,10
2022-09-01T12:15:00-00:00,2022-09-01T12:30:00-00:00,2022-09-01,06,KERCK1G1_7_B2,KERCK1G1_7_B2,KERCK1G1_7_B2,RTPD,MGHG,LMP_GHG_PRC,KERCK1G1_7_B2,ALL,1,0,2,10
2022-09-01T13:15:00-00:00,2022-09-01T13:30:00-00:00,2022-09-01,07,KERCK1G1_7_B2,KERCK1G1_7_B2,KERCK1G1_7_B2,RTPD,MGHG,LMP_GHG_PRC,KERCK1G1_7_B2,ALL,1,0,2,10
2022-09-01T14:15:00-00:00,2022-09-01T14:30:00-00:00,2022-09-01,08,KERCK1G1_7_B2,KERCK1G1_7_B2,KERCK1G1_7_B2,RTPD,MGHG,LMP_GHG_PRC,KERCK1G1_7_B2,ALL,1,0,2,10
2022-09-01T15:15:00-00:00,2022-09-01T15:30:00-00:00,2022-09-01,09,KERCK1G1_7_B2,KERCK1G1_7_B2,KERCK1G1_7_B2,RTPD,MGHG,LMP_GHG_PRC,KERCK1G1_7_B2,ALL,1,0,2,10
2022-09-01T16:15:00-00:00,2022-09-01T16:30:00-00:00,2022-09-01,10,KERCK1G1_7_B2,KERCK1G1_7_B2,KERCK1G1_7_B2,RTPD,MGHG,LMP_GHG_PRC,KERCK1G1_7_B2,ALL,1,0,2,10
2022-09-01T17:15:00-00:00,2022-09-01T17:30:00-00:00,2022-09-01,11,KERCK1G1_7_B2,KERCK1G1_7_B2,KERCK1G1_7_B2,RTPD,MGHG,LMP_GHG_PRC,KERCK1G1_7_B2,ALL,1,0,2,10
2022-09-01T18:15:00-00:00,2022-09-01T18:30:00-00:00,2022-09-01,12,KERCK1G1_7_B2,KERCK1G1_7_B2,KERCK1G1_7_B2,RTPD,MGHG,LMP_GHG_PRC,KERCK1G1_7_B2,ALL,1,0,2,10
2022-09-01T19:15:00-00:00,2022-09-01T19:30:00-00:00,2022-09-01,13,KERCK1G1_7_B2,KERCK1G1_7_B2,KERCK1G1_7_B2,RTPD,MGHG,LMP_GHG_PRC,KERCK1G1_7_B2,ALL,1,0,2,10
2022-09-01T20:15:00-00:00,2022-09-01T20:30:00-00:00,2022-09-01,14,KERCK1G1_7_B2,KERCK1G1_7_B2,KERCK1G1_7_B2,RTPD,MGHG,LMP_GHG_PRC,KERCK1G1_7_B2,ALL,1,0,2,10
2022-09-01T21:15:00-00:00,2022-09-01T21:30:00-00:00,2022-09-01,15,KERCK1G1_7_B2,KERCK1G1_7_B2,KERCK1G1_7_B2,RTPD,MGHG,LMP_GHG_PRC,KERCK1G1_7_B2,ALL,1,0,2,10
2022-09-01T22:15:00-00:00,2022-09-01T22:30:00-00:00,2022-09-01,16,KERCK1G1_7_B2,KERCK1G1_7_B2,KERCK1G1_7_B2,RTPD,MGHG,LMP_GHG_PRC,KERCK1G1_7_B2,ALL,1,0,2,10
2022-09-01T23:15:00-00:00,2022-09-01T23:30:00-00:00,2022-09-01,17,KERCK1G1_7_B2,KERCK1G1_7_B2,KERCK1G1_7_B2,RTPD,MGHG,LMP_GHG_PRC,KERCK1G1_7_B2,ALL,1,0,2,10
2022-09-02T00:15:00-00:00,2022-09-02T00:30:00-00:00,2022-09-01,18,KERCK1G1_7_B2,KERCK1G1_7_B2,KERCK1G1_7_B2,RTPD,MGHG,LMP_GHG_PRC,KERCK1G1_7_B2,ALL,1,0,2,10
2022-09-02T01:15:00-00:00,2022-09-02T01:30:00-00:00,2022-09-01,19,KERCK1G1_7_B2,KERCK1G1_7_B2,KERCK1G1_7_B2,RTPD,MGHG,LMP_GHG_PRC,KERCK1G1_7_B2,ALL,1,0,2,10
2022-09-02T02:15:00-00:00,2022-09-02T02:30:00-00:00,2022-09-01,20,KERCK1G1_7_B2,KERCK1G1_7_B2,KERCK1G1_7_B2,RTPD,MGHG,LMP_GHG_PRC,KERCK1G1_7_B2,ALL,1,0,2,10
2022-09-02T03:15:00-00:00,2022-09-02T03:30:00-00:00,2022-09-01,21,KERCK1G1_7_B2,KERCK1G1_7_B2,KERCK1G1_7_B2,RTPD,MGHG,LMP_GHG_PRC,KERCK1G1_7_B2,ALL,1,0,2,10
2022-09-02T04:15:00-00:00,2022-09-02T04:30:00-00:00,2022-09-01,22,KERCK1G1_7_B2,KERCK1G1_7_B2,KERCK1G1_7_B2,RTPD,MGHG,LMP_GHG_PRC,KERCK1G1_7_B2,ALL,1,0,2,10
2022-09-02T05:15:00-00:00,2022-09-02T05:30:00-00:00,2022-09-01,23,KERCK1G1_7_B2,KERCK1G1_7_B2,KERCK1G1_7_B2,RTPD,MGHG,LMP_GHG_PRC,KERCK1G1_7_B2,ALL,1,0,2,10
2022-09-02T06:15:00-00:00,2022-09-02T06:30:00-00:00,2022-09-01,24,KERCK1G1_7_B2,KERCK1G1_7_B2,KERCK1G1_7_B2,RTPD,MGHG,LMP_GHG_PRC,KERCK1G1_7_B2,ALL,1,0,2,10
2022-09-01T07:30:00-00:00,2022-09-01T07:45:00-00:00,2022-09-01,01,KERCK1G1_7_B2,KERCK1G1_7_B2,KERCK1G1_7_B2,RTPD,MGHG,LMP_GHG_PRC,KERCK1G1_7_B2,ALL,1,0,3,10
2022-09-01T08:30:00-00:00,2022-09-01T08:45:00-00:00,2022-09-01,02,KERCK1G1_7_B2,KERCK1G1_7_B2,KERCK1G1_7_B2,RTPD,MGHG,LMP_GHG_PRC,KERCK1G1_7_B2,ALL,1,0,3,10
2022-09-01T09:30:00-00:00,2022-09-01T09:45:00-00:00,2022-09-01,03,KERCK1G1_7_B2,KERCK1G1_7_B2,KERCK1G1_7_B2,RTPD,MGHG,LMP_GHG_PRC,KERCK1G1_7_B2,ALL,1,0,3,10
2022-09-01T10:30:00-00:00,2022-09-01T10:45:00-00:00,2022-09-01,04,KERCK1G1_7_B2,KERCK1G1_7_B2,KERCK1G1_7_B2,RTPD,MGHG,LMP_GHG_PRC,KERCK1G1_7_B2,ALL,1,0,3,10
2022-09-01T11:30:00-00:00,2022-09-01T11:45:00-00:00,2022-09-01,05,KERCK1G1_7_B2,KERCK1G1_7_B2,KERCK1G1_7_B2,RTPD,MGHG,LMP_GHG_PRC,KERCK1G1_7_B2,ALL,1,0,3,10
2022-09-01T12:30:00-00:00,2022-09-01T12:45:00-00:00,2022-09-01,06,KERCK1G1_7_B2,KERCK1G1_7_B2,KERCK1G1_7_B2,RTPD,MGHG,LMP_GHG_PRC,KERCK1G1_7_B2,ALL,1,0,3,10
2022-09-01T13:30:00-00:00,2022-09-01T13:45:00-00:00,2022-09-01,07,KERCK1G1_7_B2,KERCK1G1_7_B2,KERCK1G1_7_B2,RTPD,MGHG,LMP_GHG_PRC,KERCK1G1_7_B2,ALL,1,0,3,10
2022-09-01T14:30:00-00:00,2022-09-01T14:45:00-00:00,2022-09-01,08,KERCK1G1_7_B2,KERCK1G1_7_B2,KERCK1G1_7_B2,RTPD,MGHG,LMP_GHG_PRC,KERCK1G1_7_B2,ALL,1,0,3,10
2022-09-01T15:30:00-00:00,2022-09-01T15:45:00-00:00,2022-09-01,09,KERCK1G1_7_B2,KERCK1G1_7_B2,KERCK1G1_7_B2,RTPD,MGHG,LMP_GHG_PRC,KERCK1G1_7_B2,ALL,1,0,3,10
2022-09-01T16:30:00-00:00,2022-09-01T16:45:00-00:00,2022-09-01,10,KERCK1G1_7_B2,KERCK1G1_7_B2,KERCK1G1_7_B2,RTPD,MGHG,LMP_GHG_PRC,KERCK1G1_7_B2,ALL,1,0,3,10
2022-09-01T17:30:00-00:00,2022-09-01T17:45:00-00:00,2022-09-01,11,KERCK1G1_7_B2,KERCK1G1_7_B2,KERCK1G1_7_B2,RTPD,MGHG,LMP_GHG_PRC,KERCK1G1_7_B2,ALL,1,0,3,10
2022-09-01T18:30:00-00:00,2022-09-01T18:45:00-00:00,2022-09-01,12,KERCK1G1_7_B2,KERCK1G1_7_B2,KERCK1G1_7_B2,RTPD,MGHG,LMP_GHG_PRC,KERCK1G1_7_B2,ALL,1,0,3,10
2022-09-01T19:30:00-00:00,2022-09-01T19:45:00-00:00,2022-09-01,13,KERCK1G1_7_B2,KERCK1G1_7_B2,KERCK1G1_7_B2,RTPD,MGHG,LMP_GHG_PRC,KERCK1G1_7_B2,ALL,1,0,3,10
2022-09-01T20:30:00-00:00,2022-09-01T20:45:00-00:00,2022-09-01,14,KERCK1G1_7_B2,KERCK1G1_7_B2,KERCK1G1_7_B2,RTPD,MGHG,LMP_GHG_PRC,KERCK1G1_7_B2,ALL,1,0,3,10
2022-09-01T21:30:00-00:00,2022-09-01T21:45:00-00:00,2022-09-01,15,KERCK1G1_7_B2,KERCK1G1_7_B2,KERCK1G1_7_B2,RTPD,MGHG,LMP_GHG_PRC,KERCK1G1_7_B2,ALL,1,0,3,10
2022-09-01T22:30:00-00:00,2022-09-01T22:45:00-00:00,2022-09-01,16,KERCK1G1_7_B2,KERCK1G1_7_B2,KERCK1G1_7_B2,RTPD,MGHG,LMP_GHG_PRC,KERCK1G1_7_B2,ALL,1,0,3,10
2022-09-01T23:30:00-00:00,2022-09-01T23:45:00-00:00,2022-09-01,17,KERCK1G1_7_B2,KERCK1G1_7_B2,KERCK1G1_7_B2,RTPD,MGHG,LMP_GHG_PRC,KERCK1G1_7_B2,ALL,1,0,3,10
2022-09-02T00:30:00-00:00,2022-09-02T00:45:00-00:00,2022-09-01,18,KERCK1G1_7_B2,KERCK1G1_7_B2,KERCK1G1_7_B2,RTPD,MGHG,LMP_GHG_PRC,KERCK1G1_7_B2,ALL,1,0,3,10
2022-09-02T01:30:00-00:00,2022-09-02T01:45:00-00:00,2022-09-01,19,KERCK1G1_7_B2,KERCK1G1_7_B2,KERCK1G1_7_B2,RTPD,MGHG,LMP_GHG_PRC,KERCK1G1_7_B2,ALL,1,0,3,10
2022-09-02T02:30:00-00:00,2022-09-02T02:45:00-00:00,2022-09-01,20,KERCK1G1_7_B2,KERCK1G1_7_B2,KERCK1G1_7_B2,RTPD,MGHG,LMP_GHG_PRC,KERCK1G1_7_B2,ALL,1,0,3,10
2022-09-02T03:30:00-00:00,2022-09-02T03:45:00-00:00,2022-09-01,21,KERCK1G1_7_B2,KERCK1G1_7_B2,KERCK1G1_7_B2,RTPD,MGHG,LMP_GHG_PRC,KERCK1G1_7_B2,ALL,1,0,3,10
2022-09-02T04:30:00-00:00,2022-09-02T04:45:00-00:00,2022-09-01,22,KERCK1G1_7_B2,KERCK1G1_7_B2,KERCK1G1_7_B2,RTPD,MGHG,LMP_GHG_PRC,KERCK1G1_7_B2,ALL,1,0,3,10
2022-09-02T05:30:00-00:00,2022-09-02T05:45:00-00:00,2022-09-01,23,KERCK1G1_7_B2,KERCK1G1_7_B2,KERCK1G1_7_B2,RTPD,MGHG,LMP_GHG_PRC,KERCK1G1_7_B2,ALL,1,0,3,10
2022-09-02T06:30:00-00:00,2022-09-02T06:45:00-00:00,2022-09-01,24,KERCK1G1_7_B2,KERCK1G1_7_B2,KERCK1G1_7_B2,RTPD,MGHG,LMP_GHG_PRC,KERCK1G1_7_B2,ALL,1,0,3,10
2022-09-01T07:45:00-00:00,2022-09-01T08:00:00-00:00,2022-09-01,01,KERCK1G1_7_B2,KERCK1G1_7_B2,KERCK1G1_7_B2,RTPD,MGHG,LMP_GHG_PRC,KERCK1G1_7_B2,ALL,1,0,4,10
2022-09-01T08:45:00-00:00,2022-09-01T09:00:00-00:00,2022-09-01,02,KERCK1G1_7_B2,KERCK1G1_7_B2,KERCK1G1_7_B2,RTPD,MGHG,LMP_GHG_PRC,KERCK1G1_7_B2,ALL,1,0,4,10
2022-09-01T09:45:00-00:00,2022-09-01T10:00:00-00:00,2022-09-01,03,KERCK1G1_7_B2,KERCK1G1_7_B2,KERCK1G1_7_B2,RTPD,MGHG,LMP_GHG_PRC,KERCK1G1_7_B2,ALL,1,0,4,10
2022-09-01T10:45:00-00:00,2022-09-01T11:00:00-00:00,2022-09-01,04,KERCK1G1_7_B2,KERCK1G1_7_B2,KERCK1G1_7_B2,RTPD,MGHG,LMP_GHG_PRC,KERCK1G1_7_B2,ALL,1,0,4,10
2022-09-01T11:45:00-00:00,2022-09-01T12:00:00-00:00,2022-09-01,05,KERCK1G1_7_B2,KERCK1G1_7_B2,KERCK1G1_7_B2,RTPD,MGHG,LMP_GHG_PRC,KERCK1G1_7_B2,ALL,1,0,4,10
2022-09-01T12:45:00-00:00,2022-09-01T13:00:00-00:00,2022-09-01,06,KERCK1G1_7_B2,KERCK1G1_7_B2,KERCK1G1_7_B2,RTPD,MGHG,LMP_GHG_PRC,KERCK1G1_7_B2,ALL,1,0,4,10
2022-09-01T13:45:00-00:00,2022-09-01T14:00:00-00:00,2022-09-01,07,KERCK1G1_7_B2,KERCK1G1_7_B2,KERCK1G1_7_B2,RTPD,MGHG,LMP_GHG_PRC,KERCK1G1_7_B2,ALL,1,0,4,10
2022-09-01T14:45:00-00:00,2022-09-01T15:00:00-00:00,2022-09-01,08,KERCK1G1_7_B2,KERCK1G1_7_B2,KERCK1G1_7_B2,RTPD,MGHG,LMP_GHG_PRC,KERCK1G1_7_B2,ALL,1,0,4,10
2022-09-01T15:45:00-00:00,2022-09-01T16:00:00-00:00,2022-09-01,09,KERCK1G1_7_B2,KERCK1G1_7_B2,KERCK1G1_7_B2,RTPD,MGHG,LMP_GHG_PRC,KERCK1G1_7_B2,ALL,1,0,4,10
2022-09-01T16:45:00-00:00,2022-09-01T17:00:00-00:00,2022-09-01,10,KERCK1G1_7_B2,KERCK1G1_7_B2,KERCK1G1_7_B2,RTPD,MGHG,LMP_GHG_PRC,KERCK1G1_7_B2,ALL,1,0,4,10
2022-09-01T17:45:00-00:00,2022-09-01T18:00:00-00:00,2022-09-01,11,KERCK1G1_7_B2,KERCK1G1_7_B2,KERCK1G1_7_B2,RTPD,MGHG,LMP_GHG_PRC,KERCK1G1_7_B2,ALL,1,0,4,10
2022-09-01T18:45:00-00:00,2022-09-01T19:00:00-00:00,2022-09-01,12,KERCK1G1_7_B2,KERCK1G1_7_B2,KERCK1G1_7_B2,RTPD,MGHG,LMP_GHG_PRC,KERCK1G1_7_B2,ALL,1,0,4,10
2022-09-01T19:45:00-00:00,2022-09-01T20:00:00-00:00,2022-09-01,13,KERCK1G1_7_B2,KERCK1G1_7_B2,KERCK1G1_7_B2,RTPD,MGHG,LMP_GHG_PRC,KERCK1G1_7_B2,ALL,1,0,4,10
2022-09-01T20:45:00-00:00,2022-09-01T21:00:00-00:00,2022-09-01,14,KERCK1G1_7_B2,KERCK1G1_7_B2,KERCK1G1_7_B2,RTPD,MGHG,LMP_GHG_PRC,KERCK1G1_7_B2,ALL,1,0,4,10
2022-09-01T21:45:00-00:00,2022-09-01T22:00:00-00:00,2022-09-01,15,KERCK1G1_7_B2,KERCK1G1_7_B2,KERCK1G1_7_B2,RTPD,MGHG,LMP_GHG_PRC,KERCK1G1_7_B2,ALL,1,0,4,10
2022-09-01T22:45:00-00:00,2022-09-01T23:00:00-00:00,2022-09-01,16,KERCK1G1_7_B2,KERCK1G1_7_B2,KERCK1G1_7_B2,RTPD,MGHG,LMP_GHG_PRC,KERCK1G1_7_B2,ALL,1,0,4,10
2022-09-01T23:45:00-00:00,2022-09-02T00:00:00-00:00,2022-09-01,17,KERCK1G1_7_B2,KERCK1G1_7_B2,KERCK1G1_7_B2,RTPD,MGHG,LMP_GHG_PRC,KERCK1G1_7_B2,ALL,1,0,4,10
2022-09-02T00:45:00-00:00,2022-09-02T01:00:00-00:00,2022-09-01,18,KERCK1G1_7_B2,KERCK1G1_7_B2,KERCK1G1_7_B2,RTPD,MGHG,LMP_GHG_PRC,KERCK1G1_7_B2,ALL,1,0,4,10
2022-09-02T01:45:00-00:00,2022-09-02T02:00:00-00:00,2022-09-01,19,KERCK1G1_7_B2,KERCK1G1_7_B2,KERCK1G1_7_B2,RTPD,MGHG,LMP_GHG_PRC,KERCK1G1_7_B2,ALL,1,0,4,10
2022-09-02T02:45:00-00:00,2022-09-02T03:00:00-00:00,2022-09-01,20,KERCK1G1_7_B2,KERCK1G1_7_B2,KERCK1G1_7_B2,RTPD,MGHG,LMP_GHG_PRC,KERCK1G1_7_B2,ALL,1,0,4,10
2022-09-02T03:45:00-00:00,2022-09-02T04:00:00-00:00,2022-09-01,21,KERCK1G1_7_B2,KERCK1G1_7_B2,KERCK1G1_7_B2,RTPD,MGHG,LMP_GHG_PRC,KERCK1G1_7_B2,ALL,1,0,4,10
2022-09-02T04:45:00-00:00,2022-09-02T05:00:00-00:00,2022-09-01,22,KERCK1G1_7_B2,KERCK1G1_7_B2,KERCK1G1_7_B2,RTPD,MGHG,LMP_GHG_PRC,KERCK1G1_7_B2,ALL,1,0,4,10
2022-09-02T05:45:00-00:00,2022-09-02T06:00:00-00:00,2022-09-01,23,KERCK1G1_7_B2,KERCK1G1_7_B2,KERCK1G1_7_B2,RTPD,MGHG,LMP_GHG_PRC,KERCK1G1_7_B2,ALL,1,0,4,10
2022-09-02T06:45:00-00:00,2022-09-02T07:00:00-00:00,2022-09-01,24,KERCK1G1_7_B2,KERCK1G1_7_B2,KERCK1G1_7_B2,RTPD,MGHG,LMP_GHG_PRC,KERCK1G1_7_B2,ALL,1,0,4,10
2022-09-01T07:00:00-00:00,2022-09-01T07:15:00-00:00,2022-09-01,01,KERCK1G2_7_B1,KERCK1G2_7_B1,KERCK1G2_7_B1,RTPD,LMP,LMP_PRC,KERCK1G2_7_B1,ALL,1,83.62616,1,11
2022-09-01T08:00:00-00:00,2022-09-01T08:15:00-00:00,2022-09-01,02,KERCK1G2_7_B1,KERCK1G2_7_B1,KERCK1G2_7_B1,RTPD,LMP,LMP_PRC,KERCK1G2_7_B1,ALL,1,111.7478,1,11
2022-09-01T09:00:00-00:00,2022-09-01T09:15:00-00:00,2022-09-01,03,KERCK1G2_7_B1,KERCK1G2_7_B1,KERCK1G2_7_B1,RTPD,LMP,LMP_PRC,KERCK1G2_7_B1,ALL,1,107.78219,1,11
2022-09-01T10:00:00-00:00,2022-09-01T10:15:00-00:00,2022-09-01,04,KERCK1G2_7_B1,KERCK1G2_7_B1,KERCK1G2_7_B1,RTPD,LMP,LMP_PRC,KERCK1G2_7_B1,ALL,1,104.0391,1,11
2022-09-01T11:00:00-00:00,2022-09-01T11:15:00-00:00,2022-09-01,05,KERCK1G2_7_B1,KERCK1G2_7_B1,KERCK1G2_7_B1,RTPD,LMP,LMP_PRC,KERCK1G2_7_B1,ALL,1,114.49731,1,11
2022-09-01T12:00:00-00:00,2022-09-01T12:15:00-00:00,2022-09-01,06,KERCK1G2_7_B1,KERCK1G2_7_B1,KERCK1G2_7_B1,RTPD,LMP,LMP_PRC,KERCK1G2_7_B1,ALL,1,97.13316,1,11
2022-09-01T13:00:00-00:00,2022-09-01T13:15:00-00:00,2022-09-01,07,KERCK1G2_7_B1,KERCK1G2_7_B1,KERCK1G2_7_B1,RTPD,LMP,LMP_PRC,KERCK1G2_7_B1,ALL,1,86.71212,1,11
2022-09-01T14:00:00-00:00,2022-09-01T14:15:00-00:00,2022-09-01,08,KERCK1G2_7_B1,KERCK1G2_7_B1,KERCK1G2_7_B1,RTPD,LMP,LMP_PRC,KERCK1G2_7_B1,ALL,1,123.39008,1,11
2022-09-01T15:00:00-00:00,2022-09-01T15:15:00-00:00,2022-09-01,09,KERCK1G2_7_B1,KERCK1G2_7_B1,KERCK1G2_7_B1,RTPD,LMP,LMP_PRC,KERCK1G2_7_B1,ALL,1,97.4112,1,11
2022-09-01T16:00:00-00:00,2022-09-01T16:15:00-00:00,2022-09-01,10,KERCK1G2_7_B1,KERCK1G2_7_B1,KERCK1G2_7_B1,RTPD,LMP,LMP_PRC,KERCK1G2_7_B1,ALL,1,83.43525,1,11
2022-09-01T17:00:00-00:00,2022-09-01T17:15:00-00:00,2022-09-01,11,KERCK1G2_7_B1,KERCK1G2_7_B1,KERCK1G2_7_B1,RTPD,LMP,LMP_PRC,KERCK1G2_7_B1,ALL,1,78.30925,1,11
2022-09-01T18:00:00-00:00,2022-09-01T18:15:00-00:00,2022-09-01,12,KERCK1G2_7_B1,KERCK1G2_7_B1,KERCK1G2_7_B1,RTPD,LMP,LMP_PRC,KERCK1G2_7_B1,ALL,1,55.3113,1,11
2022-09-01T19:00:00-00:00,2022-09-01T19:15:00-00:00,2022-09-01,13,KERCK1G2_7_B1,KERCK1G2_7_B1,KERCK1G2_7_B1,RTPD,LMP,LMP_PRC,KERCK1G2_7_B1,ALL,1,69.19025,1,11
2022-09-01T20:00:00-00:00,2022-09-01T20:15:00-00:00,2022-09-01,14,KERCK1G2_7_B1,KERCK1G2_7_B1,KERCK1G2_7_B1,RTPD,LMP,LMP_PRC,KERCK1G2_7_B1,ALL,1,114.01026,1,11
2022-09-01T21:00:00-00:00,2022-09-01T21:15:00-00:00,2022-09-01,15,KERCK1G2_7_B1,KERCK1G2_7_B1,KERCK1G2_7_B1,RTPD,LMP,LMP_PRC,KERCK1G2_7_B1,ALL,1,115.84912,1,11
2022-09-01T22:00:00-00:00,2022-09-01T22:15:00-00:00,2022-09-01,16,KERCK1G2_7_B1,KERCK1G2_7_B1,KERCK1G2_7_B1,RTPD,LMP,LMP_PRC,KERCK1G2_7_B1,ALL,1,109.18685,1,11
2022-09-01T23:00:00-00:00,2022-09-01T23:15:00-00:00,2022-09-01,17,KERCK1G2_7_B1,KERCK1G2_7_B1,KERCK1G2_7_B1,RTPD,LMP,LMP_PRC,KERCK1G2_7_B1,ALL,1,192.821,1,11
2022-09-02T00:00:00-00:00,2022-09-02T00:15:00-00:00,2022-09-01,18,KERCK1G2_7_B1,KERCK1G2_7_B1,KERCK1G2_7_B1,RTPD,LMP,LMP_PRC,KERCK1G2_7_B1,ALL,1,1093.3032,1,11
2022-09-02T01:00:00-00:00,2022-09-02T01:15:00-00:00,2022-09-01,19,KERCK1G2_7_B1,KERCK1G2_7_B1,KERCK1G2_7_B1,RTPD,LMP,LMP_PRC,KERCK1G2_7_B1,ALL,1,1304.7605,1,11
2022-09-02T02:00:00-00:00,2022-09-02T02:15:00-00:00,2022-09-01,20,KERCK1G2_7_B1,KERCK1G2_7_B1,KERCK1G2_7_B1,RTPD,LMP,LMP_PRC,KERCK1G2_7_B1,ALL,1,1991.6721,1,11
2022-09-02T03:00:00-00:00,2022-09-02T03:15:00-00:00,2022-09-01,21,KERCK1G2_7_B1,KERCK1G2_7_B1,KERCK1G2_7_B1,RTPD,LMP,LMP_PRC,KERCK1G2_7_B1,ALL,1,1569.8778,1,11
2022-09-02T04:00:00-00:00,2022-09-02T04:15:00-00:00,2022-09-01,22,KERCK1G2_7_B1,KERCK1G2_7_B1,KERCK1G2_7_B1,RTPD,LMP,LMP_PRC,KERCK1G2_7_B1,ALL,1,1543.5791,1,11
2022-09-02T05:00:00-00:00,2022-09-02T05:15:00-00:00,2022-09-01,23,KERCK1G2_7_B1,KERCK1G2_7_B1,KERCK1G2_7_B1,RTPD,LMP,LMP_PRC,KERCK1G2_7_B1,ALL,1,220.78818,1,11
2022-09-02T06:00:00-00:00,2022-09-02T06:15:00-00:00,2022-09-01,24,KERCK1G2_7_B1,KERCK1G2_7_B1,KERCK1G2_7_B1,RTPD,LMP,LMP_PRC,KERCK1G2_7_B1,ALL,1,335.15894,1,11
2022-09-01T07:15:00-00:00,2022-09-01T07:30:00-00:00,2022-09-01,01,KERCK1G2_7_B1,KERCK1G2_7_B1,KERCK1G2_7_B1,RTPD,LMP,LMP_PRC,KERCK1G2_7_B1,ALL,1,114.16453,2,11
2022-09-01T08:15:00-00:00,2022-09-01T08:30:00-00:00,2022-09-01,02,KERCK1G2_7_B1,KERCK1G2_7_B1,KERCK1G2_7_B1,RTPD,LMP,LMP_PRC,KERCK1G2_7_B1,ALL,1,114.49415,2,11
2022-09-01T09:15:00-00:00,2022-09-01T09:30:00-00:00,2022-09-01,03,KERCK1G2_7_B1,KERCK1G2_7_B1,KERCK1G2_7_B1,RTPD,LMP,LMP_PRC,KERCK1G2_7_B1,ALL,1,104.16864,2,11
2022-09-01T10:15:00-00:00,2022-09-01T10:30:00-00:00,2022-09-01,04,KERCK1G2_7_B1,KERCK1G2_7_B1,KERCK1G2_7_B1,RTPD,LMP,LMP_PRC,KERCK1G2_7_B1,ALL,1,100.64039,2,11
2022-09-01T11:15:00-00:00,2022-09-01T11:30:00-00:00,2022-09-01,05,KERCK1G2_7_B1,KERCK1G2_7_B1,KERCK1G2_7_B1,RTPD,LMP,LMP_PRC,KERCK1G2_7_B1,ALL,1,114.99755,2,11
2022-09-01T12:15:00-00:00,2022-09-01T12:30:00-00:00,2022-09-01,06,KERCK1G2_7_B1,KERCK1G2_7_B1,KERCK1G2_7_B1,RTPD,LMP,LMP_PRC,KERCK1G2_7_B1,ALL,1,116.38929,2,11
2022-09-01T13:15:00-00:00,2022-09-01T13:30:00-00:00,2022-09-01,07,KERCK1G2_7_B1,KERCK1G2_7_B1,KERCK1G2_7_B1,RTPD,LMP,LMP_PRC,KERCK1G2_7_B1,ALL,1,118.30975,2,11
2022-09-01T14:15:00-00:00,2022-09-01T14:30:00-00:00,2022-09-01,08,KERCK1G2_7_B1,KERCK1G2_7_B1,KERCK1G2_7_B1,RTPD,LMP,LMP_PRC,KERCK1G2_7_B1,ALL,1,115.09852,2,11
2022-09-01T15:15:00-00:00,2022-09-01T15:30:00-00:00,2022-09-01,09,KERCK1G2_7_B1,KERCK1G2_7_B1,KERCK1G2_7_B1,RTPD,LMP,LMP_PRC,KERCK1G2_7_B1,ALL,1,86.9388,2,11
2022-09-01T16:15:00-00:00,2022-09-01T16:30:00-00:00,2022-09-01,10,KERCK1G2_7_B1,KERCK1G2_7_B1,KERCK1G2_7_B1,RTPD,LMP,LMP_PRC,KERCK1G2_7_B1,ALL,1,87.6098,2,11
2022-09-01T17:15:00-00:00,2022-09-01T17:30:00-00:00,2022-09-01,11,KERCK1G2_7_B1,KERCK1G2_7_B1,KERCK1G2_7_B1,RTPD,LMP,LMP_PRC,KERCK1G2_7_B1,ALL,1,76.54761,2,11
2022-09-01T18:15:00-00:00,2022-09-01T18:30:00-00:00,2022-09-01,12,KERCK1G2_7_B1,KERCK1G2_7_B1,KERCK1G2_7_B1,RTPD,LMP,LMP_PRC,KERCK1G2_7_B1,ALL,1,71.61476,2,11
2022-09-01T19:15:00-00:00,2022-09-01T19:30:00-00:00,2022-09-01,13,KERCK1G2_7_B1,KERCK1G2_7_B1,KERCK1G2_7_B1,RTPD,LMP,LMP_PRC,KERCK1G2_7_B1,ALL,1,72.36192,2,11
2022-09-01T20:15:00-00:00,2022-09-01T20:30:00-00:00,2022-09-01,14,KERCK1G2_7_B1,KERCK1G2_7_B1,KERCK1G2_7_B1,RTPD,LMP,LMP_PRC,KERCK1G2_7_B1,ALL,1,113.95217,2,11
2022-09-01T21:15:00-00:00,2022-09-01T21:30:00-00:00,2022-09-01,15,KERCK1G2_7_B1,KERCK1G2_7_B1,KERCK1G2_7_B1,RTPD,LMP,LMP_PRC,KERCK1G2_7_B1,ALL,1,117.27674,2,11
2022-09-01T22:15:00-00:00,2022-09-01T22:30:00-00:00,2022-09-01,16,KERCK1G2_7_B1,KERCK1G2_7_B1,KERCK1G2_7_B1,RTPD,LMP,LMP_PRC,KERCK1G2_7_B1,ALL,1,124.947,2,11
2022-09-01T23:15:00-00:00,2022-09-01T23:30:00-00:00,2022-09-01,17,KERCK1G2_7_B1,KERCK1G2_7_B1,KERCK1G2_7_B1,RTPD,LMP,LMP_PRC,KERCK1G2_7_B1,ALL,1,255.75914,2,11
2022-09-02T00:15:00-00:00,2022-09-02T00:30:00-00:00,2022-09-01,18,KERCK1G2_7_B1,KERCK1G2_7_B1,KERCK1G2_7_B1,RTPD,LMP,LMP_PRC,KERCK1G2_7_B1,ALL,1,1113.2988,2,11
2022-09-02T01:15:00-00:00,2022-09-02T01:30:00-00:00,2022-09-01,19,KERCK1G2_7_B1,KERCK1G2_7_B1,KERCK1G2_7_B1,RTPD,LMP,LMP_PRC,KERCK1G2_7_B1,ALL,1,1999.9933,2,11
2022-09-02T02:15:00-00:00,2022-09-02T02:30:00-00:00,2022-09-01,20,KERCK1G2_7_B1,KERCK1G2_7_B1,KERCK1G2_7_B1,RTPD,LMP,LMP_PRC,KERCK1G2_7_B1,ALL,1,1991.6721,2,11
2022-09-02T03:15:00-00:00,2022-09-02T03:30:00-00:00,2022-09-01,21,KERCK1G2_7_B1,KERCK1G2_7_B1,KERCK1G2_7_B1,RTPD,LMP,LMP_PRC,KERCK1G2_7_B1,ALL,1,648.466,2,11
2022-09-02T04:15:00-00:00,2022-09-02T04:30:00-00:00,2022-09-01,22,KERCK1G2_7_B1,KERCK1G2_7_B1,KERCK1G2_7_B1,RTPD,LMP,LMP_PRC,KERCK1G2_7_B1,ALL,1,1390.9673,2,11
2022-09-02T05:15:00-00:00,2022-09-02T05:30:00-00:00,2022-09-01,23,KERCK1G2_7_B1,KERCK1G2_7_B1,KERCK1G2_7_B1,RTPD,LMP,LMP_PRC,KERCK1G2_7_B1,ALL,1,195.00162,2,11
2022-09-02T06:15:00-00:00,2022-09-02T06:30:00-00:00,2022-09-01,24,KERCK1G2_7_B1,KERCK1G2_7_B1,KERCK1G2_7_B1,RTPD,LMP,LMP_PRC,KERCK1G2_7_B1,ALL,1,164.08144,2,11
2022-09-01T07:30:00-00:00,2022-09-01T07:45:00-00:00,2022-09-01,01,KERCK1G2_7_B1,KERCK1G2_7_B1,KERCK1G2_7_B1,RTPD,LMP,LMP_PRC,KERCK1G2_7_B1,ALL,1,100.58348,3,11
2022-09-01T08:30:00-00:00,2022-09-01T08:45:00-00:00,2022-09-01,02,KERCK1G2_7_B1,KERCK1G2_7_B1,KERCK1G2_7_B1,RTPD,LMP,LMP_PRC,KERCK1G2_7_B1,ALL,1,125.01159,3,11
2022-09-01T09:30:00-00:00,2022-09-01T09:45:00-00:00,2022-09-01,03,KERCK1G2_7_B1,KERCK1G2_7_B1,KERCK1G2_7_B1,RTPD,LMP,LMP_PRC,KERCK1G2_7_B1,ALL,1,103.87108,3,11
2022-09-01T10:30:00-00:00,2022-09-01T10:45:00-00:00,2022-09-01,04,KERCK1G2_7_B1,KERCK1G2_7_B1,KERCK1G2_7_B1,RTPD,LMP,LMP_PRC,KERCK1G2_7_B1,ALL,1,102.42521,3,11
2022-09-01T11:30:00-00:00,2022-09-01T11:45:00-00:00,2022-09-01,05,KERCK1G2_7_B1,KERCK1G2_7_B1,KERCK1G2_7_B1,RTPD,LMP,LMP_PRC,KERCK1G2_7_B1,ALL,1,115.15115,3,11
2022-09-01T12:30:00-00:00,2022-09-01T12:45:00-00:00,2022-09-01,06,KERCK1G2_7_B1,KERCK1G2_7_B1,KERCK1G2_7_B1,RTPD,LMP,LMP_PRC,KERCK1G2_7_B1,ALL,1,114.86634,3,11
2022-09-01T13:30:00-00:00,2022-09-01T13:45:00-00:00,2022-09-01,07,KERCK1G2_7_B1,KERCK1G2_7_B1,KERCK1G2_7_B1,RTPD,LMP,LMP_PRC,KERCK1G2_7_B1,ALL,1,119.54971,3,11
2022-09-01T14:30:00-00:00,2022-09-01T14:45:00-00:00,2022-09-01,08,KERCK1G2_7_B1,KERCK1G2_7_B1,KERCK1G2_7_B1,RTPD,LMP,LMP_PRC,KERCK1G2_7_B1,ALL,1,111.17248,3,11
2022-09-01T15:30:00-00:00,2022-09-01T15:45:00-00:00,2022-09-01,09,KERCK1G2_7_B1,KERCK1G2_7_B1,KERCK1G2_7_B1,RTPD,LMP,LMP_PRC,KERCK1G2_7_B1,ALL,1,86.1388,3,11
2022-09-01T16:30:00-00:00,2022-09-01T16:45:00-00:00,2022-09-01,10,KERCK1G2_7_B1,KERCK1G2_7_B1,KERCK1G2_7_B1,RTPD,LMP,LMP_PRC,KERCK1G2_7_B1,ALL,1,73.40932,3,11
2022-09-01T17:30:00-00:00,2022-09-01T17:45:00-00:00,2022-09-01,11,KERCK1G2_7_B1,KERCK1G2_7_B1,KERCK1G2_7_B1,RTPD,LMP,LMP_PRC,KERCK1G2_7_B1,ALL,1,76.26049,3,11
2022-09-01T18:30:00-00:00,2022-09-01T18:45:00-00:00,2022-09-01,12,KERCK1G2_7_B1,KERCK1G2_7_B1,KERCK1G2_7_B1,RTPD,LMP,LMP_PRC,KERCK1G2_7_B1,ALL,1,76.26505,3,11
2022-09-01T19:30:00-00:00,2022-09-01T19:45:00-00:00,2022-09-01,13,KERCK1G2_7_B1,KERCK1G2_7_B1,KERCK1G2_7_B1,RTPD,LMP,LMP_PRC,KERCK1G2_7_B1,ALL,1,99.88586,3,11
2022-09-01T20:30:00-00:00,2022-09-01T20:45:00-00:00,2022-09-01,14,KERCK1G2_7_B1,KERCK1G2_7_B1,KERCK1G2_7_B1,RTPD,LMP,LMP_PRC,KERCK1G2_7_B1,ALL,1,115.5246,3,11
2022-09-01T21:30:00-00:00,2022-09-01T21:45:00-00:00,2022-09-01,15,KERCK1G2_7_B1,KERCK1G2_7_B1,KERCK1G2_7_B1,RTPD,LMP,LMP_PRC,KERCK1G2_7_B1,ALL,1,125.43076,3,11
2022-09-01T22:30:00-00:00,2022-09-01T22:45:00-00:00,2022-09-01,16,KERCK1G2_7_B1,KERCK1G2_7_B1,KERCK1G2_7_B1,RTPD,LMP,LMP_PRC,KERCK1G2_7_B1,ALL,1,141.63599,3,11
2022-09-01T23:30:00-00:00,2022-09-01T23:45:00-00:00,2022-09-01,17,KERCK1G2_7_B1,KERCK1G2_7_B1,KERCK1G2_7_B1,RTPD,LMP,LMP_PRC,KERCK1G2_7_B1,ALL,1,619.61115,3,11
2022-09-02T00:30:00-00:00,2022-09-02T00:45:00-00:00,2022-09-01,18,KERCK1G2_7_B1,KERCK1G2_7_B1,KERCK1G2_7_B1,RTPD,LMP,LMP_PRC,KERCK1G2_7_B1,ALL,1,1728.4335,3,11
2022-09-02T01:30:00-00:00,2022-09-02T01:45:00-00:00,2022-09-01,19,KERCK1G2_7_B1,KERCK1G2_7_B1,KERCK1G2_7_B1,RTPD,LMP,LMP_PRC,KERCK1G2_7_B1,ALL,1,1999.9956,3,11
2022-09-02T02:30:00-00:00,2022-09-02T02:45:00-00:00,2022-09-01,20,KERCK1G2_7_B1,KERCK1G2_7_B1,KERCK1G2_7_B1,RTPD,LMP,LMP_PRC,KERCK1G2_7_B1,ALL,1,1991.671,3,11
2022-09-02T03:30:00-00:00,2022-09-02T03:45:00-00:00,2022-09-01,21,KERCK1G2_7_B1,KERCK1G2_7_B1,KERCK1G2_7_B1,RTPD,LMP,LMP_PRC,KERCK1G2_7_B1,ALL,1,245.24783,3,11
2022-09-02T04:30:00-00:00,2022-09-02T04:45:00-00:00,2022-09-01,22,KERCK1G2_7_B1,KERCK1G2_7_B1,KERCK1G2_7_B1,RTPD,LMP,LMP_PRC,KERCK1G2_7_B1,ALL,1,817.396,3,11
2022-09-02T05:30:00-00:00,2022-09-02T05:45:00-00:00,2022-09-01,23,KERCK1G2_7_B1,KERCK1G2_7_B1,KERCK1G2_7_B1,RTPD,LMP,LMP_PRC,KERCK1G2_7_B1,ALL,1,162.5422,3,11
2022-09-02T06:30:00-00:00,2022-09-02T06:45:00-00:00,2022-09-01,24,KERCK1G2_7_B1,KERCK1G2_7_B1,KERCK1G2_7_B1,RTPD,LMP,LMP_PRC,KERCK1G2_7_B1,ALL,1,153.58977,3,11
2022-09-01T07:45:00-00:00,2022-09-01T08:00:00-00:00,2022-09-01,01,KERCK1G2_7_B1,KERCK1G2_7_B1,KERCK1G2_7_B1,RTPD,LMP,LMP_PRC,KERCK1G2_7_B1,ALL,1,88.176,4,11
2022-09-01T08:45:00-00:00,2022-09-01T09:00:00-00:00,2022-09-01,02,KERCK1G2_7_B1,KERCK1G2_7_B1,KERCK1G2_7_B1,RTPD,LMP,LMP_PRC,KERCK1G2_7_B1,ALL,1,104.98724,4,11
2022-09-01T09:45:00-00:00,2022-09-01T10:00:00-00:00,2022-09-01,03,KERCK1G2_7_B1,KERCK1G2_7_B1,KERCK1G2_7_B1,RTPD,LMP,LMP_PRC,KERCK1G2_7_B1,ALL,1,100.55109,4,11
2022-09-01T10:45:00-00:00,2022-09-01T11:00:00-00:00,2022-09-01,04,KERCK1G2_7_B1,KERCK1G2_7_B1,KERCK1G2_7_B1,RTPD,LMP,LMP_PRC,KERCK1G2_7_B1,ALL,1,102.19338,4,11
2022-09-01T11:45:00-00:00,2022-09-01T12:00:00-00:00,2022-09-01,05,KERCK1G2_7_B1,KERCK1G2_7_B1,KERCK1G2_7_B1,RTPD,LMP,LMP_PRC,KERCK1G2_7_B1,ALL,1,107.01,4,11
2022-09-01T12:45:00-00:00,2022-09-01T13:00:00-00:00,2022-09-01,06,KERCK1G2_7_B1,KERCK1G2_7_B1,KERCK1G2_7_B1,RTPD,LMP,LMP_PRC,KERCK1G2_7_B1,ALL,1,113.80428,4,11
2022-09-01T13:45:00-00:00,2022-09-01T14:00:00-00:00,2022-09-01,07,KERCK1G2_7_B1,KERCK1G2_7_B1,KERCK1G2_7_B1,RTPD,LMP,LMP_PRC,KERCK1G2_7_B1,ALL,1,111.41,4,11
2022-09-01T14:45:00-00:00,2022-09-01T15:00:00-00:00,2022-09-01,08,KERCK1G2_7_B1,KERCK1G2_7_B1,KERCK1G2_7_B1,RTPD,LMP,LMP_PRC,KERCK1G2_7_B1,ALL,1,86.1388,4,11
2022-09-01T15:45:00-00:00,2022-09-01T16:00:00-00:00,2022-09-01,09,KERCK1G2_7_B1,KERCK1G2_7_B1,KERCK1G2_7_B1,RTPD,LMP,LMP_PRC,KERCK1G2_7_B1,ALL,1,78.70076,4,11
2022-09-01T16:45:00-00:00,2022-09-01T17:00:00-00:00,2022-09-01,10,KERCK1G2_7_B1,KERCK1G2_7_B1,KERCK1G2_7_B1,RTPD,LMP,LMP_PRC,KERCK1G2_7_B1,ALL,1,77.32372,4,11
2022-09-01T17:45:00-00:00,2022-09-01T18:00:00-00:00,2022-09-01,11,KERCK1G2_7_B1,KERCK1G2_7_B1,KERCK1G2_7_B1,RTPD,LMP,LMP_PRC,KERCK1G2_7_B1,ALL,1,76.68788,4,11
2022-09-01T18:45:00-00:00,2022-09-01T19:00:00-00:00,2022-09-01,12,KERCK1G2_7_B1,KERCK1G2_7_B1,KERCK1G2_7_B1,RTPD,LMP,LMP_PRC,KERCK1G2_7_B1,ALL,1,78.36638,4,11
2022-09-01T19:45:00-00:00,2022-09-01T20:00:00-00:00,2022-09-01,13,KERCK1G2_7_B1,KERCK1G2_7_B1,KERCK1G2_7_B1,RTPD,LMP,LMP_PRC,KERCK1G2_7_B1,ALL,1,104.86974,4,11
2022-09-01T20:45:00-00:00,2022-09-01T21:00:00-00:00,2022-09-01,14,KERCK1G2_7_B1,KERCK1G2_7_B1,KERCK1G2_7_B1,RTPD,LMP,LMP_PRC,KERCK1G2_7_B1,ALL,1,122.36586,4,11
2022-09-01T21:45:00-00:00,2022-09-01T22:00:00-00:00,2022-09-01,15,KERCK1G2_7_B1,KERCK1G2_7_B1,KERCK1G2_7_B1,RTPD,LMP,LMP_PRC,KERCK1G2_7_B1,ALL,1,200.38533,4,11
2022-09-01T22:45:00-00:00,2022-09-01T23:00:00-00:00,2022-09-01,16,KERCK1G2_7_B1,KERCK1G2_7_B1,KERCK1G2_7_B1,RTPD,LMP,LMP_PRC,KERCK1G2_7_B1,ALL,1,143.44678,4,11
2022-09-01T23:45:00-00:00,2022-09-02T00:00:00-00:00,2022-09-01,17,KERCK1G2_7_B1,KERCK1G2_7_B1,KERCK1G2_7_B1,RTPD,LMP,LMP_PRC,KERCK1G2_7_B1,ALL,1,1610.7982,4,11
2022-09-02T00:45:00-00:00,2022-09-02T01:00:00-00:00,2022-09-01,18,KERCK1G2_7_B1,KERCK1G2_7_B1,KERCK1G2_7_B1,RTPD,LMP,LMP_PRC,KERCK1G2_7_B1,ALL,1,1770.5658,4,11
2022-09-02T01:45:00-00:00,2022-09-02T02:00:00-00:00,2022-09-01,19,KERCK1G2_7_B1,KERCK1G2_7_B1,KERCK1G2_7_B1,RTPD,LMP,LMP_PRC,KERCK1G2_7_B1,ALL,1,1991.9337,4,11
2022-09-02T02:45:00-00:00,2022-09-02T03:00:00-00:00,2022-09-01,20,KERCK1G2_7_B1,KERCK1G2_7_B1,KERCK1G2_7_B1,RTPD,LMP,LMP_PRC,KERCK1G2_7_B1,ALL,1,1915.4629,4,11
2022-09-02T03:45:00-00:00,2022-09-02T04:00:00-00:00,2022-09-01,21,KERCK1G2_7_B1,KERCK1G2_7_B1,KERCK1G2_7_B1,RTPD,LMP,LMP_PRC,KERCK1G2_7_B1,ALL,1,177.8073,4,11
2022-09-02T04:45:00-00:00,2022-09-02T05:00:00-00:00,2022-09-01,22,KERCK1G2_7_B1,KERCK1G2_7_B1,KERCK1G2_7_B1,RTPD,LMP,LMP_PRC,KERCK1G2_7_B1,ALL,1,164.64311,4,11
2022-09-02T05:45:00-00:00,2022-09-02T06:00:00-00:00,2022-09-01,23,KERCK1G2_7_B1,KERCK1G2_7_B1,KERCK1G2_7_B1,RTPD,LMP,LMP_PRC,KERCK1G2_7_B1,ALL,1,325.71515,4,11
2022-09-02T06:45:00-00:00,2022-09-02T07:00:00-00:00,2022-09-01,24,KERCK1G2_7_B1,KERCK1G2_7_B1,KERCK1G2_7_B1,RTPD,LMP,LMP_PRC,KERCK1G2_7_B1,ALL,1,127.52258,4,11
2022-09-01T07:00:00-00:00,2022-09-01T07:15:00-00:00,2022-09-01,01,KERCK1G2_7_B1,KERCK1G2_7_B1,KERCK1G2_7_B1,RTPD,MCC,LMP_CONG_PRC,KERCK1G2_7_B1,ALL,1,-24.22549,1,12
2022-09-01T08:00:00-00:00,2022-09-01T08:15:00-00:00,2022-09-01,02,KERCK1G2_7_B1,KERCK1G2_7_B1,KERCK1G2_7_B1,RTPD,MCC,LMP_CONG_PRC,KERCK1G2_7_B1,ALL,1,-3.80099,1,12
2022-09-01T09:00:00-00:00,2022-09-01T09:15:00-00:00,2022-09-01,03,KERCK1G2_7_B1,KERCK1G2_7_B1,KERCK1G2_7_B1,RTPD,MCC,LMP_CONG_PRC,KERCK1G2_7_B1,ALL,1,-5.09291,1,12
2022-09-01T10:00:00-00:00,2022-09-01T10:15:00-00:00,2022-09-01,04,KERCK1G2_7_B1,KERCK1G2_7_B1,KERCK1G2_7_B1,RTPD,MCC,LMP_CONG_PRC,KERCK1G2_7_B1,ALL,1,-4.41802,1,12
2022-09-01T11:00:00-00:00,2022-09-01T11:15:00-00:00,2022-09-01,05,KERCK1G2_7_B1,KERCK1G2_7_B1,KERCK1G2_7_B1,RTPD,MCC,LMP_CONG_PRC,KERCK1G2_7_B1,ALL,1,0,1,12
2022-09-01T12:00:00-00:00,2022-09-01T12:15:00-00:00,2022-09-01,06,KERCK1G2_7_B1,KERCK1G2_7_B1,KERCK1G2_7_B1,RTPD,MCC,LMP_CONG_PRC,KERCK1G2_7_B1,ALL,1,-11.36554,1,12
2022-09-01T13:00:00-00:00,2022-09-01T13:15:00-00:00,2022-09-01,07,KERCK1G2_7_B1,KERCK1G2_7_B1,KERCK1G2_7_B1,RTPD,MCC,LMP_CONG_PRC,KERCK1G2_7_B1,ALL,1,-15.09666,1,12
2022-09-01T14:00:00-00:00,2022-09-01T14:15:00-00:00,2022-09-01,08,KERCK1G2_7_B1,KERCK1G2_7_B1,KERCK1G2_7_B1,RTPD,MCC,LMP_CONG_PRC,KERCK1G2_7_B1,ALL,1,0,1,12
2022-09-01T15:00:00-00:00,2022-09-01T15:15:00-00:00,2022-09-01,09,KERCK1G2_7_B1,KERCK1G2_7_B1,KERCK1G2_7_B1,RTPD,MCC,LMP_CONG_PRC,KERCK1G2_7_B1,ALL,1,0,1,12
2022-09-01T16:00:00-00:00,2022-09-01T16:15:00-00:00,2022-09-01,10,KERCK1G2_7_B1,KERCK1G2_7_B1,KERCK1G2_7_B1,RTPD,MCC,LMP_CONG_PRC,KERCK1G2_7_B1,ALL,1,0,1,12
2022-09-01T17:00:00-00:00,2022-09-01T17:15:00-00:00,2022-09-01,11,KERCK1G2_7_B1,KERCK1G2_7_B1,KERCK1G2_7_B1,RTPD,MCC,LMP_CONG_PRC,KERCK1G2_7_B1,ALL,1,-18.63972,1,12
2022-09-01T18:00:00-00:00,2022-09-01T18:15:00-00:00,2022-09-01,12,KERCK1G2_7_B1,KERCK1G2_7_B1,KERCK1G2_7_B1,RTPD,MCC,LMP_CONG_PRC,KERCK1G2_7_B1,ALL,1,-36.28161,1,12
2022-09-01T19:00:00-00:00,2022-09-01T19:15:00-00:00,2022-09-01,13,KERCK1G2_7_B1,KERCK1G2_7_B1,KERCK1G2_7_B1,RTPD,MCC,LMP_CONG_PRC,KERCK1G2_7_B1,ALL,1,-40.00612,1,12
2022-09-01T20:00:00-00:00,2022-09-01T20:15:00-00:00,2022-09-01,14,KERCK1G2_7_B1,KERCK1G2_7_B1,KERCK1G2_7_B1,RTPD,MCC,LMP_CONG_PRC,KERCK1G2_7_B1,ALL,1,-3.93333,1,12
2022-09-01T21:00:00-00:00,2022-09-01T21:15:00-00:00,2022-09-01,15,KERCK1G2_7_B1,KERCK1G2_7_B1,KERCK1G2_7_B1,RTPD,MCC,LMP_CONG_PRC,KERCK1G2_7_B1,ALL,1,-110.76587,1,12
2022-09-01T22:00:00-00:00,2022-09-01T22:15:00-00:00,2022-09-01,16,KERCK1G2_7_B1,KERCK1G2_7_B1,KERCK1G2_7_B1,RTPD,MCC,LMP_CONG_PRC,KERCK1G2_7_B1,ALL,1,-119.99866,1,12
2022-09-01T23:00:00-00:00,2022-09-01T23:15:00-00:00,2022-09-01,17,KERCK1G2_7_B1,KERCK1G2_7_B1,KERCK1G2_7_B1,RTPD,MCC,LMP_CONG_PRC,KERCK1G2_7_B1,ALL,1,-193.9327,1,12
2022-09-02T00:00:00-00:00,2022-09-02T00:15:00-00:00,2022-09-01,18,KERCK1G2_7_B1,KERCK1G2_7_B1,KERCK1G2_7_B1,RTPD,MCC,LMP_CONG_PRC,KERCK1G2_7_B1,ALL,1,290.89676,1,12
2022-09-02T01:00:00-00:00,2022-09-02T01:15:00-00:00,2022-09-01,19,KERCK1G2_7_B1,KERCK1G2_7_B1,KERCK1G2_7_B1,RTPD,MCC,LMP_CONG_PRC,KERCK1G2_7_B1,ALL,1,388.48923,1,12
2022-09-02T02:00:00-00:00,2022-09-02T02:15:00-00:00,2022-09-01,20,KERCK1G2_7_B1,KERCK1G2_7_B1,KERCK1G2_7_B1,RTPD,MCC,LMP_CONG_PRC,KERCK1G2_7_B1,ALL,1,0,1,12
2022-09-02T03:00:00-00:00,2022-09-02T03:15:00-00:00,2022-09-01,21,KERCK1G2_7_B1,KERCK1G2_7_B1,KERCK1G2_7_B1,RTPD,MCC,LMP_CONG_PRC,KERCK1G2_7_B1,ALL,1,491.66382,1,12
2022-09-02T04:00:00-00:00,2022-09-02T04:15:00-00:00,2022-09-01,22,KERCK1G2_7_B1,KERCK1G2_7_B1,KERCK1G2_7_B1,RTPD,MCC,LMP_CONG_PRC,KERCK1G2_7_B1,ALL,1,1231.089,1,12
2022-09-02T05:00:00-00:00,2022-09-02T05:15:00-00:00,2022-09-01,23,KERCK1G2_7_B1,KERCK1G2_7_B1,KERCK1G2_7_B1,RTPD,MCC,LMP_CONG_PRC,KERCK1G2_7_B1,ALL,1,13.35304,1,12
2022-09-02T06:00:00-00:00,2022-09-02T06:15:00-00:00,2022-09-01,24,KERCK1G2_7_B1,KERCK1G2_7_B1,KERCK1G2_7_B1,RTPD,MCC,LMP_CONG_PRC,KERCK1G2_7_B1,ALL,1,157.03728,1,12
2022-09-01T07:15:00-00:00,2022-09-01T07:30:00-00:00,2022-09-01,01,KERCK1G2_7_B1,KERCK1G2_7_B1,KERCK1G2_7_B1,RTPD,MCC,LMP_CONG_PRC,KERCK1G2_7_B1,ALL,1,-11.38691,2,12
2022-09-01T08:15:00-00:00,2022-09-01T08:30:00-00:00,2022-09-01,02,KERCK1G2_7_B1,KERCK1G2_7_B1,KERCK1G2_7_B1,RTPD,MCC,LMP_CONG_PRC,KERCK1G2_7_B1,ALL,1,-1.0375,2,12
2022-09-01T09:15:00-00:00,2022-09-01T09:30:00-00:00,2022-09-01,03,KERCK1G2_7_B1,KERCK1G2_7_B1,KERCK1G2_7_B1,RTPD,MCC,LMP_CONG_PRC,KERCK1G2_7_B1,ALL,1,-6.71006,2,12
2022-09-01T10:15:00-00:00,2022-09-01T10:30:00-00:00,2022-09-01,04,KERCK1G2_7_B1,KERCK1G2_7_B1,KERCK1G2_7_B1,RTPD,MCC,LMP_CONG_PRC,KERCK1G2_7_B1,ALL,1,-6.25145,2,12
2022-09-01T11:15:00-00:00,2022-09-01T11:30:00-00:00,2022-09-01,05,KERCK1G2_7_B1,KERCK1G2_7_B1,KERCK1G2_7_B1,RTPD,MCC,LMP_CONG_PRC,KERCK1G2_7_B1,ALL,1,0,2,12
2022-09-01T12:15:00-00:00,2022-09-01T12:30:00-00:00,2022-09-01,06,KERCK1G2_7_B1,KERCK1G2_7_B1,KERCK1G2_7_B1,RTPD,MCC,LMP_CONG_PRC,KERCK1G2_7_B1,ALL,1,-6.94782,2,12
2022-09-01T13:15:00-00:00,2022-09-01T13:30:00-00:00,2022-09-01,07,KERCK1G2_7_B1,KERCK1G2_7_B1,KERCK1G2_7_B1,RTPD,MCC,LMP_CONG_PRC,KERCK1G2_7_B1,ALL,1,-0.64785,2,12
2022-09-01T14:15:00-00:00,2022-09-01T14:30:00-00:00,2022-09-01,08,KERCK1G2_7_B1,KERCK1G2_7_B1,KERCK1G2_7_B1,RTPD,MCC,LMP_CONG_PRC,KERCK1G2_7_B1,ALL,1,0,2,12
2022-09-01T15:15:00-00:00,2022-09-01T15:30:00-00:00,2022-09-01,09,KERCK1G2_7_B1,KERCK1G2_7_B1,KERCK1G2_7_B1,RTPD,MCC,LMP_CONG_PRC,KERCK1G2_7_B1,ALL,1,0,2,12
2022-09-01T16:15:00-00:00,2022-09-01T16:30:00-00:00,2022-09-01,10,KERCK1G2_7_B1,KERCK1G2_7_B1,KERCK1G2_7_B1,RTPD,MCC,LMP_CONG_PRC,KERCK1G2_7_B1,ALL,1,-1.83878,2,12
2022-09-01T17:15:00-00:00,2022-09-01T17:30:00-00:00,2022-09-01,11,KERCK1G2_7_B1,KERCK1G2_7_B1,KERCK1G2_7_B1,RTPD,MCC,LMP_CONG_PRC,KERCK1G2_7_B1,ALL,1,-22.79912,2,12
2022-09-01T18:15:00-00:00,2022-09-01T18:30:00-00:00,2022-09-01,12,KERCK1G2_7_B1,KERCK1G2_7_B1,KERCK1G2_7_B1,RTPD,MCC,LMP_CONG_PRC,KERCK1G2_7_B1,ALL,1,-29.54425,2,12
2022-09-01T19:15:00-00:00,2022-09-01T19:30:00-00:00,2022-09-01,13,KERCK1G2_7_B1,KERCK1G2_7_B1,KERCK1G2_7_B1,RTPD,MCC,LMP_CONG_PRC,KERCK1G2_7_B1,ALL,1,-32.94396,2,12
2022-09-01T20:15:00-00:00,2022-09-01T20:30:00-00:00,2022-09-01,14,KERCK1G2_7_B1,KERCK1G2_7_B1,KERCK1G2_7_B1,RTPD,MCC,LMP_CONG_PRC,KERCK1G2_7_B1,ALL,1,-3.54204,2,12
2022-09-01T21:15:00-00:00,2022-09-01T21:30:00-00:00,2022-09-01,15,KERCK1G2_7_B1,KERCK1G2_7_B1,KERCK1G2_7_B1,RTPD,MCC,LMP_CONG_PRC,KERCK1G2_7_B1,ALL,1,-29.93511,2,12
2022-09-01T22:15:00-00:00,2022-09-01T22:30:00-00:00,2022-09-01,16,KERCK1G2_7_B1,KERCK1G2_7_B1,KERCK1G2_7_B1,RTPD,MCC,LMP_CONG_PRC,KERCK1G2_7_B1,ALL,1,-131.64032,2,12
2022-09-01T23:15:00-00:00,2022-09-01T23:30:00-00:00,2022-09-01,17,KERCK1G2_7_B1,KERCK1G2_7_B1,KERCK1G2_7_B1,RTPD,MCC,LMP_CONG_PRC,KERCK1G2_7_B1,ALL,1,-106.36495,2,12
2022-09-02T00:15:00-00:00,2022-09-02T00:30:00-00:00,2022-09-01,18,KERCK1G2_7_B1,KERCK1G2_7_B1,KERCK1G2_7_B1,RTPD,MCC,LMP_CONG_PRC,KERCK1G2_7_B1,ALL,1,391.32135,2,12
2022-09-02T01:15:00-00:00,2022-09-02T01:30:00-00:00,2022-09-01,19,KERCK1G2_7_B1,KERCK1G2_7_B1,KERCK1G2_7_B1,RTPD,MCC,LMP_CONG_PRC,KERCK1G2_7_B1,ALL,1,0,2,12
2022-09-02T02:15:00-00:00,2022-09-02T02:30:00-00:00,2022-09-01,20,KERCK1G2_7_B1,KERCK1G2_7_B1,KERCK1G2_7_B1,RTPD,MCC,LMP_CONG_PRC,KERCK1G2_7_B1,ALL,1,0,2,12
2022-09-02T03:15:00-00:00,2022-09-02T03:30:00-00:00,2022-09-01,21,KERCK1G2_7_B1,KERCK1G2_7_B1,KERCK1G2_7_B1,RTPD,MCC,LMP_CONG_PRC,KERCK1G2_7_B1,ALL,1,181.52946,2,12
2022-09-02T04:15:00-00:00,2022-09-02T04:30:00-00:00,2022-09-01,22,KERCK1G2_7_B1,KERCK1G2_7_B1,KERCK1G2_7_B1,RTPD,MCC,LMP_CONG_PRC,KERCK1G2_7_B1,ALL,1,1120.0082,2,12
2022-09-02T05:15:00-00:00,2022-09-02T05:30:00-00:00,2022-09-01,23,KERCK1G2_7_B1,KERCK1G2_7_B1,KERCK1G2_7_B1,RTPD,MCC,LMP_CONG_PRC,KERCK1G2_7_B1,ALL,1,12.774,2,12
2022-09-02T06:15:00-00:00,2022-09-02T06:30:00-00:00,2022-09-01,24,KERCK1G2_7_B1,KERCK1G2_7_B1,KERCK1G2_7_B1,RTPD,MCC,LMP_CONG_PRC,KERCK1G2_7_B1,ALL,1,4.46714,2,12
2022-09-01T07:30:00-00:00,2022-09-01T07:45:00-00:00,2022-09-01,01,KERCK1G2_7_B1,KERCK1G2_7_B1,KERCK1G2_7_B1,RTPD,MCC,LMP_CONG_PRC,KERCK1G2_7_B1,ALL,1,-18.44849,3,12
2022-09-01T08:30:00-00:00,2022-09-01T08:45:00-00:00,2022-09-01,02,KERCK1G2_7_B1,KERCK1G2_7_B1,KERCK1G2_7_B1,RTPD,MCC,LMP_CONG_PRC,KERCK1G2_7_B1,ALL,1,-0.00098,3,12
2022-09-01T09:30:00-00:00,2022-09-01T09:45:00-00:00,2022-09-01,03,KERCK1G2_7_B1,KERCK1G2_7_B1,KERCK1G2_7_B1,RTPD,MCC,LMP_CONG_PRC,KERCK1G2_7_B1,ALL,1,-6.64983,3,12
2022-09-01T10:30:00-00:00,2022-09-01T10:45:00-00:00,2022-09-01,04,KERCK1G2_7_B1,KERCK1G2_7_B1,KERCK1G2_7_B1,RTPD,MCC,LMP_CONG_PRC,KERCK1G2_7_B1,ALL,1,-3.53474,3,12
2022-09-01T11:30:00-00:00,2022-09-01T11:45:00-00:00,2022-09-01,05,KERCK1G2_7_B1,KERCK1G2_7_B1,KERCK1G2_7_B1,RTPD,MCC,LMP_CONG_PRC,KERCK1G2_7_B1,ALL,1,0,3,12
2022-09-01T12:30:00-00:00,2022-09-01T12:45:00-00:00,2022-09-01,06,KERCK1G2_7_B1,KERCK1G2_7_B1,KERCK1G2_7_B1,RTPD,MCC,LMP_CONG_PRC,KERCK1G2_7_B1,ALL,1,-12.02993,3,12
2022-09-01T13:30:00-00:00,2022-09-01T13:45:00-00:00,2022-09-01,07,KERCK1G2_7_B1,KERCK1G2_7_B1,KERCK1G2_7_B1,RTPD,MCC,LMP_CONG_PRC,KERCK1G2_7_B1,ALL,1,0,3,12
2022-09-01T14:30:00-00:00,2022-09-01T14:45:00-00:00,2022-09-01,08,KERCK1G2_7_B1,KERCK1G2_7_B1,KERCK1G2_7_B1,RTPD,MCC,LMP_CONG_PRC,KERCK1G2_7_B1,ALL,1,0,3,12
2022-09-01T15:30:00-00:00,2022-09-01T15:45:00-00:00,2022-09-01,09,KERCK1G2_7_B1,KERCK1G2_7_B1,KERCK1G2_7_B1,RTPD,MCC,LMP_CONG_PRC,KERCK1G2_7_B1,ALL,1,0,3,12
2022-09-01T16:30:00-00:00,2022-09-01T16:45:00-00:00,2022-09-01,10,KERCK1G2_7_B1,KERCK1G2_7_B1,KERCK1G2_7_B1,RTPD,MCC,LMP_CONG_PRC,KERCK1G2_7_B1,ALL,1,-15.38712,3,12
2022-09-01T17:30:00-00:00,2022-09-01T17:45:00-00:00,2022-09-01,11,KERCK1G2_7_B1,KERCK1G2_7_B1,KERCK1G2_7_B1,RTPD,MCC,LMP_CONG_PRC,KERCK1G2_7_B1,ALL,1,-22.86964,3,12
2022-09-01T18:30:00-00:00,2022-09-01T18:45:00-00:00,2022-09-01,12,KERCK1G2_7_B1,KERCK1G2_7_B1,KERCK1G2_7_B1,RTPD,MCC,LMP_CONG_PRC,KERCK1G2_7_B1,ALL,1,-30.79212,3,12
2022-09-01T19:30:00-00:00,2022-09-01T19:45:00-00:00,2022-09-01,13,KERCK1G2_7_B1,KERCK1G2_7_B1,KERCK1G2_7_B1,RTPD,MCC,LMP_CONG_PRC,KERCK1G2_7_B1,ALL,1,-14.17319,3,12
2022-09-01T20:30:00-00:00,2022-09-01T20:45:00-00:00,2022-09-01,14,KERCK1G2_7_B1,KERCK1G2_7_B1,KERCK1G2_7_B1,RTPD,MCC,LMP_CONG_PRC,KERCK1G2_7_B1,ALL,1,-14.29144,3,12
2022-09-01T21:30:00-00:00,2022-09-01T21:45:00-00:00,2022-09-01,15,KERCK1G2_7_B1,KERCK1G2_7_B1,KERCK1G2_7_B1,RTPD,MCC,LMP_CONG_PRC,KERCK1G2_7_B1,ALL,1,-27.49981,3,12
2022-09-01T22:30:00-00:00,2022-09-01T22:45:00-00:00,2022-09-01,16,KERCK1G2_7_B1,KERCK1G2_7_B1,KERCK1G2_7_B1,RTPD,MCC,LMP_CONG_PRC,KERCK1G2_7_B1,ALL,1,-141.54584,3,12
2022-09-01T23:30:00-00:00,2022-09-01T23:45:00-00:00,2022-09-01,17,KERCK1G2_7_B1,KERCK1G2_7_B1,KERCK1G2_7_B1,RTPD,MCC,LMP_CONG_PRC,KERCK1G2_7_B1,ALL,1,53.12956,3,12
2022-09-02T00:30:00-00:00,2022-09-02T00:45:00-00:00,2022-09-01,18,KERCK1G2_7_B1,KERCK1G2_7_B1,KERCK1G2_7_B1,RTPD,MCC,LMP_CONG_PRC,KERCK1G2_7_B1,ALL,1,399.32092,3,12
2022-09-02T01:30:00-00:00,2022-09-02T01:45:00-00:00,2022-09-01,19,KERCK1G2_7_B1,KERCK1G2_7_B1,KERCK1G2_7_B1,RTPD,MCC,LMP_CONG_PRC,KERCK1G2_7_B1,ALL,1,0,3,12
2022-09-02T02:30:00-00:00,2022-09-02T02:45:00-00:00,2022-09-01,20,KERCK1G2_7_B1,KERCK1G2_7_B1,KERCK1G2_7_B1,RTPD,MCC,LMP_CONG_PRC,KERCK1G2_7_B1,ALL,1,0,3,12
2022-09-02T03:30:00-00:00,2022-09-02T03:45:00-00:00,2022-09-01,21,KERCK1G2_7_B1,KERCK1G2_7_B1,KERCK1G2_7_B1,RTPD,MCC,LMP_CONG_PRC,KERCK1G2_7_B1,ALL,1,28.28549,3,12
2022-09-02T04:30:00-00:00,2022-09-02T04:45:00-00:00,2022-09-01,22,KERCK1G2_7_B1,KERCK1G2_7_B1,KERCK1G2_7_B1,RTPD,MCC,LMP_CONG_PRC,KERCK1G2_7_B1,ALL,1,603.63556,3,12
2022-09-02T05:30:00-00:00,2022-09-02T05:45:00-00:00,2022-09-01,23,KERCK1G2_7_B1,KERCK1G2_7_B1,KERCK1G2_7_B1,RTPD,MCC,LMP_CONG_PRC,KERCK1G2_7_B1,ALL,1,9.94238,3,12
2022-09-02T06:30:00-00:00,2022-09-02T06:45:00-00:00,2022-09-01,24,KERCK1G2_7_B1,KERCK1G2_7_B1,KERCK1G2_7_B1,RTPD,MCC,LMP_CONG_PRC,KERCK1G2_7_B1,ALL,1,9.35637,3,12
2022-09-01T07:45:00-00:00,2022-09-01T08:00:00-00:00,2022-09-01,01,KERCK1G2_7_B1,KERCK1G2_7_B1,KERCK1G2_7_B1,RTPD,MCC,LMP_CONG_PRC,KERCK1G2_7_B1,ALL,1,-20.94498,4,12
2022-09-01T08:45:00-00:00,2022-09-01T09:00:00-00:00,2022-09-01,02,KERCK1G2_7_B1,KERCK1G2_7_B1,KERCK1G2_7_B1,RTPD,MCC,LMP_CONG_PRC,KERCK1G2_7_B1,ALL,1,-5.11294,4,12
2022-09-01T09:45:00-00:00,2022-09-01T10:00:00-00:00,2022-09-01,03,KERCK1G2_7_B1,KERCK1G2_7_B1,KERCK1G2_7_B1,RTPD,MCC,LMP_CONG_PRC,KERCK1G2_7_B1,ALL,1,-5.9241,4,12
2022-09-01T10:45:00-00:00,2022-09-01T11:00:00-00:00,2022-09-01,04,KERCK1G2_7_B1,KERCK1G2_7_B1,KERCK1G2_7_B1,RTPD,MCC,LMP_CONG_PRC,KERCK1G2_7_B1,ALL,1,-1.39204,4,12
2022-09-01T11:45:00-00:00,2022-09-01T12:00:00-00:00,2022-09-01,05,KERCK1G2_7_B1,KERCK1G2_7_B1,KERCK1G2_7_B1,RTPD,MCC,LMP_CONG_PRC,KERCK1G2_7_B1,ALL,1,0,4,12
2022-09-01T12:45:00-00:00,2022-09-01T13:00:00-00:00,2022-09-01,06,KERCK1G2_7_B1,KERCK1G2_7_B1,KERCK1G2_7_B1,RTPD,MCC,LMP_CONG_PRC,KERCK1G2_7_B1,ALL,1,-2.68053,4,12
2022-09-01T13:45:00-00:00,2022-09-01T14:00:00-00:00,2022-09-01,07,KERCK1G2_7_B1,KERCK1G2_7_B1,KERCK1G2_7_B1,RTPD,MCC,LMP_CONG_PRC,KERCK1G2_7_B1,ALL,1,0,4,12
2022-09-01T14:45:00-00:00,2022-09-01T15:00:00-00:00,2022-09-01,08,KERCK1G2_7_B1,KERCK1G2_7_B1,KERCK1G2_7_B1,RTPD,MCC,LMP_CONG_PRC,KERCK1G2_7_B1,ALL,1,0,4,12
2022-09-01T15:45:00-00:00,2022-09-01T16:00:00-00:00,2022-09-01,09,KERCK1G2_7_B1,KERCK1G2_7_B1,KERCK1G2_7_B1,RTPD,MCC,LMP_CONG_PRC,KERCK1G2_7_B1,ALL,1,0,4,12
2022-09-01T16:45:00-00:00,2022-09-01T17:00:00-00:00,2022-09-01,10,KERCK1G2_7_B1,KERCK1G2_7_B1,KERCK1G2_7_B1,RTPD,MCC,LMP_CONG_PRC,KERCK1G2_7_B1,ALL,1,-13.92561,4,12
2022-09-01T17:45:00-00:00,2022-09-01T18:00:00-00:00,2022-09-01,11,KERCK1G2_7_B1,KERCK1G2_7_B1,KERCK1G2_7_B1,RTPD,MCC,LMP_CONG_PRC,KERCK1G2_7_B1,ALL,1,-22.51756,4,12
2022-09-01T18:45:00-00:00,2022-09-01T19:00:00-00:00,2022-09-01,12,KERCK1G2_7_B1,KERCK1G2_7_B1,KERCK1G2_7_B1,RTPD,MCC,LMP_CONG_PRC,KERCK1G2_7_B1,ALL,1,-30.67426,4,12
2022-09-01T19:45:00-00:00,2022-09-01T20:00:00-00:00,2022-09-01,13,KERCK1G2_7_B1,KERCK1G2_7_B1,KERCK1G2_7_B1,RTPD,MCC,LMP_CONG_PRC,KERCK1G2_7_B1,ALL,1,-15.35517,4,12
2022-09-01T20:45:00-00:00,2022-09-01T21:00:00-00:00,2022-09-01,14,KERCK1G2_7_B1,KERCK1G2_7_B1,KERCK1G2_7_B1,RTPD,MCC,LMP_CONG_PRC,KERCK1G2_7_B1,ALL,1,-31.65923,4,12
2022-09-01T21:45:00-00:00,2022-09-01T22:00:00-00:00,2022-09-01,15,KERCK1G2_7_B1,KERCK1G2_7_B1,KERCK1G2_7_B1,RTPD,MCC,LMP_CONG_PRC,KERCK1G2_7_B1,ALL,1,-99.90843,4,12
2022-09-01T22:45:00-00:00,2022-09-01T23:00:00-00:00,2022-09-01,16,KERCK1G2_7_B1,KERCK1G2_7_B1,KERCK1G2_7_B1,RTPD,MCC,LMP_CONG_PRC,KERCK1G2_7_B1,ALL,1,-286.46692,4,12
2022-09-01T23:45:00-00:00,2022-09-02T00:00:00-00:00,2022-09-01,17,KERCK1G2_7_B1,KERCK1G2_7_B1,KERCK1G2_7_B1,RTPD,MCC,LMP_CONG_PRC,KERCK1G2_7_B1,ALL,1,349.5858,4,12
2022-09-02T00:45:00-00:00,2022-09-02T01:00:00-00:00,2022-09-01,18,KERCK1G2_7_B1,KERCK1G2_7_B1,KERCK1G2_7_B1,RTPD,MCC,LMP_CONG_PRC,KERCK1G2_7_B1,ALL,1,251.41673,4,12
2022-09-02T01:45:00-00:00,2022-09-02T02:00:00-00:00,2022-09-01,19,KERCK1G2_7_B1,KERCK1G2_7_B1,KERCK1G2_7_B1,RTPD,MCC,LMP_CONG_PRC,KERCK1G2_7_B1,ALL,1,0,4,12
2022-09-02T02:45:00-00:00,2022-09-02T03:00:00-00:00,2022-09-01,20,KERCK1G2_7_B1,KERCK1G2_7_B1,KERCK1G2_7_B1,RTPD,MCC,LMP_CONG_PRC,KERCK1G2_7_B1,ALL,1,113.91646,4,12
2022-09-02T03:45:00-00:00,2022-09-02T04:00:00-00:00,2022-09-01,21,KERCK1G2_7_B1,KERCK1G2_7_B1,KERCK1G2_7_B1,RTPD,MCC,LMP_CONG_PRC,KERCK1G2_7_B1,ALL,1,16.47356,4,12
2022-09-02T04:45:00-00:00,2022-09-02T05:00:00-00:00,2022-09-01,22,KERCK1G2_7_B1,KERCK1G2_7_B1,KERCK1G2_7_B1,RTPD,MCC,LMP_CONG_PRC,KERCK1G2_7_B1,ALL,1,16.49435,4,12
2022-09-02T05:45:00-00:00,2022-09-02T06:00:00-00:00,2022-09-01,23,KERCK1G2_7_B1,KERCK1G2_7_B1,KERCK1G2_7_B1,RTPD,MCC,LMP_CONG_PRC,KERCK1G2_7_B1,ALL,1,191.0439,4,12
2022-09-02T06:45:00-00:00,2022-09-02T07:00:00-00:00,2022-09-01,24,KERCK1G2_7_B1,KERCK1G2_7_B1,KERCK1G2_7_B1,RTPD,MCC,LMP_CONG_PRC,KERCK1G2_7_B1,ALL,1,6.14318,4,12
2022-09-01T07:00:00-00:00,2022-09-01T07:15:00-00:00,2022-09-01,01,KERCK1G2_7_B1,KERCK1G2_7_B1,KERCK1G2_7_B1,RTPD,MCE,LMP_ENE_PRC,KERCK1G2_7_B1,ALL,1,104.23471,1,13
2022-09-01T08:00:00-00:00,2022-09-01T08:15:00-00:00,2022-09-01,02,KERCK1G2_7_B1,KERCK1G2_7_B1,KERCK1G2_7_B1,RTPD,MCE,LMP_ENE_PRC,KERCK1G2_7_B1,ALL,1,115.5488,1,13
2022-09-01T09:00:00-00:00,2022-09-01T09:15:00-00:00,2022-09-01,03,KERCK1G2_7_B1,KERCK1G2_7_B1,KERCK1G2_7_B1,RTPD,MCE,LMP_ENE_PRC,KERCK1G2_7_B1,ALL,1,99.73061,1,13
2022-09-01T10:00:00-00:00,2022-09-01T10:15:00-00:00,2022-09-01,04,KERCK1G2_7_B1,KERCK1G2_7_B1,KERCK1G2_7_B1,RTPD,MCE,LMP_ENE_PRC,KERCK1G2_7_B1,ALL,1,98.64222,1,13
2022-09-01T11:00:00-00:00,2022-09-01T11:15:00-00:00,2022-09-01,05,KERCK1G2_7_B1,KERCK1G2_7_B1,KERCK1G2_7_B1,RTPD,MCE,LMP_ENE_PRC,KERCK1G2_7_B1,ALL,1,102.56859,1,13
2022-09-01T12:00:00-00:00,2022-09-01T12:15:00-00:00,2022-09-01,06,KERCK1G2_7_B1,KERCK1G2_7_B1,KERCK1G2_7_B1,RTPD,MCE,LMP_ENE_PRC,KERCK1G2_7_B1,ALL,1,96.90845,1,13
2022-09-01T13:00:00-00:00,2022-09-01T13:15:00-00:00,2022-09-01,07,KERCK1G2_7_B1,KERCK1G2_7_B1,KERCK1G2_7_B1,RTPD,MCE,LMP_ENE_PRC,KERCK1G2_7_B1,ALL,1,101.80878,1,13
2022-09-01T14:00:00-00:00,2022-09-01T14:15:00-00:00,2022-09-01,08,KERCK1G2_7_B1,KERCK1G2_7_B1,KERCK1G2_7_B1,RTPD,MCE,LMP_ENE_PRC,KERCK1G2_7_B1,ALL,1,111.11219,1,13
2022-09-01T15:00:00-00:00,2022-09-01T15:15:00-00:00,2022-09-01,09,KERCK1G2_7_B1,KERCK1G2_7_B1,KERCK1G2_7_B1,RTPD,MCE,LMP_ENE_PRC,KERCK1G2_7_B1,ALL,1,97.4112,1,13
2022-09-01T16:00:00-00:00,2022-09-01T16:15:00-00:00,2022-09-01,10,KERCK1G2_7_B1,KERCK1G2_7_B1,KERCK1G2_7_B1,RTPD,MCE,LMP_ENE_PRC,KERCK1G2_7_B1,ALL,1,83.43525,1,13
2022-09-01T17:00:00-00:00,2022-09-01T17:15:00-00:00,2022-09-01,11,KERCK1G2_7_B1,KERCK1G2_7_B1,KERCK1G2_7_B1,RTPD,MCE,LMP_ENE_PRC,KERCK1G2_7_B1,ALL,1,96.94897,1,13
2022-09-01T18:00:00-00:00,2022-09-01T18:15:00-00:00,2022-09-01,12,KERCK1G2_7_B1,KERCK1G2_7_B1,KERCK1G2_7_B1,RTPD,MCE,LMP_ENE_PRC,KERCK1G2_7_B1,ALL,1,91.59291,1,13
2022-09-01T19:00:00-00:00,2022-09-01T19:15:00-00:00,2022-09-01,13,KERCK1G2_7_B1,KERCK1G2_7_B1,KERCK1G2_7_B1,RTPD,MCE,LMP_ENE_PRC,KERCK1G2_7_B1,ALL,1,109.19637,1,13
2022-09-01T20:00:00-00:00,2022-09-01T20:15:00-00:00,2022-09-01,14,KERCK1G2_7_B1,KERCK1G2_7_B1,KERCK1G2_7_B1,RTPD,MCE,LMP_ENE_PRC,KERCK1G2_7_B1,ALL,1,117.94359,1,13
2022-09-01T21:00:00-00:00,2022-09-01T21:15:00-00:00,2022-09-01,15,KERCK1G2_7_B1,KERCK1G2_7_B1,KERCK1G2_7_B1,RTPD,MCE,LMP_ENE_PRC,KERCK1G2_7_B1,ALL,1,226.61499,1,13
2022-09-01T22:00:00-00:00,2022-09-01T22:15:00-00:00,2022-09-01,16,KERCK1G2_7_B1,KERCK1G2_7_B1,KERCK1G2_7_B1,RTPD,MCE,LMP_ENE_PRC,KERCK1G2_7_B1,ALL,1,229.18552,1,13
2022-09-01T23:00:00-00:00,2022-09-01T23:15:00-00:00,2022-09-01,17,KERCK1G2_7_B1,KERCK1G2_7_B1,KERCK1G2_7_B1,RTPD,MCE,LMP_ENE_PRC,KERCK1G2_7_B1,ALL,1,386.7537,1,13
2022-09-02T00:00:00-00:00,2022-09-02T00:15:00-00:00,2022-09-01,18,KERCK1G2_7_B1,KERCK1G2_7_B1,KERCK1G2_7_B1,RTPD,MCE,LMP_ENE_PRC,KERCK1G2_7_B1,ALL,1,770.58136,1,13
2022-09-02T01:00:00-00:00,2022-09-02T01:15:00-00:00,2022-09-01,19,KERCK1G2_7_B1,KERCK1G2_7_B1,KERCK1G2_7_B1,RTPD,MCE,LMP_ENE_PRC,KERCK1G2_7_B1,ALL,1,916.27124,1,13
2022-09-02T02:00:00-00:00,2022-09-02T02:15:00-00:00,2022-09-01,20,KERCK1G2_7_B1,KERCK1G2_7_B1,KERCK1G2_7_B1,RTPD,MCE,LMP_ENE_PRC,KERCK1G2_7_B1,ALL,1,1991.6721,1,13
2022-09-02T03:00:00-00:00,2022-09-02T03:15:00-00:00,2022-09-01,21,KERCK1G2_7_B1,KERCK1G2_7_B1,KERCK1G2_7_B1,RTPD,MCE,LMP_ENE_PRC,KERCK1G2_7_B1,ALL,1,917.5508,1,13
2022-09-02T04:00:00-00:00,2022-09-02T04:15:00-00:00,2022-09-01,22,KERCK1G2_7_B1,KERCK1G2_7_B1,KERCK1G2_7_B1,RTPD,MCE,LMP_ENE_PRC,KERCK1G2_7_B1,ALL,1,257.83005,1,13
2022-09-02T05:00:00-00:00,2022-09-02T05:15:00-00:00,2022-09-01,23,KERCK1G2_7_B1,KERCK1G2_7_B1,KERCK1G2_7_B1,RTPD,MCE,LMP_ENE_PRC,KERCK1G2_7_B1,ALL,1,183.24657,1,13
2022-09-02T06:00:00-00:00,2022-09-02T06:15:00-00:00,2022-09-01,24,KERCK1G2_7_B1,KERCK1G2_7_B1,KERCK1G2_7_B1,RTPD,MCE,LMP_ENE_PRC,KERCK1G2_7_B1,ALL,1,158.867,1,13
2022-09-01T07:15:00-00:00,2022-09-01T07:30:00-00:00,2022-09-01,01,KERCK1G2_7_B1,KERCK1G2_7_B1,KERCK1G2_7_B1,RTPD,MCE,LMP_ENE_PRC,KERCK1G2_7_B1,ALL,1,125.55144,2,13
2022-09-01T08:15:00-00:00,2022-09-01T08:30:00-00:00,2022-09-01,02,KERCK1G2_7_B1,KERCK1G2_7_B1,KERCK1G2_7_B1,RTPD,MCE,LMP_ENE_PRC,KERCK1G2_7_B1,ALL,1,115.53165,2,13
2022-09-01T09:15:00-00:00,2022-09-01T09:30:00-00:00,2022-09-01,03,KERCK1G2_7_B1,KERCK1G2_7_B1,KERCK1G2_7_B1,RTPD,MCE,LMP_ENE_PRC,KERCK1G2_7_B1,ALL,1,98.30543,2,13
2022-09-01T10:15:00-00:00,2022-09-01T10:30:00-00:00,2022-09-01,04,KERCK1G2_7_B1,KERCK1G2_7_B1,KERCK1G2_7_B1,RTPD,MCE,LMP_ENE_PRC,KERCK1G2_7_B1,ALL,1,97.00684,2,13
2022-09-01T11:15:00-00:00,2022-09-01T11:30:00-00:00,2022-09-01,05,KERCK1G2_7_B1,KERCK1G2_7_B1,KERCK1G2_7_B1,RTPD,MCE,LMP_ENE_PRC,KERCK1G2_7_B1,ALL,1,103.09059,2,13
2022-09-01T12:15:00-00:00,2022-09-01T12:30:00-00:00,2022-09-01,06,KERCK1G2_7_B1,KERCK1G2_7_B1,KERCK1G2_7_B1,RTPD,MCE,LMP_ENE_PRC,KERCK1G2_7_B1,ALL,1,109.32203,2,13
2022-09-01T13:15:00-00:00,2022-09-01T13:30:00-00:00,2022-09-01,07,KERCK1G2_7_B1,KERCK1G2_7_B1,KERCK1G2_7_B1,RTPD,MCE,LMP_ENE_PRC,KERCK1G2_7_B1,ALL,1,110.97827,2,13
2022-09-01T14:15:00-00:00,2022-09-01T14:30:00-00:00,2022-09-01,08,KERCK1G2_7_B1,KERCK1G2_7_B1,KERCK1G2_7_B1,RTPD,MCE,LMP_ENE_PRC,KERCK1G2_7_B1,ALL,1,104.78743,2,13
2022-09-01T15:15:00-00:00,2022-09-01T15:30:00-00:00,2022-09-01,09,KERCK1G2_7_B1,KERCK1G2_7_B1,KERCK1G2_7_B1,RTPD,MCE,LMP_ENE_PRC,KERCK1G2_7_B1,ALL,1,86.9388,2,13
2022-09-01T16:15:00-00:00,2022-09-01T16:30:00-00:00,2022-09-01,10,KERCK1G2_7_B1,KERCK1G2_7_B1,KERCK1G2_7_B1,RTPD,MCE,LMP_ENE_PRC,KERCK1G2_7_B1,ALL,1,89.44858,2,13
2022-09-01T17:15:00-00:00,2022-09-01T17:30:00-00:00,2022-09-01,11,KERCK1G2_7_B1,KERCK1G2_7_B1,KERCK1G2_7_B1,RTPD,MCE,LMP_ENE_PRC,KERCK1G2_7_B1,ALL,1,99.34673,2,13
2022-09-01T18:15:00-00:00,2022-09-01T18:30:00-00:00,2022-09-01,12,KERCK1G2_7_B1,KERCK1G2_7_B1,KERCK1G2_7_B1,RTPD,MCE,LMP_ENE_PRC,KERCK1G2_7_B1,ALL,1,101.15901,2,13
2022-09-01T19:15:00-00:00,2022-09-01T19:30:00-00:00,2022-09-01,13,KERCK1G2_7_B1,KERCK1G2_7_B1,KERCK1G2_7_B1,RTPD,MCE,LMP_ENE_PRC,KERCK1G2_7_B1,ALL,1,105.30588,2,13
2022-09-01T20:15:00-00:00,2022-09-01T20:30:00-00:00,2022-09-01,14,KERCK1G2_7_B1,KERCK1G2_7_B1,KERCK1G2_7_B1,RTPD,MCE,LMP_ENE_PRC,KERCK1G2_7_B1,ALL,1,117.49421,2,13
2022-09-01T21:15:00-00:00,2022-09-01T21:30:00-00:00,2022-09-01,15,KERCK1G2_7_B1,KERCK1G2_7_B1,KERCK1G2_7_B1,RTPD,MCE,LMP_ENE_PRC,KERCK1G2_7_B1,ALL,1,147.21185,2,13
2022-09-01T22:15:00-00:00,2022-09-01T22:30:00-00:00,2022-09-01,16,KERCK1G2_7_B1,KERCK1G2_7_B1,KERCK1G2_7_B1,RTPD,MCE,LMP_ENE_PRC,KERCK1G2_7_B1,ALL,1,256.58734,2,13
2022-09-01T23:15:00-00:00,2022-09-01T23:30:00-00:00,2022-09-01,17,KERCK1G2_7_B1,KERCK1G2_7_B1,KERCK1G2_7_B1,RTPD,MCE,LMP_ENE_PRC,KERCK1G2_7_B1,ALL,1,362.12408,2,13
2022-09-02T00:15:00-00:00,2022-09-02T00:30:00-00:00,2022-09-01,18,KERCK1G2_7_B1,KERCK1G2_7_B1,KERCK1G2_7_B1,RTPD,MCE,LMP_ENE_PRC,KERCK1G2_7_B1,ALL,1,691.2182,2,13
2022-09-02T01:15:00-00:00,2022-09-02T01:30:00-00:00,2022-09-01,19,KERCK1G2_7_B1,KERCK1G2_7_B1,KERCK1G2_7_B1,RTPD,MCE,LMP_ENE_PRC,KERCK1G2_7_B1,ALL,1,1999.9933,2,13
2022-09-02T02:15:00-00:00,2022-09-02T02:30:00-00:00,2022-09-01,20,KERCK1G2_7_B1,KERCK1G2_7_B1,KERCK1G2_7_B1,RTPD,MCE,LMP_ENE_PRC,KERCK1G2_7_B1,ALL,1,1991.6721,2,13
2022-09-02T03:15:00-00:00,2022-09-02T03:30:00-00:00,2022-09-01,21,KERCK1G2_7_B1,KERCK1G2_7_B1,KERCK1G2_7_B1,RTPD,MCE,LMP_ENE_PRC,KERCK1G2_7_B1,ALL,1,400.52884,2,13
2022-09-02T04:15:00-00:00,2022-09-02T04:30:00-00:00,2022-09-01,22,KERCK1G2_7_B1,KERCK1G2_7_B1,KERCK1G2_7_B1,RTPD,MCE,LMP_ENE_PRC,KERCK1G2_7_B1,ALL,1,224.75041,2,13
2022-09-02T05:15:00-00:00,2022-09-02T05:30:00-00:00,2022-09-01,23,KERCK1G2_7_B1,KERCK1G2_7_B1,KERCK1G2_7_B1,RTPD,MCE,LMP_ENE_PRC,KERCK1G2_7_B1,ALL,1,157.11986,2,13
2022-09-02T06:15:00-00:00,2022-09-02T06:30:00-00:00,2022-09-01,24,KERCK1G2_7_B1,KERCK1G2_7_B1,KERCK1G2_7_B1,RTPD,MCE,LMP_ENE_PRC,KERCK1G2_7_B1,ALL,1,143.1005,2,13
2022-09-01T07:30:00-00:00,2022-09-01T07:45:00-00:00,2022-09-01,01,KERCK1G2_7_B1,KERCK1G2_7_B1,KERCK1G2_7_B1,RTPD,MCE,LMP_ENE_PRC,KERCK1G2_7_B1,ALL,1,119.03196,3,13
2022-09-01T08:30:00-00:00,2022-09-01T08:45:00-00:00,2022-09-01,02,KERCK1G2_7_B1,KERCK1G2_7_B1,KERCK1G2_7_B1,RTPD,MCE,LMP_ENE_PRC,KERCK1G2_7_B1,ALL,1,111.11241,3,13
2022-09-01T09:30:00-00:00,2022-09-01T09:45:00-00:00,2022-09-01,03,KERCK1G2_7_B1,KERCK1G2_7_B1,KERCK1G2_7_B1,RTPD,MCE,LMP_ENE_PRC,KERCK1G2_7_B1,ALL,1,98.16228,3,13
2022-09-01T10:30:00-00:00,2022-09-01T10:45:00-00:00,2022-09-01,04,KERCK1G2_7_B1,KERCK1G2_7_B1,KERCK1G2_7_B1,RTPD,MCE,LMP_ENE_PRC,KERCK1G2_7_B1,ALL,1,96.36226,3,13
2022-09-01T11:30:00-00:00,2022-09-01T11:45:00-00:00,2022-09-01,05,KERCK1G2_7_B1,KERCK1G2_7_B1,KERCK1G2_7_B1,RTPD,MCE,LMP_ENE_PRC,KERCK1G2_7_B1,ALL,1,103.06198,3,13
2022-09-01T12:30:00-00:00,2022-09-01T12:45:00-00:00,2022-09-01,06,KERCK1G2_7_B1,KERCK1G2_7_B1,KERCK1G2_7_B1,RTPD,MCE,LMP_ENE_PRC,KERCK1G2_7_B1,ALL,1,113.57403,3,13
2022-09-01T13:30:00-00:00,2022-09-01T13:45:00-00:00,2022-09-01,07,KERCK1G2_7_B1,KERCK1G2_7_B1,KERCK1G2_7_B1,RTPD,MCE,LMP_ENE_PRC,KERCK1G2_7_B1,ALL,1,111.52025,3,13
2022-09-01T14:30:00-00:00,2022-09-01T14:45:00-00:00,2022-09-01,08,KERCK1G2_7_B1,KERCK1G2_7_B1,KERCK1G2_7_B1,RTPD,MCE,LMP_ENE_PRC,KERCK1G2_7_B1,ALL,1,101.83428,3,13
2022-09-01T15:30:00-00:00,2022-09-01T15:45:00-00:00,2022-09-01,09,KERCK1G2_7_B1,KERCK1G2_7_B1,KERCK1G2_7_B1,RTPD,MCE,LMP_ENE_PRC,KERCK1G2_7_B1,ALL,1,86.1388,3,13
2022-09-01T16:30:00-00:00,2022-09-01T16:45:00-00:00,2022-09-01,10,KERCK1G2_7_B1,KERCK1G2_7_B1,KERCK1G2_7_B1,RTPD,MCE,LMP_ENE_PRC,KERCK1G2_7_B1,ALL,1,88.79644,3,13
2022-09-01T17:30:00-00:00,2022-09-01T17:45:00-00:00,2022-09-01,11,KERCK1G2_7_B1,KERCK1G2_7_B1,KERCK1G2_7_B1,RTPD,MCE,LMP_ENE_PRC,KERCK1G2_7_B1,ALL,1,99.13013,3,13
2022-09-01T18:30:00-00:00,2022-09-01T18:45:00-00:00,2022-09-01,12,KERCK1G2_7_B1,KERCK1G2_7_B1,KERCK1G2_7_B1,RTPD,MCE,LMP_ENE_PRC,KERCK1G2_7_B1,ALL,1,107.05718,3,13
2022-09-01T19:30:00-00:00,2022-09-01T19:45:00-00:00,2022-09-01,13,KERCK1G2_7_B1,KERCK1G2_7_B1,KERCK1G2_7_B1,RTPD,MCE,LMP_ENE_PRC,KERCK1G2_7_B1,ALL,1,114.05905,3,13
2022-09-01T20:30:00-00:00,2022-09-01T20:45:00-00:00,2022-09-01,14,KERCK1G2_7_B1,KERCK1G2_7_B1,KERCK1G2_7_B1,RTPD,MCE,LMP_ENE_PRC,KERCK1G2_7_B1,ALL,1,129.81606,3,13
2022-09-01T21:30:00-00:00,2022-09-01T21:45:00-00:00,2022-09-01,15,KERCK1G2_7_B1,KERCK1G2_7_B1,KERCK1G2_7_B1,RTPD,MCE,LMP_ENE_PRC,KERCK1G2_7_B1,ALL,1,152.93057,3,13
2022-09-01T22:30:00-00:00,2022-09-01T22:45:00-00:00,2022-09-01,16,KERCK1G2_7_B1,KERCK1G2_7_B1,KERCK1G2_7_B1,RTPD,MCE,LMP_ENE_PRC,KERCK1G2_7_B1,ALL,1,283.18182,3,13
2022-09-01T23:30:00-00:00,2022-09-01T23:45:00-00:00,2022-09-01,17,KERCK1G2_7_B1,KERCK1G2_7_B1,KERCK1G2_7_B1,RTPD,MCE,LMP_ENE_PRC,KERCK1G2_7_B1,ALL,1,566.48157,3,13
2022-09-02T00:30:00-00:00,2022-09-02T00:45:00-00:00,2022-09-01,18,KERCK1G2_7_B1,KERCK1G2_7_B1,KERCK1G2_7_B1,RTPD,MCE,LMP_ENE_PRC,KERCK1G2_7_B1,ALL,1,1329.1127,3,13
2022-09-02T01:30:00-00:00,2022-09-02T01:45:00-00:00,2022-09-01,19,KERCK1G2_7_B1,KERCK1G2_7_B1,KERCK1G2_7_B1,RTPD,MCE,LMP_ENE_PRC,KERCK1G2_7_B1,ALL,1,1999.9956,3,13
2022-09-02T02:30:00-00:00,2022-09-02T02:45:00-00:00,2022-09-01,20,KERCK1G2_7_B1,KERCK1G2_7_B1,KERCK1G2_7_B1,RTPD,MCE,LMP_ENE_PRC,KERCK1G2_7_B1,ALL,1,1991.671,3,13
2022-09-02T03:30:00-00:00,2022-09-02T03:45:00-00:00,2022-09-01,21,KERCK1G2_7_B1,KERCK1G2_7_B1,KERCK1G2_7_B1,RTPD,MCE,LMP_ENE_PRC,KERCK1G2_7_B1,ALL,1,186.61823,3,13
2022-09-02T04:30:00-00:00,2022-09-02T04:45:00-00:00,2022-09-01,22,KERCK1G2_7_B1,KERCK1G2_7_B1,KERCK1G2_7_B1,RTPD,MCE,LMP_ENE_PRC,KERCK1G2_7_B1,ALL,1,180.67824,3,13
2022-09-02T05:30:00-00:00,2022-09-02T05:45:00-00:00,2022-09-01,23,KERCK1G2_7_B1,KERCK1G2_7_B1,KERCK1G2_7_B1,RTPD,MCE,LMP_ENE_PRC,KERCK1G2_7_B1,ALL,1,131.69917,3,13
2022-09-02T06:30:00-00:00,2022-09-02T06:45:00-00:00,2022-09-01,24,KERCK1G2_7_B1,KERCK1G2_7_B1,KERCK1G2_7_B1,RTPD,MCE,LMP_ENE_PRC,KERCK1G2_7_B1,ALL,1,128.9871,3,13
2022-09-01T07:45:00-00:00,2022-09-01T08:00:00-00:00,2022-09-01,01,KERCK1G2_7_B1,KERCK1G2_7_B1,KERCK1G2_7_B1,RTPD,MCE,LMP_ENE_PRC,KERCK1G2_7_B1,ALL,1,109.12099,4,13
2022-09-01T08:45:00-00:00,2022-09-01T09:00:00-00:00,2022-09-01,02,KERCK1G2_7_B1,KERCK1G2_7_B1,KERCK1G2_7_B1,RTPD,MCE,LMP_ENE_PRC,KERCK1G2_7_B1,ALL,1,98.7357,4,13
2022-09-01T09:45:00-00:00,2022-09-01T10:00:00-00:00,2022-09-01,03,KERCK1G2_7_B1,KERCK1G2_7_B1,KERCK1G2_7_B1,RTPD,MCE,LMP_ENE_PRC,KERCK1G2_7_B1,ALL,1,97.50475,4,13
2022-09-01T10:45:00-00:00,2022-09-01T11:00:00-00:00,2022-09-01,04,KERCK1G2_7_B1,KERCK1G2_7_B1,KERCK1G2_7_B1,RTPD,MCE,LMP_ENE_PRC,KERCK1G2_7_B1,ALL,1,94.71966,4,13
2022-09-01T11:45:00-00:00,2022-09-01T12:00:00-00:00,2022-09-01,05,KERCK1G2_7_B1,KERCK1G2_7_B1,KERCK1G2_7_B1,RTPD,MCE,LMP_ENE_PRC,KERCK1G2_7_B1,ALL,1,107.01,4,13
2022-09-01T12:45:00-00:00,2022-09-01T13:00:00-00:00,2022-09-01,06,KERCK1G2_7_B1,KERCK1G2_7_B1,KERCK1G2_7_B1,RTPD,MCE,LMP_ENE_PRC,KERCK1G2_7_B1,ALL,1,116.4848,4,13
2022-09-01T13:45:00-00:00,2022-09-01T14:00:00-00:00,2022-09-01,07,KERCK1G2_7_B1,KERCK1G2_7_B1,KERCK1G2_7_B1,RTPD,MCE,LMP_ENE_PRC,KERCK1G2_7_B1,ALL,1,111.41,4,13
2022-09-01T14:45:00-00:00,2022-09-01T15:00:00-00:00,2022-09-01,08,KERCK1G2_7_B1,KERCK1G2_7_B1,KERCK1G2_7_B1,RTPD,MCE,LMP_ENE_PRC,KERCK1G2_7_B1,ALL,1,86.1388,4,13
2022-09-01T15:45:00-00:00,2022-09-01T16:00:00-00:00,2022-09-01,09,KERCK1G2_7_B1,KERCK1G2_7_B1,KERCK1G2_7_B1,RTPD,MCE,LMP_ENE_PRC,KERCK1G2_7_B1,ALL,1,78.70076,4,13
2022-09-01T16:45:00-00:00,2022-09-01T17:00:00-00:00,2022-09-01,10,KERCK1G2_7_B1,KERCK1G2_7_B1,KERCK1G2_7_B1,RTPD,MCE,LMP_ENE_PRC,KERCK1G2_7_B1,ALL,1,91.24933,4,13
2022-09-01T17:45:00-00:00,2022-09-01T18:00:00-00:00,2022-09-01,11,KERCK1G2_7_B1,KERCK1G2_7_B1,KERCK1G2_7_B1,RTPD,MCE,LMP_ENE_PRC,KERCK1G2_7_B1,ALL,1,99.20544,4,13
2022-09-01T18:45:00-00:00,2022-09-01T19:00:00-00:00,2022-09-01,12,KERCK1G2_7_B1,KERCK1G2_7_B1,KERCK1G2_7_B1,RTPD,MCE,LMP_ENE_PRC,KERCK1G2_7_B1,ALL,1,109.04064,4,13
2022-09-01T19:45:00-00:00,2022-09-01T20:00:00-00:00,2022-09-01,13,KERCK1G2_7_B1,KERCK1G2_7_B1,KERCK1G2_7_B1,RTPD,MCE,LMP_ENE_PRC,KERCK1G2_7_B1,ALL,1,120.22491,4,13
2022-09-01T20:45:00-00:00,2022-09-01T21:00:00-00:00,2022-09-01,14,KERCK1G2_7_B1,KERCK1G2_7_B1,KERCK1G2_7_B1,RTPD,MCE,LMP_ENE_PRC,KERCK1G2_7_B1,ALL,1,154.02509,4,13
2022-09-01T21:45:00-00:00,2022-09-01T22:00:00-00:00,2022-09-01,15,KERCK1G2_7_B1,KERCK1G2_7_B1,KERCK1G2_7_B1,RTPD,MCE,LMP_ENE_PRC,KERCK1G2_7_B1,ALL,1,300.29376,4,13
2022-09-01T22:45:00-00:00,2022-09-01T23:00:00-00:00,2022-09-01,16,KERCK1G2_7_B1,KERCK1G2_7_B1,KERCK1G2_7_B1,RTPD,MCE,LMP_ENE_PRC,KERCK1G2_7_B1,ALL,1,429.9137,4,13
2022-09-01T23:45:00-00:00,2022-09-02T00:00:00-00:00,2022-09-01,17,KERCK1G2_7_B1,KERCK1G2_7_B1,KERCK1G2_7_B1,RTPD,MCE,LMP_ENE_PRC,KERCK1G2_7_B1,ALL,1,1261.2124,4,13
2022-09-02T00:45:00-00:00,2022-09-02T01:00:00-00:00,2022-09-01,18,KERCK1G2_7_B1,KERCK1G2_7_B1,KERCK1G2_7_B1,RTPD,MCE,LMP_ENE_PRC,KERCK1G2_7_B1,ALL,1,1519.149,4,13
2022-09-02T01:45:00-00:00,2022-09-02T02:00:00-00:00,2022-09-01,19,KERCK1G2_7_B1,KERCK1G2_7_B1,KERCK1G2_7_B1,RTPD,MCE,LMP_ENE_PRC,KERCK1G2_7_B1,ALL,1,1991.9337,4,13
2022-09-02T02:45:00-00:00,2022-09-02T03:00:00-00:00,2022-09-01,20,KERCK1G2_7_B1,KERCK1G2_7_B1,KERCK1G2_7_B1,RTPD,MCE,LMP_ENE_PRC,KERCK1G2_7_B1,ALL,1,1629.6213,4,13
2022-09-02T03:45:00-00:00,2022-09-02T04:00:00-00:00,2022-09-01,21,KERCK1G2_7_B1,KERCK1G2_7_B1,KERCK1G2_7_B1,RTPD,MCE,LMP_ENE_PRC,KERCK1G2_7_B1,ALL,1,141.13702,4,13
2022-09-02T04:45:00-00:00,2022-09-02T05:00:00-00:00,2022-09-01,22,KERCK1G2_7_B1,KERCK1G2_7_B1,KERCK1G2_7_B1,RTPD,MCE,LMP_ENE_PRC,KERCK1G2_7_B1,ALL,1,126.76372,4,13
2022-09-02T05:45:00-00:00,2022-09-02T06:00:00-00:00,2022-09-01,23,KERCK1G2_7_B1,KERCK1G2_7_B1,KERCK1G2_7_B1,RTPD,MCE,LMP_ENE_PRC,KERCK1G2_7_B1,ALL,1,119.00958,4,13
2022-09-02T06:45:00-00:00,2022-09-02T07:00:00-00:00,2022-09-01,24,KERCK1G2_7_B1,KERCK1G2_7_B1,KERCK1G2_7_B1,RTPD,MCE,LMP_ENE_PRC,KERCK1G2_7_B1,ALL,1,109.20324,4,13
2022-09-01T07:00:00-00:00,2022-09-01T07:15:00-00:00,2022-09-01,01,KERCK1G2_7_B1,KERCK1G2_7_B1,KERCK1G2_7_B1,RTPD,MCL,LMP_LOSS_PRC,KERCK1G2_7_B1,ALL,1,3.61694,1,14
2022-09-01T08:00:00-00:00,2022-09-01T08:15:00-00:00,2022-09-01,02,KERCK1G2_7_B1,KERCK1G2_7_B1,KERCK1G2_7_B1,RTPD,MCL,LMP_LOSS_PRC,KERCK1G2_7_B1,ALL,1,0,1,14
2022-09-01T09:00:00-00:00,2022-09-01T09:15:00-00:00,2022-09-01,03,KERCK1G2_7_B1,KERCK1G2_7_B1,KERCK1G2_7_B1,RTPD,MCL,LMP_LOSS_PRC,KERCK1G2_7_B1,ALL,1,13.14449,1,14
2022-09-01T10:00:00-00:00,2022-09-01T10:15:00-00:00,2022-09-01,04,KERCK1G2_7_B1,KERCK1G2_7_B1,KERCK1G2_7_B1,RTPD,MCL,LMP_LOSS_PRC,KERCK1G2_7_B1,ALL,1,9.8149,1,14
2022-09-01T11:00:00-00:00,2022-09-01T11:15:00-00:00,2022-09-01,05,KERCK1G2_7_B1,KERCK1G2_7_B1,KERCK1G2_7_B1,RTPD,MCL,LMP_LOSS_PRC,KERCK1G2_7_B1,ALL,1,11.92873,1,14
2022-09-01T12:00:00-00:00,2022-09-01T12:15:00-00:00,2022-09-01,06,KERCK1G2_7_B1,KERCK1G2_7_B1,KERCK1G2_7_B1,RTPD,MCL,LMP_LOSS_PRC,KERCK1G2_7_B1,ALL,1,11.59025,1,14
2022-09-01T13:00:00-00:00,2022-09-01T13:15:00-00:00,2022-09-01,07,KERCK1G2_7_B1,KERCK1G2_7_B1,KERCK1G2_7_B1,RTPD,MCL,LMP_LOSS_PRC,KERCK1G2_7_B1,ALL,1,0,1,14
2022-09-01T14:00:00-00:00,2022-09-01T14:15:00-00:00,2022-09-01,08,KERCK1G2_7_B1,KERCK1G2_7_B1,KERCK1G2_7_B1,RTPD,MCL,LMP_LOSS_PRC,KERCK1G2_7_B1,ALL,1,12.2779,1,14
2022-09-01T15:00:00-00:00,2022-09-01T15:15:00-00:00,2022-09-01,09,KERCK1G2_7_B1,KERCK1G2_7_B1,KERCK1G2_7_B1,RTPD,MCL,LMP_LOSS_PRC,KERCK1G2_7_B1,ALL,1,0,1,14
2022-09-01T16:00:00-00:00,2022-09-01T16:15:00-00:00,2022-09-01,10,KERCK1G2_7_B1,KERCK1G2_7_B1,KERCK1G2_7_B1,RTPD,MCL,LMP_LOSS_PRC,KERCK1G2_7_B1,ALL,1,0,1,14
2022-09-01T17:00:00-00:00,2022-09-01T17:15:00-00:00,2022-09-01,11,KERCK1G2_7_B1,KERCK1G2_7_B1,KERCK1G2_7_B1,RTPD,MCL,LMP_LOSS_PRC,KERCK1G2_7_B1,ALL,1,0,1,14
2022-09-01T18:00:00-00:00,2022-09-01T18:15:00-00:00,2022-09-01,12,KERCK1G2_7_B1,KERCK1G2_7_B1,KERCK1G2_7_B1,RTPD,MCL,LMP_LOSS_PRC,KERCK1G2_7_B1,ALL,1,0,1,14
2022-09-01T19:00:00-00:00,2022-09-01T19:15:00-00:00,2022-09-01,13,KERCK1G2_7_B1,KERCK1G2_7_B1,KERCK1G2_7_B1,RTPD,MCL,LMP_LOSS_PRC,KERCK1G2_7_B1,ALL,1,0,1,14
2022-09-01T20:00:00-00:00,2022-09-01T20:15:00-00:00,2022-09-01,14,KERCK1G2_7_B1,KERCK1G2_7_B1,KERCK1G2_7_B1,RTPD,MCL,LMP_LOSS_PRC,KERCK1G2_7_B1,ALL,1,0,1,14
2022-09-01T21:00:00-00:00,2022-09-01T21:15:00-00:00,2022-09-01,15,KERCK1G2_7_B1,KERCK1G2_7_B1,KERCK1G2_7_B1,RTPD,MCL,LMP_LOSS_PRC,KERCK1G2_7_B1,ALL,1,0,1,14
2022-09-01T22:00:00-00:00,2022-09-01T22:15:00-00:00,2022-09-01,16,KERCK1G2_7_B1,KERCK1G2_7_B1,KERCK1G2_7_B1,RTPD,MCL,LMP_LOSS_PRC,KERCK1G2_7_B1,ALL,1,0,1,14
2022-09-01T23:00:00-00:00,2022-09-01T23:15:00-00:00,2022-09-01,17,KERCK1G2_7_B1,KERCK1G2_7_B1,KERCK1G2_7_B1,RTPD,MCL,LMP_LOSS_PRC,KERCK1G2_7_B1,ALL,1,0,1,14
2022-09-02T00:00:00-00:00,2022-09-02T00:15:00-00:00,2022-09-01,18,KERCK1G2_7_B1,KERCK1G2_7_B1,KERCK1G2_7_B1,RTPD,MCL,LMP_LOSS_PRC,KERCK1G2_7_B1,ALL,1,31.82501,1,14
2022-09-02T01:00:00-00:00,2022-09-02T01:15:00-00:00,2022-09-01,19,KERCK1G2_7_B1,KERCK1G2_7_B1,KERCK1G2_7_B1,RTPD,MCL,LMP_LOSS_PRC,KERCK1G2_7_B1,ALL,1,0,1,14
2022-09-02T02:00:00-00:00,2022-09-02T02:15:00-00:00,2022-09-01,20,KERCK1G2_7_B1,KERCK1G2_7_B1,KERCK1G2_7_B1,RTPD,MCL,LMP_LOSS_PRC,KERCK1G2_7_B1,ALL,1,0,1,14
2022-09-02T03:00:00-00:00,2022-09-02T03:15:00-00:00,2022-09-01,21,KERCK1G2_7_B1,KERCK1G2_7_B1,KERCK1G2_7_B1,RTPD,MCL,LMP_LOSS_PRC,KERCK1G2_7_B1,ALL,1,160.66315,1,14
2022-09-02T04:00:00-00:00,2022-09-02T04:15:00-00:00,2022-09-01,22,KERCK1G2_7_B1,KERCK1G2_7_B1,KERCK1G2_7_B1,RTPD,MCL,LMP_LOSS_PRC,KERCK1G2_7_B1,ALL,1,54.65997,1,14
2022-09-02T05:00:00-00:00,2022-09-02T05:15:00-00:00,2022-09-01,23,KERCK1G2_7_B1,KERCK1G2_7_B1,KERCK1G2_7_B1,RTPD,MCL,LMP_LOSS_PRC,KERCK1G2_7_B1,ALL,1,24.18855,1,14
2022-09-02T06:00:00-00:00,2022-09-02T06:15:00-00:00,2022-09-01,24,KERCK1G2_7_B1,KERCK1G2_7_B1,KERCK1G2_7_B1,RTPD,MCL,LMP_LOSS_PRC,KERCK1G2_7_B1,ALL,1,19.25468,1,14
2022-09-01T07:15:00-00:00,2022-09-01T07:30:00-00:00,2022-09-01,01,KERCK1G2_7_B1,KERCK1G2_7_B1,KERCK1G2_7_B1,RTPD,MCL,LMP_LOSS_PRC,KERCK1G2_7_B1,ALL,1,0,2,14
2022-09-01T08:15:00-00:00,2022-09-01T08:30:00-00:00,2022-09-01,02,KERCK1G2_7_B1,KERCK1G2_7_B1,KERCK1G2_7_B1,RTPD,MCL,LMP_LOSS_PRC,KERCK1G2_7_B1,ALL,1,0,2,14
2022-09-01T09:15:00-00:00,2022-09-01T09:30:00-00:00,2022-09-01,03,KERCK1G2_7_B1,KERCK1G2_7_B1,KERCK1G2_7_B1,RTPD,MCL,LMP_LOSS_PRC,KERCK1G2_7_B1,ALL,1,12.57326,2,14
2022-09-01T10:15:00-00:00,2022-09-01T10:30:00-00:00,2022-09-01,04,KERCK1G2_7_B1,KERCK1G2_7_B1,KERCK1G2_7_B1,RTPD,MCL,LMP_LOSS_PRC,KERCK1G2_7_B1,ALL,1,9.885,2,14
2022-09-01T11:15:00-00:00,2022-09-01T11:30:00-00:00,2022-09-01,05,KERCK1G2_7_B1,KERCK1G2_7_B1,KERCK1G2_7_B1,RTPD,MCL,LMP_LOSS_PRC,KERCK1G2_7_B1,ALL,1,11.90696,2,14
2022-09-01T12:15:00-00:00,2022-09-01T12:30:00-00:00,2022-09-01,06,KERCK1G2_7_B1,KERCK1G2_7_B1,KERCK1G2_7_B1,RTPD,MCL,LMP_LOSS_PRC,KERCK1G2_7_B1,ALL,1,14.01508,2,14
2022-09-01T13:15:00-00:00,2022-09-01T13:30:00-00:00,2022-09-01,07,KERCK1G2_7_B1,KERCK1G2_7_B1,KERCK1G2_7_B1,RTPD,MCL,LMP_LOSS_PRC,KERCK1G2_7_B1,ALL,1,7.97934,2,14
2022-09-01T14:15:00-00:00,2022-09-01T14:30:00-00:00,2022-09-01,08,KERCK1G2_7_B1,KERCK1G2_7_B1,KERCK1G2_7_B1,RTPD,MCL,LMP_LOSS_PRC,KERCK1G2_7_B1,ALL,1,10.31108,2,14
2022-09-01T15:15:00-00:00,2022-09-01T15:30:00-00:00,2022-09-01,09,KERCK1G2_7_B1,KERCK1G2_7_B1,KERCK1G2_7_B1,RTPD,MCL,LMP_LOSS_PRC,KERCK1G2_7_B1,ALL,1,0,2,14
2022-09-01T16:15:00-00:00,2022-09-01T16:30:00-00:00,2022-09-01,10,KERCK1G2_7_B1,KERCK1G2_7_B1,KERCK1G2_7_B1,RTPD,MCL,LMP_LOSS_PRC,KERCK1G2_7_B1,ALL,1,0,2,14
2022-09-01T17:15:00-00:00,2022-09-01T17:30:00-00:00,2022-09-01,11,KERCK1G2_7_B1,KERCK1G2_7_B1,KERCK1G2_7_B1,RTPD,MCL,LMP_LOSS_PRC,KERCK1G2_7_B1,ALL,1,0,2,14
2022-09-01T18:15:00-00:00,2022-09-01T18:30:00-00:00,2022-09-01,12,KERCK1G2_7_B1,KERCK1G2_7_B1,KERCK1G2_7_B1,RTPD,MCL,LMP_LOSS_PRC,KERCK1G2_7_B1,ALL,1,0,2,14
2022-09-01T19:15:00-00:00,2022-09-01T19:30:00-00:00,2022-09-01,13,KERCK1G2_7_B1,KERCK1G2_7_B1,KERCK1G2_7_B1,RTPD,MCL,LMP_LOSS_PRC,KERCK1G2_7_B1,ALL,1,0,2,14
2022-09-01T20:15:00-00:00,2022-09-01T20:30:00-00:00,2022-09-01,14,KERCK1G2_7_B1,KERCK1G2_7_B1,KERCK1G2_7_B1,RTPD,MCL,LMP_LOSS_PRC,KERCK1G2_7_B1,ALL,1,0,2,14
2022-09-01T21:15:00-00:00,2022-09-01T21:30:00-00:00,2022-09-01,15,KERCK1G2_7_B1,KERCK1G2_7_B1,KERCK1G2_7_B1,RTPD,MCL,LMP_LOSS_PRC,KERCK1G2_7_B1,ALL,1,0,2,14
2022-09-01T22:15:00-00:00,2022-09-01T22:30:00-00:00,2022-09-01,16,KERCK1G2_7_B1,KERCK1G2_7_B1,KERCK1G2_7_B1,RTPD,MCL,LMP_LOSS_PRC,KERCK1G2_7_B1,ALL,1,0,2,14
2022-09-01T23:15:00-00:00,2022-09-01T23:30:00-00:00,2022-09-01,17,KERCK1G2_7_B1,KERCK1G2_7_B1,KERCK1G2_7_B1,RTPD,MCL,LMP_LOSS_PRC,KERCK1G2_7_B1,ALL,1,0,2,14
2022-09-02T00:15:00-00:00,2022-09-02T00:30:00-00:00,2022-09-01,18,KERCK1G2_7_B1,KERCK1G2_7_B1,KERCK1G2_7_B1,RTPD,MCL,LMP_LOSS_PRC,KERCK1G2_7_B1,ALL,1,30.75921,2,14
2022-09-02T01:15:00-00:00,2022-09-02T01:30:00-00:00,2022-09-01,19,KERCK1G2_7_B1,KERCK1G2_7_B1,KERCK1G2_7_B1,RTPD,MCL,LMP_LOSS_PRC,KERCK1G2_7_B1,ALL,1,0,2,14
2022-09-02T02:15:00-00:00,2022-09-02T02:30:00-00:00,2022-09-01,20,KERCK1G2_7_B1,KERCK1G2_7_B1,KERCK1G2_7_B1,RTPD,MCL,LMP_LOSS_PRC,KERCK1G2_7_B1,ALL,1,0,2,14
2022-09-02T03:15:00-00:00,2022-09-02T03:30:00-00:00,2022-09-01,21,KERCK1G2_7_B1,KERCK1G2_7_B1,KERCK1G2_7_B1,RTPD,MCL,LMP_LOSS_PRC,KERCK1G2_7_B1,ALL,1,66.40768,2,14
2022-09-02T04:15:00-00:00,2022-09-02T04:30:00-00:00,2022-09-01,22,KERCK1G2_7_B1,KERCK1G2_7_B1,KERCK1G2_7_B1,RTPD,MCL,LMP_LOSS_PRC,KERCK1G2_7_B1,ALL,1,46.20868,2,14
2022-09-02T05:15:00-00:00,2022-09-02T05:30:00-00:00,2022-09-01,23,KERCK1G2_7_B1,KERCK1G2_7_B1,KERCK1G2_7_B1,RTPD,MCL,LMP_LOSS_PRC,KERCK1G2_7_B1,ALL,1,25.10775,2,14
2022-09-02T06:15:00-00:00,2022-09-02T06:30:00-00:00,2022-09-01,24,KERCK1G2_7_B1,KERCK1G2_7_B1,KERCK1G2_7_B1,RTPD,MCL,LMP_LOSS_PRC,KERCK1G2_7_B1,ALL,1,16.5138,2,14
2022-09-01T07:30:00-00:00,2022-09-01T07:45:00-00:00,2022-09-01,01,KERCK1G2_7_B1,KERCK1G2_7_B1,KERCK1G2_7_B1,RTPD,MCL,LMP_LOSS_PRC,KERCK1G2_7_B1,ALL,1,0,3,14
2022-09-01T08:30:00-00:00,2022-09-01T08:45:00-00:00,2022-09-01,02,KERCK1G2_7_B1,KERCK1G2_7_B1,KERCK1G2_7_B1,RTPD,MCL,LMP_LOSS_PRC,KERCK1G2_7_B1,ALL,1,13.90016,3,14
2022-09-01T09:30:00-00:00,2022-09-01T09:45:00-00:00,2022-09-01,03,KERCK1G2_7_B1,KERCK1G2_7_B1,KERCK1G2_7_B1,RTPD,MCL,LMP_LOSS_PRC,KERCK1G2_7_B1,ALL,1,12.35863,3,14
2022-09-01T10:30:00-00:00,2022-09-01T10:45:00-00:00,2022-09-01,04,KERCK1G2_7_B1,KERCK1G2_7_B1,KERCK1G2_7_B1,RTPD,MCL,LMP_LOSS_PRC,KERCK1G2_7_B1,ALL,1,9.59768,3,14
2022-09-01T11:30:00-00:00,2022-09-01T11:45:00-00:00,2022-09-01,05,KERCK1G2_7_B1,KERCK1G2_7_B1,KERCK1G2_7_B1,RTPD,MCL,LMP_LOSS_PRC,KERCK1G2_7_B1,ALL,1,12.08917,3,14
2022-09-01T12:30:00-00:00,2022-09-01T12:45:00-00:00,2022-09-01,06,KERCK1G2_7_B1,KERCK1G2_7_B1,KERCK1G2_7_B1,RTPD,MCL,LMP_LOSS_PRC,KERCK1G2_7_B1,ALL,1,13.32223,3,14
2022-09-01T13:30:00-00:00,2022-09-01T13:45:00-00:00,2022-09-01,07,KERCK1G2_7_B1,KERCK1G2_7_B1,KERCK1G2_7_B1,RTPD,MCL,LMP_LOSS_PRC,KERCK1G2_7_B1,ALL,1,8.02946,3,14
2022-09-01T14:30:00-00:00,2022-09-01T14:45:00-00:00,2022-09-01,08,KERCK1G2_7_B1,KERCK1G2_7_B1,KERCK1G2_7_B1,RTPD,MCL,LMP_LOSS_PRC,KERCK1G2_7_B1,ALL,1,9.3382,3,14
2022-09-01T15:30:00-00:00,2022-09-01T15:45:00-00:00,2022-09-01,09,KERCK1G2_7_B1,KERCK1G2_7_B1,KERCK1G2_7_B1,RTPD,MCL,LMP_LOSS_PRC,KERCK1G2_7_B1,ALL,1,0,3,14
2022-09-01T16:30:00-00:00,2022-09-01T16:45:00-00:00,2022-09-01,10,KERCK1G2_7_B1,KERCK1G2_7_B1,KERCK1G2_7_B1,RTPD,MCL,LMP_LOSS_PRC,KERCK1G2_7_B1,ALL,1,0,3,14
2022-09-01T17:30:00-00:00,2022-09-01T17:45:00-00:00,2022-09-01,11,KERCK1G2_7_B1,KERCK1G2_7_B1,KERCK1G2_7_B1,RTPD,MCL,LMP_LOSS_PRC,KERCK1G2_7_B1,ALL,1,0,3,14
2022-09-01T18:30:00-00:00,2022-09-01T18:45:00-00:00,2022-09-01,12,KERCK1G2_7_B1,KERCK1G2_7_B1,KERCK1G2_7_B1,RTPD,MCL,LMP_LOSS_PRC,KERCK1G2_7_B1,ALL,1,0,3,14
2022-09-01T19:30:00-00:00,2022-09-01T19:45:00-00:00,2022-09-01,13,KERCK1G2_7_B1,KERCK1G2_7_B1,KERCK1G2_7_B1,RTPD,MCL,LMP_LOSS_PRC,KERCK1G2_7_B1,ALL,1,0,3,14
2022-09-01T20:30:00-00:00,2022-09-01T20:45:00-00:00,2022-09-01,14,KERCK1G2_7_B1,KERCK1G2_7_B1,KERCK1G2_7_B1,RTPD,MCL,LMP_LOSS_PRC,KERCK1G2_7_B1,ALL,1,0,3,14
2022-09-01T21:30:00-00:00,2022-09-01T21:45:00-00:00,2022-09-01,15,KERCK1G2_7_B1,KERCK1G2_7_B1,KERCK1G2_7_B1,RTPD,MCL,LMP_LOSS_PRC,KERCK1G2_7_B1,ALL,1,0,3,14
2022-09-01T22:30:00-00:00,2022-09-01T22:45:00-00:00,2022-09-01,16,KERCK1G2_7_B1,KERCK1G2_7_B1,KERCK1G2_7_B1,RTPD,MCL,LMP_LOSS_PRC,KERCK1G2_7_B1,ALL,1,0,3,14
2022-09-01T23:30:00-00:00,2022-09-01T23:45:00-00:00,2022-09-01,17,KERCK1G2_7_B1,KERCK1G2_7_B1,KERCK1G2_7_B1,RTPD,MCL,LMP_LOSS_PRC,KERCK1G2_7_B1,ALL,1,0,3,14
2022-09-02T00:30:00-00:00,2022-09-02T00:45:00-00:00,2022-09-01,18,KERCK1G2_7_B1,KERCK1G2_7_B1,KERCK1G2_7_B1,RTPD,MCL,LMP_LOSS_PRC,KERCK1G2_7_B1,ALL,1,0,3,14
2022-09-02T01:30:00-00:00,2022-09-02T01:45:00-00:00,2022-09-01,19,KERCK1G2_7_B1,KERCK1G2_7_B1,KERCK1G2_7_B1,RTPD,MCL,LMP_LOSS_PRC,KERCK1G2_7_B1,ALL,1,0,3,14
2022-09-02T02:30:00-00:00,2022-09-02T02:45:00-00:00,2022-09-01,20,KERCK1G2_7_B1,KERCK1G2_7_B1,KERCK1G2_7_B1,RTPD,MCL,LMP_LOSS_PRC,KERCK1G2_7_B1,ALL,1,0,3,14
2022-09-02T03:30:00-00:00,2022-09-02T03:45:00-00:00,2022-09-01,21,KERCK1G2_7_B1,KERCK1G2_7_B1,KERCK1G2_7_B1,RTPD,MCL,LMP_LOSS_PRC,KERCK1G2_7_B1,ALL,1,30.34412,3,14
2022-09-02T04:30:00-00:00,2022-09-02T04:45:00-00:00,2022-09-01,22,KERCK1G2_7_B1,KERCK1G2_7_B1,KERCK1G2_7_B1,RTPD,MCL,LMP_LOSS_PRC,KERCK1G2_7_B1,ALL,1,33.08219,3,14
2022-09-02T05:30:00-00:00,2022-09-02T05:45:00-00:00,2022-09-01,23,KERCK1G2_7_B1,KERCK1G2_7_B1,KERCK1G2_7_B1,RTPD,MCL,LMP_LOSS_PRC,KERCK1G2_7_B1,ALL,1,20.90066,3,14
2022-09-02T06:30:00-00:00,2022-09-02T06:45:00-00:00,2022-09-01,24,KERCK1G2_7_B1,KERCK1G2_7_B1,KERCK1G2_7_B1,RTPD,MCL,LMP_LOSS_PRC,KERCK1G2_7_B1,ALL,1,15.24628,3,14
2022-09-01T07:45:00-00:00,2022-09-01T08:00:00-00:00,2022-09-01,01,KERCK1G2_7_B1,KERCK1G2_7_B1,KERCK1G2_7_B1,RTPD,MCL,LMP_LOSS_PRC,KERCK1G2_7_B1,ALL,1,0,4,14
2022-09-01T08:45:00-00:00,2022-09-01T09:00:00-00:00,2022-09-01,02,KERCK1G2_7_B1,KERCK1G2_7_B1,KERCK1G2_7_B1,RTPD,MCL,LMP_LOSS_PRC,KERCK1G2_7_B1,ALL,1,11.36448,4,14
2022-09-01T09:45:00-00:00,2022-09-01T10:00:00-00:00,2022-09-01,03,KERCK1G2_7_B1,KERCK1G2_7_B1,KERCK1G2_7_B1,RTPD,MCL,LMP_LOSS_PRC,KERCK1G2_7_B1,ALL,1,8.97044,4,14
2022-09-01T10:45:00-00:00,2022-09-01T11:00:00-00:00,2022-09-01,04,KERCK1G2_7_B1,KERCK1G2_7_B1,KERCK1G2_7_B1,RTPD,MCL,LMP_LOSS_PRC,KERCK1G2_7_B1,ALL,1,8.86576,4,14
2022-09-01T11:45:00-00:00,2022-09-01T12:00:00-00:00,2022-09-01,05,KERCK1G2_7_B1,KERCK1G2_7_B1,KERCK1G2_7_B1,RTPD,MCL,LMP_LOSS_PRC,KERCK1G2_7_B1,ALL,1,0,4,14
2022-09-01T12:45:00-00:00,2022-09-01T13:00:00-00:00,2022-09-01,06,KERCK1G2_7_B1,KERCK1G2_7_B1,KERCK1G2_7_B1,RTPD,MCL,LMP_LOSS_PRC,KERCK1G2_7_B1,ALL,1,0,4,14
2022-09-01T13:45:00-00:00,2022-09-01T14:00:00-00:00,2022-09-01,07,KERCK1G2_7_B1,KERCK1G2_7_B1,KERCK1G2_7_B1,RTPD,MCL,LMP_LOSS_PRC,KERCK1G2_7_B1,ALL,1,0,4,14
2022-09-01T14:45:00-00:00,2022-09-01T15:00:00-00:00,2022-09-01,08,KERCK1G2_7_B1,KERCK1G2_7_B1,KERCK1G2_7_B1,RTPD,MCL,LMP_LOSS_PRC,KERCK1G2_7_B1,ALL,1,0,4,14
2022-09-01T15:45:00-00:00,2022-09-01T16:00:00-00:00,2022-09-01,09,KERCK1G2_7_B1,KERCK1G2_7_B1,KERCK1G2_7_B1,RTPD,MCL,LMP_LOSS_PRC,KERCK1G2_7_B1,ALL,1,0,4,14
2022-09-01T16:45:00-00:00,2022-09-01T17:00:00-00:00,2022-09-01,10,KERCK1G2_7_B1,KERCK1G2_7_B1,KERCK1G2_7_B1,RTPD,MCL,LMP_LOSS_PRC,KERCK1G2_7_B1,ALL,1,0,4,14
2022-09-01T17:45:00-00:00,2022-09-01T18:00:00-00:00,2022-09-01,11,KERCK1G2_7_B1,KERCK1G2_7_B1,KERCK1G2_7_B1,RTPD,MCL,LMP_LOSS_PRC,KERCK1G2_7_B1,ALL,1,0,4,14
2022-09-01T18:45:00-00:00,2022-09-01T19:00:00-00:00,2022-09-01,12,KERCK1G2_7_B1,KERCK1G2_7_B1,KERCK1G2_7_B1,RTPD,MCL,LMP_LOSS_PRC,KERCK1G2_7_B1,ALL,1,0,4,14
2022-09-01T19:45:00-00:00,2022-09-01T20:00:00-00:00,2022-09-01,13,KERCK1G2_7_B1,KERCK1G2_7_B1,KERCK1G2_7_B1,RTPD,MCL,LMP_LOSS_PRC,KERCK1G2_7_B1,ALL,1,0,4,14
2022-09-01T20:45:00-00:00,2022-09-01T21:00:00-00:00,2022-09-01,14,KERCK1G2_7_B1,KERCK1G2_7_B1,KERCK1G2_7_B1,RTPD,MCL,LMP_LOSS_PRC,KERCK1G2_7_B1,ALL,1,0,4,14
2022-09-01T21:45:00-00:00,2022-09-01T22:00:00-00:00,2022-09-01,15,KERCK1G2_7_B1,KERCK1G2_7_B1,KERCK1G2_7_B1,RTPD,MCL,LMP_LOSS_PRC,KERCK1G2_7_B1,ALL,1,0,4,14
2022-09-01T22:45:00-00:00,2022-09-01T23:00:00-00:00,2022-09-01,16,KERCK1G2_7_B1,KERCK1G2_7_B1,KERCK1G2_7_B1,RTPD,MCL,LMP_LOSS_PRC,KERCK1G2_7_B1,ALL,1,0,4,14
2022-09-01T23:45:00-00:00,2022-09-02T00:00:00-00:00,2022-09-01,17,KERCK1G2_7_B1,KERCK1G2_7_B1,KERCK1G2_7_B1,RTPD,MCL,LMP_LOSS_PRC,KERCK1G2_7_B1,ALL,1,0,4,14
2022-09-02T00:45:00-00:00,2022-09-02T01:00:00-00:00,2022-09-01,18,KERCK1G2_7_B1,KERCK1G2_7_B1,KERCK1G2_7_B1,RTPD,MCL,LMP_LOSS_PRC,KERCK1G2_7_B1,ALL,1,0,4,14
2022-09-02T01:45:00-00:00,2022-09-02T02:00:00-00:00,2022-09-01,19,KERCK1G2_7_B1,KERCK1G2_7_B1,KERCK1G2_7_B1,RTPD,MCL,LMP_LOSS_PRC,KERCK1G2_7_B1,ALL,1,0,4,14
2022-09-02T02:45:00-00:00,2022-09-02T03:00:00-00:00,2022-09-01,20,KERCK1G2_7_B1,KERCK1G2_7_B1,KERCK1G2_7_B1,RTPD,MCL,LMP_LOSS_PRC,KERCK1G2_7_B1,ALL,1,171.92505,4,14
2022-09-02T03:45:00-00:00,2022-09-02T04:00:00-00:00,2022-09-01,21,KERCK1G2_7_B1,KERCK1G2_7_B1,KERCK1G2_7_B1,RTPD,MCL,LMP_LOSS_PRC,KERCK1G2_7_B1,ALL,1,20.19671,4,14
2022-09-02T04:45:00-00:00,2022-09-02T05:00:00-00:00,2022-09-01,22,KERCK1G2_7_B1,KERCK1G2_7_B1,KERCK1G2_7_B1,RTPD,MCL,LMP_LOSS_PRC,KERCK1G2_7_B1,ALL,1,21.38504,4,14
2022-09-02T05:45:00-00:00,2022-09-02T06:00:00-00:00,2022-09-01,23,KERCK1G2_7_B1,KERCK1G2_7_B1,KERCK1G2_7_B1,RTPD,MCL,LMP_LOSS_PRC,KERCK1G2_7_B1,ALL,1,15.66166,4,14
2022-09-02T06:45:00-00:00,2022-09-02T07:00:00-00:00,2022-09-01,24,KERCK1G2_7_B1,KERCK1G2_7_B1,KERCK1G2_7_B1,RTPD,MCL,LMP_LOSS_PRC,KERCK1G2_7_B1,ALL,1,12.17616,4,14
2022-09-01T07:00:00-00:00,2022-09-01T07:15:00-00:00,2022-09-01,01,KERCK1G2_7_B1,KERCK1G2_7_B1,KERCK1G2_7_B1,RTPD,MGHG,LMP_GHG_PRC,KERCK1G2_7_B1,ALL,1,0,1,15
2022-09-01T08:00:00-00:00,2022-09-01T08:15:00-00:00,2022-09-01,02,KERCK1G2_7_B1,KERCK1G2_7_B1,KERCK1G2_7_B1,RTPD,MGHG,LMP_GHG_PRC,KERCK1G2_7_B1,ALL,1,0,1,15
2022-09-01T09:00:00-00:00,2022-09-01T09:15:00-00:00,2022-09-01,03,KERCK1G2_7_B1,KERCK1G2_7_B1,KERCK1G2_7_B1,RTPD,MGHG,LMP_GHG_PRC,KERCK1G2_7_B1,ALL,1,0,1,15
2022-09-01T10:00:00-00:00,2022-09-01T10:15:00-00:00,2022-09-01,04,KERCK1G2_7_B1,KERCK1G2_7_B1,KERCK1G2_7_B1,RTPD,MGHG,LMP_GHG_PRC,KERCK1G2_7_B1,ALL,1,0,1,15
2022-09-01T11:00:00-00:00,2022-09-01T11:15:00-00:00,2022-09-01,05,KERCK1G2_7_B1,KERCK1G2_7_B1,KERCK1G2_7_B1,RTPD,MGHG,LMP_GHG_PRC,KERCK1G2_7_B1,ALL,1,0,1,15
2022-09-01T12:00:00-00:00,2022-09-01T12:15:00-00:00,2022-09-01,06,KERCK1G2_7_B1,KERCK1G2_7_B1,KERCK1G2_7_B1,RTPD,MGHG,LMP_GHG_PRC,KERCK1G2_7_B1,ALL,1,0,1,15
2022-09-01T13:00:00-00:00,2022-09-01T13:15:00-00:00,2022-09-01,07,KERCK1G2_7_B1,KERCK1G2_7_B1,KERCK1G2_7_B1,RTPD,MGHG,LMP_GHG_PRC,KERCK1G2_7_B1,ALL,1,0,1,15
2022-09-01T14:00:00-00:00,2022-09-01T14:15:00-00:00,2022-09-01,08,KERCK1G2_7_B1,KERCK1G2_7_B1,KERCK1G2_7_B1,RTPD,MGHG,LMP_GHG_PRC,KERCK1G2_7_B1,ALL,1,0,1,15
2022-09-01T15:00:00-00:00,2022-09-01T15:15:00-00:00,2022-09-01,09,KERCK1G2_7_B1,KERCK1G2_7_B1,KERCK1G2_7_B1,RTPD,MGHG,LMP_GHG_PRC,KERCK1G2_7_B1,ALL,1,0,1,15
2022-09-01T16:00:00-00:00,2022-09-01T16:15:00-00:00,2022-09-01,10,KERCK1G2_7_B1,KERCK1G2_7_B1,KERCK1G2_7_B1,RTPD,MGHG,LMP_GHG_PRC,KERCK1G2_7_B1,ALL,1,0,1,15
2022-09-01T17:00:00-00:00,2022-09-01T17:15:00-00:00,2022-09-01,11,KERCK1G2_7_B1,KERCK1G2_7_B1,KERCK1G2_7_B1,RTPD,MGHG,LMP_GHG_PRC,KERCK1G2_7_B1,ALL,1,0,1,15
2022-09-01T18:00:00-00:00,2022-09-01T18:15:00-00:00,2022-09-01,12,KERCK1G2_7_B1,KERCK1G2_7_B1,KERCK1G2_7_B1,RTPD,MGHG,LMP_GHG_PRC,KERCK1G2_7_B1,ALL,1,0,1,15
2022-09-01T19:00:00-00:00,2022-09-01T19:15:00-00:00,2022-09-01,13,KERCK1G2_7_B1,KERCK1G2_7_B1,KERCK1G2_7_B1,RTPD,MGHG,LMP_GHG_PRC,KERCK1G2_7_B1,ALL,1,0,1,15
2022-09-01T20:00:00-00:00,2022-09-01T20:15:00-00:00,2022-09-01,14,KERCK1G2_7_B1,KERCK1G2_7_B1,KERCK1G2_7_B1,RTPD,MGHG,LMP_GHG_PRC,KERCK1G2_7_B1,ALL,1,0,1,15
2022-09-01T21:00:00-00:00,2022-09-01T21:15:00-00:00,2022-09-01,15,KERCK1G2_7_B1,KERCK1G2_7_B1,KERCK1G2_7_B1,RTPD,MGHG,LMP_GHG_PRC,KERCK1G2_7_B1,ALL,1,0,1,15
2022-09-01T22:00:00-00:00,2022-09-01T22:15:00-00:00,2022-09-01,16,KERCK1G2_7_B1,KERCK1G2_7_B1,KERCK1G2_7_B1,RTPD,MGHG,LMP_GHG_PRC,KERCK1G2_7_B1,ALL,1,0,1,15
2022-09-01T23:00:00-00:00,2022-09-01T23:15:00-00:00,2022-09-01,17,KERCK1G2_7_B1,KERCK1G2_7_B1,KERCK1G2_7_B1,RTPD,MGHG,LMP_GHG_PRC,KERCK1G2_7_B1,ALL,1,0,1,15
2022-09-02T00:00:00-00:00,2022-09-02T00:15:00-00:00,2022-09-01,18,KERCK1G2_7_B1,KERCK1G2_7_B1,KERCK1G2_7_B1,RTPD,MGHG,LMP_GHG_PRC,KERCK1G2_7_B1,ALL,1,0,1,15
2022-09-02T01:00:00-00:00,2022-09-02T01:15:00-00:00,2022-09-01,19,KERCK1G2_7_B1,KERCK1G2_7_B1,KERCK1G2_7_B1,RTPD,MGHG,LMP_GHG_PRC,KERCK1G2_7_B1,ALL,1,0,1,15
2022-09-02T02:00:00-00:00,2022-09-02T02:15:00-00:00,2022-09-01,20,KERCK1G2_7_B1,KERCK1G2_7_B1,KERCK1G2_7_B1,RTPD,MGHG,LMP_GHG_PRC,KERCK1G2_7_B1,ALL,1,0,1,15
2022-09-02T03:00:00-00:00,2022-09-02T03:15:00-00:00,2022-09-01,21,KERCK1G2_7_B1,KERCK1G2_7_B1,KERCK1G2_7_B1,RTPD,MGHG,LMP_GHG_PRC,KERCK1G2_7_B1,ALL,1,0,1,15
2022-09-02T04:00:00-00:00,2022-09-02T04:15:00-00:00,2022-09-01,22,KERCK1G2_7_B1,KERCK1G2_7_B1,KERCK1G2_7_B1,RTPD,MGHG,LMP_GHG_PRC,KERCK1G2_7_B1,ALL,1,0,1,15
2022-09-02T05:00:00-00:00,2022-09-02T05:15:00-00:00,2022-09-01,23,KERCK1G2_7_B1,KERCK1G2_7_B1,KERCK1G2_7_B1,RTPD,MGHG,LMP_GHG_PRC,KERCK1G2_7_B1,ALL,1,0,1,15
2022-09-02T06:00:00-00:00,2022-09-02T06:15:00-00:00,2022-09-01,24,KERCK1G2_7_B1,KERCK1G2_7_B1,KERCK1G2_7_B1,RTPD,MGHG,LMP_GHG_PRC,KERCK1G2_7_B1,ALL,1,0,1,15
2022-09-01T07:15:00-00:00,2022-09-01T07:30:00-00:00,2022-09-01,01,KERCK1G2_7_B1,KERCK1G2_7_B1,KERCK1G2_7_B1,RTPD,MGHG,LMP_GHG_PRC,KERCK1G2_7_B1,ALL,1,0,2,15
2022-09-01T08:15:00-00:00,2022-09-01T08:30:00-00:00,2022-09-01,02,KERCK1G2_7_B1,KERCK1G2_7_B1,KERCK1G2_7_B1,RTPD,MGHG,LMP_GHG_PRC,KERCK1G2_7_B1,ALL,1,0,2,15
2022-09-01T09:15:00-00:00,2022-09-01T09:30:00-00:00,2022-09-01,03,KERCK1G2_7_B1,KERCK1G2_7_B1,KERCK1G2_7_B1,RTPD,MGHG,LMP_GHG_PRC,KERCK1G2_7_B1,ALL,1,0,2,15
2022-09-01T10:15:00-00:00,2022-09-01T10:30:00-00:00,2022-09-01,04,KERCK1G2_7_B1,KERCK1G2_7_B1,KERCK1G2_7_B1,RTPD,MGHG,LMP_GHG_PRC,KERCK1G2_7_B1,ALL,1,0,2,15
2022-09-01T11:15:00-00:00,2022-09-01T11:30:00-00:00,2022-09-01,05,KERCK1G2_7_B1,KERCK1G2_7_B1,KERCK1G2_7_B1,RTPD,MGHG,LMP_GHG_PRC,KERCK1G2_7_B1,ALL,1,0,2,15
2022-09-01T12:15:00-00:00,2022-09-01T12:30:00-00:00,2022-09-01,06,KERCK1G2_7_B1,KERCK1G2_7_B1,KERCK1G2_7_B1,RTPD,MGHG,LMP_GHG_PRC,KERCK1G2_7_B1,ALL,1,0,2,15
2022-09-01T13:15:00-00:00,2022-09-01T13:30:00-00:00,2022-09-01,07,KERCK1G2_7_B1,KERCK1G2_7_B1,KERCK1G2_7_B1,RTPD,MGHG,LMP_GHG_PRC,KERCK1G2_7_B1,ALL,1,0,2,15
2022-09-01T14:15:00-00:00,2022-09-01T14:30:00-00:00,2022-09-01,08,KERCK1G2_7_B1,KERCK1G2_7_B1,KERCK1G2_7_B1,RTPD,MGHG,LMP_GHG_PRC,KERCK1G2_7_B1,ALL,1,0,2,15
2022-09-01T15:15:00-00:00,2022-09-01T15:30:00-00:00,2022-09-01,09,KERCK1G2_7_B1,KERCK1G2_7_B1,KERCK1G2_7_B1,RTPD,MGHG,LMP_GHG_PRC,KERCK1G2_7_B1,ALL,1,0,2,15
2022-09-01T16:15:00-00:00,2022-09-01T16:30:00-00:00,2022-09-01,10,KERCK1G2_7_B1,KERCK1G2_7_B1,KERCK1G2_7_B1,RTPD,MGHG,LMP_GHG_PRC,KERCK1G2_7_B1,ALL,1,0,2,15
2022-09-01T17:15:00-00:00,2022-09-01T17:30:00-00:00,2022-09-01,11,KERCK1G2_7_B1,KERCK1G2_7_B1,KERCK1G2_7_B1,RTPD,MGHG,LMP_GHG_PRC,KERCK1G2_7_B1,ALL,1,0,2,15
2022-09-01T18:15:00-00:00,2022-09-01T18:30:00-00:00,2022-09-01,12,KERCK1G2_7_B1,KERCK1G2_7_B1,KERCK1G2_7_B1,RTPD,MGHG,LMP_GHG_PRC,KERCK1G2_7_B1,ALL,1,0,2,15
2022-09-01T19:15:00-00:00,2022-09-01T19:30:00-00:00,2022-09-01,13,KERCK1G2_7_B1,KERCK1G2_7_B1,KERCK1G2_7_B1,RTPD,MGHG,LMP_GHG_PRC,KERCK1G2_7_B1,ALL,1,0,2,15
2022-09-01T20:15:00-00:00,2022-09-01T20:30:00-00:00,2022-09-01,14,KERCK1G2_7_B1,KERCK1G2_7_B1,KERCK1G2_7_B1,RTPD,MGHG,LMP_GHG_PRC,KERCK1G2_7_B1,ALL,1,0,2,15
2022-09-01T21:15:00-00:00,2022-09-01T21:30:00-00:00,2022-09-01,15,KERCK1G2_7_B1,KERCK1G2_7_B1,KERCK1G2_7_B1,RTPD,MGHG,LMP_GHG_PRC,KERCK1G2_7_B1,ALL,1,0,2,15
2022-09-01T22:15:00-00:00,2022-09-01T22:30:00-00:00,2022-09-01,16,KERCK1G2_7_B1,KERCK1G2_7_B1,KERCK1G2_7_B1,RTPD,MGHG,LMP_GHG_PRC,KERCK1G2_7_B1,ALL,1,0,2,15
2022-09-01T23:15:00-00:00,2022-09-01T23:30:00-00:00,2022-09-01,17,KERCK1G2_7_B1,KERCK1G2_7_B1,KERCK1G2_7_B1,RTPD,MGHG,LMP_GHG_PRC,KERCK1G2_7_B1,ALL,1,0,2,15
2022-09-02T00:15:00-00:00,2022-09-02T00:30:00-00:00,2022-09-01,18,KERCK1G2_7_B1,KERCK1G2_7_B1,KERCK1G2_7_B1,RTPD,MGHG,LMP_GHG_PRC,KERCK1G2_7_B1,ALL,1,0,2,15
2022-09-02T01:15:00-00:00,2022-09-02T01:30:00-00:00,2022-09-01,19,KERCK1G2_7_B1,KERCK1G2_7_B1,KERCK1G2_7_B1,RTPD,MGHG,LMP_GHG_PRC,KERCK1G2_7_B1,ALL,1,0,2,15
2022-09-02T02:15:00-00:00,2022-09-02T02:30:00-00:00,2022-09-01,20,KERCK1G2_7_B1,KERCK1G2_7_B1,KERCK1G2_7_B1,RTPD,MGHG,LMP_GHG_PRC,KERCK1G2_7_B1,ALL,1,0,2,15
2022-09-02T03:15:00-00:00,2022-09-02T03:30:00-00:00,2022-09-01,21,KERCK1G2_7_B1,KERCK1G2_7_B1,KERCK1G2_7_B1,RTPD,MGHG,LMP_GHG_PRC,KERCK1G2_7_B1,ALL,1,0,2,15
2022-09-02T04:15:00-00:00,2022-09-02T04:30:00-00:00,2022-09-01,22,KERCK1G2_7_B1,KERCK1G2_7_B1,KERCK1G2_7_B1,RTPD,MGHG,LMP_GHG_PRC,KERCK1G2_7_B1,ALL,1,0,2,15
2022-09-02T05:15:00-00:00,2022-09-02T05:30:00-00:00,2022-09-01,23,KERCK1G2_7_B1,KERCK1G2_7_B1,KERCK1G2_7_B1,RTPD,MGHG,LMP_GHG_PRC,KERCK1G2_7_B1,ALL,1,0,2,15
2022-09-02T06:15:00-00:00,2022-09-02T06:30:00-00:00,2022-09-01,24,KERCK1G2_7_B1,KERCK1G2_7_B1,KERCK1G2_7_B1,RTPD,MGHG,LMP_GHG_PRC,KERCK1G2_7_B1,ALL,1,0,2,15
2022-09-01T07:30:00-00:00,2022-09-01T07:45:00-00:00,2022-09-01,01,KERCK1G2_7_B1,KERCK1G2_7_B1,KERCK1G2_7_B1,RTPD,MGHG,LMP_GHG_PRC,KERCK1G2_7_B1,ALL,1,0,3,15
2022-09-01T08:30:00-00:00,2022-09-01T08:45:00-00:00,2022-09-01,02,KERCK1G2_7_B1,KERCK1G2_7_B1,KERCK1G2_7_B1,RTPD,MGHG,LMP_GHG_PRC,KERCK1G2_7_B1,ALL,1,0,3,15
2022-09-01T09:30:00-00:00,2022-09-01T09:45:00-00:00,2022-09-01,03,KERCK1G2_7_B1,KERCK1G2_7_B1,KERCK1G2_7_B1,RTPD,MGHG,LMP_GHG_PRC,KERCK1G2_7_B1,ALL,1,0,3,15
2022-09-01T10:30:00-00:00,2022-09-01T10:45:00-00:00,2022-09-01,04,KERCK1G2_7_B1,KERCK1G2_7_B1,KERCK1G2_7_B1,RTPD,MGHG,LMP_GHG_PRC,KERCK1G2_7_B1,ALL,1,0,3,15
2022-09-01T11:30:00-00:00,2022-09-01T11:45:00-00:00,2022-09-01,05,KERCK1G2_7_B1,KERCK1G2_7_B1,KERCK1G2_7_B1,RTPD,MGHG,LMP_GHG_PRC,KERCK1G2_7_B1,ALL,1,0,3,15
2022-09-01T12:30:00-00:00,2022-09-01T12:45:00-00:00,2022-09-01,06,KERCK1G2_7_B1,KERCK1G2_7_B1,KERCK1G2_7_B1,RTPD,MGHG,LMP_GHG_PRC,KERCK1G2_7_B1,ALL,1,0,3,15
2022-09-01T13:30:00-00:00,2022-09-01T13:45:00-00:00,2022-09-01,07,KERCK1G2_7_B1,KERCK1G2_7_B1,KERCK1G2_7_B1,RTPD,MGHG,LMP_GHG_PRC,KERCK1G2_7_B1,ALL,1,0,3,15
2022-09-01T14:30:00-00:00,2022-09-01T14:45:00-00:00,2022-09-01,08,KERCK1G2_7_B1,KERCK1G2_7_B1,KERCK1G2_7_B1,RTPD,MGHG,LMP_GHG_PRC,KERCK1G2_7_B1,ALL,1,0,3,15
2022-09-01T15:30:00-00:00,2022-09-01T15:45:00-00:00,2022-09-01,09,KERCK1G2_7_B1,KERCK1G2_7_B1,KERCK1G2_7_B1,RTPD,MGHG,LMP_GHG_PRC,KERCK1G2_7_B1,ALL,1,0,3,15
2022-09-01T16:30:00-00:00,2022-09-01T16:45:00-00:00,2022-09-01,10,KERCK1G2_7_B1,KERCK1G2_7_B1,KERCK1G2_7_B1,RTPD,MGHG,LMP_GHG_PRC,KERCK1G2_7_B1,ALL,1,0,3,15
2022-09-01T17:30:00-00:00,2022-09-01T17:45:00-00:00,2022-09-01,11,KERCK1G2_7_B1,KERCK1G2_7_B1,KERCK1G2_7_B1,RTPD,MGHG,LMP_GHG_PRC,KERCK1G2_7_B1,ALL,1,0,3,15
2022-09-01T18:30:00-00:00,2022-09-01T18:45:00-00:00,2022-09-01,12,KERCK1G2_7_B1,KERCK1G2_7_B1,KERCK1G2_7_B1,RTPD,MGHG,LMP_GHG_PRC,KERCK1G2_7_B1,ALL,1,0,3,15
2022-09-01T19:30:00-00:00,2022-09-01T19:45:00-00:00,2022-09-01,13,KERCK1G2_7_B1,KERCK1G2_7_B1,KERCK1G2_7_B1,RTPD,MGHG,LMP_GHG_PRC,KERCK1G2_7_B1,ALL,1,0,3,15
2022-09-01T20:30:00-00:00,2022-09-01T20:45:00-00:00,2022-09-01,14,KERCK1G2_7_B1,KERCK1G2_7_B1,KERCK1G2_7_B1,RTPD,MGHG,LMP_GHG_PRC,KERCK1G2_7_B1,ALL,1,0,3,15
2022-09-01T21:30:00-00:00,2022-09-01T21:45:00-00:00,2022-09-01,15,KERCK1G2_7_B1,KERCK1G2_7_B1,KERCK1G2_7_B1,RTPD,MGHG,LMP_GHG_PRC,KERCK1G2_7_B1,ALL,1,0,3,15
2022-09-01T22:30:00-00:00,2022-09-01T22:45:00-00:00,2022-09-01,16,KERCK1G2_7_B1,KERCK1G2_7_B1,KERCK1G2_7_B1,RTPD,MGHG,LMP_GHG_PRC,KERCK1G2_7_B1,ALL,1,0,3,15
2022-09-01T23:30:00-00:00,2022-09-01T23:45:00-00:00,2022-09-01,17,KERCK1G2_7_B1,KERCK1G2_7_B1,KERCK1G2_7_B1,RTPD,MGHG,LMP_GHG_PRC,KERCK1G2_7_B1,ALL,1,0,3,15
2022-09-02T00:30:00-00:00,2022-09-02T00:45:00-00:00,2022-09-01,18,KERCK1G2_7_B1,KERCK1G2_7_B1,KERCK1G2_7_B1,RTPD,MGHG,LMP_GHG_PRC,KERCK1G2_7_B1,ALL,1,0,3,15
2022-09-02T01:30:00-00:00,2022-09-02T01:45:00-00:00,2022-09-01,19,KERCK1G2_7_B1,KERCK1G2_7_B1,KERCK1G2_7_B1,RTPD,MGHG,LMP_GHG_PRC,KERCK1G2_7_B1,ALL,1,0,3,15
2022-09-02T02:30:00-00:00,2022-09-02T02:45:00-00:00,2022-09-01,20,KERCK1G2_7_B1,KERCK1G2_7_B1,KERCK1G2_7_B1,RTPD,MGHG,LMP_GHG_PRC,KERCK1G2_7_B1,ALL,1,0,3,15
2022-09-02T03:30:00-00:00,2022-09-02T03:45:00-00:00,2022-09-01,21,KERCK1G2_7_B1,KERCK1G2_7_B1,KERCK1G2_7_B1,RTPD,MGHG,LMP_GHG_PRC,KERCK1G2_7_B1,ALL,1,0,3,15
2022-09-02T04:30:00-00:00,2022-09-02T04:45:00-00:00,2022-09-01,22,KERCK1G2_7_B1,KERCK1G2_7_B1,KERCK1G2_7_B1,RTPD,MGHG,LMP_GHG_PRC,KERCK1G2_7_B1,ALL,1,0,3,15
2022-09-02T05:30:00-00:00,2022-09-02T05:45:00-00:00,2022-09-01,23,KERCK1G2_7_B1,KERCK1G2_7_B1,KERCK1G2_7_B1,RTPD,MGHG,LMP_GHG_PRC,KERCK1G2_7_B1,ALL,1,0,3,15
2022-09-02T06:30:00-00:00,2022-09-02T06:45:00-00:00,2022-09-01,24,KERCK1G2_7_B1,KERCK1G2_7_B1,KERCK1G2_7_B1,RTPD,MGHG,LMP_GHG_PRC,KERCK1G2_7_B1,ALL,1,0,3,15
2022-09-01T07:45:00-00:00,2022-09-01T08:00:00-00:00,2022-09-01,01,KERCK1G2_7_B1,KERCK1G2_7_B1,KERCK1G2_7_B1,RTPD,MGHG,LMP_GHG_PRC,KERCK1G2_7_B1,ALL,1,0,4,15
2022-09-01T08:45:00-00:00,2022-09-01T09:00:00-00:00,2022-09-01,02,KERCK1G2_7_B1,KERCK1G2_7_B1,KERCK1G2_7_B1,RTPD,MGHG,LMP_GHG_PRC,KERCK1G2_7_B1,ALL,1,0,4,15
2022-09-01T09:45:00-00:00,2022-09-01T10:00:00-00:00,2022-09-01,03,KERCK1G2_7_B1,KERCK1G2_7_B1,KERCK1G2_7_B1,RTPD,MGHG,LMP_GHG_PRC,KERCK1G2_7_B1,ALL,1,0,4,15
2022-09-01T10:45:00-00:00,2022-09-01T11:00:00-00:00,2022-09-01,04,KERCK1G2_7_B1,KERCK1G2_7_B1,KERCK1G2_7_B1,RTPD,MGHG,LMP_GHG_PRC,KERCK1G2_7_B1,ALL,1,0,4,15
2022-09-01T11:45:00-00:00,2022-09-01T12:00:00-00:00,2022-09-01,05,KERCK1G2_7_B1,KERCK1G2_7_B1,KERCK1G2_7_B1,RTPD,MGHG,LMP_GHG_PRC,KERCK1G2_7_B1,ALL,1,0,4,15
2022-09-01T12:45:00-00:00,2022-09-01T13:00:00-00:00,2022-09-01,06,KERCK1G2_7_B1,KERCK1G2_7_B1,KERCK1G2_7_B1,RTPD,MGHG,LMP_GHG_PRC,KERCK1G2_7_B1,ALL,1,0,4,15
2022-09-01T13:45:00-00:00,2022-09-01T14:00:00-00:00,2022-09-01,07,KERCK1G2_7_B1,KERCK1G2_7_B1,KERCK1G2_7_B1,RTPD,MGHG,LMP_GHG_PRC,KERCK1G2_7_B1,ALL,1,0,4,15
2022-09-01T14:45:00-00:00,2022-09-01T15:00:00-00:00,2022-09-01,08,KERCK1G2_7_B1,KERCK1G2_7_B1,KERCK1G2_7_B1,RTPD,MGHG,LMP_GHG_PRC,KERCK1G2_7_B1,ALL,1,0,4,15
2022-09-01T15:45:00-00:00,2022-09-01T16:00:00-00:00,2022-09-01,09,KERCK1G2_7_B1,KERCK1G2_7_B1,KERCK1G2_7_B1,RTPD,MGHG,LMP_GHG_PRC,KERCK1G2_7_B1,ALL,1,0,4,15
2022-09-01T16:45:00-00:00,2022-09-01T17:00:00-00:00,2022-09-01,10,KERCK1G2_7_B1,KERCK1G2_7_B1,KERCK1G2_7_B1,RTPD,MGHG,LMP_GHG_PRC,KERCK1G2_7_B1,ALL,1,0,4,15
2022-09-01T17:45:00-00:00,2022-09-01T18:00:00-00:00,2022-09-01,11,KERCK1G2_7_B1,KERCK1G2_7_B1,KERCK1G2_7_B1,RTPD,MGHG,LMP_GHG_PRC,KERCK1G2_7_B1,ALL,1,0,4,15
2022-09-01T18:45:00-00:00,2022-09-01T19:00:00-00:00,2022-09-01,12,KERCK1G2_7_B1,KERCK1G2_7_B1,KERCK1G2_7_B1,RTPD,MGHG,LMP_GHG_PRC,KERCK1G2_7_B1,ALL,1,0,4,15
2022-09-01T19:45:00-00:00,2022-09-01T20:00:00-00:00,2022-09-01,13,KERCK1G2_7_B1,KERCK1G2_7_B1,KERCK1G2_7_B1,RTPD,MGHG,LMP_GHG_PRC,KERCK1G2_7_B1,ALL,1,0,4,15
2022-09-01T20:45:00-00:00,2022-09-01T21:00:00-00:00,2022-09-01,14,KERCK1G2_7_B1,KERCK1G2_7_B1,KERCK1G2_7_B1,RTPD,MGHG,LMP_GHG_PRC,KERCK1G2_7_B1,ALL,1,0,4,15
2022-09-01T21:45:00-00:00,2022-09-01T22:00:00-00:00,2022-09-01,15,KERCK1G2_7_B1,KERCK1G2_7_B1,KERCK1G2_7_B1,RTPD,MGHG,LMP_GHG_PRC,KERCK1G2_7_B1,ALL,1,0,4,15
2022-09-01T22:45:00-00:00,2022-09-01T23:00:00-00:00,2022-09-01,16,KERCK1G2_7_B1,KERCK1G2_7_B1,KERCK1G2_7_B1,RTPD,MGHG,LMP_GHG_PRC,KERCK1G2_7_B1,ALL,1,0,4,15
2022-09-01T23:45:00-00:00,2022-09-02T00:00:00-00:00,2022-09-01,17,KERCK1G2_7_B1,KERCK1G2_7_B1,KERCK1G2_7_B1,RTPD,MGHG,LMP_GHG_PRC,KERCK1G2_7_B1,ALL,1,0,4,15
2022-09-02T00:45:00-00:00,2022-09-02T01:00:00-00:00,2022-09-01,18,KERCK1G2_7_B1,KERCK1G2_7_B1,KERCK1G2_7_B1,RTPD,MGHG,LMP_GHG_PRC,KERCK1G2_7_B1,ALL,1,0,4,15
2022-09-02T01:45:00-00:00,2022-09-02T02:00:00-00:00,2022-09-01,19,KERCK1G2_7_B1,KERCK1G2_7_B1,KERCK1G2_7_B1,RTPD,MGHG,LMP_GHG_PRC,KERCK1G2_7_B1,ALL,1,0,4,15
2022-09-02T02:45:00-00:00,2022-09-02T03:00:00-00:00,2022-09-01,20,KERCK1G2_7_B1,KERCK1G2_7_B1,KERCK1G2_7_B1,RTPD,MGHG,LMP_GHG_PRC,KERCK1G2_7_B1,ALL,1,0,4,15
2022-09-02T03:45:00-00:00,2022-09-02T04:00:00-00:00,2022-09-01,21,KERCK1G2_7_B1,KERCK1G2_7_B1,KERCK1G2_7_B1,RTPD,MGHG,LMP_GHG_PRC,KERCK1G2_7_B1,ALL,1,0,4,15
2022-09-02T04:45:00-00:00,2022-09-02T05:00:00-00:00,2022-09-01,22,KERCK1G2_7_B1,KERCK1G2_7_B1,KERCK1G2_7_B1,RTPD,MGHG,LMP_GHG_PRC,KERCK1G2_7_B1,ALL,1,0,4,15
2022-09-02T05:45:00-00:00,2022-09-02T06:00:00-00:00,2022-09-01,23,KERCK1G2_7_B1,KERCK1G2_7_B1,KERCK1G2_7_B1,RTPD,MGHG,LMP_GHG_PRC,KERCK1G2_7_B1,ALL,1,0,4,15
2022-09-02T06:45:00-00:00,2022-09-02T07:00:00-00:00,2022-09-01,24,KERCK1G2_7_B1,KERCK1G2_7_B1,KERCK1G2_7_B1,RTPD,MGHG,LMP_GHG_PRC,KERCK1G2_7_B1,ALL,1,0,4,15
2022-09-01T07:00:00-00:00,2022-09-01T07:15:00-00:00,2022-09-01,01,KERCK1G3_7_B1,KERCK1G3_7_B1,KERCK1G3_7_B1,RTPD,LMP,LMP_PRC,KERCK1G3_7_B1,ALL,1,83.62616,1,16
2022-09-01T08:00:00-00:00,2022-09-01T08:15:00-00:00,2022-09-01,02,KERCK1G3_7_B1,KERCK1G3_7_B1,KERCK1G3_7_B1,RTPD,LMP,LMP_PRC,KERCK1G3_7_B1,ALL,1,111.7478,1,16
2022-09-01T09:00:00-00:00,2022-09-01T09:15:00-00:00,2022-09-01,03,KERCK1G3_7_B1,KERCK1G3_7_B1,KERCK1G3_7_B1,RTPD,LMP,LMP_PRC,KERCK1G3_7_B1,ALL,1,107.78219,1,16
2022-09-01T10:00:00-00:00,2022-09-01T10:15:00-00:00,2022-09-01,04,KERCK1G3_7_B1,KERCK1G3_7_B1,KERCK1G3_7_B1,RTPD,LMP,LMP_PRC,KERCK1G3_7_B1,ALL,1,104.0391,1,16
2022-09-01T11:00:00-00:00,2022-09-01T11:15:00-00:00,2022-09-01,05,KERCK1G3_7_B1,KERCK1G3_7_B1,KERCK1G3_7_B1,RTPD,LMP,LMP_PRC,KERCK1G3_7_B1,ALL,1,114.49731,1,16
2022-09-01T12:00:00-00:00,2022-09-01T12:15:00-00:00,2022-09-01,06,KERCK1G3_7_B1,KERCK1G3_7_B1,KERCK1G3_7_B1,RTPD,LMP,LMP_PRC,KERCK1G3_7_B1,ALL,1,97.13316,1,16
2022-09-01T13:00:00-00:00,2022-09-01T13:15:00-00:00,2022-09-01,07,KERCK1G3_7_B1,KERCK1G3_7_B1,KERCK1G3_7_B1,RTPD,LMP,LMP_PRC,KERCK1G3_7_B1,ALL,1,86.71212,1,16
2022-09-01T14:00:00-00:00,2022-09-01T14:15:00-00:00,2022-09-01,08,KERCK1G3_7_B1,KERCK1G3_7_B1,KERCK1G3_7_B1,RTPD,LMP,LMP_PRC,KERCK1G3_7_B1,ALL,1,123.39008,1,16
2022-09-01T15:00:00-00:00,2022-09-01T15:15:00-00:00,2022-09-01,09,KERCK1G3_7_B1,KERCK1G3_7_B1,KERCK1G3_7_B1,RTPD,LMP,LMP_PRC,KERCK1G3_7_B1,ALL,1,97.4112,1,16
2022-09-01T16:00:00-00:00,2022-09-01T16:15:00-00:00,2022-09-01,10,KERCK1G3_7_B1,KERCK1G3_7_B1,KERCK1G3_7_B1,RTPD,LMP,LMP_PRC,KERCK1G3_7_B1,ALL,1,83.43525,1,16
2022-09-01T17:00:00-00:00,2022-09-01T17:15:00-00:00,2022-09-01,11,KERCK1G3_7_B1,KERCK1G3_7_B1,KERCK1G3_7_B1,RTPD,LMP,LMP_PRC,KERCK1G3_7_B1,ALL,1,78.30925,1,16
2022-09-01T18:00:00-00:00,2022-09-01T18:15:00-00:00,2022-09-01,12,KERCK1G3_7_B1,KERCK1G3_7_B1,KERCK1G3_7_B1,RTPD,LMP,LMP_PRC,KERCK1G3_7_B1,ALL,1,55.3113,1,16
2022-09-01T19:00:00-00:00,2022-09-01T19:15:00-00:00,2022-09-01,13,KERCK1G3_7_B1,KERCK1G3_7_B1,KERCK1G3_7_B1,RTPD,LMP,LMP_PRC,KERCK1G3_7_B1,ALL,1,69.19025,1,16
2022-09-01T20:00:00-00:00,2022-09-01T20:15:00-00:00,2022-09-01,14,KERCK1G3_7_B1,KERCK1G3_7_B1,KERCK1G3_7_B1,RTPD,LMP,LMP_PRC,KERCK1G3_7_B1,ALL,1,114.01026,1,16
2022-09-01T21:00:00-00:00,2022-09-01T21:15:00-00:00,2022-09-01,15,KERCK1G3_7_B1,KERCK1G3_7_B1,KERCK1G3_7_B1,RTPD,LMP,LMP_PRC,KERCK1G3_7_B1,ALL,1,115.84912,1,16
2022-09-01T22:00:00-00:00,2022-09-01T22:15:00-00:00,2022-09-01,16,KERCK1G3_7_B1,KERCK1G3_7_B1,KERCK1G3_7_B1,RTPD,LMP,LMP_PRC,KERCK1G3_7_B1,ALL,1,109.18685,1,16
2022-09-01T23:00:00-00:00,2022-09-01T23:15:00-00:00,2022-09-01,17,KERCK1G3_7_B1,KERCK1G3_7_B1,KERCK1G3_7_B1,RTPD,LMP,LMP_PRC,KERCK1G3_7_B1,ALL,1,192.821,1,16
2022-09-02T00:00:00-00:00,2022-09-02T00:15:00-00:00,2022-09-01,18,KERCK1G3_7_B1,KERCK1G3_7_B1,KERCK1G3_7_B1,RTPD,LMP,LMP_PRC,KERCK1G3_7_B1,ALL,1,1093.3032,1,16
2022-09-02T01:00:00-00:00,2022-09-02T01:15:00-00:00,2022-09-01,19,KERCK1G3_7_B1,KERCK1G3_7_B1,KERCK1G3_7_B1,RTPD,LMP,LMP_PRC,KERCK1G3_7_B1,ALL,1,1304.7605,1,16
2022-09-02T02:00:00-00:00,2022-09-02T02:15:00-00:00,2022-09-01,20,KERCK1G3_7_B1,KERCK1G3_7_B1,KERCK1G3_7_B1,RTPD,LMP,LMP_PRC,KERCK1G3_7_B1,ALL,1,1991.6721,1,16
2022-09-02T03:00:00-00:00,2022-09-02T03:15:00-00:00,2022-09-01,21,KERCK1G3_7_B1,KERCK1G3_7_B1,KERCK1G3_7_B1,RTPD,LMP,LMP_PRC,KERCK1G3_7_B1,ALL,1,1569.8778,1,16
2022-09-02T04:00:00-00:00,2022-09-02T04:15:00-00:00,2022-09-01,22,KERCK1G3_7_B1,KERCK1G3_7_B1,KERCK1G3_7_B1,RTPD,LMP,LMP_PRC,KERCK1G3_7_B1,ALL,1,1543.5791,1,16
2022-09-02T05:00:00-00:00,2022-09-02T05:15:00-00:00,2022-09-01,23,KERCK1G3_7_B1,KERCK1G3_7_B1,KERCK1G3_7_B1,RTPD,LMP,LMP_PRC,KERCK1G3_7_B1,ALL,1,220.78818,1,16
2022-09-02T06:00:00-00:00,2022-09-02T06:15:00-00:00,2022-09-01,24,KERCK1G3_7_B1,KERCK1G3_7_B1,KERCK1G3_7_B1,RTPD,LMP,LMP_PRC,KERCK1G3_7_B1,ALL,1,335.15894,1,16
2022-09-01T07:15:00-00:00,2022-09-01T07:30:00-00:00,2022-09-01,01,KERCK1G3_7_B1,KERCK1G3_7_B1,KERCK1G3_7_B1,RTPD,LMP,LMP_PRC,KERCK1G3_7_B1,ALL,1,114.16453,2,16
2022-09-01T08:15:00-00:00,2022-09-01T08:30:00-00:00,2022-09-01,02,KERCK1G3_7_B1,KERCK1G3_7_B1,KERCK1G3_7_B1,RTPD,LMP,LMP_PRC,KERCK1G3_7_B1,ALL,1,114.49415,2,16
2022-09-01T09:15:00-00:00,2022-09-01T09:30:00-00:00,2022-09-01,03,KERCK1G3_7_B1,KERCK1G3_7_B1,KERCK1G3_7_B1,RTPD,LMP,LMP_PRC,KERCK1G3_7_B1,ALL,1,104.16864,2,16
2022-09-01T10:15:00-00:00,2022-09-01T10:30:00-00:00,2022-09-01,04,KERCK1G3_7_B1,KERCK1G3_7_B1,KERCK1G3_7_B1,RTPD,LMP,LMP_PRC,KERCK1G3_7_B1,ALL,1,100.64039,2,16
2022-09-01T11:15:00-00:00,2022-09-01T11:30:00-00:00,2022-09-01,05,KERCK1G3_7_B1,KERCK1G3_7_B1,KERCK1G3_7_B1,RTPD,LMP,LMP_PRC,KERCK1G3_7_B1,ALL,1,114.99755,2,16
2022-09-01T12:15:00-00:00,2022-09-01T12:30:00-00:00,2022-09-01,06,KERCK1G3_7_B1,KERCK1G3_7_B1,KERCK1G3_7_B1,RTPD,LMP,LMP_PRC,KERCK1G3_7_B1,ALL,1,116.38929,2,16
2022-09-01T13:15:00-00:00,2022-09-01T13:30:00-00:00,2022-09-01,07,KERCK1G3_7_B1,KERCK1G3_7_B1,KERCK1G3_7_B1,RTPD,LMP,LMP_PRC,KERCK1G3_7_B1,ALL,1,118.30975,2,16
2022-09-01T14:15:00-00:00,2022-09-01T14:30:00-00:00,2022-09-01,08,KERCK1G3_7_B1,KERCK1G3_7_B1,KERCK1G3_7_B1,RTPD,LMP,LMP_PRC,KERCK1G3_7_B1,ALL,1,115.09852,2,16
2022-09-01T15:15:00-00:00,2022-09-01T15:30:00-00:00,2022-09-01,09,KERCK1G3_7_B1,KERCK1G3_7_B1,KERCK1G3_7_B1,RTPD,LMP,LMP_PRC,KERCK1G3_7_B1,ALL,1,86.9388,2,16
2022-09-01T16:15:00-00:00,2022-09-01T16:30:00-00:00,2022-09-01,10,KERCK1G3_7_B1,KERCK1G3_7_B1,KERCK1G3_7_B1,RTPD,LMP,LMP_PRC,KERCK1G3_7_B1,ALL,1,87.6098,2,16
2022-09-01T17:15:00-00:00,2022-09-01T17:30:00-00:00,2022-09-01,11,KERCK1G3_7_B1,KERCK1G3_7_B1,KERCK1G3_7_B1,RTPD,LMP,LMP_PRC,KERCK1G3_7_B1,ALL,1,76.54761,2,16
2022-09-01T18:15:00-00:00,2022-09-01T18:30:00-00:00,2022-09-01,12,KERCK1G3_7_B1,KERCK1G3_7_B1,KERCK1G3_7_B1,RTPD,LMP,LMP_PRC,KERCK1G3_7_B1,ALL,1,71.61476,2,16
2022-09-01T19:15:00-00:00,2022-09-01T19:30:00-00:00,2022-09-01,13,KERCK1G3_7_B1,KERCK1G3_7_B1,KERCK1G3_7_B1,RTPD,LMP,LMP_PRC,KERCK1G3_7_B1,ALL,1,72.36192,2,16
2022-09-01T20:15:00-00:00,2022-09-01T20:30:00-00:00,2022-09-01,14,KERCK1G3_7_B1,KERCK1G3_7_B1,KERCK1G3_7_B1,RTPD,LMP,LMP_PRC,KERCK1G3_7_B1,ALL,1,113.95217,2,16
2022-09-01T21:15:00-00:00,2022-09-01T21:30:00-00:00,2022-09-01,15,KERCK1G3_7_B1,KERCK1G3_7_B1,KERCK1G3_7_B1,RTPD,LMP,LMP_PRC,KERCK1G3_7_B1,ALL,1,117.27674,2,16
2022-09-01T22:15:00-00:00,2022-09-01T22:30:00-00:00,2022-09-01,16,KERCK1G3_7_B1,KERCK1G3_7_B1,KERCK1G3_7_B1,RTPD,LMP,LMP_PRC,KERCK1G3_7_B1,ALL,1,124.947,2,16
2022-09-01T23:15:00-00:00,2022-09-01T23:30:00-00:00,2022-09-01,17,KERCK1G3_7_B1,KERCK1G3_7_B1,KERCK1G3_7_B1,RTPD,LMP,LMP_PRC,KERCK1G3_7_B1,ALL,1,255.75914,2,16
2022-09-02T00:15:00-00:00,2022-09-02T00:30:00-00:00,2022-09-01,18,KERCK1G3_7_B1,KERCK1G3_7_B1,KERCK1G3_7_B1,RTPD,LMP,LMP_PRC,KERCK1G3_7_B1,ALL,1,1113.2988,2,16
2022-09-02T01:15:00-00:00,2022-09-02T01:30:00-00:00,2022-09-01,19,KERCK1G3_7_B1,KERCK1G3_7_B1,KERCK1G3_7_B1,RTPD,LMP,LMP_PRC,KERCK1G3_7_B1,ALL,1,1999.9933,2,16
2022-09-02T02:15:00-00:00,2022-09-02T02:30:00-00:00,2022-09-01,20,KERCK1G3_7_B1,KERCK1G3_7_B1,KERCK1G3_7_B1,RTPD,LMP,LMP_PRC,KERCK1G3_7_B1,ALL,1,1991.6721,2,16
2022-09-02T03:15:00-00:00,2022-09-02T03:30:00-00:00,2022-09-01,21,KERCK1G3_7_B1,KERCK1G3_7_B1,KERCK1G3_7_B1,RTPD,LMP,LMP_PRC,KERCK1G3_7_B1,ALL,1,648.466,2,16
2022-09-02T04:15:00-00:00,2022-09-02T04:30:00-00:00,2022-09-01,22,KERCK1G3_7_B1,KERCK1G3_7_B1,KERCK1G3_7_B1,RTPD,LMP,LMP_PRC,KERCK1G3_7_B1,ALL,1,1390.9673,2,16
2022-09-02T05:15:00-00:00,2022-09-02T05:30:00-00:00,2022-09-01,23,KERCK1G3_7_B1,KERCK1G3_7_B1,KERCK1G3_7_B1,RTPD,LMP,LMP_PRC,KERCK1G3_7_B1,ALL,1,195.00162,2,16
2022-09-02T06:15:00-00:00,2022-09-02T06:30:00-00:00,2022-09-01,24,KERCK1G3_7_B1,KERCK1G3_7_B1,KERCK1G3_7_B1,RTPD,LMP,LMP_PRC,KERCK1G3_7_B1,ALL,1,164.08144,2,16
2022-09-01T07:30:00-00:00,2022-09-01T07:45:00-00:00,2022-09-01,01,KERCK1G3_7_B1,KERCK1G3_7_B1,KERCK1G3_7_B1,RTPD,LMP,LMP_PRC,KERCK1G3_7_B1,ALL,1,100.58348,3,16
2022-09-01T08:30:00-00:00,2022-09-01T08:45:00-00:00,2022-09-01,02,KERCK1G3_7_B1,KERCK1G3_7_B1,KERCK1G3_7_B1,RTPD,LMP,LMP_PRC,KERCK1G3_7_B1,ALL,1,125.01159,3,16
2022-09-01T09:30:00-00:00,2022-09-01T09:45:00-00:00,2022-09-01,03,KERCK1G3_7_B1,KERCK1G3_7_B1,KERCK1G3_7_B1,RTPD,LMP,LMP_PRC,KERCK1G3_7_B1,ALL,1,103.87108,3,16
2022-09-01T10:30:00-00:00,2022-09-01T10:45:00-00:00,2022-09-01,04,KERCK1G3_7_B1,KERCK1G3_7_B1,KERCK1G3_7_B1,RTPD,LMP,LMP_PRC,KERCK1G3_7_B1,ALL,1,102.42521,3,16
2022-09-01T11:30:00-00:00,2022-09-01T11:45:00-00:00,2022-09-01,05,KERCK1G3_7_B1,KERCK1G3_7_B1,KERCK1G3_7_B1,RTPD,LMP,LMP_PRC,KERCK1G3_7_B1,ALL,1,115.15115,3,16
2022-09-01T12:30:00-00:00,2022-09-01T12:45:00-00:00,2022-09-01,06,KERCK1G3_7_B1,KERCK1G3_7_B1,KERCK1G3_7_B1,RTPD,LMP,LMP_PRC,KERCK1G3_7_B1,ALL,1,114.86634,3,16
2022-09-01T13:30:00-00:00,2022-09-01T13:45:00-00:00,2022-09-01,07,KERCK1G3_7_B1,KERCK1G3_7_B1,KERCK1G3_7_B1,RTPD,LMP,LMP_PRC,KERCK1G3_7_B1,ALL,1,119.54971,3,16
2022-09-01T14:30:00-00:00,2022-09-01T14:45:00-00:00,2022-09-01,08,KERCK1G3_7_B1,KERCK1G3_7_B1,KERCK1G3_7_B1,RTPD,LMP,LMP_PRC,KERCK1G3_7_B1,ALL,1,111.17248,3,16
2022-09-01T15:30:00-00:00,2022-09-01T15:45:00-00:00,2022-09-01,09,KERCK1G3_7_B1,KERCK1G3_7_B1,KERCK1G3_7_B1,RTPD,LMP,LMP_PRC,KERCK1G3_7_B1,ALL,1,86.1388,3,16
2022-09-01T16:30:00-00:00,2022-09-01T16:45:00-00:00,2022-09-01,10,KERCK1G3_7_B1,KERCK1G3_7_B1,KERCK1G3_7_B1,RTPD,LMP,LMP_PRC,KERCK1G3_7_B1,ALL,1,73.40932,3,16
2022-09-01T17:30:00-00:00,2022-09-01T17:45:00-00:00,2022-09-01,11,KERCK1G3_7_B1,KERCK1G3_7_B1,KERCK1G3_7_B1,RTPD,LMP,LMP_PRC,KERCK1G3_7_B1,ALL,1,76.26049,3,16
2022-09-01T18:30:00-00:00,2022-09-01T18:45:00-00:00,2022-09-01,12,KERCK1G3_7_B1,KERCK1G3_7_B1,KERCK1G3_7_B1,RTPD,LMP,LMP_PRC,KERCK1G3_7_B1,ALL,1,76.26505,3,16
2022-09-01T19:30:00-00:00,2022-09-01T19:45:00-00:00,2022-09-01,13,KERCK1G3_7_B1,KERCK1G3_7_B1,KERCK1G3_7_B1,RTPD,LMP,LMP_PRC,KERCK1G3_7_B1,ALL,1,99.88586,3,16
2022-09-01T20:30:00-00:00,2022-09-01T20:45:00-00:00,2022-09-01,14,KERCK1G3_7_B1,KERCK1G3_7_B1,KERCK1G3_7_B1,RTPD,LMP,LMP_PRC,KERCK1G3_7_B1,ALL,1,115.5246,3,16
2022-09-01T21:30:00-00:00,2022-09-01T21:45:00-00:00,2022-09-01,15,KERCK1G3_7_B1,KERCK1G3_7_B1,KERCK1G3_7_B1,RTPD,LMP,LMP_PRC,KERCK1G3_7_B1,ALL,1,125.43076,3,16
2022-09-01T22:30:00-00:00,2022-09-01T22:45:00-00:00,2022-09-01,16,KERCK1G3_7_B1,KERCK1G3_7_B1,KERCK1G3_7_B1,RTPD,LMP,LMP_PRC,KERCK1G3_7_B1,ALL,1,141.63599,3,16
2022-09-01T23:30:00-00:00,2022-09-01T23:45:00-00:00,2022-09-01,17,KERCK1G3_7_B1,KERCK1G3_7_B1,KERCK1G3_7_B1,RTPD,LMP,LMP_PRC,KERCK1G3_7_B1,ALL,1,619.61115,3,16
2022-09-02T00:30:00-00:00,2022-09-02T00:45:00-00:00,2022-09-01,18,KERCK1G3_7_B1,KERCK1G3_7_B1,KERCK1G3_7_B1,RTPD,LMP,LMP_PRC,KERCK1G3_7_B1,ALL,1,1728.4335,3,16
2022-09-02T01:30:00-00:00,2022-09-02T01:45:00-00:00,2022-09-01,19,KERCK1G3_7_B1,KERCK1G3_7_B1,KERCK1G3_7_B1,RTPD,LMP,LMP_PRC,KERCK1G3_7_B1,ALL,1,1999.9956,3,16
2022-09-02T02:30:00-00:00,2022-09-02T02:45:00-00:00,2022-09-01,20,KERCK1G3_7_B1,KERCK1G3_7_B1,KERCK1G3_7_B1,RTPD,LMP,LMP_PRC,KERCK1G3_7_B1,ALL,1,1991.671,3,16
2022-09-02T03:30:00-00:00,2022-09-02T03:45:00-00:00,2022-09-01,21,KERCK1G3_7_B1,KERCK1G3_7_B1,KERCK1G3_7_B1,RTPD,LMP,LMP_PRC,KERCK1G3_7_B1,ALL,1,245.24783,3,16
2022-09-02T04:30:00-00:00,2022-09-02T04:45:00-00:00,2022-09-01,22,KERCK1G3_7_B1,KERCK1G3_7_B1,KERCK1G3_7_B1,RTPD,LMP,LMP_PRC,KERCK1G3_7_B1,ALL,1,817.396,3,16
2022-09-02T05:30:00-00:00,2022-09-02T05:45:00-00:00,2022-09-01,23,KERCK1G3_7_B1,KERCK1G3_7_B1,KERCK1G3_7_B1,RTPD,LMP,LMP_PRC,KERCK1G3_7_B1,ALL,1,162.5422,3,16
2022-09-02T06:30:00-00:00,2022-09-02T06:45:00-00:00,2022-09-01,24,KERCK1G3_7_B1,KERCK1G3_7_B1,KERCK1G3_7_B1,RTPD,LMP,LMP_PRC,KERCK1G3_7_B1,ALL,1,153.58977,3,16
2022-09-01T07:45:00-00:00,2022-09-01T08:00:00-00:00,2022-09-01,01,KERCK1G3_7_B1,KERCK1G3_7_B1,KERCK1G3_7_B1,RTPD,LMP,LMP_PRC,KERCK1G3_7_B1,ALL,1,88.176,4,16
2022-09-01T08:45:00-00:00,2022-09-01T09:00:00-00:00,2022-09-01,02,KERCK1G3_7_B1,KERCK1G3_7_B1,KERCK1G3_7_B1,RTPD,LMP,LMP_PRC,KERCK1G3_7_B1,ALL,1,104.98724,4,16
2022-09-01T09:45:00-00:00,2022-09-01T10:00:00-00:00,2022-09-01,03,KERCK1G3_7_B1,KERCK1G3_7_B1,KERCK1G3_7_B1,RTPD,LMP,LMP_PRC,KERCK1G3_7_B1,ALL,1,100.55109,4,16
2022-09-01T10:45:00-00:00,2022-09-01T11:00:00-00:00,2022-09-01,04,KERCK1G3_7_B1,KERCK1G3_7_B1,KERCK1G3_7_B1,RTPD,LMP,LMP_PRC,KERCK1G3_7_B1,ALL,1,102.19338,4,16
2022-09-01T11:45:00-00:00,2022-09-01T12:00:00-00:00,2022-09-01,05,KERCK1G3_7_B1,KERCK1G3_7_B1,KERCK1G3_7_B1,RTPD,LMP,LMP_PRC,KERCK1G3_7_B1,ALL,1,107.01,4,16
2022-09-01T12:45:00-00:00,2022-09-01T13:00:00-00:00,2022-09-01,06,KERCK1G3_7_B1,KERCK1G3_7_B1,KERCK1G3_7_B1,RTPD,LMP,LMP_PRC,KERCK1G3_7_B1,ALL,1,113.80428,4,16
2022-09-01T13:45:00-00:00,2022-09-01T14:00:00-00:00,2022-09-01,07,KERCK1G3_7_B1,KERCK1G3_7_B1,KERCK1G3_7_B1,RTPD,LMP,LMP_PRC,KERCK1G3_7_B1,ALL,1,111.41,4,16
2022-09-01T14:45:00-00:00,2022-09-01T15:00:00-00:00,2022-09-01,08,KERCK1G3_7_B1,KERCK1G3_7_B1,KERCK1G3_7_B1,RTPD,LMP,LMP_PRC,KERCK1G3_7_B1,ALL,1,86.1388,4,16
2022-09-01T15:45:00-00:00,2022-09-01T16:00:00-00:00,2022-09-01,09,KERCK1G3_7_B1,KERCK1G3_7_B1,KERCK1G3_7_B1,RTPD,LMP,LMP_PRC,KERCK1G3_7_B1,ALL,1,78.70076,4,16
2022-09-01T16:45:00-00:00,2022-09-01T17:00:00-00:00,2022-09-01,10,KERCK1G3_7_B1,KERCK1G3_7_B1,KERCK1G3_7_B1,RTPD,LMP,LMP_PRC,KERCK1G3_7_B1,ALL,1,77.32372,4,16
2022-09-01T17:45:00-00:00,2022-09-01T18:00:00-00:00,2022-09-01,11,KERCK1G3_7_B1,KERCK1G3_7_B1,KERCK1G3_7_B1,RTPD,LMP,LMP_PRC,KERCK1G3_7_B1,ALL,1,76.68788,4,16
2022-09-01T18:45:00-00:00,2022-09-01T19:00:00-00:00,2022-09-01,12,KERCK1G3_7_B1,KERCK1G3_7_B1,KERCK1G3_7_B1,RTPD,LMP,LMP_PRC,KERCK1G3_7_B1,ALL,1,78.36638,4,16
2022-09-01T19:45:00-00:00,2022-09-01T20:00:00-00:00,2022-09-01,13,KERCK1G3_7_B1,KERCK1G3_7_B1,KERCK1G3_7_B1,RTPD,LMP,LMP_PRC,KERCK1G3_7_B1,ALL,1,104.86974,4,16
2022-09-01T20:45:00-00:00,2022-09-01T21:00:00-00:00,2022-09-01,14,KERCK1G3_7_B1,KERCK1G3_7_B1,KERCK1G3_7_B1,RTPD,LMP,LMP_PRC,KERCK1G3_7_B1,ALL,1,122.36586,4,16
2022-09-01T21:45:00-00:00,2022-09-01T22:00:00-00:00,2022-09-01,15,KERCK1G3_7_B1,KERCK1G3_7_B1,KERCK1G3_7_B1,RTPD,LMP,LMP_PRC,KERCK1G3_7_B1,ALL,1,200.38533,4,16
2022-09-01T22:45:00-00:00,2022-09-01T23:00:00-00:00,2022-09-01,16,KERCK1G3_7_B1,KERCK1G3_7_B1,KERCK1G3_7_B1,RTPD,LMP,LMP_PRC,KERCK1G3_7_B1,ALL,1,143.44678,4,16
2022-09-01T23:45:00-00:00,2022-09-02T00:00:00-00:00,2022-09-01,17,KERCK1G3_7_B1,KERCK1G3_7_B1,KERCK1G3_7_B1,RTPD,LMP,LMP_PRC,KERCK1G3_7_B1,ALL,1,1610.7982,4,16
2022-09-02T00:45:00-00:00,2022-09-02T01:00:00-00:00,2022-09-01,18,KERCK1G3_7_B1,KERCK1G3_7_B1,KERCK1G3_7_B1,RTPD,LMP,LMP_PRC,KERCK1G3_7_B1,ALL,1,1770.5658,4,16
2022-09-02T01:45:00-00:00,2022-09-02T02:00:00-00:00,2022-09-01,19,KERCK1G3_7_B1,KERCK1G3_7_B1,KERCK1G3_7_B1,RTPD,LMP,LMP_PRC,KERCK1G3_7_B1,ALL,1,1991.9337,4,16
2022-09-02T02:45:00-00:00,2022-09-02T03:00:00-00:00,2022-09-01,20,KERCK1G3_7_B1,KERCK1G3_7_B1,KERCK1G3_7_B1,RTPD,LMP,LMP_PRC,KERCK1G3_7_B1,ALL,1,1915.4629,4,16
2022-09-02T03:45:00-00:00,2022-09-02T04:00:00-00:00,2022-09-01,21,KERCK1G3_7_B1,KERCK1G3_7_B1,KERCK1G3_7_B1,RTPD,LMP,LMP_PRC,KERCK1G3_7_B1,ALL,1,177.8073,4,16
2022-09-02T04:45:00-00:00,2022-09-02T05:00:00-00:00,2022-09-01,22,KERCK1G3_7_B1,KERCK1G3_7_B1,KERCK1G3_7_B1,RTPD,LMP,LMP_PRC,KERCK1G3_7_B1,ALL,1,164.64311,4,16
2022-09-02T05:45:00-00:00,2022-09-02T06:00:00-00:00,2022-09-01,23,KERCK1G3_7_B1,KERCK1G3_7_B1,KERCK1G3_7_B1,RTPD,LMP,LMP_PRC,KERCK1G3_7_B1,ALL,1,325.71515,4,16
2022-09-02T06:45:00-00:00,2022-09-02T07:00:00-00:00,2022-09-01,24,KERCK1G3_7_B1,KERCK1G3_7_B1,KERCK1G3_7_B1,RTPD,LMP,LMP_PRC,KERCK1G3_7_B1,ALL,1,127.52258,4,16
2022-09-01T07:00:00-00:00,2022-09-01T07:15:00-00:00,2022-09-01,01,KERCK1G3_7_B1,KERCK1G3_7_B1,KERCK1G3_7_B1,RTPD,MCC,LMP_CONG_PRC,KERCK1G3_7_B1,ALL,1,-24.22549,1,17
2022-09-01T08:00:00-00:00,2022-09-01T08:15:00-00:00,2022-09-01,02,KERCK1G3_7_B1,KERCK1G3_7_B1,KERCK1G3_7_B1,RTPD,MCC,LMP_CONG_PRC,KERCK1G3_7_B1,ALL,1,-3.80099,1,17
2022-09-01T09:00:00-00:00,2022-09-01T09:15:00-00:00,2022-09-01,03,KERCK1G3_7_B1,KERCK1G3_7_B1,KERCK1G3_7_B1,RTPD,MCC,LMP_CONG_PRC,KERCK1G3_7_B1,ALL,1,-5.09291,1,17
2022-09-01T10:00:00-00:00,2022-09-01T10:15:00-00:00,2022-09-01,04,KERCK1G3_7_B1,KERCK1G3_7_B1,KERCK1G3_7_B1,RTPD,MCC,LMP_CONG_PRC,KERCK1G3_7_B1,ALL,1,-4.41802,1,17
2022-09-01T11:00:00-00:00,2022-09-01T11:15:00-00:00,2022-09-01,05,KERCK1G3_7_B1,KERCK1G3_7_B1,KERCK1G3_7_B1,RTPD,MCC,LMP_CONG_PRC,KERCK1G3_7_B1,ALL,1,0,1,17
2022-09-01T12:00:00-00:00,2022-09-01T12:15:00-00:00,2022-09-01,06,KERCK1G3_7_B1,KERCK1G3_7_B1,KERCK1G3_7_B1,RTPD,MCC,LMP_CONG_PRC,KERCK1G3_7_B1,ALL,1,-11.36554,1,17
2022-09-01T13:00:00-00:00,2022-09-01T13:15:00-00:00,2022-09-01,07,KERCK1G3_7_B1,KERCK1G3_7_B1,KERCK1G3_7_B1,RTPD,MCC,LMP_CONG_PRC,KERCK1G3_7_B1,ALL,1,-15.09666,1,17
2022-09-01T14:00:00-00:00,2022-09-01T14:15:00-00:00,2022-09-01,08,KERCK1G3_7_B1,KERCK1G3_7_B1,KERCK1G3_7_B1,RTPD,MCC,LMP_CONG_PRC,KERCK1G3_7_B1,ALL,1,0,1,17
2022-09-01T15:00:00-00:00,2022-09-01T15:15:00-00:00,2022-09-01,09,KERCK1G3_7_B1,KERCK1G3_7_B1,KERCK1G3_7_B1,RTPD,MCC,LMP_CONG_PRC,KERCK1G3_7_B1,ALL,1,0,1,17
2022-09-01T16:00:00-00:00,2022-09-01T16:15:00-00:00,2022-09-01,10,KERCK1G3_7_B1,KERCK1G3_7_B1,KERCK1G3_7_B1,RTPD,MCC,LMP_CONG_PRC,KERCK1G3_7_B1,ALL,1,0,1,17
2022-09-01T17:00:00-00:00,2022-09-01T17:15:00-00:00,2022-09-01,11,KERCK1G3_7_B1,KERCK1G3_7_B1,KERCK1G3_7_B1,RTPD,MCC,LMP_CONG_PRC,KERCK1G3_7_B1,ALL,1,-18.63972,1,17
2022-09-01T18:00:00-00:00,2022-09-01T18:15:00-00:00,2022-09-01,12,KERCK1G3_7_B1,KERCK1G3_7_B1,KERCK1G3_7_B1,RTPD,MCC,LMP_CONG_PRC,KERCK1G3_7_B1,ALL,1,-36.28161,1,17
2022-09-01T19:00:00-00:00,2022-09-01T19:15:00-00:00,2022-09-01,13,KERCK1G3_7_B1,KERCK1G3_7_B1,KERCK1G3_7_B1,RTPD,MCC,LMP_CONG_PRC,KERCK1G3_7_B1,ALL,1,-40.00612,1,17
2022-09-01T20:00:00-00:00,2022-09-01T20:15:00-00:00,2022-09-01,14,KERCK1G3_7_B1,KERCK1G3_7_B1,KERCK1G3_7_B1,RTPD,MCC,LMP_CONG_PRC,KERCK1G3_7_B1,ALL,1,-3.93333,1,17
2022-09-01T21:00:00-00:00,2022-09-01T21:15:00-00:00,2022-09-01,15,KERCK1G3_7_B1,KERCK1G3_7_B1,KERCK1G3_7_B1,RTPD,MCC,LMP_CONG_PRC,KERCK1G3_7_B1,ALL,1,-110.76587,1,17
2022-09-01T22:00:00-00:00,2022-09-01T22:15:00-00:00,2022-09-01,16,KERCK1G3_7_B1,KERCK1G3_7_B1,KERCK1G3_7_B1,RTPD,MCC,LMP_CONG_PRC,KERCK1G3_7_B1,ALL,1,-119.99866,1,17
2022-09-01T23:00:00-00:00,2022-09-01T23:15:00-00:00,2022-09-01,17,KERCK1G3_7_B1,KERCK1G3_7_B1,KERCK1G3_7_B1,RTPD,MCC,LMP_CONG_PRC,KERCK1G3_7_B1,ALL,1,-193.9327,1,17
2022-09-02T00:00:00-00:00,2022-09-02T00:15:00-00:00,2022-09-01,18,KERCK1G3_7_B1,KERCK1G3_7_B1,KERCK1G3_7_B1,RTPD,MCC,LMP_CONG_PRC,KERCK1G3_7_B1,ALL,1,290.89676,1,17
2022-09-02T01:00:00-00:00,2022-09-02T01:15:00-00:00,2022-09-01,19,KERCK1G3_7_B1,KERCK1G3_7_B1,KERCK1G3_7_B1,RTPD,MCC,LMP_CONG_PRC,KERCK1G3_7_B1,ALL,1,388.48923,1,17
2022-09-02T02:00:00-00:00,2022-09-02T02:15:00-00:00,2022-09-01,20,KERCK1G3_7_B1,KERCK1G3_7_B1,KERCK1G3_7_B1,RTPD,MCC,LMP_CONG_PRC,KERCK1G3_7_B1,ALL,1,0,1,17
2022-09-02T03:00:00-00:00,2022-09-02T03:15:00-00:00,2022-09-01,21,KERCK1G3_7_B1,KERCK1G3_7_B1,KERCK1G3_7_B1,RTPD,MCC,LMP_CONG_PRC,KERCK1G3_7_B1,ALL,1,491.66382,1,17
2022-09-02T04:00:00-00:00,2022-09-02T04:15:00-00:00,2022-09-01,22,KERCK1G3_7_B1,KERCK1G3_7_B1,KERCK1G3_7_B1,RTPD,MCC,LMP_CONG_PRC,KERCK1G3_7_B1,ALL,1,1231.089,1,17
2022-09-02T05:00:00-00:00,2022-09-02T05:15:00-00:00,2022-09-01,23,KERCK1G3_7_B1,KERCK1G3_7_B1,KERCK1G3_7_B1,RTPD,MCC,LMP_CONG_PRC,KERCK1G3_7_B1,ALL,1,13.35304,1,17
2022-09-02T06:00:00-00:00,2022-09-02T06:15:00-00:00,2022-09-01,24,KERCK1G3_7_B1,KERCK1G3_7_B1,KERCK1G3_7_B1,RTPD,MCC,LMP_CONG_PRC,KERCK1G3_7_B1,ALL,1,157.03728,1,17
2022-09-01T07:15:00-00:00,2022-09-01T07:30:00-00:00,2022-09-01,01,KERCK1G3_7_B1,KERCK1G3_7_B1,KERCK1G3_7_B1,RTPD,MCC,LMP_CONG_PRC,KERCK1G3_7_B1,ALL,1,-11.38691,2,17
2022-09-01T08:15:00-00:00,2022-09-01T08:30:00-00:00,2022-09-01,02,KERCK1G3_7_B1,KERCK1G3_7_B1,KERCK1G3_7_B1,RTPD,MCC,LMP_CONG_PRC,KERCK1G3_7_B1,ALL,1,-1.0375,2,17
2022-09-01T09:15:00-00:00,2022-09-01T09:30:00-00:00,2022-09-01,03,KERCK1G3_7_B1,KERCK1G3_7_B1,KERCK1G3_7_B1,RTPD,MCC,LMP_CONG_PRC,KERCK1G3_7_B1,ALL,1,-6.71006,2,17
2022-09-01T10:15:00-00:00,2022-09-01T10:30:00-00:00,2022-09-01,04,KERCK1G3_7_B1,KERCK1G3_7_B1,KERCK1G3_7_B1,RTPD,MCC,LMP_CONG_PRC,KERCK1G3_7_B1,ALL,1,-6.25145,2,17
2022-09-01T11:15:00-00:00,2022-09-01T11:30:00-00:00,2022-09-01,05,KERCK1G3_7_B1,KERCK1G3_7_B1,KERCK1G3_7_B1,RTPD,MCC,LMP_CONG_PRC,KERCK1G3_7_B1,ALL,1,0,2,17
2022-09-01T12:15:00-00:00,2022-09-01T12:30:00-00:00,2022-09-01,06,KERCK1G3_7_B1,KERCK1G3_7_B1,KERCK1G3_7_B1,RTPD,MCC,LMP_CONG_PRC,KERCK1G3_7_B1,ALL,1,-6.94782,2,17
2022-09-01T13:15:00-00:00,2022-09-01T13:30:00-00:00,2022-09-01,07,KERCK1G3_7_B1,KERCK1G3_7_B1,KERCK1G3_7_B1,RTPD,MCC,LMP_CONG_PRC,KERCK1G3_7_B1,ALL,1,-0.64785,2,17
2022-09-01T14:15:00-00:00,2022-09-01T14:30:00-00:00,2022-09-01,08,KERCK1G3_7_B1,KERCK1G3_7_B1,KERCK1G3_7_B1,RTPD,MCC,LMP_CONG_PRC,KERCK1G3_7_B1,ALL,1,0,2,17
2022-09-01T15:15:00-00:00,2022-09-01T15:30:00-00:00,2022-09-01,09,KERCK1G3_7_B1,KERCK1G3_7_B1,KERCK1G3_7_B1,RTPD,MCC,LMP_CONG_PRC,KERCK1G3_7_B1,ALL,1,0,2,17
2022-09-01T16:15:00-00:00,2022-09-01T16:30:00-00:00,2022-09-01,10,KERCK1G3_7_B1,KERCK1G3_7_B1,KERCK1G3_7_B1,RTPD,MCC,LMP_CONG_PRC,KERCK1G3_7_B1,ALL,1,-1.83878,2,17
2022-09-01T17:15:00-00:00,2022-09-01T17:30:00-00:00,2022-09-01,11,KERCK1G3_7_B1,KERCK1G3_7_B1,KERCK1G3_7_B1,RTPD,MCC,LMP_CONG_PRC,KERCK1G3_7_B1,ALL,1,-22.79912,2,17
2022-09-01T18:15:00-00:00,2022-09-01T18:30:00-00:00,2022-09-01,12,KERCK1G3_7_B1,KERCK1G3_7_B1,KERCK1G3_7_B1,RTPD,MCC,LMP_CONG_PRC,KERCK1G3_7_B1,ALL,1,-29.54425,2,17
2022-09-01T19:15:00-00:00,2022-09-01T19:30:00-00:00,2022-09-01,13,KERCK1G3_7_B1,KERCK1G3_7_B1,KERCK1G3_7_B1,RTPD,MCC,LMP_CONG_PRC,KERCK1G3_7_B1,ALL,1,-32.94396,2,17
2022-09-01T20:15:00-00:00,2022-09-01T20:30:00-00:00,2022-09-01,14,KERCK1G3_7_B1,KERCK1G3_7_B1,KERCK1G3_7_B1,RTPD,MCC,LMP_CONG_PRC,KERCK1G3_7_B1,ALL,1,-3.54204,2,17
2022-09-01T21:15:00-00:00,2022-09-01T21:30:00-00:00,2022-09-01,15,KERCK1G3_7_B1,KERCK1G3_7_B1,KERCK1G3_7_B1,RTPD,MCC,LMP_CONG_PRC,KERCK1G3_7_B1,ALL,1,-29.93511,2,17
2022-09-01T22:15:00-00:00,2022-09-01T22:30:00-00:00,2022-09-01,16,KERCK1G3_7_B1,KERCK1G3_7_B1,KERCK1G3_7_B1,RTPD,MCC,LMP_CONG_PRC,KERCK1G3_7_B1,ALL,1,-131.64032,2,17
2022-09-01T23:15:00-00:00,2022-09-01T23:30:00-00:00,2022-09-01,17,KERCK1G3_7_B1,KERCK1G3_7_B1,KERCK1G3_7_B1,RTPD,MCC,LMP_CONG_PRC,KERCK1G3_7_B1,ALL,1,-106.36495,2,17
2022-09-02T00:15:00-00:00,2022-09-02T00:30:00-00:00,2022-09-01,18,KERCK1G3_7_B1,KERCK1G3_7_B1,KERCK1G3_7_B1,RTPD,MCC,LMP_CONG_PRC,KERCK1G3_7_B1,ALL,1,391.32135,2,17
2022-09-02T01:15:00-00:00,2022-09-02T01:30:00-00:00,2022-09-01,19,KERCK1G3_7_B1,KERCK1G3_7_B1,KERCK1G3_7_B1,RTPD,MCC,LMP_CONG_PRC,KERCK1G3_7_B1,ALL,1,0,2,17
2022-09-02T02:15:00-00:00,2022-09-02T02:30:00-00:00,2022-09-01,20,KERCK1G3_7_B1,KERCK1G3_7_B1,KERCK1G3_7_B1,RTPD,MCC,LMP_CONG_PRC,KERCK1G3_7_B1,ALL,1,0,2,17
2022-09-02T03:15:00-00:00,2022-09-02T03:30:00-00:00,2022-09-01,21,KERCK1G3_7_B1,KERCK1G3_7_B1,KERCK1G3_7_B1,RTPD,MCC,LMP_CONG_PRC,KERCK1G3_7_B1,ALL,1,181.52946,2,17
2022-09-02T04:15:00-00:00,2022-09-02T04:30:00-00:00,2022-09-01,22,KERCK1G3_7_B1,KERCK1G3_7_B1,KERCK1G3_7_B1,RTPD,MCC,LMP_CONG_PRC,KERCK1G3_7_B1,ALL,1,1120.0082,2,17
2022-09-02T05:15:00-00:00,2022-09-02T05:30:00-00:00,2022-09-01,23,KERCK1G3_7_B1,KERCK1G3_7_B1,KERCK1G3_7_B1,RTPD,MCC,LMP_CONG_PRC,KERCK1G3_7_B1,ALL,1,12.774,2,17
2022-09-02T06:15:00-00:00,2022-09-02T06:30:00-00:00,2022-09-01,24,KERCK1G3_7_B1,KERCK1G3_7_B1,KERCK1G3_7_B1,RTPD,MCC,LMP_CONG_PRC,KERCK1G3_7_B1,ALL,1,4.46714,2,17
2022-09-01T07:30:00-00:00,2022-09-01T07:45:00-00:00,2022-09-01,01,KERCK1G3_7_B1,KERCK1G3_7_B1,KERCK1G3_7_B1,RTPD,MCC,LMP_CONG_PRC,KERCK1G3_7_B1,ALL,1,-18.44849,3,17
2022-09-01T08:30:00-00:00,2022-09-01T08:45:00-00:00,2022-09-01,02,KERCK1G3_7_B1,KERCK1G3_7_B1,KERCK1G3_7_B1,RTPD,MCC,LMP_CONG_PRC,KERCK1G3_7_B1,ALL,1,-0.00098,3,17
2022-09-01T09:30:00-00:00,2022-09-01T09:45:00-00:00,2022-09-01,03,KERCK1G3_7_B1,KERCK1G3_7_B1,KERCK1G3_7_B1,RTPD,MCC,LMP_CONG_PRC,KERCK1G3_7_B1,ALL,1,-6.64983,3,17
2022-09-01T10:30:00-00:00,2022-09-01T10:45:00-00:00,2022-09-01,04,KERCK1G3_7_B1,KERCK1G3_7_B1,KERCK1G3_7_B1,RTPD,MCC,LMP_CONG_PRC,KERCK1G3_7_B1,ALL,1,-3.53474,3,17
2022-09-01T11:30:00-00:00,2022-09-01T11:45:00-00:00,2022-09-01,05,KERCK1G3_7_B1,KERCK1G3_7_B1,KERCK1G3_7_B1,RTPD,MCC,LMP_CONG_PRC,KERCK1G3_7_B1,ALL,1,0,3,17
2022-09-01T12:30:00-00:00,2022-09-01T12:45:00-00:00,2022-09-01,06,KERCK1G3_7_B1,KERCK1G3_7_B1,KERCK1G3_7_B1,RTPD,MCC,LMP_CONG_PRC,KERCK1G3_7_B1,ALL,1,-12.02993,3,17
2022-09-01T13:30:00-00:00,2022-09-01T13:45:00-00:00,2022-09-01,07,KERCK1G3_7_B1,KERCK1G3_7_B1,KERCK1G3_7_B1,RTPD,MCC,LMP_CONG_PRC,KERCK1G3_7_B1,ALL,1,0,3,17
2022-09-01T14:30:00-00:00,2022-09-01T14:45:00-00:00,2022-09-01,08,KERCK1G3_7_B1,KERCK1G3_7_B1,KERCK1G3_7_B1,RTPD,MCC,LMP_CONG_PRC,KERCK1G3_7_B1,ALL,1,0,3,17
2022-09-01T15:30:00-00:00,2022-09-01T15:45:00-00:00,2022-09-01,09,KERCK1G3_7_B1,KERCK1G3_7_B1,KERCK1G3_7_B1,RTPD,MCC,LMP_CONG_PRC,KERCK1G3_7_B1,ALL,1,0,3,17
2022-09-01T16:30:00-00:00,2022-09-01T16:45:00-00:00,2022-09-01,10,KERCK1G3_7_B1,KERCK1G3_7_B1,KERCK1G3_7_B1,RTPD,MCC,LMP_CONG_PRC,KERCK1G3_7_B1,ALL,1,-15.38712,3,17
2022-09-01T17:30:00-00:00,2022-09-01T17:45:00-00:00,2022-09-01,11,KERCK1G3_7_B1,KERCK1G3_7_B1,KERCK1G3_7_B1,RTPD,MCC,LMP_CONG_PRC,KERCK1G3_7_B1,ALL,1,-22.86964,3,17
2022-09-01T18:30:00-00:00,2022-09-01T18:45:00-00:00,2022-09-01,12,KERCK1G3_7_B1,KERCK1G3_7_B1,KERCK1G3_7_B1,RTPD,MCC,LMP_CONG_PRC,KERCK1G3_7_B1,ALL,1,-30.79212,3,17
2022-09-01T19:30:00-00:00,2022-09-01T19:45:00-00:00,2022-09-01,13,KERCK1G3_7_B1,KERCK1G3_7_B1,KERCK1G3_7_B1,RTPD,MCC,LMP_CONG_PRC,KERCK1G3_7_B1,ALL,1,-14.17319,3,17
2022-09-01T20:30:00-00:00,2022-09-01T20:45:00-00:00,2022-09-01,14,KERCK1G3_7_B1,KERCK1G3_7_B1,KERCK1G3_7_B1,RTPD,MCC,LMP_CONG_PRC,KERCK1G3_7_B1,ALL,1,-14.29144,3,17
2022-09-01T21:30:00-00:00,2022-09-01T21:45:00-00:00,2022-09-01,15,KERCK1G3_7_B1,KERCK1G3_7_B1,KERCK1G3_7_B1,RTPD,MCC,LMP_CONG_PRC,KERCK1G3_7_B1,ALL,1,-27.49981,3,17
2022-09-01T22:30:00-00:00,2022-09-01T22:45:00-00:00,2022-09-01,16,KERCK1G3_7_B1,KERCK1G3_7_B1,KERCK1G3_7_B1,RTPD,MCC,LMP_CONG_PRC,KERCK1G3_7_B1,ALL,1,-141.54584,3,17
2022-09-01T23:30:00-00:00,2022-09-01T23:45:00-00:00,2022-09-01,17,KERCK1G3_7_B1,KERCK1G3_7_B1,KERCK1G3_7_B1,RTPD,MCC,LMP_CONG_PRC,KERCK1G3_7_B1,ALL,1,53.12956,3,17
2022-09-02T00:30:00-00:00,2022-09-02T00:45:00-00:00,2022-09-01,18,KERCK1G3_7_B1,KERCK1G3_7_B1,KERCK1G3_7_B1,RTPD,MCC,LMP_CONG_PRC,KERCK1G3_7_B1,ALL,1,399.32092,3,17
2022-09-02T01:30:00-00:00,2022-09-02T01:45:00-00:00,2022-09-01,19,KERCK1G3_7_B1,KERCK1G3_7_B1,KERCK1G3_7_B1,RTPD,MCC,LMP_CONG_PRC,KERCK1G3_7_B1,ALL,1,0,3,17
2022-09-02T02:30:00-00:00,2022-09-02T02:45:00-00:00,2022-09-01,20,KERCK1G3_7_B1,KERCK1G3_7_B1,KERCK1G3_7_B1,RTPD,MCC,LMP_CONG_PRC,KERCK1G3_7_B1,ALL,1,0,3,17
2022-09-02T03:30:00-00:00,2022-09-02T03:45:00-00:00,2022-09-01,21,KERCK1G3_7_B1,KERCK1G3_7_B1,KERCK1G3_7_B1,RTPD,MCC,LMP_CONG_PRC,KERCK1G3_7_B1,ALL,1,28.28549,3,17
2022-09-02T04:30:00-00:00,2022-09-02T04:45:00-00:00,2022-09-01,22,KERCK1G3_7_B1,KERCK1G3_7_B1,KERCK1G3_7_B1,RTPD,MCC,LMP_CONG_PRC,KERCK1G3_7_B1,ALL,1,603.63556,3,17
2022-09-02T05:30:00-00:00,2022-09-02T05:45:00-00:00,2022-09-01,23,KERCK1G3_7_B1,KERCK1G3_7_B1,KERCK1G3_7_B1,RTPD,MCC,LMP_CONG_PRC,KERCK1G3_7_B1,ALL,1,9.94238,3,17
2022-09-02T06:30:00-00:00,2022-09-02T06:45:00-00:00,2022-09-01,24,KERCK1G3_7_B1,KERCK1G3_7_B1,KERCK1G3_7_B1,RTPD,MCC,LMP_CONG_PRC,KERCK1G3_7_B1,ALL,1,9.35637,3,17
2022-09-01T07:45:00-00:00,2022-09-01T08:00:00-00:00,2022-09-01,01,KERCK1G3_7_B1,KERCK1G3_7_B1,KERCK1G3_7_B1,RTPD,MCC,LMP_CONG_PRC,KERCK1G3_7_B1,ALL,1,-20.94498,4,17
2022-09-01T08:45:00-00:00,2022-09-01T09:00:00-00:00,2022-09-01,02,KERCK1G3_7_B1,KERCK1G3_7_B1,KERCK1G3_7_B1,RTPD,MCC,LMP_CONG_PRC,KERCK1G3_7_B1,ALL,1,-5.11294,4,17
2022-09-01T09:45:00-00:00,2022-09-01T10:00:00-00:00,2022-09-01,03,KERCK1G3_7_B1,KERCK1G3_7_B1,KERCK1G3_7_B1,RTPD,MCC,LMP_CONG_PRC,KERCK1G3_7_B1,ALL,1,-5.9241,4,17
2022-09-01T10:45:00-00:00,2022-09-01T11:00:00-00:00,2022-09-01,04,KERCK1G3_7_B1,KERCK1G3_7_B1,KERCK1G3_7_B1,RTPD,MCC,LMP_CONG_PRC,KERCK1G3_7_B1,ALL,1,-1.39204,4,17
2022-09-01T11:45:00-00:00,2022-09-01T12:00:00-00:00,2022-09-01,05,KERCK1G3_7_B1,KERCK1G3_7_B1,KERCK1G3_7_B1,RTPD,MCC,LMP_CONG_PRC,KERCK1G3_7_B1,ALL,1,0,4,17
2022-09-01T12:45:00-00:00,2022-09-01T13:00:00-00:00,2022-09-01,06,KERCK1G3_7_B1,KERCK1G3_7_B1,KERCK1G3_7_B1,RTPD,MCC,LMP_CONG_PRC,KERCK1G3_7_B1,ALL,1,-2.68053,4,17
2022-09-01T13:45:00-00:00,2022-09-01T14:00:00-00:00,2022-09-01,07,KERCK1G3_7_B1,KERCK1G3_7_B1,KERCK1G3_7_B1,RTPD,MCC,LMP_CONG_PRC,KERCK1G3_7_B1,ALL,1,0,4,17
2022-09-01T14:45:00-00:00,2022-09-01T15:00:00-00:00,2022-09-01,08,KERCK1G3_7_B1,KERCK1G3_7_B1,KERCK1G3_7_B1,RTPD,MCC,LMP_CONG_PRC,KERCK1G3_7_B1,ALL,1,0,4,17
2022-09-01T15:45:00-00:00,2022-09-01T16:00:00-00:00,2022-09-01,09,KERCK1G3_7_B1,KERCK1G3_7_B1,KERCK1G3_7_B1,RTPD,MCC,LMP_CONG_PRC,KERCK1G3_7_B1,ALL,1,0,4,17
2022-09-01T16:45:00-00:00,2022-09-01T17:00:00-00:00,2022-09-01,10,KERCK1G3_7_B1,KERCK1G3_7_B1,KERCK1G3_7_B1,RTPD,MCC,LMP_CONG_PRC,KERCK1G3_7_B1,ALL,1,-13.92561,4,17
2022-09-01T17:45:00-00:00,2022-09-01T18:00:00-00:00,2022-09-01,11,KERCK1G3_7_B1,KERCK1G3_7_B1,KERCK1G3_7_B1,RTPD,MCC,LMP_CONG_PRC,KERCK1G3_7_B1,ALL,1,-22.51756,4,17
2022-09-01T18:45:00-00:00,2022-09-01T19:00:00-00:00,2022-09-01,12,KERCK1G3_7_B1,KERCK1G3_7_B1,KERCK1G3_7_B1,RTPD,MCC,LMP_CONG_PRC,KERCK1G3_7_B1,ALL,1,-30.67426,4,17
2022-09-01T19:45:00-00:00,2022-09-01T20:00:00-00:00,2022-09-01,13,KERCK1G3_7_B1,KERCK1G3_7_B1,KERCK1G3_7_B1,RTPD,MCC,LMP_CONG_PRC,KERCK1G3_7_B1,ALL,1,-15.35517,4,17
2022-09-01T20:45:00-00:00,2022-09-01T21:00:00-00:00,2022-09-01,14,KERCK1G3_7_B1,KERCK1G3_7_B1,KERCK1G3_7_B1,RTPD,MCC,LMP_CONG_PRC,KERCK1G3_7_B1,ALL,1,-31.65923,4,17
2022-09-01T21:45:00-00:00,2022-09-01T22:00:00-00:00,2022-09-01,15,KERCK1G3_7_B1,KERCK1G3_7_B1,KERCK1G3_7_B1,RTPD,MCC,LMP_CONG_PRC,KERCK1G3_7_B1,ALL,1,-99.90843,4,17
2022-09-01T22:45:00-00:00,2022-09-01T23:00:00-00:00,2022-09-01,16,KERCK1G3_7_B1,KERCK1G3_7_B1,KERCK1G3_7_B1,RTPD,MCC,LMP_CONG_PRC,KERCK1G3_7_B1,ALL,1,-286.46692,4,17
2022-09-01T23:45:00-00:00,2022-09-02T00:00:00-00:00,2022-09-01,17,KERCK1G3_7_B1,KERCK1G3_7_B1,KERCK1G3_7_B1,RTPD,MCC,LMP_CONG_PRC,KERCK1G3_7_B1,ALL,1,349.5858,4,17
2022-09-02T00:45:00-00:00,2022-09-02T01:00:00-00:00,2022-09-01,18,KERCK1G3_7_B1,KERCK1G3_7_B1,KERCK1G3_7_B1,RTPD,MCC,LMP_CONG_PRC,KERCK1G3_7_B1,ALL,1,251.41673,4,17
2022-09-02T01:45:00-00:00,2022-09-02T02:00:00-00:00,2022-09-01,19,KERCK1G3_7_B1,KERCK1G3_7_B1,KERCK1G3_7_B1,RTPD,MCC,LMP_CONG_PRC,KERCK1G3_7_B1,ALL,1,0,4,17
2022-09-02T02:45:00-00:00,2022-09-02T03:00:00-00:00,2022-09-01,20,KERCK1G3_7_B1,KERCK1G3_7_B1,KERCK1G3_7_B1,RTPD,MCC,LMP_CONG_PRC,KERCK1G3_7_B1,ALL,1,113.91646,4,17
2022-09-02T03:45:00-00:00,2022-09-02T04:00:00-00:00,2022-09-01,21,KERCK1G3_7_B1,KERCK1G3_7_B1,KERCK1G3_7_B1,RTPD,MCC,LMP_CONG_PRC,KERCK1G3_7_B1,ALL,1,16.47356,4,17
2022-09-02T04:45:00-00:00,2022-09-02T05:00:00-00:00,2022-09-01,22,KERCK1G3_7_B1,KERCK1G3_7_B1,KERCK1G3_7_B1,RTPD,MCC,LMP_CONG_PRC,KERCK1G3_7_B1,ALL,1,16.49435,4,17
2022-09-02T05:45:00-00:00,2022-09-02T06:00:00-00:00,2022-09-01,23,KERCK1G3_7_B1,KERCK1G3_7_B1,KERCK1G3_7_B1,RTPD,MCC,LMP_CONG_PRC,KERCK1G3_7_B1,ALL,1,191.0439,4,17
2022-09-02T06:45:00-00:00,2022-09-02T07:00:00-00:00,2022-09-01,24,KERCK1G3_7_B1,KERCK1G3_7_B1,KERCK1G3_7_B1,RTPD,MCC,LMP_CONG_PRC,KERCK1G3_7_B1,ALL,1,6.14318,4,17
2022-09-01T07:00:00-00:00,2022-09-01T07:15:00-00:00,2022-09-01,01,KERCK1G3_7_B1,KERCK1G3_7_B1,KERCK1G3_7_B1,RTPD,MCE,LMP_ENE_PRC,KERCK1G3_7_B1,ALL,1,104.23471,1,18
2022-09-01T08:00:00-00:00,2022-09-01T08:15:00-00:00,2022-09-01,02,KERCK1G3_7_B1,KERCK1G3_7_B1,KERCK1G3_7_B1,RTPD,MCE,LMP_ENE_PRC,KERCK1G3_7_B1,ALL,1,115.5488,1,18
2022-09-01T09:00:00-00:00,2022-09-01T09:15:00-00:00,2022-09-01,03,KERCK1G3_7_B1,KERCK1G3_7_B1,KERCK1G3_7_B1,RTPD,MCE,LMP_ENE_PRC,KERCK1G3_7_B1,ALL,1,99.73061,1,18
2022-09-01T10:00:00-00:00,2022-09-01T10:15:00-00:00,2022-09-01,04,KERCK1G3_7_B1,KERCK1G3_7_B1,KERCK1G3_7_B1,RTPD,MCE,LMP_ENE_PRC,KERCK1G3_7_B1,ALL,1,98.64222,1,18
2022-09-01T11:00:00-00:00,2022-09-01T11:15:00-00:00,2022-09-01,05,KERCK1G3_7_B1,KERCK1G3_7_B1,KERCK1G3_7_B1,RTPD,MCE,LMP_ENE_PRC,KERCK1G3_7_B1,ALL,1,102.56859,1,18
2022-09-01T12:00:00-00:00,2022-09-01T12:15:00-00:00,2022-09-01,06,KERCK1G3_7_B1,KERCK1G3_7_B1,KERCK1G3_7_B1,RTPD,MCE,LMP_ENE_PRC,KERCK1G3_7_B1,ALL,1,96.90845,1,18
2022-09-01T13:00:00-00:00,2022-09-01T13:15:00-00:00,2022-09-01,07,KERCK1G3_7_B1,KERCK1G3_7_B1,KERCK1G3_7_B1,RTPD,MCE,LMP_ENE_PRC,KERCK1G3_7_B1,ALL,1,101.80878,1,18
2022-09-01T14:00:00-00:00,2022-09-01T14:15:00-00:00,2022-09-01,08,KERCK1G3_7_B1,KERCK1G3_7_B1,KERCK1G3_7_B1,RTPD,MCE,LMP_ENE_PRC,KERCK1G3_7_B1,ALL,1,111.11219,1,18
2022-09-01T15:00:00-00:00,2022-09-01T15:15:00-00:00,2022-09-01,09,KERCK1G3_7_B1,KERCK1G3_7_B1,KERCK1G3_7_B1,RTPD,MCE,LMP_ENE_PRC,KERCK1G3_7_B1,ALL,1,97.4112,1,18
2022-09-01T16:00:00-00:00,2022-09-01T16:15:00-00:00,2022-09-01,10,KERCK1G3_7_B1,KERCK1G3_7_B1,KERCK1G3_7_B1,RTPD,MCE,LMP_ENE_PRC,KERCK1G3_7_B1,ALL,1,83.43525,1,18
2022-09-01T17:00:00-00:00,2022-09-01T17:15:00-00:00,2022-09-01,11,KERCK1G3_7_B1,KERCK1G3_7_B1,KERCK1G3_7_B1,RTPD,MCE,LMP_ENE_PRC,KERCK1G3_7_B1,ALL,1,96.94897,1,18
2022-09-01T18:00:00-00:00,2022-09-01T18:15:00-00:00,2022-09-01,12,KERCK1G3_7_B1,KERCK1G3_7_B1,KERCK1G3_7_B1,RTPD,MCE,LMP_ENE_PRC,KERCK1G3_7_B1,ALL,1,91.59291,1,18
2022-09-01T19:00:00-00:00,2022-09-01T19:15:00-00:00,2022-09-01,13,KERCK1G3_7_B1,KERCK1G3_7_B1,KERCK1G3_7_B1,RTPD,MCE,LMP_ENE_PRC,KERCK1G3_7_B1,ALL,1,109.19637,1,18
2022-09-01T20:00:00-00:00,2022-09-01T20:15:00-00:00,2022-09-01,14,KERCK1G3_7_B1,KERCK1G3_7_B1,KERCK1G3_7_B1,RTPD,MCE,LMP_ENE_PRC,KERCK1G3_7_B1,ALL,1,117.94359,1,18
2022-09-01T21:00:00-00:00,2022-09-01T21:15:00-00:00,2022-09-01,15,KERCK1G3_7_B1,KERCK1G3_7_B1,KERCK1G3_7_B1,RTPD,MCE,LMP_ENE_PRC,KERCK1G3_7_B1,ALL,1,226.61499,1,18
2022-09-01T22:00:00-00:00,2022-09-01T22:15:00-00:00,2022-09-01,16,KERCK1G3_7_B1,KERCK1G3_7_B1,KERCK1G3_7_B1,RTPD,MCE,LMP_ENE_PRC,KERCK1G3_7_B1,ALL,1,229.18552,1,18
2022-09-01T23:00:00-00:00,2022-09-01T23:15:00-00:00,2022-09-01,17,KERCK1G3_7_B1,KERCK1G3_7_B1,KERCK1G3_7_B1,RTPD,MCE,LMP_ENE_PRC,KERCK1G3_7_B1,ALL,1,386.7537,1,18
2022-09-02T00:00:00-00:00,2022-09-02T00:15:00-00:00,2022-09-01,18,KERCK1G3_7_B1,KERCK1G3_7_B1,KERCK1G3_7_B1,RTPD,MCE,LMP_ENE_PRC,KERCK1G3_7_B1,ALL,1,770.58136,1,18
2022-09-02T01:00:00-00:00,2022-09-02T01:15:00-00:00,2022-09-01,19,KERCK1G3_7_B1,KERCK1G3_7_B1,KERCK1G3_7_B1,RTPD,MCE,LMP_ENE_PRC,KERCK1G3_7_B1,ALL,1,916.27124,1,18
2022-09-02T02:00:00-00:00,2022-09-02T02:15:00-00:00,2022-09-01,20,KERCK1G3_7_B1,KERCK1G3_7_B1,KERCK1G3_7_B1,RTPD,MCE,LMP_ENE_PRC,KERCK1G3_7_B1,ALL,1,1991.6721,1,18
2022-09-02T03:00:00-00:00,2022-09-02T03:15:00-00:00,2022-09-01,21,KERCK1G3_7_B1,KERCK1G3_7_B1,KERCK1G3_7_B1,RTPD,MCE,LMP_ENE_PRC,KERCK1G3_7_B1,ALL,1,917.5508,1,18
2022-09-02T04:00:00-00:00,2022-09-02T04:15:00-00:00,2022-09-01,22,KERCK1G3_7_B1,KERCK1G3_7_B1,KERCK1G3_7_B1,RTPD,MCE,LMP_ENE_PRC,KERCK1G3_7_B1,ALL,1,257.83005,1,18
2022-09-02T05:00:00-00:00,2022-09-02T05:15:00-00:00,2022-09-01,23,KERCK1G3_7_B1,KERCK1G3_7_B1,KERCK1G3_7_B1,RTPD,MCE,LMP_ENE_PRC,KERCK1G3_7_B1,ALL,1,183.24657,1,18
2022-09-02T06:00:00-00:00,2022-09-02T06:15:00-00:00,2022-09-01,24,KERCK1G3_7_B1,KERCK1G3_7_B1,KERCK1G3_7_B1,RTPD,MCE,LMP_ENE_PRC,KERCK1G3_7_B1,ALL,1,158.867,1,18
2022-09-01T07:15:00-00:00,2022-09-01T07:30:00-00:00,2022-09-01,01,KERCK1G3_7_B1,KERCK1G3_7_B1,KERCK1G3_7_B1,RTPD,MCE,LMP_ENE_PRC,KERCK1G3_7_B1,ALL,1,125.55144,2,18
2022-09-01T08:15:00-00:00,2022-09-01T08:30:00-00:00,2022-09-01,02,KERCK1G3_7_B1,KERCK1G3_7_B1,KERCK1G3_7_B1,RTPD,MCE,LMP_ENE_PRC,KERCK1G3_7_B1,ALL,1,115.53165,2,18
2022-09-01T09:15:00-00:00,2022-09-01T09:30:00-00:00,2022-09-01,03,KERCK1G3_7_B1,KERCK1G3_7_B1,KERCK1G3_7_B1,RTPD,MCE,LMP_ENE_PRC,KERCK1G3_7_B1,ALL,1,98.30543,2,18
2022-09-01T10:15:00-00:00,2022-09-01T10:30:00-00:00,2022-09-01,04,KERCK1G3_7_B1,KERCK1G3_7_B1,KERCK1G3_7_B1,RTPD,MCE,LMP_ENE_PRC,KERCK1G3_7_B1,ALL,1,97.00684,2,18
2022-09-01T11:15:00-00:00,2022-09-01T11:30:00-00:00,2022-09-01,05,KERCK1G3_7_B1,KERCK1G3_7_B1,KERCK1G3_7_B1,RTPD,MCE,LMP_ENE_PRC,KERCK1G3_7_B1,ALL,1,103.09059,2,18
2022-09-01T12:15:00-00:00,2022-09-01T12:30:00-00:00,2022-09-01,06,KERCK1G3_7_B1,KERCK1G3_7_B1,KERCK1G3_7_B1,RTPD,MCE,LMP_ENE_PRC,KERCK1G3_7_B1,ALL,1,109.32203,2,18
2022-09-01T13:15:00-00:00,2022-09-01T13:30:00-00:00,2022-09-01,07,KERCK1G3_7_B1,KERCK1G3_7_B1,KERCK1G3_7_B1,RTPD,MCE,LMP_ENE_PRC,KERCK1G3_7_B1,ALL,1,110.97827,2,18
2022-09-01T14:15:00-00:00,2022-09-01T14:30:00-00:00,2022-09-01,08,KERCK1G3_7_B1,KERCK1G3_7_B1,KERCK1G3_7_B1,RTPD,MCE,LMP_ENE_PRC,KERCK1G3_7_B1,ALL,1,104.78743,2,18
2022-09-01T15:15:00-00:00,2022-09-01T15:30:00-00:00,2022-09-01,09,KERCK1G3_7_B1,KERCK1G3_7_B1,KERCK1G3_7_B1,RTPD,MCE,LMP_ENE_PRC,KERCK1G3_7_B1,ALL,1,86.9388,2,18
2022-09-01T16:15:00-00:00,2022-09-01T16:30:00-00:00,2022-09-01,10,KERCK1G3_7_B1,KERCK1G3_7_B1,KERCK1G3_7_B1,RTPD,MCE,LMP_ENE_PRC,KERCK1G3_7_B1,ALL,1,89.44858,2,18
2022-09-01T17:15:00-00:00,2022-09-01T17:30:00-00:00,2022-09-01,11,KERCK1G3_7_B1,KERCK1G3_7_B1,KERCK1G3_7_B1,RTPD,MCE,LMP_ENE_PRC,KERCK1G3_7_B1,ALL,1,99.34673,2,18
2022-09-01T18:15:00-00:00,2022-09-01T18:30:00-00:00,2022-09-01,12,KERCK1G3_7_B1,KERCK1G3_7_B1,KERCK1G3_7_B1,RTPD,MCE,LMP_ENE_PRC,KERCK1G3_7_B1,ALL,1,101.15901,2,18
2022-09-01T19:15:00-00:00,2022-09-01T19:30:00-00:00,2022-09-01,13,KERCK1G3_7_B1,KERCK1G3_7_B1,KERCK1G3_7_B1,RTPD,MCE,LMP_ENE_PRC,KERCK1G3_7_B1,ALL,1,105.30588,2,18
2022-09-01T20:15:00-00:00,2022-09-01T20:30:00-00:00,2022-09-01,14,KERCK1G3_7_B1,KERCK1G3_7_B1,KERCK1G3_7_B1,RTPD,MCE,LMP_ENE_PRC,KERCK1G3_7_B1,ALL,1,117.49421,2,18
2022-09-01T21:15:00-00:00,2022-09-01T21:30:00-00:00,2022-09-01,15,KERCK1G3_7_B1,KERCK1G3_7_B1,KERCK1G3_7_B1,RTPD,MCE,LMP_ENE_PRC,KERCK1G3_7_B1,ALL,1,147.21185,2,18
2022-09-01T22:15:00-00:00,2022-09-01T22:30:00-00:00,2022-09-01,16,KERCK1G3_7_B1,KERCK1G3_7_B1,KERCK1G3_7_B1,RTPD,MCE,LMP_ENE_PRC,KERCK1G3_7_B1,ALL,1,256.58734,2,18
2022-09-01T23:15:00-00:00,2022-09-01T23:30:00-00:00,2022-09-01,17,KERCK1G3_7_B1,KERCK1G3_7_B1,KERCK1G3_7_B1,RTPD,MCE,LMP_ENE_PRC,KERCK1G3_7_B1,ALL,1,362.12408,2,18
2022-09-02T00:15:00-00:00,2022-09-02T00:30:00-00:00,2022-09-01,18,KERCK1G3_7_B1,KERCK1G3_7_B1,KERCK1G3_7_B1,RTPD,MCE,LMP_ENE_PRC,KERCK1G3_7_B1,ALL,1,691.2182,2,18
2022-09-02T01:15:00-00:00,2022-09-02T01:30:00-00:00,2022-09-01,19,KERCK1G3_7_B1,KERCK1G3_7_B1,KERCK1G3_7_B1,RTPD,MCE,LMP_ENE_PRC,KERCK1G3_7_B1,ALL,1,1999.9933,2,18
2022-09-02T02:15:00-00:00,2022-09-02T02:30:00-00:00,2022-09-01,20,KERCK1G3_7_B1,KERCK1G3_7_B1,KERCK1G3_7_B1,RTPD,MCE,LMP_ENE_PRC,KERCK1G3_7_B1,ALL,1,1991.6721,2,18
2022-09-02T03:15:00-00:00,2022-09-02T03:30:00-00:00,2022-09-01,21,KERCK1G3_7_B1,KERCK1G3_7_B1,KERCK1G3_7_B1,RTPD,MCE,LMP_ENE_PRC,KERCK1G3_7_B1,ALL,1,400.52884,2,18
2022-09-02T04:15:00-00:00,2022-09-02T04:30:00-00:00,2022-09-01,22,KERCK1G3_7_B1,KERCK1G3_7_B1,KERCK1G3_7_B1,RTPD,MCE,LMP_ENE_PRC,KERCK1G3_7_B1,ALL,1,224.75041,2,18
2022-09-02T05:15:00-00:00,2022-09-02T05:30:00-00:00,2022-09-01,23,KERCK1G3_7_B1,KERCK1G3_7_B1,KERCK1G3_7_B1,RTPD,MCE,LMP_ENE_PRC,KERCK1G3_7_B1,ALL,1,157.11986,2,18
2022-09-02T06:15:00-00:00,2022-09-02T06:30:00-00:00,2022-09-01,24,KERCK1G3_7_B1,KERCK1G3_7_B1,KERCK1G3_7_B1,RTPD,MCE,LMP_ENE_PRC,KERCK1G3_7_B1,ALL,1,143.1005,2,18
2022-09-01T07:30:00-00:00,2022-09-01T07:45:00-00:00,2022-09-01,01,KERCK1G3_7_B1,KERCK1G3_7_B1,KERCK1G3_7_B1,RTPD,MCE,LMP_ENE_PRC,KERCK1G3_7_B1,ALL,1,119.03196,3,18
2022-09-01T08:30:00-00:00,2022-09-01T08:45:00-00:00,2022-09-01,02,KERCK1G3_7_B1,KERCK1G3_7_B1,KERCK1G3_7_B1,RTPD,MCE,LMP_ENE_PRC,KERCK1G3_7_B1,ALL,1,111.11241,3,18
2022-09-01T09:30:00-00:00,2022-09-01T09:45:00-00:00,2022-09-01,03,KERCK1G3_7_B1,KERCK1G3_7_B1,KERCK1G3_7_B1,RTPD,MCE,LMP_ENE_PRC,KERCK1G3_7_B1,ALL,1,98.16228,3,18
2022-09-01T10:30:00-00:00,2022-09-01T10:45:00-00:00,2022-09-01,04,KERCK1G3_7_B1,KERCK1G3_7_B1,KERCK1G3_7_B1,RTPD,MCE,LMP_ENE_PRC,KERCK1G3_7_B1,ALL,1,96.36226,3,18
2022-09-01T11:30:00-00:00,2022-09-01T11:45:00-00:00,2022-09-01,05,KERCK1G3_7_B1,KERCK1G3_7_B1,KERCK1G3_7_B1,RTPD,MCE,LMP_ENE_PRC,KERCK1G3_7_B1,ALL,1,103.06198,3,18
2022-09-01T12:30:00-00:00,2022-09-01T12:45:00-00:00,2022-09-01,06,KERCK1G3_7_B1,KERCK1G3_7_B1,KERCK1G3_7_B1,RTPD,MCE,LMP_ENE_PRC,KERCK1G3_7_B1,ALL,1,113.57403,3,18
2022-09-01T13:30:00-00:00,2022-09-01T13:45:00-00:00,2022-09-01,07,KERCK1G3_7_B1,KERCK1G3_7_B1,KERCK1G3_7_B1,RTPD,MCE,LMP_ENE_PRC,KERCK1G3_7_B1,ALL,1,111.52025,3,18
2022-09-01T14:30:00-00:00,2022-09-01T14:45:00-00:00,2022-09-01,08,KERCK1G3_7_B1,KERCK1G3_7_B1,KERCK1G3_7_B1,RTPD,MCE,LMP_ENE_PRC,KERCK1G3_7_B1,ALL,1,101.83428,3,18
2022-09-01T15:30:00-00:00,2022-09-01T15:45:00-00:00,2022-09-01,09,KERCK1G3_7_B1,KERCK1G3_7_B1,KERCK1G3_7_B1,RTPD,MCE,LMP_ENE_PRC,KERCK1G3_7_B1,ALL,1,86.1388,3,18
2022-09-01T16:30:00-00:00,2022-09-01T16:45:00-00:00,2022-09-01,10,KERCK1G3_7_B1,KERCK1G3_7_B1,KERCK1G3_7_B1,RTPD,MCE,LMP_ENE_PRC,KERCK1G3_7_B1,ALL,1,88.79644,3,18
2022-09-01T17:30:00-00:00,2022-09-01T17:45:00-00:00,2022-09-01,11,KERCK1G3_7_B1,KERCK1G3_7_B1,KERCK1G3_7_B1,RTPD,MCE,LMP_ENE_PRC,KERCK1G3_7_B1,ALL,1,99.13013,3,18
2022-09-01T18:30:00-00:00,2022-09-01T18:45:00-00:00,2022-09-01,12,KERCK1G3_7_B1,KERCK1G3_7_B1,KERCK1G3_7_B1,RTPD,MCE,LMP_ENE_PRC,KERCK1G3_7_B1,ALL,1,107.05718,3,18
2022-09-01T19:30:00-00:00,2022-09-01T19:45:00-00:00,2022-09-01,13,KERCK1G3_7_B1,KERCK1G3_7_B1,KERCK1G3_7_B1,RTPD,MCE,LMP_ENE_PRC,KERCK1G3_7_B1,ALL,1,114.05905,3,18
2022-09-01T20:30:00-00:00,2022-09-01T20:45:00-00:00,2022-09-01,14,KERCK1G3_7_B1,KERCK1G3_7_B1,KERCK1G3_7_B1,RTPD,MCE,LMP_ENE_PRC,KERCK1G3_7_B1,ALL,1,129.81606,3,18
2022-09-01T21:30:00-00:00,2022-09-01T21:45:00-00:00,2022-09-01,15,KERCK1G3_7_B1,KERCK1G3_7_B1,KERCK1G3_7_B1,RTPD,MCE,LMP_ENE_PRC,KERCK1G3_7_B1,ALL,1,152.93057,3,18
2022-09-01T22:30:00-00:00,2022-09-01T22:45:00-00:00,2022-09-01,16,KERCK1G3_7_B1,KERCK1G3_7_B1,KERCK1G3_7_B1,RTPD,MCE,LMP_ENE_PRC,KERCK1G3_7_B1,ALL,1,283.18182,3,18
2022-09-01T23:30:00-00:00,2022-09-01T23:45:00-00:00,2022-09-01,17,KERCK1G3_7_B1,KERCK1G3_7_B1,KERCK1G3_7_B1,RTPD,MCE,LMP_ENE_PRC,KERCK1G3_7_B1,ALL,1,566.48157,3,18
2022-09-02T00:30:00-00:00,2022-09-02T00:45:00-00:00,2022-09-01,18,KERCK1G3_7_B1,KERCK1G3_7_B1,KERCK1G3_7_B1,RTPD,MCE,LMP_ENE_PRC,KERCK1G3_7_B1,ALL,1,1329.1127,3,18
2022-09-02T01:30:00-00:00,2022-09-02T01:45:00-00:00,2022-09-01,19,KERCK1G3_7_B1,KERCK1G3_7_B1,KERCK1G3_7_B1,RTPD,MCE,LMP_ENE_PRC,KERCK1G3_7_B1,ALL,1,1999.9956,3,18
2022-09-02T02:30:00-00:00,2022-09-02T02:45:00-00:00,2022-09-01,20,KERCK1G3_7_B1,KERCK1G3_7_B1,KERCK1G3_7_B1,RTPD,MCE,LMP_ENE_PRC,KERCK1G3_7_B1,ALL,1,1991.671,3,18
2022-09-02T03:30:00-00:00,2022-09-02T03:45:00-00:00,2022-09-01,21,KERCK1G3_7_B1,KERCK1G3_7_B1,KERCK1G3_7_B1,RTPD,MCE,LMP_ENE_PRC,KERCK1G3_7_B1,ALL,1,186.61823,3,18
2022-09-02T04:30:00-00:00,2022-09-02T04:45:00-00:00,2022-09-01,22,KERCK1G3_7_B1,KERCK1G3_7_B1,KERCK1G3_7_B1,RTPD,MCE,LMP_ENE_PRC,KERCK1G3_7_B1,ALL,1,180.67824,3,18
2022-09-02T05:30:00-00:00,2022-09-02T05:45:00-00:00,2022-09-01,23,KERCK1G3_7_B1,KERCK1G3_7_B1,KERCK1G3_7_B1,RTPD,MCE,LMP_ENE_PRC,KERCK1G3_7_B1,ALL,1,131.69917,3,18
2022-09-02T06:30:00-00:00,2022-09-02T06:45:00-00:00,2022-09-01,24,KERCK1G3_7_B1,KERCK1G3_7_B1,KERCK1G3_7_B1,RTPD,MCE,LMP_ENE_PRC,KERCK1G3_7_B1,ALL,1,128.9871,3,18
2022-09-01T07:45:00-00:00,2022-09-01T08:00:00-00:00,2022-09-01,01,KERCK1G3_7_B1,KERCK1G3_7_B1,KERCK1G3_7_B1,RTPD,MCE,LMP_ENE_PRC,KERCK1G3_7_B1,ALL,1,109.12099,4,18
2022-09-01T08:45:00-00:00,2022-09-01T09:00:00-00:00,2022-09-01,02,KERCK1G3_7_B1,KERCK1G3_7_B1,KERCK1G3_7_B1,RTPD,MCE,LMP_ENE_PRC,KERCK1G3_7_B1,ALL,1,98.7357,4,18
2022-09-01T09:45:00-00:00,2022-09-01T10:00:00-00:00,2022-09-01,03,KERCK1G3_7_B1,KERCK1G3_7_B1,KERCK1G3_7_B1,RTPD,MCE,LMP_ENE_PRC,KERCK1G3_7_B1,ALL,1,97.50475,4,18
2022-09-01T10:45:00-00:00,2022-09-01T11:00:00-00:00,2022-09-01,04,KERCK1G3_7_B1,KERCK1G3_7_B1,KERCK1G3_7_B1,RTPD,MCE,LMP_ENE_PRC,KERCK1G3_7_B1,ALL,1,94.71966,4,18
2022-09-01T11:45:00-00:00,2022-09-01T12:00:00-00:00,2022-09-01,05,KERCK1G3_7_B1,KERCK1G3_7_B1,KERCK1G3_7_B1,RTPD,MCE,LMP_ENE_PRC,KERCK1G3_7_B1,ALL,1,107.01,4,18
2022-09-01T12:45:00-00:00,2022-09-01T13:00:00-00:00,2022-09-01,06,KERCK1G3_7_B1,KERCK1G3_7_B1,KERCK1G3_7_B1,RTPD,MCE,LMP_ENE_PRC,KERCK1G3_7_B1,ALL,1,116.4848,4,18
2022-09-01T13:45:00-00:00,2022-09-01T14:00:00-00:00,2022-09-01,07,KERCK1G3_7_B1,KERCK1G3_7_B1,KERCK1G3_7_B1,RTPD,MCE,LMP_ENE_PRC,KERCK1G3_7_B1,ALL,1,111.41,4,18
2022-09-01T14:45:00-00:00,2022-09-01T15:00:00-00:00,2022-09-01,08,KERCK1G3_7_B1,KERCK1G3_7_B1,KERCK1G3_7_B1,RTPD,MCE,LMP_ENE_PRC,KERCK1G3_7_B1,ALL,1,86.1388,4,18
2022-09-01T15:45:00-00:00,2022-09-01T16:00:00-00:00,2022-09-01,09,KERCK1G3_7_B1,KERCK1G3_7_B1,KERCK1G3_7_B1,RTPD,MCE,LMP_ENE_PRC,KERCK1G3_7_B1,ALL,1,78.70076,4,18
2022-09-01T16:45:00-00:00,2022-09-01T17:00:00-00:00,2022-09-01,10,KERCK1G3_7_B1,KERCK1G3_7_B1,KERCK1G3_7_B1,RTPD,MCE,LMP_ENE_PRC,KERCK1G3_7_B1,ALL,1,91.24933,4,18
2022-09-01T17:45:00-00:00,2022-09-01T18:00:00-00:00,2022-09-01,11,KERCK1G3_7_B1,KERCK1G3_7_B1,KERCK1G3_7_B1,RTPD,MCE,LMP_ENE_PRC,KERCK1G3_7_B1,ALL,1,99.20544,4,18
2022-09-01T18:45:00-00:00,2022-09-01T19:00:00-00:00,2022-09-01,12,KERCK1G3_7_B1,KERCK1G3_7_B1,KERCK1G3_7_B1,RTPD,MCE,LMP_ENE_PRC,KERCK1G3_7_B1,ALL,1,109.04064,4,18
2022-09-01T19:45:00-00:00,2022-09-01T20:00:00-00:00,2022-09-01,13,KERCK1G3_7_B1,KERCK1G3_7_B1,KERCK1G3_7_B1,RTPD,MCE,LMP_ENE_PRC,KERCK1G3_7_B1,ALL,1,120.22491,4,18
2022-09-01T20:45:00-00:00,2022-09-01T21:00:00-00:00,2022-09-01,14,KERCK1G3_7_B1,KERCK1G3_7_B1,KERCK1G3_7_B1,RTPD,MCE,LMP_ENE_PRC,KERCK1G3_7_B1,ALL,1,154.02509,4,18
2022-09-01T21:45:00-00:00,2022-09-01T22:00:00-00:00,2022-09-01,15,KERCK1G3_7_B1,KERCK1G3_7_B1,KERCK1G3_7_B1,RTPD,MCE,LMP_ENE_PRC,KERCK1G3_7_B1,ALL,1,300.29376,4,18
2022-09-01T22:45:00-00:00,2022-09-01T23:00:00-00:00,2022-09-01,16,KERCK1G3_7_B1,KERCK1G3_7_B1,KERCK1G3_7_B1,RTPD,MCE,LMP_ENE_PRC,KERCK1G3_7_B1,ALL,1,429.9137,4,18
2022-09-01T23:45:00-00:00,2022-09-02T00:00:00-00:00,2022-09-01,17,KERCK1G3_7_B1,KERCK1G3_7_B1,KERCK1G3_7_B1,RTPD,MCE,LMP_ENE_PRC,KERCK1G3_7_B1,ALL,1,1261.2124,4,18
2022-09-02T00:45:00-00:00,2022-09-02T01:00:00-00:00,2022-09-01,18,KERCK1G3_7_B1,KERCK1G3_7_B1,KERCK1G3_7_B1,RTPD,MCE,LMP_ENE_PRC,KERCK1G3_7_B1,ALL,1,1519.149,4,18
2022-09-02T01:45:00-00:00,2022-09-02T02:00:00-00:00,2022-09-01,19,KERCK1G3_7_B1,KERCK1G3_7_B1,KERCK1G3_7_B1,RTPD,MCE,LMP_ENE_PRC,KERCK1G3_7_B1,ALL,1,1991.9337,4,18
2022-09-02T02:45:00-00:00,2022-09-02T03:00:00-00:00,2022-09-01,20,KERCK1G3_7_B1,KERCK1G3_7_B1,KERCK1G3_7_B1,RTPD,MCE,LMP_ENE_PRC,KERCK1G3_7_B1,ALL,1,1629.6213,4,18
2022-09-02T03:45:00-00:00,2022-09-02T04:00:00-00:00,2022-09-01,21,KERCK1G3_7_B1,KERCK1G3_7_B1,KERCK1G3_7_B1,RTPD,MCE,LMP_ENE_PRC,KERCK1G3_7_B1,ALL,1,141.13702,4,18
2022-09-02T04:45:00-00:00,2022-09-02T05:00:00-00:00,2022-09-01,22,KERCK1G3_7_B1,KERCK1G3_7_B1,KERCK1G3_7_B1,RTPD,MCE,LMP_ENE_PRC,KERCK1G3_7_B1,ALL,1,126.76372,4,18
2022-09-02T05:45:00-00:00,2022-09-02T06:00:00-00:00,2022-09-01,23,KERCK1G3_7_B1,KERCK1G3_7_B1,KERCK1G3_7_B1,RTPD,MCE,LMP_ENE_PRC,KERCK1G3_7_B1,ALL,1,119.00958,4,18
2022-09-02T06:45:00-00:00,2022-09-02T07:00:00-00:00,2022-09-01,24,KERCK1G3_7_B1,KERCK1G3_7_B1,KERCK1G3_7_B1,RTPD,MCE,LMP_ENE_PRC,KERCK1G3_7_B1,ALL,1,109.20324,4,18
2022-09-01T07:00:00-00:00,2022-09-01T07:15:00-00:00,2022-09-01,01,KERCK1G3_7_B1,KERCK1G3_7_B1,KERCK1G3_7_B1,RTPD,MCL,LMP_LOSS_PRC,KERCK1G3_7_B1,ALL,1,3.61694,1,19
2022-09-01T08:00:00-00:00,2022-09-01T08:15:00-00:00,2022-09-01,02,KERCK1G3_7_B1,KERCK1G3_7_B1,KERCK1G3_7_B1,RTPD,MCL,LMP_LOSS_PRC,KERCK1G3_7_B1,ALL,1,0,1,19
2022-09-01T09:00:00-00:00,2022-09-01T09:15:00-00:00,2022-09-01,03,KERCK1G3_7_B1,KERCK1G3_7_B1,KERCK1G3_7_B1,RTPD,MCL,LMP_LOSS_PRC,KERCK1G3_7_B1,ALL,1,13.14449,1,19
2022-09-01T10:00:00-00:00,2022-09-01T10:15:00-00:00,2022-09-01,04,KERCK1G3_7_B1,KERCK1G3_7_B1,KERCK1G3_7_B1,RTPD,MCL,LMP_LOSS_PRC,KERCK1G3_7_B1,ALL,1,9.8149,1,19
2022-09-01T11:00:00-00:00,2022-09-01T11:15:00-00:00,2022-09-01,05,KERCK1G3_7_B1,KERCK1G3_7_B1,KERCK1G3_7_B1,RTPD,MCL,LMP_LOSS_PRC,KERCK1G3_7_B1,ALL,1,11.92873,1,19
2022-09-01T12:00:00-00:00,2022-09-01T12:15:00-00:00,2022-09-01,06,KERCK1G3_7_B1,KERCK1G3_7_B1,KERCK1G3_7_B1,RTPD,MCL,LMP_LOSS_PRC,KERCK1G3_7_B1,ALL,1,11.59025,1,19
2022-09-01T13:00:00-00:00,2022-09-01T13:15:00-00:00,2022-09-01,07,KERCK1G3_7_B1,KERCK1G3_7_B1,KERCK1G3_7_B1,RTPD,MCL,LMP_LOSS_PRC,KERCK1G3_7_B1,ALL,1,0,1,19
2022-09-01T14:00:00-00:00,2022-09-01T14:15:00-00:00,2022-09-01,08,KERCK1G3_7_B1,KERCK1G3_7_B1,KERCK1G3_7_B1,RTPD,MCL,LMP_LOSS_PRC,KERCK1G3_7_B1,ALL,1,12.2779,1,19
2022-09-01T15:00:00-00:00,2022-09-01T15:15:00-00:00,2022-09-01,09,KERCK1G3_7_B1,KERCK1G3_7_B1,KERCK1G3_7_B1,RTPD,MCL,LMP_LOSS_PRC,KERCK1G3_7_B1,ALL,1,0,1,19
2022-09-01T16:00:00-00:00,2022-09-01T16:15:00-00:00,2022-09-01,10,KERCK1G3_7_B1,KERCK1G3_7_B1,KERCK1G3_7_B1,RTPD,MCL,LMP_LOSS_PRC,KERCK1G3_7_B1,ALL,1,0,1,19
2022-09-01T17:00:00-00:00,2022-09-01T17:15:00-00:00,2022-09-01,11,KERCK1G3_7_B1,KERCK1G3_7_B1,KERCK1G3_7_B1,RTPD,MCL,LMP_LOSS_PRC,KERCK1G3_7_B1,ALL,1,0,1,19
2022-09-01T18:00:00-00:00,2022-09-01T18:15:00-00:00,2022-09-01,12,KERCK1G3_7_B1,KERCK1G3_7_B1,KERCK1G3_7_B1,RTPD,MCL,LMP_LOSS_PRC,KERCK1G3_7_B1,ALL,1,0,1,19
2022-09-01T19:00:00-00:00,2022-09-01T19:15:00-00:00,2022-09-01,13,KERCK1G3_7_B1,KERCK1G3_7_B1,KERCK1G3_7_B1,RTPD,MCL,LMP_LOSS_PRC,KERCK1G3_7_B1,ALL,1,0,1,19
2022-09-01T20:00:00-00:00,2022-09-01T20:15:00-00:00,2022-09-01,14,KERCK1G3_7_B1,KERCK1G3_7_B1,KERCK1G3_7_B1,RTPD,MCL,LMP_LOSS_PRC,KERCK1G3_7_B1,ALL,1,0,1,19
2022-09-01T21:00:00-00:00,2022-09-01T21:15:00-00:00,2022-09-01,15,KERCK1G3_7_B1,KERCK1G3_7_B1,KERCK1G3_7_B1,RTPD,MCL,LMP_LOSS_PRC,KERCK1G3_7_B1,ALL,1,0,1,19
2022-09-01T22:00:00-00:00,2022-09-01T22:15:00-00:00,2022-09-01,16,KERCK1G3_7_B1,KERCK1G3_7_B1,KERCK1G3_7_B1,RTPD,MCL,LMP_LOSS_PRC,KERCK1G3_7_B1,ALL,1,0,1,19
2022-09-01T23:00:00-00:00,2022-09-01T23:15:00-00:00,2022-09-01,17,KERCK1G3_7_B1,KERCK1G3_7_B1,KERCK1G3_7_B1,RTPD,MCL,LMP_LOSS_PRC,KERCK1G3_7_B1,ALL,1,0,1,19
2022-09-02T00:00:00-00:00,2022-09-02T00:15:00-00:00,2022-09-01,18,KERCK1G3_7_B1,KERCK1G3_7_B1,KERCK1G3_7_B1,RTPD,MCL,LMP_LOSS_PRC,KERCK1G3_7_B1,ALL,1,31.82501,1,19
2022-09-02T01:00:00-00:00,2022-09-02T01:15:00-00:00,2022-09-01,19,KERCK1G3_7_B1,KERCK1G3_7_B1,KERCK1G3_7_B1,RTPD,MCL,LMP_LOSS_PRC,KERCK1G3_7_B1,ALL,1,0,1,19
2022-09-02T02:00:00-00:00,2022-09-02T02:15:00-00:00,2022-09-01,20,KERCK1G3_7_B1,KERCK1G3_7_B1,KERCK1G3_7_B1,RTPD,MCL,LMP_LOSS_PRC,KERCK1G3_7_B1,ALL,1,0,1,19
2022-09-02T03:00:00-00:00,2022-09-02T03:15:00-00:00,2022-09-01,21,KERCK1G3_7_B1,KERCK1G3_7_B1,KERCK1G3_7_B1,RTPD,MCL,LMP_LOSS_PRC,KERCK1G3_7_B1,ALL,1,160.66315,1,19
2022-09-02T04:00:00-00:00,2022-09-02T04:15:00-00:00,2022-09-01,22,KERCK1G3_7_B1,KERCK1G3_7_B1,KERCK1G3_7_B1,RTPD,MCL,LMP_LOSS_PRC,KERCK1G3_7_B1,ALL,1,54.65997,1,19
2022-09-02T05:00:00-00:00,2022-09-02T05:15:00-00:00,2022-09-01,23,KERCK1G3_7_B1,KERCK1G3_7_B1,KERCK1G3_7_B1,RTPD,MCL,LMP_LOSS_PRC,KERCK1G3_7_B1,ALL,1,24.18855,1,19
2022-09-02T06:00:00-00:00,2022-09-02T06:15:00-00:00,2022-09-01,24,KERCK1G3_7_B1,KERCK1G3_7_B1,KERCK1G3_7_B1,RTPD,MCL,LMP_LOSS_PRC,KERCK1G3_7_B1,ALL,1,19.25468,1,19
2022-09-01T07:15:00-00:00,2022-09-01T07:30:00-00:00,2022-09-01,01,KERCK1G3_7_B1,KERCK1G3_7_B1,KERCK1G3_7_B1,RTPD,MCL,LMP_LOSS_PRC,KERCK1G3_7_B1,ALL,1,0,2,19
2022-09-01T08:15:00-00:00,2022-09-01T08:30:00-00:00,2022-09-01,02,KERCK1G3_7_B1,KERCK1G3_7_B1,KERCK1G3_7_B1,RTPD,MCL,LMP_LOSS_PRC,KERCK1G3_7_B1,ALL,1,0,2,19
2022-09-01T09:15:00-00:00,2022-09-01T09:30:00-00:00,2022-09-01,03,KERCK1G3_7_B1,KERCK1G3_7_B1,KERCK1G3_7_B1,RTPD,MCL,LMP_LOSS_PRC,KERCK1G3_7_B1,ALL,1,12.57326,2,19
2022-09-01T10:15:00-00:00,2022-09-01T10:30:00-00:00,2022-09-01,04,KERCK1G3_7_B1,KERCK1G3_7_B1,KERCK1G3_7_B1,RTPD,MCL,LMP_LOSS_PRC,KERCK1G3_7_B1,ALL,1,9.885,2,19
2022-09-01T11:15:00-00:00,2022-09-01T11:30:00-00:00,2022-09-01,05,KERCK1G3_7_B1,KERCK1G3_7_B1,KERCK1G3_7_B1,RTPD,MCL,LMP_LOSS_PRC,KERCK1G3_7_B1,ALL,1,11.90696,2,19
2022-09-01T12:15:00-00:00,2022-09-01T12:30:00-00:00,2022-09-01,06,KERCK1G3_7_B1,KERCK1G3_7_B1,KERCK1G3_7_B1,RTPD,MCL,LMP_LOSS_PRC,KERCK1G3_7_B1,ALL,1,14.01508,2,19
2022-09-01T13:15:00-00:00,2022-09-01T13:30:00-00:00,2022-09-01,07,KERCK1G3_7_B1,KERCK1G3_7_B1,KERCK1G3_7_B1,RTPD,MCL,LMP_LOSS_PRC,KERCK1G3_7_B1,ALL,1,7.97934,2,19
2022-09-01T14:15:00-00:00,2022-09-01T14:30:00-00:00,2022-09-01,08,KERCK1G3_7_B1,KERCK1G3_7_B1,KERCK1G3_7_B1,RTPD,MCL,LMP_LOSS_PRC,KERCK1G3_7_B1,ALL,1,10.31108,2,19
2022-09-01T15:15:00-00:00,2022-09-01T15:30:00-00:00,2022-09-01,09,KERCK1G3_7_B1,KERCK1G3_7_B1,KERCK1G3_7_B1,RTPD,MCL,LMP_LOSS_PRC,KERCK1G3_7_B1,ALL,1,0,2,19
2022-09-01T16:15:00-00:00,2022-09-01T16:30:00-00:00,2022-09-01,10,KERCK1G3_7_B1,KERCK1G3_7_B1,KERCK1G3_7_B1,RTPD,MCL,LMP_LOSS_PRC,KERCK1G3_7_B1,ALL,1,0,2,19
2022-09-01T17:15:00-00:00,2022-09-01T17:30:00-00:00,2022-09-01,11,KERCK1G3_7_B1,KERCK1G3_7_B1,KERCK1G3_7_B1,RTPD,MCL,LMP_LOSS_PRC,KERCK1G3_7_B1,ALL,1,0,2,19
2022-09-01T18:15:00-00:00,2022-09-01T18:30:00-00:00,2022-09-01,12,KERCK1G3_7_B1,KERCK1G3_7_B1,KERCK1G3_7_B1,RTPD,MCL,LMP_LOSS_PRC,KERCK1G3_7_B1,ALL,1,0,2,19
2022-09-01T19:15:00-00:00,2022-09-01T19:30:00-00:00,2022-09-01,13,KERCK1G3_7_B1,KERCK1G3_7_B1,KERCK1G3_7_B1,RTPD,MCL,LMP_LOSS_PRC,KERCK1G3_7_B1,ALL,1,0,2,19
2022-09-01T20:15:00-00:00,2022-09-01T20:30:00-00:00,2022-09-01,14,KERCK1G3_7_B1,KERCK1G3_7_B1,KERCK1G3_7_B1,RTPD,MCL,LMP_LOSS_PRC,KERCK1G3_7_B1,ALL,1,0,2,19
2022-09-01T21:15:00-00:00,2022-09-01T21:30:00-00:00,2022-09-01,15,KERCK1G3_7_B1,KERCK1G3_7_B1,KERCK1G3_7_B1,RTPD,MCL,LMP_LOSS_PRC,KERCK1G3_7_B1,ALL,1,0,2,19
2022-09-01T22:15:00-00:00,2022-09-01T22:30:00-00:00,2022-09-01,16,KERCK1G3_7_B1,KERCK1G3_7_B1,KERCK1G3_7_B1,RTPD,MCL,LMP_LOSS_PRC,KERCK1G3_7_B1,ALL,1,0,2,19
2022-09-01T23:15:00-00:00,2022-09-01T23:30:00-00:00,2022-09-01,17,KERCK1G3_7_B1,KERCK1G3_7_B1,KERCK1G3_7_B1,RTPD,MCL,LMP_LOSS_PRC,KERCK1G3_7_B1,ALL,1,0,2,19
2022-09-02T00:15:00-00:00,2022-09-02T00:30:00-00:00,2022-09-01,18,KERCK1G3_7_B1,KERCK1G3_7_B1,KERCK1G3_7_B1,RTPD,MCL,LMP_LOSS_PRC,KERCK1G3_7_B1,ALL,1,30.75921,2,19
2022-09-02T01:15:00-00:00,2022-09-02T01:30:00-00:00,2022-09-01,19,KERCK1G3_7_B1,KERCK1G3_7_B1,KERCK1G3_7_B1,RTPD,MCL,LMP_LOSS_PRC,KERCK1G3_7_B1,ALL,1,0,2,19
2022-09-02T02:15:00-00:00,2022-09-02T02:30:00-00:00,2022-09-01,20,KERCK1G3_7_B1,KERCK1G3_7_B1,KERCK1G3_7_B1,RTPD,MCL,LMP_LOSS_PRC,KERCK1G3_7_B1,ALL,1,0,2,19
2022-09-02T03:15:00-00:00,2022-09-02T03:30:00-00:00,2022-09-01,21,KERCK1G3_7_B1,KERCK1G3_7_B1,KERCK1G3_7_B1,RTPD,MCL,LMP_LOSS_PRC,KERCK1G3_7_B1,ALL,1,66.40768,2,19
2022-09-02T04:15:00-00:00,2022-09-02T04:30:00-00:00,2022-09-01,22,KERCK1G3_7_B1,KERCK1G3_7_B1,KERCK1G3_7_B1,RTPD,MCL,LMP_LOSS_PRC,KERCK1G3_7_B1,ALL,1,46.20868,2,19
2022-09-02T05:15:00-00:00,2022-09-02T05:30:00-00:00,2022-09-01,23,KERCK1G3_7_B1,KERCK1G3_7_B1,KERCK1G3_7_B1,RTPD,MCL,LMP_LOSS_PRC,KERCK1G3_7_B1,ALL,1,25.10775,2,19
2022-09-02T06:15:00-00:00,2022-09-02T06:30:00-00:00,2022-09-01,24,KERCK1G3_7_B1,KERCK1G3_7_B1,KERCK1G3_7_B1,RTPD,MCL,LMP_LOSS_PRC,KERCK1G3_7_B1,ALL,1,16.5138,2,19
2022-09-01T07:30:00-00:00,2022-09-01T07:45:00-00:00,2022-09-01,01,KERCK1G3_7_B1,KERCK1G3_7_B1,KERCK1G3_7_B1,RTPD,MCL,LMP_LOSS_PRC,KERCK1G3_7_B1,ALL,1,0,3,19
2022-09-01T08:30:00-00:00,2022-09-01T08:45:00-00:00,2022-09-01,02,KERCK1G3_7_B1,KERCK1G3_7_B1,KERCK1G3_7_B1,RTPD,MCL,LMP_LOSS_PRC,KERCK1G3_7_B1,ALL,1,13.90016,3,19
2022-09-01T09:30:00-00:00,2022-09-01T09:45:00-00:00,2022-09-01,03,KERCK1G3_7_B1,KERCK1G3_7_B1,KERCK1G3_7_B1,RTPD,MCL,LMP_LOSS_PRC,KERCK1G3_7_B1,ALL,1,12.35863,3,19
2022-09-01T10:30:00-00:00,2022-09-01T10:45:00-00:00,2022-09-01,04,KERCK1G3_7_B1,KERCK1G3_7_B1,KERCK1G3_7_B1,RTPD,MCL,LMP_LOSS_PRC,KERCK1G3_7_B1,ALL,1,9.59768,3,19
2022-09-01T11:30:00-00:00,2022-09-01T11:45:00-00:00,2022-09-01,05,KERCK1G3_7_B1,KERCK1G3_7_B1,KERCK1G3_7_B1,RTPD,MCL,LMP_LOSS_PRC,KERCK1G3_7_B1,ALL,1,12.08917,3,19
2022-09-01T12:30:00-00:00,2022-09-01T12:45:00-00:00,2022-09-01,06,KERCK1G3_7_B1,KERCK1G3_7_B1,KERCK1G3_7_B1,RTPD,MCL,LMP_LOSS_PRC,KERCK1G3_7_B1,ALL,1,13.32223,3,19
2022-09-01T13:30:00-00:00,2022-09-01T13:45:00-00:00,2022-09-01,07,KERCK1G3_7_B1,KERCK1G3_7_B1,KERCK1G3_7_B1,RTPD,MCL,LMP_LOSS_PRC,KERCK1G3_7_B1,ALL,1,8.02946,3,19
2022-09-01T14:30:00-00:00,2022-09-01T14:45:00-00:00,2022-09-01,08,KERCK1G3_7_B1,KERCK1G3_7_B1,KERCK1G3_7_B1,RTPD,MCL,LMP_LOSS_PRC,KERCK1G3_7_B1,ALL,1,9.3382,3,19
2022-09-01T15:30:00-00:00,2022-09-01T15:45:00-00:00,2022-09-01,09,KERCK1G3_7_B1,KERCK1G3_7_B1,KERCK1G3_7_B1,RTPD,MCL,LMP_LOSS_PRC,KERCK1G3_7_B1,ALL,1,0,3,19
2022-09-01T16:30:00-00:00,2022-09-01T16:45:00-00:00,2022-09-01,10,KERCK1G3_7_B1,KERCK1G3_7_B1,KERCK1G3_7_B1,RTPD,MCL,LMP_LOSS_PRC,KERCK1G3_7_B1,ALL,1,0,3,19
2022-09-01T17:30:00-00:00,2022-09-01T17:45:00-00:00,2022-09-01,11,KERCK1G3_7_B1,KERCK1G3_7_B1,KERCK1G3_7_B1,RTPD,MCL,LMP_LOSS_PRC,KERCK1G3_7_B1,ALL,1,0,3,19
2022-09-01T18:30:00-00:00,2022-09-01T18:45:00-00:00,2022-09-01,12,KERCK1G3_7_B1,KERCK1G3_7_B1,KERCK1G3_7_B1,RTPD,MCL,LMP_LOSS_PRC,KERCK1G3_7_B1,ALL,1,0,3,19
2022-09-01T19:30:00-00:00,2022-09-01T19:45:00-00:00,2022-09-01,13,KERCK1G3_7_B1,KERCK1G3_7_B1,KERCK1G3_7_B1,RTPD,MCL,LMP_LOSS_PRC,KERCK1G3_7_B1,ALL,1,0,3,19
2022-09-01T20:30:00-00:00,2022-09-01T20:45:00-00:00,2022-09-01,14,KERCK1G3_7_B1,KERCK1G3_7_B1,KERCK1G3_7_B1,RTPD,MCL,LMP_LOSS_PRC,KERCK1G3_7_B1,ALL,1,0,3,19
2022-09-01T21:30:00-00:00,2022-09-01T21:45:00-00:00,2022-09-01,15,KERCK1G3_7_B1,KERCK1G3_7_B1,KERCK1G3_7_B1,RTPD,MCL,LMP_LOSS_PRC,KERCK1G3_7_B1,ALL,1,0,3,19
2022-09-01T22:30:00-00:00,2022-09-01T22:45:00-00:00,2022-09-01,16,KERCK1G3_7_B1,KERCK1G3_7_B1,KERCK1G3_7_B1,RTPD,MCL,LMP_LOSS_PRC,KERCK1G3_7_B1,ALL,1,0,3,19
2022-09-01T23:30:00-00:00,2022-09-01T23:45:00-00:00,2022-09-01,17,KERCK1G3_7_B1,KERCK1G3_7_B1,KERCK1G3_7_B1,RTPD,MCL,LMP_LOSS_PRC,KERCK1G3_7_B1,ALL,1,0,3,19
2022-09-02T00:30:00-00:00,2022-09-02T00:45:00-00:00,2022-09-01,18,KERCK1G3_7_B1,KERCK1G3_7_B1,KERCK1G3_7_B1,RTPD,MCL,LMP_LOSS_PRC,KERCK1G3_7_B1,ALL,1,0,3,19
2022-09-02T01:30:00-00:00,2022-09-02T01:45:00-00:00,2022-09-01,19,KERCK1G3_7_B1,KERCK1G3_7_B1,KERCK1G3_7_B1,RTPD,MCL,LMP_LOSS_PRC,KERCK1G3_7_B1,ALL,1,0,3,19
2022-09-02T02:30:00-00:00,2022-09-02T02:45:00-00:00,2022-09-01,20,KERCK1G3_7_B1,KERCK1G3_7_B1,KERCK1G3_7_B1,RTPD,MCL,LMP_LOSS_PRC,KERCK1G3_7_B1,ALL,1,0,3,19
2022-09-02T03:30:00-00:00,2022-09-02T03:45:00-00:00,2022-09-01,21,KERCK1G3_7_B1,KERCK1G3_7_B1,KERCK1G3_7_B1,RTPD,MCL,LMP_LOSS_PRC,KERCK1G3_7_B1,ALL,1,30.34412,3,19
2022-09-02T04:30:00-00:00,2022-09-02T04:45:00-00:00,2022-09-01,22,KERCK1G3_7_B1,KERCK1G3_7_B1,KERCK1G3_7_B1,RTPD,MCL,LMP_LOSS_PRC,KERCK1G3_7_B1,ALL,1,33.08219,3,19
2022-09-02T05:30:00-00:00,2022-09-02T05:45:00-00:00,2022-09-01,23,KERCK1G3_7_B1,KERCK1G3_7_B1,KERCK1G3_7_B1,RTPD,MCL,LMP_LOSS_PRC,KERCK1G3_7_B1,ALL,1,20.90066,3,19
2022-09-02T06:30:00-00:00,2022-09-02T06:45:00-00:00,2022-09-01,24,KERCK1G3_7_B1,KERCK1G3_7_B1,KERCK1G3_7_B1,RTPD,MCL,LMP_LOSS_PRC,KERCK1G3_7_B1,ALL,1,15.24628,3,19
2022-09-01T07:45:00-00:00,2022-09-01T08:00:00-00:00,2022-09-01,01,KERCK1G3_7_B1,KERCK1G3_7_B1,KERCK1G3_7_B1,RTPD,MCL,LMP_LOSS_PRC,KERCK1G3_7_B1,ALL,1,0,4,19
2022-09-01T08:45:00-00:00,2022-09-01T09:00:00-00:00,2022-09-01,02,KERCK1G3_7_B1,KERCK1G3_7_B1,KERCK1G3_7_B1,RTPD,MCL,LMP_LOSS_PRC,KERCK1G3_7_B1,ALL,1,11.36448,4,19
2022-09-01T09:45:00-00:00,2022-09-01T10:00:00-00:00,2022-09-01,03,KERCK1G3_7_B1,KERCK1G3_7_B1,KERCK1G3_7_B1,RTPD,MCL,LMP_LOSS_PRC,KERCK1G3_7_B1,ALL,1,8.97044,4,19
2022-09-01T10:45:00-00:00,2022-09-01T11:00:00-00:00,2022-09-01,04,KERCK1G3_7_B1,KERCK1G3_7_B1,KERCK1G3_7_B1,RTPD,MCL,LMP_LOSS_PRC,KERCK1G3_7_B1,ALL,1,8.86576,4,19
2022-09-01T11:45:00-00:00,2022-09-01T12:00:00-00:00,2022-09-01,05,KERCK1G3_7_B1,KERCK1G3_7_B1,KERCK1G3_7_B1,RTPD,MCL,LMP_LOSS_PRC,KERCK1G3_7_B1,ALL,1,0,4,19
2022-09-01T12:45:00-00:00,2022-09-01T13:00:00-00:00,2022-09-01,06,KERCK1G3_7_B1,KERCK1G3_7_B1,KERCK1G3_7_B1,RTPD,MCL,LMP_LOSS_PRC,KERCK1G3_7_B1,ALL,1,0,4,19
2022-09-01T13:45:00-00:00,2022-09-01T14:00:00-00:00,2022-09-01,07,KERCK1G3_7_B1,KERCK1G3_7_B1,KERCK1G3_7_B1,RTPD,MCL,LMP_LOSS_PRC,KERCK1G3_7_B1,ALL,1,0,4,19
2022-09-01T14:45:00-00:00,2022-09-01T15:00:00-00:00,2022-09-01,08,KERCK1G3_7_B1,KERCK1G3_7_B1,KERCK1G3_7_B1,RTPD,MCL,LMP_LOSS_PRC,KERCK1G3_7_B1,ALL,1,0,4,19
2022-09-01T15:45:00-00:00,2022-09-01T16:00:00-00:00,2022-09-01,09,KERCK1G3_7_B1,KERCK1G3_7_B1,KERCK1G3_7_B1,RTPD,MCL,LMP_LOSS_PRC,KERCK1G3_7_B1,ALL,1,0,4,19
2022-09-01T16:45:00-00:00,2022-09-01T17:00:00-00:00,2022-09-01,10,KERCK1G3_7_B1,KERCK1G3_7_B1,KERCK1G3_7_B1,RTPD,MCL,LMP_LOSS_PRC,KERCK1G3_7_B1,ALL,1,0,4,19
2022-09-01T17:45:00-00:00,2022-09-01T18:00:00-00:00,2022-09-01,11,KERCK1G3_7_B1,KERCK1G3_7_B1,KERCK1G3_7_B1,RTPD,MCL,LMP_LOSS_PRC,KERCK1G3_7_B1,ALL,1,0,4,19
2022-09-01T18:45:00-00:00,2022-09-01T19:00:00-00:00,2022-09-01,12,KERCK1G3_7_B1,KERCK1G3_7_B1,KERCK1G3_7_B1,RTPD,MCL,LMP_LOSS_PRC,KERCK1G3_7_B1,ALL,1,0,4,19
2022-09-01T19:45:00-00:00,2022-09-01T20:00:00-00:00,2022-09-01,13,KERCK1G3_7_B1,KERCK1G3_7_B1,KERCK1G3_7_B1,RTPD,MCL,LMP_LOSS_PRC,KERCK1G3_7_B1,ALL,1,0,4,19
2022-09-01T20:45:00-00:00,2022-09-01T21:00:00-00:00,2022-09-01,14,KERCK1G3_7_B1,KERCK1G3_7_B1,KERCK1G3_7_B1,RTPD,MCL,LMP_LOSS_PRC,KERCK1G3_7_B1,ALL,1,0,4,19
2022-09-01T21:45:00-00:00,2022-09-01T22:00:00-00:00,2022-09-01,15,KERCK1G3_7_B1,KERCK1G3_7_B1,KERCK1G3_7_B1,RTPD,MCL,LMP_LOSS_PRC,KERCK1G3_7_B1,ALL,1,0,4,19
2022-09-01T22:45:00-00:00,2022-09-01T23:00:00-00:00,2022-09-01,16,KERCK1G3_7_B1,KERCK1G3_7_B1,KERCK1G3_7_B1,RTPD,MCL,LMP_LOSS_PRC,KERCK1G3_7_B1,ALL,1,0,4,19
2022-09-01T23:45:00-00:00,2022-09-02T00:00:00-00:00,2022-09-01,17,KERCK1G3_7_B1,KERCK1G3_7_B1,KERCK1G3_7_B1,RTPD,MCL,LMP_LOSS_PRC,KERCK1G3_7_B1,ALL,1,0,4,19
2022-09-02T00:45:00-00:00,2022-09-02T01:00:00-00:00,2022-09-01,18,KERCK1G3_7_B1,KERCK1G3_7_B1,KERCK1G3_7_B1,RTPD,MCL,LMP_LOSS_PRC,KERCK1G3_7_B1,ALL,1,0,4,19
2022-09-02T01:45:00-00:00,2022-09-02T02:00:00-00:00,2022-09-01,19,KERCK1G3_7_B1,KERCK1G3_7_B1,KERCK1G3_7_B1,RTPD,MCL,LMP_LOSS_PRC,KERCK1G3_7_B1,ALL,1,0,4,19
2022-09-02T02:45:00-00:00,2022-09-02T03:00:00-00:00,2022-09-01,20,KERCK1G3_7_B1,KERCK1G3_7_B1,KERCK1G3_7_B1,RTPD,MCL,LMP_LOSS_PRC,KERCK1G3_7_B1,ALL,1,171.92505,4,19
2022-09-02T03:45:00-00:00,2022-09-02T04:00:00-00:00,2022-09-01,21,KERCK1G3_7_B1,KERCK1G3_7_B1,KERCK1G3_7_B1,RTPD,MCL,LMP_LOSS_PRC,KERCK1G3_7_B1,ALL,1,20.19671,4,19
2022-09-02T04:45:00-00:00,2022-09-02T05:00:00-00:00,2022-09-01,22,KERCK1G3_7_B1,KERCK1G3_7_B1,KERCK1G3_7_B1,RTPD,MCL,LMP_LOSS_PRC,KERCK1G3_7_B1,ALL,1,21.38504,4,19
2022-09-02T05:45:00-00:00,2022-09-02T06:00:00-00:00,2022-09-01,23,KERCK1G3_7_B1,KERCK1G3_7_B1,KERCK1G3_7_B1,RTPD,MCL,LMP_LOSS_PRC,KERCK1G3_7_B1,ALL,1,15.66166,4,19
2022-09-02T06:45:00-00:00,2022-09-02T07:00:00-00:00,2022-09-01,24,KERCK1G3_7_B1,KERCK1G3_7_B1,KERCK1G3_7_B1,RTPD,MCL,LMP_LOSS_PRC,KERCK1G3_7_B1,ALL,1,12.17616,4,19
2022-09-01T07:00:00-00:00,2022-09-01T07:15:00-00:00,2022-09-01,01,KERCK1G3_7_B1,KERCK1G3_7_B1,KERCK1G3_7_B1,RTPD,MGHG,LMP_GHG_PRC,KERCK1G3_7_B1,ALL,1,0,1,20
2022-09-01T08:00:00-00:00,2022-09-01T08:15:00-00:00,2022-09-01,02,KERCK1G3_7_B1,KERCK1G3_7_B1,KERCK1G3_7_B1,RTPD,MGHG,LMP_GHG_PRC,KERCK1G3_7_B1,ALL,1,0,1,20
2022-09-01T09:00:00-00:00,2022-09-01T09:15:00-00:00,2022-09-01,03,KERCK1G3_7_B1,KERCK1G3_7_B1,KERCK1G3_7_B1,RTPD,MGHG,LMP_GHG_PRC,KERCK1G3_7_B1,ALL,1,0,1,20
2022-09-01T10:00:00-00:00,2022-09-01T10:15:00-00:00,2022-09-01,04,KERCK1G3_7_B1,KERCK1G3_7_B1,KERCK1G3_7_B1,RTPD,MGHG,LMP_GHG_PRC,KERCK1G3_7_B1,ALL,1,0,1,20
2022-09-01T11:00:00-00:00,2022-09-01T11:15:00-00:00,2022-09-01,05,KERCK1G3_7_B1,KERCK1G3_7_B1,KERCK1G3_7_B1,RTPD,MGHG,LMP_GHG_PRC,KERCK1G3_7_B1,ALL,1,0,1,20
2022-09-01T12:00:00-00:00,2022-09-01T12:15:00-00:00,2022-09-01,06,KERCK1G3_7_B1,KERCK1G3_7_B1,KERCK1G3_7_B1,RTPD,MGHG,LMP_GHG_PRC,KERCK1G3_7_B1,ALL,1,0,1,20
2022-09-01T13:00:00-00:00,2022-09-01T13:15:00-00:00,2022-09-01,07,KERCK1G3_7_B1,KERCK1G3_7_B1,KERCK1G3_7_B1,RTPD,MGHG,LMP_GHG_PRC,KERCK1G3_7_B1,ALL,1,0,1,20
2022-09-01T14:00:00-00:00,2022-09-01T14:15:00-00:00,2022-09-01,08,KERCK1G3_7_B1,KERCK1G3_7_B1,KERCK1G3_7_B1,RTPD,MGHG,LMP_GHG_PRC,KERCK1G3_7_B1,ALL,1,0,1,20
2022-09-01T15:00:00-00:00,2022-09-01T15:15:00-00:00,2022-09-01,09,KERCK1G3_7_B1,KERCK1G3_7_B1,KERCK1G3_7_B1,RTPD,MGHG,LMP_GHG_PRC,KERCK1G3_7_B1,ALL,1,0,1,20
2022-09-01T16:00:00-00:00,2022-09-01T16:15:00-00:00,2022-09-01,10,KERCK1G3_7_B1,KERCK1G3_7_B1,KERCK1G3_7_B1,RTPD,MGHG,LMP_GHG_PRC,KERCK1G3_7_B1,ALL,1,0,1,20
2022-09-01T17:00:00-00:00,2022-09-01T17:15:00-00:00,2022-09-01,11,KERCK1G3_7_B1,KERCK1G3_7_B1,KERCK1G3_7_B1,RTPD,MGHG,LMP_GHG_PRC,KERCK1G3_7_B1,ALL,1,0,1,20
2022-09-01T18:00:00-00:00,2022-09-01T18:15:00-00:00,2022-09-01,12,KERCK1G3_7_B1,KERCK1G3_7_B1,KERCK1G3_7_B1,RTPD,MGHG,LMP_GHG_PRC,KERCK1G3_7_B1,ALL,1,0,1,20
2022-09-01T19:00:00-00:00,2022-09-01T19:15:00-00:00,2022-09-01,13,KERCK1G3_7_B1,KERCK1G3_7_B1,KERCK1G3_7_B1,RTPD,MGHG,LMP_GHG_PRC,KERCK1G3_7_B1,ALL,1,0,1,20
2022-09-01T20:00:00-00:00,2022-09-01T20:15:00-00:00,2022-09-01,14,KERCK1G3_7_B1,KERCK1G3_7_B1,KERCK1G3_7_B1,RTPD,MGHG,LMP_GHG_PRC,KERCK1G3_7_B1,ALL,1,0,1,20
2022-09-01T21:00:00-00:00,2022-09-01T21:15:00-00:00,2022-09-01,15,KERCK1G3_7_B1,KERCK1G3_7_B1,KERCK1G3_7_B1,RTPD,MGHG,LMP_GHG_PRC,KERCK1G3_7_B1,ALL,1,0,1,20
2022-09-01T22:00:00-00:00,2022-09-01T22:15:00-00:00,2022-09-01,16,KERCK1G3_7_B1,KERCK1G3_7_B1,KERCK1G3_7_B1,RTPD,MGHG,LMP_GHG_PRC,KERCK1G3_7_B1,ALL,1,0,1,20
2022-09-01T23:00:00-00:00,2022-09-01T23:15:00-00:00,2022-09-01,17,KERCK1G3_7_B1,KERCK1G3_7_B1,KERCK1G3_7_B1,RTPD,MGHG,LMP_GHG_PRC,KERCK1G3_7_B1,ALL,1,0,1,20
2022-09-02T00:00:00-00:00,2022-09-02T00:15:00-00:00,2022-09-01,18,KERCK1G3_7_B1,KERCK1G3_7_B1,KERCK1G3_7_B1,RTPD,MGHG,LMP_GHG_PRC,KERCK1G3_7_B1,ALL,1,0,1,20
2022-09-02T01:00:00-00:00,2022-09-02T01:15:00-00:00,2022-09-01,19,KERCK1G3_7_B1,KERCK1G3_7_B1,KERCK1G3_7_B1,RTPD,MGHG,LMP_GHG_PRC,KERCK1G3_7_B1,ALL,1,0,1,20
2022-09-02T02:00:00-00:00,2022-09-02T02:15:00-00:00,2022-09-01,20,KERCK1G3_7_B1,KERCK1G3_7_B1,KERCK1G3_7_B1,RTPD,MGHG,LMP_GHG_PRC,KERCK1G3_7_B1,ALL,1,0,1,20
2022-09-02T03:00:00-00:00,2022-09-02T03:15:00-00:00,2022-09-01,21,KERCK1G3_7_B1,KERCK1G3_7_B1,KERCK1G3_7_B1,RTPD,MGHG,LMP_GHG_PRC,KERCK1G3_7_B1,ALL,1,0,1,20
2022-09-02T04:00:00-00:00,2022-09-02T04:15:00-00:00,2022-09-01,22,KERCK1G3_7_B1,KERCK1G3_7_B1,KERCK1G3_7_B1,RTPD,MGHG,LMP_GHG_PRC,KERCK1G3_7_B1,ALL,1,0,1,20
2022-09-02T05:00:00-00:00,2022-09-02T05:15:00-00:00,2022-09-01,23,KERCK1G3_7_B1,KERCK1G3_7_B1,KERCK1G3_7_B1,RTPD,MGHG,LMP_GHG_PRC,KERCK1G3_7_B1,ALL,1,0,1,20
2022-09-02T06:00:00-00:00,2022-09-02T06:15:00-00:00,2022-09-01,24,KERCK1G3_7_B1,KERCK1G3_7_B1,KERCK1G3_7_B1,RTPD,MGHG,LMP_GHG_PRC,KERCK1G3_7_B1,ALL,1,0,1,20
2022-09-01T07:15:00-00:00,2022-09-01T07:30:00-00:00,2022-09-01,01,KERCK1G3_7_B1,KERCK1G3_7_B1,KERCK1G3_7_B1,RTPD,MGHG,LMP_GHG_PRC,KERCK1G3_7_B1,ALL,1,0,2,20
2022-09-01T08:15:00-00:00,2022-09-01T08:30:00-00:00,2022-09-01,02,KERCK1G3_7_B1,KERCK1G3_7_B1,KERCK1G3_7_B1,RTPD,MGHG,LMP_GHG_PRC,KERCK1G3_7_B1,ALL,1,0,2,20
2022-09-01T09:15:00-00:00,2022-09-01T09:30:00-00:00,2022-09-01,03,KERCK1G3_7_B1,KERCK1G3_7_B1,KERCK1G3_7_B1,RTPD,MGHG,LMP_GHG_PRC,KERCK1G3_7_B1,ALL,1,0,2,20
2022-09-01T10:15:00-00:00,2022-09-01T10:30:00-00:00,2022-09-01,04,KERCK1G3_7_B1,KERCK1G3_7_B1,KERCK1G3_7_B1,RTPD,MGHG,LMP_GHG_PRC,KERCK1G3_7_B1,ALL,1,0,2,20
2022-09-01T11:15:00-00:00,2022-09-01T11:30:00-00:00,2022-09-01,05,KERCK1G3_7_B1,KERCK1G3_7_B1,KERCK1G3_7_B1,RTPD,MGHG,LMP_GHG_PRC,KERCK1G3_7_B1,ALL,1,0,2,20
2022-09-01T12:15:00-00:00,2022-09-01T12:30:00-00:00,2022-09-01,06,KERCK1G3_7_B1,KERCK1G3_7_B1,KERCK1G3_7_B1,RTPD,MGHG,LMP_GHG_PRC,KERCK1G3_7_B1,ALL,1,0,2,20
2022-09-01T13:15:00-00:00,2022-09-01T13:30:00-00:00,2022-09-01,07,KERCK1G3_7_B1,KERCK1G3_7_B1,KERCK1G3_7_B1,RTPD,MGHG,LMP_GHG_PRC,KERCK1G3_7_B1,ALL,1,0,2,20
2022-09-01T14:15:00-00:00,2022-09-01T14:30:00-00:00,2022-09-01,08,KERCK1G3_7_B1,KERCK1G3_7_B1,KERCK1G3_7_B1,RTPD,MGHG,LMP_GHG_PRC,KERCK1G3_7_B1,ALL,1,0,2,20
2022-09-01T15:15:00-00:00,2022-09-01T15:30:00-00:00,2022-09-01,09,KERCK1G3_7_B1,KERCK1G3_7_B1,KERCK1G3_7_B1,RTPD,MGHG,LMP_GHG_PRC,KERCK1G3_7_B1,ALL,1,0,2,20
2022-09-01T16:15:00-00:00,2022-09-01T16:30:00-00:00,2022-09-01,10,KERCK1G3_7_B1,KERCK1G3_7_B1,KERCK1G3_7_B1,RTPD,MGHG,LMP_GHG_PRC,KERCK1G3_7_B1,ALL,1,0,2,20
2022-09-01T17:15:00-00:00,2022-09-01T17:30:00-00:00,2022-09-01,11,KERCK1G3_7_B1,KERCK1G3_7_B1,KERCK1G3_7_B1,RTPD,MGHG,LMP_GHG_PRC,KERCK1G3_7_B1,ALL,1,0,2,20
2022-09-01T18:15:00-00:00,2022-09-01T18:30:00-00:00,2022-09-01,12,KERCK1G3_7_B1,KERCK1G3_7_B1,KERCK1G3_7_B1,RTPD,MGHG,LMP_GHG_PRC,KERCK1G3_7_B1,ALL,1,0,2,20
2022-09-01T19:15:00-00:00,2022-09-01T19:30:00-00:00,2022-09-01,13,KERCK1G3_7_B1,KERCK1G3_7_B1,KERCK1G3_7_B1,RTPD,MGHG,LMP_GHG_PRC,KERCK1G3_7_B1,ALL,1,0,2,20
2022-09-01T20:15:00-00:00,2022-09-01T20:30:00-00:00,2022-09-01,14,KERCK1G3_7_B1,KERCK1G3_7_B1,KERCK1G3_7_B1,RTPD,MGHG,LMP_GHG_PRC,KERCK1G3_7_B1,ALL,1,0,2,20
2022-09-01T21:15:00-00:00,2022-09-01T21:30:00-00:00,2022-09-01,15,KERCK1G3_7_B1,KERCK1G3_7_B1,KERCK1G3_7_B1,RTPD,MGHG,LMP_GHG_PRC,KERCK1G3_7_B1,ALL,1,0,2,20
2022-09-01T22:15:00-00:00,2022-09-01T22:30:00-00:00,2022-09-01,16,KERCK1G3_7_B1,KERCK1G3_7_B1,KERCK1G3_7_B1,RTPD,MGHG,LMP_GHG_PRC,KERCK1G3_7_B1,ALL,1,0,2,20
2022-09-01T23:15:00-00:00,2022-09-01T23:30:00-00:00,2022-09-01,17,KERCK1G3_7_B1,KERCK1G3_7_B1,KERCK1G3_7_B1,RTPD,MGHG,LMP_GHG_PRC,KERCK1G3_7_B1,ALL,1,0,2,20
2022-09-02T00:15:00-00:00,2022-09-02T00:30:00-00:00,2022-09-01,18,KERCK1G3_7_B1,KERCK1G3_7_B1,KERCK1G3_7_B1,RTPD,MGHG,LMP_GHG_PRC,KERCK1G3_7_B1,ALL,1,0,2,20
2022-09-02T01:15:00-00:00,2022-09-02T01:30:00-00:00,2022-09-01,19,KERCK1G3_7_B1,KERCK1G3_7_B1,KERCK1G3_7_B1,RTPD,MGHG,LMP_GHG_PRC,KERCK1G3_7_B1,ALL,1,0,2,20
2022-09-02T02:15:00-00:00,2022-09-02T02:30:00-00:00,2022-09-01,20,KERCK1G3_7_B1,KERCK1G3_7_B1,KERCK1G3_7_B1,RTPD,MGHG,LMP_GHG_PRC,KERCK1G3_7_B1,ALL,1,0,2,20
2022-09-02T03:15:00-00:00,2022-09-02T03:30:00-00:00,2022-09-01,21,KERCK1G3_7_B1,KERCK1G3_7_B1,KERCK1G3_7_B1,RTPD,MGHG,LMP_GHG_PRC,KERCK1G3_7_B1,ALL,1,0,2,20
2022-09-02T04:15:00-00:00,2022-09-02T04:30:00-00:00,2022-09-01,22,KERCK1G3_7_B1,KERCK1G3_7_B1,KERCK1G3_7_B1,RTPD,MGHG,LMP_GHG_PRC,KERCK1G3_7_B1,ALL,1,0,2,20
2022-09-02T05:15:00-00:00,2022-09-02T05:30:00-00:00,2022-09-01,23,KERCK1G3_7_B1,KERCK1G3_7_B1,KERCK1G3_7_B1,RTPD,MGHG,LMP_GHG_PRC,KERCK1G3_7_B1,ALL,1,0,2,20
2022-09-02T06:15:00-00:00,2022-09-02T06:30:00-00:00,2022-09-01,24,KERCK1G3_7_B1,KERCK1G3_7_B1,KERCK1G3_7_B1,RTPD,MGHG,LMP_GHG_PRC,KERCK1G3_7_B1,ALL,1,0,2,20
2022-09-01T07:30:00-00:00,2022-09-01T07:45:00-00:00,2022-09-01,01,KERCK1G3_7_B1,KERCK1G3_7_B1,KERCK1G3_7_B1,RTPD,MGHG,LMP_GHG_PRC,KERCK1G3_7_B1,ALL,1,0,3,20
2022-09-01T08:30:00-00:00,2022-09-01T08:45:00-00:00,2022-09-01,02,KERCK1G3_7_B1,KERCK1G3_7_B1,KERCK1G3_7_B1,RTPD,MGHG,LMP_GHG_PRC,KERCK1G3_7_B1,ALL,1,0,3,20
2022-09-01T09:30:00-00:00,2022-09-01T09:45:00-00:00,2022-09-01,03,KERCK1G3_7_B1,KERCK1G3_7_B1,KERCK1G3_7_B1,RTPD,MGHG,LMP_GHG_PRC,KERCK1G3_7_B1,ALL,1,0,3,20
2022-09-01T10:30:00-00:00,2022-09-01T10:45:00-00:00,2022-09-01,04,KERCK1G3_7_B1,KERCK1G3_7_B1,KERCK1G3_7_B1,RTPD,MGHG,LMP_GHG_PRC,KERCK1G3_7_B1,ALL,1,0,3,20
2022-09-01T11:30:00-00:00,2022-09-01T11:45:00-00:00,2022-09-01,05,KERCK1G3_7_B1,KERCK1G3_7_B1,KERCK1G3_7_B1,RTPD,MGHG,LMP_GHG_PRC,KERCK1G3_7_B1,ALL,1,0,3,20
2022-09-01T12:30:00-00:00,2022-09-01T12:45:00-00:00,2022-09-01,06,KERCK1G3_7_B1,KERCK1G3_7_B1,KERCK1G3_7_B1,RTPD,MGHG,LMP_GHG_PRC,KERCK1G3_7_B1,ALL,1,0,3,20
2022-09-01T13:30:00-00:00,2022-09-01T13:45:00-00:00,2022-09-01,07,KERCK1G3_7_B1,KERCK1G3_7_B1,KERCK1G3_7_B1,RTPD,MGHG,LMP_GHG_PRC,KERCK1G3_7_B1,ALL,1,0,3,20
2022-09-01T14:30:00-00:00,2022-09-01T14:45:00-00:00,2022-09-01,08,KERCK1G3_7_B1,KERCK1G3_7_B1,KERCK1G3_7_B1,RTPD,MGHG,LMP_GHG_PRC,KERCK1G3_7_B1,ALL,1,0,3,20
2022-09-01T15:30:00-00:00,2022-09-01T15:45:00-00:00,2022-09-01,09,KERCK1G3_7_B1,KERCK1G3_7_B1,KERCK1G3_7_B1,RTPD,MGHG,LMP_GHG_PRC,KERCK1G3_7_B1,ALL,1,0,3,20
2022-09-01T16:30:00-00:00,2022-09-01T16:45:00-00:00,2022-09-01,10,KERCK1G3_7_B1,KERCK1G3_7_B1,KERCK1G3_7_B1,RTPD,MGHG,LMP_GHG_PRC,KERCK1G3_7_B1,ALL,1,0,3,20
2022-09-01T17:30:00-00:00,2022-09-01T17:45:00-00:00,2022-09-01,11,KERCK1G3_7_B1,KERCK1G3_7_B1,KERCK1G3_7_B1,RTPD,MGHG,LMP_GHG_PRC,KERCK1G3_7_B1,ALL,1,0,3,20
2022-09-01T18:30:00-00:00,2022-09-01T18:45:00-00:00,2022-09-01,12,KERCK1G3_7_B1,KERCK1G3_7_B1,KERCK1G3_7_B1,RTPD,MGHG,LMP_GHG_PRC,KERCK1G3_7_B1,ALL,1,0,3,20
2022-09-01T19:30:00-00:00,2022-09-01T19:45:00-00:00,2022-09-01,13,KERCK1G3_7_B1,KERCK1G3_7_B1,KERCK1G3_7_B1,RTPD,MGHG,LMP_GHG_PRC,KERCK1G3_7_B1,ALL,1,0,3,20
2022-09-01T20:30:00-00:00,2022-09-01T20:45:00-00:00,2022-09-01,14,KERCK1G3_7_B1,KERCK1G3_7_B1,KERCK1G3_7_B1,RTPD,MGHG,LMP_GHG_PRC,KERCK1G3_7_B1,ALL,1,0,3,20
2022-09-01T21:30:00-00:00,2022-09-01T21:45:00-00:00,2022-09-01,15,KERCK1G3_7_B1,KERCK1G3_7_B1,KERCK1G3_7_B1,RTPD,MGHG,LMP_GHG_PRC,KERCK1G3_7_B1,ALL,1,0,3,20
2022-09-01T22:30:00-00:00,2022-09-01T22:45:00-00:00,2022-09-01,16,KERCK1G3_7_B1,KERCK1G3_7_B1,KERCK1G3_7_B1,RTPD,MGHG,LMP_GHG_PRC,KERCK1G3_7_B1,ALL,1,0,3,20
2022-09-01T23:30:00-00:00,2022-09-01T23:45:00-00:00,2022-09-01,17,KERCK1G3_7_B1,KERCK1G3_7_B1,KERCK1G3_7_B1,RTPD,MGHG,LMP_GHG_PRC,KERCK1G3_7_B1,ALL,1,0,3,20
2022-09-02T00:30:00-00:00,2022-09-02T00:45:00-00:00,2022-09-01,18,KERCK1G3_7_B1,KERCK1G3_7_B1,KERCK1G3_7_B1,RTPD,MGHG,LMP_GHG_PRC,KERCK1G3_7_B1,ALL,1,0,3,20
2022-09-02T01:30:00-00:00,2022-09-02T01:45:00-00:00,2022-09-01,19,KERCK1G3_7_B1,KERCK1G3_7_B1,KERCK1G3_7_B1,RTPD,MGHG,LMP_GHG_PRC,KERCK1G3_7_B1,ALL,1,0,3,20
2022-09-02T02:30:00-00:00,2022-09-02T02:45:00-00:00,2022-09-01,20,KERCK1G3_7_B1,KERCK1G3_7_B1,KERCK1G3_7_B1,RTPD,MGHG,LMP_GHG_PRC,KERCK1G3_7_B1,ALL,1,0,3,20
2022-09-02T03:30:00-00:00,2022-09-02T03:45:00-00:00,2022-09-01,21,KERCK1G3_7_B1,KERCK1G3_7_B1,KERCK1G3_7_B1,RTPD,MGHG,LMP_GHG_PRC,KERCK1G3_7_B1,ALL,1,0,3,20
2022-09-02T04:30:00-00:00,2022-09-02T04:45:00-00:00,2022-09-01,22,KERCK1G3_7_B1,KERCK1G3_7_B1,KERCK1G3_7_B1,RTPD,MGHG,LMP_GHG_PRC,KERCK1G3_7_B1,ALL,1,0,3,20
2022-09-02T05:30:00-00:00,2022-09-02T05:45:00-00:00,2022-09-01,23,KERCK1G3_7_B1,KERCK1G3_7_B1,KERCK1G3_7_B1,RTPD,MGHG,LMP_GHG_PRC,KERCK1G3_7_B1,ALL,1,0,3,20
2022-09-02T06:30:00-00:00,2022-09-02T06:45:00-00:00,2022-09-01,24,KERCK1G3_7_B1,KERCK1G3_7_B1,KERCK1G3_7_B1,RTPD,MGHG,LMP_GHG_PRC,KERCK1G3_7_B1,ALL,1,0,3,20
2022-09-01T07:45:00-00:00,2022-09-01T08:00:00-00:00,2022-09-01,01,KERCK1G3_7_B1,KERCK1G3_7_B1,KERCK1G3_7_B1,RTPD,MGHG,LMP_GHG_PRC,KERCK1G3_7_B1,ALL,1,0,4,20
2022-09-01T08:45:00-00:00,2022-09-01T09:00:00-00:00,2022-09-01,02,KERCK1G3_7_B1,KERCK1G3_7_B1,KERCK1G3_7_B1,RTPD,MGHG,LMP_GHG_PRC,KERCK1G3_7_B1,ALL,1,0,4,20
2022-09-01T09:45:00-00:00,2022-09-01T10:00:00-00:00,2022-09-01,03,KERCK1G3_7_B1,KERCK1G3_7_B1,KERCK1G3_7_B1,RTPD,MGHG,LMP_GHG_PRC,KERCK1G3_7_B1,ALL,1,0,4,20
2022-09-01T10:45:00-00:00,2022-09-01T11:00:00-00:00,2022-09-01,04,KERCK1G3_7_B1,KERCK1G3_7_B1,KERCK1G3_7_B1,RTPD,MGHG,LMP_GHG_PRC,KERCK1G3_7_B1,ALL,1,0,4,20
2022-09-01T11:45:00-00:00,2022-09-01T12:00:00-00:00,2022-09-01,05,KERCK1G3_7_B1,KERCK1G3_7_B1,KERCK1G3_7_B1,RTPD,MGHG,LMP_GHG_PRC,KERCK1G3_7_B1,ALL,1,0,4,20
2022-09-01T12:45:00-00:00,2022-09-01T13:00:00-00:00,2022-09-01,06,KERCK1G3_7_B1,KERCK1G3_7_B1,KERCK1G3_7_B1,RTPD,MGHG,LMP_GHG_PRC,KERCK1G3_7_B1,ALL,1,0,4,20
2022-09-01T13:45:00-00:00,2022-09-01T14:00:00-00:00,2022-09-01,07,KERCK1G3_7_B1,KERCK1G3_7_B1,KERCK1G3_7_B1,RTPD,MGHG,LMP_GHG_PRC,KERCK1G3_7_B1,ALL,1,0,4,20
2022-09-01T14:45:00-00:00,2022-09-01T15:00:00-00:00,2022-09-01,08,KERCK1G3_7_B1,KERCK1G3_7_B1,KERCK1G3_7_B1,RTPD,MGHG,LMP_GHG_PRC,KERCK1G3_7_B1,ALL,1,0,4,20
2022-09-01T15:45:00-00:00,2022-09-01T16:00:00-00:00,2022-09-01,09,KERCK1G3_7_B1,KERCK1G3_7_B1,KERCK1G3_7_B1,RTPD,MGHG,LMP_GHG_PRC,KERCK1G3_7_B1,ALL,1,0,4,20
2022-09-01T16:45:00-00:00,2022-09-01T17:00:00-00:00,2022-09-01,10,KERCK1G3_7_B1,KERCK1G3_7_B1,KERCK1G3_7_B1,RTPD,MGHG,LMP_GHG_PRC,KERCK1G3_7_B1,ALL,1,0,4,20
2022-09-01T17:45:00-00:00,2022-09-01T18:00:00-00:00,2022-09-01,11,KERCK1G3_7_B1,KERCK1G3_7_B1,KERCK1G3_7_B1,RTPD,MGHG,LMP_GHG_PRC,KERCK1G3_7_B1,ALL,1,0,4,20
2022-09-01T18:45:00-00:00,2022-09-01T19:00:00-00:00,2022-09-01,12,KERCK1G3_7_B1,KERCK1G3_7_B1,KERCK1G3_7_B1,RTPD,MGHG,LMP_GHG_PRC,KERCK1G3_7_B1,ALL,1,0,4,20
2022-09-01T19:45:00-00:00,2022-09-01T20:00:00-00:00,2022-09-01,13,KERCK1G3_7_B1,KERCK1G3_7_B1,KERCK1G3_7_B1,RTPD,MGHG,LMP_GHG_PRC,KERCK1G3_7_B1,ALL,1,0,4,20
2022-09-01T20:45:00-00:00,2022-09-01T21:00:00-00:00,2022-09-01,14,KERCK1G3_7_B1,KERCK1G3_7_B1,KERCK1G3_7_B1,RTPD,MGHG,LMP_GHG_PRC,KERCK1G3_7_B1,ALL,1,0,4,20
2022-09-01T21:45:00-00:00,2022-09-01T22:00:00-00:00,2022-09-01,15,KERCK1G3_7_B1,KERCK1G3_7_B1,KERCK1G3_7_B1,RTPD,MGHG,LMP_GHG_PRC,KERCK1G3_7_B1,ALL,1,0,4,20
2022-09-01T22:45:00-00:00,2022-09-01T23:00:00-00:00,2022-09-01,16,KERCK1G3_7_B1,KERCK1G3_7_B1,KERCK1G3_7_B1,RTPD,MGHG,LMP_GHG_PRC,KERCK1G3_7_B1,ALL,1,0,4,20
2022-09-01T23:45:00-00:00,2022-09-02T00:00:00-00:00,2022-09-01,17,KERCK1G3_7_B1,KERCK1G3_7_B1,KERCK1G3_7_B1,RTPD,MGHG,LMP_GHG_PRC,KERCK1G3_7_B1,ALL,1,0,4,20
2022-09-02T00:45:00-00:00,2022-09-02T01:00:00-00:00,2022-09-01,18,KERCK1G3_7_B1,KERCK1G3_7_B1,KERCK1G3_7_B1,RTPD,MGHG,LMP_GHG_PRC,KERCK1G3_7_B1,ALL,1,0,4,20
2022-09-02T01:45:00-00:00,2022-09-02T02:00:00-00:00,2022-09-01,19,KERCK1G3_7_B1,KERCK1G3_7_B1,KERCK1G3_7_B1,RTPD,MGHG,LMP_GHG_PRC,KERCK1G3_7_B1,ALL,1,0,4,20
2022-09-02T02:45:00-00:00,2022-09-02T03:00:00-00:00,2022-09-01,20,KERCK1G3_7_B1,KERCK1G3_7_B1,KERCK1G3_7_B1,RTPD,MGHG,LMP_GHG_PRC,KERCK1G3_7_B1,ALL,1,0,4,20
2022-09-02T03:45:00-00:00,2022-09-02T04:00:00-00:00,2022-09-01,21,KERCK1G3_7_B1,KERCK1G3_7_B1,KERCK1G3_7_B1,RTPD,MGHG,LMP_GHG_PRC,KERCK1G3_7_B1,ALL,1,0,4,20
2022-09-02T04:45:00-00:00,2022-09-02T05:00:00-00:00,2022-09-01,22,KERCK1G3_7_B1,KERCK1G3_7_B1,KERCK1G3_7_B1,RTPD,MGHG,LMP_GHG_PRC,KERCK1G3_7_B1,ALL,1,0,4,20
2022-09-02T05:45:00-00:00,2022-09-02T06:00:00-00:00,2022-09-01,23,KERCK1G3_7_B1,KERCK1G3_7_B1,KERCK1G3_7_B1,RTPD,MGHG,LMP_GHG_PRC,KERCK1G3_7_B1,ALL,1,0,4,20
2022-09-02T06:45:00-00:00,2022-09-02T07:00:00-00:00,2022-09-01,24,KERCK1G3_7_B1,KERCK1G3_7_B1,KERCK1G3_7_B1,RTPD,MGHG,LMP_GHG_PRC,KERCK1G3_7_B1,ALL,1,0,4,20
2022-09-01T07:00:00-00:00,2022-09-01T07:15:00-00:00,2022-09-01,01,KERCKHOF_7_B1,KERCKHOF_7_B1,KERCKHOF_7_B1,RTPD,LMP,LMP_PRC,KERCKHOF_7_B1,ALL,1,83.62616,1,21
2022-09-01T08:00:00-00:00,2022-09-01T08:15:00-00:00,2022-09-01,02,KERCKHOF_7_B1,KERCKHOF_7_B1,KERCKHOF_7_B1,RTPD,LMP,LMP_PRC,KERCKHOF_7_B1,ALL,1,111.7478,1,21
2022-09-01T09:00:00-00:00,2022-09-01T09:15:00-00:00,2022-09-01,03,KERCKHOF_7_B1,KERCKHOF_7_B1,KERCKHOF_7_B1,RTPD,LMP,LMP_PRC,KERCKHOF_7_B1,ALL,1,107.77222,1,21
2022-09-01T10:00:00-00:00,2022-09-01T10:15:00-00:00,2022-09-01,04,KERCKHOF_7_B1,KERCKHOF_7_B1,KERCKHOF_7_B1,RTPD,LMP,LMP_PRC,KERCKHOF_7_B1,ALL,1,104.01937,1,21
2022-09-01T11:00:00-00:00,2022-09-01T11:15:00-00:00,2022-09-01,05,KERCKHOF_7_B1,KERCKHOF_7_B1,KERCKHOF_7_B1,RTPD,LMP,LMP_PRC,KERCKHOF_7_B1,ALL,1,114.49731,1,21
2022-09-01T12:00:00-00:00,2022-09-01T12:15:00-00:00,2022-09-01,06,KERCKHOF_7_B1,KERCKHOF_7_B1,KERCKHOF_7_B1,RTPD,LMP,LMP_PRC,KERCKHOF_7_B1,ALL,1,97.13316,1,21
2022-09-01T13:00:00-00:00,2022-09-01T13:15:00-00:00,2022-09-01,07,KERCKHOF_7_B1,KERCKHOF_7_B1,KERCKHOF_7_B1,RTPD,LMP,LMP_PRC,KERCKHOF_7_B1,ALL,1,86.71212,1,21
2022-09-01T14:00:00-00:00,2022-09-01T14:15:00-00:00,2022-09-01,08,KERCKHOF_7_B1,KERCKHOF_7_B1,KERCKHOF_7_B1,RTPD,LMP,LMP_PRC,KERCKHOF_7_B1,ALL,1,123.39008,1,21
2022-09-01T15:00:00-00:00,2022-09-01T15:15:00-00:00,2022-09-01,09,KERCKHOF_7_B1,KERCKHOF_7_B1,KERCKHOF_7_B1,RTPD,LMP,LMP_PRC,KERCKHOF_7_B1,ALL,1,97.4112,1,21
2022-09-01T16:00:00-00:00,2022-09-01T16:15:00-00:00,2022-09-01,10,KERCKHOF_7_B1,KERCKHOF_7_B1,KERCKHOF_7_B1,RTPD,LMP,LMP_PRC,KERCKHOF_7_B1,ALL,1,83.43525,1,21
2022-09-01T17:00:00-00:00,2022-09-01T17:15:00-00:00,2022-09-01,11,KERCKHOF_7_B1,KERCKHOF_7_B1,KERCKHOF_7_B1,RTPD,LMP,LMP_PRC,KERCKHOF_7_B1,ALL,1,78.30925,1,21
2022-09-01T18:00:00-00:00,2022-09-01T18:15:00-00:00,2022-09-01,12,KERCKHOF_7_B1,KERCKHOF_7_B1,KERCKHOF_7_B1,RTPD,LMP,LMP_PRC,KERCKHOF_7_B1,ALL,1,55.3113,1,21
2022-09-01T19:00:00-00:00,2022-09-01T19:15:00-00:00,2022-09-01,13,KERCKHOF_7_B1,KERCKHOF_7_B1,KERCKHOF_7_B1,RTPD,LMP,LMP_PRC,KERCKHOF_7_B1,ALL,1,69.19025,1,21
2022-09-01T20:00:00-00:00,2022-09-01T20:15:00-00:00,2022-09-01,14,KERCKHOF_7_B1,KERCKHOF_7_B1,KERCKHOF_7_B1,RTPD,LMP,LMP_PRC,KERCKHOF_7_B1,ALL,1,114.01026,1,21
2022-09-01T21:00:00-00:00,2022-09-01T21:15:00-00:00,2022-09-01,15,KERCKHOF_7_B1,KERCKHOF_7_B1,KERCKHOF_7_B1,RTPD,LMP,LMP_PRC,KERCKHOF_7_B1,ALL,1,115.84912,1,21
2022-09-01T22:00:00-00:00,2022-09-01T22:15:00-00:00,2022-09-01,16,KERCKHOF_7_B1,KERCKHOF_7_B1,KERCKHOF_7_B1,RTPD,LMP,LMP_PRC,KERCKHOF_7_B1,ALL,1,109.18685,1,21
2022-09-01T23:00:00-00:00,2022-09-01T23:15:00-00:00,2022-09-01,17,KERCKHOF_7_B1,KERCKHOF_7_B1,KERCKHOF_7_B1,RTPD,LMP,LMP_PRC,KERCKHOF_7_B1,ALL,1,192.821,1,21
2022-09-02T00:00:00-00:00,2022-09-02T00:15:00-00:00,2022-09-01,18,KERCKHOF_7_B1,KERCKHOF_7_B1,KERCKHOF_7_B1,RTPD,LMP,LMP_PRC,KERCKHOF_7_B1,ALL,1,1093.3032,1,21
2022-09-02T01:00:00-00:00,2022-09-02T01:15:00-00:00,2022-09-01,19,KERCKHOF_7_B1,KERCKHOF_7_B1,KERCKHOF_7_B1,RTPD,LMP,LMP_PRC,KERCKHOF_7_B1,ALL,1,1304.7605,1,21
2022-09-02T02:00:00-00:00,2022-09-02T02:15:00-00:00,2022-09-01,20,KERCKHOF_7_B1,KERCKHOF_7_B1,KERCKHOF_7_B1,RTPD,LMP,LMP_PRC,KERCKHOF_7_B1,ALL,1,1991.6721,1,21
2022-09-02T03:00:00-00:00,2022-09-02T03:15:00-00:00,2022-09-01,21,KERCKHOF_7_B1,KERCKHOF_7_B1,KERCKHOF_7_B1,RTPD,LMP,LMP_PRC,KERCKHOF_7_B1,ALL,1,1569.5107,1,21
2022-09-02T04:00:00-00:00,2022-09-02T04:15:00-00:00,2022-09-01,22,KERCKHOF_7_B1,KERCKHOF_7_B1,KERCKHOF_7_B1,RTPD,LMP,LMP_PRC,KERCKHOF_7_B1,ALL,1,1543.476,1,21
2022-09-02T05:00:00-00:00,2022-09-02T05:15:00-00:00,2022-09-01,23,KERCKHOF_7_B1,KERCKHOF_7_B1,KERCKHOF_7_B1,RTPD,LMP,LMP_PRC,KERCKHOF_7_B1,ALL,1,220.78818,1,21
2022-09-02T06:00:00-00:00,2022-09-02T06:15:00-00:00,2022-09-01,24,KERCKHOF_7_B1,KERCKHOF_7_B1,KERCKHOF_7_B1,RTPD,LMP,LMP_PRC,KERCKHOF_7_B1,ALL,1,335.14307,1,21
2022-09-01T07:15:00-00:00,2022-09-01T07:30:00-00:00,2022-09-01,01,KERCKHOF_7_B1,KERCKHOF_7_B1,KERCKHOF_7_B1,RTPD,LMP,LMP_PRC,KERCKHOF_7_B1,ALL,1,114.16453,2,21
2022-09-01T08:15:00-00:00,2022-09-01T08:30:00-00:00,2022-09-01,02,KERCKHOF_7_B1,KERCKHOF_7_B1,KERCKHOF_7_B1,RTPD,LMP,LMP_PRC,KERCKHOF_7_B1,ALL,1,114.49415,2,21
2022-09-01T09:15:00-00:00,2022-09-01T09:30:00-00:00,2022-09-01,03,KERCKHOF_7_B1,KERCKHOF_7_B1,KERCKHOF_7_B1,RTPD,LMP,LMP_PRC,KERCKHOF_7_B1,ALL,1,104.16864,2,21
2022-09-01T10:15:00-00:00,2022-09-01T10:30:00-00:00,2022-09-01,04,KERCKHOF_7_B1,KERCKHOF_7_B1,KERCKHOF_7_B1,RTPD,LMP,LMP_PRC,KERCKHOF_7_B1,ALL,1,100.62099,2,21
2022-09-01T11:15:00-00:00,2022-09-01T11:30:00-00:00,2022-09-01,05,KERCKHOF_7_B1,KERCKHOF_7_B1,KERCKHOF_7_B1,RTPD,LMP,LMP_PRC,KERCKHOF_7_B1,ALL,1,114.99755,2,21
2022-09-01T12:15:00-00:00,2022-09-01T12:30:00-00:00,2022-09-01,06,KERCKHOF_7_B1,KERCKHOF_7_B1,KERCKHOF_7_B1,RTPD,LMP,LMP_PRC,KERCKHOF_7_B1,ALL,1,116.38929,2,21
2022-09-01T13:15:00-00:00,2022-09-01T13:30:00-00:00,2022-09-01,07,KERCKHOF_7_B1,KERCKHOF_7_B1,KERCKHOF_7_B1,RTPD,LMP,LMP_PRC,KERCKHOF_7_B1,ALL,1,118.18768,2,21
2022-09-01T14:15:00-00:00,2022-09-01T14:30:00-00:00,2022-09-01,08,KERCKHOF_7_B1,KERCKHOF_7_B1,KERCKHOF_7_B1,RTPD,LMP,LMP_PRC,KERCKHOF_7_B1,ALL,1,115.109,2,21
2022-09-01T15:15:00-00:00,2022-09-01T15:30:00-00:00,2022-09-01,09,KERCKHOF_7_B1,KERCKHOF_7_B1,KERCKHOF_7_B1,RTPD,LMP,LMP_PRC,KERCKHOF_7_B1,ALL,1,86.9388,2,21
2022-09-01T16:15:00-00:00,2022-09-01T16:30:00-00:00,2022-09-01,10,KERCKHOF_7_B1,KERCKHOF_7_B1,KERCKHOF_7_B1,RTPD,LMP,LMP_PRC,KERCKHOF_7_B1,ALL,1,87.6098,2,21
2022-09-01T17:15:00-00:00,2022-09-01T17:30:00-00:00,2022-09-01,11,KERCKHOF_7_B1,KERCKHOF_7_B1,KERCKHOF_7_B1,RTPD,LMP,LMP_PRC,KERCKHOF_7_B1,ALL,1,76.54761,2,21
2022-09-01T18:15:00-00:00,2022-09-01T18:30:00-00:00,2022-09-01,12,KERCKHOF_7_B1,KERCKHOF_7_B1,KERCKHOF_7_B1,RTPD,LMP,LMP_PRC,KERCKHOF_7_B1,ALL,1,71.61476,2,21
2022-09-01T19:15:00-00:00,2022-09-01T19:30:00-00:00,2022-09-01,13,KERCKHOF_7_B1,KERCKHOF_7_B1,KERCKHOF_7_B1,RTPD,LMP,LMP_PRC,KERCKHOF_7_B1,ALL,1,72.36192,2,21
2022-09-01T20:15:00-00:00,2022-09-01T20:30:00-00:00,2022-09-01,14,KERCKHOF_7_B1,KERCKHOF_7_B1,KERCKHOF_7_B1,RTPD,LMP,LMP_PRC,KERCKHOF_7_B1,ALL,1,113.95217,2,21
2022-09-01T21:15:00-00:00,2022-09-01T21:30:00-00:00,2022-09-01,15,KERCKHOF_7_B1,KERCKHOF_7_B1,KERCKHOF_7_B1,RTPD,LMP,LMP_PRC,KERCKHOF_7_B1,ALL,1,117.27674,2,21
2022-09-01T22:15:00-00:00,2022-09-01T22:30:00-00:00,2022-09-01,16,KERCKHOF_7_B1,KERCKHOF_7_B1,KERCKHOF_7_B1,RTPD,LMP,LMP_PRC,KERCKHOF_7_B1,ALL,1,124.947,2,21
2022-09-01T23:15:00-00:00,2022-09-01T23:30:00-00:00,2022-09-01,17,KERCKHOF_7_B1,KERCKHOF_7_B1,KERCKHOF_7_B1,RTPD,LMP,LMP_PRC,KERCKHOF_7_B1,ALL,1,255.75914,2,21
2022-09-02T00:15:00-00:00,2022-09-02T00:30:00-00:00,2022-09-01,18,KERCKHOF_7_B1,KERCKHOF_7_B1,KERCKHOF_7_B1,RTPD,LMP,LMP_PRC,KERCKHOF_7_B1,ALL,1,1113.2988,2,21
2022-09-02T01:15:00-00:00,2022-09-02T01:30:00-00:00,2022-09-01,19,KERCKHOF_7_B1,KERCKHOF_7_B1,KERCKHOF_7_B1,RTPD,LMP,LMP_PRC,KERCKHOF_7_B1,ALL,1,1999.9933,2,21
2022-09-02T02:15:00-00:00,2022-09-02T02:30:00-00:00,2022-09-01,20,KERCKHOF_7_B1,KERCKHOF_7_B1,KERCKHOF_7_B1,RTPD,LMP,LMP_PRC,KERCKHOF_7_B1,ALL,1,1991.6721,2,21
2022-09-02T03:15:00-00:00,2022-09-02T03:30:00-00:00,2022-09-01,21,KERCKHOF_7_B1,KERCKHOF_7_B1,KERCKHOF_7_B1,RTPD,LMP,LMP_PRC,KERCKHOF_7_B1,ALL,1,648.3058,2,21
2022-09-02T04:15:00-00:00,2022-09-02T04:30:00-00:00,2022-09-01,22,KERCKHOF_7_B1,KERCKHOF_7_B1,KERCKHOF_7_B1,RTPD,LMP,LMP_PRC,KERCKHOF_7_B1,ALL,1,1390.8549,2,21
2022-09-02T05:15:00-00:00,2022-09-02T05:30:00-00:00,2022-09-01,23,KERCKHOF_7_B1,KERCKHOF_7_B1,KERCKHOF_7_B1,RTPD,LMP,LMP_PRC,KERCKHOF_7_B1,ALL,1,194.97018,2,21
2022-09-02T06:15:00-00:00,2022-09-02T06:30:00-00:00,2022-09-01,24,KERCKHOF_7_B1,KERCKHOF_7_B1,KERCKHOF_7_B1,RTPD,LMP,LMP_PRC,KERCKHOF_7_B1,ALL,1,164.08144,2,21
2022-09-01T07:30:00-00:00,2022-09-01T07:45:00-00:00,2022-09-01,01,KERCKHOF_7_B1,KERCKHOF_7_B1,KERCKHOF_7_B1,RTPD,LMP,LMP_PRC,KERCKHOF_7_B1,ALL,1,100.58348,3,21
2022-09-01T08:30:00-00:00,2022-09-01T08:45:00-00:00,2022-09-01,02,KERCKHOF_7_B1,KERCKHOF_7_B1,KERCKHOF_7_B1,RTPD,LMP,LMP_PRC,KERCKHOF_7_B1,ALL,1,125.01159,3,21
2022-09-01T09:30:00-00:00,2022-09-01T09:45:00-00:00,2022-09-01,03,KERCKHOF_7_B1,KERCKHOF_7_B1,KERCKHOF_7_B1,RTPD,LMP,LMP_PRC,KERCKHOF_7_B1,ALL,1,103.87108,3,21
2022-09-01T10:30:00-00:00,2022-09-01T10:45:00-00:00,2022-09-01,04,KERCKHOF_7_B1,KERCKHOF_7_B1,KERCKHOF_7_B1,RTPD,LMP,LMP_PRC,KERCKHOF_7_B1,ALL,1,102.41557,3,21
2022-09-01T11:30:00-00:00,2022-09-01T11:45:00-00:00,2022-09-01,05,KERCKHOF_7_B1,KERCKHOF_7_B1,KERCKHOF_7_B1,RTPD,LMP,LMP_PRC,KERCKHOF_7_B1,ALL,1,115.15115,3,21
2022-09-01T12:30:00-00:00,2022-09-01T12:45:00-00:00,2022-09-01,06,KERCKHOF_7_B1,KERCKHOF_7_B1,KERCKHOF_7_B1,RTPD,LMP,LMP_PRC,KERCKHOF_7_B1,ALL,1,114.86634,3,21
2022-09-01T13:30:00-00:00,2022-09-01T13:45:00-00:00,2022-09-01,07,KERCKHOF_7_B1,KERCKHOF_7_B1,KERCKHOF_7_B1,RTPD,LMP,LMP_PRC,KERCKHOF_7_B1,ALL,1,119.5274,3,21
2022-09-01T14:30:00-00:00,2022-09-01T14:45:00-00:00,2022-09-01,08,KERCKHOF_7_B1,KERCKHOF_7_B1,KERCKHOF_7_B1,RTPD,LMP,LMP_PRC,KERCKHOF_7_B1,ALL,1,111.18267,3,21
2022-09-01T15:30:00-00:00,2022-09-01T15:45:00-00:00,2022-09-01,09,KERCKHOF_7_B1,KERCKHOF_7_B1,KERCKHOF_7_B1,RTPD,LMP,LMP_PRC,KERCKHOF_7_B1,ALL,1,86.1388,3,21
2022-09-01T16:30:00-00:00,2022-09-01T16:45:00-00:00,2022-09-01,10,KERCKHOF_7_B1,KERCKHOF_7_B1,KERCKHOF_7_B1,RTPD,LMP,LMP_PRC,KERCKHOF_7_B1,ALL,1,73.40932,3,21
2022-09-01T17:30:00-00:00,2022-09-01T17:45:00-00:00,2022-09-01,11,KERCKHOF_7_B1,KERCKHOF_7_B1,KERCKHOF_7_B1,RTPD,LMP,LMP_PRC,KERCKHOF_7_B1,ALL,1,76.26049,3,21
2022-09-01T18:30:00-00:00,2022-09-01T18:45:00-00:00,2022-09-01,12,KERCKHOF_7_B1,KERCKHOF_7_B1,KERCKHOF_7_B1,RTPD,LMP,LMP_PRC,KERCKHOF_7_B1,ALL,1,76.26505,3,21
2022-09-01T19:30:00-00:00,2022-09-01T19:45:00-00:00,2022-09-01,13,KERCKHOF_7_B1,KERCKHOF_7_B1,KERCKHOF_7_B1,RTPD,LMP,LMP_PRC,KERCKHOF_7_B1,ALL,1,99.88586,3,21
2022-09-01T20:30:00-00:00,2022-09-01T20:45:00-00:00,2022-09-01,14,KERCKHOF_7_B1,KERCKHOF_7_B1,KERCKHOF_7_B1,RTPD,LMP,LMP_PRC,KERCKHOF_7_B1,ALL,1,115.5246,3,21
2022-09-01T21:30:00-00:00,2022-09-01T21:45:00-00:00,2022-09-01,15,KERCKHOF_7_B1,KERCKHOF_7_B1,KERCKHOF_7_B1,RTPD,LMP,LMP_PRC,KERCKHOF_7_B1,ALL,1,125.43076,3,21
2022-09-01T22:30:00-00:00,2022-09-01T22:45:00-00:00,2022-09-01,16,KERCKHOF_7_B1,KERCKHOF_7_B1,KERCKHOF_7_B1,RTPD,LMP,LMP_PRC,KERCKHOF_7_B1,ALL,1,141.63599,3,21
2022-09-01T23:30:00-00:00,2022-09-01T23:45:00-00:00,2022-09-01,17,KERCKHOF_7_B1,KERCKHOF_7_B1,KERCKHOF_7_B1,RTPD,LMP,LMP_PRC,KERCKHOF_7_B1,ALL,1,619.61115,3,21
2022-09-02T00:30:00-00:00,2022-09-02T00:45:00-00:00,2022-09-01,18,KERCKHOF_7_B1,KERCKHOF_7_B1,KERCKHOF_7_B1,RTPD,LMP,LMP_PRC,KERCKHOF_7_B1,ALL,1,1728.4335,3,21
2022-09-02T01:30:00-00:00,2022-09-02T01:45:00-00:00,2022-09-01,19,KERCKHOF_7_B1,KERCKHOF_7_B1,KERCKHOF_7_B1,RTPD,LMP,LMP_PRC,KERCKHOF_7_B1,ALL,1,1999.9956,3,21
2022-09-02T02:30:00-00:00,2022-09-02T02:45:00-00:00,2022-09-01,20,KERCKHOF_7_B1,KERCKHOF_7_B1,KERCKHOF_7_B1,RTPD,LMP,LMP_PRC,KERCKHOF_7_B1,ALL,1,1991.671,3,21
2022-09-02T03:30:00-00:00,2022-09-02T03:45:00-00:00,2022-09-01,21,KERCKHOF_7_B1,KERCKHOF_7_B1,KERCKHOF_7_B1,RTPD,LMP,LMP_PRC,KERCKHOF_7_B1,ALL,1,245.19185,3,21
2022-09-02T04:30:00-00:00,2022-09-02T04:45:00-00:00,2022-09-01,22,KERCKHOF_7_B1,KERCKHOF_7_B1,KERCKHOF_7_B1,RTPD,LMP,LMP_PRC,KERCKHOF_7_B1,ALL,1,817.3418,3,21
2022-09-02T05:30:00-00:00,2022-09-02T05:45:00-00:00,2022-09-01,23,KERCKHOF_7_B1,KERCKHOF_7_B1,KERCKHOF_7_B1,RTPD,LMP,LMP_PRC,KERCKHOF_7_B1,ALL,1,162.51587,3,21
2022-09-02T06:30:00-00:00,2022-09-02T06:45:00-00:00,2022-09-01,24,KERCKHOF_7_B1,KERCKHOF_7_B1,KERCKHOF_7_B1,RTPD,LMP,LMP_PRC,KERCKHOF_7_B1,ALL,1,153.58977,3,21
2022-09-01T07:45:00-00:00,2022-09-01T08:00:00-00:00,2022-09-01,01,KERCKHOF_7_B1,KERCKHOF_7_B1,KERCKHOF_7_B1,RTPD,LMP,LMP_PRC,KERCKHOF_7_B1,ALL,1,88.176,4,21
2022-09-01T08:45:00-00:00,2022-09-01T09:00:00-00:00,2022-09-01,02,KERCKHOF_7_B1,KERCKHOF_7_B1,KERCKHOF_7_B1,RTPD,LMP,LMP_PRC,KERCKHOF_7_B1,ALL,1,104.98724,4,21
2022-09-01T09:45:00-00:00,2022-09-01T10:00:00-00:00,2022-09-01,03,KERCKHOF_7_B1,KERCKHOF_7_B1,KERCKHOF_7_B1,RTPD,LMP,LMP_PRC,KERCKHOF_7_B1,ALL,1,100.54134,4,21
2022-09-01T10:45:00-00:00,2022-09-01T11:00:00-00:00,2022-09-01,04,KERCKHOF_7_B1,KERCKHOF_7_B1,KERCKHOF_7_B1,RTPD,LMP,LMP_PRC,KERCKHOF_7_B1,ALL,1,102.19338,4,21
2022-09-01T11:45:00-00:00,2022-09-01T12:00:00-00:00,2022-09-01,05,KERCKHOF_7_B1,KERCKHOF_7_B1,KERCKHOF_7_B1,RTPD,LMP,LMP_PRC,KERCKHOF_7_B1,ALL,1,107.01,4,21
2022-09-01T12:45:00-00:00,2022-09-01T13:00:00-00:00,2022-09-01,06,KERCKHOF_7_B1,KERCKHOF_7_B1,KERCKHOF_7_B1,RTPD,LMP,LMP_PRC,KERCKHOF_7_B1,ALL,1,113.80428,4,21
2022-09-01T13:45:00-00:00,2022-09-01T14:00:00-00:00,2022-09-01,07,KERCKHOF_7_B1,KERCKHOF_7_B1,KERCKHOF_7_B1,RTPD,LMP,LMP_PRC,KERCKHOF_7_B1,ALL,1,111.41,4,21
2022-09-01T14:45:00-00:00,2022-09-01T15:00:00-00:00,2022-09-01,08,KERCKHOF_7_B1,KERCKHOF_7_B1,KERCKHOF_7_B1,RTPD,LMP,LMP_PRC,KERCKHOF_7_B1,ALL,1,86.1388,4,21
2022-09-01T15:45:00-00:00,2022-09-01T16:00:00-00:00,2022-09-01,09,KERCKHOF_7_B1,KERCKHOF_7_B1,KERCKHOF_7_B1,RTPD,LMP,LMP_PRC,KERCKHOF_7_B1,ALL,1,78.70076,4,21
2022-09-01T16:45:00-00:00,2022-09-01T17:00:00-00:00,2022-09-01,10,KERCKHOF_7_B1,KERCKHOF_7_B1,KERCKHOF_7_B1,RTPD,LMP,LMP_PRC,KERCKHOF_7_B1,ALL,1,77.32372,4,21
2022-09-01T17:45:00-00:00,2022-09-01T18:00:00-00:00,2022-09-01,11,KERCKHOF_7_B1,KERCKHOF_7_B1,KERCKHOF_7_B1,RTPD,LMP,LMP_PRC,KERCKHOF_7_B1,ALL,1,76.68788,4,21
2022-09-01T18:45:00-00:00,2022-09-01T19:00:00-00:00,2022-09-01,12,KERCKHOF_7_B1,KERCKHOF_7_B1,KERCKHOF_7_B1,RTPD,LMP,LMP_PRC,KERCKHOF_7_B1,ALL,1,78.36638,4,21
2022-09-01T19:45:00-00:00,2022-09-01T20:00:00-00:00,2022-09-01,13,KERCKHOF_7_B1,KERCKHOF_7_B1,KERCKHOF_7_B1,RTPD,LMP,LMP_PRC,KERCKHOF_7_B1,ALL,1,104.86974,4,21
2022-09-01T20:45:00-00:00,2022-09-01T21:00:00-00:00,2022-09-01,14,KERCKHOF_7_B1,KERCKHOF_7_B1,KERCKHOF_7_B1,RTPD,LMP,LMP_PRC,KERCKHOF_7_B1,ALL,1,122.36586,4,21
2022-09-01T21:45:00-00:00,2022-09-01T22:00:00-00:00,2022-09-01,15,KERCKHOF_7_B1,KERCKHOF_7_B1,KERCKHOF_7_B1,RTPD,LMP,LMP_PRC,KERCKHOF_7_B1,ALL,1,200.38533,4,21
2022-09-01T22:45:00-00:00,2022-09-01T23:00:00-00:00,2022-09-01,16,KERCKHOF_7_B1,KERCKHOF_7_B1,KERCKHOF_7_B1,RTPD,LMP,LMP_PRC,KERCKHOF_7_B1,ALL,1,143.44678,4,21
2022-09-01T23:45:00-00:00,2022-09-02T00:00:00-00:00,2022-09-01,17,KERCKHOF_7_B1,KERCKHOF_7_B1,KERCKHOF_7_B1,RTPD,LMP,LMP_PRC,KERCKHOF_7_B1,ALL,1,1610.7982,4,21
2022-09-02T00:45:00-00:00,2022-09-02T01:00:00-00:00,2022-09-01,18,KERCKHOF_7_B1,KERCKHOF_7_B1,KERCKHOF_7_B1,RTPD,LMP,LMP_PRC,KERCKHOF_7_B1,ALL,1,1770.5658,4,21
2022-09-02T01:45:00-00:00,2022-09-02T02:00:00-00:00,2022-09-01,19,KERCKHOF_7_B1,KERCKHOF_7_B1,KERCKHOF_7_B1,RTPD,LMP,LMP_PRC,KERCKHOF_7_B1,ALL,1,1991.9337,4,21
2022-09-02T02:45:00-00:00,2022-09-02T03:00:00-00:00,2022-09-01,20,KERCKHOF_7_B1,KERCKHOF_7_B1,KERCKHOF_7_B1,RTPD,LMP,LMP_PRC,KERCKHOF_7_B1,ALL,1,1913.1814,4,21
2022-09-02T03:45:00-00:00,2022-09-02T04:00:00-00:00,2022-09-01,21,KERCKHOF_7_B1,KERCKHOF_7_B1,KERCKHOF_7_B1,RTPD,LMP,LMP_PRC,KERCKHOF_7_B1,ALL,1,177.77905,4,21
2022-09-02T04:45:00-00:00,2022-09-02T05:00:00-00:00,2022-09-01,22,KERCKHOF_7_B1,KERCKHOF_7_B1,KERCKHOF_7_B1,RTPD,LMP,LMP_PRC,KERCKHOF_7_B1,ALL,1,164.60509,4,21
2022-09-02T05:45:00-00:00,2022-09-02T06:00:00-00:00,2022-09-01,23,KERCKHOF_7_B1,KERCKHOF_7_B1,KERCKHOF_7_B1,RTPD,LMP,LMP_PRC,KERCKHOF_7_B1,ALL,1,325.70325,4,21
2022-09-02T06:45:00-00:00,2022-09-02T07:00:00-00:00,2022-09-01,24,KERCKHOF_7_B1,KERCKHOF_7_B1,KERCKHOF_7_B1,RTPD,LMP,LMP_PRC,KERCKHOF_7_B1,ALL,1,127.52258,4,21
2022-09-01T07:00:00-00:00,2022-09-01T07:15:00-00:00,2022-09-01,01,KERCKHOF_7_B1,KERCKHOF_7_B1,KERCKHOF_7_B1,RTPD,MCC,LMP_CONG_PRC,KERCKHOF_7_B1,ALL,1,-24.22549,1,22
2022-09-01T08:00:00-00:00,2022-09-01T08:15:00-00:00,2022-09-01,02,KERCKHOF_7_B1,KERCKHOF_7_B1,KERCKHOF_7_B1,RTPD,MCC,LMP_CONG_PRC,KERCKHOF_7_B1,ALL,1,-3.80099,1,22
2022-09-01T09:00:00-00:00,2022-09-01T09:15:00-00:00,2022-09-01,03,KERCKHOF_7_B1,KERCKHOF_7_B1,KERCKHOF_7_B1,RTPD,MCC,LMP_CONG_PRC,KERCKHOF_7_B1,ALL,1,-5.09291,1,22
2022-09-01T10:00:00-00:00,2022-09-01T10:15:00-00:00,2022-09-01,04,KERCKHOF_7_B1,KERCKHOF_7_B1,KERCKHOF_7_B1,RTPD,MCC,LMP_CONG_PRC,KERCKHOF_7_B1,ALL,1,-4.41802,1,22
2022-09-01T11:00:00-00:00,2022-09-01T11:15:00-00:00,2022-09-01,05,KERCKHOF_7_B1,KERCKHOF_7_B1,KERCKHOF_7_B1,RTPD,MCC,LMP_CONG_PRC,KERCKHOF_7_B1,ALL,1,0,1,22
2022-09-01T12:00:00-00:00,2022-09-01T12:15:00-00:00,2022-09-01,06,KERCKHOF_7_B1,KERCKHOF_7_B1,KERCKHOF_7_B1,RTPD,MCC,LMP_CONG_PRC,KERCKHOF_7_B1,ALL,1,-11.36554,1,22
2022-09-01T13:00:00-00:00,2022-09-01T13:15:00-00:00,2022-09-01,07,KERCKHOF_7_B1,KERCKHOF_7_B1,KERCKHOF_7_B1,RTPD,MCC,LMP_CONG_PRC,KERCKHOF_7_B1,ALL,1,-15.09666,1,22
2022-09-01T14:00:00-00:00,2022-09-01T14:15:00-00:00,2022-09-01,08,KERCKHOF_7_B1,KERCKHOF_7_B1,KERCKHOF_7_B1,RTPD,MCC,LMP_CONG_PRC,KERCKHOF_7_B1,ALL,1,0,1,22
2022-09-01T15:00:00-00:00,2022-09-01T15:15:00-00:00,2022-09-01,09,KERCKHOF_7_B1,KERCKHOF_7_B1,KERCKHOF_7_B1,RTPD,MCC,LMP_CONG_PRC,KERCKHOF_7_B1,ALL,1,0,1,22
2022-09-01T16:00:00-00:00,2022-09-01T16:15:00-00:00,2022-09-01,10,KERCKHOF_7_B1,KERCKHOF_7_B1,KERCKHOF_7_B1,RTPD,MCC,LMP_CONG_PRC,KERCKHOF_7_B1,ALL,1,0,1,22
2022-09-01T17:00:00-00:00,2022-09-01T17:15:00-00:00,2022-09-01,11,KERCKHOF_7_B1,KERCKHOF_7_B1,KERCKHOF_7_B1,RTPD,MCC,LMP_CONG_PRC,KERCKHOF_7_B1,ALL,1,-18.63972,1,22
2022-09-01T18:00:00-00:00,2022-09-01T18:15:00-00:00,2022-09-01,12,KERCKHOF_7_B1,KERCKHOF_7_B1,KERCKHOF_7_B1,RTPD,MCC,LMP_CONG_PRC,KERCKHOF_7_B1,ALL,1,-36.28161,1,22
2022-09-01T19:00:00-00:00,2022-09-01T19:15:00-00:00,2022-09-01,13,KERCKHOF_7_B1,KERCKHOF_7_B1,KERCKHOF_7_B1,RTPD,MCC,LMP_CONG_PRC,KERCKHOF_7_B1,ALL,1,-40.00612,1,22
2022-09-01T20:00:00-00:00,2022-09-01T20:15:00-00:00,2022-09-01,14,KERCKHOF_7_B1,KERCKHOF_7_B1,KERCKHOF_7_B1,RTPD,MCC,LMP_CONG_PRC,KERCKHOF_7_B1,ALL,1,-3.93333,1,22
2022-09-01T21:00:00-00:00,2022-09-01T21:15:00-00:00,2022-09-01,15,KERCKHOF_7_B1,KERCKHOF_7_B1,KERCKHOF_7_B1,RTPD,MCC,LMP_CONG_PRC,KERCKHOF_7_B1,ALL,1,-110.76587,1,22
2022-09-01T22:00:00-00:00,2022-09-01T22:15:00-00:00,2022-09-01,16,KERCKHOF_7_B1,KERCKHOF_7_B1,KERCKHOF_7_B1,RTPD,MCC,LMP_CONG_PRC,KERCKHOF_7_B1,ALL,1,-119.99866,1,22
2022-09-01T23:00:00-00:00,2022-09-01T23:15:00-00:00,2022-09-01,17,KERCKHOF_7_B1,KERCKHOF_7_B1,KERCKHOF_7_B1,RTPD,MCC,LMP_CONG_PRC,KERCKHOF_7_B1,ALL,1,-193.9327,1,22
2022-09-02T00:00:00-00:00,2022-09-02T00:15:00-00:00,2022-09-01,18,KERCKHOF_7_B1,KERCKHOF_7_B1,KERCKHOF_7_B1,RTPD,MCC,LMP_CONG_PRC,KERCKHOF_7_B1,ALL,1,290.89676,1,22
2022-09-02T01:00:00-00:00,2022-09-02T01:15:00-00:00,2022-09-01,19,KERCKHOF_7_B1,KERCKHOF_7_B1,KERCKHOF_7_B1,RTPD,MCC,LMP_CONG_PRC,KERCKHOF_7_B1,ALL,1,388.48923,1,22
2022-09-02T02:00:00-00:00,2022-09-02T02:15:00-00:00,2022-09-01,20,KERCKHOF_7_B1,KERCKHOF_7_B1,KERCKHOF_7_B1,RTPD,MCC,LMP_CONG_PRC,KERCKHOF_7_B1,ALL,1,0,1,22
2022-09-02T03:00:00-00:00,2022-09-02T03:15:00-00:00,2022-09-01,21,KERCKHOF_7_B1,KERCKHOF_7_B1,KERCKHOF_7_B1,RTPD,MCC,LMP_CONG_PRC,KERCKHOF_7_B1,ALL,1,491.66382,1,22
2022-09-02T04:00:00-00:00,2022-09-02T04:15:00-00:00,2022-09-01,22,KERCKHOF_7_B1,KERCKHOF_7_B1,KERCKHOF_7_B1,RTPD,MCC,LMP_CONG_PRC,KERCKHOF_7_B1,ALL,1,1231.089,1,22
2022-09-02T05:00:00-00:00,2022-09-02T05:15:00-00:00,2022-09-01,23,KERCKHOF_7_B1,KERCKHOF_7_B1,KERCKHOF_7_B1,RTPD,MCC,LMP_CONG_PRC,KERCKHOF_7_B1,ALL,1,13.35304,1,22
2022-09-02T06:00:00-00:00,2022-09-02T06:15:00-00:00,2022-09-01,24,KERCKHOF_7_B1,KERCKHOF_7_B1,KERCKHOF_7_B1,RTPD,MCC,LMP_CONG_PRC,KERCKHOF_7_B1,ALL,1,157.03728,1,22
2022-09-01T07:15:00-00:00,2022-09-01T07:30:00-00:00,2022-09-01,01,KERCKHOF_7_B1,KERCKHOF_7_B1,KERCKHOF_7_B1,RTPD,MCC,LMP_CONG_PRC,KERCKHOF_7_B1,ALL,1,-11.38691,2,22
2022-09-01T08:15:00-00:00,2022-09-01T08:30:00-00:00,2022-09-01,02,KERCKHOF_7_B1,KERCKHOF_7_B1,KERCKHOF_7_B1,RTPD,MCC,LMP_CONG_PRC,KERCKHOF_7_B1,ALL,1,-1.0375,2,22
2022-09-01T09:15:00-00:00,2022-09-01T09:30:00-00:00,2022-09-01,03,KERCKHOF_7_B1,KERCKHOF_7_B1,KERCKHOF_7_B1,RTPD,MCC,LMP_CONG_PRC,KERCKHOF_7_B1,ALL,1,-6.71006,2,22
2022-09-01T10:15:00-00:00,2022-09-01T10:30:00-00:00,2022-09-01,04,KERCKHOF_7_B1,KERCKHOF_7_B1,KERCKHOF_7_B1,RTPD,MCC,LMP_CONG_PRC,KERCKHOF_7_B1,ALL,1,-6.25145,2,22
2022-09-01T11:15:00-00:00,2022-09-01T11:30:00-00:00,2022-09-01,05,KERCKHOF_7_B1,KERCKHOF_7_B1,KERCKHOF_7_B1,RTPD,MCC,LMP_CONG_PRC,KERCKHOF_7_B1,ALL,1,0,2,22
2022-09-01T12:15:00-00:00,2022-09-01T12:30:00-00:00,2022-09-01,06,KERCKHOF_7_B1,KERCKHOF_7_B1,KERCKHOF_7_B1,RTPD,MCC,LMP_CONG_PRC,KERCKHOF_7_B1,ALL,1,-6.94782,2,22
2022-09-01T13:15:00-00:00,2022-09-01T13:30:00-00:00,2022-09-01,07,KERCKHOF_7_B1,KERCKHOF_7_B1,KERCKHOF_7_B1,RTPD,MCC,LMP_CONG_PRC,KERCKHOF_7_B1,ALL,1,-0.64785,2,22
2022-09-01T14:15:00-00:00,2022-09-01T14:30:00-00:00,2022-09-01,08,KERCKHOF_7_B1,KERCKHOF_7_B1,KERCKHOF_7_B1,RTPD,MCC,LMP_CONG_PRC,KERCKHOF_7_B1,ALL,1,0,2,22
2022-09-01T15:15:00-00:00,2022-09-01T15:30:00-00:00,2022-09-01,09,KERCKHOF_7_B1,KERCKHOF_7_B1,KERCKHOF_7_B1,RTPD,MCC,LMP_CONG_PRC,KERCKHOF_7_B1,ALL,1,0,2,22
2022-09-01T16:15:00-00:00,2022-09-01T16:30:00-00:00,2022-09-01,10,KERCKHOF_7_B1,KERCKHOF_7_B1,KERCKHOF_7_B1,RTPD,MCC,LMP_CONG_PRC,KERCKHOF_7_B1,ALL,1,-1.83878,2,22
2022-09-01T17:15:00-00:00,2022-09-01T17:30:00-00:00,2022-09-01,11,KERCKHOF_7_B1,KERCKHOF_7_B1,KERCKHOF_7_B1,RTPD,MCC,LMP_CONG_PRC,KERCKHOF_7_B1,ALL,1,-22.79912,2,22
2022-09-01T18:15:00-00:00,2022-09-01T18:30:00-00:00,2022-09-01,12,KERCKHOF_7_B1,KERCKHOF_7_B1,KERCKHOF_7_B1,RTPD,MCC,LMP_CONG_PRC,KERCKHOF_7_B1,ALL,1,-29.54425,2,22
2022-09-01T19:15:00-00:00,2022-09-01T19:30:00-00:00,2022-09-01,13,KERCKHOF_7_B1,KERCKHOF_7_B1,KERCKHOF_7_B1,RTPD,MCC,LMP_CONG_PRC,KERCKHOF_7_B1,ALL,1,-32.94396,2,22
2022-09-01T20:15:00-00:00,2022-09-01T20:30:00-00:00,2022-09-01,14,KERCKHOF_7_B1,KERCKHOF_7_B1,KERCKHOF_7_B1,RTPD,MCC,LMP_CONG_PRC,KERCKHOF_7_B1,ALL,1,-3.54204,2,22
2022-09-01T21:15:00-00:00,2022-09-01T21:30:00-00:00,2022-09-01,15,KERCKHOF_7_B1,KERCKHOF_7_B1,KERCKHOF_7_B1,RTPD,MCC,LMP_CONG_PRC,KERCKHOF_7_B1,ALL,1,-29.93511,2,22
2022-09-01T22:15:00-00:00,2022-09-01T22:30:00-00:00,2022-09-01,16,KERCKHOF_7_B1,KERCKHOF_7_B1,KERCKHOF_7_B1,RTPD,MCC,LMP_CONG_PRC,KERCKHOF_7_B1,ALL,1,-131.64032,2,22
2022-09-01T23:15:00-00:00,2022-09-01T23:30:00-00:00,2022-09-01,17,KERCKHOF_7_B1,KERCKHOF_7_B1,KERCKHOF_7_B1,RTPD,MCC,LMP_CONG_PRC,KERCKHOF_7_B1,ALL,1,-106.36495,2,22
2022-09-02T00:15:00-00:00,2022-09-02T00:30:00-00:00,2022-09-01,18,KERCKHOF_7_B1,KERCKHOF_7_B1,KERCKHOF_7_B1,RTPD,MCC,LMP_CONG_PRC,KERCKHOF_7_B1,ALL,1,391.32135,2,22
2022-09-02T01:15:00-00:00,2022-09-02T01:30:00-00:00,2022-09-01,19,KERCKHOF_7_B1,KERCKHOF_7_B1,KERCKHOF_7_B1,RTPD,MCC,LMP_CONG_PRC,KERCKHOF_7_B1,ALL,1,0,2,22
2022-09-02T02:15:00-00:00,2022-09-02T02:30:00-00:00,2022-09-01,20,KERCKHOF_7_B1,KERCKHOF_7_B1,KERCKHOF_7_B1,RTPD,MCC,LMP_CONG_PRC,KERCKHOF_7_B1,ALL,1,0,2,22
2022-09-02T03:15:00-00:00,2022-09-02T03:30:00-00:00,2022-09-01,21,KERCKHOF_7_B1,KERCKHOF_7_B1,KERCKHOF_7_B1,RTPD,MCC,LMP_CONG_PRC,KERCKHOF_7_B1,ALL,1,181.52946,2,22
2022-09-02T04:15:00-00:00,2022-09-02T04:30:00-00:00,2022-09-01,22,KERCKHOF_7_B1,KERCKHOF_7_B1,KERCKHOF_7_B1,RTPD,MCC,LMP_CONG_PRC,KERCKHOF_7_B1,ALL,1,1120.0082,2,22
2022-09-02T05:15:00-00:00,2022-09-02T05:30:00-00:00,2022-09-01,23,KERCKHOF_7_B1,KERCKHOF_7_B1,KERCKHOF_7_B1,RTPD,MCC,LMP_CONG_PRC,KERCKHOF_7_B1,ALL,1,12.774,2,22
2022-09-02T06:15:00-00:00,2022-09-02T06:30:00-00:00,2022-09-01,24,KERCKHOF_7_B1,KERCKHOF_7_B1,KERCKHOF_7_B1,RTPD,MCC,LMP_CONG_PRC,KERCKHOF_7_B1,ALL,1,4.46714,2,22
2022-09-01T07:30:00-00:00,2022-09-01T07:45:00-00:00,2022-09-01,01,KERCKHOF_7_B1,KERCKHOF_7_B1,KERCKHOF_7_B1,RTPD,MCC,LMP_CONG_PRC,KERCKHOF_7_B1,ALL,1,-18.44849,3,22
2022-09-01T08:30:00-00:00,2022-09-01T08:45:00-00:00,2022-09-01,02,KERCKHOF_7_B1,KERCKHOF_7_B1,KERCKHOF_7_B1,RTPD,MCC,LMP_CONG_PRC,KERCKHOF_7_B1,ALL,1,-0.00098,3,22
2022-09-01T09:30:00-00:00,2022-09-01T09:45:00-00:00,2022-09-01,03,KERCKHOF_7_B1,KERCKHOF_7_B1,KERCKHOF_7_B1,RTPD,MCC,LMP_CONG_PRC,KERCKHOF_7_B1,ALL,1,-6.64983,3,22
2022-09-01T10:30:00-00:00,2022-09-01T10:45:00-00:00,2022-09-01,04,KERCKHOF_7_B1,KERCKHOF_7_B1,KERCKHOF_7_B1,RTPD,MCC,LMP_CONG_PRC,KERCKHOF_7_B1,ALL,1,-3.53474,3,22
2022-09-01T11:30:00-00:00,2022-09-01T11:45:00-00:00,2022-09-01,05,KERCKHOF_7_B1,KERCKHOF_7_B1,KERCKHOF_7_B1,RTPD,MCC,LMP_CONG_PRC,KERCKHOF_7_B1,ALL,1,0,3,22
2022-09-01T12:30:00-00:00,2022-09-01T12:45:00-00:00,2022-09-01,06,KERCKHOF_7_B1,KERCKHOF_7_B1,KERCKHOF_7_B1,RTPD,MCC,LMP_CONG_PRC,KERCKHOF_7_B1,ALL,1,-12.02993,3,22
2022-09-01T13:30:00-00:00,2022-09-01T13:45:00-00:00,2022-09-01,07,KERCKHOF_7_B1,KERCKHOF_7_B1,KERCKHOF_7_B1,RTPD,MCC,LMP_CONG_PRC,KERCKHOF_7_B1,ALL,1,0,3,22
2022-09-01T14:30:00-00:00,2022-09-01T14:45:00-00:00,2022-09-01,08,KERCKHOF_7_B1,KERCKHOF_7_B1,KERCKHOF_7_B1,RTPD,MCC,LMP_CONG_PRC,KERCKHOF_7_B1,ALL,1,0,3,22
2022-09-01T15:30:00-00:00,2022-09-01T15:45:00-00:00,2022-09-01,09,KERCKHOF_7_B1,KERCKHOF_7_B1,KERCKHOF_7_B1,RTPD,MCC,LMP_CONG_PRC,KERCKHOF_7_B1,ALL,1,0,3,22
2022-09-01T16:30:00-00:00,2022-09-01T16:45:00-00:00,2022-09-01,10,KERCKHOF_7_B1,KERCKHOF_7_B1,KERCKHOF_7_B1,RTPD,MCC,LMP_CONG_PRC,KERCKHOF_7_B1,ALL,1,-15.38712,3,22
2022-09-01T17:30:00-00:00,2022-09-01T17:45:00-00:00,2022-09-01,11,KERCKHOF_7_B1,KERCKHOF_7_B1,KERCKHOF_7_B1,RTPD,MCC,LMP_CONG_PRC,KERCKHOF_7_B1,ALL,1,-22.86964,3,22
2022-09-01T18:30:00-00:00,2022-09-01T18:45:00-00:00,2022-09-01,12,KERCKHOF_7_B1,KERCKHOF_7_B1,KERCKHOF_7_B1,RTPD,MCC,LMP_CONG_PRC,KERCKHOF_7_B1,ALL,1,-30.79212,3,22
2022-09-01T19:30:00-00:00,2022-09-01T19:45:00-00:00,2022-09-01,13,KERCKHOF_7_B1,KERCKHOF_7_B1,KERCKHOF_7_B1,RTPD,MCC,LMP_CONG_PRC,KERCKHOF_7_B1,ALL,1,-14.17319,3,22
2022-09-01T20:30:00-00:00,2022-09-01T20:45:00-00:00,2022-09-01,14,KERCKHOF_7_B1,KERCKHOF_7_B1,KERCKHOF_7_B1,RTPD,MCC,LMP_CONG_PRC,KERCKHOF_7_B1,ALL,1,-14.29144,3,22
2022-09-01T21:30:00-00:00,2022-09-01T21:45:00-00:00,2022-09-01,15,KERCKHOF_7_B1,KERCKHOF_7_B1,KERCKHOF_7_B1,RTPD,MCC,LMP_CONG_PRC,KERCKHOF_7_B1,ALL,1,-27.49981,3,22
2022-09-01T22:30:00-00:00,2022-09-01T22:45:00-00:00,2022-09-01,16,KERCKHOF_7_B1,KERCKHOF_7_B1,KERCKHOF_7_B1,RTPD,MCC,LMP_CONG_PRC,KERCKHOF_7_B1,ALL,1,-141.54584,3,22
2022-09-01T23:30:00-00:00,2022-09-01T23:45:00-00:00,2022-09-01,17,KERCKHOF_7_B1,KERCKHOF_7_B1,KERCKHOF_7_B1,RTPD,MCC,LMP_CONG_PRC,KERCKHOF_7_B1,ALL,1,53.12956,3,22
2022-09-02T00:30:00-00:00,2022-09-02T00:45:00-00:00,2022-09-01,18,KERCKHOF_7_B1,KERCKHOF_7_B1,KERCKHOF_7_B1,RTPD,MCC,LMP_CONG_PRC,KERCKHOF_7_B1,ALL,1,399.32092,3,22
2022-09-02T01:30:00-00:00,2022-09-02T01:45:00-00:00,2022-09-01,19,KERCKHOF_7_B1,KERCKHOF_7_B1,KERCKHOF_7_B1,RTPD,MCC,LMP_CONG_PRC,KERCKHOF_7_B1,ALL,1,0,3,22
2022-09-02T02:30:00-00:00,2022-09-02T02:45:00-00:00,2022-09-01,20,KERCKHOF_7_B1,KERCKHOF_7_B1,KERCKHOF_7_B1,RTPD,MCC,LMP_CONG_PRC,KERCKHOF_7_B1,ALL,1,0,3,22
2022-09-02T03:30:00-00:00,2022-09-02T03:45:00-00:00,2022-09-01,21,KERCKHOF_7_B1,KERCKHOF_7_B1,KERCKHOF_7_B1,RTPD,MCC,LMP_CONG_PRC,KERCKHOF_7_B1,ALL,1,28.28549,3,22
2022-09-02T04:30:00-00:00,2022-09-02T04:45:00-00:00,2022-09-01,22,KERCKHOF_7_B1,KERCKHOF_7_B1,KERCKHOF_7_B1,RTPD,MCC,LMP_CONG_PRC,KERCKHOF_7_B1,ALL,1,603.63556,3,22
2022-09-02T05:30:00-00:00,2022-09-02T05:45:00-00:00,2022-09-01,23,KERCKHOF_7_B1,KERCKHOF_7_B1,KERCKHOF_7_B1,RTPD,MCC,LMP_CONG_PRC,KERCKHOF_7_B1,ALL,1,9.94238,3,22
2022-09-02T06:30:00-00:00,2022-09-02T06:45:00-00:00,2022-09-01,24,KERCKHOF_7_B1,KERCKHOF_7_B1,KERCKHOF_7_B1,RTPD,MCC,LMP_CONG_PRC,KERCKHOF_7_B1,ALL,1,9.35637,3,22
2022-09-01T07:45:00-00:00,2022-09-01T08:00:00-00:00,2022-09-01,01,KERCKHOF_7_B1,KERCKHOF_7_B1,KERCKHOF_7_B1,RTPD,MCC,LMP_CONG_PRC,KERCKHOF_7_B1,ALL,1,-20.94498,4,22
2022-09-01T08:45:00-00:00,2022-09-01T09:00:00-00:00,2022-09-01,02,KERCKHOF_7_B1,KERCKHOF_7_B1,KERCKHOF_7_B1,RTPD,MCC,LMP_CONG_PRC,KERCKHOF_7_B1,ALL,1,-5.11294,4,22
2022-09-01T09:45:00-00:00,2022-09-01T10:00:00-00:00,2022-09-01,03,KERCKHOF_7_B1,KERCKHOF_7_B1,KERCKHOF_7_B1,RTPD,MCC,LMP_CONG_PRC,KERCKHOF_7_B1,ALL,1,-5.9241,4,22
2022-09-01T10:45:00-00:00,2022-09-01T11:00:00-00:00,2022-09-01,04,KERCKHOF_7_B1,KERCKHOF_7_B1,KERCKHOF_7_B1,RTPD,MCC,LMP_CONG_PRC,KERCKHOF_7_B1,ALL,1,-1.39204,4,22
2022-09-01T11:45:00-00:00,2022-09-01T12:00:00-00:00,2022-09-01,05,KERCKHOF_7_B1,KERCKHOF_7_B1,KERCKHOF_7_B1,RTPD,MCC,LMP_CONG_PRC,KERCKHOF_7_B1,ALL,1,0,4,22
2022-09-01T12:45:00-00:00,2022-09-01T13:00:00-00:00,2022-09-01,06,KERCKHOF_7_B1,KERCKHOF_7_B1,KERCKHOF_7_B1,RTPD,MCC,LMP_CONG_PRC,KERCKHOF_7_B1,ALL,1,-2.68053,4,22
2022-09-01T13:45:00-00:00,2022-09-01T14:00:00-00:00,2022-09-01,07,KERCKHOF_7_B1,KERCKHOF_7_B1,KERCKHOF_7_B1,RTPD,MCC,LMP_CONG_PRC,KERCKHOF_7_B1,ALL,1,0,4,22
2022-09-01T14:45:00-00:00,2022-09-01T15:00:00-00:00,2022-09-01,08,KERCKHOF_7_B1,KERCKHOF_7_B1,KERCKHOF_7_B1,RTPD,MCC,LMP_CONG_PRC,KERCKHOF_7_B1,ALL,1,0,4,22
2022-09-01T15:45:00-00:00,2022-09-01T16:00:00-00:00,2022-09-01,09,KERCKHOF_7_B1,KERCKHOF_7_B1,KERCKHOF_7_B1,RTPD,MCC,LMP_CONG_PRC,KERCKHOF_7_B1,ALL,1,0,4,22
2022-09-01T16:45:00-00:00,2022-09-01T17:00:00-00:00,2022-09-01,10,KERCKHOF_7_B1,KERCKHOF_7_B1,KERCKHOF_7_B1,RTPD,MCC,LMP_CONG_PRC,KERCKHOF_7_B1,ALL,1,-13.92561,4,22
2022-09-01T17:45:00-00:00,2022-09-01T18:00:00-00:00,2022-09-01,11,KERCKHOF_7_B1,KERCKHOF_7_B1,KERCKHOF_7_B1,RTPD,MCC,LMP_CONG_PRC,KERCKHOF_7_B1,ALL,1,-22.51756,4,22
2022-09-01T18:45:00-00:00,2022-09-01T19:00:00-00:00,2022-09-01,12,KERCKHOF_7_B1,KERCKHOF_7_B1,KERCKHOF_7_B1,RTPD,MCC,LMP_CONG_PRC,KERCKHOF_7_B1,ALL,1,-30.67426,4,22
2022-09-01T19:45:00-00:00,2022-09-01T20:00:00-00:00,2022-09-01,13,KERCKHOF_7_B1,KERCKHOF_7_B1,KERCKHOF_7_B1,RTPD,MCC,LMP_CONG_PRC,KERCKHOF_7_B1,ALL,1,-15.35517,4,22
2022-09-01T20:45:00-00:00,2022-09-01T21:00:00-00:00,2022-09-01,14,KERCKHOF_7_B1,KERCKHOF_7_B1,KERCKHOF_7_B1,RTPD,MCC,LMP_CONG_PRC,KERCKHOF_7_B1,ALL,1,-31.65923,4,22
2022-09-01T21:45:00-00:00,2022-09-01T22:00:00-00:00,2022-09-01,15,KERCKHOF_7_B1,KERCKHOF_7_B1,KERCKHOF_7_B1,RTPD,MCC,LMP_CONG_PRC,KERCKHOF_7_B1,ALL,1,-99.90843,4,22
2022-09-01T22:45:00-00:00,2022-09-01T23:00:00-00:00,2022-09-01,16,KERCKHOF_7_B1,KERCKHOF_7_B1,KERCKHOF_7_B1,RTPD,MCC,LMP_CONG_PRC,KERCKHOF_7_B1,ALL,1,-286.46692,4,22
2022-09-01T23:45:00-00:00,2022-09-02T00:00:00-00:00,2022-09-01,17,KERCKHOF_7_B1,KERCKHOF_7_B1,KERCKHOF_7_B1,RTPD,MCC,LMP_CONG_PRC,KERCKHOF_7_B1,ALL,1,349.5858,4,22
2022-09-02T00:45:00-00:00,2022-09-02T01:00:00-00:00,2022-09-01,18,KERCKHOF_7_B1,KERCKHOF_7_B1,KERCKHOF_7_B1,RTPD,MCC,LMP_CONG_PRC,KERCKHOF_7_B1,ALL,1,251.41673,4,22
2022-09-02T01:45:00-00:00,2022-09-02T02:00:00-00:00,2022-09-01,19,KERCKHOF_7_B1,KERCKHOF_7_B1,KERCKHOF_7_B1,RTPD,MCC,LMP_CONG_PRC,KERCKHOF_7_B1,ALL,1,0,4,22
2022-09-02T02:45:00-00:00,2022-09-02T03:00:00-00:00,2022-09-01,20,KERCKHOF_7_B1,KERCKHOF_7_B1,KERCKHOF_7_B1,RTPD,MCC,LMP_CONG_PRC,KERCKHOF_7_B1,ALL,1,113.91646,4,22
2022-09-02T03:45:00-00:00,2022-09-02T04:00:00-00:00,2022-09-01,21,KERCKHOF_7_B1,KERCKHOF_7_B1,KERCKHOF_7_B1,RTPD,MCC,LMP_CONG_PRC,KERCKHOF_7_B1,ALL,1,16.47356,4,22
2022-09-02T04:45:00-00:00,2022-09-02T05:00:00-00:00,2022-09-01,22,KERCKHOF_7_B1,KERCKHOF_7_B1,KERCKHOF_7_B1,RTPD,MCC,LMP_CONG_PRC,KERCKHOF_7_B1,ALL,1,16.49435,4,22
2022-09-02T05:45:00-00:00,2022-09-02T06:00:00-00:00,2022-09-01,23,KERCKHOF_7_B1,KERCKHOF_7_B1,KERCKHOF_7_B1,RTPD,MCC,LMP_CONG_PRC,KERCKHOF_7_B1,ALL,1,191.0439,4,22
2022-09-02T06:45:00-00:00,2022-09-02T07:00:00-00:00,2022-09-01,24,KERCKHOF_7_B1,KERCKHOF_7_B1,KERCKHOF_7_B1,RTPD,MCC,LMP_CONG_PRC,KERCKHOF_7_B1,ALL,1,6.14318,4,22
2022-09-01T07:00:00-00:00,2022-09-01T07:15:00-00:00,2022-09-01,01,KERCKHOF_7_B1,KERCKHOF_7_B1,KERCKHOF_7_B1,RTPD,MCE,LMP_ENE_PRC,KERCKHOF_7_B1,ALL,1,104.23471,1,23
2022-09-01T08:00:00-00:00,2022-09-01T08:15:00-00:00,2022-09-01,02,KERCKHOF_7_B1,KERCKHOF_7_B1,KERCKHOF_7_B1,RTPD,MCE,LMP_ENE_PRC,KERCKHOF_7_B1,ALL,1,115.5488,1,23
2022-09-01T09:00:00-00:00,2022-09-01T09:15:00-00:00,2022-09-01,03,KERCKHOF_7_B1,KERCKHOF_7_B1,KERCKHOF_7_B1,RTPD,MCE,LMP_ENE_PRC,KERCKHOF_7_B1,ALL,1,99.73061,1,23
2022-09-01T10:00:00-00:00,2022-09-01T10:15:00-00:00,2022-09-01,04,KERCKHOF_7_B1,KERCKHOF_7_B1,KERCKHOF_7_B1,RTPD,MCE,LMP_ENE_PRC,KERCKHOF_7_B1,ALL,1,98.64222,1,23
2022-09-01T11:00:00-00:00,2022-09-01T11:15:00-00:00,2022-09-01,05,KERCKHOF_7_B1,KERCKHOF_7_B1,KERCKHOF_7_B1,RTPD,MCE,LMP_ENE_PRC,KERCKHOF_7_B1,ALL,1,102.56859,1,23
2022-09-01T12:00:00-00:00,2022-09-01T12:15:00-00:00,2022-09-01,06,KERCKHOF_7_B1,KERCKHOF_7_B1,KERCKHOF_7_B1,RTPD,MCE,LMP_ENE_PRC,KERCKHOF_7_B1,ALL,1,96.90845,1,23
2022-09-01T13:00:00-00:00,2022-09-01T13:15:00-00:00,2022-09-01,07,KERCKHOF_7_B1,KERCKHOF_7_B1,KERCKHOF_7_B1,RTPD,MCE,LMP_ENE_PRC,KERCKHOF_7_B1,ALL,1,101.80878,1,23
2022-09-01T14:00:00-00:00,2022-09-01T14:15:00-00:00,2022-09-01,08,KERCKHOF_7_B1,KERCKHOF_7_B1,KERCKHOF_7_B1,RTPD,MCE,LMP_ENE_PRC,KERCKHOF_7_B1,ALL,1,111.11219,1,23
2022-09-01T15:00:00-00:00,2022-09-01T15:15:00-00:00,2022-09-01,09,KERCKHOF_7_B1,KERCKHOF_7_B1,KERCKHOF_7_B1,RTPD,MCE,LMP_ENE_PRC,KERCKHOF_7_B1,ALL,1,97.4112,1,23
2022-09-01T16:00:00-00:00,2022-09-01T16:15:00-00:00,2022-09-01,10,KERCKHOF_7_B1,KERCKHOF_7_B1,KERCKHOF_7_B1,RTPD,MCE,LMP_ENE_PRC,KERCKHOF_7_B1,ALL,1,83.43525,1,23
2022-09-01T17:00:00-00:00,2022-09-01T17:15:00-00:00,2022-09-01,11,KERCKHOF_7_B1,KERCKHOF_7_B1,KERCKHOF_7_B1,RTPD,MCE,LMP_ENE_PRC,KERCKHOF_7_B1,ALL,1,96.94897,1,23
2022-09-01T18:00:00-00:00,2022-09-01T18:15:00-00:00,2022-09-01,12,KERCKHOF_7_B1,KERCKHOF_7_B1,KERCKHOF_7_B1,RTPD,MCE,LMP_ENE_PRC,KERCKHOF_7_B1,ALL,1,91.59291,1,23
2022-09-01T19:00:00-00:00,2022-09-01T19:15:00-00:00,2022-09-01,13,KERCKHOF_7_B1,KERCKHOF_7_B1,KERCKHOF_7_B1,RTPD,MCE,LMP_ENE_PRC,KERCKHOF_7_B1,ALL,1,109.19637,1,23
2022-09-01T20:00:00-00:00,2022-09-01T20:15:00-00:00,2022-09-01,14,KERCKHOF_7_B1,KERCKHOF_7_B1,KERCKHOF_7_B1,RTPD,MCE,LMP_ENE_PRC,KERCKHOF_7_B1,ALL,1,117.94359,1,23
2022-09-01T21:00:00-00:00,2022-09-01T21:15:00-00:00,2022-09-01,15,KERCKHOF_7_B1,KERCKHOF_7_B1,KERCKHOF_7_B1,RTPD,MCE,LMP_ENE_PRC,KERCKHOF_7_B1,ALL,1,226.61499,1,23
2022-09-01T22:00:00-00:00,2022-09-01T22:15:00-00:00,2022-09-01,16,KERCKHOF_7_B1,KERCKHOF_7_B1,KERCKHOF_7_B1,RTPD,MCE,LMP_ENE_PRC,KERCKHOF_7_B1,ALL,1,229.18552,1,23
2022-09-01T23:00:00-00:00,2022-09-01T23:15:00-00:00,2022-09-01,17,KERCKHOF_7_B1,KERCKHOF_7_B1,KERCKHOF_7_B1,RTPD,MCE,LMP_ENE_PRC,KERCKHOF_7_B1,ALL,1,386.7537,1,23
2022-09-02T00:00:00-00:00,2022-09-02T00:15:00-00:00,2022-09-01,18,KERCKHOF_7_B1,KERCKHOF_7_B1,KERCKHOF_7_B1,RTPD,MCE,LMP_ENE_PRC,KERCKHOF_7_B1,ALL,1,770.58136,1,23
2022-09-02T01:00:00-00:00,2022-09-02T01:15:00-00:00,2022-09-01,19,KERCKHOF_7_B1,KERCKHOF_7_B1,KERCKHOF_7_B1,RTPD,MCE,LMP_ENE_PRC,KERCKHOF_7_B1,ALL,1,916.27124,1,23
2022-09-02T02:00:00-00:00,2022-09-02T02:15:00-00:00,2022-09-01,20,KERCKHOF_7_B1,KERCKHOF_7_B1,KERCKHOF_7_B1,RTPD,MCE,LMP_ENE_PRC,KERCKHOF_7_B1,ALL,1,1991.6721,1,23
2022-09-02T03:00:00-00:00,2022-09-02T03:15:00-00:00,2022-09-01,21,KERCKHOF_7_B1,KERCKHOF_7_B1,KERCKHOF_7_B1,RTPD,MCE,LMP_ENE_PRC,KERCKHOF_7_B1,ALL,1,917.5508,1,23
2022-09-02T04:00:00-00:00,2022-09-02T04:15:00-00:00,2022-09-01,22,KERCKHOF_7_B1,KERCKHOF_7_B1,KERCKHOF_7_B1,RTPD,MCE,LMP_ENE_PRC,KERCKHOF_7_B1,ALL,1,257.83005,1,23
2022-09-02T05:00:00-00:00,2022-09-02T05:15:00-00:00,2022-09-01,23,KERCKHOF_7_B1,KERCKHOF_7_B1,KERCKHOF_7_B1,RTPD,MCE,LMP_ENE_PRC,KERCKHOF_7_B1,ALL,1,183.24657,1,23
2022-09-02T06:00:00-00:00,2022-09-02T06:15:00-00:00,2022-09-01,24,KERCKHOF_7_B1,KERCKHOF_7_B1,KERCKHOF_7_B1,RTPD,MCE,LMP_ENE_PRC,KERCKHOF_7_B1,ALL,1,158.867,1,23
2022-09-01T07:15:00-00:00,2022-09-01T07:30:00-00:00,2022-09-01,01,KERCKHOF_7_B1,KERCKHOF_7_B1,KERCKHOF_7_B1,RTPD,MCE,LMP_ENE_PRC,KERCKHOF_7_B1,ALL,1,125.55144,2,23
2022-09-01T08:15:00-00:00,2022-09-01T08:30:00-00:00,2022-09-01,02,KERCKHOF_7_B1,KERCKHOF_7_B1,KERCKHOF_7_B1,RTPD,MCE,LMP_ENE_PRC,KERCKHOF_7_B1,ALL,1,115.53165,2,23
2022-09-01T09:15:00-00:00,2022-09-01T09:30:00-00:00,2022-09-01,03,KERCKHOF_7_B1,KERCKHOF_7_B1,KERCKHOF_7_B1,RTPD,MCE,LMP_ENE_PRC,KERCKHOF_7_B1,ALL,1,98.30543,2,23
2022-09-01T10:15:00-00:00,2022-09-01T10:30:00-00:00,2022-09-01,04,KERCKHOF_7_B1,KERCKHOF_7_B1,KERCKHOF_7_B1,RTPD,MCE,LMP_ENE_PRC,KERCKHOF_7_B1,ALL,1,97.00684,2,23
2022-09-01T11:15:00-00:00,2022-09-01T11:30:00-00:00,2022-09-01,05,KERCKHOF_7_B1,KERCKHOF_7_B1,KERCKHOF_7_B1,RTPD,MCE,LMP_ENE_PRC,KERCKHOF_7_B1,ALL,1,103.09059,2,23
2022-09-01T12:15:00-00:00,2022-09-01T12:30:00-00:00,2022-09-01,06,KERCKHOF_7_B1,KERCKHOF_7_B1,KERCKHOF_7_B1,RTPD,MCE,LMP_ENE_PRC,KERCKHOF_7_B1,ALL,1,109.32203,2,23
2022-09-01T13:15:00-00:00,2022-09-01T13:30:00-00:00,2022-09-01,07,KERCKHOF_7_B1,KERCKHOF_7_B1,KERCKHOF_7_B1,RTPD,MCE,LMP_ENE_PRC,KERCKHOF_7_B1,ALL,1,110.97827,2,23
2022-09-01T14:15:00-00:00,2022-09-01T14:30:00-00:00,2022-09-01,08,KERCKHOF_7_B1,KERCKHOF_7_B1,KERCKHOF_7_B1,RTPD,MCE,LMP_ENE_PRC,KERCKHOF_7_B1,ALL,1,104.78743,2,23
2022-09-01T15:15:00-00:00,2022-09-01T15:30:00-00:00,2022-09-01,09,KERCKHOF_7_B1,KERCKHOF_7_B1,KERCKHOF_7_B1,RTPD,MCE,LMP_ENE_PRC,KERCKHOF_7_B1,ALL,1,86.9388,2,23
2022-09-01T16:15:00-00:00,2022-09-01T16:30:00-00:00,2022-09-01,10,KERCKHOF_7_B1,KERCKHOF_7_B1,KERCKHOF_7_B1,RTPD,MCE,LMP_ENE_PRC,KERCKHOF_7_B1,ALL,1,89.44858,2,23
2022-09-01T17:15:00-00:00,2022-09-01T17:30:00-00:00,2022-09-01,11,KERCKHOF_7_B1,KERCKHOF_7_B1,KERCKHOF_7_B1,RTPD,MCE,LMP_ENE_PRC,KERCKHOF_7_B1,ALL,1,99.34673,2,23
2022-09-01T18:15:00-00:00,2022-09-01T18:30:00-00:00,2022-09-01,12,KERCKHOF_7_B1,KERCKHOF_7_B1,KERCKHOF_7_B1,RTPD,MCE,LMP_ENE_PRC,KERCKHOF_7_B1,ALL,1,101.15901,2,23
2022-09-01T19:15:00-00:00,2022-09-01T19:30:00-00:00,2022-09-01,13,KERCKHOF_7_B1,KERCKHOF_7_B1,KERCKHOF_7_B1,RTPD,MCE,LMP_ENE_PRC,KERCKHOF_7_B1,ALL,1,105.30588,2,23
2022-09-01T20:15:00-00:00,2022-09-01T20:30:00-00:00,2022-09-01,14,KERCKHOF_7_B1,KERCKHOF_7_B1,KERCKHOF_7_B1,RTPD,MCE,LMP_ENE_PRC,KERCKHOF_7_B1,ALL,1,117.49421,2,23
2022-09-01T21:15:00-00:00,2022-09-01T21:30:00-00:00,2022-09-01,15,KERCKHOF_7_B1,KERCKHOF_7_B1,KERCKHOF_7_B1,RTPD,MCE,LMP_ENE_PRC,KERCKHOF_7_B1,ALL,1,147.21185,2,23
2022-09-01T22:15:00-00:00,2022-09-01T22:30:00-00:00,2022-09-01,16,KERCKHOF_7_B1,KERCKHOF_7_B1,KERCKHOF_7_B1,RTPD,MCE,LMP_ENE_PRC,KERCKHOF_7_B1,ALL,1,256.58734,2,23
2022-09-01T23:15:00-00:00,2022-09-01T23:30:00-00:00,2022-09-01,17,KERCKHOF_7_B1,KERCKHOF_7_B1,KERCKHOF_7_B1,RTPD,MCE,LMP_ENE_PRC,KERCKHOF_7_B1,ALL,1,362.12408,2,23
2022-09-02T00:15:00-00:00,2022-09-02T00:30:00-00:00,2022-09-01,18,KERCKHOF_7_B1,KERCKHOF_7_B1,KERCKHOF_7_B1,RTPD,MCE,LMP_ENE_PRC,KERCKHOF_7_B1,ALL,1,691.2182,2,23
2022-09-02T01:15:00-00:00,2022-09-02T01:30:00-00:00,2022-09-01,19,KERCKHOF_7_B1,KERCKHOF_7_B1,KERCKHOF_7_B1,RTPD,MCE,LMP_ENE_PRC,KERCKHOF_7_B1,ALL,1,1999.9933,2,23
2022-09-02T02:15:00-00:00,2022-09-02T02:30:00-00:00,2022-09-01,20,KERCKHOF_7_B1,KERCKHOF_7_B1,KERCKHOF_7_B1,RTPD,MCE,LMP_ENE_PRC,KERCKHOF_7_B1,ALL,1,1991.6721,2,23
2022-09-02T03:15:00-00:00,2022-09-02T03:30:00-00:00,2022-09-01,21,KERCKHOF_7_B1,KERCKHOF_7_B1,KERCKHOF_7_B1,RTPD,MCE,LMP_ENE_PRC,KERCKHOF_7_B1,ALL,1,400.52884,2,23
2022-09-02T04:15:00-00:00,2022-09-02T04:30:00-00:00,2022-09-01,22,KERCKHOF_7_B1,KERCKHOF_7_B1,KERCKHOF_7_B1,RTPD,MCE,LMP_ENE_PRC,KERCKHOF_7_B1,ALL,1,224.75041,2,23
2022-09-02T05:15:00-00:00,2022-09-02T05:30:00-00:00,2022-09-01,23,KERCKHOF_7_B1,KERCKHOF_7_B1,KERCKHOF_7_B1,RTPD,MCE,LMP_ENE_PRC,KERCKHOF_7_B1,ALL,1,157.11986,2,23
2022-09-02T06:15:00-00:00,2022-09-02T06:30:00-00:00,2022-09-01,24,KERCKHOF_7_B1,KERCKHOF_7_B1,KERCKHOF_7_B1,RTPD,MCE,LMP_ENE_PRC,KERCKHOF_7_B1,ALL,1,143.1005,2,23
2022-09-01T07:30:00-00:00,2022-09-01T07:45:00-00:00,2022-09-01,01,KERCKHOF_7_B1,KERCKHOF_7_B1,KERCKHOF_7_B1,RTPD,MCE,LMP_ENE_PRC,KERCKHOF_7_B1,ALL,1,119.03196,3,23
2022-09-01T08:30:00-00:00,2022-09-01T08:45:00-00:00,2022-09-01,02,KERCKHOF_7_B1,KERCKHOF_7_B1,KERCKHOF_7_B1,RTPD,MCE,LMP_ENE_PRC,KERCKHOF_7_B1,ALL,1,111.11241,3,23
2022-09-01T09:30:00-00:00,2022-09-01T09:45:00-00:00,2022-09-01,03,KERCKHOF_7_B1,KERCKHOF_7_B1,KERCKHOF_7_B1,RTPD,MCE,LMP_ENE_PRC,KERCKHOF_7_B1,ALL,1,98.16228,3,23
2022-09-01T10:30:00-00:00,2022-09-01T10:45:00-00:00,2022-09-01,04,KERCKHOF_7_B1,KERCKHOF_7_B1,KERCKHOF_7_B1,RTPD,MCE,LMP_ENE_PRC,KERCKHOF_7_B1,ALL,1,96.36226,3,23
2022-09-01T11:30:00-00:00,2022-09-01T11:45:00-00:00,2022-09-01,05,KERCKHOF_7_B1,KERCKHOF_7_B1,KERCKHOF_7_B1,RTPD,MCE,LMP_ENE_PRC,KERCKHOF_7_B1,ALL,1,103.06198,3,23
2022-09-01T12:30:00-00:00,2022-09-01T12:45:00-00:00,2022-09-01,06,KERCKHOF_7_B1,KERCKHOF_7_B1,KERCKHOF_7_B1,RTPD,MCE,LMP_ENE_PRC,KERCKHOF_7_B1,ALL,1,113.57403,3,23
2022-09-01T13:30:00-00:00,2022-09-01T13:45:00-00:00,2022-09-01,07,KERCKHOF_7_B1,KERCKHOF_7_B1,KERCKHOF_7_B1,RTPD,MCE,LMP_ENE_PRC,KERCKHOF_7_B1,ALL,1,111.52025,3,23
2022-09-01T14:30:00-00:00,2022-09-01T14:45:00-00:00,2022-09-01,08,KERCKHOF_7_B1,KERCKHOF_7_B1,KERCKHOF_7_B1,RTPD,MCE,LMP_ENE_PRC,KERCKHOF_7_B1,ALL,1,101.83428,3,23
2022-09-01T15:30:00-00:00,2022-09-01T15:45:00-00:00,2022-09-01,09,KERCKHOF_7_B1,KERCKHOF_7_B1,KERCKHOF_7_B1,RTPD,MCE,LMP_ENE_PRC,KERCKHOF_7_B1,ALL,1,86.1388,3,23
2022-09-01T16:30:00-00:00,2022-09-01T16:45:00-00:00,2022-09-01,10,KERCKHOF_7_B1,KERCKHOF_7_B1,KERCKHOF_7_B1,RTPD,MCE,LMP_ENE_PRC,KERCKHOF_7_B1,ALL,1,88.79644,3,23
2022-09-01T17:30:00-00:00,2022-09-01T17:45:00-00:00,2022-09-01,11,KERCKHOF_7_B1,KERCKHOF_7_B1,KERCKHOF_7_B1,RTPD,MCE,LMP_ENE_PRC,KERCKHOF_7_B1,ALL,1,99.13013,3,23
2022-09-01T18:30:00-00:00,2022-09-01T18:45:00-00:00,2022-09-01,12,KERCKHOF_7_B1,KERCKHOF_7_B1,KERCKHOF_7_B1,RTPD,MCE,LMP_ENE_PRC,KERCKHOF_7_B1,ALL,1,107.05718,3,23
2022-09-01T19:30:00-00:00,2022-09-01T19:45:00-00:00,2022-09-01,13,KERCKHOF_7_B1,KERCKHOF_7_B1,KERCKHOF_7_B1,RTPD,MCE,LMP_ENE_PRC,KERCKHOF_7_B1,ALL,1,114.05905,3,23
2022-09-01T20:30:00-00:00,2022-09-01T20:45:00-00:00,2022-09-01,14,KERCKHOF_7_B1,KERCKHOF_7_B1,KERCKHOF_7_B1,RTPD,MCE,LMP_ENE_PRC,KERCKHOF_7_B1,ALL,1,129.81606,3,23
2022-09-01T21:30:00-00:00,2022-09-01T21:45:00-00:00,2022-09-01,15,KERCKHOF_7_B1,KERCKHOF_7_B1,KERCKHOF_7_B1,RTPD,MCE,LMP_ENE_PRC,KERCKHOF_7_B1,ALL,1,152.93057,3,23
2022-09-01T22:30:00-00:00,2022-09-01T22:45:00-00:00,2022-09-01,16,KERCKHOF_7_B1,KERCKHOF_7_B1,KERCKHOF_7_B1,RTPD,MCE,LMP_ENE_PRC,KERCKHOF_7_B1,ALL,1,283.18182,3,23
2022-09-01T23:30:00-00:00,2022-09-01T23:45:00-00:00,2022-09-01,17,KERCKHOF_7_B1,KERCKHOF_7_B1,KERCKHOF_7_B1,RTPD,MCE,LMP_ENE_PRC,KERCKHOF_7_B1,ALL,1,566.48157,3,23
2022-09-02T00:30:00-00:00,2022-09-02T00:45:00-00:00,2022-09-01,18,KERCKHOF_7_B1,KERCKHOF_7_B1,KERCKHOF_7_B1,RTPD,MCE,LMP_ENE_PRC,KERCKHOF_7_B1,ALL,1,1329.1127,3,23
2022-09-02T01:30:00-00:00,2022-09-02T01:45:00-00:00,2022-09-01,19,KERCKHOF_7_B1,KERCKHOF_7_B1,KERCKHOF_7_B1,RTPD,MCE,LMP_ENE_PRC,KERCKHOF_7_B1,ALL,1,1999.9956,3,23
2022-09-02T02:30:00-00:00,2022-09-02T02:45:00-00:00,2022-09-01,20,KERCKHOF_7_B1,KERCKHOF_7_B1,KERCKHOF_7_B1,RTPD,MCE,LMP_ENE_PRC,KERCKHOF_7_B1,ALL,1,1991.671,3,23
2022-09-02T03:30:00-00:00,2022-09-02T03:45:00-00:00,2022-09-01,21,KERCKHOF_7_B1,KERCKHOF_7_B1,KERCKHOF_7_B1,RTPD,MCE,LMP_ENE_PRC,KERCKHOF_7_B1,ALL,1,186.61823,3,23
2022-09-02T04:30:00-00:00,2022-09-02T04:45:00-00:00,2022-09-01,22,KERCKHOF_7_B1,KERCKHOF_7_B1,KERCKHOF_7_B1,RTPD,MCE,LMP_ENE_PRC,KERCKHOF_7_B1,ALL,1,180.67824,3,23
2022-09-02T05:30:00-00:00,2022-09-02T05:45:00-00:00,2022-09-01,23,KERCKHOF_7_B1,KERCKHOF_7_B1,KERCKHOF_7_B1,RTPD,MCE,LMP_ENE_PRC,KERCKHOF_7_B1,ALL,1,131.69917,3,23
2022-09-02T06:30:00-00:00,2022-09-02T06:45:00-00:00,2022-09-01,24,KERCKHOF_7_B1,KERCKHOF_7_B1,KERCKHOF_7_B1,RTPD,MCE,LMP_ENE_PRC,KERCKHOF_7_B1,ALL,1,128.9871,3,23
2022-09-01T07:45:00-00:00,2022-09-01T08:00:00-00:00,2022-09-01,01,KERCKHOF_7_B1,KERCKHOF_7_B1,KERCKHOF_7_B1,RTPD,MCE,LMP_ENE_PRC,KERCKHOF_7_B1,ALL,1,109.12099,4,23
2022-09-01T08:45:00-00:00,2022-09-01T09:00:00-00:00,2022-09-01,02,KERCKHOF_7_B1,KERCKHOF_7_B1,KERCKHOF_7_B1,RTPD,MCE,LMP_ENE_PRC,KERCKHOF_7_B1,ALL,1,98.7357,4,23
2022-09-01T09:45:00-00:00,2022-09-01T10:00:00-00:00,2022-09-01,03,KERCKHOF_7_B1,KERCKHOF_7_B1,KERCKHOF_7_B1,RTPD,MCE,LMP_ENE_PRC,KERCKHOF_7_B1,ALL,1,97.50475,4,23
2022-09-01T10:45:00-00:00,2022-09-01T11:00:00-00:00,2022-09-01,04,KERCKHOF_7_B1,KERCKHOF_7_B1,KERCKHOF_7_B1,RTPD,MCE,LMP_ENE_PRC,KERCKHOF_7_B1,ALL,1,94.71966,4,23
2022-09-01T11:45:00-00:00,2022-09-01T12:00:00-00:00,2022-09-01,05,KERCKHOF_7_B1,KERCKHOF_7_B1,KERCKHOF_7_B1,RTPD,MCE,LMP_ENE_PRC,KERCKHOF_7_B1,ALL,1,107.01,4,23
2022-09-01T12:45:00-00:00,2022-09-01T13:00:00-00:00,2022-09-01,06,KERCKHOF_7_B1,KERCKHOF_7_B1,KERCKHOF_7_B1,RTPD,MCE,LMP_ENE_PRC,KERCKHOF_7_B1,ALL,1,116.4848,4,23
2022-09-01T13:45:00-00:00,2022-09-01T14:00:00-00:00,2022-09-01,07,KERCKHOF_7_B1,KERCKHOF_7_B1,KERCKHOF_7_B1,RTPD,MCE,LMP_ENE_PRC,KERCKHOF_7_B1,ALL,1,111.41,4,23
2022-09-01T14:45:00-00:00,2022-09-01T15:00:00-00:00,2022-09-01,08,KERCKHOF_7_B1,KERCKHOF_7_B1,KERCKHOF_7_B1,RTPD,MCE,LMP_ENE_PRC,KERCKHOF_7_B1,ALL,1,86.1388,4,23
2022-09-01T15:45:00-00:00,2022-09-01T16:00:00-00:00,2022-09-01,09,KERCKHOF_7_B1,KERCKHOF_7_B1,KERCKHOF_7_B1,RTPD,MCE,LMP_ENE_PRC,KERCKHOF_7_B1,ALL,1,78.70076,4,23
2022-09-01T16:45:00-00:00,2022-09-01T17:00:00-00:00,2022-09-01,10,KERCKHOF_7_B1,KERCKHOF_7_B1,KERCKHOF_7_B1,RTPD,MCE,LMP_ENE_PRC,KERCKHOF_7_B1,ALL,1,91.24933,4,23
2022-09-01T17:45:00-00:00,2022-09-01T18:00:00-00:00,2022-09-01,11,KERCKHOF_7_B1,KERCKHOF_7_B1,KERCKHOF_7_B1,RTPD,MCE,LMP_ENE_PRC,KERCKHOF_7_B1,ALL,1,99.20544,4,23
2022-09-01T18:45:00-00:00,2022-09-01T19:00:00-00:00,2022-09-01,12,KERCKHOF_7_B1,KERCKHOF_7_B1,KERCKHOF_7_B1,RTPD,MCE,LMP_ENE_PRC,KERCKHOF_7_B1,ALL,1,109.04064,4,23
2022-09-01T19:45:00-00:00,2022-09-01T20:00:00-00:00,2022-09-01,13,KERCKHOF_7_B1,KERCKHOF_7_B1,KERCKHOF_7_B1,RTPD,MCE,LMP_ENE_PRC,KERCKHOF_7_B1,ALL,1,120.22491,4,23
2022-09-01T20:45:00-00:00,2022-09-01T21:00:00-00:00,2022-09-01,14,KERCKHOF_7_B1,KERCKHOF_7_B1,KERCKHOF_7_B1,RTPD,MCE,LMP_ENE_PRC,KERCKHOF_7_B1,ALL,1,154.02509,4,23
2022-09-01T21:45:00-00:00,2022-09-01T22:00:00-00:00,2022-09-01,15,KERCKHOF_7_B1,KERCKHOF_7_B1,KERCKHOF_7_B1,RTPD,MCE,LMP_ENE_PRC,KERCKHOF_7_B1,ALL,1,300.29376,4,23
2022-09-01T22:45:00-00:00,2022-09-01T23:00:00-00:00,2022-09-01,16,KERCKHOF_7_B1,KERCKHOF_7_B1,KERCKHOF_7_B1,RTPD,MCE,LMP_ENE_PRC,KERCKHOF_7_B1,ALL,1,429.9137,4,23
2022-09-01T23:45:00-00:00,2022-09-02T00:00:00-00:00,2022-09-01,17,KERCKHOF_7_B1,KERCKHOF_7_B1,KERCKHOF_7_B1,RTPD,MCE,LMP_ENE_PRC,KERCKHOF_7_B1,ALL,1,1261.2124,4,23
2022-09-02T00:45:00-00:00,2022-09-02T01:00:00-00:00,2022-09-01,18,KERCKHOF_7_B1,KERCKHOF_7_B1,KERCKHOF_7_B1,RTPD,MCE,LMP_ENE_PRC,KERCKHOF_7_B1,ALL,1,1519.149,4,23
2022-09-02T01:45:00-00:00,2022-09-02T02:00:00-00:00,2022-09-01,19,KERCKHOF_7_B1,KERCKHOF_7_B1,KERCKHOF_7_B1,RTPD,MCE,LMP_ENE_PRC,KERCKHOF_7_B1,ALL,1,1991.9337,4,23
2022-09-02T02:45:00-00:00,2022-09-02T03:00:00-00:00,2022-09-01,20,KERCKHOF_7_B1,KERCKHOF_7_B1,KERCKHOF_7_B1,RTPD,MCE,LMP_ENE_PRC,KERCKHOF_7_B1,ALL,1,1629.6213,4,23
2022-09-02T03:45:00-00:00,2022-09-02T04:00:00-00:00,2022-09-01,21,KERCKHOF_7_B1,KERCKHOF_7_B1,KERCKHOF_7_B1,RTPD,MCE,LMP_ENE_PRC,KERCKHOF_7_B1,ALL,1,141.13702,4,23
2022-09-02T04:45:00-00:00,2022-09-02T05:00:00-00:00,2022-09-01,22,KERCKHOF_7_B1,KERCKHOF_7_B1,KERCKHOF_7_B1,RTPD,MCE,LMP_ENE_PRC,KERCKHOF_7_B1,ALL,1,126.76372,4,23
2022-09-02T05:45:00-00:00,2022-09-02T06:00:00-00:00,2022-09-01,23,KERCKHOF_7_B1,KERCKHOF_7_B1,KERCKHOF_7_B1,RTPD,MCE,LMP_ENE_PRC,KERCKHOF_7_B1,ALL,1,119.00958,4,23
2022-09-02T06:45:00-00:00,2022-09-02T07:00:00-00:00,2022-09-01,24,KERCKHOF_7_B1,KERCKHOF_7_B1,KERCKHOF_7_B1,RTPD,MCE,LMP_ENE_PRC,KERCKHOF_7_B1,ALL,1,109.20324,4,23
2022-09-01T07:00:00-00:00,2022-09-01T07:15:00-00:00,2022-09-01,01,KERCKHOF_7_B1,KERCKHOF_7_B1,KERCKHOF_7_B1,RTPD,MCL,LMP_LOSS_PRC,KERCKHOF_7_B1,ALL,1,3.61694,1,24
2022-09-01T08:00:00-00:00,2022-09-01T08:15:00-00:00,2022-09-01,02,KERCKHOF_7_B1,KERCKHOF_7_B1,KERCKHOF_7_B1,RTPD,MCL,LMP_LOSS_PRC,KERCKHOF_7_B1,ALL,1,0,1,24
2022-09-01T09:00:00-00:00,2022-09-01T09:15:00-00:00,2022-09-01,03,KERCKHOF_7_B1,KERCKHOF_7_B1,KERCKHOF_7_B1,RTPD,MCL,LMP_LOSS_PRC,KERCKHOF_7_B1,ALL,1,13.13452,1,24
2022-09-01T10:00:00-00:00,2022-09-01T10:15:00-00:00,2022-09-01,04,KERCKHOF_7_B1,KERCKHOF_7_B1,KERCKHOF_7_B1,RTPD,MCL,LMP_LOSS_PRC,KERCKHOF_7_B1,ALL,1,9.79517,1,24
2022-09-01T11:00:00-00:00,2022-09-01T11:15:00-00:00,2022-09-01,05,KERCKHOF_7_B1,KERCKHOF_7_B1,KERCKHOF_7_B1,RTPD,MCL,LMP_LOSS_PRC,KERCKHOF_7_B1,ALL,1,11.92873,1,24
2022-09-01T12:00:00-00:00,2022-09-01T12:15:00-00:00,2022-09-01,06,KERCKHOF_7_B1,KERCKHOF_7_B1,KERCKHOF_7_B1,RTPD,MCL,LMP_LOSS_PRC,KERCKHOF_7_B1,ALL,1,11.59025,1,24
2022-09-01T13:00:00-00:00,2022-09-01T13:15:00-00:00,2022-09-01,07,KERCKHOF_7_B1,KERCKHOF_7_B1,KERCKHOF_7_B1,RTPD,MCL,LMP_LOSS_PRC,KERCKHOF_7_B1,ALL,1,0,1,24
2022-09-01T14:00:00-00:00,2022-09-01T14:15:00-00:00,2022-09-01,08,KERCKHOF_7_B1,KERCKHOF_7_B1,KERCKHOF_7_B1,RTPD,MCL,LMP_LOSS_PRC,KERCKHOF_7_B1,ALL,1,12.2779,1,24
2022-09-01T15:00:00-00:00,2022-09-01T15:15:00-00:00,2022-09-01,09,KERCKHOF_7_B1,KERCKHOF_7_B1,KERCKHOF_7_B1,RTPD,MCL,LMP_LOSS_PRC,KERCKHOF_7_B1,ALL,1,0,1,24
2022-09-01T16:00:00-00:00,2022-09-01T16:15:00-00:00,2022-09-01,10,KERCKHOF_7_B1,KERCKHOF_7_B1,KERCKHOF_7_B1,RTPD,MCL,LMP_LOSS_PRC,KERCKHOF_7_B1,ALL,1,0,1,24
2022-09-01T17:00:00-00:00,2022-09-01T17:15:00-00:00,2022-09-01,11,KERCKHOF_7_B1,KERCKHOF_7_B1,KERCKHOF_7_B1,RTPD,MCL,LMP_LOSS_PRC,KERCKHOF_7_B1,ALL,1,0,1,24
2022-09-01T18:00:00-00:00,2022-09-01T18:15:00-00:00,2022-09-01,12,KERCKHOF_7_B1,KERCKHOF_7_B1,KERCKHOF_7_B1,RTPD,MCL,LMP_LOSS_PRC,KERCKHOF_7_B1,ALL,1,0,1,24
2022-09-01T19:00:00-00:00,2022-09-01T19:15:00-00:00,2022-09-01,13,KERCKHOF_7_B1,KERCKHOF_7_B1,KERCKHOF_7_B1,RTPD,MCL,LMP_LOSS_PRC,KERCKHOF_7_B1,ALL,1,0,1,24
2022-09-01T20:00:00-00:00,2022-09-01T20:15:00-00:00,2022-09-01,14,KERCKHOF_7_B1,KERCKHOF_7_B1,KERCKHOF_7_B1,RTPD,MCL,LMP_LOSS_PRC,KERCKHOF_7_B1,ALL,1,0,1,24
2022-09-01T21:00:00-00:00,2022-09-01T21:15:00-00:00,2022-09-01,15,KERCKHOF_7_B1,KERCKHOF_7_B1,KERCKHOF_7_B1,RTPD,MCL,LMP_LOSS_PRC,KERCKHOF_7_B1,ALL,1,0,1,24
2022-09-01T22:00:00-00:00,2022-09-01T22:15:00-00:00,2022-09-01,16,KERCKHOF_7_B1,KERCKHOF_7_B1,KERCKHOF_7_B1,RTPD,MCL,LMP_LOSS_PRC,KERCKHOF_7_B1,ALL,1,0,1,24
2022-09-01T23:00:00-00:00,2022-09-01T23:15:00-00:00,2022-09-01,17,KERCKHOF_7_B1,KERCKHOF_7_B1,KERCKHOF_7_B1,RTPD,MCL,LMP_LOSS_PRC,KERCKHOF_7_B1,ALL,1,0,1,24
2022-09-02T00:00:00-00:00,2022-09-02T00:15:00-00:00,2022-09-01,18,KERCKHOF_7_B1,KERCKHOF_7_B1,KERCKHOF_7_B1,RTPD,MCL,LMP_LOSS_PRC,KERCKHOF_7_B1,ALL,1,31.82501,1,24
2022-09-02T01:00:00-00:00,2022-09-02T01:15:00-00:00,2022-09-01,19,KERCKHOF_7_B1,KERCKHOF_7_B1,KERCKHOF_7_B1,RTPD,MCL,LMP_LOSS_PRC,KERCKHOF_7_B1,ALL,1,0,1,24
2022-09-02T02:00:00-00:00,2022-09-02T02:15:00-00:00,2022-09-01,20,KERCKHOF_7_B1,KERCKHOF_7_B1,KERCKHOF_7_B1,RTPD,MCL,LMP_LOSS_PRC,KERCKHOF_7_B1,ALL,1,0,1,24
2022-09-02T03:00:00-00:00,2022-09-02T03:15:00-00:00,2022-09-01,21,KERCKHOF_7_B1,KERCKHOF_7_B1,KERCKHOF_7_B1,RTPD,MCL,LMP_LOSS_PRC,KERCKHOF_7_B1,ALL,1,160.29613,1,24
2022-09-02T04:00:00-00:00,2022-09-02T04:15:00-00:00,2022-09-01,22,KERCKHOF_7_B1,KERCKHOF_7_B1,KERCKHOF_7_B1,RTPD,MCL,LMP_LOSS_PRC,KERCKHOF_7_B1,ALL,1,54.55684,1,24
2022-09-02T05:00:00-00:00,2022-09-02T05:15:00-00:00,2022-09-01,23,KERCKHOF_7_B1,KERCKHOF_7_B1,KERCKHOF_7_B1,RTPD,MCL,LMP_LOSS_PRC,KERCKHOF_7_B1,ALL,1,24.18855,1,24
2022-09-02T06:00:00-00:00,2022-09-02T06:15:00-00:00,2022-09-01,24,KERCKHOF_7_B1,KERCKHOF_7_B1,KERCKHOF_7_B1,RTPD,MCL,LMP_LOSS_PRC,KERCKHOF_7_B1,ALL,1,19.23879,1,24
2022-09-01T07:15:00-00:00,2022-09-01T07:30:00-00:00,2022-09-01,01,KERCKHOF_7_B1,KERCKHOF_7_B1,KERCKHOF_7_B1,RTPD,MCL,LMP_LOSS_PRC,KERCKHOF_7_B1,ALL,1,0,2,24
2022-09-01T08:15:00-00:00,2022-09-01T08:30:00-00:00,2022-09-01,02,KERCKHOF_7_B1,KERCKHOF_7_B1,KERCKHOF_7_B1,RTPD,MCL,LMP_LOSS_PRC,KERCKHOF_7_B1,ALL,1,0,2,24
2022-09-01T09:15:00-00:00,2022-09-01T09:30:00-00:00,2022-09-01,03,KERCKHOF_7_B1,KERCKHOF_7_B1,KERCKHOF_7_B1,RTPD,MCL,LMP_LOSS_PRC,KERCKHOF_7_B1,ALL,1,12.57326,2,24
2022-09-01T10:15:00-00:00,2022-09-01T10:30:00-00:00,2022-09-01,04,KERCKHOF_7_B1,KERCKHOF_7_B1,KERCKHOF_7_B1,RTPD,MCL,LMP_LOSS_PRC,KERCKHOF_7_B1,ALL,1,9.8656,2,24
2022-09-01T11:15:00-00:00,2022-09-01T11:30:00-00:00,2022-09-01,05,KERCKHOF_7_B1,KERCKHOF_7_B1,KERCKHOF_7_B1,RTPD,MCL,LMP_LOSS_PRC,KERCKHOF_7_B1,ALL,1,11.90696,2,24
2022-09-01T12:15:00-00:00,2022-09-01T12:30:00-00:00,2022-09-01,06,KERCKHOF_7_B1,KERCKHOF_7_B1,KERCKHOF_7_B1,RTPD,MCL,LMP_LOSS_PRC,KERCKHOF_7_B1,ALL,1,14.01508,2,24
2022-09-01T13:15:00-00:00,2022-09-01T13:30:00-00:00,2022-09-01,07,KERCKHOF_7_B1,KERCKHOF_7_B1,KERCKHOF_7_B1,RTPD,MCL,LMP_LOSS_PRC,KERCKHOF_7_B1,ALL,1,7.85726,2,24
2022-09-01T14:15:00-00:00,2022-09-01T14:30:00-00:00,2022-09-01,08,KERCKHOF_7_B1,KERCKHOF_7_B1,KERCKHOF_7_B1,RTPD,MCL,LMP_LOSS_PRC,KERCKHOF_7_B1,ALL,1,10.32156,2,24
2022-09-01T15:15:00-00:00,2022-09-01T15:30:00-00:00,2022-09-01,09,KERCKHOF_7_B1,KERCKHOF_7_B1,KERCKHOF_7_B1,RTPD,MCL,LMP_LOSS_PRC,KERCKHOF_7_B1,ALL,1,0,2,24
2022-09-01T16:15:00-00:00,2022-09-01T16:30:00-00:00,2022-09-01,10,KERCKHOF_7_B1,KERCKHOF_7_B1,KERCKHOF_7_B1,RTPD,MCL,LMP_LOSS_PRC,KERCKHOF_7_B1,ALL,1,0,2,24
2022-09-01T17:15:00-00:00,2022-09-01T17:30:00-00:00,2022-09-01,11,KERCKHOF_7_B1,KERCKHOF_7_B1,KERCKHOF_7_B1,RTPD,MCL,LMP_LOSS_PRC,KERCKHOF_7_B1,ALL,1,0,2,24
2022-09-01T18:15:00-00:00,2022-09-01T18:30:00-00:00,2022-09-01,12,KERCKHOF_7_B1,KERCKHOF_7_B1,KERCKHOF_7_B1,RTPD,MCL,LMP_LOSS_PRC,KERCKHOF_7_B1,ALL,1,0,2,24
2022-09-01T19:15:00-00:00,2022-09-01T19:30:00-00:00,2022-09-01,13,KERCKHOF_7_B1,KERCKHOF_7_B1,KERCKHOF_7_B1,RTPD,MCL,LMP_LOSS_PRC,KERCKHOF_7_B1,ALL,1,0,2,24
2022-09-01T20:15:00-00:00,2022-09-01T20:30:00-00:00,2022-09-01,14,KERCKHOF_7_B1,KERCKHOF_7_B1,KERCKHOF_7_B1,RTPD,MCL,LMP_LOSS_PRC,KERCKHOF_7_B1,ALL,1,0,2,24
2022-09-01T21:15:00-00:00,2022-09-01T21:30:00-00:00,2022-09-01,15,KERCKHOF_7_B1,KERCKHOF_7_B1,KERCKHOF_7_B1,RTPD,MCL,LMP_LOSS_PRC,KERCKHOF_7_B1,ALL,1,0,2,24
2022-09-01T22:15:00-00:00,2022-09-01T22:30:00-00:00,2022-09-01,16,KERCKHOF_7_B1,KERCKHOF_7_B1,KERCKHOF_7_B1,RTPD,MCL,LMP_LOSS_PRC,KERCKHOF_7_B1,ALL,1,0,2,24
2022-09-01T23:15:00-00:00,2022-09-01T23:30:00-00:00,2022-09-01,17,KERCKHOF_7_B1,KERCKHOF_7_B1,KERCKHOF_7_B1,RTPD,MCL,LMP_LOSS_PRC,KERCKHOF_7_B1,ALL,1,0,2,24
2022-09-02T00:15:00-00:00,2022-09-02T00:30:00-00:00,2022-09-01,18,KERCKHOF_7_B1,KERCKHOF_7_B1,KERCKHOF_7_B1,RTPD,MCL,LMP_LOSS_PRC,KERCKHOF_7_B1,ALL,1,30.75921,2,24
2022-09-02T01:15:00-00:00,2022-09-02T01:30:00-00:00,2022-09-01,19,KERCKHOF_7_B1,KERCKHOF_7_B1,KERCKHOF_7_B1,RTPD,MCL,LMP_LOSS_PRC,KERCKHOF_7_B1,ALL,1,0,2,24
2022-09-02T02:15:00-00:00,2022-09-02T02:30:00-00:00,2022-09-01,20,KERCKHOF_7_B1,KERCKHOF_7_B1,KERCKHOF_7_B1,RTPD,MCL,LMP_LOSS_PRC,KERCKHOF_7_B1,ALL,1,0,2,24
2022-09-02T03:15:00-00:00,2022-09-02T03:30:00-00:00,2022-09-01,21,KERCKHOF_7_B1,KERCKHOF_7_B1,KERCKHOF_7_B1,RTPD,MCL,LMP_LOSS_PRC,KERCKHOF_7_B1,ALL,1,66.24747,2,24
2022-09-02T04:15:00-00:00,2022-09-02T04:30:00-00:00,2022-09-01,22,KERCKHOF_7_B1,KERCKHOF_7_B1,KERCKHOF_7_B1,RTPD,MCL,LMP_LOSS_PRC,KERCKHOF_7_B1,ALL,1,46.09631,2,24
2022-09-02T05:15:00-00:00,2022-09-02T05:30:00-00:00,2022-09-01,23,KERCKHOF_7_B1,KERCKHOF_7_B1,KERCKHOF_7_B1,RTPD,MCL,LMP_LOSS_PRC,KERCKHOF_7_B1,ALL,1,25.07633,2,24
2022-09-02T06:15:00-00:00,2022-09-02T06:30:00-00:00,2022-09-01,24,KERCKHOF_7_B1,KERCKHOF_7_B1,KERCKHOF_7_B1,RTPD,MCL,LMP_LOSS_PRC,KERCKHOF_7_B1,ALL,1,16.5138,2,24
2022-09-01T07:30:00-00:00,2022-09-01T07:45:00-00:00,2022-09-01,01,KERCKHOF_7_B1,KERCKHOF_7_B1,KERCKHOF_7_B1,RTPD,MCL,LMP_LOSS_PRC,KERCKHOF_7_B1,ALL,1,0,3,24
2022-09-01T08:30:00-00:00,2022-09-01T08:45:00-00:00,2022-09-01,02,KERCKHOF_7_B1,KERCKHOF_7_B1,KERCKHOF_7_B1,RTPD,MCL,LMP_LOSS_PRC,KERCKHOF_7_B1,ALL,1,13.90016,3,24
2022-09-01T09:30:00-00:00,2022-09-01T09:45:00-00:00,2022-09-01,03,KERCKHOF_7_B1,KERCKHOF_7_B1,KERCKHOF_7_B1,RTPD,MCL,LMP_LOSS_PRC,KERCKHOF_7_B1,ALL,1,12.35863,3,24
2022-09-01T10:30:00-00:00,2022-09-01T10:45:00-00:00,2022-09-01,04,KERCKHOF_7_B1,KERCKHOF_7_B1,KERCKHOF_7_B1,RTPD,MCL,LMP_LOSS_PRC,KERCKHOF_7_B1,ALL,1,9.58804,3,24
2022-09-01T11:30:00-00:00,2022-09-01T11:45:00-00:00,2022-09-01,05,KERCKHOF_7_B1,KERCKHOF_7_B1,KERCKHOF_7_B1,RTPD,MCL,LMP_LOSS_PRC,KERCKHOF_7_B1,ALL,1,12.08917,3,24
2022-09-01T12:30:00-00:00,2022-09-01T12:45:00-00:00,2022-09-01,06,KERCKHOF_7_B1,KERCKHOF_7_B1,KERCKHOF_7_B1,RTPD,MCL,LMP_LOSS_PRC,KERCKHOF_7_B1,ALL,1,13.32223,3,24
2022-09-01T13:30:00-00:00,2022-09-01T13:45:00-00:00,2022-09-01,07,KERCKHOF_7_B1,KERCKHOF_7_B1,KERCKHOF_7_B1,RTPD,MCL,LMP_LOSS_PRC,KERCKHOF_7_B1,ALL,1,8.00715,3,24
2022-09-01T14:30:00-00:00,2022-09-01T14:45:00-00:00,2022-09-01,08,KERCKHOF_7_B1,KERCKHOF_7_B1,KERCKHOF_7_B1,RTPD,MCL,LMP_LOSS_PRC,KERCKHOF_7_B1,ALL,1,9.34839,3,24
2022-09-01T15:30:00-00:00,2022-09-01T15:45:00-00:00,2022-09-01,09,KERCKHOF_7_B1,KERCKHOF_7_B1,KERCKHOF_7_B1,RTPD,MCL,LMP_LOSS_PRC,KERCKHOF_7_B1,ALL,1,0,3,24
2022-09-01T16:30:00-00:00,2022-09-01T16:45:00-00:00,2022-09-01,10,KERCKHOF_7_B1,KERCKHOF_7_B1,KERCKHOF_7_B1,RTPD,MCL,LMP_LOSS_PRC,KERCKHOF_7_B1,ALL,1,0,3,24
2022-09-01T17:30:00-00:00,2022-09-01T17:45:00-00:00,2022-09-01,11,KERCKHOF_7_B1,KERCKHOF_7_B1,KERCKHOF_7_B1,RTPD,MCL,LMP_LOSS_PRC,KERCKHOF_7_B1,ALL,1,0,3,24
2022-09-01T18:30:00-00:00,2022-09-01T18:45:00-00:00,2022-09-01,12,KERCKHOF_7_B1,KERCKHOF_7_B1,KERCKHOF_7_B1,RTPD,MCL,LMP_LOSS_PRC,KERCKHOF_7_B1,ALL,1,0,3,24
2022-09-01T19:30:00-00:00,2022-09-01T19:45:00-00:00,2022-09-01,13,KERCKHOF_7_B1,KERCKHOF_7_B1,KERCKHOF_7_B1,RTPD,MCL,LMP_LOSS_PRC,KERCKHOF_7_B1,ALL,1,0,3,24
2022-09-01T20:30:00-00:00,2022-09-01T20:45:00-00:00,2022-09-01,14,KERCKHOF_7_B1,KERCKHOF_7_B1,KERCKHOF_7_B1,RTPD,MCL,LMP_LOSS_PRC,KERCKHOF_7_B1,ALL,1,0,3,24
2022-09-01T21:30:00-00:00,2022-09-01T21:45:00-00:00,2022-09-01,15,KERCKHOF_7_B1,KERCKHOF_7_B1,KERCKHOF_7_B1,RTPD,MCL,LMP_LOSS_PRC,KERCKHOF_7_B1,ALL,1,0,3,24
2022-09-01T22:30:00-00:00,2022-09-01T22:45:00-00:00,2022-09-01,16,KERCKHOF_7_B1,KERCKHOF_7_B1,KERCKHOF_7_B1,RTPD,MCL,LMP_LOSS_PRC,KERCKHOF_7_B1,ALL,1,0,3,24
2022-09-01T23:30:00-00:00,2022-09-01T23:45:00-00:00,2022-09-01,17,KERCKHOF_7_B1,KERCKHOF_7_B1,KERCKHOF_7_B1,RTPD,MCL,LMP_LOSS_PRC,KERCKHOF_7_B1,ALL,1,0,3,24
2022-09-02T00:30:00-00:00,2022-09-02T00:45:00-00:00,2022-09-01,18,KERCKHOF_7_B1,KERCKHOF_7_B1,KERCKHOF_7_B1,RTPD,MCL,LMP_LOSS_PRC,KERCKHOF_7_B1,ALL,1,0,3,24
2022-09-02T01:30:00-00:00,2022-09-02T01:45:00-00:00,2022-09-01,19,KERCKHOF_7_B1,KERCKHOF_7_B1,KERCKHOF_7_B1,RTPD,MCL,LMP_LOSS_PRC,KERCKHOF_7_B1,ALL,1,0,3,24
2022-09-02T02:30:00-00:00,2022-09-02T02:45:00-00:00,2022-09-01,20,KERCKHOF_7_B1,KERCKHOF_7_B1,KERCKHOF_7_B1,RTPD,MCL,LMP_LOSS_PRC,KERCKHOF_7_B1,ALL,1,0,3,24
2022-09-02T03:30:00-00:00,2022-09-02T03:45:00-00:00,2022-09-01,21,KERCKHOF_7_B1,KERCKHOF_7_B1,KERCKHOF_7_B1,RTPD,MCL,LMP_LOSS_PRC,KERCKHOF_7_B1,ALL,1,30.28814,3,24
2022-09-02T04:30:00-00:00,2022-09-02T04:45:00-00:00,2022-09-01,22,KERCKHOF_7_B1,KERCKHOF_7_B1,KERCKHOF_7_B1,RTPD,MCL,LMP_LOSS_PRC,KERCKHOF_7_B1,ALL,1,33.02798,3,24
2022-09-02T05:30:00-00:00,2022-09-02T05:45:00-00:00,2022-09-01,23,KERCKHOF_7_B1,KERCKHOF_7_B1,KERCKHOF_7_B1,RTPD,MCL,LMP_LOSS_PRC,KERCKHOF_7_B1,ALL,1,20.87432,3,24
2022-09-02T06:30:00-00:00,2022-09-02T06:45:00-00:00,2022-09-01,24,KERCKHOF_7_B1,KERCKHOF_7_B1,KERCKHOF_7_B1,RTPD,MCL,LMP_LOSS_PRC,KERCKHOF_7_B1,ALL,1,15.24628,3,24
2022-09-01T07:45:00-00:00,2022-09-01T08:00:00-00:00,2022-09-01,01,KERCKHOF_7_B1,KERCKHOF_7_B1,KERCKHOF_7_B1,RTPD,MCL,LMP_LOSS_PRC,KERCKHOF_7_B1,ALL,1,0,4,24
2022-09-01T08:45:00-00:00,2022-09-01T09:00:00-00:00,2022-09-01,02,KERCKHOF_7_B1,KERCKHOF_7_B1,KERCKHOF_7_B1,RTPD,MCL,LMP_LOSS_PRC,KERCKHOF_7_B1,ALL,1,11.36448,4,24
2022-09-01T09:45:00-00:00,2022-09-01T10:00:00-00:00,2022-09-01,03,KERCKHOF_7_B1,KERCKHOF_7_B1,KERCKHOF_7_B1,RTPD,MCL,LMP_LOSS_PRC,KERCKHOF_7_B1,ALL,1,8.96069,4,24
2022-09-01T10:45:00-00:00,2022-09-01T11:00:00-00:00,2022-09-01,04,KERCKHOF_7_B1,KERCKHOF_7_B1,KERCKHOF_7_B1,RTPD,MCL,LMP_LOSS_PRC,KERCKHOF_7_B1,ALL,1,8.86576,4,24
2022-09-01T11:45:00-00:00,2022-09-01T12:00:00-00:00,2022-09-01,05,KERCKHOF_7_B1,KERCKHOF_7_B1,KERCKHOF_7_B1,RTPD,MCL,LMP_LOSS_PRC,KERCKHOF_7_B1,ALL,1,0,4,24
2022-09-01T12:45:00-00:00,2022-09-01T13:00:00-00:00,2022-09-01,06,KERCKHOF_7_B1,KERCKHOF_7_B1,KERCKHOF_7_B1,RTPD,MCL,LMP_LOSS_PRC,KERCKHOF_7_B1,ALL,1,0,4,24
2022-09-01T13:45:00-00:00,2022-09-01T14:00:00-00:00,2022-09-01,07,KERCKHOF_7_B1,KERCKHOF_7_B1,KERCKHOF_7_B1,RTPD,MCL,LMP_LOSS_PRC,KERCKHOF_7_B1,ALL,1,0,4,24
2022-09-01T14:45:00-00:00,2022-09-01T15:00:00-00:00,2022-09-01,08,KERCKHOF_7_B1,KERCKHOF_7_B1,KERCKHOF_7_B1,RTPD,MCL,LMP_LOSS_PRC,KERCKHOF_7_B1,ALL,1,0,4,24
2022-09-01T15:45:00-00:00,2022-09-01T16:00:00-00:00,2022-09-01,09,KERCKHOF_7_B1,KERCKHOF_7_B1,KERCKHOF_7_B1,RTPD,MCL,LMP_LOSS_PRC,KERCKHOF_7_B1,ALL,1,0,4,24
2022-09-01T16:45:00-00:00,2022-09-01T17:00:00-00:00,2022-09-01,10,KERCKHOF_7_B1,KERCKHOF_7_B1,KERCKHOF_7_B1,RTPD,MCL,LMP_LOSS_PRC,KERCKHOF_7_B1,ALL,1,0,4,24
2022-09-01T17:45:00-00:00,2022-09-01T18:00:00-00:00,2022-09-01,11,KERCKHOF_7_B1,KERCKHOF_7_B1,KERCKHOF_7_B1,RTPD,MCL,LMP_LOSS_PRC,KERCKHOF_7_B1,ALL,1,0,4,24
2022-09-01T18:45:00-00:00,2022-09-01T19:00:00-00:00,2022-09-01,12,KERCKHOF_7_B1,KERCKHOF_7_B1,KERCKHOF_7_B1,RTPD,MCL,LMP_LOSS_PRC,KERCKHOF_7_B1,ALL,1,0,4,24
2022-09-01T19:45:00-00:00,2022-09-01T20:00:00-00:00,2022-09-01,13,KERCKHOF_7_B1,KERCKHOF_7_B1,KERCKHOF_7_B1,RTPD,MCL,LMP_LOSS_PRC,KERCKHOF_7_B1,ALL,1,0,4,24
2022-09-01T20:45:00-00:00,2022-09-01T21:00:00-00:00,2022-09-01,14,KERCKHOF_7_B1,KERCKHOF_7_B1,KERCKHOF_7_B1,RTPD,MCL,LMP_LOSS_PRC,KERCKHOF_7_B1,ALL,1,0,4,24
2022-09-01T21:45:00-00:00,2022-09-01T22:00:00-00:00,2022-09-01,15,KERCKHOF_7_B1,KERCKHOF_7_B1,KERCKHOF_7_B1,RTPD,MCL,LMP_LOSS_PRC,KERCKHOF_7_B1,ALL,1,0,4,24
2022-09-01T22:45:00-00:00,2022-09-01T23:00:00-00:00,2022-09-01,16,KERCKHOF_7_B1,KERCKHOF_7_B1,KERCKHOF_7_B1,RTPD,MCL,LMP_LOSS_PRC,KERCKHOF_7_B1,ALL,1,0,4,24
2022-09-01T23:45:00-00:00,2022-09-02T00:00:00-00:00,2022-09-01,17,KERCKHOF_7_B1,KERCKHOF_7_B1,KERCKHOF_7_B1,RTPD,MCL,LMP_LOSS_PRC,KERCKHOF_7_B1,ALL,1,0,4,24
2022-09-02T00:45:00-00:00,2022-09-02T01:00:00-00:00,2022-09-01,18,KERCKHOF_7_B1,KERCKHOF_7_B1,KERCKHOF_7_B1,RTPD,MCL,LMP_LOSS_PRC,KERCKHOF_7_B1,ALL,1,0,4,24
2022-09-02T01:45:00-00:00,2022-09-02T02:00:00-00:00,2022-09-01,19,KERCKHOF_7_B1,KERCKHOF_7_B1,KERCKHOF_7_B1,RTPD,MCL,LMP_LOSS_PRC,KERCKHOF_7_B1,ALL,1,0,4,24
2022-09-02T02:45:00-00:00,2022-09-02T03:00:00-00:00,2022-09-01,20,KERCKHOF_7_B1,KERCKHOF_7_B1,KERCKHOF_7_B1,RTPD,MCL,LMP_LOSS_PRC,KERCKHOF_7_B1,ALL,1,169.64359,4,24
2022-09-02T03:45:00-00:00,2022-09-02T04:00:00-00:00,2022-09-01,21,KERCKHOF_7_B1,KERCKHOF_7_B1,KERCKHOF_7_B1,RTPD,MCL,LMP_LOSS_PRC,KERCKHOF_7_B1,ALL,1,20.16848,4,24
2022-09-02T04:45:00-00:00,2022-09-02T05:00:00-00:00,2022-09-01,22,KERCKHOF_7_B1,KERCKHOF_7_B1,KERCKHOF_7_B1,RTPD,MCL,LMP_LOSS_PRC,KERCKHOF_7_B1,ALL,1,21.34701,4,24
2022-09-02T05:45:00-00:00,2022-09-02T06:00:00-00:00,2022-09-01,23,KERCKHOF_7_B1,KERCKHOF_7_B1,KERCKHOF_7_B1,RTPD,MCL,LMP_LOSS_PRC,KERCKHOF_7_B1,ALL,1,15.64976,4,24
2022-09-02T06:45:00-00:00,2022-09-02T07:00:00-00:00,2022-09-01,24,KERCKHOF_7_B1,KERCKHOF_7_B1,KERCKHOF_7_B1,RTPD,MCL,LMP_LOSS_PRC,KERCKHOF_7_B1,ALL,1,12.17616,4,24
2022-09-01T07:00:00-00:00,2022-09-01T07:15:00-00:00,2022-09-01,01,KERCKHOF_7_B1,KERCKHOF_7_B1,KERCKHOF_7_B1,RTPD,MGHG,LMP_GHG_PRC,KERCKHOF_7_B1,ALL,1,0,1,25
2022-09-01T08:00:00-00:00,2022-09-01T08:15:00-00:00,2022-09-01,02,KERCKHOF_7_B1,KERCKHOF_7_B1,KERCKHOF_7_B1,RTPD,MGHG,LMP_GHG_PRC,KERCKHOF_7_B1,ALL,1,0,1,25
2022-09-01T09:00:00-00:00,2022-09-01T09:15:00-00:00,2022-09-01,03,KERCKHOF_7_B1,KERCKHOF_7_B1,KERCKHOF_7_B1,RTPD,MGHG,LMP_GHG_PRC,KERCKHOF_7_B1,ALL,1,0,1,25
2022-09-01T10:00:00-00:00,2022-09-01T10:15:00-00:00,2022-09-01,04,KERCKHOF_7_B1,KERCKHOF_7_B1,KERCKHOF_7_B1,RTPD,MGHG,LMP_GHG_PRC,KERCKHOF_7_B1,ALL,1,0,1,25
2022-09-01T11:00:00-00:00,2022-09-01T11:15:00-00:00,2022-09-01,05,KERCKHOF_7_B1,KERCKHOF_7_B1,KERCKHOF_7_B1,RTPD,MGHG,LMP_GHG_PRC,KERCKHOF_7_B1,ALL,1,0,1,25
2022-09-01T12:00:00-00:00,2022-09-01T12:15:00-00:00,2022-09-01,06,KERCKHOF_7_B1,KERCKHOF_7_B1,KERCKHOF_7_B1,RTPD,MGHG,LMP_GHG_PRC,KERCKHOF_7_B1,ALL,1,0,1,25
2022-09-01T13:00:00-00:00,2022-09-01T13:15:00-00:00,2022-09-01,07,KERCKHOF_7_B1,KERCKHOF_7_B1,KERCKHOF_7_B1,RTPD,MGHG,LMP_GHG_PRC,KERCKHOF_7_B1,ALL,1,0,1,25
2022-09-01T14:00:00-00:00,2022-09-01T14:15:00-00:00,2022-09-01,08,KERCKHOF_7_B1,KERCKHOF_7_B1,KERCKHOF_7_B1,RTPD,MGHG,LMP_GHG_PRC,KERCKHOF_7_B1,ALL,1,0,1,25
2022-09-01T15:00:00-00:00,2022-09-01T15:15:00-00:00,2022-09-01,09,KERCKHOF_7_B1,KERCKHOF_7_B1,KERCKHOF_7_B1,RTPD,MGHG,LMP_GHG_PRC,KERCKHOF_7_B1,ALL,1,0,1,25
2022-09-01T16:00:00-00:00,2022-09-01T16:15:00-00:00,2022-09-01,10,KERCKHOF_7_B1,KERCKHOF_7_B1,KERCKHOF_7_B1,RTPD,MGHG,LMP_GHG_PRC,KERCKHOF_7_B1,ALL,1,0,1,25
2022-09-01T17:00:00-00:00,2022-09-01T17:15:00-00:00,2022-09-01,11,KERCKHOF_7_B1,KERCKHOF_7_B1,KERCKHOF_7_B1,RTPD,MGHG,LMP_GHG_PRC,KERCKHOF_7_B1,ALL,1,0,1,25
2022-09-01T18:00:00-00:00,2022-09-01T18:15:00-00:00,2022-09-01,12,KERCKHOF_7_B1,KERCKHOF_7_B1,KERCKHOF_7_B1,RTPD,MGHG,LMP_GHG_PRC,KERCKHOF_7_B1,ALL,1,0,1,25
2022-09-01T19:00:00-00:00,2022-09-01T19:15:00-00:00,2022-09-01,13,KERCKHOF_7_B1,KERCKHOF_7_B1,KERCKHOF_7_B1,RTPD,MGHG,LMP_GHG_PRC,KERCKHOF_7_B1,ALL,1,0,1,25
2022-09-01T20:00:00-00:00,2022-09-01T20:15:00-00:00,2022-09-01,14,KERCKHOF_7_B1,KERCKHOF_7_B1,KERCKHOF_7_B1,RTPD,MGHG,LMP_GHG_PRC,KERCKHOF_7_B1,ALL,1,0,1,25
2022-09-01T21:00:00-00:00,2022-09-01T21:15:00-00:00,2022-09-01,15,KERCKHOF_7_B1,KERCKHOF_7_B1,KERCKHOF_7_B1,RTPD,MGHG,LMP_GHG_PRC,KERCKHOF_7_B1,ALL,1,0,1,25
2022-09-01T22:00:00-00:00,2022-09-01T22:15:00-00:00,2022-09-01,16,KERCKHOF_7_B1,KERCKHOF_7_B1,KERCKHOF_7_B1,RTPD,MGHG,LMP_GHG_PRC,KERCKHOF_7_B1,ALL,1,0,1,25
2022-09-01T23:00:00-00:00,2022-09-01T23:15:00-00:00,2022-09-01,17,KERCKHOF_7_B1,KERCKHOF_7_B1,KERCKHOF_7_B1,RTPD,MGHG,LMP_GHG_PRC,KERCKHOF_7_B1,ALL,1,0,1,25
2022-09-02T00:00:00-00:00,2022-09-02T00:15:00-00:00,2022-09-01,18,KERCKHOF_7_B1,KERCKHOF_7_B1,KERCKHOF_7_B1,RTPD,MGHG,LMP_GHG_PRC,KERCKHOF_7_B1,ALL,1,0,1,25
2022-09-02T01:00:00-00:00,2022-09-02T01:15:00-00:00,2022-09-01,19,KERCKHOF_7_B1,KERCKHOF_7_B1,KERCKHOF_7_B1,RTPD,MGHG,LMP_GHG_PRC,KERCKHOF_7_B1,ALL,1,0,1,25
2022-09-02T02:00:00-00:00,2022-09-02T02:15:00-00:00,2022-09-01,20,KERCKHOF_7_B1,KERCKHOF_7_B1,KERCKHOF_7_B1,RTPD,MGHG,LMP_GHG_PRC,KERCKHOF_7_B1,ALL,1,0,1,25
2022-09-02T03:00:00-00:00,2022-09-02T03:15:00-00:00,2022-09-01,21,KERCKHOF_7_B1,KERCKHOF_7_B1,KERCKHOF_7_B1,RTPD,MGHG,LMP_GHG_PRC,KERCKHOF_7_B1,ALL,1,0,1,25
2022-09-02T04:00:00-00:00,2022-09-02T04:15:00-00:00,2022-09-01,22,KERCKHOF_7_B1,KERCKHOF_7_B1,KERCKHOF_7_B1,RTPD,MGHG,LMP_GHG_PRC,KERCKHOF_7_B1,ALL,1,0,1,25
2022-09-02T05:00:00-00:00,2022-09-02T05:15:00-00:00,2022-09-01,23,KERCKHOF_7_B1,KERCKHOF_7_B1,KERCKHOF_7_B1,RTPD,MGHG,LMP_GHG_PRC,KERCKHOF_7_B1,ALL,1,0,1,25
2022-09-02T06:00:00-00:00,2022-09-02T06:15:00-00:00,2022-09-01,24,KERCKHOF_7_B1,KERCKHOF_7_B1,KERCKHOF_7_B1,RTPD,MGHG,LMP_GHG_PRC,KERCKHOF_7_B1,ALL,1,0,1,25
2022-09-01T07:15:00-00:00,2022-09-01T07:30:00-00:00,2022-09-01,01,KERCKHOF_7_B1,KERCKHOF_7_B1,KERCKHOF_7_B1,RTPD,MGHG,LMP_GHG_PRC,KERCKHOF_7_B1,ALL,1,0,2,25
2022-09-01T08:15:00-00:00,2022-09-01T08:30:00-00:00,2022-09-01,02,KERCKHOF_7_B1,KERCKHOF_7_B1,KERCKHOF_7_B1,RTPD,MGHG,LMP_GHG_PRC,KERCKHOF_7_B1,ALL,1,0,2,25
2022-09-01T09:15:00-00:00,2022-09-01T09:30:00-00:00,2022-09-01,03,KERCKHOF_7_B1,KERCKHOF_7_B1,KERCKHOF_7_B1,RTPD,MGHG,LMP_GHG_PRC,KERCKHOF_7_B1,ALL,1,0,2,25
2022-09-01T10:15:00-00:00,2022-09-01T10:30:00-00:00,2022-09-01,04,KERCKHOF_7_B1,KERCKHOF_7_B1,KERCKHOF_7_B1,RTPD,MGHG,LMP_GHG_PRC,KERCKHOF_7_B1,ALL,1,0,2,25
2022-09-01T11:15:00-00:00,2022-09-01T11:30:00-00:00,2022-09-01,05,KERCKHOF_7_B1,KERCKHOF_7_B1,KERCKHOF_7_B1,RTPD,MGHG,LMP_GHG_PRC,KERCKHOF_7_B1,ALL,1,0,2,25
2022-09-01T12:15:00-00:00,2022-09-01T12:30:00-00:00,2022-09-01,06,KERCKHOF_7_B1,KERCKHOF_7_B1,KERCKHOF_7_B1,RTPD,MGHG,LMP_GHG_PRC,KERCKHOF_7_B1,ALL,1,0,2,25
2022-09-01T13:15:00-00:00,2022-09-01T13:30:00-00:00,2022-09-01,07,KERCKHOF_7_B1,KERCKHOF_7_B1,KERCKHOF_7_B1,RTPD,MGHG,LMP_GHG_PRC,KERCKHOF_7_B1,ALL,1,0,2,25
2022-09-01T14:15:00-00:00,2022-09-01T14:30:00-00:00,2022-09-01,08,KERCKHOF_7_B1,KERCKHOF_7_B1,KERCKHOF_7_B1,RTPD,MGHG,LMP_GHG_PRC,KERCKHOF_7_B1,ALL,1,0,2,25
2022-09-01T15:15:00-00:00,2022-09-01T15:30:00-00:00,2022-09-01,09,KERCKHOF_7_B1,KERCKHOF_7_B1,KERCKHOF_7_B1,RTPD,MGHG,LMP_GHG_PRC,KERCKHOF_7_B1,ALL,1,0,2,25
2022-09-01T16:15:00-00:00,2022-09-01T16:30:00-00:00,2022-09-01,10,KERCKHOF_7_B1,KERCKHOF_7_B1,KERCKHOF_7_B1,RTPD,MGHG,LMP_GHG_PRC,KERCKHOF_7_B1,ALL,1,0,2,25
2022-09-01T17:15:00-00:00,2022-09-01T17:30:00-00:00,2022-09-01,11,KERCKHOF_7_B1,KERCKHOF_7_B1,KERCKHOF_7_B1,RTPD,MGHG,LMP_GHG_PRC,KERCKHOF_7_B1,ALL,1,0,2,25
2022-09-01T18:15:00-00:00,2022-09-01T18:30:00-00:00,2022-09-01,12,KERCKHOF_7_B1,KERCKHOF_7_B1,KERCKHOF_7_B1,RTPD,MGHG,LMP_GHG_PRC,KERCKHOF_7_B1,ALL,1,0,2,25
2022-09-01T19:15:00-00:00,2022-09-01T19:30:00-00:00,2022-09-01,13,KERCKHOF_7_B1,KERCKHOF_7_B1,KERCKHOF_7_B1,RTPD,MGHG,LMP_GHG_PRC,KERCKHOF_7_B1,ALL,1,0,2,25
2022-09-01T20:15:00-00:00,2022-09-01T20:30:00-00:00,2022-09-01,14,KERCKHOF_7_B1,KERCKHOF_7_B1,KERCKHOF_7_B1,RTPD,MGHG,LMP_GHG_PRC,KERCKHOF_7_B1,ALL,1,0,2,25
2022-09-01T21:15:00-00:00,2022-09-01T21:30:00-00:00,2022-09-01,15,KERCKHOF_7_B1,KERCKHOF_7_B1,KERCKHOF_7_B1,RTPD,MGHG,LMP_GHG_PRC,KERCKHOF_7_B1,ALL,1,0,2,25
2022-09-01T22:15:00-00:00,2022-09-01T22:30:00-00:00,2022-09-01,16,KERCKHOF_7_B1,KERCKHOF_7_B1,KERCKHOF_7_B1,RTPD,MGHG,LMP_GHG_PRC,KERCKHOF_7_B1,ALL,1,0,2,25
2022-09-01T23:15:00-00:00,2022-09-01T23:30:00-00:00,2022-09-01,17,KERCKHOF_7_B1,KERCKHOF_7_B1,KERCKHOF_7_B1,RTPD,MGHG,LMP_GHG_PRC,KERCKHOF_7_B1,ALL,1,0,2,25
2022-09-02T00:15:00-00:00,2022-09-02T00:30:00-00:00,2022-09-01,18,KERCKHOF_7_B1,KERCKHOF_7_B1,KERCKHOF_7_B1,RTPD,MGHG,LMP_GHG_PRC,KERCKHOF_7_B1,ALL,1,0,2,25
2022-09-02T01:15:00-00:00,2022-09-02T01:30:00-00:00,2022-09-01,19,KERCKHOF_7_B1,KERCKHOF_7_B1,KERCKHOF_7_B1,RTPD,MGHG,LMP_GHG_PRC,KERCKHOF_7_B1,ALL,1,0,2,25
2022-09-02T02:15:00-00:00,2022-09-02T02:30:00-00:00,2022-09-01,20,KERCKHOF_7_B1,KERCKHOF_7_B1,KERCKHOF_7_B1,RTPD,MGHG,LMP_GHG_PRC,KERCKHOF_7_B1,ALL,1,0,2,25
2022-09-02T03:15:00-00:00,2022-09-02T03:30:00-00:00,2022-09-01,21,KERCKHOF_7_B1,KERCKHOF_7_B1,KERCKHOF_7_B1,RTPD,MGHG,LMP_GHG_PRC,KERCKHOF_7_B1,ALL,1,0,2,25
2022-09-02T04:15:00-00:00,2022-09-02T04:30:00-00:00,2022-09-01,22,KERCKHOF_7_B1,KERCKHOF_7_B1,KERCKHOF_7_B1,RTPD,MGHG,LMP_GHG_PRC,KERCKHOF_7_B1,ALL,1,0,2,25
2022-09-02T05:15:00-00:00,2022-09-02T05:30:00-00:00,2022-09-01,23,KERCKHOF_7_B1,KERCKHOF_7_B1,KERCKHOF_7_B1,RTPD,MGHG,LMP_GHG_PRC,KERCKHOF_7_B1,ALL,1,0,2,25
2022-09-02T06:15:00-00:00,2022-09-02T06:30:00-00:00,2022-09-01,24,KERCKHOF_7_B1,KERCKHOF_7_B1,KERCKHOF_7_B1,RTPD,MGHG,LMP_GHG_PRC,KERCKHOF_7_B1,ALL,1,0,2,25
2022-09-01T07:30:00-00:00,2022-09-01T07:45:00-00:00,2022-09-01,01,KERCKHOF_7_B1,KERCKHOF_7_B1,KERCKHOF_7_B1,RTPD,MGHG,LMP_GHG_PRC,KERCKHOF_7_B1,ALL,1,0,3,25
2022-09-01T08:30:00-00:00,2022-09-01T08:45:00-00:00,2022-09-01,02,KERCKHOF_7_B1,KERCKHOF_7_B1,KERCKHOF_7_B1,RTPD,MGHG,LMP_GHG_PRC,KERCKHOF_7_B1,ALL,1,0,3,25
2022-09-01T09:30:00-00:00,2022-09-01T09:45:00-00:00,2022-09-01,03,KERCKHOF_7_B1,KERCKHOF_7_B1,KERCKHOF_7_B1,RTPD,MGHG,LMP_GHG_PRC,KERCKHOF_7_B1,ALL,1,0,3,25
2022-09-01T10:30:00-00:00,2022-09-01T10:45:00-00:00,2022-09-01,04,KERCKHOF_7_B1,KERCKHOF_7_B1,KERCKHOF_7_B1,RTPD,MGHG,LMP_GHG_PRC,KERCKHOF_7_B1,ALL,1,0,3,25
2022-09-01T11:30:00-00:00,2022-09-01T11:45:00-00:00,2022-09-01,05,KERCKHOF_7_B1,KERCKHOF_7_B1,KERCKHOF_7_B1,RTPD,MGHG,LMP_GHG_PRC,KERCKHOF_7_B1,ALL,1,0,3,25
2022-09-01T12:30:00-00:00,2022-09-01T12:45:00-00:00,2022-09-01,06,KERCKHOF_7_B1,KERCKHOF_7_B1,KERCKHOF_7_B1,RTPD,MGHG,LMP_GHG_PRC,KERCKHOF_7_B1,ALL,1,0,3,25
2022-09-01T13:30:00-00:00,2022-09-01T13:45:00-00:00,2022-09-01,07,KERCKHOF_7_B1,KERCKHOF_7_B1,KERCKHOF_7_B1,RTPD,MGHG,LMP_GHG_PRC,KERCKHOF_7_B1,ALL,1,0,3,25
2022-09-01T14:30:00-00:00,2022-09-01T14:45:00-00:00,2022-09-01,08,KERCKHOF_7_B1,KERCKHOF_7_B1,KERCKHOF_7_B1,RTPD,MGHG,LMP_GHG_PRC,KERCKHOF_7_B1,ALL,1,0,3,25
2022-09-01T15:30:00-00:00,2022-09-01T15:45:00-00:00,2022-09-01,09,KERCKHOF_7_B1,KERCKHOF_7_B1,KERCKHOF_7_B1,RTPD,MGHG,LMP_GHG_PRC,KERCKHOF_7_B1,ALL,1,0,3,25
2022-09-01T16:30:00-00:00,2022-09-01T16:45:00-00:00,2022-09-01,10,KERCKHOF_7_B1,KERCKHOF_7_B1,KERCKHOF_7_B1,RTPD,MGHG,LMP_GHG_PRC,KERCKHOF_7_B1,ALL,1,0,3,25
2022-09-01T17:30:00-00:00,2022-09-01T17:45:00-00:00,2022-09-01,11,KERCKHOF_7_B1,KERCKHOF_7_B1,KERCKHOF_7_B1,RTPD,MGHG,LMP_GHG_PRC,KERCKHOF_7_B1,ALL,1,0,3,25
2022-09-01T18:30:00-00:00,2022-09-01T18:45:00-00:00,2022-09-01,12,KERCKHOF_7_B1,KERCKHOF_7_B1,KERCKHOF_7_B1,RTPD,MGHG,LMP_GHG_PRC,KERCKHOF_7_B1,ALL,1,0,3,25
2022-09-01T19:30:00-00:00,2022-09-01T19:45:00-00:00,2022-09-01,13,KERCKHOF_7_B1,KERCKHOF_7_B1,KERCKHOF_7_B1,RTPD,MGHG,LMP_GHG_PRC,KERCKHOF_7_B1,ALL,1,0,3,25
2022-09-01T20:30:00-00:00,2022-09-01T20:45:00-00:00,2022-09-01,14,KERCKHOF_7_B1,KERCKHOF_7_B1,KERCKHOF_7_B1,RTPD,MGHG,LMP_GHG_PRC,KERCKHOF_7_B1,ALL,1,0,3,25
2022-09-01T21:30:00-00:00,2022-09-01T21:45:00-00:00,2022-09-01,15,KERCKHOF_7_B1,KERCKHOF_7_B1,KERCKHOF_7_B1,RTPD,MGHG,LMP_GHG_PRC,KERCKHOF_7_B1,ALL,1,0,3,25
2022-09-01T22:30:00-00:00,2022-09-01T22:45:00-00:00,2022-09-01,16,KERCKHOF_7_B1,KERCKHOF_7_B1,KERCKHOF_7_B1,RTPD,MGHG,LMP_GHG_PRC,KERCKHOF_7_B1,ALL,1,0,3,25
2022-09-01T23:30:00-00:00,2022-09-01T23:45:00-00:00,2022-09-01,17,KERCKHOF_7_B1,KERCKHOF_7_B1,KERCKHOF_7_B1,RTPD,MGHG,LMP_GHG_PRC,KERCKHOF_7_B1,ALL,1,0,3,25
2022-09-02T00:30:00-00:00,2022-09-02T00:45:00-00:00,2022-09-01,18,KERCKHOF_7_B1,KERCKHOF_7_B1,KERCKHOF_7_B1,RTPD,MGHG,LMP_GHG_PRC,KERCKHOF_7_B1,ALL,1,0,3,25
2022-09-02T01:30:00-00:00,2022-09-02T01:45:00-00:00,2022-09-01,19,KERCKHOF_7_B1,KERCKHOF_7_B1,KERCKHOF_7_B1,RTPD,MGHG,LMP_GHG_PRC,KERCKHOF_7_B1,ALL,1,0,3,25
2022-09-02T02:30:00-00:00,2022-09-02T02:45:00-00:00,2022-09-01,20,KERCKHOF_7_B1,KERCKHOF_7_B1,KERCKHOF_7_B1,RTPD,MGHG,LMP_GHG_PRC,KERCKHOF_7_B1,ALL,1,0,3,25
2022-09-02T03:30:00-00:00,2022-09-02T03:45:00-00:00,2022-09-01,21,KERCKHOF_7_B1,KERCKHOF_7_B1,KERCKHOF_7_B1,RTPD,MGHG,LMP_GHG_PRC,KERCKHOF_7_B1,ALL,1,0,3,25
2022-09-02T04:30:00-00:00,2022-09-02T04:45:00-00:00,2022-09-01,22,KERCKHOF_7_B1,KERCKHOF_7_B1,KERCKHOF_7_B1,RTPD,MGHG,LMP_GHG_PRC,KERCKHOF_7_B1,ALL,1,0,3,25
2022-09-02T05:30:00-00:00,2022-09-02T05:45:00-00:00,2022-09-01,23,KERCKHOF_7_B1,KERCKHOF_7_B1,KERCKHOF_7_B1,RTPD,MGHG,LMP_GHG_PRC,KERCKHOF_7_B1,ALL,1,0,3,25
2022-09-02T06:30:00-00:00,2022-09-02T06:45:00-00:00,2022-09-01,24,KERCKHOF_7_B1,KERCKHOF_7_B1,KERCKHOF_7_B1,RTPD,MGHG,LMP_GHG_PRC,KERCKHOF_7_B1,ALL,1,0,3,25
2022-09-01T07:45:00-00:00,2022-09-01T08:00:00-00:00,2022-09-01,01,KERCKHOF_7_B1,KERCKHOF_7_B1,KERCKHOF_7_B1,RTPD,MGHG,LMP_GHG_PRC,KERCKHOF_7_B1,ALL,1,0,4,25
2022-09-01T08:45:00-00:00,2022-09-01T09:00:00-00:00,2022-09-01,02,KERCKHOF_7_B1,KERCKHOF_7_B1,KERCKHOF_7_B1,RTPD,MGHG,LMP_GHG_PRC,KERCKHOF_7_B1,ALL,1,0,4,25
2022-09-01T09:45:00-00:00,2022-09-01T10:00:00-00:00,2022-09-01,03,KERCKHOF_7_B1,KERCKHOF_7_B1,KERCKHOF_7_B1,RTPD,MGHG,LMP_GHG_PRC,KERCKHOF_7_B1,ALL,1,0,4,25
2022-09-01T10:45:00-00:00,2022-09-01T11:00:00-00:00,2022-09-01,04,KERCKHOF_7_B1,KERCKHOF_7_B1,KERCKHOF_7_B1,RTPD,MGHG,LMP_GHG_PRC,KERCKHOF_7_B1,ALL,1,0,4,25
2022-09-01T11:45:00-00:00,2022-09-01T12:00:00-00:00,2022-09-01,05,KERCKHOF_7_B1,KERCKHOF_7_B1,KERCKHOF_7_B1,RTPD,MGHG,LMP_GHG_PRC,KERCKHOF_7_B1,ALL,1,0,4,25
2022-09-01T12:45:00-00:00,2022-09-01T13:00:00-00:00,2022-09-01,06,KERCKHOF_7_B1,KERCKHOF_7_B1,KERCKHOF_7_B1,RTPD,MGHG,LMP_GHG_PRC,KERCKHOF_7_B1,ALL,1,0,4,25
2022-09-01T13:45:00-00:00,2022-09-01T14:00:00-00:00,2022-09-01,07,KERCKHOF_7_B1,KERCKHOF_7_B1,KERCKHOF_7_B1,RTPD,MGHG,LMP_GHG_PRC,KERCKHOF_7_B1,ALL,1,0,4,25
2022-09-01T14:45:00-00:00,2022-09-01T15:00:00-00:00,2022-09-01,08,KERCKHOF_7_B1,KERCKHOF_7_B1,KERCKHOF_7_B1,RTPD,MGHG,LMP_GHG_PRC,KERCKHOF_7_B1,ALL,1,0,4,25
2022-09-01T15:45:00-00:00,2022-09-01T16:00:00-00:00,2022-09-01,09,KERCKHOF_7_B1,KERCKHOF_7_B1,KERCKHOF_7_B1,RTPD,MGHG,LMP_GHG_PRC,KERCKHOF_7_B1,ALL,1,0,4,25
2022-09-01T16:45:00-00:00,2022-09-01T17:00:00-00:00,2022-09-01,10,KERCKHOF_7_B1,KERCKHOF_7_B1,KERCKHOF_7_B1,RTPD,MGHG,LMP_GHG_PRC,KERCKHOF_7_B1,ALL,1,0,4,25
2022-09-01T17:45:00-00:00,2022-09-01T18:00:00-00:00,2022-09-01,11,KERCKHOF_7_B1,KERCKHOF_7_B1,KERCKHOF_7_B1,RTPD,MGHG,LMP_GHG_PRC,KERCKHOF_7_B1,ALL,1,0,4,25
2022-09-01T18:45:00-00:00,2022-09-01T19:00:00-00:00,2022-09-01,12,KERCKHOF_7_B1,KERCKHOF_7_B1,KERCKHOF_7_B1,RTPD,MGHG,LMP_GHG_PRC,KERCKHOF_7_B1,ALL,1,0,4,25
2022-09-01T19:45:00-00:00,2022-09-01T20:00:00-00:00,2022-09-01,13,KERCKHOF_7_B1,KERCKHOF_7_B1,KERCKHOF_7_B1,RTPD,MGHG,LMP_GHG_PRC,KERCKHOF_7_B1,ALL,1,0,4,25
2022-09-01T20:45:00-00:00,2022-09-01T21:00:00-00:00,2022-09-01,14,KERCKHOF_7_B1,KERCKHOF_7_B1,KERCKHOF_7_B1,RTPD,MGHG,LMP_GHG_PRC,KERCKHOF_7_B1,ALL,1,0,4,25
2022-09-01T21:45:00-00:00,2022-09-01T22:00:00-00:00,2022-09-01,15,KERCKHOF_7_B1,KERCKHOF_7_B1,KERCKHOF_7_B1,RTPD,MGHG,LMP_GHG_PRC,KERCKHOF_7_B1,ALL,1,0,4,25
2022-09-01T22:45:00-00:00,2022-09-01T23:00:00-00:00,2022-09-01,16,KERCKHOF_7_B1,KERCKHOF_7_B1,KERCKHOF_7_B1,RTPD,MGHG,LMP_GHG_PRC,KERCKHOF_7_B1,ALL,1,0,4,25
2022-09-01T23:45:00-00:00,2022-09-02T00:00:00-00:00,2022-09-01,17,KERCKHOF_7_B1,KERCKHOF_7_B1,KERCKHOF_7_B1,RTPD,MGHG,LMP_GHG_PRC,KERCKHOF_7_B1,ALL,1,0,4,25
2022-09-02T00:45:00-00:00,2022-09-02T01:00:00-00:00,2022-09-01,18,KERCKHOF_7_B1,KERCKHOF_7_B1,KERCKHOF_7_B1,RTPD,MGHG,LMP_GHG_PRC,KERCKHOF_7_B1,ALL,1,0,4,25
2022-09-02T01:45:00-00:00,2022-09-02T02:00:00-00:00,2022-09-01,19,KERCKHOF_7_B1,KERCKHOF_7_B1,KERCKHOF_7_B1,RTPD,MGHG,LMP_GHG_PRC,KERCKHOF_7_B1,ALL,1,0,4,25
2022-09-02T02:45:00-00:00,2022-09-02T03:00:00-00:00,2022-09-01,20,KERCKHOF_7_B1,KERCKHOF_7_B1,KERCKHOF_7_B1,RTPD,MGHG,LMP_GHG_PRC,KERCKHOF_7_B1,ALL,1,0,4,25
2022-09-02T03:45:00-00:00,2022-09-02T04:00:00-00:00,2022-09-01,21,KERCKHOF_7_B1,KERCKHOF_7_B1,KERCKHOF_7_B1,RTPD,MGHG,LMP_GHG_PRC,KERCKHOF_7_B1,ALL,1,0,4,25
2022-09-02T04:45:00-00:00,2022-09-02T05:00:00-00:00,2022-09-01,22,KERCKHOF_7_B1,KERCKHOF_7_B1,KERCKHOF_7_B1,RTPD,MGHG,LMP_GHG_PRC,KERCKHOF_7_B1,ALL,1,0,4,25
2022-09-02T05:45:00-00:00,2022-09-02T06:00:00-00:00,2022-09-01,23,KERCKHOF_7_B1,KERCKHOF_7_B1,KERCKHOF_7_B1,RTPD,MGHG,LMP_GHG_PRC,KERCKHOF_7_B1,ALL,1,0,4,25
2022-09-02T06:45:00-00:00,2022-09-02T07:00:00-00:00,2022-09-01,24,KERCKHOF_7_B1,KERCKHOF_7_B1,KERCKHOF_7_B1,RTPD,MGHG,LMP_GHG_PRC,KERCKHOF_7_B1,ALL,1,0,4,25
2022-09-01T07:00:00-00:00,2022-09-01T07:15:00-00:00,2022-09-01,01,KERMAN_6_N001,KERMAN_6_N001,KERMAN_6_N001,RTPD,LMP,LMP_PRC,KERMAN_6_N001,ALL,1,82.9449,1,26
2022-09-01T08:00:00-00:00,2022-09-01T08:15:00-00:00,2022-09-01,02,KERMAN_6_N001,KERMAN_6_N001,KERMAN_6_N001,RTPD,LMP,LMP_PRC,KERMAN_6_N001,ALL,1,111.77114,1,26
2022-09-01T09:00:00-00:00,2022-09-01T09:15:00-00:00,2022-09-01,03,KERMAN_6_N001,KERMAN_6_N001,KERMAN_6_N001,RTPD,LMP,LMP_PRC,KERMAN_6_N001,ALL,1,104.62209,1,26
2022-09-01T10:00:00-00:00,2022-09-01T10:15:00-00:00,2022-09-01,04,KERMAN_6_N001,KERMAN_6_N001,KERMAN_6_N001,RTPD,LMP,LMP_PRC,KERMAN_6_N001,ALL,1,103.78034,1,26
2022-09-01T11:00:00-00:00,2022-09-01T11:15:00-00:00,2022-09-01,05,KERMAN_6_N001,KERMAN_6_N001,KERMAN_6_N001,RTPD,LMP,LMP_PRC,KERMAN_6_N001,ALL,1,112.79468,1,26
2022-09-01T12:00:00-00:00,2022-09-01T12:15:00-00:00,2022-09-01,06,KERMAN_6_N001,KERMAN_6_N001,KERMAN_6_N001,RTPD,LMP,LMP_PRC,KERMAN_6_N001,ALL,1,95.295,1,26
2022-09-01T13:00:00-00:00,2022-09-01T13:15:00-00:00,2022-09-01,07,KERMAN_6_N001,KERMAN_6_N001,KERMAN_6_N001,RTPD,LMP,LMP_PRC,KERMAN_6_N001,ALL,1,86.83845,1,26
2022-09-01T14:00:00-00:00,2022-09-01T14:15:00-00:00,2022-09-01,08,KERMAN_6_N001,KERMAN_6_N001,KERMAN_6_N001,RTPD,LMP,LMP_PRC,KERMAN_6_N001,ALL,1,119.9345,1,26
2022-09-01T15:00:00-00:00,2022-09-01T15:15:00-00:00,2022-09-01,09,KERMAN_6_N001,KERMAN_6_N001,KERMAN_6_N001,RTPD,LMP,LMP_PRC,KERMAN_6_N001,ALL,1,97.4112,1,26
2022-09-01T16:00:00-00:00,2022-09-01T16:15:00-00:00,2022-09-01,10,KERMAN_6_N001,KERMAN_6_N001,KERMAN_6_N001,RTPD,LMP,LMP_PRC,KERMAN_6_N001,ALL,1,83.43525,1,26
2022-09-01T17:00:00-00:00,2022-09-01T17:15:00-00:00,2022-09-01,11,KERMAN_6_N001,KERMAN_6_N001,KERMAN_6_N001,RTPD,LMP,LMP_PRC,KERMAN_6_N001,ALL,1,78.30925,1,26
2022-09-01T18:00:00-00:00,2022-09-01T18:15:00-00:00,2022-09-01,12,KERMAN_6_N001,KERMAN_6_N001,KERMAN_6_N001,RTPD,LMP,LMP_PRC,KERMAN_6_N001,ALL,1,55.48407,1,26
2022-09-01T19:00:00-00:00,2022-09-01T19:15:00-00:00,2022-09-01,13,KERMAN_6_N001,KERMAN_6_N001,KERMAN_6_N001,RTPD,LMP,LMP_PRC,KERMAN_6_N001,ALL,1,69.19025,1,26
2022-09-01T20:00:00-00:00,2022-09-01T20:15:00-00:00,2022-09-01,14,KERMAN_6_N001,KERMAN_6_N001,KERMAN_6_N001,RTPD,LMP,LMP_PRC,KERMAN_6_N001,ALL,1,114.01026,1,26
2022-09-01T21:00:00-00:00,2022-09-01T21:15:00-00:00,2022-09-01,15,KERMAN_6_N001,KERMAN_6_N001,KERMAN_6_N001,RTPD,LMP,LMP_PRC,KERMAN_6_N001,ALL,1,115.84912,1,26
2022-09-01T22:00:00-00:00,2022-09-01T22:15:00-00:00,2022-09-01,16,KERMAN_6_N001,KERMAN_6_N001,KERMAN_6_N001,RTPD,LMP,LMP_PRC,KERMAN_6_N001,ALL,1,109.18685,1,26
2022-09-01T23:00:00-00:00,2022-09-01T23:15:00-00:00,2022-09-01,17,KERMAN_6_N001,KERMAN_6_N001,KERMAN_6_N001,RTPD,LMP,LMP_PRC,KERMAN_6_N001,ALL,1,192.91129,1,26
2022-09-02T00:00:00-00:00,2022-09-02T00:15:00-00:00,2022-09-01,18,KERMAN_6_N001,KERMAN_6_N001,KERMAN_6_N001,RTPD,LMP,LMP_PRC,KERMAN_6_N001,ALL,1,1116.3435,1,26
2022-09-02T01:00:00-00:00,2022-09-02T01:15:00-00:00,2022-09-01,19,KERMAN_6_N001,KERMAN_6_N001,KERMAN_6_N001,RTPD,LMP,LMP_PRC,KERMAN_6_N001,ALL,1,1251.8218,1,26
2022-09-02T02:00:00-00:00,2022-09-02T02:15:00-00:00,2022-09-01,20,KERMAN_6_N001,KERMAN_6_N001,KERMAN_6_N001,RTPD,LMP,LMP_PRC,KERMAN_6_N001,ALL,1,1991.6721,1,26
2022-09-02T03:00:00-00:00,2022-09-02T03:15:00-00:00,2022-09-01,21,KERMAN_6_N001,KERMAN_6_N001,KERMAN_6_N001,RTPD,LMP,LMP_PRC,KERMAN_6_N001,ALL,1,1482.0507,1,26
2022-09-02T04:00:00-00:00,2022-09-02T04:15:00-00:00,2022-09-01,22,KERMAN_6_N001,KERMAN_6_N001,KERMAN_6_N001,RTPD,LMP,LMP_PRC,KERMAN_6_N001,ALL,1,1343.4097,1,26
2022-09-02T05:00:00-00:00,2022-09-02T05:15:00-00:00,2022-09-01,23,KERMAN_6_N001,KERMAN_6_N001,KERMAN_6_N001,RTPD,LMP,LMP_PRC,KERMAN_6_N001,ALL,1,205.05292,1,26
2022-09-02T06:00:00-00:00,2022-09-02T06:15:00-00:00,2022-09-01,24,KERMAN_6_N001,KERMAN_6_N001,KERMAN_6_N001,RTPD,LMP,LMP_PRC,KERMAN_6_N001,ALL,1,313.55884,1,26
2022-09-01T07:15:00-00:00,2022-09-01T07:30:00-00:00,2022-09-01,01,KERMAN_6_N001,KERMAN_6_N001,KERMAN_6_N001,RTPD,LMP,LMP_PRC,KERMAN_6_N001,ALL,1,114.23402,2,26
2022-09-01T08:15:00-00:00,2022-09-01T08:30:00-00:00,2022-09-01,02,KERMAN_6_N001,KERMAN_6_N001,KERMAN_6_N001,RTPD,LMP,LMP_PRC,KERMAN_6_N001,ALL,1,114.50052,2,26
2022-09-01T09:15:00-00:00,2022-09-01T09:30:00-00:00,2022-09-01,03,KERMAN_6_N001,KERMAN_6_N001,KERMAN_6_N001,RTPD,LMP,LMP_PRC,KERMAN_6_N001,ALL,1,101.25436,2,26
2022-09-01T10:15:00-00:00,2022-09-01T10:30:00-00:00,2022-09-01,04,KERMAN_6_N001,KERMAN_6_N001,KERMAN_6_N001,RTPD,LMP,LMP_PRC,KERMAN_6_N001,ALL,1,100.32979,2,26
2022-09-01T11:15:00-00:00,2022-09-01T11:30:00-00:00,2022-09-01,05,KERMAN_6_N001,KERMAN_6_N001,KERMAN_6_N001,RTPD,LMP,LMP_PRC,KERMAN_6_N001,ALL,1,113.30687,2,26
2022-09-01T12:15:00-00:00,2022-09-01T12:30:00-00:00,2022-09-01,06,KERMAN_6_N001,KERMAN_6_N001,KERMAN_6_N001,RTPD,LMP,LMP_PRC,KERMAN_6_N001,ALL,1,114.07131,2,26
2022-09-01T13:15:00-00:00,2022-09-01T13:30:00-00:00,2022-09-01,07,KERMAN_6_N001,KERMAN_6_N001,KERMAN_6_N001,RTPD,LMP,LMP_PRC,KERMAN_6_N001,ALL,1,119.8702,2,26
2022-09-01T14:15:00-00:00,2022-09-01T14:30:00-00:00,2022-09-01,08,KERMAN_6_N001,KERMAN_6_N001,KERMAN_6_N001,RTPD,LMP,LMP_PRC,KERMAN_6_N001,ALL,1,111.74532,2,26
2022-09-01T15:15:00-00:00,2022-09-01T15:30:00-00:00,2022-09-01,09,KERMAN_6_N001,KERMAN_6_N001,KERMAN_6_N001,RTPD,LMP,LMP_PRC,KERMAN_6_N001,ALL,1,86.9388,2,26
2022-09-01T16:15:00-00:00,2022-09-01T16:30:00-00:00,2022-09-01,10,KERMAN_6_N001,KERMAN_6_N001,KERMAN_6_N001,RTPD,LMP,LMP_PRC,KERMAN_6_N001,ALL,1,87.6098,2,26
2022-09-01T17:15:00-00:00,2022-09-01T17:30:00-00:00,2022-09-01,11,KERMAN_6_N001,KERMAN_6_N001,KERMAN_6_N001,RTPD,LMP,LMP_PRC,KERMAN_6_N001,ALL,1,76.54761,2,26
2022-09-01T18:15:00-00:00,2022-09-01T18:30:00-00:00,2022-09-01,12,KERMAN_6_N001,KERMAN_6_N001,KERMAN_6_N001,RTPD,LMP,LMP_PRC,KERMAN_6_N001,ALL,1,71.61476,2,26
2022-09-01T19:15:00-00:00,2022-09-01T19:30:00-00:00,2022-09-01,13,KERMAN_6_N001,KERMAN_6_N001,KERMAN_6_N001,RTPD,LMP,LMP_PRC,KERMAN_6_N001,ALL,1,72.36192,2,26
2022-09-01T20:15:00-00:00,2022-09-01T20:30:00-00:00,2022-09-01,14,KERMAN_6_N001,KERMAN_6_N001,KERMAN_6_N001,RTPD,LMP,LMP_PRC,KERMAN_6_N001,ALL,1,113.96887,2,26
2022-09-01T21:15:00-00:00,2022-09-01T21:30:00-00:00,2022-09-01,15,KERMAN_6_N001,KERMAN_6_N001,KERMAN_6_N001,RTPD,LMP,LMP_PRC,KERMAN_6_N001,ALL,1,117.27674,2,26
2022-09-01T22:15:00-00:00,2022-09-01T22:30:00-00:00,2022-09-01,16,KERMAN_6_N001,KERMAN_6_N001,KERMAN_6_N001,RTPD,LMP,LMP_PRC,KERMAN_6_N001,ALL,1,124.947,2,26
2022-09-01T23:15:00-00:00,2022-09-01T23:30:00-00:00,2022-09-01,17,KERMAN_6_N001,KERMAN_6_N001,KERMAN_6_N001,RTPD,LMP,LMP_PRC,KERMAN_6_N001,ALL,1,250.58131,2,26
2022-09-02T00:15:00-00:00,2022-09-02T00:30:00-00:00,2022-09-01,18,KERMAN_6_N001,KERMAN_6_N001,KERMAN_6_N001,RTPD,LMP,LMP_PRC,KERMAN_6_N001,ALL,1,1075.0045,2,26
2022-09-02T01:15:00-00:00,2022-09-02T01:30:00-00:00,2022-09-01,19,KERMAN_6_N001,KERMAN_6_N001,KERMAN_6_N001,RTPD,LMP,LMP_PRC,KERMAN_6_N001,ALL,1,1999.9933,2,26
2022-09-02T02:15:00-00:00,2022-09-02T02:30:00-00:00,2022-09-01,20,KERMAN_6_N001,KERMAN_6_N001,KERMAN_6_N001,RTPD,LMP,LMP_PRC,KERMAN_6_N001,ALL,1,1991.6721,2,26
2022-09-02T03:15:00-00:00,2022-09-02T03:30:00-00:00,2022-09-01,21,KERMAN_6_N001,KERMAN_6_N001,KERMAN_6_N001,RTPD,LMP,LMP_PRC,KERMAN_6_N001,ALL,1,611.7461,2,26
2022-09-02T04:15:00-00:00,2022-09-02T04:30:00-00:00,2022-09-01,22,KERMAN_6_N001,KERMAN_6_N001,KERMAN_6_N001,RTPD,LMP,LMP_PRC,KERMAN_6_N001,ALL,1,1213.8434,2,26
2022-09-02T05:15:00-00:00,2022-09-02T05:30:00-00:00,2022-09-01,23,KERMAN_6_N001,KERMAN_6_N001,KERMAN_6_N001,RTPD,LMP,LMP_PRC,KERMAN_6_N001,ALL,1,178.11107,2,26
2022-09-02T06:15:00-00:00,2022-09-02T06:30:00-00:00,2022-09-01,24,KERMAN_6_N001,KERMAN_6_N001,KERMAN_6_N001,RTPD,LMP,LMP_PRC,KERMAN_6_N001,ALL,1,161.96548,2,26
2022-09-01T07:30:00-00:00,2022-09-01T07:45:00-00:00,2022-09-01,01,KERMAN_6_N001,KERMAN_6_N001,KERMAN_6_N001,RTPD,LMP,LMP_PRC,KERMAN_6_N001,ALL,1,100.76941,3,26
2022-09-01T08:30:00-00:00,2022-09-01T08:45:00-00:00,2022-09-01,02,KERMAN_6_N001,KERMAN_6_N001,KERMAN_6_N001,RTPD,LMP,LMP_PRC,KERMAN_6_N001,ALL,1,121.20044,3,26
2022-09-01T09:30:00-00:00,2022-09-01T09:45:00-00:00,2022-09-01,03,KERMAN_6_N001,KERMAN_6_N001,KERMAN_6_N001,RTPD,LMP,LMP_PRC,KERMAN_6_N001,ALL,1,100.9935,3,26
2022-09-01T10:30:00-00:00,2022-09-01T10:45:00-00:00,2022-09-01,04,KERMAN_6_N001,KERMAN_6_N001,KERMAN_6_N001,RTPD,LMP,LMP_PRC,KERMAN_6_N001,ALL,1,102.1843,3,26
2022-09-01T11:30:00-00:00,2022-09-01T11:45:00-00:00,2022-09-01,05,KERMAN_6_N001,KERMAN_6_N001,KERMAN_6_N001,RTPD,LMP,LMP_PRC,KERMAN_6_N001,ALL,1,113.45063,3,26
2022-09-01T12:30:00-00:00,2022-09-01T12:45:00-00:00,2022-09-01,06,KERMAN_6_N001,KERMAN_6_N001,KERMAN_6_N001,RTPD,LMP,LMP_PRC,KERMAN_6_N001,ALL,1,112.07936,3,26
2022-09-01T13:30:00-00:00,2022-09-01T13:45:00-00:00,2022-09-01,07,KERMAN_6_N001,KERMAN_6_N001,KERMAN_6_N001,RTPD,LMP,LMP_PRC,KERMAN_6_N001,ALL,1,121.14444,3,26
2022-09-01T14:30:00-00:00,2022-09-01T14:45:00-00:00,2022-09-01,08,KERMAN_6_N001,KERMAN_6_N001,KERMAN_6_N001,RTPD,LMP,LMP_PRC,KERMAN_6_N001,ALL,1,108.38222,3,26
2022-09-01T15:30:00-00:00,2022-09-01T15:45:00-00:00,2022-09-01,09,KERMAN_6_N001,KERMAN_6_N001,KERMAN_6_N001,RTPD,LMP,LMP_PRC,KERMAN_6_N001,ALL,1,86.1388,3,26
2022-09-01T16:30:00-00:00,2022-09-01T16:45:00-00:00,2022-09-01,10,KERMAN_6_N001,KERMAN_6_N001,KERMAN_6_N001,RTPD,LMP,LMP_PRC,KERMAN_6_N001,ALL,1,73.40932,3,26
2022-09-01T17:30:00-00:00,2022-09-01T17:45:00-00:00,2022-09-01,11,KERMAN_6_N001,KERMAN_6_N001,KERMAN_6_N001,RTPD,LMP,LMP_PRC,KERMAN_6_N001,ALL,1,76.26049,3,26
2022-09-01T18:30:00-00:00,2022-09-01T18:45:00-00:00,2022-09-01,12,KERMAN_6_N001,KERMAN_6_N001,KERMAN_6_N001,RTPD,LMP,LMP_PRC,KERMAN_6_N001,ALL,1,76.26505,3,26
2022-09-01T19:30:00-00:00,2022-09-01T19:45:00-00:00,2022-09-01,13,KERMAN_6_N001,KERMAN_6_N001,KERMAN_6_N001,RTPD,LMP,LMP_PRC,KERMAN_6_N001,ALL,1,99.88835,3,26
2022-09-01T20:30:00-00:00,2022-09-01T20:45:00-00:00,2022-09-01,14,KERMAN_6_N001,KERMAN_6_N001,KERMAN_6_N001,RTPD,LMP,LMP_PRC,KERMAN_6_N001,ALL,1,115.59202,3,26
2022-09-01T21:30:00-00:00,2022-09-01T21:45:00-00:00,2022-09-01,15,KERMAN_6_N001,KERMAN_6_N001,KERMAN_6_N001,RTPD,LMP,LMP_PRC,KERMAN_6_N001,ALL,1,125.43076,3,26
2022-09-01T22:30:00-00:00,2022-09-01T22:45:00-00:00,2022-09-01,16,KERMAN_6_N001,KERMAN_6_N001,KERMAN_6_N001,RTPD,LMP,LMP_PRC,KERMAN_6_N001,ALL,1,142.1397,3,26
2022-09-01T23:30:00-00:00,2022-09-01T23:45:00-00:00,2022-09-01,17,KERMAN_6_N001,KERMAN_6_N001,KERMAN_6_N001,RTPD,LMP,LMP_PRC,KERMAN_6_N001,ALL,1,591.4364,3,26
2022-09-02T00:30:00-00:00,2022-09-02T00:45:00-00:00,2022-09-01,18,KERMAN_6_N001,KERMAN_6_N001,KERMAN_6_N001,RTPD,LMP,LMP_PRC,KERMAN_6_N001,ALL,1,1730.4503,3,26
2022-09-02T01:30:00-00:00,2022-09-02T01:45:00-00:00,2022-09-01,19,KERMAN_6_N001,KERMAN_6_N001,KERMAN_6_N001,RTPD,LMP,LMP_PRC,KERMAN_6_N001,ALL,1,1999.9956,3,26
2022-09-02T02:30:00-00:00,2022-09-02T02:45:00-00:00,2022-09-01,20,KERMAN_6_N001,KERMAN_6_N001,KERMAN_6_N001,RTPD,LMP,LMP_PRC,KERMAN_6_N001,ALL,1,1991.671,3,26
2022-09-02T03:30:00-00:00,2022-09-02T03:45:00-00:00,2022-09-01,21,KERMAN_6_N001,KERMAN_6_N001,KERMAN_6_N001,RTPD,LMP,LMP_PRC,KERMAN_6_N001,ALL,1,242.094,3,26
2022-09-02T04:30:00-00:00,2022-09-02T04:45:00-00:00,2022-09-01,22,KERMAN_6_N001,KERMAN_6_N001,KERMAN_6_N001,RTPD,LMP,LMP_PRC,KERMAN_6_N001,ALL,1,717.60944,3,26
2022-09-02T05:30:00-00:00,2022-09-02T05:45:00-00:00,2022-09-01,23,KERMAN_6_N001,KERMAN_6_N001,KERMAN_6_N001,RTPD,LMP,LMP_PRC,KERMAN_6_N001,ALL,1,149.1098,3,26
2022-09-02T06:30:00-00:00,2022-09-02T06:45:00-00:00,2022-09-01,24,KERMAN_6_N001,KERMAN_6_N001,KERMAN_6_N001,RTPD,LMP,LMP_PRC,KERMAN_6_N001,ALL,1,151.92583,3,26
2022-09-01T07:45:00-00:00,2022-09-01T08:00:00-00:00,2022-09-01,01,KERMAN_6_N001,KERMAN_6_N001,KERMAN_6_N001,RTPD,LMP,LMP_PRC,KERMAN_6_N001,ALL,1,88.30461,4,26
2022-09-01T08:45:00-00:00,2022-09-01T09:00:00-00:00,2022-09-01,02,KERMAN_6_N001,KERMAN_6_N001,KERMAN_6_N001,RTPD,LMP,LMP_PRC,KERMAN_6_N001,ALL,1,102.14542,4,26
2022-09-01T09:45:00-00:00,2022-09-01T10:00:00-00:00,2022-09-01,03,KERMAN_6_N001,KERMAN_6_N001,KERMAN_6_N001,RTPD,LMP,LMP_PRC,KERMAN_6_N001,ALL,1,100.87045,4,26
2022-09-01T10:45:00-00:00,2022-09-01T11:00:00-00:00,2022-09-01,04,KERMAN_6_N001,KERMAN_6_N001,KERMAN_6_N001,RTPD,LMP,LMP_PRC,KERMAN_6_N001,ALL,1,102.18861,4,26
2022-09-01T11:45:00-00:00,2022-09-01T12:00:00-00:00,2022-09-01,05,KERMAN_6_N001,KERMAN_6_N001,KERMAN_6_N001,RTPD,LMP,LMP_PRC,KERMAN_6_N001,ALL,1,107.01,4,26
2022-09-01T12:45:00-00:00,2022-09-01T13:00:00-00:00,2022-09-01,06,KERMAN_6_N001,KERMAN_6_N001,KERMAN_6_N001,RTPD,LMP,LMP_PRC,KERMAN_6_N001,ALL,1,113.82111,4,26
2022-09-01T13:45:00-00:00,2022-09-01T14:00:00-00:00,2022-09-01,07,KERMAN_6_N001,KERMAN_6_N001,KERMAN_6_N001,RTPD,LMP,LMP_PRC,KERMAN_6_N001,ALL,1,111.41,4,26
2022-09-01T14:45:00-00:00,2022-09-01T15:00:00-00:00,2022-09-01,08,KERMAN_6_N001,KERMAN_6_N001,KERMAN_6_N001,RTPD,LMP,LMP_PRC,KERMAN_6_N001,ALL,1,86.1388,4,26
2022-09-01T15:45:00-00:00,2022-09-01T16:00:00-00:00,2022-09-01,09,KERMAN_6_N001,KERMAN_6_N001,KERMAN_6_N001,RTPD,LMP,LMP_PRC,KERMAN_6_N001,ALL,1,78.70076,4,26
2022-09-01T16:45:00-00:00,2022-09-01T17:00:00-00:00,2022-09-01,10,KERMAN_6_N001,KERMAN_6_N001,KERMAN_6_N001,RTPD,LMP,LMP_PRC,KERMAN_6_N001,ALL,1,77.39198,4,26
2022-09-01T17:45:00-00:00,2022-09-01T18:00:00-00:00,2022-09-01,11,KERMAN_6_N001,KERMAN_6_N001,KERMAN_6_N001,RTPD,LMP,LMP_PRC,KERMAN_6_N001,ALL,1,76.68788,4,26
2022-09-01T18:45:00-00:00,2022-09-01T19:00:00-00:00,2022-09-01,12,KERMAN_6_N001,KERMAN_6_N001,KERMAN_6_N001,RTPD,LMP,LMP_PRC,KERMAN_6_N001,ALL,1,78.36638,4,26
2022-09-01T19:45:00-00:00,2022-09-01T20:00:00-00:00,2022-09-01,13,KERMAN_6_N001,KERMAN_6_N001,KERMAN_6_N001,RTPD,LMP,LMP_PRC,KERMAN_6_N001,ALL,1,104.924,4,26
2022-09-01T20:45:00-00:00,2022-09-01T21:00:00-00:00,2022-09-01,14,KERMAN_6_N001,KERMAN_6_N001,KERMAN_6_N001,RTPD,LMP,LMP_PRC,KERMAN_6_N001,ALL,1,122.36586,4,26
2022-09-01T21:45:00-00:00,2022-09-01T22:00:00-00:00,2022-09-01,15,KERMAN_6_N001,KERMAN_6_N001,KERMAN_6_N001,RTPD,LMP,LMP_PRC,KERMAN_6_N001,ALL,1,200.38533,4,26
2022-09-01T22:45:00-00:00,2022-09-01T23:00:00-00:00,2022-09-01,16,KERMAN_6_N001,KERMAN_6_N001,KERMAN_6_N001,RTPD,LMP,LMP_PRC,KERMAN_6_N001,ALL,1,143.44678,4,26
2022-09-01T23:45:00-00:00,2022-09-02T00:00:00-00:00,2022-09-01,17,KERMAN_6_N001,KERMAN_6_N001,KERMAN_6_N001,RTPD,LMP,LMP_PRC,KERMAN_6_N001,ALL,1,1610.7982,4,26
2022-09-02T00:45:00-00:00,2022-09-02T01:00:00-00:00,2022-09-01,18,KERMAN_6_N001,KERMAN_6_N001,KERMAN_6_N001,RTPD,LMP,LMP_PRC,KERMAN_6_N001,ALL,1,1770.5658,4,26
2022-09-02T01:45:00-00:00,2022-09-02T02:00:00-00:00,2022-09-01,19,KERMAN_6_N001,KERMAN_6_N001,KERMAN_6_N001,RTPD,LMP,LMP_PRC,KERMAN_6_N001,ALL,1,1991.9337,4,26
2022-09-02T02:45:00-00:00,2022-09-02T03:00:00-00:00,2022-09-01,20,KERMAN_6_N001,KERMAN_6_N001,KERMAN_6_N001,RTPD,LMP,LMP_PRC,KERMAN_6_N001,ALL,1,1974.8705,4,26
2022-09-02T03:45:00-00:00,2022-09-02T04:00:00-00:00,2022-09-01,21,KERMAN_6_N001,KERMAN_6_N001,KERMAN_6_N001,RTPD,LMP,LMP_PRC,KERMAN_6_N001,ALL,1,175.3515,4,26
2022-09-02T04:45:00-00:00,2022-09-02T05:00:00-00:00,2022-09-01,22,KERMAN_6_N001,KERMAN_6_N001,KERMAN_6_N001,RTPD,LMP,LMP_PRC,KERMAN_6_N001,ALL,1,151.0412,4,26
2022-09-02T05:45:00-00:00,2022-09-02T06:00:00-00:00,2022-09-01,23,KERMAN_6_N001,KERMAN_6_N001,KERMAN_6_N001,RTPD,LMP,LMP_PRC,KERMAN_6_N001,ALL,1,293.59448,4,26
2022-09-02T06:45:00-00:00,2022-09-02T07:00:00-00:00,2022-09-01,24,KERMAN_6_N001,KERMAN_6_N001,KERMAN_6_N001,RTPD,LMP,LMP_PRC,KERMAN_6_N001,ALL,1,125.98513,4,26
2022-09-01T07:00:00-00:00,2022-09-01T07:15:00-00:00,2022-09-01,01,KERMAN_6_N001,KERMAN_6_N001,KERMAN_6_N001,RTPD,MCC,LMP_CONG_PRC,KERMAN_6_N001,ALL,1,-23.82271,1,27
2022-09-01T08:00:00-00:00,2022-09-01T08:15:00-00:00,2022-09-01,02,KERMAN_6_N001,KERMAN_6_N001,KERMAN_6_N001,RTPD,MCC,LMP_CONG_PRC,KERMAN_6_N001,ALL,1,-3.77765,1,27
2022-09-01T09:00:00-00:00,2022-09-01T09:15:00-00:00,2022-09-01,03,KERMAN_6_N001,KERMAN_6_N001,KERMAN_6_N001,RTPD,MCC,LMP_CONG_PRC,KERMAN_6_N001,ALL,1,-5.06164,1,27
2022-09-01T10:00:00-00:00,2022-09-01T10:15:00-00:00,2022-09-01,04,KERMAN_6_N001,KERMAN_6_N001,KERMAN_6_N001,RTPD,MCC,LMP_CONG_PRC,KERMAN_6_N001,ALL,1,-4.39072,1,27
2022-09-01T11:00:00-00:00,2022-09-01T11:15:00-00:00,2022-09-01,05,KERMAN_6_N001,KERMAN_6_N001,KERMAN_6_N001,RTPD,MCC,LMP_CONG_PRC,KERMAN_6_N001,ALL,1,0,1,27
2022-09-01T12:00:00-00:00,2022-09-01T12:15:00-00:00,2022-09-01,06,KERMAN_6_N001,KERMAN_6_N001,KERMAN_6_N001,RTPD,MCC,LMP_CONG_PRC,KERMAN_6_N001,ALL,1,-11.2946,1,27
2022-09-01T13:00:00-00:00,2022-09-01T13:15:00-00:00,2022-09-01,07,KERMAN_6_N001,KERMAN_6_N001,KERMAN_6_N001,RTPD,MCC,LMP_CONG_PRC,KERMAN_6_N001,ALL,1,-14.97033,1,27
2022-09-01T14:00:00-00:00,2022-09-01T14:15:00-00:00,2022-09-01,08,KERMAN_6_N001,KERMAN_6_N001,KERMAN_6_N001,RTPD,MCC,LMP_CONG_PRC,KERMAN_6_N001,ALL,1,0,1,27
2022-09-01T15:00:00-00:00,2022-09-01T15:15:00-00:00,2022-09-01,09,KERMAN_6_N001,KERMAN_6_N001,KERMAN_6_N001,RTPD,MCC,LMP_CONG_PRC,KERMAN_6_N001,ALL,1,0,1,27
2022-09-01T16:00:00-00:00,2022-09-01T16:15:00-00:00,2022-09-01,10,KERMAN_6_N001,KERMAN_6_N001,KERMAN_6_N001,RTPD,MCC,LMP_CONG_PRC,KERMAN_6_N001,ALL,1,0,1,27
2022-09-01T17:00:00-00:00,2022-09-01T17:15:00-00:00,2022-09-01,11,KERMAN_6_N001,KERMAN_6_N001,KERMAN_6_N001,RTPD,MCC,LMP_CONG_PRC,KERMAN_6_N001,ALL,1,-18.63972,1,27
2022-09-01T18:00:00-00:00,2022-09-01T18:15:00-00:00,2022-09-01,12,KERMAN_6_N001,KERMAN_6_N001,KERMAN_6_N001,RTPD,MCC,LMP_CONG_PRC,KERMAN_6_N001,ALL,1,-36.10884,1,27
2022-09-01T19:00:00-00:00,2022-09-01T19:15:00-00:00,2022-09-01,13,KERMAN_6_N001,KERMAN_6_N001,KERMAN_6_N001,RTPD,MCC,LMP_CONG_PRC,KERMAN_6_N001,ALL,1,-40.00612,1,27
2022-09-01T20:00:00-00:00,2022-09-01T20:15:00-00:00,2022-09-01,14,KERMAN_6_N001,KERMAN_6_N001,KERMAN_6_N001,RTPD,MCC,LMP_CONG_PRC,KERMAN_6_N001,ALL,1,-3.93333,1,27
2022-09-01T21:00:00-00:00,2022-09-01T21:15:00-00:00,2022-09-01,15,KERMAN_6_N001,KERMAN_6_N001,KERMAN_6_N001,RTPD,MCC,LMP_CONG_PRC,KERMAN_6_N001,ALL,1,-110.76587,1,27
2022-09-01T22:00:00-00:00,2022-09-01T22:15:00-00:00,2022-09-01,16,KERMAN_6_N001,KERMAN_6_N001,KERMAN_6_N001,RTPD,MCC,LMP_CONG_PRC,KERMAN_6_N001,ALL,1,-119.99866,1,27
2022-09-01T23:00:00-00:00,2022-09-01T23:15:00-00:00,2022-09-01,17,KERMAN_6_N001,KERMAN_6_N001,KERMAN_6_N001,RTPD,MCC,LMP_CONG_PRC,KERMAN_6_N001,ALL,1,-193.8424,1,27
2022-09-02T00:00:00-00:00,2022-09-02T00:15:00-00:00,2022-09-01,18,KERMAN_6_N001,KERMAN_6_N001,KERMAN_6_N001,RTPD,MCC,LMP_CONG_PRC,KERMAN_6_N001,ALL,1,290.89676,1,27
2022-09-02T01:00:00-00:00,2022-09-02T01:15:00-00:00,2022-09-01,19,KERMAN_6_N001,KERMAN_6_N001,KERMAN_6_N001,RTPD,MCC,LMP_CONG_PRC,KERMAN_6_N001,ALL,1,335.55057,1,27
2022-09-02T02:00:00-00:00,2022-09-02T02:15:00-00:00,2022-09-01,20,KERMAN_6_N001,KERMAN_6_N001,KERMAN_6_N001,RTPD,MCC,LMP_CONG_PRC,KERMAN_6_N001,ALL,1,0,1,27
2022-09-02T03:00:00-00:00,2022-09-02T03:15:00-00:00,2022-09-01,21,KERMAN_6_N001,KERMAN_6_N001,KERMAN_6_N001,RTPD,MCC,LMP_CONG_PRC,KERMAN_6_N001,ALL,1,420.9032,1,27
2022-09-02T04:00:00-00:00,2022-09-02T04:15:00-00:00,2022-09-01,22,KERMAN_6_N001,KERMAN_6_N001,KERMAN_6_N001,RTPD,MCC,LMP_CONG_PRC,KERMAN_6_N001,ALL,1,1039.4796,1,27
2022-09-02T05:00:00-00:00,2022-09-02T05:15:00-00:00,2022-09-01,23,KERMAN_6_N001,KERMAN_6_N001,KERMAN_6_N001,RTPD,MCC,LMP_CONG_PRC,KERMAN_6_N001,ALL,1,0,1,27
2022-09-02T06:00:00-00:00,2022-09-02T06:15:00-00:00,2022-09-01,24,KERMAN_6_N001,KERMAN_6_N001,KERMAN_6_N001,RTPD,MCC,LMP_CONG_PRC,KERMAN_6_N001,ALL,1,137.72482,1,27
2022-09-01T07:15:00-00:00,2022-09-01T07:30:00-00:00,2022-09-01,01,KERMAN_6_N001,KERMAN_6_N001,KERMAN_6_N001,RTPD,MCC,LMP_CONG_PRC,KERMAN_6_N001,ALL,1,-11.31742,2,27
2022-09-01T08:15:00-00:00,2022-09-01T08:30:00-00:00,2022-09-01,02,KERMAN_6_N001,KERMAN_6_N001,KERMAN_6_N001,RTPD,MCC,LMP_CONG_PRC,KERMAN_6_N001,ALL,1,-1.03113,2,27
2022-09-01T09:15:00-00:00,2022-09-01T09:30:00-00:00,2022-09-01,03,KERMAN_6_N001,KERMAN_6_N001,KERMAN_6_N001,RTPD,MCC,LMP_CONG_PRC,KERMAN_6_N001,ALL,1,-6.65551,2,27
2022-09-01T10:15:00-00:00,2022-09-01T10:30:00-00:00,2022-09-01,04,KERMAN_6_N001,KERMAN_6_N001,KERMAN_6_N001,RTPD,MCC,LMP_CONG_PRC,KERMAN_6_N001,ALL,1,-6.21282,2,27
2022-09-01T11:15:00-00:00,2022-09-01T11:30:00-00:00,2022-09-01,05,KERMAN_6_N001,KERMAN_6_N001,KERMAN_6_N001,RTPD,MCC,LMP_CONG_PRC,KERMAN_6_N001,ALL,1,0,2,27
2022-09-01T12:15:00-00:00,2022-09-01T12:30:00-00:00,2022-09-01,06,KERMAN_6_N001,KERMAN_6_N001,KERMAN_6_N001,RTPD,MCC,LMP_CONG_PRC,KERMAN_6_N001,ALL,1,-6.90446,2,27
2022-09-01T13:15:00-00:00,2022-09-01T13:30:00-00:00,2022-09-01,07,KERMAN_6_N001,KERMAN_6_N001,KERMAN_6_N001,RTPD,MCC,LMP_CONG_PRC,KERMAN_6_N001,ALL,1,-0.64111,2,27
2022-09-01T14:15:00-00:00,2022-09-01T14:30:00-00:00,2022-09-01,08,KERMAN_6_N001,KERMAN_6_N001,KERMAN_6_N001,RTPD,MCC,LMP_CONG_PRC,KERMAN_6_N001,ALL,1,0,2,27
2022-09-01T15:15:00-00:00,2022-09-01T15:30:00-00:00,2022-09-01,09,KERMAN_6_N001,KERMAN_6_N001,KERMAN_6_N001,RTPD,MCC,LMP_CONG_PRC,KERMAN_6_N001,ALL,1,0,2,27
2022-09-01T16:15:00-00:00,2022-09-01T16:30:00-00:00,2022-09-01,10,KERMAN_6_N001,KERMAN_6_N001,KERMAN_6_N001,RTPD,MCC,LMP_CONG_PRC,KERMAN_6_N001,ALL,1,-1.83878,2,27
2022-09-01T17:15:00-00:00,2022-09-01T17:30:00-00:00,2022-09-01,11,KERMAN_6_N001,KERMAN_6_N001,KERMAN_6_N001,RTPD,MCC,LMP_CONG_PRC,KERMAN_6_N001,ALL,1,-22.79912,2,27
2022-09-01T18:15:00-00:00,2022-09-01T18:30:00-00:00,2022-09-01,12,KERMAN_6_N001,KERMAN_6_N001,KERMAN_6_N001,RTPD,MCC,LMP_CONG_PRC,KERMAN_6_N001,ALL,1,-29.54425,2,27
2022-09-01T19:15:00-00:00,2022-09-01T19:30:00-00:00,2022-09-01,13,KERMAN_6_N001,KERMAN_6_N001,KERMAN_6_N001,RTPD,MCC,LMP_CONG_PRC,KERMAN_6_N001,ALL,1,-32.94396,2,27
2022-09-01T20:15:00-00:00,2022-09-01T20:30:00-00:00,2022-09-01,14,KERMAN_6_N001,KERMAN_6_N001,KERMAN_6_N001,RTPD,MCC,LMP_CONG_PRC,KERMAN_6_N001,ALL,1,-3.52533,2,27
2022-09-01T21:15:00-00:00,2022-09-01T21:30:00-00:00,2022-09-01,15,KERMAN_6_N001,KERMAN_6_N001,KERMAN_6_N001,RTPD,MCC,LMP_CONG_PRC,KERMAN_6_N001,ALL,1,-29.93511,2,27
2022-09-01T22:15:00-00:00,2022-09-01T22:30:00-00:00,2022-09-01,16,KERMAN_6_N001,KERMAN_6_N001,KERMAN_6_N001,RTPD,MCC,LMP_CONG_PRC,KERMAN_6_N001,ALL,1,-131.64032,2,27
2022-09-01T23:15:00-00:00,2022-09-01T23:30:00-00:00,2022-09-01,17,KERMAN_6_N001,KERMAN_6_N001,KERMAN_6_N001,RTPD,MCC,LMP_CONG_PRC,KERMAN_6_N001,ALL,1,-111.54277,2,27
2022-09-02T00:15:00-00:00,2022-09-02T00:30:00-00:00,2022-09-01,18,KERMAN_6_N001,KERMAN_6_N001,KERMAN_6_N001,RTPD,MCC,LMP_CONG_PRC,KERMAN_6_N001,ALL,1,333.18906,2,27
2022-09-02T01:15:00-00:00,2022-09-02T01:30:00-00:00,2022-09-01,19,KERMAN_6_N001,KERMAN_6_N001,KERMAN_6_N001,RTPD,MCC,LMP_CONG_PRC,KERMAN_6_N001,ALL,1,0,2,27
2022-09-02T02:15:00-00:00,2022-09-02T02:30:00-00:00,2022-09-01,20,KERMAN_6_N001,KERMAN_6_N001,KERMAN_6_N001,RTPD,MCC,LMP_CONG_PRC,KERMAN_6_N001,ALL,1,0,2,27
2022-09-02T03:15:00-00:00,2022-09-02T03:30:00-00:00,2022-09-01,21,KERMAN_6_N001,KERMAN_6_N001,KERMAN_6_N001,RTPD,MCC,LMP_CONG_PRC,KERMAN_6_N001,ALL,1,151.89894,2,27
2022-09-02T04:15:00-00:00,2022-09-02T04:30:00-00:00,2022-09-01,22,KERMAN_6_N001,KERMAN_6_N001,KERMAN_6_N001,RTPD,MCC,LMP_CONG_PRC,KERMAN_6_N001,ALL,1,950.0089,2,27
2022-09-02T05:15:00-00:00,2022-09-02T05:30:00-00:00,2022-09-01,23,KERMAN_6_N001,KERMAN_6_N001,KERMAN_6_N001,RTPD,MCC,LMP_CONG_PRC,KERMAN_6_N001,ALL,1,0,2,27
2022-09-02T06:15:00-00:00,2022-09-02T06:30:00-00:00,2022-09-01,24,KERMAN_6_N001,KERMAN_6_N001,KERMAN_6_N001,RTPD,MCC,LMP_CONG_PRC,KERMAN_6_N001,ALL,1,4.25442,2,27
2022-09-01T07:30:00-00:00,2022-09-01T07:45:00-00:00,2022-09-01,01,KERMAN_6_N001,KERMAN_6_N001,KERMAN_6_N001,RTPD,MCC,LMP_CONG_PRC,KERMAN_6_N001,ALL,1,-18.26255,3,27
2022-09-01T08:30:00-00:00,2022-09-01T08:45:00-00:00,2022-09-01,02,KERMAN_6_N001,KERMAN_6_N001,KERMAN_6_N001,RTPD,MCC,LMP_CONG_PRC,KERMAN_6_N001,ALL,1,-0.00098,3,27
2022-09-01T09:30:00-00:00,2022-09-01T09:45:00-00:00,2022-09-01,03,KERMAN_6_N001,KERMAN_6_N001,KERMAN_6_N001,RTPD,MCC,LMP_CONG_PRC,KERMAN_6_N001,ALL,1,-6.58255,3,27
2022-09-01T10:30:00-00:00,2022-09-01T10:45:00-00:00,2022-09-01,04,KERMAN_6_N001,KERMAN_6_N001,KERMAN_6_N001,RTPD,MCC,LMP_CONG_PRC,KERMAN_6_N001,ALL,1,-3.50582,3,27
2022-09-01T11:30:00-00:00,2022-09-01T11:45:00-00:00,2022-09-01,05,KERMAN_6_N001,KERMAN_6_N001,KERMAN_6_N001,RTPD,MCC,LMP_CONG_PRC,KERMAN_6_N001,ALL,1,0,3,27
2022-09-01T12:30:00-00:00,2022-09-01T12:45:00-00:00,2022-09-01,06,KERMAN_6_N001,KERMAN_6_N001,KERMAN_6_N001,RTPD,MCC,LMP_CONG_PRC,KERMAN_6_N001,ALL,1,-11.95484,3,27
2022-09-01T13:30:00-00:00,2022-09-01T13:45:00-00:00,2022-09-01,07,KERMAN_6_N001,KERMAN_6_N001,KERMAN_6_N001,RTPD,MCC,LMP_CONG_PRC,KERMAN_6_N001,ALL,1,0,3,27
2022-09-01T14:30:00-00:00,2022-09-01T14:45:00-00:00,2022-09-01,08,KERMAN_6_N001,KERMAN_6_N001,KERMAN_6_N001,RTPD,MCC,LMP_CONG_PRC,KERMAN_6_N001,ALL,1,0,3,27
2022-09-01T15:30:00-00:00,2022-09-01T15:45:00-00:00,2022-09-01,09,KERMAN_6_N001,KERMAN_6_N001,KERMAN_6_N001,RTPD,MCC,LMP_CONG_PRC,KERMAN_6_N001,ALL,1,0,3,27
2022-09-01T16:30:00-00:00,2022-09-01T16:45:00-00:00,2022-09-01,10,KERMAN_6_N001,KERMAN_6_N001,KERMAN_6_N001,RTPD,MCC,LMP_CONG_PRC,KERMAN_6_N001,ALL,1,-15.38712,3,27
2022-09-01T17:30:00-00:00,2022-09-01T17:45:00-00:00,2022-09-01,11,KERMAN_6_N001,KERMAN_6_N001,KERMAN_6_N001,RTPD,MCC,LMP_CONG_PRC,KERMAN_6_N001,ALL,1,-22.86964,3,27
2022-09-01T18:30:00-00:00,2022-09-01T18:45:00-00:00,2022-09-01,12,KERMAN_6_N001,KERMAN_6_N001,KERMAN_6_N001,RTPD,MCC,LMP_CONG_PRC,KERMAN_6_N001,ALL,1,-30.79212,3,27
2022-09-01T19:30:00-00:00,2022-09-01T19:45:00-00:00,2022-09-01,13,KERMAN_6_N001,KERMAN_6_N001,KERMAN_6_N001,RTPD,MCC,LMP_CONG_PRC,KERMAN_6_N001,ALL,1,-14.1707,3,27
2022-09-01T20:30:00-00:00,2022-09-01T20:45:00-00:00,2022-09-01,14,KERMAN_6_N001,KERMAN_6_N001,KERMAN_6_N001,RTPD,MCC,LMP_CONG_PRC,KERMAN_6_N001,ALL,1,-14.22403,3,27
2022-09-01T21:30:00-00:00,2022-09-01T21:45:00-00:00,2022-09-01,15,KERMAN_6_N001,KERMAN_6_N001,KERMAN_6_N001,RTPD,MCC,LMP_CONG_PRC,KERMAN_6_N001,ALL,1,-27.49981,3,27
2022-09-01T22:30:00-00:00,2022-09-01T22:45:00-00:00,2022-09-01,16,KERMAN_6_N001,KERMAN_6_N001,KERMAN_6_N001,RTPD,MCC,LMP_CONG_PRC,KERMAN_6_N001,ALL,1,-141.04211,3,27
2022-09-01T23:30:00-00:00,2022-09-01T23:45:00-00:00,2022-09-01,17,KERMAN_6_N001,KERMAN_6_N001,KERMAN_6_N001,RTPD,MCC,LMP_CONG_PRC,KERMAN_6_N001,ALL,1,24.95479,3,27
2022-09-02T00:30:00-00:00,2022-09-02T00:45:00-00:00,2022-09-01,18,KERMAN_6_N001,KERMAN_6_N001,KERMAN_6_N001,RTPD,MCC,LMP_CONG_PRC,KERMAN_6_N001,ALL,1,401.33768,3,27
2022-09-02T01:30:00-00:00,2022-09-02T01:45:00-00:00,2022-09-01,19,KERMAN_6_N001,KERMAN_6_N001,KERMAN_6_N001,RTPD,MCC,LMP_CONG_PRC,KERMAN_6_N001,ALL,1,0,3,27
2022-09-02T02:30:00-00:00,2022-09-02T02:45:00-00:00,2022-09-01,20,KERMAN_6_N001,KERMAN_6_N001,KERMAN_6_N001,RTPD,MCC,LMP_CONG_PRC,KERMAN_6_N001,ALL,1,0,3,27
2022-09-02T03:30:00-00:00,2022-09-02T03:45:00-00:00,2022-09-01,21,KERMAN_6_N001,KERMAN_6_N001,KERMAN_6_N001,RTPD,MCC,LMP_CONG_PRC,KERMAN_6_N001,ALL,1,28.28549,3,27
2022-09-02T04:30:00-00:00,2022-09-02T04:45:00-00:00,2022-09-01,22,KERMAN_6_N001,KERMAN_6_N001,KERMAN_6_N001,RTPD,MCC,LMP_CONG_PRC,KERMAN_6_N001,ALL,1,508.78152,3,27
2022-09-02T05:30:00-00:00,2022-09-02T05:45:00-00:00,2022-09-01,23,KERMAN_6_N001,KERMAN_6_N001,KERMAN_6_N001,RTPD,MCC,LMP_CONG_PRC,KERMAN_6_N001,ALL,1,0,3,27
2022-09-02T06:30:00-00:00,2022-09-02T06:45:00-00:00,2022-09-01,24,KERMAN_6_N001,KERMAN_6_N001,KERMAN_6_N001,RTPD,MCC,LMP_CONG_PRC,KERMAN_6_N001,ALL,1,9.35637,3,27
2022-09-01T07:45:00-00:00,2022-09-01T08:00:00-00:00,2022-09-01,01,KERMAN_6_N001,KERMAN_6_N001,KERMAN_6_N001,RTPD,MCC,LMP_CONG_PRC,KERMAN_6_N001,ALL,1,-20.81638,4,27
2022-09-01T08:45:00-00:00,2022-09-01T09:00:00-00:00,2022-09-01,02,KERMAN_6_N001,KERMAN_6_N001,KERMAN_6_N001,RTPD,MCC,LMP_CONG_PRC,KERMAN_6_N001,ALL,1,-5.08154,4,27
2022-09-01T09:45:00-00:00,2022-09-01T10:00:00-00:00,2022-09-01,03,KERMAN_6_N001,KERMAN_6_N001,KERMAN_6_N001,RTPD,MCC,LMP_CONG_PRC,KERMAN_6_N001,ALL,1,-5.8875,4,27
2022-09-01T10:45:00-00:00,2022-09-01T11:00:00-00:00,2022-09-01,04,KERMAN_6_N001,KERMAN_6_N001,KERMAN_6_N001,RTPD,MCC,LMP_CONG_PRC,KERMAN_6_N001,ALL,1,-1.37786,4,27
2022-09-01T11:45:00-00:00,2022-09-01T12:00:00-00:00,2022-09-01,05,KERMAN_6_N001,KERMAN_6_N001,KERMAN_6_N001,RTPD,MCC,LMP_CONG_PRC,KERMAN_6_N001,ALL,1,0,4,27
2022-09-01T12:45:00-00:00,2022-09-01T13:00:00-00:00,2022-09-01,06,KERMAN_6_N001,KERMAN_6_N001,KERMAN_6_N001,RTPD,MCC,LMP_CONG_PRC,KERMAN_6_N001,ALL,1,-2.66369,4,27
2022-09-01T13:45:00-00:00,2022-09-01T14:00:00-00:00,2022-09-01,07,KERMAN_6_N001,KERMAN_6_N001,KERMAN_6_N001,RTPD,MCC,LMP_CONG_PRC,KERMAN_6_N001,ALL,1,0,4,27
2022-09-01T14:45:00-00:00,2022-09-01T15:00:00-00:00,2022-09-01,08,KERMAN_6_N001,KERMAN_6_N001,KERMAN_6_N001,RTPD,MCC,LMP_CONG_PRC,KERMAN_6_N001,ALL,1,0,4,27
2022-09-01T15:45:00-00:00,2022-09-01T16:00:00-00:00,2022-09-01,09,KERMAN_6_N001,KERMAN_6_N001,KERMAN_6_N001,RTPD,MCC,LMP_CONG_PRC,KERMAN_6_N001,ALL,1,0,4,27
2022-09-01T16:45:00-00:00,2022-09-01T17:00:00-00:00,2022-09-01,10,KERMAN_6_N001,KERMAN_6_N001,KERMAN_6_N001,RTPD,MCC,LMP_CONG_PRC,KERMAN_6_N001,ALL,1,-13.85735,4,27
2022-09-01T17:45:00-00:00,2022-09-01T18:00:00-00:00,2022-09-01,11,KERMAN_6_N001,KERMAN_6_N001,KERMAN_6_N001,RTPD,MCC,LMP_CONG_PRC,KERMAN_6_N001,ALL,1,-22.51756,4,27
2022-09-01T18:45:00-00:00,2022-09-01T19:00:00-00:00,2022-09-01,12,KERMAN_6_N001,KERMAN_6_N001,KERMAN_6_N001,RTPD,MCC,LMP_CONG_PRC,KERMAN_6_N001,ALL,1,-30.67426,4,27
2022-09-01T19:45:00-00:00,2022-09-01T20:00:00-00:00,2022-09-01,13,KERMAN_6_N001,KERMAN_6_N001,KERMAN_6_N001,RTPD,MCC,LMP_CONG_PRC,KERMAN_6_N001,ALL,1,-15.30091,4,27
2022-09-01T20:45:00-00:00,2022-09-01T21:00:00-00:00,2022-09-01,14,KERMAN_6_N001,KERMAN_6_N001,KERMAN_6_N001,RTPD,MCC,LMP_CONG_PRC,KERMAN_6_N001,ALL,1,-31.65923,4,27
2022-09-01T21:45:00-00:00,2022-09-01T22:00:00-00:00,2022-09-01,15,KERMAN_6_N001,KERMAN_6_N001,KERMAN_6_N001,RTPD,MCC,LMP_CONG_PRC,KERMAN_6_N001,ALL,1,-99.90843,4,27
2022-09-01T22:45:00-00:00,2022-09-01T23:00:00-00:00,2022-09-01,16,KERMAN_6_N001,KERMAN_6_N001,KERMAN_6_N001,RTPD,MCC,LMP_CONG_PRC,KERMAN_6_N001,ALL,1,-286.46692,4,27
2022-09-01T23:45:00-00:00,2022-09-02T00:00:00-00:00,2022-09-01,17,KERMAN_6_N001,KERMAN_6_N001,KERMAN_6_N001,RTPD,MCC,LMP_CONG_PRC,KERMAN_6_N001,ALL,1,349.5858,4,27
2022-09-02T00:45:00-00:00,2022-09-02T01:00:00-00:00,2022-09-01,18,KERMAN_6_N001,KERMAN_6_N001,KERMAN_6_N001,RTPD,MCC,LMP_CONG_PRC,KERMAN_6_N001,ALL,1,251.41673,4,27
2022-09-02T01:45:00-00:00,2022-09-02T02:00:00-00:00,2022-09-01,19,KERMAN_6_N001,KERMAN_6_N001,KERMAN_6_N001,RTPD,MCC,LMP_CONG_PRC,KERMAN_6_N001,ALL,1,0,4,27
2022-09-02T02:45:00-00:00,2022-09-02T03:00:00-00:00,2022-09-01,20,KERMAN_6_N001,KERMAN_6_N001,KERMAN_6_N001,RTPD,MCC,LMP_CONG_PRC,KERMAN_6_N001,ALL,1,114.49472,4,27
2022-09-02T03:45:00-00:00,2022-09-02T04:00:00-00:00,2022-09-01,21,KERMAN_6_N001,KERMAN_6_N001,KERMAN_6_N001,RTPD,MCC,LMP_CONG_PRC,KERMAN_6_N001,ALL,1,16.47356,4,27
2022-09-02T04:45:00-00:00,2022-09-02T05:00:00-00:00,2022-09-01,22,KERMAN_6_N001,KERMAN_6_N001,KERMAN_6_N001,RTPD,MCC,LMP_CONG_PRC,KERMAN_6_N001,ALL,1,5.9728,4,27
2022-09-02T05:45:00-00:00,2022-09-02T06:00:00-00:00,2022-09-01,23,KERMAN_6_N001,KERMAN_6_N001,KERMAN_6_N001,RTPD,MCC,LMP_CONG_PRC,KERMAN_6_N001,ALL,1,161.24394,4,27
2022-09-02T06:45:00-00:00,2022-09-02T07:00:00-00:00,2022-09-01,24,KERMAN_6_N001,KERMAN_6_N001,KERMAN_6_N001,RTPD,MCC,LMP_CONG_PRC,KERMAN_6_N001,ALL,1,5.85065,4,27
2022-09-01T07:00:00-00:00,2022-09-01T07:15:00-00:00,2022-09-01,01,KERMAN_6_N001,KERMAN_6_N001,KERMAN_6_N001,RTPD,MCE,LMP_ENE_PRC,KERMAN_6_N001,ALL,1,104.23471,1,28
2022-09-01T08:00:00-00:00,2022-09-01T08:15:00-00:00,2022-09-01,02,KERMAN_6_N001,KERMAN_6_N001,KERMAN_6_N001,RTPD,MCE,LMP_ENE_PRC,KERMAN_6_N001,ALL,1,115.5488,1,28
2022-09-01T09:00:00-00:00,2022-09-01T09:15:00-00:00,2022-09-01,03,KERMAN_6_N001,KERMAN_6_N001,KERMAN_6_N001,RTPD,MCE,LMP_ENE_PRC,KERMAN_6_N001,ALL,1,99.73061,1,28
2022-09-01T10:00:00-00:00,2022-09-01T10:15:00-00:00,2022-09-01,04,KERMAN_6_N001,KERMAN_6_N001,KERMAN_6_N001,RTPD,MCE,LMP_ENE_PRC,KERMAN_6_N001,ALL,1,98.64222,1,28
2022-09-01T11:00:00-00:00,2022-09-01T11:15:00-00:00,2022-09-01,05,KERMAN_6_N001,KERMAN_6_N001,KERMAN_6_N001,RTPD,MCE,LMP_ENE_PRC,KERMAN_6_N001,ALL,1,102.56859,1,28
2022-09-01T12:00:00-00:00,2022-09-01T12:15:00-00:00,2022-09-01,06,KERMAN_6_N001,KERMAN_6_N001,KERMAN_6_N001,RTPD,MCE,LMP_ENE_PRC,KERMAN_6_N001,ALL,1,96.90845,1,28
2022-09-01T13:00:00-00:00,2022-09-01T13:15:00-00:00,2022-09-01,07,KERMAN_6_N001,KERMAN_6_N001,KERMAN_6_N001,RTPD,MCE,LMP_ENE_PRC,KERMAN_6_N001,ALL,1,101.80878,1,28
2022-09-01T14:00:00-00:00,2022-09-01T14:15:00-00:00,2022-09-01,08,KERMAN_6_N001,KERMAN_6_N001,KERMAN_6_N001,RTPD,MCE,LMP_ENE_PRC,KERMAN_6_N001,ALL,1,111.11219,1,28
2022-09-01T15:00:00-00:00,2022-09-01T15:15:00-00:00,2022-09-01,09,KERMAN_6_N001,KERMAN_6_N001,KERMAN_6_N001,RTPD,MCE,LMP_ENE_PRC,KERMAN_6_N001,ALL,1,97.4112,1,28
2022-09-01T16:00:00-00:00,2022-09-01T16:15:00-00:00,2022-09-01,10,KERMAN_6_N001,KERMAN_6_N001,KERMAN_6_N001,RTPD,MCE,LMP_ENE_PRC,KERMAN_6_N001,ALL,1,83.43525,1,28
2022-09-01T17:00:00-00:00,2022-09-01T17:15:00-00:00,2022-09-01,11,KERMAN_6_N001,KERMAN_6_N001,KERMAN_6_N001,RTPD,MCE,LMP_ENE_PRC,KERMAN_6_N001,ALL,1,96.94897,1,28
2022-09-01T18:00:00-00:00,2022-09-01T18:15:00-00:00,2022-09-01,12,KERMAN_6_N001,KERMAN_6_N001,KERMAN_6_N001,RTPD,MCE,LMP_ENE_PRC,KERMAN_6_N001,ALL,1,91.59291,1,28
2022-09-01T19:00:00-00:00,2022-09-01T19:15:00-00:00,2022-09-01,13,KERMAN_6_N001,KERMAN_6_N001,KERMAN_6_N001,RTPD,MCE,LMP_ENE_PRC,KERMAN_6_N001,ALL,1,109.19637,1,28
2022-09-01T20:00:00-00:00,2022-09-01T20:15:00-00:00,2022-09-01,14,KERMAN_6_N001,KERMAN_6_N001,KERMAN_6_N001,RTPD,MCE,LMP_ENE_PRC,KERMAN_6_N001,ALL,1,117.94359,1,28
2022-09-01T21:00:00-00:00,2022-09-01T21:15:00-00:00,2022-09-01,15,KERMAN_6_N001,KERMAN_6_N001,KERMAN_6_N001,RTPD,MCE,LMP_ENE_PRC,KERMAN_6_N001,ALL,1,226.61499,1,28
2022-09-01T22:00:00-00:00,2022-09-01T22:15:00-00:00,2022-09-01,16,KERMAN_6_N001,KERMAN_6_N001,KERMAN_6_N001,RTPD,MCE,LMP_ENE_PRC,KERMAN_6_N001,ALL,1,229.18552,1,28
2022-09-01T23:00:00-00:00,2022-09-01T23:15:00-00:00,2022-09-01,17,KERMAN_6_N001,KERMAN_6_N001,KERMAN_6_N001,RTPD,MCE,LMP_ENE_PRC,KERMAN_6_N001,ALL,1,386.7537,1,28
2022-09-02T00:00:00-00:00,2022-09-02T00:15:00-00:00,2022-09-01,18,KERMAN_6_N001,KERMAN_6_N001,KERMAN_6_N001,RTPD,MCE,LMP_ENE_PRC,KERMAN_6_N001,ALL,1,770.58136,1,28
2022-09-02T01:00:00-00:00,2022-09-02T01:15:00-00:00,2022-09-01,19,KERMAN_6_N001,KERMAN_6_N001,KERMAN_6_N001,RTPD,MCE,LMP_ENE_PRC,KERMAN_6_N001,ALL,1,916.27124,1,28
2022-09-02T02:00:00-00:00,2022-09-02T02:15:00-00:00,2022-09-01,20,KERMAN_6_N001,KERMAN_6_N001,KERMAN_6_N001,RTPD,MCE,LMP_ENE_PRC,KERMAN_6_N001,ALL,1,1991.6721,1,28
2022-09-02T03:00:00-00:00,2022-09-02T03:15:00-00:00,2022-09-01,21,KERMAN_6_N001,KERMAN_6_N001,KERMAN_6_N001,RTPD,MCE,LMP_ENE_PRC,KERMAN_6_N001,ALL,1,917.5508,1,28
2022-09-02T04:00:00-00:00,2022-09-02T04:15:00-00:00,2022-09-01,22,KERMAN_6_N001,KERMAN_6_N001,KERMAN_6_N001,RTPD,MCE,LMP_ENE_PRC,KERMAN_6_N001,ALL,1,257.83005,1,28
2022-09-02T05:00:00-00:00,2022-09-02T05:15:00-00:00,2022-09-01,23,KERMAN_6_N001,KERMAN_6_N001,KERMAN_6_N001,RTPD,MCE,LMP_ENE_PRC,KERMAN_6_N001,ALL,1,183.24657,1,28
2022-09-02T06:00:00-00:00,2022-09-02T06:15:00-00:00,2022-09-01,24,KERMAN_6_N001,KERMAN_6_N001,KERMAN_6_N001,RTPD,MCE,LMP_ENE_PRC,KERMAN_6_N001,ALL,1,158.867,1,28
2022-09-01T07:15:00-00:00,2022-09-01T07:30:00-00:00,2022-09-01,01,KERMAN_6_N001,KERMAN_6_N001,KERMAN_6_N001,RTPD,MCE,LMP_ENE_PRC,KERMAN_6_N001,ALL,1,125.55144,2,28
2022-09-01T08:15:00-00:00,2022-09-01T08:30:00-00:00,2022-09-01,02,KERMAN_6_N001,KERMAN_6_N001,KERMAN_6_N001,RTPD,MCE,LMP_ENE_PRC,KERMAN_6_N001,ALL,1,115.53165,2,28
2022-09-01T09:15:00-00:00,2022-09-01T09:30:00-00:00,2022-09-01,03,KERMAN_6_N001,KERMAN_6_N001,KERMAN_6_N001,RTPD,MCE,LMP_ENE_PRC,KERMAN_6_N001,ALL,1,98.30543,2,28
2022-09-01T10:15:00-00:00,2022-09-01T10:30:00-00:00,2022-09-01,04,KERMAN_6_N001,KERMAN_6_N001,KERMAN_6_N001,RTPD,MCE,LMP_ENE_PRC,KERMAN_6_N001,ALL,1,97.00684,2,28
2022-09-01T11:15:00-00:00,2022-09-01T11:30:00-00:00,2022-09-01,05,KERMAN_6_N001,KERMAN_6_N001,KERMAN_6_N001,RTPD,MCE,LMP_ENE_PRC,KERMAN_6_N001,ALL,1,103.09059,2,28
2022-09-01T12:15:00-00:00,2022-09-01T12:30:00-00:00,2022-09-01,06,KERMAN_6_N001,KERMAN_6_N001,KERMAN_6_N001,RTPD,MCE,LMP_ENE_PRC,KERMAN_6_N001,ALL,1,109.32203,2,28
2022-09-01T13:15:00-00:00,2022-09-01T13:30:00-00:00,2022-09-01,07,KERMAN_6_N001,KERMAN_6_N001,KERMAN_6_N001,RTPD,MCE,LMP_ENE_PRC,KERMAN_6_N001,ALL,1,110.97827,2,28
2022-09-01T14:15:00-00:00,2022-09-01T14:30:00-00:00,2022-09-01,08,KERMAN_6_N001,KERMAN_6_N001,KERMAN_6_N001,RTPD,MCE,LMP_ENE_PRC,KERMAN_6_N001,ALL,1,104.78743,2,28
2022-09-01T15:15:00-00:00,2022-09-01T15:30:00-00:00,2022-09-01,09,KERMAN_6_N001,KERMAN_6_N001,KERMAN_6_N001,RTPD,MCE,LMP_ENE_PRC,KERMAN_6_N001,ALL,1,86.9388,2,28
2022-09-01T16:15:00-00:00,2022-09-01T16:30:00-00:00,2022-09-01,10,KERMAN_6_N001,KERMAN_6_N001,KERMAN_6_N001,RTPD,MCE,LMP_ENE_PRC,KERMAN_6_N001,ALL,1,89.44858,2,28
2022-09-01T17:15:00-00:00,2022-09-01T17:30:00-00:00,2022-09-01,11,KERMAN_6_N001,KERMAN_6_N001,KERMAN_6_N001,RTPD,MCE,LMP_ENE_PRC,KERMAN_6_N001,ALL,1,99.34673,2,28
2022-09-01T18:15:00-00:00,2022-09-01T18:30:00-00:00,2022-09-01,12,KERMAN_6_N001,KERMAN_6_N001,KERMAN_6_N001,RTPD,MCE,LMP_ENE_PRC,KERMAN_6_N001,ALL,1,101.15901,2,28
2022-09-01T19:15:00-00:00,2022-09-01T19:30:00-00:00,2022-09-01,13,KERMAN_6_N001,KERMAN_6_N001,KERMAN_6_N001,RTPD,MCE,LMP_ENE_PRC,KERMAN_6_N001,ALL,1,105.30588,2,28
2022-09-01T20:15:00-00:00,2022-09-01T20:30:00-00:00,2022-09-01,14,KERMAN_6_N001,KERMAN_6_N001,KERMAN_6_N001,RTPD,MCE,LMP_ENE_PRC,KERMAN_6_N001,ALL,1,117.49421,2,28
2022-09-01T21:15:00-00:00,2022-09-01T21:30:00-00:00,2022-09-01,15,KERMAN_6_N001,KERMAN_6_N001,KERMAN_6_N001,RTPD,MCE,LMP_ENE_PRC,KERMAN_6_N001,ALL,1,147.21185,2,28
2022-09-01T22:15:00-00:00,2022-09-01T22:30:00-00:00,2022-09-01,16,KERMAN_6_N001,KERMAN_6_N001,KERMAN_6_N001,RTPD,MCE,LMP_ENE_PRC,KERMAN_6_N001,ALL,1,256.58734,2,28
2022-09-01T23:15:00-00:00,2022-09-01T23:30:00-00:00,2022-09-01,17,KERMAN_6_N001,KERMAN_6_N001,KERMAN_6_N001,RTPD,MCE,LMP_ENE_PRC,KERMAN_6_N001,ALL,1,362.12408,2,28
2022-09-02T00:15:00-00:00,2022-09-02T00:30:00-00:00,2022-09-01,18,KERMAN_6_N001,KERMAN_6_N001,KERMAN_6_N001,RTPD,MCE,LMP_ENE_PRC,KERMAN_6_N001,ALL,1,691.2182,2,28
2022-09-02T01:15:00-00:00,2022-09-02T01:30:00-00:00,2022-09-01,19,KERMAN_6_N001,KERMAN_6_N001,KERMAN_6_N001,RTPD,MCE,LMP_ENE_PRC,KERMAN_6_N001,ALL,1,1999.9933,2,28
2022-09-02T02:15:00-00:00,2022-09-02T02:30:00-00:00,2022-09-01,20,KERMAN_6_N001,KERMAN_6_N001,KERMAN_6_N001,RTPD,MCE,LMP_ENE_PRC,KERMAN_6_N001,ALL,1,1991.6721,2,28
2022-09-02T03:15:00-00:00,2022-09-02T03:30:00-00:00,2022-09-01,21,KERMAN_6_N001,KERMAN_6_N001,KERMAN_6_N001,RTPD,MCE,LMP_ENE_PRC,KERMAN_6_N001,ALL,1,400.52884,2,28
2022-09-02T04:15:00-00:00,2022-09-02T04:30:00-00:00,2022-09-01,22,KERMAN_6_N001,KERMAN_6_N001,KERMAN_6_N001,RTPD,MCE,LMP_ENE_PRC,KERMAN_6_N001,ALL,1,224.75041,2,28
2022-09-02T05:15:00-00:00,2022-09-02T05:30:00-00:00,2022-09-01,23,KERMAN_6_N001,KERMAN_6_N001,KERMAN_6_N001,RTPD,MCE,LMP_ENE_PRC,KERMAN_6_N001,ALL,1,157.11986,2,28
2022-09-02T06:15:00-00:00,2022-09-02T06:30:00-00:00,2022-09-01,24,KERMAN_6_N001,KERMAN_6_N001,KERMAN_6_N001,RTPD,MCE,LMP_ENE_PRC,KERMAN_6_N001,ALL,1,143.1005,2,28
2022-09-01T07:30:00-00:00,2022-09-01T07:45:00-00:00,2022-09-01,01,KERMAN_6_N001,KERMAN_6_N001,KERMAN_6_N001,RTPD,MCE,LMP_ENE_PRC,KERMAN_6_N001,ALL,1,119.03196,3,28
2022-09-01T08:30:00-00:00,2022-09-01T08:45:00-00:00,2022-09-01,02,KERMAN_6_N001,KERMAN_6_N001,KERMAN_6_N001,RTPD,MCE,LMP_ENE_PRC,KERMAN_6_N001,ALL,1,111.11241,3,28
2022-09-01T09:30:00-00:00,2022-09-01T09:45:00-00:00,2022-09-01,03,KERMAN_6_N001,KERMAN_6_N001,KERMAN_6_N001,RTPD,MCE,LMP_ENE_PRC,KERMAN_6_N001,ALL,1,98.16228,3,28
2022-09-01T10:30:00-00:00,2022-09-01T10:45:00-00:00,2022-09-01,04,KERMAN_6_N001,KERMAN_6_N001,KERMAN_6_N001,RTPD,MCE,LMP_ENE_PRC,KERMAN_6_N001,ALL,1,96.36226,3,28
2022-09-01T11:30:00-00:00,2022-09-01T11:45:00-00:00,2022-09-01,05,KERMAN_6_N001,KERMAN_6_N001,KERMAN_6_N001,RTPD,MCE,LMP_ENE_PRC,KERMAN_6_N001,ALL,1,103.06198,3,28
2022-09-01T12:30:00-00:00,2022-09-01T12:45:00-00:00,2022-09-01,06,KERMAN_6_N001,KERMAN_6_N001,KERMAN_6_N001,RTPD,MCE,LMP_ENE_PRC,KERMAN_6_N001,ALL,1,113.57403,3,28
2022-09-01T13:30:00-00:00,2022-09-01T13:45:00-00:00,2022-09-01,07,KERMAN_6_N001,KERMAN_6_N001,KERMAN_6_N001,RTPD,MCE,LMP_ENE_PRC,KERMAN_6_N001,ALL,1,111.52025,3,28
2022-09-01T14:30:00-00:00,2022-09-01T14:45:00-00:00,2022-09-01,08,KERMAN_6_N001,KERMAN_6_N001,KERMAN_6_N001,RTPD,MCE,LMP_ENE_PRC,KERMAN_6_N001,ALL,1,101.83428,3,28
2022-09-01T15:30:00-00:00,2022-09-01T15:45:00-00:00,2022-09-01,09,KERMAN_6_N001,KERMAN_6_N001,KERMAN_6_N001,RTPD,MCE,LMP_ENE_PRC,KERMAN_6_N001,ALL,1,86.1388,3,28
2022-09-01T16:30:00-00:00,2022-09-01T16:45:00-00:00,2022-09-01,10,KERMAN_6_N001,KERMAN_6_N001,KERMAN_6_N001,RTPD,MCE,LMP_ENE_PRC,KERMAN_6_N001,ALL,1,88.79644,3,28
2022-09-01T17:30:00-00:00,2022-09-01T17:45:00-00:00,2022-09-01,11,KERMAN_6_N001,KERMAN_6_N001,KERMAN_6_N001,RTPD,MCE,LMP_ENE_PRC,KERMAN_6_N001,ALL,1,99.13013,3,28
2022-09-01T18:30:00-00:00,2022-09-01T18:45:00-00:00,2022-09-01,12,KERMAN_6_N001,KERMAN_6_N001,KERMAN_6_N001,RTPD,MCE,LMP_ENE_PRC,KERMAN_6_N001,ALL,1,107.05718,3,28
2022-09-01T19:30:00-00:00,2022-09-01T19:45:00-00:00,2022-09-01,13,KERMAN_6_N001,KERMAN_6_N001,KERMAN_6_N001,RTPD,MCE,LMP_ENE_PRC,KERMAN_6_N001,ALL,1,114.05905,3,28
2022-09-01T20:30:00-00:00,2022-09-01T20:45:00-00:00,2022-09-01,14,KERMAN_6_N001,KERMAN_6_N001,KERMAN_6_N001,RTPD,MCE,LMP_ENE_PRC,KERMAN_6_N001,ALL,1,129.81606,3,28
2022-09-01T21:30:00-00:00,2022-09-01T21:45:00-00:00,2022-09-01,15,KERMAN_6_N001,KERMAN_6_N001,KERMAN_6_N001,RTPD,MCE,LMP_ENE_PRC,KERMAN_6_N001,ALL,1,152.93057,3,28
2022-09-01T22:30:00-00:00,2022-09-01T22:45:00-00:00,2022-09-01,16,KERMAN_6_N001,KERMAN_6_N001,KERMAN_6_N001,RTPD,MCE,LMP_ENE_PRC,KERMAN_6_N001,ALL,1,283.18182,3,28
2022-09-01T23:30:00-00:00,2022-09-01T23:45:00-00:00,2022-09-01,17,KERMAN_6_N001,KERMAN_6_N001,KERMAN_6_N001,RTPD,MCE,LMP_ENE_PRC,KERMAN_6_N001,ALL,1,566.48157,3,28
2022-09-02T00:30:00-00:00,2022-09-02T00:45:00-00:00,2022-09-01,18,KERMAN_6_N001,KERMAN_6_N001,KERMAN_6_N001,RTPD,MCE,LMP_ENE_PRC,KERMAN_6_N001,ALL,1,1329.1127,3,28
2022-09-02T01:30:00-00:00,2022-09-02T01:45:00-00:00,2022-09-01,19,KERMAN_6_N001,KERMAN_6_N001,KERMAN_6_N001,RTPD,MCE,LMP_ENE_PRC,KERMAN_6_N001,ALL,1,1999.9956,3,28
2022-09-02T02:30:00-00:00,2022-09-02T02:45:00-00:00,2022-09-01,20,KERMAN_6_N001,KERMAN_6_N001,KERMAN_6_N001,RTPD,MCE,LMP_ENE_PRC,KERMAN_6_N001,ALL,1,1991.671,3,28
2022-09-02T03:30:00-00:00,2022-09-02T03:45:00-00:00,2022-09-01,21,KERMAN_6_N001,KERMAN_6_N001,KERMAN_6_N001,RTPD,MCE,LMP_ENE_PRC,KERMAN_6_N001,ALL,1,186.61823,3,28
2022-09-02T04:30:00-00:00,2022-09-02T04:45:00-00:00,2022-09-01,22,KERMAN_6_N001,KERMAN_6_N001,KERMAN_6_N001,RTPD,MCE,LMP_ENE_PRC,KERMAN_6_N001,ALL,1,180.67824,3,28
2022-09-02T05:30:00-00:00,2022-09-02T05:45:00-00:00,2022-09-01,23,KERMAN_6_N001,KERMAN_6_N001,KERMAN_6_N001,RTPD,MCE,LMP_ENE_PRC,KERMAN_6_N001,ALL,1,131.69917,3,28
2022-09-02T06:30:00-00:00,2022-09-02T06:45:00-00:00,2022-09-01,24,KERMAN_6_N001,KERMAN_6_N001,KERMAN_6_N001,RTPD,MCE,LMP_ENE_PRC,KERMAN_6_N001,ALL,1,128.9871,3,28
2022-09-01T07:45:00-00:00,2022-09-01T08:00:00-00:00,2022-09-01,01,KERMAN_6_N001,KERMAN_6_N001,KERMAN_6_N001,RTPD,MCE,LMP_ENE_PRC,KERMAN_6_N001,ALL,1,109.12099,4,28
2022-09-01T08:45:00-00:00,2022-09-01T09:00:00-00:00,2022-09-01,02,KERMAN_6_N001,KERMAN_6_N001,KERMAN_6_N001,RTPD,MCE,LMP_ENE_PRC,KERMAN_6_N001,ALL,1,98.7357,4,28
2022-09-01T09:45:00-00:00,2022-09-01T10:00:00-00:00,2022-09-01,03,KERMAN_6_N001,KERMAN_6_N001,KERMAN_6_N001,RTPD,MCE,LMP_ENE_PRC,KERMAN_6_N001,ALL,1,97.50475,4,28
2022-09-01T10:45:00-00:00,2022-09-01T11:00:00-00:00,2022-09-01,04,KERMAN_6_N001,KERMAN_6_N001,KERMAN_6_N001,RTPD,MCE,LMP_ENE_PRC,KERMAN_6_N001,ALL,1,94.71966,4,28
2022-09-01T11:45:00-00:00,2022-09-01T12:00:00-00:00,2022-09-01,05,KERMAN_6_N001,KERMAN_6_N001,KERMAN_6_N001,RTPD,MCE,LMP_ENE_PRC,KERMAN_6_N001,ALL,1,107.01,4,28
2022-09-01T12:45:00-00:00,2022-09-01T13:00:00-00:00,2022-09-01,06,KERMAN_6_N001,KERMAN_6_N001,KERMAN_6_N001,RTPD,MCE,LMP_ENE_PRC,KERMAN_6_N001,ALL,1,116.4848,4,28
2022-09-01T13:45:00-00:00,2022-09-01T14:00:00-00:00,2022-09-01,07,KERMAN_6_N001,KERMAN_6_N001,KERMAN_6_N001,RTPD,MCE,LMP_ENE_PRC,KERMAN_6_N001,ALL,1,111.41,4,28
2022-09-01T14:45:00-00:00,2022-09-01T15:00:00-00:00,2022-09-01,08,KERMAN_6_N001,KERMAN_6_N001,KERMAN_6_N001,RTPD,MCE,LMP_ENE_PRC,KERMAN_6_N001,ALL,1,86.1388,4,28
2022-09-01T15:45:00-00:00,2022-09-01T16:00:00-00:00,2022-09-01,09,KERMAN_6_N001,KERMAN_6_N001,KERMAN_6_N001,RTPD,MCE,LMP_ENE_PRC,KERMAN_6_N001,ALL,1,78.70076,4,28
2022-09-01T16:45:00-00:00,2022-09-01T17:00:00-00:00,2022-09-01,10,KERMAN_6_N001,KERMAN_6_N001,KERMAN_6_N001,RTPD,MCE,LMP_ENE_PRC,KERMAN_6_N001,ALL,1,91.24933,4,28
2022-09-01T17:45:00-00:00,2022-09-01T18:00:00-00:00,2022-09-01,11,KERMAN_6_N001,KERMAN_6_N001,KERMAN_6_N001,RTPD,MCE,LMP_ENE_PRC,KERMAN_6_N001,ALL,1,99.20544,4,28
2022-09-01T18:45:00-00:00,2022-09-01T19:00:00-00:00,2022-09-01,12,KERMAN_6_N001,KERMAN_6_N001,KERMAN_6_N001,RTPD,MCE,LMP_ENE_PRC,KERMAN_6_N001,ALL,1,109.04064,4,28
2022-09-01T19:45:00-00:00,2022-09-01T20:00:00-00:00,2022-09-01,13,KERMAN_6_N001,KERMAN_6_N001,KERMAN_6_N001,RTPD,MCE,LMP_ENE_PRC,KERMAN_6_N001,ALL,1,120.22491,4,28
2022-09-01T20:45:00-00:00,2022-09-01T21:00:00-00:00,2022-09-01,14,KERMAN_6_N001,KERMAN_6_N001,KERMAN_6_N001,RTPD,MCE,LMP_ENE_PRC,KERMAN_6_N001,ALL,1,154.02509,4,28
2022-09-01T21:45:00-00:00,2022-09-01T22:00:00-00:00,2022-09-01,15,KERMAN_6_N001,KERMAN_6_N001,KERMAN_6_N001,RTPD,MCE,LMP_ENE_PRC,KERMAN_6_N001,ALL,1,300.29376,4,28
2022-09-01T22:45:00-00:00,2022-09-01T23:00:00-00:00,2022-09-01,16,KERMAN_6_N001,KERMAN_6_N001,KERMAN_6_N001,RTPD,MCE,LMP_ENE_PRC,KERMAN_6_N001,ALL,1,429.9137,4,28
2022-09-01T23:45:00-00:00,2022-09-02T00:00:00-00:00,2022-09-01,17,KERMAN_6_N001,KERMAN_6_N001,KERMAN_6_N001,RTPD,MCE,LMP_ENE_PRC,KERMAN_6_N001,ALL,1,1261.2124,4,28
2022-09-02T00:45:00-00:00,2022-09-02T01:00:00-00:00,2022-09-01,18,KERMAN_6_N001,KERMAN_6_N001,KERMAN_6_N001,RTPD,MCE,LMP_ENE_PRC,KERMAN_6_N001,ALL,1,1519.149,4,28
2022-09-02T01:45:00-00:00,2022-09-02T02:00:00-00:00,2022-09-01,19,KERMAN_6_N001,KERMAN_6_N001,KERMAN_6_N001,RTPD,MCE,LMP_ENE_PRC,KERMAN_6_N001,ALL,1,1991.9337,4,28
2022-09-02T02:45:00-00:00,2022-09-02T03:00:00-00:00,2022-09-01,20,KERMAN_6_N001,KERMAN_6_N001,KERMAN_6_N001,RTPD,MCE,LMP_ENE_PRC,KERMAN_6_N001,ALL,1,1629.6213,4,28
2022-09-02T03:45:00-00:00,2022-09-02T04:00:00-00:00,2022-09-01,21,KERMAN_6_N001,KERMAN_6_N001,KERMAN_6_N001,RTPD,MCE,LMP_ENE_PRC,KERMAN_6_N001,ALL,1,141.13702,4,28
2022-09-02T04:45:00-00:00,2022-09-02T05:00:00-00:00,2022-09-01,22,KERMAN_6_N001,KERMAN_6_N001,KERMAN_6_N001,RTPD,MCE,LMP_ENE_PRC,KERMAN_6_N001,ALL,1,126.76372,4,28
2022-09-02T05:45:00-00:00,2022-09-02T06:00:00-00:00,2022-09-01,23,KERMAN_6_N001,KERMAN_6_N001,KERMAN_6_N001,RTPD,MCE,LMP_ENE_PRC,KERMAN_6_N001,ALL,1,119.00958,4,28
2022-09-02T06:45:00-00:00,2022-09-02T07:00:00-00:00,2022-09-01,24,KERMAN_6_N001,KERMAN_6_N001,KERMAN_6_N001,RTPD,MCE,LMP_ENE_PRC,KERMAN_6_N001,ALL,1,109.20324,4,28
2022-09-01T07:00:00-00:00,2022-09-01T07:15:00-00:00,2022-09-01,01,KERMAN_6_N001,KERMAN_6_N001,KERMAN_6_N001,RTPD,MCL,LMP_LOSS_PRC,KERMAN_6_N001,ALL,1,2.5329,1,29
2022-09-01T08:00:00-00:00,2022-09-01T08:15:00-00:00,2022-09-01,02,KERMAN_6_N001,KERMAN_6_N001,KERMAN_6_N001,RTPD,MCL,LMP_LOSS_PRC,KERMAN_6_N001,ALL,1,0,1,29
2022-09-01T09:00:00-00:00,2022-09-01T09:15:00-00:00,2022-09-01,03,KERMAN_6_N001,KERMAN_6_N001,KERMAN_6_N001,RTPD,MCL,LMP_LOSS_PRC,KERMAN_6_N001,ALL,1,9.95311,1,29
2022-09-01T10:00:00-00:00,2022-09-01T10:15:00-00:00,2022-09-01,04,KERMAN_6_N001,KERMAN_6_N001,KERMAN_6_N001,RTPD,MCL,LMP_LOSS_PRC,KERMAN_6_N001,ALL,1,9.52884,1,29
2022-09-01T11:00:00-00:00,2022-09-01T11:15:00-00:00,2022-09-01,05,KERMAN_6_N001,KERMAN_6_N001,KERMAN_6_N001,RTPD,MCL,LMP_LOSS_PRC,KERMAN_6_N001,ALL,1,10.22609,1,29
2022-09-01T12:00:00-00:00,2022-09-01T12:15:00-00:00,2022-09-01,06,KERMAN_6_N001,KERMAN_6_N001,KERMAN_6_N001,RTPD,MCL,LMP_LOSS_PRC,KERMAN_6_N001,ALL,1,9.68115,1,29
2022-09-01T13:00:00-00:00,2022-09-01T13:15:00-00:00,2022-09-01,07,KERMAN_6_N001,KERMAN_6_N001,KERMAN_6_N001,RTPD,MCL,LMP_LOSS_PRC,KERMAN_6_N001,ALL,1,0,1,29
2022-09-01T14:00:00-00:00,2022-09-01T14:15:00-00:00,2022-09-01,08,KERMAN_6_N001,KERMAN_6_N001,KERMAN_6_N001,RTPD,MCL,LMP_LOSS_PRC,KERMAN_6_N001,ALL,1,8.82231,1,29
2022-09-01T15:00:00-00:00,2022-09-01T15:15:00-00:00,2022-09-01,09,KERMAN_6_N001,KERMAN_6_N001,KERMAN_6_N001,RTPD,MCL,LMP_LOSS_PRC,KERMAN_6_N001,ALL,1,0,1,29
2022-09-01T16:00:00-00:00,2022-09-01T16:15:00-00:00,2022-09-01,10,KERMAN_6_N001,KERMAN_6_N001,KERMAN_6_N001,RTPD,MCL,LMP_LOSS_PRC,KERMAN_6_N001,ALL,1,0,1,29
2022-09-01T17:00:00-00:00,2022-09-01T17:15:00-00:00,2022-09-01,11,KERMAN_6_N001,KERMAN_6_N001,KERMAN_6_N001,RTPD,MCL,LMP_LOSS_PRC,KERMAN_6_N001,ALL,1,0,1,29
2022-09-01T18:00:00-00:00,2022-09-01T18:15:00-00:00,2022-09-01,12,KERMAN_6_N001,KERMAN_6_N001,KERMAN_6_N001,RTPD,MCL,LMP_LOSS_PRC,KERMAN_6_N001,ALL,1,0,1,29
2022-09-01T19:00:00-00:00,2022-09-01T19:15:00-00:00,2022-09-01,13,KERMAN_6_N001,KERMAN_6_N001,KERMAN_6_N001,RTPD,MCL,LMP_LOSS_PRC,KERMAN_6_N001,ALL,1,0,1,29
2022-09-01T20:00:00-00:00,2022-09-01T20:15:00-00:00,2022-09-01,14,KERMAN_6_N001,KERMAN_6_N001,KERMAN_6_N001,RTPD,MCL,LMP_LOSS_PRC,KERMAN_6_N001,ALL,1,0,1,29
2022-09-01T21:00:00-00:00,2022-09-01T21:15:00-00:00,2022-09-01,15,KERMAN_6_N001,KERMAN_6_N001,KERMAN_6_N001,RTPD,MCL,LMP_LOSS_PRC,KERMAN_6_N001,ALL,1,0,1,29
2022-09-01T22:00:00-00:00,2022-09-01T22:15:00-00:00,2022-09-01,16,KERMAN_6_N001,KERMAN_6_N001,KERMAN_6_N001,RTPD,MCL,LMP_LOSS_PRC,KERMAN_6_N001,ALL,1,0,1,29
2022-09-01T23:00:00-00:00,2022-09-01T23:15:00-00:00,2022-09-01,17,KERMAN_6_N001,KERMAN_6_N001,KERMAN_6_N001,RTPD,MCL,LMP_LOSS_PRC,KERMAN_6_N001,ALL,1,0,1,29
2022-09-02T00:00:00-00:00,2022-09-02T00:15:00-00:00,2022-09-01,18,KERMAN_6_N001,KERMAN_6_N001,KERMAN_6_N001,RTPD,MCL,LMP_LOSS_PRC,KERMAN_6_N001,ALL,1,54.86539,1,29
2022-09-02T01:00:00-00:00,2022-09-02T01:15:00-00:00,2022-09-01,19,KERMAN_6_N001,KERMAN_6_N001,KERMAN_6_N001,RTPD,MCL,LMP_LOSS_PRC,KERMAN_6_N001,ALL,1,0,1,29
2022-09-02T02:00:00-00:00,2022-09-02T02:15:00-00:00,2022-09-01,20,KERMAN_6_N001,KERMAN_6_N001,KERMAN_6_N001,RTPD,MCL,LMP_LOSS_PRC,KERMAN_6_N001,ALL,1,0,1,29
2022-09-02T03:00:00-00:00,2022-09-02T03:15:00-00:00,2022-09-01,21,KERMAN_6_N001,KERMAN_6_N001,KERMAN_6_N001,RTPD,MCL,LMP_LOSS_PRC,KERMAN_6_N001,ALL,1,143.5967,1,29
2022-09-02T04:00:00-00:00,2022-09-02T04:15:00-00:00,2022-09-01,22,KERMAN_6_N001,KERMAN_6_N001,KERMAN_6_N001,RTPD,MCL,LMP_LOSS_PRC,KERMAN_6_N001,ALL,1,46.10001,1,29
2022-09-02T05:00:00-00:00,2022-09-02T05:15:00-00:00,2022-09-01,23,KERMAN_6_N001,KERMAN_6_N001,KERMAN_6_N001,RTPD,MCL,LMP_LOSS_PRC,KERMAN_6_N001,ALL,1,21.80634,1,29
2022-09-02T06:00:00-00:00,2022-09-02T06:15:00-00:00,2022-09-01,24,KERMAN_6_N001,KERMAN_6_N001,KERMAN_6_N001,RTPD,MCL,LMP_LOSS_PRC,KERMAN_6_N001,ALL,1,16.967,1,29
2022-09-01T07:15:00-00:00,2022-09-01T07:30:00-00:00,2022-09-01,01,KERMAN_6_N001,KERMAN_6_N001,KERMAN_6_N001,RTPD,MCL,LMP_LOSS_PRC,KERMAN_6_N001,ALL,1,0,2,29
2022-09-01T08:15:00-00:00,2022-09-01T08:30:00-00:00,2022-09-01,02,KERMAN_6_N001,KERMAN_6_N001,KERMAN_6_N001,RTPD,MCL,LMP_LOSS_PRC,KERMAN_6_N001,ALL,1,0,2,29
2022-09-01T09:15:00-00:00,2022-09-01T09:30:00-00:00,2022-09-01,03,KERMAN_6_N001,KERMAN_6_N001,KERMAN_6_N001,RTPD,MCL,LMP_LOSS_PRC,KERMAN_6_N001,ALL,1,9.60444,2,29
2022-09-01T10:15:00-00:00,2022-09-01T10:30:00-00:00,2022-09-01,04,KERMAN_6_N001,KERMAN_6_N001,KERMAN_6_N001,RTPD,MCL,LMP_LOSS_PRC,KERMAN_6_N001,ALL,1,9.53577,2,29
2022-09-01T11:15:00-00:00,2022-09-01T11:30:00-00:00,2022-09-01,05,KERMAN_6_N001,KERMAN_6_N001,KERMAN_6_N001,RTPD,MCL,LMP_LOSS_PRC,KERMAN_6_N001,ALL,1,10.21628,2,29
2022-09-01T12:15:00-00:00,2022-09-01T12:30:00-00:00,2022-09-01,06,KERMAN_6_N001,KERMAN_6_N001,KERMAN_6_N001,RTPD,MCL,LMP_LOSS_PRC,KERMAN_6_N001,ALL,1,11.65373,2,29
2022-09-01T13:15:00-00:00,2022-09-01T13:30:00-00:00,2022-09-01,07,KERMAN_6_N001,KERMAN_6_N001,KERMAN_6_N001,RTPD,MCL,LMP_LOSS_PRC,KERMAN_6_N001,ALL,1,9.53303,2,29
2022-09-01T14:15:00-00:00,2022-09-01T14:30:00-00:00,2022-09-01,08,KERMAN_6_N001,KERMAN_6_N001,KERMAN_6_N001,RTPD,MCL,LMP_LOSS_PRC,KERMAN_6_N001,ALL,1,6.95789,2,29
2022-09-01T15:15:00-00:00,2022-09-01T15:30:00-00:00,2022-09-01,09,KERMAN_6_N001,KERMAN_6_N001,KERMAN_6_N001,RTPD,MCL,LMP_LOSS_PRC,KERMAN_6_N001,ALL,1,0,2,29
2022-09-01T16:15:00-00:00,2022-09-01T16:30:00-00:00,2022-09-01,10,KERMAN_6_N001,KERMAN_6_N001,KERMAN_6_N001,RTPD,MCL,LMP_LOSS_PRC,KERMAN_6_N001,ALL,1,0,2,29
2022-09-01T17:15:00-00:00,2022-09-01T17:30:00-00:00,2022-09-01,11,KERMAN_6_N001,KERMAN_6_N001,KERMAN_6_N001,RTPD,MCL,LMP_LOSS_PRC,KERMAN_6_N001,ALL,1,0,2,29
2022-09-01T18:15:00-00:00,2022-09-01T18:30:00-00:00,2022-09-01,12,KERMAN_6_N001,KERMAN_6_N001,KERMAN_6_N001,RTPD,MCL,LMP_LOSS_PRC,KERMAN_6_N001,ALL,1,0,2,29
2022-09-01T19:15:00-00:00,2022-09-01T19:30:00-00:00,2022-09-01,13,KERMAN_6_N001,KERMAN_6_N001,KERMAN_6_N001,RTPD,MCL,LMP_LOSS_PRC,KERMAN_6_N001,ALL,1,0,2,29
2022-09-01T20:15:00-00:00,2022-09-01T20:30:00-00:00,2022-09-01,14,KERMAN_6_N001,KERMAN_6_N001,KERMAN_6_N001,RTPD,MCL,LMP_LOSS_PRC,KERMAN_6_N001,ALL,1,0,2,29
2022-09-01T21:15:00-00:00,2022-09-01T21:30:00-00:00,2022-09-01,15,KERMAN_6_N001,KERMAN_6_N001,KERMAN_6_N001,RTPD,MCL,LMP_LOSS_PRC,KERMAN_6_N001,ALL,1,0,2,29
2022-09-01T22:15:00-00:00,2022-09-01T22:30:00-00:00,2022-09-01,16,KERMAN_6_N001,KERMAN_6_N001,KERMAN_6_N001,RTPD,MCL,LMP_LOSS_PRC,KERMAN_6_N001,ALL,1,0,2,29
2022-09-01T23:15:00-00:00,2022-09-01T23:30:00-00:00,2022-09-01,17,KERMAN_6_N001,KERMAN_6_N001,KERMAN_6_N001,RTPD,MCL,LMP_LOSS_PRC,KERMAN_6_N001,ALL,1,0,2,29
2022-09-02T00:15:00-00:00,2022-09-02T00:30:00-00:00,2022-09-01,18,KERMAN_6_N001,KERMAN_6_N001,KERMAN_6_N001,RTPD,MCL,LMP_LOSS_PRC,KERMAN_6_N001,ALL,1,50.59717,2,29
2022-09-02T01:15:00-00:00,2022-09-02T01:30:00-00:00,2022-09-01,19,KERMAN_6_N001,KERMAN_6_N001,KERMAN_6_N001,RTPD,MCL,LMP_LOSS_PRC,KERMAN_6_N001,ALL,1,0,2,29
2022-09-02T02:15:00-00:00,2022-09-02T02:30:00-00:00,2022-09-01,20,KERMAN_6_N001,KERMAN_6_N001,KERMAN_6_N001,RTPD,MCL,LMP_LOSS_PRC,KERMAN_6_N001,ALL,1,0,2,29
2022-09-02T03:15:00-00:00,2022-09-02T03:30:00-00:00,2022-09-01,21,KERMAN_6_N001,KERMAN_6_N001,KERMAN_6_N001,RTPD,MCL,LMP_LOSS_PRC,KERMAN_6_N001,ALL,1,59.31832,2,29
2022-09-02T04:15:00-00:00,2022-09-02T04:30:00-00:00,2022-09-01,22,KERMAN_6_N001,KERMAN_6_N001,KERMAN_6_N001,RTPD,MCL,LMP_LOSS_PRC,KERMAN_6_N001,ALL,1,39.0841,2,29
2022-09-02T05:15:00-00:00,2022-09-02T05:30:00-00:00,2022-09-01,23,KERMAN_6_N001,KERMAN_6_N001,KERMAN_6_N001,RTPD,MCL,LMP_LOSS_PRC,KERMAN_6_N001,ALL,1,20.99121,2,29
2022-09-02T06:15:00-00:00,2022-09-02T06:30:00-00:00,2022-09-01,24,KERMAN_6_N001,KERMAN_6_N001,KERMAN_6_N001,RTPD,MCL,LMP_LOSS_PRC,KERMAN_6_N001,ALL,1,14.61056,2,29
2022-09-01T07:30:00-00:00,2022-09-01T07:45:00-00:00,2022-09-01,01,KERMAN_6_N001,KERMAN_6_N001,KERMAN_6_N001,RTPD,MCL,LMP_LOSS_PRC,KERMAN_6_N001,ALL,1,0,3,29
2022-09-01T08:30:00-00:00,2022-09-01T08:45:00-00:00,2022-09-01,02,KERMAN_6_N001,KERMAN_6_N001,KERMAN_6_N001,RTPD,MCL,LMP_LOSS_PRC,KERMAN_6_N001,ALL,1,10.08901,3,29
2022-09-01T09:30:00-00:00,2022-09-01T09:45:00-00:00,2022-09-01,03,KERMAN_6_N001,KERMAN_6_N001,KERMAN_6_N001,RTPD,MCL,LMP_LOSS_PRC,KERMAN_6_N001,ALL,1,9.41376,3,29
2022-09-01T10:30:00-00:00,2022-09-01T10:45:00-00:00,2022-09-01,04,KERMAN_6_N001,KERMAN_6_N001,KERMAN_6_N001,RTPD,MCL,LMP_LOSS_PRC,KERMAN_6_N001,ALL,1,9.32787,3,29
2022-09-01T11:30:00-00:00,2022-09-01T11:45:00-00:00,2022-09-01,05,KERMAN_6_N001,KERMAN_6_N001,KERMAN_6_N001,RTPD,MCL,LMP_LOSS_PRC,KERMAN_6_N001,ALL,1,10.38865,3,29
2022-09-01T12:30:00-00:00,2022-09-01T12:45:00-00:00,2022-09-01,06,KERMAN_6_N001,KERMAN_6_N001,KERMAN_6_N001,RTPD,MCL,LMP_LOSS_PRC,KERMAN_6_N001,ALL,1,10.46017,3,29
2022-09-01T13:30:00-00:00,2022-09-01T13:45:00-00:00,2022-09-01,07,KERMAN_6_N001,KERMAN_6_N001,KERMAN_6_N001,RTPD,MCL,LMP_LOSS_PRC,KERMAN_6_N001,ALL,1,9.6242,3,29
2022-09-01T14:30:00-00:00,2022-09-01T14:45:00-00:00,2022-09-01,08,KERMAN_6_N001,KERMAN_6_N001,KERMAN_6_N001,RTPD,MCL,LMP_LOSS_PRC,KERMAN_6_N001,ALL,1,6.54794,3,29
2022-09-01T15:30:00-00:00,2022-09-01T15:45:00-00:00,2022-09-01,09,KERMAN_6_N001,KERMAN_6_N001,KERMAN_6_N001,RTPD,MCL,LMP_LOSS_PRC,KERMAN_6_N001,ALL,1,0,3,29
2022-09-01T16:30:00-00:00,2022-09-01T16:45:00-00:00,2022-09-01,10,KERMAN_6_N001,KERMAN_6_N001,KERMAN_6_N001,RTPD,MCL,LMP_LOSS_PRC,KERMAN_6_N001,ALL,1,0,3,29
2022-09-01T17:30:00-00:00,2022-09-01T17:45:00-00:00,2022-09-01,11,KERMAN_6_N001,KERMAN_6_N001,KERMAN_6_N001,RTPD,MCL,LMP_LOSS_PRC,KERMAN_6_N001,ALL,1,0,3,29
2022-09-01T18:30:00-00:00,2022-09-01T18:45:00-00:00,2022-09-01,12,KERMAN_6_N001,KERMAN_6_N001,KERMAN_6_N001,RTPD,MCL,LMP_LOSS_PRC,KERMAN_6_N001,ALL,1,0,3,29
2022-09-01T19:30:00-00:00,2022-09-01T19:45:00-00:00,2022-09-01,13,KERMAN_6_N001,KERMAN_6_N001,KERMAN_6_N001,RTPD,MCL,LMP_LOSS_PRC,KERMAN_6_N001,ALL,1,0,3,29
2022-09-01T20:30:00-00:00,2022-09-01T20:45:00-00:00,2022-09-01,14,KERMAN_6_N001,KERMAN_6_N001,KERMAN_6_N001,RTPD,MCL,LMP_LOSS_PRC,KERMAN_6_N001,ALL,1,0,3,29
2022-09-01T21:30:00-00:00,2022-09-01T21:45:00-00:00,2022-09-01,15,KERMAN_6_N001,KERMAN_6_N001,KERMAN_6_N001,RTPD,MCL,LMP_LOSS_PRC,KERMAN_6_N001,ALL,1,0,3,29
2022-09-01T22:30:00-00:00,2022-09-01T22:45:00-00:00,2022-09-01,16,KERMAN_6_N001,KERMAN_6_N001,KERMAN_6_N001,RTPD,MCL,LMP_LOSS_PRC,KERMAN_6_N001,ALL,1,0,3,29
2022-09-01T23:30:00-00:00,2022-09-01T23:45:00-00:00,2022-09-01,17,KERMAN_6_N001,KERMAN_6_N001,KERMAN_6_N001,RTPD,MCL,LMP_LOSS_PRC,KERMAN_6_N001,ALL,1,0,3,29
2022-09-02T00:30:00-00:00,2022-09-02T00:45:00-00:00,2022-09-01,18,KERMAN_6_N001,KERMAN_6_N001,KERMAN_6_N001,RTPD,MCL,LMP_LOSS_PRC,KERMAN_6_N001,ALL,1,0,3,29
2022-09-02T01:30:00-00:00,2022-09-02T01:45:00-00:00,2022-09-01,19,KERMAN_6_N001,KERMAN_6_N001,KERMAN_6_N001,RTPD,MCL,LMP_LOSS_PRC,KERMAN_6_N001,ALL,1,0,3,29
2022-09-02T02:30:00-00:00,2022-09-02T02:45:00-00:00,2022-09-01,20,KERMAN_6_N001,KERMAN_6_N001,KERMAN_6_N001,RTPD,MCL,LMP_LOSS_PRC,KERMAN_6_N001,ALL,1,0,3,29
2022-09-02T03:30:00-00:00,2022-09-02T03:45:00-00:00,2022-09-01,21,KERMAN_6_N001,KERMAN_6_N001,KERMAN_6_N001,RTPD,MCL,LMP_LOSS_PRC,KERMAN_6_N001,ALL,1,27.19027,3,29
2022-09-02T04:30:00-00:00,2022-09-02T04:45:00-00:00,2022-09-01,22,KERMAN_6_N001,KERMAN_6_N001,KERMAN_6_N001,RTPD,MCL,LMP_LOSS_PRC,KERMAN_6_N001,ALL,1,28.14967,3,29
2022-09-02T05:30:00-00:00,2022-09-02T05:45:00-00:00,2022-09-01,23,KERMAN_6_N001,KERMAN_6_N001,KERMAN_6_N001,RTPD,MCL,LMP_LOSS_PRC,KERMAN_6_N001,ALL,1,17.41063,3,29
2022-09-02T06:30:00-00:00,2022-09-02T06:45:00-00:00,2022-09-01,24,KERMAN_6_N001,KERMAN_6_N001,KERMAN_6_N001,RTPD,MCL,LMP_LOSS_PRC,KERMAN_6_N001,ALL,1,13.58234,3,29
2022-09-01T07:45:00-00:00,2022-09-01T08:00:00-00:00,2022-09-01,01,KERMAN_6_N001,KERMAN_6_N001,KERMAN_6_N001,RTPD,MCL,LMP_LOSS_PRC,KERMAN_6_N001,ALL,1,0,4,29
2022-09-01T08:45:00-00:00,2022-09-01T09:00:00-00:00,2022-09-01,02,KERMAN_6_N001,KERMAN_6_N001,KERMAN_6_N001,RTPD,MCL,LMP_LOSS_PRC,KERMAN_6_N001,ALL,1,8.49127,4,29
2022-09-01T09:45:00-00:00,2022-09-01T10:00:00-00:00,2022-09-01,03,KERMAN_6_N001,KERMAN_6_N001,KERMAN_6_N001,RTPD,MCL,LMP_LOSS_PRC,KERMAN_6_N001,ALL,1,9.2532,4,29
2022-09-01T10:45:00-00:00,2022-09-01T11:00:00-00:00,2022-09-01,04,KERMAN_6_N001,KERMAN_6_N001,KERMAN_6_N001,RTPD,MCL,LMP_LOSS_PRC,KERMAN_6_N001,ALL,1,8.84682,4,29
2022-09-01T11:45:00-00:00,2022-09-01T12:00:00-00:00,2022-09-01,05,KERMAN_6_N001,KERMAN_6_N001,KERMAN_6_N001,RTPD,MCL,LMP_LOSS_PRC,KERMAN_6_N001,ALL,1,0,4,29
2022-09-01T12:45:00-00:00,2022-09-01T13:00:00-00:00,2022-09-01,06,KERMAN_6_N001,KERMAN_6_N001,KERMAN_6_N001,RTPD,MCL,LMP_LOSS_PRC,KERMAN_6_N001,ALL,1,0,4,29
2022-09-01T13:45:00-00:00,2022-09-01T14:00:00-00:00,2022-09-01,07,KERMAN_6_N001,KERMAN_6_N001,KERMAN_6_N001,RTPD,MCL,LMP_LOSS_PRC,KERMAN_6_N001,ALL,1,0,4,29
2022-09-01T14:45:00-00:00,2022-09-01T15:00:00-00:00,2022-09-01,08,KERMAN_6_N001,KERMAN_6_N001,KERMAN_6_N001,RTPD,MCL,LMP_LOSS_PRC,KERMAN_6_N001,ALL,1,0,4,29
2022-09-01T15:45:00-00:00,2022-09-01T16:00:00-00:00,2022-09-01,09,KERMAN_6_N001,KERMAN_6_N001,KERMAN_6_N001,RTPD,MCL,LMP_LOSS_PRC,KERMAN_6_N001,ALL,1,0,4,29
2022-09-01T16:45:00-00:00,2022-09-01T17:00:00-00:00,2022-09-01,10,KERMAN_6_N001,KERMAN_6_N001,KERMAN_6_N001,RTPD,MCL,LMP_LOSS_PRC,KERMAN_6_N001,ALL,1,0,4,29
2022-09-01T17:45:00-00:00,2022-09-01T18:00:00-00:00,2022-09-01,11,KERMAN_6_N001,KERMAN_6_N001,KERMAN_6_N001,RTPD,MCL,LMP_LOSS_PRC,KERMAN_6_N001,ALL,1,0,4,29
2022-09-01T18:45:00-00:00,2022-09-01T19:00:00-00:00,2022-09-01,12,KERMAN_6_N001,KERMAN_6_N001,KERMAN_6_N001,RTPD,MCL,LMP_LOSS_PRC,KERMAN_6_N001,ALL,1,0,4,29
2022-09-01T19:45:00-00:00,2022-09-01T20:00:00-00:00,2022-09-01,13,KERMAN_6_N001,KERMAN_6_N001,KERMAN_6_N001,RTPD,MCL,LMP_LOSS_PRC,KERMAN_6_N001,ALL,1,0,4,29
2022-09-01T20:45:00-00:00,2022-09-01T21:00:00-00:00,2022-09-01,14,KERMAN_6_N001,KERMAN_6_N001,KERMAN_6_N001,RTPD,MCL,LMP_LOSS_PRC,KERMAN_6_N001,ALL,1,0,4,29
2022-09-01T21:45:00-00:00,2022-09-01T22:00:00-00:00,2022-09-01,15,KERMAN_6_N001,KERMAN_6_N001,KERMAN_6_N001,RTPD,MCL,LMP_LOSS_PRC,KERMAN_6_N001,ALL,1,0,4,29
2022-09-01T22:45:00-00:00,2022-09-01T23:00:00-00:00,2022-09-01,16,KERMAN_6_N001,KERMAN_6_N001,KERMAN_6_N001,RTPD,MCL,LMP_LOSS_PRC,KERMAN_6_N001,ALL,1,0,4,29
2022-09-01T23:45:00-00:00,2022-09-02T00:00:00-00:00,2022-09-01,17,KERMAN_6_N001,KERMAN_6_N001,KERMAN_6_N001,RTPD,MCL,LMP_LOSS_PRC,KERMAN_6_N001,ALL,1,0,4,29
2022-09-02T00:45:00-00:00,2022-09-02T01:00:00-00:00,2022-09-01,18,KERMAN_6_N001,KERMAN_6_N001,KERMAN_6_N001,RTPD,MCL,LMP_LOSS_PRC,KERMAN_6_N001,ALL,1,0,4,29
2022-09-02T01:45:00-00:00,2022-09-02T02:00:00-00:00,2022-09-01,19,KERMAN_6_N001,KERMAN_6_N001,KERMAN_6_N001,RTPD,MCL,LMP_LOSS_PRC,KERMAN_6_N001,ALL,1,0,4,29
2022-09-02T02:45:00-00:00,2022-09-02T03:00:00-00:00,2022-09-01,20,KERMAN_6_N001,KERMAN_6_N001,KERMAN_6_N001,RTPD,MCL,LMP_LOSS_PRC,KERMAN_6_N001,ALL,1,230.75438,4,29
2022-09-02T03:45:00-00:00,2022-09-02T04:00:00-00:00,2022-09-01,21,KERMAN_6_N001,KERMAN_6_N001,KERMAN_6_N001,RTPD,MCL,LMP_LOSS_PRC,KERMAN_6_N001,ALL,1,17.74092,4,29
2022-09-02T04:45:00-00:00,2022-09-02T05:00:00-00:00,2022-09-01,22,KERMAN_6_N001,KERMAN_6_N001,KERMAN_6_N001,RTPD,MCL,LMP_LOSS_PRC,KERMAN_6_N001,ALL,1,18.30468,4,29
2022-09-02T05:45:00-00:00,2022-09-02T06:00:00-00:00,2022-09-01,23,KERMAN_6_N001,KERMAN_6_N001,KERMAN_6_N001,RTPD,MCL,LMP_LOSS_PRC,KERMAN_6_N001,ALL,1,13.34097,4,29
2022-09-02T06:45:00-00:00,2022-09-02T07:00:00-00:00,2022-09-01,24,KERMAN_6_N001,KERMAN_6_N001,KERMAN_6_N001,RTPD,MCL,LMP_LOSS_PRC,KERMAN_6_N001,ALL,1,10.93124,4,29
2022-09-01T07:00:00-00:00,2022-09-01T07:15:00-00:00,2022-09-01,01,KERMAN_6_N001,KERMAN_6_N001,KERMAN_6_N001,RTPD,MGHG,LMP_GHG_PRC,KERMAN_6_N001,ALL,1,0,1,30
2022-09-01T08:00:00-00:00,2022-09-01T08:15:00-00:00,2022-09-01,02,KERMAN_6_N001,KERMAN_6_N001,KERMAN_6_N001,RTPD,MGHG,LMP_GHG_PRC,KERMAN_6_N001,ALL,1,0,1,30
2022-09-01T09:00:00-00:00,2022-09-01T09:15:00-00:00,2022-09-01,03,KERMAN_6_N001,KERMAN_6_N001,KERMAN_6_N001,RTPD,MGHG,LMP_GHG_PRC,KERMAN_6_N001,ALL,1,0,1,30
2022-09-01T10:00:00-00:00,2022-09-01T10:15:00-00:00,2022-09-01,04,KERMAN_6_N001,KERMAN_6_N001,KERMAN_6_N001,RTPD,MGHG,LMP_GHG_PRC,KERMAN_6_N001,ALL,1,0,1,30
2022-09-01T11:00:00-00:00,2022-09-01T11:15:00-00:00,2022-09-01,05,KERMAN_6_N001,KERMAN_6_N001,KERMAN_6_N001,RTPD,MGHG,LMP_GHG_PRC,KERMAN_6_N001,ALL,1,0,1,30
2022-09-01T12:00:00-00:00,2022-09-01T12:15:00-00:00,2022-09-01,06,KERMAN_6_N001,KERMAN_6_N001,KERMAN_6_N001,RTPD,MGHG,LMP_GHG_PRC,KERMAN_6_N001,ALL,1,0,1,30
2022-09-01T13:00:00-00:00,2022-09-01T13:15:00-00:00,2022-09-01,07,KERMAN_6_N001,KERMAN_6_N001,KERMAN_6_N001,RTPD,MGHG,LMP_GHG_PRC,KERMAN_6_N001,ALL,1,0,1,30
2022-09-01T14:00:00-00:00,2022-09-01T14:15:00-00:00,2022-09-01,08,KERMAN_6_N001,KERMAN_6_N001,KERMAN_6_N001,RTPD,MGHG,LMP_GHG_PRC,KERMAN_6_N001,ALL,1,0,1,30
2022-09-01T15:00:00-00:00,2022-09-01T15:15:00-00:00,2022-09-01,09,KERMAN_6_N001,KERMAN_6_N001,KERMAN_6_N001,RTPD,MGHG,LMP_GHG_PRC,KERMAN_6_N001,ALL,1,0,1,30
2022-09-01T16:00:00-00:00,2022-09-01T16:15:00-00:00,2022-09-01,10,KERMAN_6_N001,KERMAN_6_N001,KERMAN_6_N001,RTPD,MGHG,LMP_GHG_PRC,KERMAN_6_N001,ALL,1,0,1,30
2022-09-01T17:00:00-00:00,2022-09-01T17:15:00-00:00,2022-09-01,11,KERMAN_6_N001,KERMAN_6_N001,KERMAN_6_N001,RTPD,MGHG,LMP_GHG_PRC,KERMAN_6_N001,ALL,1,0,1,30
2022-09-01T18:00:00-00:00,2022-09-01T18:15:00-00:00,2022-09-01,12,KERMAN_6_N001,KERMAN_6_N001,KERMAN_6_N001,RTPD,MGHG,LMP_GHG_PRC,KERMAN_6_N001,ALL,1,0,1,30
2022-09-01T19:00:00-00:00,2022-09-01T19:15:00-00:00,2022-09-01,13,KERMAN_6_N001,KERMAN_6_N001,KERMAN_6_N001,RTPD,MGHG,LMP_GHG_PRC,KERMAN_6_N001,ALL,1,0,1,30
2022-09-01T20:00:00-00:00,2022-09-01T20:15:00-00:00,2022-09-01,14,KERMAN_6_N001,KERMAN_6_N001,KERMAN_6_N001,RTPD,MGHG,LMP_GHG_PRC,KERMAN_6_N001,ALL,1,0,1,30
2022-09-01T21:00:00-00:00,2022-09-01T21:15:00-00:00,2022-09-01,15,KERMAN_6_N001,KERMAN_6_N001,KERMAN_6_N001,RTPD,MGHG,LMP_GHG_PRC,KERMAN_6_N001,ALL,1,0,1,30
2022-09-01T22:00:00-00:00,2022-09-01T22:15:00-00:00,2022-09-01,16,KERMAN_6_N001,KERMAN_6_N001,KERMAN_6_N001,RTPD,MGHG,LMP_GHG_PRC,KERMAN_6_N001,ALL,1,0,1,30
2022-09-01T23:00:00-00:00,2022-09-01T23:15:00-00:00,2022-09-01,17,KERMAN_6_N001,KERMAN_6_N001,KERMAN_6_N001,RTPD,MGHG,LMP_GHG_PRC,KERMAN_6_N001,ALL,1,0,1,30
2022-09-02T00:00:00-00:00,2022-09-02T00:15:00-00:00,2022-09-01,18,KERMAN_6_N001,KERMAN_6_N001,KERMAN_6_N001,RTPD,MGHG,LMP_GHG_PRC,KERMAN_6_N001,ALL,1,0,1,30
2022-09-02T01:00:00-00:00,2022-09-02T01:15:00-00:00,2022-09-01,19,KERMAN_6_N001,KERMAN_6_N001,KERMAN_6_N001,RTPD,MGHG,LMP_GHG_PRC,KERMAN_6_N001,ALL,1,0,1,30
2022-09-02T02:00:00-00:00,2022-09-02T02:15:00-00:00,2022-09-01,20,KERMAN_6_N001,KERMAN_6_N001,KERMAN_6_N001,RTPD,MGHG,LMP_GHG_PRC,KERMAN_6_N001,ALL,1,0,1,30
2022-09-02T03:00:00-00:00,2022-09-02T03:15:00-00:00,2022-09-01,21,KERMAN_6_N001,KERMAN_6_N001,KERMAN_6_N001,RTPD,MGHG,LMP_GHG_PRC,KERMAN_6_N001,ALL,1,0,1,30
2022-09-02T04:00:00-00:00,2022-09-02T04:15:00-00:00,2022-09-01,22,KERMAN_6_N001,KERMAN_6_N001,KERMAN_6_N001,RTPD,MGHG,LMP_GHG_PRC,KERMAN_6_N001,ALL,1,0,1,30
2022-09-02T05:00:00-00:00,2022-09-02T05:15:00-00:00,2022-09-01,23,KERMAN_6_N001,KERMAN_6_N001,KERMAN_6_N001,RTPD,MGHG,LMP_GHG_PRC,KERMAN_6_N001,ALL,1,0,1,30
2022-09-02T06:00:00-00:00,2022-09-02T06:15:00-00:00,2022-09-01,24,KERMAN_6_N001,KERMAN_6_N001,KERMAN_6_N001,RTPD,MGHG,LMP_GHG_PRC,KERMAN_6_N001,ALL,1,0,1,30
2022-09-01T07:15:00-00:00,2022-09-01T07:30:00-00:00,2022-09-01,01,KERMAN_6_N001,KERMAN_6_N001,KERMAN_6_N001,RTPD,MGHG,LMP_GHG_PRC,KERMAN_6_N001,ALL,1,0,2,30
2022-09-01T08:15:00-00:00,2022-09-01T08:30:00-00:00,2022-09-01,02,KERMAN_6_N001,KERMAN_6_N001,KERMAN_6_N001,RTPD,MGHG,LMP_GHG_PRC,KERMAN_6_N001,ALL,1,0,2,30
2022-09-01T09:15:00-00:00,2022-09-01T09:30:00-00:00,2022-09-01,03,KERMAN_6_N001,KERMAN_6_N001,KERMAN_6_N001,RTPD,MGHG,LMP_GHG_PRC,KERMAN_6_N001,ALL,1,0,2,30
2022-09-01T10:15:00-00:00,2022-09-01T10:30:00-00:00,2022-09-01,04,KERMAN_6_N001,KERMAN_6_N001,KERMAN_6_N001,RTPD,MGHG,LMP_GHG_PRC,KERMAN_6_N001,ALL,1,0,2,30
2022-09-01T11:15:00-00:00,2022-09-01T11:30:00-00:00,2022-09-01,05,KERMAN_6_N001,KERMAN_6_N001,KERMAN_6_N001,RTPD,MGHG,LMP_GHG_PRC,KERMAN_6_N001,ALL,1,0,2,30
2022-09-01T12:15:00-00:00,2022-09-01T12:30:00-00:00,2022-09-01,06,KERMAN_6_N001,KERMAN_6_N001,KERMAN_6_N001,RTPD,MGHG,LMP_GHG_PRC,KERMAN_6_N001,ALL,1,0,2,30
2022-09-01T13:15:00-00:00,2022-09-01T13:30:00-00:00,2022-09-01,07,KERMAN_6_N001,KERMAN_6_N001,KERMAN_6_N001,RTPD,MGHG,LMP_GHG_PRC,KERMAN_6_N001,ALL,1,0,2,30
2022-09-01T14:15:00-00:00,2022-09-01T14:30:00-00:00,2022-09-01,08,KERMAN_6_N001,KERMAN_6_N001,KERMAN_6_N001,RTPD,MGHG,LMP_GHG_PRC,KERMAN_6_N001,ALL,1,0,2,30
2022-09-01T15:15:00-00:00,2022-09-01T15:30:00-00:00,2022-09-01,09,KERMAN_6_N001,KERMAN_6_N001,KERMAN_6_N001,RTPD,MGHG,LMP_GHG_PRC,KERMAN_6_N001,ALL,1,0,2,30
2022-09-01T16:15:00-00:00,2022-09-01T16:30:00-00:00,2022-09-01,10,KERMAN_6_N001,KERMAN_6_N001,KERMAN_6_N001,RTPD,MGHG,LMP_GHG_PRC,KERMAN_6_N001,ALL,1,0,2,30
2022-09-01T17:15:00-00:00,2022-09-01T17:30:00-00:00,2022-09-01,11,KERMAN_6_N001,KERMAN_6_N001,KERMAN_6_N001,RTPD,MGHG,LMP_GHG_PRC,KERMAN_6_N001,ALL,1,0,2,30
2022-09-01T18:15:00-00:00,2022-09-01T18:30:00-00:00,2022-09-01,12,KERMAN_6_N001,KERMAN_6_N001,KERMAN_6_N001,RTPD,MGHG,LMP_GHG_PRC,KERMAN_6_N001,ALL,1,0,2,30
2022-09-01T19:15:00-00:00,2022-09-01T19:30:00-00:00,2022-09-01,13,KERMAN_6_N001,KERMAN_6_N001,KERMAN_6_N001,RTPD,MGHG,LMP_GHG_PRC,KERMAN_6_N001,ALL,1,0,2,30
2022-09-01T20:15:00-00:00,2022-09-01T20:30:00-00:00,2022-09-01,14,KERMAN_6_N001,KERMAN_6_N001,KERMAN_6_N001,RTPD,MGHG,LMP_GHG_PRC,KERMAN_6_N001,ALL,1,0,2,30
2022-09-01T21:15:00-00:00,2022-09-01T21:30:00-00:00,2022-09-01,15,KERMAN_6_N001,KERMAN_6_N001,KERMAN_6_N001,RTPD,MGHG,LMP_GHG_PRC,KERMAN_6_N001,ALL,1,0,2,30
2022-09-01T22:15:00-00:00,2022-09-01T22:30:00-00:00,2022-09-01,16,KERMAN_6_N001,KERMAN_6_N001,KERMAN_6_N001,RTPD,MGHG,LMP_GHG_PRC,KERMAN_6_N001,ALL,1,0,2,30
2022-09-01T23:15:00-00:00,2022-09-01T23:30:00-00:00,2022-09-01,17,KERMAN_6_N001,KERMAN_6_N001,KERMAN_6_N001,RTPD,MGHG,LMP_GHG_PRC,KERMAN_6_N001,ALL,1,0,2,30
2022-09-02T00:15:00-00:00,2022-09-02T00:30:00-00:00,2022-09-01,18,KERMAN_6_N001,KERMAN_6_N001,KERMAN_6_N001,RTPD,MGHG,LMP_GHG_PRC,KERMAN_6_N001,ALL,1,0,2,30
2022-09-02T01:15:00-00:00,2022-09-02T01:30:00-00:00,2022-09-01,19,KERMAN_6_N001,KERMAN_6_N001,KERMAN_6_N001,RTPD,MGHG,LMP_GHG_PRC,KERMAN_6_N001,ALL,1,0,2,30
2022-09-02T02:15:00-00:00,2022-09-02T02:30:00-00:00,2022-09-01,20,KERMAN_6_N001,KERMAN_6_N001,KERMAN_6_N001,RTPD,MGHG,LMP_GHG_PRC,KERMAN_6_N001,ALL,1,0,2,30
2022-09-02T03:15:00-00:00,2022-09-02T03:30:00-00:00,2022-09-01,21,KERMAN_6_N001,KERMAN_6_N001,KERMAN_6_N001,RTPD,MGHG,LMP_GHG_PRC,KERMAN_6_N001,ALL,1,0,2,30
2022-09-02T04:15:00-00:00,2022-09-02T04:30:00-00:00,2022-09-01,22,KERMAN_6_N001,KERMAN_6_N001,KERMAN_6_N001,RTPD,MGHG,LMP_GHG_PRC,KERMAN_6_N001,ALL,1,0,2,30
2022-09-02T05:15:00-00:00,2022-09-02T05:30:00-00:00,2022-09-01,23,KERMAN_6_N001,KERMAN_6_N001,KERMAN_6_N001,RTPD,MGHG,LMP_GHG_PRC,KERMAN_6_N001,ALL,1,0,2,30
2022-09-02T06:15:00-00:00,2022-09-02T06:30:00-00:00,2022-09-01,24,KERMAN_6_N001,KERMAN_6_N001,KERMAN_6_N001,RTPD,MGHG,LMP_GHG_PRC,KERMAN_6_N001,ALL,1,0,2,30
2022-09-01T07:30:00-00:00,2022-09-01T07:45:00-00:00,2022-09-01,01,KERMAN_6_N001,KERMAN_6_N001,KERMAN_6_N001,RTPD,MGHG,LMP_GHG_PRC,KERMAN_6_N001,ALL,1,0,3,30
2022-09-01T08:30:00-00:00,2022-09-01T08:45:00-00:00,2022-09-01,02,KERMAN_6_N001,KERMAN_6_N001,KERMAN_6_N001,RTPD,MGHG,LMP_GHG_PRC,KERMAN_6_N001,ALL,1,0,3,30
2022-09-01T09:30:00-00:00,2022-09-01T09:45:00-00:00,2022-09-01,03,KERMAN_6_N001,KERMAN_6_N001,KERMAN_6_N001,RTPD,MGHG,LMP_GHG_PRC,KERMAN_6_N001,ALL,1,0,3,30
2022-09-01T10:30:00-00:00,2022-09-01T10:45:00-00:00,2022-09-01,04,KERMAN_6_N001,KERMAN_6_N001,KERMAN_6_N001,RTPD,MGHG,LMP_GHG_PRC,KERMAN_6_N001,ALL,1,0,3,30
2022-09-01T11:30:00-00:00,2022-09-01T11:45:00-00:00,2022-09-01,05,KERMAN_6_N001,KERMAN_6_N001,KERMAN_6_N001,RTPD,MGHG,LMP_GHG_PRC,KERMAN_6_N001,ALL,1,0,3,30
2022-09-01T12:30:00-00:00,2022-09-01T12:45:00-00:00,2022-09-01,06,KERMAN_6_N001,KERMAN_6_N001,KERMAN_6_N001,RTPD,MGHG,LMP_GHG_PRC,KERMAN_6_N001,ALL,1,0,3,30
2022-09-01T13:30:00-00:00,2022-09-01T13:45:00-00:00,2022-09-01,07,KERMAN_6_N001,KERMAN_6_N001,KERMAN_6_N001,RTPD,MGHG,LMP_GHG_PRC,KERMAN_6_N001,ALL,1,0,3,30
2022-09-01T14:30:00-00:00,2022-09-01T14:45:00-00:00,2022-09-01,08,KERMAN_6_N001,KERMAN_6_N001,KERMAN_6_N001,RTPD,MGHG,LMP_GHG_PRC,KERMAN_6_N001,ALL,1,0,3,30
2022-09-01T15:30:00-00:00,2022-09-01T15:45:00-00:00,2022-09-01,09,KERMAN_6_N001,KERMAN_6_N001,KERMAN_6_N001,RTPD,MGHG,LMP_GHG_PRC,KERMAN_6_N001,ALL,1,0,3,30
2022-09-01T16:30:00-00:00,2022-09-01T16:45:00-00:00,2022-09-01,10,KERMAN_6_N001,KERMAN_6_N001,KERMAN_6_N001,RTPD,MGHG,LMP_GHG_PRC,KERMAN_6_N001,ALL,1,0,3,30
2022-09-01T17:30:00-00:00,2022-09-01T17:45:00-00:00,2022-09-01,11,KERMAN_6_N001,KERMAN_6_N001,KERMAN_6_N001,RTPD,MGHG,LMP_GHG_PRC,KERMAN_6_N001,ALL,1,0,3,30
2022-09-01T18:30:00-00:00,2022-09-01T18:45:00-00:00,2022-09-01,12,KERMAN_6_N001,KERMAN_6_N001,KERMAN_6_N001,RTPD,MGHG,LMP_GHG_PRC,KERMAN_6_N001,ALL,1,0,3,30
2022-09-01T19:30:00-00:00,2022-09-01T19:45:00-00:00,2022-09-01,13,KERMAN_6_N001,KERMAN_6_N001,KERMAN_6_N001,RTPD,MGHG,LMP_GHG_PRC,KERMAN_6_N001,ALL,1,0,3,30
2022-09-01T20:30:00-00:00,2022-09-01T20:45:00-00:00,2022-09-01,14,KERMAN_6_N001,KERMAN_6_N001,KERMAN_6_N001,RTPD,MGHG,LMP_GHG_PRC,KERMAN_6_N001,ALL,1,0,3,30
2022-09-01T21:30:00-00:00,2022-09-01T21:45:00-00:00,2022-09-01,15,KERMAN_6_N001,KERMAN_6_N001,KERMAN_6_N001,RTPD,MGHG,LMP_GHG_PRC,KERMAN_6_N001,ALL,1,0,3,30
2022-09-01T22:30:00-00:00,2022-09-01T22:45:00-00:00,2022-09-01,16,KERMAN_6_N001,KERMAN_6_N001,KERMAN_6_N001,RTPD,MGHG,LMP_GHG_PRC,KERMAN_6_N001,ALL,1,0,3,30
2022-09-01T23:30:00-00:00,2022-09-01T23:45:00-00:00,2022-09-01,17,KERMAN_6_N001,KERMAN_6_N001,KERMAN_6_N001,RTPD,MGHG,LMP_GHG_PRC,KERMAN_6_N001,ALL,1,0,3,30
2022-09-02T00:30:00-00:00,2022-09-02T00:45:00-00:00,2022-09-01,18,KERMAN_6_N001,KERMAN_6_N001,KERMAN_6_N001,RTPD,MGHG,LMP_GHG_PRC,KERMAN_6_N001,ALL,1,0,3,30
2022-09-02T01:30:00-00:00,2022-09-02T01:45:00-00:00,2022-09-01,19,KERMAN_6_N001,KERMAN_6_N001,KERMAN_6_N001,RTPD,MGHG,LMP_GHG_PRC,KERMAN_6_N001,ALL,1,0,3,30
2022-09-02T02:30:00-00:00,2022-09-02T02:45:00-00:00,2022-09-01,20,KERMAN_6_N001,KERMAN_6_N001,KERMAN_6_N001,RTPD,MGHG,LMP_GHG_PRC,KERMAN_6_N001,ALL,1,0,3,30
2022-09-02T03:30:00-00:00,2022-09-02T03:45:00-00:00,2022-09-01,21,KERMAN_6_N001,KERMAN_6_N001,KERMAN_6_N001,RTPD,MGHG,LMP_GHG_PRC,KERMAN_6_N001,ALL,1,0,3,30
2022-09-02T04:30:00-00:00,2022-09-02T04:45:00-00:00,2022-09-01,22,KERMAN_6_N001,KERMAN_6_N001,KERMAN_6_N001,RTPD,MGHG,LMP_GHG_PRC,KERMAN_6_N001,ALL,1,0,3,30
2022-09-02T05:30:00-00:00,2022-09-02T05:45:00-00:00,2022-09-01,23,KERMAN_6_N001,KERMAN_6_N001,KERMAN_6_N001,RTPD,MGHG,LMP_GHG_PRC,KERMAN_6_N001,ALL,1,0,3,30
2022-09-02T06:30:00-00:00,2022-09-02T06:45:00-00:00,2022-09-01,24,KERMAN_6_N001,KERMAN_6_N001,KERMAN_6_N001,RTPD,MGHG,LMP_GHG_PRC,KERMAN_6_N001,ALL,1,0,3,30
2022-09-01T07:45:00-00:00,2022-09-01T08:00:00-00:00,2022-09-01,01,KERMAN_6_N001,KERMAN_6_N001,KERMAN_6_N001,RTPD,MGHG,LMP_GHG_PRC,KERMAN_6_N001,ALL,1,0,4,30
2022-09-01T08:45:00-00:00,2022-09-01T09:00:00-00:00,2022-09-01,02,KERMAN_6_N001,KERMAN_6_N001,KERMAN_6_N001,RTPD,MGHG,LMP_GHG_PRC,KERMAN_6_N001,ALL,1,0,4,30
2022-09-01T09:45:00-00:00,2022-09-01T10:00:00-00:00,2022-09-01,03,KERMAN_6_N001,KERMAN_6_N001,KERMAN_6_N001,RTPD,MGHG,LMP_GHG_PRC,KERMAN_6_N001,ALL,1,0,4,30
2022-09-01T10:45:00-00:00,2022-09-01T11:00:00-00:00,2022-09-01,04,KERMAN_6_N001,KERMAN_6_N001,KERMAN_6_N001,RTPD,MGHG,LMP_GHG_PRC,KERMAN_6_N001,ALL,1,0,4,30
2022-09-01T11:45:00-00:00,2022-09-01T12:00:00-00:00,2022-09-01,05,KERMAN_6_N001,KERMAN_6_N001,KERMAN_6_N001,RTPD,MGHG,LMP_GHG_PRC,KERMAN_6_N001,ALL,1,0,4,30
2022-09-01T12:45:00-00:00,2022-09-01T13:00:00-00:00,2022-09-01,06,KERMAN_6_N001,KERMAN_6_N001,KERMAN_6_N001,RTPD,MGHG,LMP_GHG_PRC,KERMAN_6_N001,ALL,1,0,4,30
2022-09-01T13:45:00-00:00,2022-09-01T14:00:00-00:00,2022-09-01,07,KERMAN_6_N001,KERMAN_6_N001,KERMAN_6_N001,RTPD,MGHG,LMP_GHG_PRC,KERMAN_6_N001,ALL,1,0,4,30
2022-09-01T14:45:00-00:00,2022-09-01T15:00:00-00:00,2022-09-01,08,KERMAN_6_N001,KERMAN_6_N001,KERMAN_6_N001,RTPD,MGHG,LMP_GHG_PRC,KERMAN_6_N001,ALL,1,0,4,30
2022-09-01T15:45:00-00:00,2022-09-01T16:00:00-00:00,2022-09-01,09,KERMAN_6_N001,KERMAN_6_N001,KERMAN_6_N001,RTPD,MGHG,LMP_GHG_PRC,KERMAN_6_N001,ALL,1,0,4,30
2022-09-01T16:45:00-00:00,2022-09-01T17:00:00-00:00,2022-09-01,10,KERMAN_6_N001,KERMAN_6_N001,KERMAN_6_N001,RTPD,MGHG,LMP_GHG_PRC,KERMAN_6_N001,ALL,1,0,4,30
2022-09-01T17:45:00-00:00,2022-09-01T18:00:00-00:00,2022-09-01,11,KERMAN_6_N001,KERMAN_6_N001,KERMAN_6_N001,RTPD,MGHG,LMP_GHG_PRC,KERMAN_6_N001,ALL,1,0,4,30
2022-09-01T18:45:00-00:00,2022-09-01T19:00:00-00:00,2022-09-01,12,KERMAN_6_N001,KERMAN_6_N001,KERMAN_6_N001,RTPD,MGHG,LMP_GHG_PRC,KERMAN_6_N001,ALL,1,0,4,30
2022-09-01T19:45:00-00:00,2022-09-01T20:00:00-00:00,2022-09-01,13,KERMAN_6_N001,KERMAN_6_N001,KERMAN_6_N001,RTPD,MGHG,LMP_GHG_PRC,KERMAN_6_N001,ALL,1,0,4,30
2022-09-01T20:45:00-00:00,2022-09-01T21:00:00-00:00,2022-09-01,14,KERMAN_6_N001,KERMAN_6_N001,KERMAN_6_N001,RTPD,MGHG,LMP_GHG_PRC,KERMAN_6_N001,ALL,1,0,4,30
2022-09-01T21:45:00-00:00,2022-09-01T22:00:00-00:00,2022-09-01,15,KERMAN_6_N001,KERMAN_6_N001,KERMAN_6_N001,RTPD,MGHG,LMP_GHG_PRC,KERMAN_6_N001,ALL,1,0,4,30
2022-09-01T22:45:00-00:00,2022-09-01T23:00:00-00:00,2022-09-01,16,KERMAN_6_N001,KERMAN_6_N001,KERMAN_6_N001,RTPD,MGHG,LMP_GHG_PRC,KERMAN_6_N001,ALL,1,0,4,30
2022-09-01T23:45:00-00:00,2022-09-02T00:00:00-00:00,2022-09-01,17,KERMAN_6_N001,KERMAN_6_N001,KERMAN_6_N001,RTPD,MGHG,LMP_GHG_PRC,KERMAN_6_N001,ALL,1,0,4,30
2022-09-02T00:45:00-00:00,2022-09-02T01:00:00-00:00,2022-09-01,18,KERMAN_6_N001,KERMAN_6_N001,KERMAN_6_N001,RTPD,MGHG,LMP_GHG_PRC,KERMAN_6_N001,ALL,1,0,4,30
2022-09-02T01:45:00-00:00,2022-09-02T02:00:00-00:00,2022-09-01,19,KERMAN_6_N001,KERMAN_6_N001,KERMAN_6_N001,RTPD,MGHG,LMP_GHG_PRC,KERMAN_6_N001,ALL,1,0,4,30
2022-09-02T02:45:00-00:00,2022-09-02T03:00:00-00:00,2022-09-01,20,KERMAN_6_N001,KERMAN_6_N001,KERMAN_6_N001,RTPD,MGHG,LMP_GHG_PRC,KERMAN_6_N001,ALL,1,0,4,30
2022-09-02T03:45:00-00:00,2022-09-02T04:00:00-00:00,2022-09-01,21,KERMAN_6_N001,KERMAN_6_N001,KERMAN_6_N001,RTPD,MGHG,LMP_GHG_PRC,KERMAN_6_N001,ALL,1,0,4,30
2022-09-02T04:45:00-00:00,2022-09-02T05:00:00-00:00,2022-09-01,22,KERMAN_6_N001,KERMAN_6_N001,KERMAN_6_N001,RTPD,MGHG,LMP_GHG_PRC,KERMAN_6_N001,ALL,1,0,4,30
2022-09-02T05:45:00-00:00,2022-09-02T06:00:00-00:00,2022-09-01,23,KERMAN_6_N001,KERMAN_6_N001,KERMAN_6_N001,RTPD,MGHG,LMP_GHG_PRC,KERMAN_6_N001,ALL,1,0,4,30
2022-09-02T06:45:00-00:00,2022-09-02T07:00:00-00:00,2022-09-01,24,KERMAN_6_N001,KERMAN_6_N001,KERMAN_6_N001,RTPD,MGHG,LMP_GHG_PRC,KERMAN_6_N001,ALL,1,0,4,30
2022-09-01T07:00:00-00:00,2022-09-01T07:15:00-00:00,2022-09-01,01,KERMAN_6_N002,KERMAN_6_N002,KERMAN_6_N002,RTPD,LMP,LMP_PRC,KERMAN_6_N002,ALL,1,82.9449,1,31
2022-09-01T08:00:00-00:00,2022-09-01T08:15:00-00:00,2022-09-01,02,KERMAN_6_N002,KERMAN_6_N002,KERMAN_6_N002,RTPD,LMP,LMP_PRC,KERMAN_6_N002,ALL,1,111.77114,1,31
2022-09-01T09:00:00-00:00,2022-09-01T09:15:00-00:00,2022-09-01,03,KERMAN_6_N002,KERMAN_6_N002,KERMAN_6_N002,RTPD,LMP,LMP_PRC,KERMAN_6_N002,ALL,1,104.63206,1,31
2022-09-01T10:00:00-00:00,2022-09-01T10:15:00-00:00,2022-09-01,04,KERMAN_6_N002,KERMAN_6_N002,KERMAN_6_N002,RTPD,LMP,LMP_PRC,KERMAN_6_N002,ALL,1,103.7902,1,31
2022-09-01T11:00:00-00:00,2022-09-01T11:15:00-00:00,2022-09-01,05,KERMAN_6_N002,KERMAN_6_N002,KERMAN_6_N002,RTPD,LMP,LMP_PRC,KERMAN_6_N002,ALL,1,112.79468,1,31
2022-09-01T12:00:00-00:00,2022-09-01T12:15:00-00:00,2022-09-01,06,KERMAN_6_N002,KERMAN_6_N002,KERMAN_6_N002,RTPD,LMP,LMP_PRC,KERMAN_6_N002,ALL,1,95.30469,1,31
2022-09-01T13:00:00-00:00,2022-09-01T13:15:00-00:00,2022-09-01,07,KERMAN_6_N002,KERMAN_6_N002,KERMAN_6_N002,RTPD,LMP,LMP_PRC,KERMAN_6_N002,ALL,1,86.83845,1,31
2022-09-01T14:00:00-00:00,2022-09-01T14:15:00-00:00,2022-09-01,08,KERMAN_6_N002,KERMAN_6_N002,KERMAN_6_N002,RTPD,LMP,LMP_PRC,KERMAN_6_N002,ALL,1,119.9345,1,31
2022-09-01T15:00:00-00:00,2022-09-01T15:15:00-00:00,2022-09-01,09,KERMAN_6_N002,KERMAN_6_N002,KERMAN_6_N002,RTPD,LMP,LMP_PRC,KERMAN_6_N002,ALL,1,97.4112,1,31
2022-09-01T16:00:00-00:00,2022-09-01T16:15:00-00:00,2022-09-01,10,KERMAN_6_N002,KERMAN_6_N002,KERMAN_6_N002,RTPD,LMP,LMP_PRC,KERMAN_6_N002,ALL,1,83.43525,1,31
2022-09-01T17:00:00-00:00,2022-09-01T17:15:00-00:00,2022-09-01,11,KERMAN_6_N002,KERMAN_6_N002,KERMAN_6_N002,RTPD,LMP,LMP_PRC,KERMAN_6_N002,ALL,1,78.30925,1,31
2022-09-01T18:00:00-00:00,2022-09-01T18:15:00-00:00,2022-09-01,12,KERMAN_6_N002,KERMAN_6_N002,KERMAN_6_N002,RTPD,LMP,LMP_PRC,KERMAN_6_N002,ALL,1,55.48407,1,31
2022-09-01T19:00:00-00:00,2022-09-01T19:15:00-00:00,2022-09-01,13,KERMAN_6_N002,KERMAN_6_N002,KERMAN_6_N002,RTPD,LMP,LMP_PRC,KERMAN_6_N002,ALL,1,69.19025,1,31
2022-09-01T20:00:00-00:00,2022-09-01T20:15:00-00:00,2022-09-01,14,KERMAN_6_N002,KERMAN_6_N002,KERMAN_6_N002,RTPD,LMP,LMP_PRC,KERMAN_6_N002,ALL,1,114.01026,1,31
2022-09-01T21:00:00-00:00,2022-09-01T21:15:00-00:00,2022-09-01,15,KERMAN_6_N002,KERMAN_6_N002,KERMAN_6_N002,RTPD,LMP,LMP_PRC,KERMAN_6_N002,ALL,1,115.84912,1,31
2022-09-01T22:00:00-00:00,2022-09-01T22:15:00-00:00,2022-09-01,16,KERMAN_6_N002,KERMAN_6_N002,KERMAN_6_N002,RTPD,LMP,LMP_PRC,KERMAN_6_N002,ALL,1,109.18685,1,31
2022-09-01T23:00:00-00:00,2022-09-01T23:15:00-00:00,2022-09-01,17,KERMAN_6_N002,KERMAN_6_N002,KERMAN_6_N002,RTPD,LMP,LMP_PRC,KERMAN_6_N002,ALL,1,192.91129,1,31
2022-09-02T00:00:00-00:00,2022-09-02T00:15:00-00:00,2022-09-01,18,KERMAN_6_N002,KERMAN_6_N002,KERMAN_6_N002,RTPD,LMP,LMP_PRC,KERMAN_6_N002,ALL,1,1117.1141,1,31
2022-09-02T01:00:00-00:00,2022-09-02T01:15:00-00:00,2022-09-01,19,KERMAN_6_N002,KERMAN_6_N002,KERMAN_6_N002,RTPD,LMP,LMP_PRC,KERMAN_6_N002,ALL,1,1251.8218,1,31
2022-09-02T02:00:00-00:00,2022-09-02T02:15:00-00:00,2022-09-01,20,KERMAN_6_N002,KERMAN_6_N002,KERMAN_6_N002,RTPD,LMP,LMP_PRC,KERMAN_6_N002,ALL,1,1991.6721,1,31
2022-09-02T03:00:00-00:00,2022-09-02T03:15:00-00:00,2022-09-01,21,KERMAN_6_N002,KERMAN_6_N002,KERMAN_6_N002,RTPD,LMP,LMP_PRC,KERMAN_6_N002,ALL,1,1482.3259,1,31
2022-09-02T04:00:00-00:00,2022-09-02T04:15:00-00:00,2022-09-01,22,KERMAN_6_N002,KERMAN_6_N002,KERMAN_6_N002,RTPD,LMP,LMP_PRC,KERMAN_6_N002,ALL,1,1343.487,1,31
2022-09-02T05:00:00-00:00,2022-09-02T05:15:00-00:00,2022-09-01,23,KERMAN_6_N002,KERMAN_6_N002,KERMAN_6_N002,RTPD,LMP,LMP_PRC,KERMAN_6_N002,ALL,1,205.07124,1,31
2022-09-02T06:00:00-00:00,2022-09-02T06:15:00-00:00,2022-09-01,24,KERMAN_6_N002,KERMAN_6_N002,KERMAN_6_N002,RTPD,LMP,LMP_PRC,KERMAN_6_N002,ALL,1,313.5906,1,31
2022-09-01T07:15:00-00:00,2022-09-01T07:30:00-00:00,2022-09-01,01,KERMAN_6_N002,KERMAN_6_N002,KERMAN_6_N002,RTPD,LMP,LMP_PRC,KERMAN_6_N002,ALL,1,114.23402,2,31
2022-09-01T08:15:00-00:00,2022-09-01T08:30:00-00:00,2022-09-01,02,KERMAN_6_N002,KERMAN_6_N002,KERMAN_6_N002,RTPD,LMP,LMP_PRC,KERMAN_6_N002,ALL,1,114.50052,2,31
2022-09-01T09:15:00-00:00,2022-09-01T09:30:00-00:00,2022-09-01,03,KERMAN_6_N002,KERMAN_6_N002,KERMAN_6_N002,RTPD,LMP,LMP_PRC,KERMAN_6_N002,ALL,1,101.26419,2,31
2022-09-01T10:15:00-00:00,2022-09-01T10:30:00-00:00,2022-09-01,04,KERMAN_6_N002,KERMAN_6_N002,KERMAN_6_N002,RTPD,LMP,LMP_PRC,KERMAN_6_N002,ALL,1,100.33949,2,31
2022-09-01T11:15:00-00:00,2022-09-01T11:30:00-00:00,2022-09-01,05,KERMAN_6_N002,KERMAN_6_N002,KERMAN_6_N002,RTPD,LMP,LMP_PRC,KERMAN_6_N002,ALL,1,113.31718,2,31
2022-09-01T12:15:00-00:00,2022-09-01T12:30:00-00:00,2022-09-01,06,KERMAN_6_N002,KERMAN_6_N002,KERMAN_6_N002,RTPD,LMP,LMP_PRC,KERMAN_6_N002,ALL,1,114.08224,2,31
2022-09-01T13:15:00-00:00,2022-09-01T13:30:00-00:00,2022-09-01,07,KERMAN_6_N002,KERMAN_6_N002,KERMAN_6_N002,RTPD,LMP,LMP_PRC,KERMAN_6_N002,ALL,1,119.88129,2,31
2022-09-01T14:15:00-00:00,2022-09-01T14:30:00-00:00,2022-09-01,08,KERMAN_6_N002,KERMAN_6_N002,KERMAN_6_N002,RTPD,LMP,LMP_PRC,KERMAN_6_N002,ALL,1,111.74532,2,31
2022-09-01T15:15:00-00:00,2022-09-01T15:30:00-00:00,2022-09-01,09,KERMAN_6_N002,KERMAN_6_N002,KERMAN_6_N002,RTPD,LMP,LMP_PRC,KERMAN_6_N002,ALL,1,86.9388,2,31
2022-09-01T16:15:00-00:00,2022-09-01T16:30:00-00:00,2022-09-01,10,KERMAN_6_N002,KERMAN_6_N002,KERMAN_6_N002,RTPD,LMP,LMP_PRC,KERMAN_6_N002,ALL,1,87.6098,2,31
2022-09-01T17:15:00-00:00,2022-09-01T17:30:00-00:00,2022-09-01,11,KERMAN_6_N002,KERMAN_6_N002,KERMAN_6_N002,RTPD,LMP,LMP_PRC,KERMAN_6_N002,ALL,1,76.54761,2,31
2022-09-01T18:15:00-00:00,2022-09-01T18:30:00-00:00,2022-09-01,12,KERMAN_6_N002,KERMAN_6_N002,KERMAN_6_N002,RTPD,LMP,LMP_PRC,KERMAN_6_N002,ALL,1,71.61476,2,31
2022-09-01T19:15:00-00:00,2022-09-01T19:30:00-00:00,2022-09-01,13,KERMAN_6_N002,KERMAN_6_N002,KERMAN_6_N002,RTPD,LMP,LMP_PRC,KERMAN_6_N002,ALL,1,72.36192,2,31
2022-09-01T20:15:00-00:00,2022-09-01T20:30:00-00:00,2022-09-01,14,KERMAN_6_N002,KERMAN_6_N002,KERMAN_6_N002,RTPD,LMP,LMP_PRC,KERMAN_6_N002,ALL,1,113.96887,2,31
2022-09-01T21:15:00-00:00,2022-09-01T21:30:00-00:00,2022-09-01,15,KERMAN_6_N002,KERMAN_6_N002,KERMAN_6_N002,RTPD,LMP,LMP_PRC,KERMAN_6_N002,ALL,1,117.27674,2,31
2022-09-01T22:15:00-00:00,2022-09-01T22:30:00-00:00,2022-09-01,16,KERMAN_6_N002,KERMAN_6_N002,KERMAN_6_N002,RTPD,LMP,LMP_PRC,KERMAN_6_N002,ALL,1,124.947,2,31
2022-09-01T23:15:00-00:00,2022-09-01T23:30:00-00:00,2022-09-01,17,KERMAN_6_N002,KERMAN_6_N002,KERMAN_6_N002,RTPD,LMP,LMP_PRC,KERMAN_6_N002,ALL,1,250.58131,2,31
2022-09-02T00:15:00-00:00,2022-09-02T00:30:00-00:00,2022-09-01,18,KERMAN_6_N002,KERMAN_6_N002,KERMAN_6_N002,RTPD,LMP,LMP_PRC,KERMAN_6_N002,ALL,1,1075.7648,2,31
2022-09-02T01:15:00-00:00,2022-09-02T01:30:00-00:00,2022-09-01,19,KERMAN_6_N002,KERMAN_6_N002,KERMAN_6_N002,RTPD,LMP,LMP_PRC,KERMAN_6_N002,ALL,1,1999.9933,2,31
2022-09-02T02:15:00-00:00,2022-09-02T02:30:00-00:00,2022-09-01,20,KERMAN_6_N002,KERMAN_6_N002,KERMAN_6_N002,RTPD,LMP,LMP_PRC,KERMAN_6_N002,ALL,1,1991.6721,2,31
2022-09-02T03:15:00-00:00,2022-09-02T03:30:00-00:00,2022-09-01,21,KERMAN_6_N002,KERMAN_6_N002,KERMAN_6_N002,RTPD,LMP,LMP_PRC,KERMAN_6_N002,ALL,1,611.8663,2,31
2022-09-02T04:15:00-00:00,2022-09-02T04:30:00-00:00,2022-09-01,22,KERMAN_6_N002,KERMAN_6_N002,KERMAN_6_N002,RTPD,LMP,LMP_PRC,KERMAN_6_N002,ALL,1,1213.9109,2,31
2022-09-02T05:15:00-00:00,2022-09-02T05:30:00-00:00,2022-09-01,23,KERMAN_6_N002,KERMAN_6_N002,KERMAN_6_N002,RTPD,LMP,LMP_PRC,KERMAN_6_N002,ALL,1,178.1425,2,31
2022-09-02T06:15:00-00:00,2022-09-02T06:30:00-00:00,2022-09-01,24,KERMAN_6_N002,KERMAN_6_N002,KERMAN_6_N002,RTPD,LMP,LMP_PRC,KERMAN_6_N002,ALL,1,161.9798,2,31
2022-09-01T07:30:00-00:00,2022-09-01T07:45:00-00:00,2022-09-01,01,KERMAN_6_N002,KERMAN_6_N002,KERMAN_6_N002,RTPD,LMP,LMP_PRC,KERMAN_6_N002,ALL,1,100.76941,3,31
2022-09-01T08:30:00-00:00,2022-09-01T08:45:00-00:00,2022-09-01,02,KERMAN_6_N002,KERMAN_6_N002,KERMAN_6_N002,RTPD,LMP,LMP_PRC,KERMAN_6_N002,ALL,1,121.20044,3,31
2022-09-01T09:30:00-00:00,2022-09-01T09:45:00-00:00,2022-09-01,03,KERMAN_6_N002,KERMAN_6_N002,KERMAN_6_N002,RTPD,LMP,LMP_PRC,KERMAN_6_N002,ALL,1,101.00331,3,31
2022-09-01T10:30:00-00:00,2022-09-01T10:45:00-00:00,2022-09-01,04,KERMAN_6_N002,KERMAN_6_N002,KERMAN_6_N002,RTPD,LMP,LMP_PRC,KERMAN_6_N002,ALL,1,102.1843,3,31
2022-09-01T11:30:00-00:00,2022-09-01T11:45:00-00:00,2022-09-01,05,KERMAN_6_N002,KERMAN_6_N002,KERMAN_6_N002,RTPD,LMP,LMP_PRC,KERMAN_6_N002,ALL,1,113.45063,3,31
2022-09-01T12:30:00-00:00,2022-09-01T12:45:00-00:00,2022-09-01,06,KERMAN_6_N002,KERMAN_6_N002,KERMAN_6_N002,RTPD,LMP,LMP_PRC,KERMAN_6_N002,ALL,1,112.09072,3,31
2022-09-01T13:30:00-00:00,2022-09-01T13:45:00-00:00,2022-09-01,07,KERMAN_6_N002,KERMAN_6_N002,KERMAN_6_N002,RTPD,LMP,LMP_PRC,KERMAN_6_N002,ALL,1,121.1556,3,31
2022-09-01T14:30:00-00:00,2022-09-01T14:45:00-00:00,2022-09-01,08,KERMAN_6_N002,KERMAN_6_N002,KERMAN_6_N002,RTPD,LMP,LMP_PRC,KERMAN_6_N002,ALL,1,108.39241,3,31
2022-09-01T15:30:00-00:00,2022-09-01T15:45:00-00:00,2022-09-01,09,KERMAN_6_N002,KERMAN_6_N002,KERMAN_6_N002,RTPD,LMP,LMP_PRC,KERMAN_6_N002,ALL,1,86.1388,3,31
2022-09-01T16:30:00-00:00,2022-09-01T16:45:00-00:00,2022-09-01,10,KERMAN_6_N002,KERMAN_6_N002,KERMAN_6_N002,RTPD,LMP,LMP_PRC,KERMAN_6_N002,ALL,1,73.40932,3,31
2022-09-01T17:30:00-00:00,2022-09-01T17:45:00-00:00,2022-09-01,11,KERMAN_6_N002,KERMAN_6_N002,KERMAN_6_N002,RTPD,LMP,LMP_PRC,KERMAN_6_N002,ALL,1,76.26049,3,31
2022-09-01T18:30:00-00:00,2022-09-01T18:45:00-00:00,2022-09-01,12,KERMAN_6_N002,KERMAN_6_N002,KERMAN_6_N002,RTPD,LMP,LMP_PRC,KERMAN_6_N002,ALL,1,76.26505,3,31
2022-09-01T19:30:00-00:00,2022-09-01T19:45:00-00:00,2022-09-01,13,KERMAN_6_N002,KERMAN_6_N002,KERMAN_6_N002,RTPD,LMP,LMP_PRC,KERMAN_6_N002,ALL,1,99.88835,3,31
2022-09-01T20:30:00-00:00,2022-09-01T20:45:00-00:00,2022-09-01,14,KERMAN_6_N002,KERMAN_6_N002,KERMAN_6_N002,RTPD,LMP,LMP_PRC,KERMAN_6_N002,ALL,1,115.59202,3,31
2022-09-01T21:30:00-00:00,2022-09-01T21:45:00-00:00,2022-09-01,15,KERMAN_6_N002,KERMAN_6_N002,KERMAN_6_N002,RTPD,LMP,LMP_PRC,KERMAN_6_N002,ALL,1,125.43076,3,31
2022-09-01T22:30:00-00:00,2022-09-01T22:45:00-00:00,2022-09-01,16,KERMAN_6_N002,KERMAN_6_N002,KERMAN_6_N002,RTPD,LMP,LMP_PRC,KERMAN_6_N002,ALL,1,142.1397,3,31
2022-09-01T23:30:00-00:00,2022-09-01T23:45:00-00:00,2022-09-01,17,KERMAN_6_N002,KERMAN_6_N002,KERMAN_6_N002,RTPD,LMP,LMP_PRC,KERMAN_6_N002,ALL,1,591.4364,3,31
2022-09-02T00:30:00-00:00,2022-09-02T00:45:00-00:00,2022-09-01,18,KERMAN_6_N002,KERMAN_6_N002,KERMAN_6_N002,RTPD,LMP,LMP_PRC,KERMAN_6_N002,ALL,1,1730.4503,3,31
2022-09-02T01:30:00-00:00,2022-09-02T01:45:00-00:00,2022-09-01,19,KERMAN_6_N002,KERMAN_6_N002,KERMAN_6_N002,RTPD,LMP,LMP_PRC,KERMAN_6_N002,ALL,1,1999.9956,3,31
2022-09-02T02:30:00-00:00,2022-09-02T02:45:00-00:00,2022-09-01,20,KERMAN_6_N002,KERMAN_6_N002,KERMAN_6_N002,RTPD,LMP,LMP_PRC,KERMAN_6_N002,ALL,1,1991.671,3,31
2022-09-02T03:30:00-00:00,2022-09-02T03:45:00-00:00,2022-09-01,21,KERMAN_6_N002,KERMAN_6_N002,KERMAN_6_N002,RTPD,LMP,LMP_PRC,KERMAN_6_N002,ALL,1,242.13132,3,31
2022-09-02T04:30:00-00:00,2022-09-02T04:45:00-00:00,2022-09-01,22,KERMAN_6_N002,KERMAN_6_N002,KERMAN_6_N002,RTPD,LMP,LMP_PRC,KERMAN_6_N002,ALL,1,717.66364,3,31
2022-09-02T05:30:00-00:00,2022-09-02T05:45:00-00:00,2022-09-01,23,KERMAN_6_N002,KERMAN_6_N002,KERMAN_6_N002,RTPD,LMP,LMP_PRC,KERMAN_6_N002,ALL,1,149.13614,3,31
2022-09-02T06:30:00-00:00,2022-09-02T06:45:00-00:00,2022-09-01,24,KERMAN_6_N002,KERMAN_6_N002,KERMAN_6_N002,RTPD,LMP,LMP_PRC,KERMAN_6_N002,ALL,1,151.93872,3,31
2022-09-01T07:45:00-00:00,2022-09-01T08:00:00-00:00,2022-09-01,01,KERMAN_6_N002,KERMAN_6_N002,KERMAN_6_N002,RTPD,LMP,LMP_PRC,KERMAN_6_N002,ALL,1,88.30461,4,31
2022-09-01T08:45:00-00:00,2022-09-01T09:00:00-00:00,2022-09-01,02,KERMAN_6_N002,KERMAN_6_N002,KERMAN_6_N002,RTPD,LMP,LMP_PRC,KERMAN_6_N002,ALL,1,102.1553,4,31
2022-09-01T09:45:00-00:00,2022-09-01T10:00:00-00:00,2022-09-01,03,KERMAN_6_N002,KERMAN_6_N002,KERMAN_6_N002,RTPD,LMP,LMP_PRC,KERMAN_6_N002,ALL,1,100.87045,4,31
2022-09-01T10:45:00-00:00,2022-09-01T11:00:00-00:00,2022-09-01,04,KERMAN_6_N002,KERMAN_6_N002,KERMAN_6_N002,RTPD,LMP,LMP_PRC,KERMAN_6_N002,ALL,1,102.18861,4,31
2022-09-01T11:45:00-00:00,2022-09-01T12:00:00-00:00,2022-09-01,05,KERMAN_6_N002,KERMAN_6_N002,KERMAN_6_N002,RTPD,LMP,LMP_PRC,KERMAN_6_N002,ALL,1,107.01,4,31
2022-09-01T12:45:00-00:00,2022-09-01T13:00:00-00:00,2022-09-01,06,KERMAN_6_N002,KERMAN_6_N002,KERMAN_6_N002,RTPD,LMP,LMP_PRC,KERMAN_6_N002,ALL,1,113.82111,4,31
2022-09-01T13:45:00-00:00,2022-09-01T14:00:00-00:00,2022-09-01,07,KERMAN_6_N002,KERMAN_6_N002,KERMAN_6_N002,RTPD,LMP,LMP_PRC,KERMAN_6_N002,ALL,1,111.41,4,31
2022-09-01T14:45:00-00:00,2022-09-01T15:00:00-00:00,2022-09-01,08,KERMAN_6_N002,KERMAN_6_N002,KERMAN_6_N002,RTPD,LMP,LMP_PRC,KERMAN_6_N002,ALL,1,86.1388,4,31
2022-09-01T15:45:00-00:00,2022-09-01T16:00:00-00:00,2022-09-01,09,KERMAN_6_N002,KERMAN_6_N002,KERMAN_6_N002,RTPD,LMP,LMP_PRC,KERMAN_6_N002,ALL,1,78.70076,4,31
2022-09-01T16:45:00-00:00,2022-09-01T17:00:00-00:00,2022-09-01,10,KERMAN_6_N002,KERMAN_6_N002,KERMAN_6_N002,RTPD,LMP,LMP_PRC,KERMAN_6_N002,ALL,1,77.39198,4,31
2022-09-01T17:45:00-00:00,2022-09-01T18:00:00-00:00,2022-09-01,11,KERMAN_6_N002,KERMAN_6_N002,KERMAN_6_N002,RTPD,LMP,LMP_PRC,KERMAN_6_N002,ALL,1,76.68788,4,31
2022-09-01T18:45:00-00:00,2022-09-01T19:00:00-00:00,2022-09-01,12,KERMAN_6_N002,KERMAN_6_N002,KERMAN_6_N002,RTPD,LMP,LMP_PRC,KERMAN_6_N002,ALL,1,78.36638,4,31
2022-09-01T19:45:00-00:00,2022-09-01T20:00:00-00:00,2022-09-01,13,KERMAN_6_N002,KERMAN_6_N002,KERMAN_6_N002,RTPD,LMP,LMP_PRC,KERMAN_6_N002,ALL,1,104.924,4,31
2022-09-01T20:45:00-00:00,2022-09-01T21:00:00-00:00,2022-09-01,14,KERMAN_6_N002,KERMAN_6_N002,KERMAN_6_N002,RTPD,LMP,LMP_PRC,KERMAN_6_N002,ALL,1,122.36586,4,31
2022-09-01T21:45:00-00:00,2022-09-01T22:00:00-00:00,2022-09-01,15,KERMAN_6_N002,KERMAN_6_N002,KERMAN_6_N002,RTPD,LMP,LMP_PRC,KERMAN_6_N002,ALL,1,200.38533,4,31
2022-09-01T22:45:00-00:00,2022-09-01T23:00:00-00:00,2022-09-01,16,KERMAN_6_N002,KERMAN_6_N002,KERMAN_6_N002,RTPD,LMP,LMP_PRC,KERMAN_6_N002,ALL,1,143.44678,4,31
2022-09-01T23:45:00-00:00,2022-09-02T00:00:00-00:00,2022-09-01,17,KERMAN_6_N002,KERMAN_6_N002,KERMAN_6_N002,RTPD,LMP,LMP_PRC,KERMAN_6_N002,ALL,1,1610.7982,4,31
2022-09-02T00:45:00-00:00,2022-09-02T01:00:00-00:00,2022-09-01,18,KERMAN_6_N002,KERMAN_6_N002,KERMAN_6_N002,RTPD,LMP,LMP_PRC,KERMAN_6_N002,ALL,1,1770.5658,4,31
2022-09-02T01:45:00-00:00,2022-09-02T02:00:00-00:00,2022-09-01,19,KERMAN_6_N002,KERMAN_6_N002,KERMAN_6_N002,RTPD,LMP,LMP_PRC,KERMAN_6_N002,ALL,1,1991.9337,4,31
2022-09-02T02:45:00-00:00,2022-09-02T03:00:00-00:00,2022-09-01,20,KERMAN_6_N002,KERMAN_6_N002,KERMAN_6_N002,RTPD,LMP,LMP_PRC,KERMAN_6_N002,ALL,1,1975.1964,4,31
2022-09-02T03:45:00-00:00,2022-09-02T04:00:00-00:00,2022-09-01,21,KERMAN_6_N002,KERMAN_6_N002,KERMAN_6_N002,RTPD,LMP,LMP_PRC,KERMAN_6_N002,ALL,1,175.36562,4,31
2022-09-02T04:45:00-00:00,2022-09-02T05:00:00-00:00,2022-09-01,22,KERMAN_6_N002,KERMAN_6_N002,KERMAN_6_N002,RTPD,LMP,LMP_PRC,KERMAN_6_N002,ALL,1,151.06654,4,31
2022-09-02T05:45:00-00:00,2022-09-02T06:00:00-00:00,2022-09-01,23,KERMAN_6_N002,KERMAN_6_N002,KERMAN_6_N002,RTPD,LMP,LMP_PRC,KERMAN_6_N002,ALL,1,293.60638,4,31
2022-09-02T06:45:00-00:00,2022-09-02T07:00:00-00:00,2022-09-01,24,KERMAN_6_N002,KERMAN_6_N002,KERMAN_6_N002,RTPD,LMP,LMP_PRC,KERMAN_6_N002,ALL,1,125.98513,4,31
2022-09-01T07:00:00-00:00,2022-09-01T07:15:00-00:00,2022-09-01,01,KERMAN_6_N002,KERMAN_6_N002,KERMAN_6_N002,RTPD,MCC,LMP_CONG_PRC,KERMAN_6_N002,ALL,1,-23.82271,1,32
2022-09-01T08:00:00-00:00,2022-09-01T08:15:00-00:00,2022-09-01,02,KERMAN_6_N002,KERMAN_6_N002,KERMAN_6_N002,RTPD,MCC,LMP_CONG_PRC,KERMAN_6_N002,ALL,1,-3.77765,1,32
2022-09-01T09:00:00-00:00,2022-09-01T09:15:00-00:00,2022-09-01,03,KERMAN_6_N002,KERMAN_6_N002,KERMAN_6_N002,RTPD,MCC,LMP_CONG_PRC,KERMAN_6_N002,ALL,1,-5.06164,1,32
2022-09-01T10:00:00-00:00,2022-09-01T10:15:00-00:00,2022-09-01,04,KERMAN_6_N002,KERMAN_6_N002,KERMAN_6_N002,RTPD,MCC,LMP_CONG_PRC,KERMAN_6_N002,ALL,1,-4.39072,1,32
2022-09-01T11:00:00-00:00,2022-09-01T11:15:00-00:00,2022-09-01,05,KERMAN_6_N002,KERMAN_6_N002,KERMAN_6_N002,RTPD,MCC,LMP_CONG_PRC,KERMAN_6_N002,ALL,1,0,1,32
2022-09-01T12:00:00-00:00,2022-09-01T12:15:00-00:00,2022-09-01,06,KERMAN_6_N002,KERMAN_6_N002,KERMAN_6_N002,RTPD,MCC,LMP_CONG_PRC,KERMAN_6_N002,ALL,1,-11.2946,1,32
2022-09-01T13:00:00-00:00,2022-09-01T13:15:00-00:00,2022-09-01,07,KERMAN_6_N002,KERMAN_6_N002,KERMAN_6_N002,RTPD,MCC,LMP_CONG_PRC,KERMAN_6_N002,ALL,1,-14.97033,1,32
2022-09-01T14:00:00-00:00,2022-09-01T14:15:00-00:00,2022-09-01,08,KERMAN_6_N002,KERMAN_6_N002,KERMAN_6_N002,RTPD,MCC,LMP_CONG_PRC,KERMAN_6_N002,ALL,1,0,1,32
2022-09-01T15:00:00-00:00,2022-09-01T15:15:00-00:00,2022-09-01,09,KERMAN_6_N002,KERMAN_6_N002,KERMAN_6_N002,RTPD,MCC,LMP_CONG_PRC,KERMAN_6_N002,ALL,1,0,1,32
2022-09-01T16:00:00-00:00,2022-09-01T16:15:00-00:00,2022-09-01,10,KERMAN_6_N002,KERMAN_6_N002,KERMAN_6_N002,RTPD,MCC,LMP_CONG_PRC,KERMAN_6_N002,ALL,1,0,1,32
2022-09-01T17:00:00-00:00,2022-09-01T17:15:00-00:00,2022-09-01,11,KERMAN_6_N002,KERMAN_6_N002,KERMAN_6_N002,RTPD,MCC,LMP_CONG_PRC,KERMAN_6_N002,ALL,1,-18.63972,1,32
2022-09-01T18:00:00-00:00,2022-09-01T18:15:00-00:00,2022-09-01,12,KERMAN_6_N002,KERMAN_6_N002,KERMAN_6_N002,RTPD,MCC,LMP_CONG_PRC,KERMAN_6_N002,ALL,1,-36.10884,1,32
2022-09-01T19:00:00-00:00,2022-09-01T19:15:00-00:00,2022-09-01,13,KERMAN_6_N002,KERMAN_6_N002,KERMAN_6_N002,RTPD,MCC,LMP_CONG_PRC,KERMAN_6_N002,ALL,1,-40.00612,1,32
2022-09-01T20:00:00-00:00,2022-09-01T20:15:00-00:00,2022-09-01,14,KERMAN_6_N002,KERMAN_6_N002,KERMAN_6_N002,RTPD,MCC,LMP_CONG_PRC,KERMAN_6_N002,ALL,1,-3.93333,1,32
2022-09-01T21:00:00-00:00,2022-09-01T21:15:00-00:00,2022-09-01,15,KERMAN_6_N002,KERMAN_6_N002,KERMAN_6_N002,RTPD,MCC,LMP_CONG_PRC,KERMAN_6_N002,ALL,1,-110.76587,1,32
2022-09-01T22:00:00-00:00,2022-09-01T22:15:00-00:00,2022-09-01,16,KERMAN_6_N002,KERMAN_6_N002,KERMAN_6_N002,RTPD,MCC,LMP_CONG_PRC,KERMAN_6_N002,ALL,1,-119.99866,1,32
2022-09-01T23:00:00-00:00,2022-09-01T23:15:00-00:00,2022-09-01,17,KERMAN_6_N002,KERMAN_6_N002,KERMAN_6_N002,RTPD,MCC,LMP_CONG_PRC,KERMAN_6_N002,ALL,1,-193.8424,1,32
2022-09-02T00:00:00-00:00,2022-09-02T00:15:00-00:00,2022-09-01,18,KERMAN_6_N002,KERMAN_6_N002,KERMAN_6_N002,RTPD,MCC,LMP_CONG_PRC,KERMAN_6_N002,ALL,1,290.89676,1,32
2022-09-02T01:00:00-00:00,2022-09-02T01:15:00-00:00,2022-09-01,19,KERMAN_6_N002,KERMAN_6_N002,KERMAN_6_N002,RTPD,MCC,LMP_CONG_PRC,KERMAN_6_N002,ALL,1,335.55057,1,32
2022-09-02T02:00:00-00:00,2022-09-02T02:15:00-00:00,2022-09-01,20,KERMAN_6_N002,KERMAN_6_N002,KERMAN_6_N002,RTPD,MCC,LMP_CONG_PRC,KERMAN_6_N002,ALL,1,0,1,32
2022-09-02T03:00:00-00:00,2022-09-02T03:15:00-00:00,2022-09-01,21,KERMAN_6_N002,KERMAN_6_N002,KERMAN_6_N002,RTPD,MCC,LMP_CONG_PRC,KERMAN_6_N002,ALL,1,420.9032,1,32
2022-09-02T04:00:00-00:00,2022-09-02T04:15:00-00:00,2022-09-01,22,KERMAN_6_N002,KERMAN_6_N002,KERMAN_6_N002,RTPD,MCC,LMP_CONG_PRC,KERMAN_6_N002,ALL,1,1039.4796,1,32
2022-09-02T05:00:00-00:00,2022-09-02T05:15:00-00:00,2022-09-01,23,KERMAN_6_N002,KERMAN_6_N002,KERMAN_6_N002,RTPD,MCC,LMP_CONG_PRC,KERMAN_6_N002,ALL,1,0,1,32
2022-09-02T06:00:00-00:00,2022-09-02T06:15:00-00:00,2022-09-01,24,KERMAN_6_N002,KERMAN_6_N002,KERMAN_6_N002,RTPD,MCC,LMP_CONG_PRC,KERMAN_6_N002,ALL,1,137.72482,1,32
2022-09-01T07:15:00-00:00,2022-09-01T07:30:00-00:00,2022-09-01,01,KERMAN_6_N002,KERMAN_6_N002,KERMAN_6_N002,RTPD,MCC,LMP_CONG_PRC,KERMAN_6_N002,ALL,1,-11.31742,2,32
2022-09-01T08:15:00-00:00,2022-09-01T08:30:00-00:00,2022-09-01,02,KERMAN_6_N002,KERMAN_6_N002,KERMAN_6_N002,RTPD,MCC,LMP_CONG_PRC,KERMAN_6_N002,ALL,1,-1.03113,2,32
2022-09-01T09:15:00-00:00,2022-09-01T09:30:00-00:00,2022-09-01,03,KERMAN_6_N002,KERMAN_6_N002,KERMAN_6_N002,RTPD,MCC,LMP_CONG_PRC,KERMAN_6_N002,ALL,1,-6.65551,2,32
2022-09-01T10:15:00-00:00,2022-09-01T10:30:00-00:00,2022-09-01,04,KERMAN_6_N002,KERMAN_6_N002,KERMAN_6_N002,RTPD,MCC,LMP_CONG_PRC,KERMAN_6_N002,ALL,1,-6.21282,2,32
2022-09-01T11:15:00-00:00,2022-09-01T11:30:00-00:00,2022-09-01,05,KERMAN_6_N002,KERMAN_6_N002,KERMAN_6_N002,RTPD,MCC,LMP_CONG_PRC,KERMAN_6_N002,ALL,1,0,2,32
2022-09-01T12:15:00-00:00,2022-09-01T12:30:00-00:00,2022-09-01,06,KERMAN_6_N002,KERMAN_6_N002,KERMAN_6_N002,RTPD,MCC,LMP_CONG_PRC,KERMAN_6_N002,ALL,1,-6.90446,2,32
2022-09-01T13:15:00-00:00,2022-09-01T13:30:00-00:00,2022-09-01,07,KERMAN_6_N002,KERMAN_6_N002,KERMAN_6_N002,RTPD,MCC,LMP_CONG_PRC,KERMAN_6_N002,ALL,1,-0.64111,2,32
2022-09-01T14:15:00-00:00,2022-09-01T14:30:00-00:00,2022-09-01,08,KERMAN_6_N002,KERMAN_6_N002,KERMAN_6_N002,RTPD,MCC,LMP_CONG_PRC,KERMAN_6_N002,ALL,1,0,2,32
2022-09-01T15:15:00-00:00,2022-09-01T15:30:00-00:00,2022-09-01,09,KERMAN_6_N002,KERMAN_6_N002,KERMAN_6_N002,RTPD,MCC,LMP_CONG_PRC,KERMAN_6_N002,ALL,1,0,2,32
2022-09-01T16:15:00-00:00,2022-09-01T16:30:00-00:00,2022-09-01,10,KERMAN_6_N002,KERMAN_6_N002,KERMAN_6_N002,RTPD,MCC,LMP_CONG_PRC,KERMAN_6_N002,ALL,1,-1.83878,2,32
2022-09-01T17:15:00-00:00,2022-09-01T17:30:00-00:00,2022-09-01,11,KERMAN_6_N002,KERMAN_6_N002,KERMAN_6_N002,RTPD,MCC,LMP_CONG_PRC,KERMAN_6_N002,ALL,1,-22.79912,2,32
2022-09-01T18:15:00-00:00,2022-09-01T18:30:00-00:00,2022-09-01,12,KERMAN_6_N002,KERMAN_6_N002,KERMAN_6_N002,RTPD,MCC,LMP_CONG_PRC,KERMAN_6_N002,ALL,1,-29.54425,2,32
2022-09-01T19:15:00-00:00,2022-09-01T19:30:00-00:00,2022-09-01,13,KERMAN_6_N002,KERMAN_6_N002,KERMAN_6_N002,RTPD,MCC,LMP_CONG_PRC,KERMAN_6_N002,ALL,1,-32.94396,2,32
2022-09-01T20:15:00-00:00,2022-09-01T20:30:00-00:00,2022-09-01,14,KERMAN_6_N002,KERMAN_6_N002,KERMAN_6_N002,RTPD,MCC,LMP_CONG_PRC,KERMAN_6_N002,ALL,1,-3.52533,2,32
2022-09-01T21:15:00-00:00,2022-09-01T21:30:00-00:00,2022-09-01,15,KERMAN_6_N002,KERMAN_6_N002,KERMAN_6_N002,RTPD,MCC,LMP_CONG_PRC,KERMAN_6_N002,ALL,1,-29.93511,2,32
2022-09-01T22:15:00-00:00,2022-09-01T22:30:00-00:00,2022-09-01,16,KERMAN_6_N002,KERMAN_6_N002,KERMAN_6_N002,RTPD,MCC,LMP_CONG_PRC,KERMAN_6_N002,ALL,1,-131.64032,2,32
2022-09-01T23:15:00-00:00,2022-09-01T23:30:00-00:00,2022-09-01,17,KERMAN_6_N002,KERMAN_6_N002,KERMAN_6_N002,RTPD,MCC,LMP_CONG_PRC,KERMAN_6_N002,ALL,1,-111.54277,2,32
2022-09-02T00:15:00-00:00,2022-09-02T00:30:00-00:00,2022-09-01,18,KERMAN_6_N002,KERMAN_6_N002,KERMAN_6_N002,RTPD,MCC,LMP_CONG_PRC,KERMAN_6_N002,ALL,1,333.18906,2,32
2022-09-02T01:15:00-00:00,2022-09-02T01:30:00-00:00,2022-09-01,19,KERMAN_6_N002,KERMAN_6_N002,KERMAN_6_N002,RTPD,MCC,LMP_CONG_PRC,KERMAN_6_N002,ALL,1,0,2,32
2022-09-02T02:15:00-00:00,2022-09-02T02:30:00-00:00,2022-09-01,20,KERMAN_6_N002,KERMAN_6_N002,KERMAN_6_N002,RTPD,MCC,LMP_CONG_PRC,KERMAN_6_N002,ALL,1,0,2,32
2022-09-02T03:15:00-00:00,2022-09-02T03:30:00-00:00,2022-09-01,21,KERMAN_6_N002,KERMAN_6_N002,KERMAN_6_N002,RTPD,MCC,LMP_CONG_PRC,KERMAN_6_N002,ALL,1,151.89894,2,32
2022-09-02T04:15:00-00:00,2022-09-02T04:30:00-00:00,2022-09-01,22,KERMAN_6_N002,KERMAN_6_N002,KERMAN_6_N002,RTPD,MCC,LMP_CONG_PRC,KERMAN_6_N002,ALL,1,950.0089,2,32
2022-09-02T05:15:00-00:00,2022-09-02T05:30:00-00:00,2022-09-01,23,KERMAN_6_N002,KERMAN_6_N002,KERMAN_6_N002,RTPD,MCC,LMP_CONG_PRC,KERMAN_6_N002,ALL,1,0,2,32
2022-09-02T06:15:00-00:00,2022-09-02T06:30:00-00:00,2022-09-01,24,KERMAN_6_N002,KERMAN_6_N002,KERMAN_6_N002,RTPD,MCC,LMP_CONG_PRC,KERMAN_6_N002,ALL,1,4.25442,2,32
2022-09-01T07:30:00-00:00,2022-09-01T07:45:00-00:00,2022-09-01,01,KERMAN_6_N002,KERMAN_6_N002,KERMAN_6_N002,RTPD,MCC,LMP_CONG_PRC,KERMAN_6_N002,ALL,1,-18.26255,3,32
2022-09-01T08:30:00-00:00,2022-09-01T08:45:00-00:00,2022-09-01,02,KERMAN_6_N002,KERMAN_6_N002,KERMAN_6_N002,RTPD,MCC,LMP_CONG_PRC,KERMAN_6_N002,ALL,1,-0.00098,3,32
2022-09-01T09:30:00-00:00,2022-09-01T09:45:00-00:00,2022-09-01,03,KERMAN_6_N002,KERMAN_6_N002,KERMAN_6_N002,RTPD,MCC,LMP_CONG_PRC,KERMAN_6_N002,ALL,1,-6.58255,3,32
2022-09-01T10:30:00-00:00,2022-09-01T10:45:00-00:00,2022-09-01,04,KERMAN_6_N002,KERMAN_6_N002,KERMAN_6_N002,RTPD,MCC,LMP_CONG_PRC,KERMAN_6_N002,ALL,1,-3.50582,3,32
2022-09-01T11:30:00-00:00,2022-09-01T11:45:00-00:00,2022-09-01,05,KERMAN_6_N002,KERMAN_6_N002,KERMAN_6_N002,RTPD,MCC,LMP_CONG_PRC,KERMAN_6_N002,ALL,1,0,3,32
2022-09-01T12:30:00-00:00,2022-09-01T12:45:00-00:00,2022-09-01,06,KERMAN_6_N002,KERMAN_6_N002,KERMAN_6_N002,RTPD,MCC,LMP_CONG_PRC,KERMAN_6_N002,ALL,1,-11.95484,3,32
2022-09-01T13:30:00-00:00,2022-09-01T13:45:00-00:00,2022-09-01,07,KERMAN_6_N002,KERMAN_6_N002,KERMAN_6_N002,RTPD,MCC,LMP_CONG_PRC,KERMAN_6_N002,ALL,1,0,3,32
2022-09-01T14:30:00-00:00,2022-09-01T14:45:00-00:00,2022-09-01,08,KERMAN_6_N002,KERMAN_6_N002,KERMAN_6_N002,RTPD,MCC,LMP_CONG_PRC,KERMAN_6_N002,ALL,1,0,3,32
2022-09-01T15:30:00-00:00,2022-09-01T15:45:00-00:00,2022-09-01,09,KERMAN_6_N002,KERMAN_6_N002,KERMAN_6_N002,RTPD,MCC,LMP_CONG_PRC,KERMAN_6_N002,ALL,1,0,3,32
2022-09-01T16:30:00-00:00,2022-09-01T16:45:00-00:00,2022-09-01,10,KERMAN_6_N002,KERMAN_6_N002,KERMAN_6_N002,RTPD,MCC,LMP_CONG_PRC,KERMAN_6_N002,ALL,1,-15.38712,3,32
2022-09-01T17:30:00-00:00,2022-09-01T17:45:00-00:00,2022-09-01,11,KERMAN_6_N002,KERMAN_6_N002,KERMAN_6_N002,RTPD,MCC,LMP_CONG_PRC,KERMAN_6_N002,ALL,1,-22.86964,3,32
2022-09-01T18:30:00-00:00,2022-09-01T18:45:00-00:00,2022-09-01,12,KERMAN_6_N002,KERMAN_6_N002,KERMAN_6_N002,RTPD,MCC,LMP_CONG_PRC,KERMAN_6_N002,ALL,1,-30.79212,3,32
2022-09-01T19:30:00-00:00,2022-09-01T19:45:00-00:00,2022-09-01,13,KERMAN_6_N002,KERMAN_6_N002,KERMAN_6_N002,RTPD,MCC,LMP_CONG_PRC,KERMAN_6_N002,ALL,1,-14.1707,3,32
2022-09-01T20:30:00-00:00,2022-09-01T20:45:00-00:00,2022-09-01,14,KERMAN_6_N002,KERMAN_6_N002,KERMAN_6_N002,RTPD,MCC,LMP_CONG_PRC,KERMAN_6_N002,ALL,1,-14.22403,3,32
2022-09-01T21:30:00-00:00,2022-09-01T21:45:00-00:00,2022-09-01,15,KERMAN_6_N002,KERMAN_6_N002,KERMAN_6_N002,RTPD,MCC,LMP_CONG_PRC,KERMAN_6_N002,ALL,1,-27.49981,3,32
2022-09-01T22:30:00-00:00,2022-09-01T22:45:00-00:00,2022-09-01,16,KERMAN_6_N002,KERMAN_6_N002,KERMAN_6_N002,RTPD,MCC,LMP_CONG_PRC,KERMAN_6_N002,ALL,1,-141.04211,3,32
2022-09-01T23:30:00-00:00,2022-09-01T23:45:00-00:00,2022-09-01,17,KERMAN_6_N002,KERMAN_6_N002,KERMAN_6_N002,RTPD,MCC,LMP_CONG_PRC,KERMAN_6_N002,ALL,1,24.95479,3,32
2022-09-02T00:30:00-00:00,2022-09-02T00:45:00-00:00,2022-09-01,18,KERMAN_6_N002,KERMAN_6_N002,KERMAN_6_N002,RTPD,MCC,LMP_CONG_PRC,KERMAN_6_N002,ALL,1,401.33768,3,32
2022-09-02T01:30:00-00:00,2022-09-02T01:45:00-00:00,2022-09-01,19,KERMAN_6_N002,KERMAN_6_N002,KERMAN_6_N002,RTPD,MCC,LMP_CONG_PRC,KERMAN_6_N002,ALL,1,0,3,32
2022-09-02T02:30:00-00:00,2022-09-02T02:45:00-00:00,2022-09-01,20,KERMAN_6_N002,KERMAN_6_N002,KERMAN_6_N002,RTPD,MCC,LMP_CONG_PRC,KERMAN_6_N002,ALL,1,0,3,32
2022-09-02T03:30:00-00:00,2022-09-02T03:45:00-00:00,2022-09-01,21,KERMAN_6_N002,KERMAN_6_N002,KERMAN_6_N002,RTPD,MCC,LMP_CONG_PRC,KERMAN_6_N002,ALL,1,28.28549,3,32
2022-09-02T04:30:00-00:00,2022-09-02T04:45:00-00:00,2022-09-01,22,KERMAN_6_N002,KERMAN_6_N002,KERMAN_6_N002,RTPD,MCC,LMP_CONG_PRC,KERMAN_6_N002,ALL,1,508.78152,3,32
2022-09-02T05:30:00-00:00,2022-09-02T05:45:00-00:00,2022-09-01,23,KERMAN_6_N002,KERMAN_6_N002,KERMAN_6_N002,RTPD,MCC,LMP_CONG_PRC,KERMAN_6_N002,ALL,1,0,3,32
2022-09-02T06:30:00-00:00,2022-09-02T06:45:00-00:00,2022-09-01,24,KERMAN_6_N002,KERMAN_6_N002,KERMAN_6_N002,RTPD,MCC,LMP_CONG_PRC,KERMAN_6_N002,ALL,1,9.35637,3,32
2022-09-01T07:45:00-00:00,2022-09-01T08:00:00-00:00,2022-09-01,01,KERMAN_6_N002,KERMAN_6_N002,KERMAN_6_N002,RTPD,MCC,LMP_CONG_PRC,KERMAN_6_N002,ALL,1,-20.81638,4,32
2022-09-01T08:45:00-00:00,2022-09-01T09:00:00-00:00,2022-09-01,02,KERMAN_6_N002,KERMAN_6_N002,KERMAN_6_N002,RTPD,MCC,LMP_CONG_PRC,KERMAN_6_N002,ALL,1,-5.08154,4,32
2022-09-01T09:45:00-00:00,2022-09-01T10:00:00-00:00,2022-09-01,03,KERMAN_6_N002,KERMAN_6_N002,KERMAN_6_N002,RTPD,MCC,LMP_CONG_PRC,KERMAN_6_N002,ALL,1,-5.8875,4,32
2022-09-01T10:45:00-00:00,2022-09-01T11:00:00-00:00,2022-09-01,04,KERMAN_6_N002,KERMAN_6_N002,KERMAN_6_N002,RTPD,MCC,LMP_CONG_PRC,KERMAN_6_N002,ALL,1,-1.37786,4,32
2022-09-01T11:45:00-00:00,2022-09-01T12:00:00-00:00,2022-09-01,05,KERMAN_6_N002,KERMAN_6_N002,KERMAN_6_N002,RTPD,MCC,LMP_CONG_PRC,KERMAN_6_N002,ALL,1,0,4,32
2022-09-01T12:45:00-00:00,2022-09-01T13:00:00-00:00,2022-09-01,06,KERMAN_6_N002,KERMAN_6_N002,KERMAN_6_N002,RTPD,MCC,LMP_CONG_PRC,KERMAN_6_N002,ALL,1,-2.66369,4,32
2022-09-01T13:45:00-00:00,2022-09-01T14:00:00-00:00,2022-09-01,07,KERMAN_6_N002,KERMAN_6_N002,KERMAN_6_N002,RTPD,MCC,LMP_CONG_PRC,KERMAN_6_N002,ALL,1,0,4,32
2022-09-01T14:45:00-00:00,2022-09-01T15:00:00-00:00,2022-09-01,08,KERMAN_6_N002,KERMAN_6_N002,KERMAN_6_N002,RTPD,MCC,LMP_CONG_PRC,KERMAN_6_N002,ALL,1,0,4,32
2022-09-01T15:45:00-00:00,2022-09-01T16:00:00-00:00,2022-09-01,09,KERMAN_6_N002,KERMAN_6_N002,KERMAN_6_N002,RTPD,MCC,LMP_CONG_PRC,KERMAN_6_N002,ALL,1,0,4,32
2022-09-01T16:45:00-00:00,2022-09-01T17:00:00-00:00,2022-09-01,10,KERMAN_6_N002,KERMAN_6_N002,KERMAN_6_N002,RTPD,MCC,LMP_CONG_PRC,KERMAN_6_N002,ALL,1,-13.85735,4,32
2022-09-01T17:45:00-00:00,2022-09-01T18:00:00-00:00,2022-09-01,11,KERMAN_6_N002,KERMAN_6_N002,KERMAN_6_N002,RTPD,MCC,LMP_CONG_PRC,KERMAN_6_N002,ALL,1,-22.51756,4,32
2022-09-01T18:45:00-00:00,2022-09-01T19:00:00-00:00,2022-09-01,12,KERMAN_6_N002,KERMAN_6_N002,KERMAN_6_N002,RTPD,MCC,LMP_CONG_PRC,KERMAN_6_N002,ALL,1,-30.67426,4,32
2022-09-01T19:45:00-00:00,2022-09-01T20:00:00-00:00,2022-09-01,13,KERMAN_6_N002,KERMAN_6_N002,KERMAN_6_N002,RTPD,MCC,LMP_CONG_PRC,KERMAN_6_N002,ALL,1,-15.30091,4,32
2022-09-01T20:45:00-00:00,2022-09-01T21:00:00-00:00,2022-09-01,14,KERMAN_6_N002,KERMAN_6_N002,KERMAN_6_N002,RTPD,MCC,LMP_CONG_PRC,KERMAN_6_N002,ALL,1,-31.65923,4,32
2022-09-01T21:45:00-00:00,2022-09-01T22:00:00-00:00,2022-09-01,15,KERMAN_6_N002,KERMAN_6_N002,KERMAN_6_N002,RTPD,MCC,LMP_CONG_PRC,KERMAN_6_N002,ALL,1,-99.90843,4,32
2022-09-01T22:45:00-00:00,2022-09-01T23:00:00-00:00,2022-09-01,16,KERMAN_6_N002,KERMAN_6_N002,KERMAN_6_N002,RTPD,MCC,LMP_CONG_PRC,KERMAN_6_N002,ALL,1,-286.46692,4,32
2022-09-01T23:45:00-00:00,2022-09-02T00:00:00-00:00,2022-09-01,17,KERMAN_6_N002,KERMAN_6_N002,KERMAN_6_N002,RTPD,MCC,LMP_CONG_PRC,KERMAN_6_N002,ALL,1,349.5858,4,32
2022-09-02T00:45:00-00:00,2022-09-02T01:00:00-00:00,2022-09-01,18,KERMAN_6_N002,KERMAN_6_N002,KERMAN_6_N002,RTPD,MCC,LMP_CONG_PRC,KERMAN_6_N002,ALL,1,251.41673,4,32
2022-09-02T01:45:00-00:00,2022-09-02T02:00:00-00:00,2022-09-01,19,KERMAN_6_N002,KERMAN_6_N002,KERMAN_6_N002,RTPD,MCC,LMP_CONG_PRC,KERMAN_6_N002,ALL,1,0,4,32
2022-09-02T02:45:00-00:00,2022-09-02T03:00:00-00:00,2022-09-01,20,KERMAN_6_N002,KERMAN_6_N002,KERMAN_6_N002,RTPD,MCC,LMP_CONG_PRC,KERMAN_6_N002,ALL,1,114.49472,4,32
2022-09-02T03:45:00-00:00,2022-09-02T04:00:00-00:00,2022-09-01,21,KERMAN_6_N002,KERMAN_6_N002,KERMAN_6_N002,RTPD,MCC,LMP_CONG_PRC,KERMAN_6_N002,ALL,1,16.47356,4,32
2022-09-02T04:45:00-00:00,2022-09-02T05:00:00-00:00,2022-09-01,22,KERMAN_6_N002,KERMAN_6_N002,KERMAN_6_N002,RTPD,MCC,LMP_CONG_PRC,KERMAN_6_N002,ALL,1,5.9728,4,32
2022-09-02T05:45:00-00:00,2022-09-02T06:00:00-00:00,2022-09-01,23,KERMAN_6_N002,KERMAN_6_N002,KERMAN_6_N002,RTPD,MCC,LMP_CONG_PRC,KERMAN_6_N002,ALL,1,161.24394,4,32
2022-09-02T06:45:00-00:00,2022-09-02T07:00:00-00:00,2022-09-01,24,KERMAN_6_N002,KERMAN_6_N002,KERMAN_6_N002,RTPD,MCC,LMP_CONG_PRC,KERMAN_6_N002,ALL,1,5.85065,4,32
2022-09-01T07:00:00-00:00,2022-09-01T07:15:00-00:00,2022-09-01,01,KERMAN_6_N002,KERMAN_6_N002,KERMAN_6_N002,RTPD,MCE,LMP_ENE_PRC,KERMAN_6_N002,ALL,1,104.23471,1,33
2022-09-01T08:00:00-00:00,2022-09-01T08:15:00-00:00,2022-09-01,02,KERMAN_6_N002,KERMAN_6_N002,KERMAN_6_N002,RTPD,MCE,LMP_ENE_PRC,KERMAN_6_N002,ALL,1,115.5488,1,33
2022-09-01T09:00:00-00:00,2022-09-01T09:15:00-00:00,2022-09-01,03,KERMAN_6_N002,KERMAN_6_N002,KERMAN_6_N002,RTPD,MCE,LMP_ENE_PRC,KERMAN_6_N002,ALL,1,99.73061,1,33
2022-09-01T10:00:00-00:00,2022-09-01T10:15:00-00:00,2022-09-01,04,KERMAN_6_N002,KERMAN_6_N002,KERMAN_6_N002,RTPD,MCE,LMP_ENE_PRC,KERMAN_6_N002,ALL,1,98.64222,1,33
2022-09-01T11:00:00-00:00,2022-09-01T11:15:00-00:00,2022-09-01,05,KERMAN_6_N002,KERMAN_6_N002,KERMAN_6_N002,RTPD,MCE,LMP_ENE_PRC,KERMAN_6_N002,ALL,1,102.56859,1,33
2022-09-01T12:00:00-00:00,2022-09-01T12:15:00-00:00,2022-09-01,06,KERMAN_6_N002,KERMAN_6_N002,KERMAN_6_N002,RTPD,MCE,LMP_ENE_PRC,KERMAN_6_N002,ALL,1,96.90845,1,33
2022-09-01T13:00:00-00:00,2022-09-01T13:15:00-00:00,2022-09-01,07,KERMAN_6_N002,KERMAN_6_N002,KERMAN_6_N002,RTPD,MCE,LMP_ENE_PRC,KERMAN_6_N002,ALL,1,101.80878,1,33
2022-09-01T14:00:00-00:00,2022-09-01T14:15:00-00:00,2022-09-01,08,KERMAN_6_N002,KERMAN_6_N002,KERMAN_6_N002,RTPD,MCE,LMP_ENE_PRC,KERMAN_6_N002,ALL,1,111.11219,1,33
2022-09-01T15:00:00-00:00,2022-09-01T15:15:00-00:00,2022-09-01,09,KERMAN_6_N002,KERMAN_6_N002,KERMAN_6_N002,RTPD,MCE,LMP_ENE_PRC,KERMAN_6_N002,ALL,1,97.4112,1,33
2022-09-01T16:00:00-00:00,2022-09-01T16:15:00-00:00,2022-09-01,10,KERMAN_6_N002,KERMAN_6_N002,KERMAN_6_N002,RTPD,MCE,LMP_ENE_PRC,KERMAN_6_N002,ALL,1,83.43525,1,33
2022-09-01T17:00:00-00:00,2022-09-01T17:15:00-00:00,2022-09-01,11,KERMAN_6_N002,KERMAN_6_N002,KERMAN_6_N002,RTPD,MCE,LMP_ENE_PRC,KERMAN_6_N002,ALL,1,96.94897,1,33
2022-09-01T18:00:00-00:00,2022-09-01T18:15:00-00:00,2022-09-01,12,KERMAN_6_N002,KERMAN_6_N002,KERMAN_6_N002,RTPD,MCE,LMP_ENE_PRC,KERMAN_6_N002,ALL,1,91.59291,1,33
2022-09-01T19:00:00-00:00,2022-09-01T19:15:00-00:00,2022-09-01,13,KERMAN_6_N002,KERMAN_6_N002,KERMAN_6_N002,RTPD,MCE,LMP_ENE_PRC,KERMAN_6_N002,ALL,1,109.19637,1,33
2022-09-01T20:00:00-00:00,2022-09-01T20:15:00-00:00,2022-09-01,14,KERMAN_6_N002,KERMAN_6_N002,KERMAN_6_N002,RTPD,MCE,LMP_ENE_PRC,KERMAN_6_N002,ALL,1,117.94359,1,33
2022-09-01T21:00:00-00:00,2022-09-01T21:15:00-00:00,2022-09-01,15,KERMAN_6_N002,KERMAN_6_N002,KERMAN_6_N002,RTPD,MCE,LMP_ENE_PRC,KERMAN_6_N002,ALL,1,226.61499,1,33
2022-09-01T22:00:00-00:00,2022-09-01T22:15:00-00:00,2022-09-01,16,KERMAN_6_N002,KERMAN_6_N002,KERMAN_6_N002,RTPD,MCE,LMP_ENE_PRC,KERMAN_6_N002,ALL,1,229.18552,1,33
2022-09-01T23:00:00-00:00,2022-09-01T23:15:00-00:00,2022-09-01,17,KERMAN_6_N002,KERMAN_6_N002,KERMAN_6_N002,RTPD,MCE,LMP_ENE_PRC,KERMAN_6_N002,ALL,1,386.7537,1,33
2022-09-02T00:00:00-00:00,2022-09-02T00:15:00-00:00,2022-09-01,18,KERMAN_6_N002,KERMAN_6_N002,KERMAN_6_N002,RTPD,MCE,LMP_ENE_PRC,KERMAN_6_N002,ALL,1,770.58136,1,33
2022-09-02T01:00:00-00:00,2022-09-02T01:15:00-00:00,2022-09-01,19,KERMAN_6_N002,KERMAN_6_N002,KERMAN_6_N002,RTPD,MCE,LMP_ENE_PRC,KERMAN_6_N002,ALL,1,916.27124,1,33
2022-09-02T02:00:00-00:00,2022-09-02T02:15:00-00:00,2022-09-01,20,KERMAN_6_N002,KERMAN_6_N002,KERMAN_6_N002,RTPD,MCE,LMP_ENE_PRC,KERMAN_6_N002,ALL,1,1991.6721,1,33
2022-09-02T03:00:00-00:00,2022-09-02T03:15:00-00:00,2022-09-01,21,KERMAN_6_N002,KERMAN_6_N002,KERMAN_6_N002,RTPD,MCE,LMP_ENE_PRC,KERMAN_6_N002,ALL,1,917.5508,1,33
2022-09-02T04:00:00-00:00,2022-09-02T04:15:00-00:00,2022-09-01,22,KERMAN_6_N002,KERMAN_6_N002,KERMAN_6_N002,RTPD,MCE,LMP_ENE_PRC,KERMAN_6_N002,ALL,1,257.83005,1,33
2022-09-02T05:00:00-00:00,2022-09-02T05:15:00-00:00,2022-09-01,23,KERMAN_6_N002,KERMAN_6_N002,KERMAN_6_N002,RTPD,MCE,LMP_ENE_PRC,KERMAN_6_N002,ALL,1,183.24657,1,33
2022-09-02T06:00:00-00:00,2022-09-02T06:15:00-00:00,2022-09-01,24,KERMAN_6_N002,KERMAN_6_N002,KERMAN_6_N002,RTPD,MCE,LMP_ENE_PRC,KERMAN_6_N002,ALL,1,158.867,1,33
2022-09-01T07:15:00-00:00,2022-09-01T07:30:00-00:00,2022-09-01,01,KERMAN_6_N002,KERMAN_6_N002,KERMAN_6_N002,RTPD,MCE,LMP_ENE_PRC,KERMAN_6_N002,ALL,1,125.55144,2,33
2022-09-01T08:15:00-00:00,2022-09-01T08:30:00-00:00,2022-09-01,02,KERMAN_6_N002,KERMAN_6_N002,KERMAN_6_N002,RTPD,MCE,LMP_ENE_PRC,KERMAN_6_N002,ALL,1,115.53165,2,33
2022-09-01T09:15:00-00:00,2022-09-01T09:30:00-00:00,2022-09-01,03,KERMAN_6_N002,KERMAN_6_N002,KERMAN_6_N002,RTPD,MCE,LMP_ENE_PRC,KERMAN_6_N002,ALL,1,98.30543,2,33
2022-09-01T10:15:00-00:00,2022-09-01T10:30:00-00:00,2022-09-01,04,KERMAN_6_N002,KERMAN_6_N002,KERMAN_6_N002,RTPD,MCE,LMP_ENE_PRC,KERMAN_6_N002,ALL,1,97.00684,2,33
2022-09-01T11:15:00-00:00,2022-09-01T11:30:00-00:00,2022-09-01,05,KERMAN_6_N002,KERMAN_6_N002,KERMAN_6_N002,RTPD,MCE,LMP_ENE_PRC,KERMAN_6_N002,ALL,1,103.09059,2,33
2022-09-01T12:15:00-00:00,2022-09-01T12:30:00-00:00,2022-09-01,06,KERMAN_6_N002,KERMAN_6_N002,KERMAN_6_N002,RTPD,MCE,LMP_ENE_PRC,KERMAN_6_N002,ALL,1,109.32203,2,33
2022-09-01T13:15:00-00:00,2022-09-01T13:30:00-00:00,2022-09-01,07,KERMAN_6_N002,KERMAN_6_N002,KERMAN_6_N002,RTPD,MCE,LMP_ENE_PRC,KERMAN_6_N002,ALL,1,110.97827,2,33
2022-09-01T14:15:00-00:00,2022-09-01T14:30:00-00:00,2022-09-01,08,KERMAN_6_N002,KERMAN_6_N002,KERMAN_6_N002,RTPD,MCE,LMP_ENE_PRC,KERMAN_6_N002,ALL,1,104.78743,2,33
2022-09-01T15:15:00-00:00,2022-09-01T15:30:00-00:00,2022-09-01,09,KERMAN_6_N002,KERMAN_6_N002,KERMAN_6_N002,RTPD,MCE,LMP_ENE_PRC,KERMAN_6_N002,ALL,1,86.9388,2,33
2022-09-01T16:15:00-00:00,2022-09-01T16:30:00-00:00,2022-09-01,10,KERMAN_6_N002,KERMAN_6_N002,KERMAN_6_N002,RTPD,MCE,LMP_ENE_PRC,KERMAN_6_N002,ALL,1,89.44858,2,33
2022-09-01T17:15:00-00:00,2022-09-01T17:30:00-00:00,2022-09-01,11,KERMAN_6_N002,KERMAN_6_N002,KERMAN_6_N002,RTPD,MCE,LMP_ENE_PRC,KERMAN_6_N002,ALL,1,99.34673,2,33
2022-09-01T18:15:00-00:00,2022-09-01T18:30:00-00:00,2022-09-01,12,KERMAN_6_N002,KERMAN_6_N002,KERMAN_6_N002,RTPD,MCE,LMP_ENE_PRC,KERMAN_6_N002,ALL,1,101.15901,2,33
2022-09-01T19:15:00-00:00,2022-09-01T19:30:00-00:00,2022-09-01,13,KERMAN_6_N002,KERMAN_6_N002,KERMAN_6_N002,RTPD,MCE,LMP_ENE_PRC,KERMAN_6_N002,ALL,1,105.30588,2,33
2022-09-01T20:15:00-00:00,2022-09-01T20:30:00-00:00,2022-09-01,14,KERMAN_6_N002,KERMAN_6_N002,KERMAN_6_N002,RTPD,MCE,LMP_ENE_PRC,KERMAN_6_N002,ALL,1,117.49421,2,33
2022-09-01T21:15:00-00:00,2022-09-01T21:30:00-00:00,2022-09-01,15,KERMAN_6_N002,KERMAN_6_N002,KERMAN_6_N002,RTPD,MCE,LMP_ENE_PRC,KERMAN_6_N002,ALL,1,147.21185,2,33
2022-09-01T22:15:00-00:00,2022-09-01T22:30:00-00:00,2022-09-01,16,KERMAN_6_N002,KERMAN_6_N002,KERMAN_6_N002,RTPD,MCE,LMP_ENE_PRC,KERMAN_6_N002,ALL,1,256.58734,2,33
2022-09-01T23:15:00-00:00,2022-09-01T23:30:00-00:00,2022-09-01,17,KERMAN_6_N002,KERMAN_6_N002,KERMAN_6_N002,RTPD,MCE,LMP_ENE_PRC,KERMAN_6_N002,ALL,1,362.12408,2,33
2022-09-02T00:15:00-00:00,2022-09-02T00:30:00-00:00,2022-09-01,18,KERMAN_6_N002,KERMAN_6_N002,KERMAN_6_N002,RTPD,MCE,LMP_ENE_PRC,KERMAN_6_N002,ALL,1,691.2182,2,33
2022-09-02T01:15:00-00:00,2022-09-02T01:30:00-00:00,2022-09-01,19,KERMAN_6_N002,KERMAN_6_N002,KERMAN_6_N002,RTPD,MCE,LMP_ENE_PRC,KERMAN_6_N002,ALL,1,1999.9933,2,33
2022-09-02T02:15:00-00:00,2022-09-02T02:30:00-00:00,2022-09-01,20,KERMAN_6_N002,KERMAN_6_N002,KERMAN_6_N002,RTPD,MCE,LMP_ENE_PRC,KERMAN_6_N002,ALL,1,1991.6721,2,33
2022-09-02T03:15:00-00:00,2022-09-02T03:30:00-00:00,2022-09-01,21,KERMAN_6_N002,KERMAN_6_N002,KERMAN_6_N002,RTPD,MCE,LMP_ENE_PRC,KERMAN_6_N002,ALL,1,400.52884,2,33
2022-09-02T04:15:00-00:00,2022-09-02T04:30:00-00:00,2022-09-01,22,KERMAN_6_N002,KERMAN_6_N002,KERMAN_6_N002,RTPD,MCE,LMP_ENE_PRC,KERMAN_6_N002,ALL,1,224.75041,2,33
2022-09-02T05:15:00-00:00,2022-09-02T05:30:00-00:00,2022-09-01,23,KERMAN_6_N002,KERMAN_6_N002,KERMAN_6_N002,RTPD,MCE,LMP_ENE_PRC,KERMAN_6_N002,ALL,1,157.11986,2,33
2022-09-02T06:15:00-00:00,2022-09-02T06:30:00-00:00,2022-09-01,24,KERMAN_6_N002,KERMAN_6_N002,KERMAN_6_N002,RTPD,MCE,LMP_ENE_PRC,KERMAN_6_N002,ALL,1,143.1005,2,33
2022-09-01T07:30:00-00:00,2022-09-01T07:45:00-00:00,2022-09-01,01,KERMAN_6_N002,KERMAN_6_N002,KERMAN_6_N002,RTPD,MCE,LMP_ENE_PRC,KERMAN_6_N002,ALL,1,119.03196,3,33
2022-09-01T08:30:00-00:00,2022-09-01T08:45:00-00:00,2022-09-01,02,KERMAN_6_N002,KERMAN_6_N002,KERMAN_6_N002,RTPD,MCE,LMP_ENE_PRC,KERMAN_6_N002,ALL,1,111.11241,3,33
2022-09-01T09:30:00-00:00,2022-09-01T09:45:00-00:00,2022-09-01,03,KERMAN_6_N002,KERMAN_6_N002,KERMAN_6_N002,RTPD,MCE,LMP_ENE_PRC,KERMAN_6_N002,ALL,1,98.16228,3,33
2022-09-01T10:30:00-00:00,2022-09-01T10:45:00-00:00,2022-09-01,04,KERMAN_6_N002,KERMAN_6_N002,KERMAN_6_N002,RTPD,MCE,LMP_ENE_PRC,KERMAN_6_N002,ALL,1,96.36226,3,33
2022-09-01T11:30:00-00:00,2022-09-01T11:45:00-00:00,2022-09-01,05,KERMAN_6_N002,KERMAN_6_N002,KERMAN_6_N002,RTPD,MCE,LMP_ENE_PRC,KERMAN_6_N002,ALL,1,103.06198,3,33
2022-09-01T12:30:00-00:00,2022-09-01T12:45:00-00:00,2022-09-01,06,KERMAN_6_N002,KERMAN_6_N002,KERMAN_6_N002,RTPD,MCE,LMP_ENE_PRC,KERMAN_6_N002,ALL,1,113.57403,3,33
2022-09-01T13:30:00-00:00,2022-09-01T13:45:00-00:00,2022-09-01,07,KERMAN_6_N002,KERMAN_6_N002,KERMAN_6_N002,RTPD,MCE,LMP_ENE_PRC,KERMAN_6_N002,ALL,1,111.52025,3,33
2022-09-01T14:30:00-00:00,2022-09-01T14:45:00-00:00,2022-09-01,08,KERMAN_6_N002,KERMAN_6_N002,KERMAN_6_N002,RTPD,MCE,LMP_ENE_PRC,KERMAN_6_N002,ALL,1,101.83428,3,33
2022-09-01T15:30:00-00:00,2022-09-01T15:45:00-00:00,2022-09-01,09,KERMAN_6_N002,KERMAN_6_N002,KERMAN_6_N002,RTPD,MCE,LMP_ENE_PRC,KERMAN_6_N002,ALL,1,86.1388,3,33
2022-09-01T16:30:00-00:00,2022-09-01T16:45:00-00:00,2022-09-01,10,KERMAN_6_N002,KERMAN_6_N002,KERMAN_6_N002,RTPD,MCE,LMP_ENE_PRC,KERMAN_6_N002,ALL,1,88.79644,3,33
2022-09-01T17:30:00-00:00,2022-09-01T17:45:00-00:00,2022-09-01,11,KERMAN_6_N002,KERMAN_6_N002,KERMAN_6_N002,RTPD,MCE,LMP_ENE_PRC,KERMAN_6_N002,ALL,1,99.13013,3,33
2022-09-01T18:30:00-00:00,2022-09-01T18:45:00-00:00,2022-09-01,12,KERMAN_6_N002,KERMAN_6_N002,KERMAN_6_N002,RTPD,MCE,LMP_ENE_PRC,KERMAN_6_N002,ALL,1,107.05718,3,33
2022-09-01T19:30:00-00:00,2022-09-01T19:45:00-00:00,2022-09-01,13,KERMAN_6_N002,KERMAN_6_N002,KERMAN_6_N002,RTPD,MCE,LMP_ENE_PRC,KERMAN_6_N002,ALL,1,114.05905,3,33
2022-09-01T20:30:00-00:00,2022-09-01T20:45:00-00:00,2022-09-01,14,KERMAN_6_N002,KERMAN_6_N002,KERMAN_6_N002,RTPD,MCE,LMP_ENE_PRC,KERMAN_6_N002,ALL,1,129.81606,3,33
2022-09-01T21:30:00-00:00,2022-09-01T21:45:00-00:00,2022-09-01,15,KERMAN_6_N002,KERMAN_6_N002,KERMAN_6_N002,RTPD,MCE,LMP_ENE_PRC,KERMAN_6_N002,ALL,1,152.93057,3,33
2022-09-01T22:30:00-00:00,2022-09-01T22:45:00-00:00,2022-09-01,16,KERMAN_6_N002,KERMAN_6_N002,KERMAN_6_N002,RTPD,MCE,LMP_ENE_PRC,KERMAN_6_N002,ALL,1,283.18182,3,33
2022-09-01T23:30:00-00:00,2022-09-01T23:45:00-00:00,2022-09-01,17,KERMAN_6_N002,KERMAN_6_N002,KERMAN_6_N002,RTPD,MCE,LMP_ENE_PRC,KERMAN_6_N002,ALL,1,566.48157,3,33
2022-09-02T00:30:00-00:00,2022-09-02T00:45:00-00:00,2022-09-01,18,KERMAN_6_N002,KERMAN_6_N002,KERMAN_6_N002,RTPD,MCE,LMP_ENE_PRC,KERMAN_6_N002,ALL,1,1329.1127,3,33
2022-09-02T01:30:00-00:00,2022-09-02T01:45:00-00:00,2022-09-01,19,KERMAN_6_N002,KERMAN_6_N002,KERMAN_6_N002,RTPD,MCE,LMP_ENE_PRC,KERMAN_6_N002,ALL,1,1999.9956,3,33
2022-09-02T02:30:00-00:00,2022-09-02T02:45:00-00:00,2022-09-01,20,KERMAN_6_N002,KERMAN_6_N002,KERMAN_6_N002,RTPD,MCE,LMP_ENE_PRC,KERMAN_6_N002,ALL,1,1991.671,3,33
2022-09-02T03:30:00-00:00,2022-09-02T03:45:00-00:00,2022-09-01,21,KERMAN_6_N002,KERMAN_6_N002,KERMAN_6_N002,RTPD,MCE,LMP_ENE_PRC,KERMAN_6_N002,ALL,1,186.61823,3,33
2022-09-02T04:30:00-00:00,2022-09-02T04:45:00-00:00,2022-09-01,22,KERMAN_6_N002,KERMAN_6_N002,KERMAN_6_N002,RTPD,MCE,LMP_ENE_PRC,KERMAN_6_N002,ALL,1,180.67824,3,33
2022-09-02T05:30:00-00:00,2022-09-02T05:45:00-00:00,2022-09-01,23,KERMAN_6_N002,KERMAN_6_N002,KERMAN_6_N002,RTPD,MCE,LMP_ENE_PRC,KERMAN_6_N002,ALL,1,131.69917,3,33
2022-09-02T06:30:00-00:00,2022-09-02T06:45:00-00:00,2022-09-01,24,KERMAN_6_N002,KERMAN_6_N002,KERMAN_6_N002,RTPD,MCE,LMP_ENE_PRC,KERMAN_6_N002,ALL,1,128.9871,3,33
2022-09-01T07:45:00-00:00,2022-09-01T08:00:00-00:00,2022-09-01,01,KERMAN_6_N002,KERMAN_6_N002,KERMAN_6_N002,RTPD,MCE,LMP_ENE_PRC,KERMAN_6_N002,ALL,1,109.12099,4,33
2022-09-01T08:45:00-00:00,2022-09-01T09:00:00-00:00,2022-09-01,02,KERMAN_6_N002,KERMAN_6_N002,KERMAN_6_N002,RTPD,MCE,LMP_ENE_PRC,KERMAN_6_N002,ALL,1,98.7357,4,33
2022-09-01T09:45:00-00:00,2022-09-01T10:00:00-00:00,2022-09-01,03,KERMAN_6_N002,KERMAN_6_N002,KERMAN_6_N002,RTPD,MCE,LMP_ENE_PRC,KERMAN_6_N002,ALL,1,97.50475,4,33
2022-09-01T10:45:00-00:00,2022-09-01T11:00:00-00:00,2022-09-01,04,KERMAN_6_N002,KERMAN_6_N002,KERMAN_6_N002,RTPD,MCE,LMP_ENE_PRC,KERMAN_6_N002,ALL,1,94.71966,4,33
2022-09-01T11:45:00-00:00,2022-09-01T12:00:00-00:00,2022-09-01,05,KERMAN_6_N002,KERMAN_6_N002,KERMAN_6_N002,RTPD,MCE,LMP_ENE_PRC,KERMAN_6_N002,ALL,1,107.01,4,33
2022-09-01T12:45:00-00:00,2022-09-01T13:00:00-00:00,2022-09-01,06,KERMAN_6_N002,KERMAN_6_N002,KERMAN_6_N002,RTPD,MCE,LMP_ENE_PRC,KERMAN_6_N002,ALL,1,116.4848,4,33
2022-09-01T13:45:00-00:00,2022-09-01T14:00:00-00:00,2022-09-01,07,KERMAN_6_N002,KERMAN_6_N002,KERMAN_6_N002,RTPD,MCE,LMP_ENE_PRC,KERMAN_6_N002,ALL,1,111.41,4,33
2022-09-01T14:45:00-00:00,2022-09-01T15:00:00-00:00,2022-09-01,08,KERMAN_6_N002,KERMAN_6_N002,KERMAN_6_N002,RTPD,MCE,LMP_ENE_PRC,KERMAN_6_N002,ALL,1,86.1388,4,33
2022-09-01T15:45:00-00:00,2022-09-01T16:00:00-00:00,2022-09-01,09,KERMAN_6_N002,KERMAN_6_N002,KERMAN_6_N002,RTPD,MCE,LMP_ENE_PRC,KERMAN_6_N002,ALL,1,78.70076,4,33
2022-09-01T16:45:00-00:00,2022-09-01T17:00:00-00:00,2022-09-01,10,KERMAN_6_N002,KERMAN_6_N002,KERMAN_6_N002,RTPD,MCE,LMP_ENE_PRC,KERMAN_6_N002,ALL,1,91.24933,4,33
2022-09-01T17:45:00-00:00,2022-09-01T18:00:00-00:00,2022-09-01,11,KERMAN_6_N002,KERMAN_6_N002,KERMAN_6_N002,RTPD,MCE,LMP_ENE_PRC,KERMAN_6_N002,ALL,1,99.20544,4,33
2022-09-01T18:45:00-00:00,2022-09-01T19:00:00-00:00,2022-09-01,12,KERMAN_6_N002,KERMAN_6_N002,KERMAN_6_N002,RTPD,MCE,LMP_ENE_PRC,KERMAN_6_N002,ALL,1,109.04064,4,33
2022-09-01T19:45:00-00:00,2022-09-01T20:00:00-00:00,2022-09-01,13,KERMAN_6_N002,KERMAN_6_N002,KERMAN_6_N002,RTPD,MCE,LMP_ENE_PRC,KERMAN_6_N002,ALL,1,120.22491,4,33
2022-09-01T20:45:00-00:00,2022-09-01T21:00:00-00:00,2022-09-01,14,KERMAN_6_N002,KERMAN_6_N002,KERMAN_6_N002,RTPD,MCE,LMP_ENE_PRC,KERMAN_6_N002,ALL,1,154.02509,4,33
2022-09-01T21:45:00-00:00,2022-09-01T22:00:00-00:00,2022-09-01,15,KERMAN_6_N002,KERMAN_6_N002,KERMAN_6_N002,RTPD,MCE,LMP_ENE_PRC,KERMAN_6_N002,ALL,1,300.29376,4,33
2022-09-01T22:45:00-00:00,2022-09-01T23:00:00-00:00,2022-09-01,16,KERMAN_6_N002,KERMAN_6_N002,KERMAN_6_N002,RTPD,MCE,LMP_ENE_PRC,KERMAN_6_N002,ALL,1,429.9137,4,33
2022-09-01T23:45:00-00:00,2022-09-02T00:00:00-00:00,2022-09-01,17,KERMAN_6_N002,KERMAN_6_N002,KERMAN_6_N002,RTPD,MCE,LMP_ENE_PRC,KERMAN_6_N002,ALL,1,1261.2124,4,33
2022-09-02T00:45:00-00:00,2022-09-02T01:00:00-00:00,2022-09-01,18,KERMAN_6_N002,KERMAN_6_N002,KERMAN_6_N002,RTPD,MCE,LMP_ENE_PRC,KERMAN_6_N002,ALL,1,1519.149,4,33
2022-09-02T01:45:00-00:00,2022-09-02T02:00:00-00:00,2022-09-01,19,KERMAN_6_N002,KERMAN_6_N002,KERMAN_6_N002,RTPD,MCE,LMP_ENE_PRC,KERMAN_6_N002,ALL,1,1991.9337,4,33
2022-09-02T02:45:00-00:00,2022-09-02T03:00:00-00:00,2022-09-01,20,KERMAN_6_N002,KERMAN_6_N002,KERMAN_6_N002,RTPD,MCE,LMP_ENE_PRC,KERMAN_6_N002,ALL,1,1629.6213,4,33
2022-09-02T03:45:00-00:00,2022-09-02T04:00:00-00:00,2022-09-01,21,KERMAN_6_N002,KERMAN_6_N002,KERMAN_6_N002,RTPD,MCE,LMP_ENE_PRC,KERMAN_6_N002,ALL,1,141.13702,4,33
2022-09-02T04:45:00-00:00,2022-09-02T05:00:00-00:00,2022-09-01,22,KERMAN_6_N002,KERMAN_6_N002,KERMAN_6_N002,RTPD,MCE,LMP_ENE_PRC,KERMAN_6_N002,ALL,1,126.76372,4,33
2022-09-02T05:45:00-00:00,2022-09-02T06:00:00-00:00,2022-09-01,23,KERMAN_6_N002,KERMAN_6_N002,KERMAN_6_N002,RTPD,MCE,LMP_ENE_PRC,KERMAN_6_N002,ALL,1,119.00958,4,33
2022-09-02T06:45:00-00:00,2022-09-02T07:00:00-00:00,2022-09-01,24,KERMAN_6_N002,KERMAN_6_N002,KERMAN_6_N002,RTPD,MCE,LMP_ENE_PRC,KERMAN_6_N002,ALL,1,109.20324,4,33
2022-09-01T07:00:00-00:00,2022-09-01T07:15:00-00:00,2022-09-01,01,KERMAN_6_N002,KERMAN_6_N002,KERMAN_6_N002,RTPD,MCL,LMP_LOSS_PRC,KERMAN_6_N002,ALL,1,2.5329,1,34
2022-09-01T08:00:00-00:00,2022-09-01T08:15:00-00:00,2022-09-01,02,KERMAN_6_N002,KERMAN_6_N002,KERMAN_6_N002,RTPD,MCL,LMP_LOSS_PRC,KERMAN_6_N002,ALL,1,0,1,34
2022-09-01T09:00:00-00:00,2022-09-01T09:15:00-00:00,2022-09-01,03,KERMAN_6_N002,KERMAN_6_N002,KERMAN_6_N002,RTPD,MCL,LMP_LOSS_PRC,KERMAN_6_N002,ALL,1,9.96309,1,34
2022-09-01T10:00:00-00:00,2022-09-01T10:15:00-00:00,2022-09-01,04,KERMAN_6_N002,KERMAN_6_N002,KERMAN_6_N002,RTPD,MCL,LMP_LOSS_PRC,KERMAN_6_N002,ALL,1,9.5387,1,34
2022-09-01T11:00:00-00:00,2022-09-01T11:15:00-00:00,2022-09-01,05,KERMAN_6_N002,KERMAN_6_N002,KERMAN_6_N002,RTPD,MCL,LMP_LOSS_PRC,KERMAN_6_N002,ALL,1,10.22609,1,34
2022-09-01T12:00:00-00:00,2022-09-01T12:15:00-00:00,2022-09-01,06,KERMAN_6_N002,KERMAN_6_N002,KERMAN_6_N002,RTPD,MCL,LMP_LOSS_PRC,KERMAN_6_N002,ALL,1,9.69085,1,34
2022-09-01T13:00:00-00:00,2022-09-01T13:15:00-00:00,2022-09-01,07,KERMAN_6_N002,KERMAN_6_N002,KERMAN_6_N002,RTPD,MCL,LMP_LOSS_PRC,KERMAN_6_N002,ALL,1,0,1,34
2022-09-01T14:00:00-00:00,2022-09-01T14:15:00-00:00,2022-09-01,08,KERMAN_6_N002,KERMAN_6_N002,KERMAN_6_N002,RTPD,MCL,LMP_LOSS_PRC,KERMAN_6_N002,ALL,1,8.82231,1,34
2022-09-01T15:00:00-00:00,2022-09-01T15:15:00-00:00,2022-09-01,09,KERMAN_6_N002,KERMAN_6_N002,KERMAN_6_N002,RTPD,MCL,LMP_LOSS_PRC,KERMAN_6_N002,ALL,1,0,1,34
2022-09-01T16:00:00-00:00,2022-09-01T16:15:00-00:00,2022-09-01,10,KERMAN_6_N002,KERMAN_6_N002,KERMAN_6_N002,RTPD,MCL,LMP_LOSS_PRC,KERMAN_6_N002,ALL,1,0,1,34
2022-09-01T17:00:00-00:00,2022-09-01T17:15:00-00:00,2022-09-01,11,KERMAN_6_N002,KERMAN_6_N002,KERMAN_6_N002,RTPD,MCL,LMP_LOSS_PRC,KERMAN_6_N002,ALL,1,0,1,34
2022-09-01T18:00:00-00:00,2022-09-01T18:15:00-00:00,2022-09-01,12,KERMAN_6_N002,KERMAN_6_N002,KERMAN_6_N002,RTPD,MCL,LMP_LOSS_PRC,KERMAN_6_N002,ALL,1,0,1,34
2022-09-01T19:00:00-00:00,2022-09-01T19:15:00-00:00,2022-09-01,13,KERMAN_6_N002,KERMAN_6_N002,KERMAN_6_N002,RTPD,MCL,LMP_LOSS_PRC,KERMAN_6_N002,ALL,1,0,1,34
2022-09-01T20:00:00-00:00,2022-09-01T20:15:00-00:00,2022-09-01,14,KERMAN_6_N002,KERMAN_6_N002,KERMAN_6_N002,RTPD,MCL,LMP_LOSS_PRC,KERMAN_6_N002,ALL,1,0,1,34
2022-09-01T21:00:00-00:00,2022-09-01T21:15:00-00:00,2022-09-01,15,KERMAN_6_N002,KERMAN_6_N002,KERMAN_6_N002,RTPD,MCL,LMP_LOSS_PRC,KERMAN_6_N002,ALL,1,0,1,34
2022-09-01T22:00:00-00:00,2022-09-01T22:15:00-00:00,2022-09-01,16,KERMAN_6_N002,KERMAN_6_N002,KERMAN_6_N002,RTPD,MCL,LMP_LOSS_PRC,KERMAN_6_N002,ALL,1,0,1,34
2022-09-01T23:00:00-00:00,2022-09-01T23:15:00-00:00,2022-09-01,17,KERMAN_6_N002,KERMAN_6_N002,KERMAN_6_N002,RTPD,MCL,LMP_LOSS_PRC,KERMAN_6_N002,ALL,1,0,1,34
2022-09-02T00:00:00-00:00,2022-09-02T00:15:00-00:00,2022-09-01,18,KERMAN_6_N002,KERMAN_6_N002,KERMAN_6_N002,RTPD,MCL,LMP_LOSS_PRC,KERMAN_6_N002,ALL,1,55.63598,1,34
2022-09-02T01:00:00-00:00,2022-09-02T01:15:00-00:00,2022-09-01,19,KERMAN_6_N002,KERMAN_6_N002,KERMAN_6_N002,RTPD,MCL,LMP_LOSS_PRC,KERMAN_6_N002,ALL,1,0,1,34
2022-09-02T02:00:00-00:00,2022-09-02T02:15:00-00:00,2022-09-01,20,KERMAN_6_N002,KERMAN_6_N002,KERMAN_6_N002,RTPD,MCL,LMP_LOSS_PRC,KERMAN_6_N002,ALL,1,0,1,34
2022-09-02T03:00:00-00:00,2022-09-02T03:15:00-00:00,2022-09-01,21,KERMAN_6_N002,KERMAN_6_N002,KERMAN_6_N002,RTPD,MCL,LMP_LOSS_PRC,KERMAN_6_N002,ALL,1,143.87196,1,34
2022-09-02T04:00:00-00:00,2022-09-02T04:15:00-00:00,2022-09-01,22,KERMAN_6_N002,KERMAN_6_N002,KERMAN_6_N002,RTPD,MCL,LMP_LOSS_PRC,KERMAN_6_N002,ALL,1,46.17736,1,34
2022-09-02T05:00:00-00:00,2022-09-02T05:15:00-00:00,2022-09-01,23,KERMAN_6_N002,KERMAN_6_N002,KERMAN_6_N002,RTPD,MCL,LMP_LOSS_PRC,KERMAN_6_N002,ALL,1,21.82467,1,34
2022-09-02T06:00:00-00:00,2022-09-02T06:15:00-00:00,2022-09-01,24,KERMAN_6_N002,KERMAN_6_N002,KERMAN_6_N002,RTPD,MCL,LMP_LOSS_PRC,KERMAN_6_N002,ALL,1,16.99877,1,34
2022-09-01T07:15:00-00:00,2022-09-01T07:30:00-00:00,2022-09-01,01,KERMAN_6_N002,KERMAN_6_N002,KERMAN_6_N002,RTPD,MCL,LMP_LOSS_PRC,KERMAN_6_N002,ALL,1,0,2,34
2022-09-01T08:15:00-00:00,2022-09-01T08:30:00-00:00,2022-09-01,02,KERMAN_6_N002,KERMAN_6_N002,KERMAN_6_N002,RTPD,MCL,LMP_LOSS_PRC,KERMAN_6_N002,ALL,1,0,2,34
2022-09-01T09:15:00-00:00,2022-09-01T09:30:00-00:00,2022-09-01,03,KERMAN_6_N002,KERMAN_6_N002,KERMAN_6_N002,RTPD,MCL,LMP_LOSS_PRC,KERMAN_6_N002,ALL,1,9.61427,2,34
2022-09-01T10:15:00-00:00,2022-09-01T10:30:00-00:00,2022-09-01,04,KERMAN_6_N002,KERMAN_6_N002,KERMAN_6_N002,RTPD,MCL,LMP_LOSS_PRC,KERMAN_6_N002,ALL,1,9.54547,2,34
2022-09-01T11:15:00-00:00,2022-09-01T11:30:00-00:00,2022-09-01,05,KERMAN_6_N002,KERMAN_6_N002,KERMAN_6_N002,RTPD,MCL,LMP_LOSS_PRC,KERMAN_6_N002,ALL,1,10.22659,2,34
2022-09-01T12:15:00-00:00,2022-09-01T12:30:00-00:00,2022-09-01,06,KERMAN_6_N002,KERMAN_6_N002,KERMAN_6_N002,RTPD,MCL,LMP_LOSS_PRC,KERMAN_6_N002,ALL,1,11.66466,2,34
2022-09-01T13:15:00-00:00,2022-09-01T13:30:00-00:00,2022-09-01,07,KERMAN_6_N002,KERMAN_6_N002,KERMAN_6_N002,RTPD,MCL,LMP_LOSS_PRC,KERMAN_6_N002,ALL,1,9.54413,2,34
2022-09-01T14:15:00-00:00,2022-09-01T14:30:00-00:00,2022-09-01,08,KERMAN_6_N002,KERMAN_6_N002,KERMAN_6_N002,RTPD,MCL,LMP_LOSS_PRC,KERMAN_6_N002,ALL,1,6.95789,2,34
2022-09-01T15:15:00-00:00,2022-09-01T15:30:00-00:00,2022-09-01,09,KERMAN_6_N002,KERMAN_6_N002,KERMAN_6_N002,RTPD,MCL,LMP_LOSS_PRC,KERMAN_6_N002,ALL,1,0,2,34
2022-09-01T16:15:00-00:00,2022-09-01T16:30:00-00:00,2022-09-01,10,KERMAN_6_N002,KERMAN_6_N002,KERMAN_6_N002,RTPD,MCL,LMP_LOSS_PRC,KERMAN_6_N002,ALL,1,0,2,34
2022-09-01T17:15:00-00:00,2022-09-01T17:30:00-00:00,2022-09-01,11,KERMAN_6_N002,KERMAN_6_N002,KERMAN_6_N002,RTPD,MCL,LMP_LOSS_PRC,KERMAN_6_N002,ALL,1,0,2,34
2022-09-01T18:15:00-00:00,2022-09-01T18:30:00-00:00,2022-09-01,12,KERMAN_6_N002,KERMAN_6_N002,KERMAN_6_N002,RTPD,MCL,LMP_LOSS_PRC,KERMAN_6_N002,ALL,1,0,2,34
2022-09-01T19:15:00-00:00,2022-09-01T19:30:00-00:00,2022-09-01,13,KERMAN_6_N002,KERMAN_6_N002,KERMAN_6_N002,RTPD,MCL,LMP_LOSS_PRC,KERMAN_6_N002,ALL,1,0,2,34
2022-09-01T20:15:00-00:00,2022-09-01T20:30:00-00:00,2022-09-01,14,KERMAN_6_N002,KERMAN_6_N002,KERMAN_6_N002,RTPD,MCL,LMP_LOSS_PRC,KERMAN_6_N002,ALL,1,0,2,34
2022-09-01T21:15:00-00:00,2022-09-01T21:30:00-00:00,2022-09-01,15,KERMAN_6_N002,KERMAN_6_N002,KERMAN_6_N002,RTPD,MCL,LMP_LOSS_PRC,KERMAN_6_N002,ALL,1,0,2,34
2022-09-01T22:15:00-00:00,2022-09-01T22:30:00-00:00,2022-09-01,16,KERMAN_6_N002,KERMAN_6_N002,KERMAN_6_N002,RTPD,MCL,LMP_LOSS_PRC,KERMAN_6_N002,ALL,1,0,2,34
2022-09-01T23:15:00-00:00,2022-09-01T23:30:00-00:00,2022-09-01,17,KERMAN_6_N002,KERMAN_6_N002,KERMAN_6_N002,RTPD,MCL,LMP_LOSS_PRC,KERMAN_6_N002,ALL,1,0,2,34
2022-09-02T00:15:00-00:00,2022-09-02T00:30:00-00:00,2022-09-01,18,KERMAN_6_N002,KERMAN_6_N002,KERMAN_6_N002,RTPD,MCL,LMP_LOSS_PRC,KERMAN_6_N002,ALL,1,51.35751,2,34
2022-09-02T01:15:00-00:00,2022-09-02T01:30:00-00:00,2022-09-01,19,KERMAN_6_N002,KERMAN_6_N002,KERMAN_6_N002,RTPD,MCL,LMP_LOSS_PRC,KERMAN_6_N002,ALL,1,0,2,34
2022-09-02T02:15:00-00:00,2022-09-02T02:30:00-00:00,2022-09-01,20,KERMAN_6_N002,KERMAN_6_N002,KERMAN_6_N002,RTPD,MCL,LMP_LOSS_PRC,KERMAN_6_N002,ALL,1,0,2,34
2022-09-02T03:15:00-00:00,2022-09-02T03:30:00-00:00,2022-09-01,21,KERMAN_6_N002,KERMAN_6_N002,KERMAN_6_N002,RTPD,MCL,LMP_LOSS_PRC,KERMAN_6_N002,ALL,1,59.43848,2,34
2022-09-02T04:15:00-00:00,2022-09-02T04:30:00-00:00,2022-09-01,22,KERMAN_6_N002,KERMAN_6_N002,KERMAN_6_N002,RTPD,MCL,LMP_LOSS_PRC,KERMAN_6_N002,ALL,1,39.15152,2,34
2022-09-02T05:15:00-00:00,2022-09-02T05:30:00-00:00,2022-09-01,23,KERMAN_6_N002,KERMAN_6_N002,KERMAN_6_N002,RTPD,MCL,LMP_LOSS_PRC,KERMAN_6_N002,ALL,1,21.02264,2,34
2022-09-02T06:15:00-00:00,2022-09-02T06:30:00-00:00,2022-09-01,24,KERMAN_6_N002,KERMAN_6_N002,KERMAN_6_N002,RTPD,MCL,LMP_LOSS_PRC,KERMAN_6_N002,ALL,1,14.62487,2,34
2022-09-01T07:30:00-00:00,2022-09-01T07:45:00-00:00,2022-09-01,01,KERMAN_6_N002,KERMAN_6_N002,KERMAN_6_N002,RTPD,MCL,LMP_LOSS_PRC,KERMAN_6_N002,ALL,1,0,3,34
2022-09-01T08:30:00-00:00,2022-09-01T08:45:00-00:00,2022-09-01,02,KERMAN_6_N002,KERMAN_6_N002,KERMAN_6_N002,RTPD,MCL,LMP_LOSS_PRC,KERMAN_6_N002,ALL,1,10.08901,3,34
2022-09-01T09:30:00-00:00,2022-09-01T09:45:00-00:00,2022-09-01,03,KERMAN_6_N002,KERMAN_6_N002,KERMAN_6_N002,RTPD,MCL,LMP_LOSS_PRC,KERMAN_6_N002,ALL,1,9.42358,3,34
2022-09-01T10:30:00-00:00,2022-09-01T10:45:00-00:00,2022-09-01,04,KERMAN_6_N002,KERMAN_6_N002,KERMAN_6_N002,RTPD,MCL,LMP_LOSS_PRC,KERMAN_6_N002,ALL,1,9.32787,3,34
2022-09-01T11:30:00-00:00,2022-09-01T11:45:00-00:00,2022-09-01,05,KERMAN_6_N002,KERMAN_6_N002,KERMAN_6_N002,RTPD,MCL,LMP_LOSS_PRC,KERMAN_6_N002,ALL,1,10.38865,3,34
2022-09-01T12:30:00-00:00,2022-09-01T12:45:00-00:00,2022-09-01,06,KERMAN_6_N002,KERMAN_6_N002,KERMAN_6_N002,RTPD,MCL,LMP_LOSS_PRC,KERMAN_6_N002,ALL,1,10.47153,3,34
2022-09-01T13:30:00-00:00,2022-09-01T13:45:00-00:00,2022-09-01,07,KERMAN_6_N002,KERMAN_6_N002,KERMAN_6_N002,RTPD,MCL,LMP_LOSS_PRC,KERMAN_6_N002,ALL,1,9.63535,3,34
2022-09-01T14:30:00-00:00,2022-09-01T14:45:00-00:00,2022-09-01,08,KERMAN_6_N002,KERMAN_6_N002,KERMAN_6_N002,RTPD,MCL,LMP_LOSS_PRC,KERMAN_6_N002,ALL,1,6.55813,3,34
2022-09-01T15:30:00-00:00,2022-09-01T15:45:00-00:00,2022-09-01,09,KERMAN_6_N002,KERMAN_6_N002,KERMAN_6_N002,RTPD,MCL,LMP_LOSS_PRC,KERMAN_6_N002,ALL,1,0,3,34
2022-09-01T16:30:00-00:00,2022-09-01T16:45:00-00:00,2022-09-01,10,KERMAN_6_N002,KERMAN_6_N002,KERMAN_6_N002,RTPD,MCL,LMP_LOSS_PRC,KERMAN_6_N002,ALL,1,0,3,34
2022-09-01T17:30:00-00:00,2022-09-01T17:45:00-00:00,2022-09-01,11,KERMAN_6_N002,KERMAN_6_N002,KERMAN_6_N002,RTPD,MCL,LMP_LOSS_PRC,KERMAN_6_N002,ALL,1,0,3,34
2022-09-01T18:30:00-00:00,2022-09-01T18:45:00-00:00,2022-09-01,12,KERMAN_6_N002,KERMAN_6_N002,KERMAN_6_N002,RTPD,MCL,LMP_LOSS_PRC,KERMAN_6_N002,ALL,1,0,3,34
2022-09-01T19:30:00-00:00,2022-09-01T19:45:00-00:00,2022-09-01,13,KERMAN_6_N002,KERMAN_6_N002,KERMAN_6_N002,RTPD,MCL,LMP_LOSS_PRC,KERMAN_6_N002,ALL,1,0,3,34
2022-09-01T20:30:00-00:00,2022-09-01T20:45:00-00:00,2022-09-01,14,KERMAN_6_N002,KERMAN_6_N002,KERMAN_6_N002,RTPD,MCL,LMP_LOSS_PRC,KERMAN_6_N002,ALL,1,0,3,34
2022-09-01T21:30:00-00:00,2022-09-01T21:45:00-00:00,2022-09-01,15,KERMAN_6_N002,KERMAN_6_N002,KERMAN_6_N002,RTPD,MCL,LMP_LOSS_PRC,KERMAN_6_N002,ALL,1,0,3,34
2022-09-01T22:30:00-00:00,2022-09-01T22:45:00-00:00,2022-09-01,16,KERMAN_6_N002,KERMAN_6_N002,KERMAN_6_N002,RTPD,MCL,LMP_LOSS_PRC,KERMAN_6_N002,ALL,1,0,3,34
2022-09-01T23:30:00-00:00,2022-09-01T23:45:00-00:00,2022-09-01,17,KERMAN_6_N002,KERMAN_6_N002,KERMAN_6_N002,RTPD,MCL,LMP_LOSS_PRC,KERMAN_6_N002,ALL,1,0,3,34
2022-09-02T00:30:00-00:00,2022-09-02T00:45:00-00:00,2022-09-01,18,KERMAN_6_N002,KERMAN_6_N002,KERMAN_6_N002,RTPD,MCL,LMP_LOSS_PRC,KERMAN_6_N002,ALL,1,0,3,34
2022-09-02T01:30:00-00:00,2022-09-02T01:45:00-00:00,2022-09-01,19,KERMAN_6_N002,KERMAN_6_N002,KERMAN_6_N002,RTPD,MCL,LMP_LOSS_PRC,KERMAN_6_N002,ALL,1,0,3,34
2022-09-02T02:30:00-00:00,2022-09-02T02:45:00-00:00,2022-09-01,20,KERMAN_6_N002,KERMAN_6_N002,KERMAN_6_N002,RTPD,MCL,LMP_LOSS_PRC,KERMAN_6_N002,ALL,1,0,3,34
2022-09-02T03:30:00-00:00,2022-09-02T03:45:00-00:00,2022-09-01,21,KERMAN_6_N002,KERMAN_6_N002,KERMAN_6_N002,RTPD,MCL,LMP_LOSS_PRC,KERMAN_6_N002,ALL,1,27.2276,3,34
2022-09-02T04:30:00-00:00,2022-09-02T04:45:00-00:00,2022-09-01,22,KERMAN_6_N002,KERMAN_6_N002,KERMAN_6_N002,RTPD,MCL,LMP_LOSS_PRC,KERMAN_6_N002,ALL,1,28.20387,3,34
2022-09-02T05:30:00-00:00,2022-09-02T05:45:00-00:00,2022-09-01,23,KERMAN_6_N002,KERMAN_6_N002,KERMAN_6_N002,RTPD,MCL,LMP_LOSS_PRC,KERMAN_6_N002,ALL,1,17.43697,3,34
2022-09-02T06:30:00-00:00,2022-09-02T06:45:00-00:00,2022-09-01,24,KERMAN_6_N002,KERMAN_6_N002,KERMAN_6_N002,RTPD,MCL,LMP_LOSS_PRC,KERMAN_6_N002,ALL,1,13.59524,3,34
2022-09-01T07:45:00-00:00,2022-09-01T08:00:00-00:00,2022-09-01,01,KERMAN_6_N002,KERMAN_6_N002,KERMAN_6_N002,RTPD,MCL,LMP_LOSS_PRC,KERMAN_6_N002,ALL,1,0,4,34
2022-09-01T08:45:00-00:00,2022-09-01T09:00:00-00:00,2022-09-01,02,KERMAN_6_N002,KERMAN_6_N002,KERMAN_6_N002,RTPD,MCL,LMP_LOSS_PRC,KERMAN_6_N002,ALL,1,8.50114,4,34
2022-09-01T09:45:00-00:00,2022-09-01T10:00:00-00:00,2022-09-01,03,KERMAN_6_N002,KERMAN_6_N002,KERMAN_6_N002,RTPD,MCL,LMP_LOSS_PRC,KERMAN_6_N002,ALL,1,9.2532,4,34
2022-09-01T10:45:00-00:00,2022-09-01T11:00:00-00:00,2022-09-01,04,KERMAN_6_N002,KERMAN_6_N002,KERMAN_6_N002,RTPD,MCL,LMP_LOSS_PRC,KERMAN_6_N002,ALL,1,8.84682,4,34
2022-09-01T11:45:00-00:00,2022-09-01T12:00:00-00:00,2022-09-01,05,KERMAN_6_N002,KERMAN_6_N002,KERMAN_6_N002,RTPD,MCL,LMP_LOSS_PRC,KERMAN_6_N002,ALL,1,0,4,34
2022-09-01T12:45:00-00:00,2022-09-01T13:00:00-00:00,2022-09-01,06,KERMAN_6_N002,KERMAN_6_N002,KERMAN_6_N002,RTPD,MCL,LMP_LOSS_PRC,KERMAN_6_N002,ALL,1,0,4,34
2022-09-01T13:45:00-00:00,2022-09-01T14:00:00-00:00,2022-09-01,07,KERMAN_6_N002,KERMAN_6_N002,KERMAN_6_N002,RTPD,MCL,LMP_LOSS_PRC,KERMAN_6_N002,ALL,1,0,4,34
2022-09-01T14:45:00-00:00,2022-09-01T15:00:00-00:00,2022-09-01,08,KERMAN_6_N002,KERMAN_6_N002,KERMAN_6_N002,RTPD,MCL,LMP_LOSS_PRC,KERMAN_6_N002,ALL,1,0,4,34
2022-09-01T15:45:00-00:00,2022-09-01T16:00:00-00:00,2022-09-01,09,KERMAN_6_N002,KERMAN_6_N002,KERMAN_6_N002,RTPD,MCL,LMP_LOSS_PRC,KERMAN_6_N002,ALL,1,0,4,34
2022-09-01T16:45:00-00:00,2022-09-01T17:00:00-00:00,2022-09-01,10,KERMAN_6_N002,KERMAN_6_N002,KERMAN_6_N002,RTPD,MCL,LMP_LOSS_PRC,KERMAN_6_N002,ALL,1,0,4,34
2022-09-01T17:45:00-00:00,2022-09-01T18:00:00-00:00,2022-09-01,11,KERMAN_6_N002,KERMAN_6_N002,KERMAN_6_N002,RTPD,MCL,LMP_LOSS_PRC,KERMAN_6_N002,ALL,1,0,4,34
2022-09-01T18:45:00-00:00,2022-09-01T19:00:00-00:00,2022-09-01,12,KERMAN_6_N002,KERMAN_6_N002,KERMAN_6_N002,RTPD,MCL,LMP_LOSS_PRC,KERMAN_6_N002,ALL,1,0,4,34
2022-09-01T19:45:00-00:00,2022-09-01T20:00:00-00:00,2022-09-01,13,KERMAN_6_N002,KERMAN_6_N002,KERMAN_6_N002,RTPD,MCL,LMP_LOSS_PRC,KERMAN_6_N002,ALL,1,0,4,34
2022-09-01T20:45:00-00:00,2022-09-01T21:00:00-00:00,2022-09-01,14,KERMAN_6_N002,KERMAN_6_N002,KERMAN_6_N002,RTPD,MCL,LMP_LOSS_PRC,KERMAN_6_N002,ALL,1,0,4,34
2022-09-01T21:45:00-00:00,2022-09-01T22:00:00-00:00,2022-09-01,15,KERMAN_6_N002,KERMAN_6_N002,KERMAN_6_N002,RTPD,MCL,LMP_LOSS_PRC,KERMAN_6_N002,ALL,1,0,4,34
2022-09-01T22:45:00-00:00,2022-09-01T23:00:00-00:00,2022-09-01,16,KERMAN_6_N002,KERMAN_6_N002,KERMAN_6_N002,RTPD,MCL,LMP_LOSS_PRC,KERMAN_6_N002,ALL,1,0,4,34
2022-09-01T23:45:00-00:00,2022-09-02T00:00:00-00:00,2022-09-01,17,KERMAN_6_N002,KERMAN_6_N002,KERMAN_6_N002,RTPD,MCL,LMP_LOSS_PRC,KERMAN_6_N002,ALL,1,0,4,34
2022-09-02T00:45:00-00:00,2022-09-02T01:00:00-00:00,2022-09-01,18,KERMAN_6_N002,KERMAN_6_N002,KERMAN_6_N002,RTPD,MCL,LMP_LOSS_PRC,KERMAN_6_N002,ALL,1,0,4,34
2022-09-02T01:45:00-00:00,2022-09-02T02:00:00-00:00,2022-09-01,19,KERMAN_6_N002,KERMAN_6_N002,KERMAN_6_N002,RTPD,MCL,LMP_LOSS_PRC,KERMAN_6_N002,ALL,1,0,4,34
2022-09-02T02:45:00-00:00,2022-09-02T03:00:00-00:00,2022-09-01,20,KERMAN_6_N002,KERMAN_6_N002,KERMAN_6_N002,RTPD,MCL,LMP_LOSS_PRC,KERMAN_6_N002,ALL,1,231.0803,4,34
2022-09-02T03:45:00-00:00,2022-09-02T04:00:00-00:00,2022-09-01,21,KERMAN_6_N002,KERMAN_6_N002,KERMAN_6_N002,RTPD,MCL,LMP_LOSS_PRC,KERMAN_6_N002,ALL,1,17.75504,4,34
2022-09-02T04:45:00-00:00,2022-09-02T05:00:00-00:00,2022-09-01,22,KERMAN_6_N002,KERMAN_6_N002,KERMAN_6_N002,RTPD,MCL,LMP_LOSS_PRC,KERMAN_6_N002,ALL,1,18.33003,4,34
2022-09-02T05:45:00-00:00,2022-09-02T06:00:00-00:00,2022-09-01,23,KERMAN_6_N002,KERMAN_6_N002,KERMAN_6_N002,RTPD,MCL,LMP_LOSS_PRC,KERMAN_6_N002,ALL,1,13.35287,4,34
2022-09-02T06:45:00-00:00,2022-09-02T07:00:00-00:00,2022-09-01,24,KERMAN_6_N002,KERMAN_6_N002,KERMAN_6_N002,RTPD,MCL,LMP_LOSS_PRC,KERMAN_6_N002,ALL,1,10.93124,4,34
2022-09-01T07:00:00-00:00,2022-09-01T07:15:00-00:00,2022-09-01,01,KERMAN_6_N002,KERMAN_6_N002,KERMAN_6_N002,RTPD,MGHG,LMP_GHG_PRC,KERMAN_6_N002,ALL,1,0,1,35
2022-09-01T08:00:00-00:00,2022-09-01T08:15:00-00:00,2022-09-01,02,KERMAN_6_N002,KERMAN_6_N002,KERMAN_6_N002,RTPD,MGHG,LMP_GHG_PRC,KERMAN_6_N002,ALL,1,0,1,35
2022-09-01T09:00:00-00:00,2022-09-01T09:15:00-00:00,2022-09-01,03,KERMAN_6_N002,KERMAN_6_N002,KERMAN_6_N002,RTPD,MGHG,LMP_GHG_PRC,KERMAN_6_N002,ALL,1,0,1,35
2022-09-01T10:00:00-00:00,2022-09-01T10:15:00-00:00,2022-09-01,04,KERMAN_6_N002,KERMAN_6_N002,KERMAN_6_N002,RTPD,MGHG,LMP_GHG_PRC,KERMAN_6_N002,ALL,1,0,1,35
2022-09-01T11:00:00-00:00,2022-09-01T11:15:00-00:00,2022-09-01,05,KERMAN_6_N002,KERMAN_6_N002,KERMAN_6_N002,RTPD,MGHG,LMP_GHG_PRC,KERMAN_6_N002,ALL,1,0,1,35
2022-09-01T12:00:00-00:00,2022-09-01T12:15:00-00:00,2022-09-01,06,KERMAN_6_N002,KERMAN_6_N002,KERMAN_6_N002,RTPD,MGHG,LMP_GHG_PRC,KERMAN_6_N002,ALL,1,0,1,35
2022-09-01T13:00:00-00:00,2022-09-01T13:15:00-00:00,2022-09-01,07,KERMAN_6_N002,KERMAN_6_N002,KERMAN_6_N002,RTPD,MGHG,LMP_GHG_PRC,KERMAN_6_N002,ALL,1,0,1,35
2022-09-01T14:00:00-00:00,2022-09-01T14:15:00-00:00,2022-09-01,08,KERMAN_6_N002,KERMAN_6_N002,KERMAN_6_N002,RTPD,MGHG,LMP_GHG_PRC,KERMAN_6_N002,ALL,1,0,1,35
2022-09-01T15:00:00-00:00,2022-09-01T15:15:00-00:00,2022-09-01,09,KERMAN_6_N002,KERMAN_6_N002,KERMAN_6_N002,RTPD,MGHG,LMP_GHG_PRC,KERMAN_6_N002,ALL,1,0,1,35
2022-09-01T16:00:00-00:00,2022-09-01T16:15:00-00:00,2022-09-01,10,KERMAN_6_N002,KERMAN_6_N002,KERMAN_6_N002,RTPD,MGHG,LMP_GHG_PRC,KERMAN_6_N002,ALL,1,0,1,35
2022-09-01T17:00:00-00:00,2022-09-01T17:15:00-00:00,2022-09-01,11,KERMAN_6_N002,KERMAN_6_N002,KERMAN_6_N002,RTPD,MGHG,LMP_GHG_PRC,KERMAN_6_N002,ALL,1,0,1,35
2022-09-01T18:00:00-00:00,2022-09-01T18:15:00-00:00,2022-09-01,12,KERMAN_6_N002,KERMAN_6_N002,KERMAN_6_N002,RTPD,MGHG,LMP_GHG_PRC,KERMAN_6_N002,ALL,1,0,1,35
2022-09-01T19:00:00-00:00,2022-09-01T19:15:00-00:00,2022-09-01,13,KERMAN_6_N002,KERMAN_6_N002,KERMAN_6_N002,RTPD,MGHG,LMP_GHG_PRC,KERMAN_6_N002,ALL,1,0,1,35
2022-09-01T20:00:00-00:00,2022-09-01T20:15:00-00:00,2022-09-01,14,KERMAN_6_N002,KERMAN_6_N002,KERMAN_6_N002,RTPD,MGHG,LMP_GHG_PRC,KERMAN_6_N002,ALL,1,0,1,35
2022-09-01T21:00:00-00:00,2022-09-01T21:15:00-00:00,2022-09-01,15,KERMAN_6_N002,KERMAN_6_N002,KERMAN_6_N002,RTPD,MGHG,LMP_GHG_PRC,KERMAN_6_N002,ALL,1,0,1,35
2022-09-01T22:00:00-00:00,2022-09-01T22:15:00-00:00,2022-09-01,16,KERMAN_6_N002,KERMAN_6_N002,KERMAN_6_N002,RTPD,MGHG,LMP_GHG_PRC,KERMAN_6_N002,ALL,1,0,1,35
2022-09-01T23:00:00-00:00,2022-09-01T23:15:00-00:00,2022-09-01,17,KERMAN_6_N002,KERMAN_6_N002,KERMAN_6_N002,RTPD,MGHG,LMP_GHG_PRC,KERMAN_6_N002,ALL,1,0,1,35
2022-09-02T00:00:00-00:00,2022-09-02T00:15:00-00:00,2022-09-01,18,KERMAN_6_N002,KERMAN_6_N002,KERMAN_6_N002,RTPD,MGHG,LMP_GHG_PRC,KERMAN_6_N002,ALL,1,0,1,35
2022-09-02T01:00:00-00:00,2022-09-02T01:15:00-00:00,2022-09-01,19,KERMAN_6_N002,KERMAN_6_N002,KERMAN_6_N002,RTPD,MGHG,LMP_GHG_PRC,KERMAN_6_N002,ALL,1,0,1,35
2022-09-02T02:00:00-00:00,2022-09-02T02:15:00-00:00,2022-09-01,20,KERMAN_6_N002,KERMAN_6_N002,KERMAN_6_N002,RTPD,MGHG,LMP_GHG_PRC,KERMAN_6_N002,ALL,1,0,1,35
2022-09-02T03:00:00-00:00,2022-09-02T03:15:00-00:00,2022-09-01,21,KERMAN_6_N002,KERMAN_6_N002,KERMAN_6_N002,RTPD,MGHG,LMP_GHG_PRC,KERMAN_6_N002,ALL,1,0,1,35
2022-09-02T04:00:00-00:00,2022-09-02T04:15:00-00:00,2022-09-01,22,KERMAN_6_N002,KERMAN_6_N002,KERMAN_6_N002,RTPD,MGHG,LMP_GHG_PRC,KERMAN_6_N002,ALL,1,0,1,35
2022-09-02T05:00:00-00:00,2022-09-02T05:15:00-00:00,2022-09-01,23,KERMAN_6_N002,KERMAN_6_N002,KERMAN_6_N002,RTPD,MGHG,LMP_GHG_PRC,KERMAN_6_N002,ALL,1,0,1,35
2022-09-02T06:00:00-00:00,2022-09-02T06:15:00-00:00,2022-09-01,24,KERMAN_6_N002,KERMAN_6_N002,KERMAN_6_N002,RTPD,MGHG,LMP_GHG_PRC,KERMAN_6_N002,ALL,1,0,1,35
2022-09-01T07:15:00-00:00,2022-09-01T07:30:00-00:00,2022-09-01,01,KERMAN_6_N002,KERMAN_6_N002,KERMAN_6_N002,RTPD,MGHG,LMP_GHG_PRC,KERMAN_6_N002,ALL,1,0,2,35
2022-09-01T08:15:00-00:00,2022-09-01T08:30:00-00:00,2022-09-01,02,KERMAN_6_N002,KERMAN_6_N002,KERMAN_6_N002,RTPD,MGHG,LMP_GHG_PRC,KERMAN_6_N002,ALL,1,0,2,35
2022-09-01T09:15:00-00:00,2022-09-01T09:30:00-00:00,2022-09-01,03,KERMAN_6_N002,KERMAN_6_N002,KERMAN_6_N002,RTPD,MGHG,LMP_GHG_PRC,KERMAN_6_N002,ALL,1,0,2,35
2022-09-01T10:15:00-00:00,2022-09-01T10:30:00-00:00,2022-09-01,04,KERMAN_6_N002,KERMAN_6_N002,KERMAN_6_N002,RTPD,MGHG,LMP_GHG_PRC,KERMAN_6_N002,ALL,1,0,2,35
2022-09-01T11:15:00-00:00,2022-09-01T11:30:00-00:00,2022-09-01,05,KERMAN_6_N002,KERMAN_6_N002,KERMAN_6_N002,RTPD,MGHG,LMP_GHG_PRC,KERMAN_6_N002,ALL,1,0,2,35
2022-09-01T12:15:00-00:00,2022-09-01T12:30:00-00:00,2022-09-01,06,KERMAN_6_N002,KERMAN_6_N002,KERMAN_6_N002,RTPD,MGHG,LMP_GHG_PRC,KERMAN_6_N002,ALL,1,0,2,35
2022-09-01T13:15:00-00:00,2022-09-01T13:30:00-00:00,2022-09-01,07,KERMAN_6_N002,KERMAN_6_N002,KERMAN_6_N002,RTPD,MGHG,LMP_GHG_PRC,KERMAN_6_N002,ALL,1,0,2,35
2022-09-01T14:15:00-00:00,2022-09-01T14:30:00-00:00,2022-09-01,08,KERMAN_6_N002,KERMAN_6_N002,KERMAN_6_N002,RTPD,MGHG,LMP_GHG_PRC,KERMAN_6_N002,ALL,1,0,2,35
2022-09-01T15:15:00-00:00,2022-09-01T15:30:00-00:00,2022-09-01,09,KERMAN_6_N002,KERMAN_6_N002,KERMAN_6_N002,RTPD,MGHG,LMP_GHG_PRC,KERMAN_6_N002,ALL,1,0,2,35
2022-09-01T16:15:00-00:00,2022-09-01T16:30:00-00:00,2022-09-01,10,KERMAN_6_N002,KERMAN_6_N002,KERMAN_6_N002,RTPD,MGHG,LMP_GHG_PRC,KERMAN_6_N002,ALL,1,0,2,35
2022-09-01T17:15:00-00:00,2022-09-01T17:30:00-00:00,2022-09-01,11,KERMAN_6_N002,KERMAN_6_N002,KERMAN_6_N002,RTPD,MGHG,LMP_GHG_PRC,KERMAN_6_N002,ALL,1,0,2,35
2022-09-01T18:15:00-00:00,2022-09-01T18:30:00-00:00,2022-09-01,12,KERMAN_6_N002,KERMAN_6_N002,KERMAN_6_N002,RTPD,MGHG,LMP_GHG_PRC,KERMAN_6_N002,ALL,1,0,2,35
2022-09-01T19:15:00-00:00,2022-09-01T19:30:00-00:00,2022-09-01,13,KERMAN_6_N002,KERMAN_6_N002,KERMAN_6_N002,RTPD,MGHG,LMP_GHG_PRC,KERMAN_6_N002,ALL,1,0,2,35
2022-09-01T20:15:00-00:00,2022-09-01T20:30:00-00:00,2022-09-01,14,KERMAN_6_N002,KERMAN_6_N002,KERMAN_6_N002,RTPD,MGHG,LMP_GHG_PRC,KERMAN_6_N002,ALL,1,0,2,35
2022-09-01T21:15:00-00:00,2022-09-01T21:30:00-00:00,2022-09-01,15,KERMAN_6_N002,KERMAN_6_N002,KERMAN_6_N002,RTPD,MGHG,LMP_GHG_PRC,KERMAN_6_N002,ALL,1,0,2,35
2022-09-01T22:15:00-00:00,2022-09-01T22:30:00-00:00,2022-09-01,16,KERMAN_6_N002,KERMAN_6_N002,KERMAN_6_N002,RTPD,MGHG,LMP_GHG_PRC,KERMAN_6_N002,ALL,1,0,2,35
2022-09-01T23:15:00-00:00,2022-09-01T23:30:00-00:00,2022-09-01,17,KERMAN_6_N002,KERMAN_6_N002,KERMAN_6_N002,RTPD,MGHG,LMP_GHG_PRC,KERMAN_6_N002,ALL,1,0,2,35
2022-09-02T00:15:00-00:00,2022-09-02T00:30:00-00:00,2022-09-01,18,KERMAN_6_N002,KERMAN_6_N002,KERMAN_6_N002,RTPD,MGHG,LMP_GHG_PRC,KERMAN_6_N002,ALL,1,0,2,35
2022-09-02T01:15:00-00:00,2022-09-02T01:30:00-00:00,2022-09-01,19,KERMAN_6_N002,KERMAN_6_N002,KERMAN_6_N002,RTPD,MGHG,LMP_GHG_PRC,KERMAN_6_N002,ALL,1,0,2,35
2022-09-02T02:15:00-00:00,2022-09-02T02:30:00-00:00,2022-09-01,20,KERMAN_6_N002,KERMAN_6_N002,KERMAN_6_N002,RTPD,MGHG,LMP_GHG_PRC,KERMAN_6_N002,ALL,1,0,2,35
2022-09-02T03:15:00-00:00,2022-09-02T03:30:00-00:00,2022-09-01,21,KERMAN_6_N002,KERMAN_6_N002,KERMAN_6_N002,RTPD,MGHG,LMP_GHG_PRC,KERMAN_6_N002,ALL,1,0,2,35
2022-09-02T04:15:00-00:00,2022-09-02T04:30:00-00:00,2022-09-01,22,KERMAN_6_N002,KERMAN_6_N002,KERMAN_6_N002,RTPD,MGHG,LMP_GHG_PRC,KERMAN_6_N002,ALL,1,0,2,35
2022-09-02T05:15:00-00:00,2022-09-02T05:30:00-00:00,2022-09-01,23,KERMAN_6_N002,KERMAN_6_N002,KERMAN_6_N002,RTPD,MGHG,LMP_GHG_PRC,KERMAN_6_N002,ALL,1,0,2,35
2022-09-02T06:15:00-00:00,2022-09-02T06:30:00-00:00,2022-09-01,24,KERMAN_6_N002,KERMAN_6_N002,KERMAN_6_N002,RTPD,MGHG,LMP_GHG_PRC,KERMAN_6_N002,ALL,1,0,2,35
2022-09-01T07:30:00-00:00,2022-09-01T07:45:00-00:00,2022-09-01,01,KERMAN_6_N002,KERMAN_6_N002,KERMAN_6_N002,RTPD,MGHG,LMP_GHG_PRC,KERMAN_6_N002,ALL,1,0,3,35
2022-09-01T08:30:00-00:00,2022-09-01T08:45:00-00:00,2022-09-01,02,KERMAN_6_N002,KERMAN_6_N002,KERMAN_6_N002,RTPD,MGHG,LMP_GHG_PRC,KERMAN_6_N002,ALL,1,0,3,35
2022-09-01T09:30:00-00:00,2022-09-01T09:45:00-00:00,2022-09-01,03,KERMAN_6_N002,KERMAN_6_N002,KERMAN_6_N002,RTPD,MGHG,LMP_GHG_PRC,KERMAN_6_N002,ALL,1,0,3,35
2022-09-01T10:30:00-00:00,2022-09-01T10:45:00-00:00,2022-09-01,04,KERMAN_6_N002,KERMAN_6_N002,KERMAN_6_N002,RTPD,MGHG,LMP_GHG_PRC,KERMAN_6_N002,ALL,1,0,3,35
2022-09-01T11:30:00-00:00,2022-09-01T11:45:00-00:00,2022-09-01,05,KERMAN_6_N002,KERMAN_6_N002,KERMAN_6_N002,RTPD,MGHG,LMP_GHG_PRC,KERMAN_6_N002,ALL,1,0,3,35
2022-09-01T12:30:00-00:00,2022-09-01T12:45:00-00:00,2022-09-01,06,KERMAN_6_N002,KERMAN_6_N002,KERMAN_6_N002,RTPD,MGHG,LMP_GHG_PRC,KERMAN_6_N002,ALL,1,0,3,35
2022-09-01T13:30:00-00:00,2022-09-01T13:45:00-00:00,2022-09-01,07,KERMAN_6_N002,KERMAN_6_N002,KERMAN_6_N002,RTPD,MGHG,LMP_GHG_PRC,KERMAN_6_N002,ALL,1,0,3,35
2022-09-01T14:30:00-00:00,2022-09-01T14:45:00-00:00,2022-09-01,08,KERMAN_6_N002,KERMAN_6_N002,KERMAN_6_N002,RTPD,MGHG,LMP_GHG_PRC,KERMAN_6_N002,ALL,1,0,3,35
2022-09-01T15:30:00-00:00,2022-09-01T15:45:00-00:00,2022-09-01,09,KERMAN_6_N002,KERMAN_6_N002,KERMAN_6_N002,RTPD,MGHG,LMP_GHG_PRC,KERMAN_6_N002,ALL,1,0,3,35
2022-09-01T16:30:00-00:00,2022-09-01T16:45:00-00:00,2022-09-01,10,KERMAN_6_N002,KERMAN_6_N002,KERMAN_6_N002,RTPD,MGHG,LMP_GHG_PRC,KERMAN_6_N002,ALL,1,0,3,35
2022-09-01T17:30:00-00:00,2022-09-01T17:45:00-00:00,2022-09-01,11,KERMAN_6_N002,KERMAN_6_N002,KERMAN_6_N002,RTPD,MGHG,LMP_GHG_PRC,KERMAN_6_N002,ALL,1,0,3,35
2022-09-01T18:30:00-00:00,2022-09-01T18:45:00-00:00,2022-09-01,12,KERMAN_6_N002,KERMAN_6_N002,KERMAN_6_N002,RTPD,MGHG,LMP_GHG_PRC,KERMAN_6_N002,ALL,1,0,3,35
2022-09-01T19:30:00-00:00,2022-09-01T19:45:00-00:00,2022-09-01,13,KERMAN_6_N002,KERMAN_6_N002,KERMAN_6_N002,RTPD,MGHG,LMP_GHG_PRC,KERMAN_6_N002,ALL,1,0,3,35
2022-09-01T20:30:00-00:00,2022-09-01T20:45:00-00:00,2022-09-01,14,KERMAN_6_N002,KERMAN_6_N002,KERMAN_6_N002,RTPD,MGHG,LMP_GHG_PRC,KERMAN_6_N002,ALL,1,0,3,35
2022-09-01T21:30:00-00:00,2022-09-01T21:45:00-00:00,2022-09-01,15,KERMAN_6_N002,KERMAN_6_N002,KERMAN_6_N002,RTPD,MGHG,LMP_GHG_PRC,KERMAN_6_N002,ALL,1,0,3,35
2022-09-01T22:30:00-00:00,2022-09-01T22:45:00-00:00,2022-09-01,16,KERMAN_6_N002,KERMAN_6_N002,KERMAN_6_N002,RTPD,MGHG,LMP_GHG_PRC,KERMAN_6_N002,ALL,1,0,3,35
2022-09-01T23:30:00-00:00,2022-09-01T23:45:00-00:00,2022-09-01,17,KERMAN_6_N002,KERMAN_6_N002,KERMAN_6_N002,RTPD,MGHG,LMP_GHG_PRC,KERMAN_6_N002,ALL,1,0,3,35
2022-09-02T00:30:00-00:00,2022-09-02T00:45:00-00:00,2022-09-01,18,KERMAN_6_N002,KERMAN_6_N002,KERMAN_6_N002,RTPD,MGHG,LMP_GHG_PRC,KERMAN_6_N002,ALL,1,0,3,35
2022-09-02T01:30:00-00:00,2022-09-02T01:45:00-00:00,2022-09-01,19,KERMAN_6_N002,KERMAN_6_N002,KERMAN_6_N002,RTPD,MGHG,LMP_GHG_PRC,KERMAN_6_N002,ALL,1,0,3,35
2022-09-02T02:30:00-00:00,2022-09-02T02:45:00-00:00,2022-09-01,20,KERMAN_6_N002,KERMAN_6_N002,KERMAN_6_N002,RTPD,MGHG,LMP_GHG_PRC,KERMAN_6_N002,ALL,1,0,3,35
2022-09-02T03:30:00-00:00,2022-09-02T03:45:00-00:00,2022-09-01,21,KERMAN_6_N002,KERMAN_6_N002,KERMAN_6_N002,RTPD,MGHG,LMP_GHG_PRC,KERMAN_6_N002,ALL,1,0,3,35
2022-09-02T04:30:00-00:00,2022-09-02T04:45:00-00:00,2022-09-01,22,KERMAN_6_N002,KERMAN_6_N002,KERMAN_6_N002,RTPD,MGHG,LMP_GHG_PRC,KERMAN_6_N002,ALL,1,0,3,35
2022-09-02T05:30:00-00:00,2022-09-02T05:45:00-00:00,2022-09-01,23,KERMAN_6_N002,KERMAN_6_N002,KERMAN_6_N002,RTPD,MGHG,LMP_GHG_PRC,KERMAN_6_N002,ALL,1,0,3,35
2022-09-02T06:30:00-00:00,2022-09-02T06:45:00-00:00,2022-09-01,24,KERMAN_6_N002,KERMAN_6_N002,KERMAN_6_N002,RTPD,MGHG,LMP_GHG_PRC,KERMAN_6_N002,ALL,1,0,3,35
2022-09-01T07:45:00-00:00,2022-09-01T08:00:00-00:00,2022-09-01,01,KERMAN_6_N002,KERMAN_6_N002,KERMAN_6_N002,RTPD,MGHG,LMP_GHG_PRC,KERMAN_6_N002,ALL,1,0,4,35
2022-09-01T08:45:00-00:00,2022-09-01T09:00:00-00:00,2022-09-01,02,KERMAN_6_N002,KERMAN_6_N002,KERMAN_6_N002,RTPD,MGHG,LMP_GHG_PRC,KERMAN_6_N002,ALL,1,0,4,35
2022-09-01T09:45:00-00:00,2022-09-01T10:00:00-00:00,2022-09-01,03,KERMAN_6_N002,KERMAN_6_N002,KERMAN_6_N002,RTPD,MGHG,LMP_GHG_PRC,KERMAN_6_N002,ALL,1,0,4,35
2022-09-01T10:45:00-00:00,2022-09-01T11:00:00-00:00,2022-09-01,04,KERMAN_6_N002,KERMAN_6_N002,KERMAN_6_N002,RTPD,MGHG,LMP_GHG_PRC,KERMAN_6_N002,ALL,1,0,4,35
2022-09-01T11:45:00-00:00,2022-09-01T12:00:00-00:00,2022-09-01,05,KERMAN_6_N002,KERMAN_6_N002,KERMAN_6_N002,RTPD,MGHG,LMP_GHG_PRC,KERMAN_6_N002,ALL,1,0,4,35
2022-09-01T12:45:00-00:00,2022-09-01T13:00:00-00:00,2022-09-01,06,KERMAN_6_N002,KERMAN_6_N002,KERMAN_6_N002,RTPD,MGHG,LMP_GHG_PRC,KERMAN_6_N002,ALL,1,0,4,35
2022-09-01T13:45:00-00:00,2022-09-01T14:00:00-00:00,2022-09-01,07,KERMAN_6_N002,KERMAN_6_N002,KERMAN_6_N002,RTPD,MGHG,LMP_GHG_PRC,KERMAN_6_N002,ALL,1,0,4,35
2022-09-01T14:45:00-00:00,2022-09-01T15:00:00-00:00,2022-09-01,08,KERMAN_6_N002,KERMAN_6_N002,KERMAN_6_N002,RTPD,MGHG,LMP_GHG_PRC,KERMAN_6_N002,ALL,1,0,4,35
2022-09-01T15:45:00-00:00,2022-09-01T16:00:00-00:00,2022-09-01,09,KERMAN_6_N002,KERMAN_6_N002,KERMAN_6_N002,RTPD,MGHG,LMP_GHG_PRC,KERMAN_6_N002,ALL,1,0,4,35
2022-09-01T16:45:00-00:00,2022-09-01T17:00:00-00:00,2022-09-01,10,KERMAN_6_N002,KERMAN_6_N002,KERMAN_6_N002,RTPD,MGHG,LMP_GHG_PRC,KERMAN_6_N002,ALL,1,0,4,35
2022-09-01T17:45:00-00:00,2022-09-01T18:00:00-00:00,2022-09-01,11,KERMAN_6_N002,KERMAN_6_N002,KERMAN_6_N002,RTPD,MGHG,LMP_GHG_PRC,KERMAN_6_N002,ALL,1,0,4,35
2022-09-01T18:45:00-00:00,2022-09-01T19:00:00-00:00,2022-09-01,12,KERMAN_6_N002,KERMAN_6_N002,KERMAN_6_N002,RTPD,MGHG,LMP_GHG_PRC,KERMAN_6_N002,ALL,1,0,4,35
2022-09-01T19:45:00-00:00,2022-09-01T20:00:00-00:00,2022-09-01,13,KERMAN_6_N002,KERMAN_6_N002,KERMAN_6_N002,RTPD,MGHG,LMP_GHG_PRC,KERMAN_6_N002,ALL,1,0,4,35
2022-09-01T20:45:00-00:00,2022-09-01T21:00:00-00:00,2022-09-01,14,KERMAN_6_N002,KERMAN_6_N002,KERMAN_6_N002,RTPD,MGHG,LMP_GHG_PRC,KERMAN_6_N002,ALL,1,0,4,35
2022-09-01T21:45:00-00:00,2022-09-01T22:00:00-00:00,2022-09-01,15,KERMAN_6_N002,KERMAN_6_N002,KERMAN_6_N002,RTPD,MGHG,LMP_GHG_PRC,KERMAN_6_N002,ALL,1,0,4,35
2022-09-01T22:45:00-00:00,2022-09-01T23:00:00-00:00,2022-09-01,16,KERMAN_6_N002,KERMAN_6_N002,KERMAN_6_N002,RTPD,MGHG,LMP_GHG_PRC,KERMAN_6_N002,ALL,1,0,4,35
2022-09-01T23:45:00-00:00,2022-09-02T00:00:00-00:00,2022-09-01,17,KERMAN_6_N002,KERMAN_6_N002,KERMAN_6_N002,RTPD,MGHG,LMP_GHG_PRC,KERMAN_6_N002,ALL,1,0,4,35
2022-09-02T00:45:00-00:00,2022-09-02T01:00:00-00:00,2022-09-01,18,KERMAN_6_N002,KERMAN_6_N002,KERMAN_6_N002,RTPD,MGHG,LMP_GHG_PRC,KERMAN_6_N002,ALL,1,0,4,35
2022-09-02T01:45:00-00:00,2022-09-02T02:00:00-00:00,2022-09-01,19,KERMAN_6_N002,KERMAN_6_N002,KERMAN_6_N002,RTPD,MGHG,LMP_GHG_PRC,KERMAN_6_N002,ALL,1,0,4,35
2022-09-02T02:45:00-00:00,2022-09-02T03:00:00-00:00,2022-09-01,20,KERMAN_6_N002,KERMAN_6_N002,KERMAN_6_N002,RTPD,MGHG,LMP_GHG_PRC,KERMAN_6_N002,ALL,1,0,4,35
2022-09-02T03:45:00-00:00,2022-09-02T04:00:00-00:00,2022-09-01,21,KERMAN_6_N002,KERMAN_6_N002,KERMAN_6_N002,RTPD,MGHG,LMP_GHG_PRC,KERMAN_6_N002,ALL,1,0,4,35
2022-09-02T04:45:00-00:00,2022-09-02T05:00:00-00:00,2022-09-01,22,KERMAN_6_N002,KERMAN_6_N002,KERMAN_6_N002,RTPD,MGHG,LMP_GHG_PRC,KERMAN_6_N002,ALL,1,0,4,35
2022-09-02T05:45:00-00:00,2022-09-02T06:00:00-00:00,2022-09-01,23,KERMAN_6_N002,KERMAN_6_N002,KERMAN_6_N002,RTPD,MGHG,LMP_GHG_PRC,KERMAN_6_N002,ALL,1,0,4,35
2022-09-02T06:45:00-00:00,2022-09-02T07:00:00-00:00,2022-09-01,24,KERMAN_6_N002,KERMAN_6_N002,KERMAN_6_N002,RTPD,MGHG,LMP_GHG_PRC,KERMAN_6_N002,ALL,1,0,4,35
2022-09-01T07:00:00-00:00,2022-09-01T07:15:00-00:00,2022-09-01,01,KERNFRNT_7_B1,KERNFRNT_7_B1,KERNFRNT_7_B1,RTPD,LMP,LMP_PRC,KERNFRNT_7_B1,ALL,1,105.68349,1,36
2022-09-01T08:00:00-00:00,2022-09-01T08:15:00-00:00,2022-09-01,02,KERNFRNT_7_B1,KERNFRNT_7_B1,KERNFRNT_7_B1,RTPD,LMP,LMP_PRC,KERNFRNT_7_B1,ALL,1,114.65073,1,36
2022-09-01T09:00:00-00:00,2022-09-01T09:15:00-00:00,2022-09-01,03,KERNFRNT_7_B1,KERNFRNT_7_B1,KERNFRNT_7_B1,RTPD,LMP,LMP_PRC,KERNFRNT_7_B1,ALL,1,103.66343,1,36
2022-09-01T10:00:00-00:00,2022-09-01T10:15:00-00:00,2022-09-01,04,KERNFRNT_7_B1,KERNFRNT_7_B1,KERNFRNT_7_B1,RTPD,LMP,LMP_PRC,KERNFRNT_7_B1,ALL,1,103.02481,1,36
2022-09-01T11:00:00-00:00,2022-09-01T11:15:00-00:00,2022-09-01,05,KERNFRNT_7_B1,KERNFRNT_7_B1,KERNFRNT_7_B1,RTPD,LMP,LMP_PRC,KERNFRNT_7_B1,ALL,1,108.09703,1,36
2022-09-01T12:00:00-00:00,2022-09-01T12:15:00-00:00,2022-09-01,06,KERNFRNT_7_B1,KERNFRNT_7_B1,KERNFRNT_7_B1,RTPD,LMP,LMP_PRC,KERNFRNT_7_B1,ALL,1,99.40171,1,36
2022-09-01T13:00:00-00:00,2022-09-01T13:15:00-00:00,2022-09-01,07,KERNFRNT_7_B1,KERNFRNT_7_B1,KERNFRNT_7_B1,RTPD,LMP,LMP_PRC,KERNFRNT_7_B1,ALL,1,98.58059,1,36
2022-09-01T14:00:00-00:00,2022-09-01T14:15:00-00:00,2022-09-01,08,KERNFRNT_7_B1,KERNFRNT_7_B1,KERNFRNT_7_B1,RTPD,LMP,LMP_PRC,KERNFRNT_7_B1,ALL,1,115.94557,1,36
2022-09-01T15:00:00-00:00,2022-09-01T15:15:00-00:00,2022-09-01,09,KERNFRNT_7_B1,KERNFRNT_7_B1,KERNFRNT_7_B1,RTPD,LMP,LMP_PRC,KERNFRNT_7_B1,ALL,1,97.4112,1,36
2022-09-01T16:00:00-00:00,2022-09-01T16:15:00-00:00,2022-09-01,10,KERNFRNT_7_B1,KERNFRNT_7_B1,KERNFRNT_7_B1,RTPD,LMP,LMP_PRC,KERNFRNT_7_B1,ALL,1,83.43525,1,36
2022-09-01T17:00:00-00:00,2022-09-01T17:15:00-00:00,2022-09-01,11,KERNFRNT_7_B1,KERNFRNT_7_B1,KERNFRNT_7_B1,RTPD,LMP,LMP_PRC,KERNFRNT_7_B1,ALL,1,76.58167,1,36
2022-09-01T18:00:00-00:00,2022-09-01T18:15:00-00:00,2022-09-01,12,KERNFRNT_7_B1,KERNFRNT_7_B1,KERNFRNT_7_B1,RTPD,LMP,LMP_PRC,KERNFRNT_7_B1,ALL,1,52.20145,1,36
2022-09-01T19:00:00-00:00,2022-09-01T19:15:00-00:00,2022-09-01,13,KERNFRNT_7_B1,KERNFRNT_7_B1,KERNFRNT_7_B1,RTPD,LMP,LMP_PRC,KERNFRNT_7_B1,ALL,1,65.60479,1,36
2022-09-01T20:00:00-00:00,2022-09-01T20:15:00-00:00,2022-09-01,14,KERNFRNT_7_B1,KERNFRNT_7_B1,KERNFRNT_7_B1,RTPD,LMP,LMP_PRC,KERNFRNT_7_B1,ALL,1,113.65774,1,36
2022-09-01T21:00:00-00:00,2022-09-01T21:15:00-00:00,2022-09-01,15,KERNFRNT_7_B1,KERNFRNT_7_B1,KERNFRNT_7_B1,RTPD,LMP,LMP_PRC,KERNFRNT_7_B1,ALL,1,106.02945,1,36
2022-09-01T22:00:00-00:00,2022-09-01T22:15:00-00:00,2022-09-01,16,KERNFRNT_7_B1,KERNFRNT_7_B1,KERNFRNT_7_B1,RTPD,LMP,LMP_PRC,KERNFRNT_7_B1,ALL,1,98.08377,1,36
2022-09-01T23:00:00-00:00,2022-09-01T23:15:00-00:00,2022-09-01,17,KERNFRNT_7_B1,KERNFRNT_7_B1,KERNFRNT_7_B1,RTPD,LMP,LMP_PRC,KERNFRNT_7_B1,ALL,1,216.52036,1,36
2022-09-02T00:00:00-00:00,2022-09-02T00:15:00-00:00,2022-09-01,18,KERNFRNT_7_B1,KERNFRNT_7_B1,KERNFRNT_7_B1,RTPD,LMP,LMP_PRC,KERNFRNT_7_B1,ALL,1,1023.5777,1,36
2022-09-02T01:00:00-00:00,2022-09-02T01:15:00-00:00,2022-09-01,19,KERNFRNT_7_B1,KERNFRNT_7_B1,KERNFRNT_7_B1,RTPD,LMP,LMP_PRC,KERNFRNT_7_B1,ALL,1,1161.2638,1,36
2022-09-02T02:00:00-00:00,2022-09-02T02:15:00-00:00,2022-09-01,20,KERNFRNT_7_B1,KERNFRNT_7_B1,KERNFRNT_7_B1,RTPD,LMP,LMP_PRC,KERNFRNT_7_B1,ALL,1,1991.6721,1,36
2022-09-02T03:00:00-00:00,2022-09-02T03:15:00-00:00,2022-09-01,21,KERNFRNT_7_B1,KERNFRNT_7_B1,KERNFRNT_7_B1,RTPD,LMP,LMP_PRC,KERNFRNT_7_B1,ALL,1,1310.3661,1,36
2022-09-02T04:00:00-00:00,2022-09-02T04:15:00-00:00,2022-09-01,22,KERNFRNT_7_B1,KERNFRNT_7_B1,KERNFRNT_7_B1,RTPD,LMP,LMP_PRC,KERNFRNT_7_B1,ALL,1,429.47897,1,36
2022-09-02T05:00:00-00:00,2022-09-02T05:15:00-00:00,2022-09-01,23,KERNFRNT_7_B1,KERNFRNT_7_B1,KERNFRNT_7_B1,RTPD,LMP,LMP_PRC,KERNFRNT_7_B1,ALL,1,201.26521,1,36
2022-09-02T06:00:00-00:00,2022-09-02T06:15:00-00:00,2022-09-01,24,KERNFRNT_7_B1,KERNFRNT_7_B1,KERNFRNT_7_B1,RTPD,LMP,LMP_PRC,KERNFRNT_7_B1,ALL,1,195.82965,1,36
2022-09-01T07:15:00-00:00,2022-09-01T07:30:00-00:00,2022-09-01,01,KERNFRNT_7_B1,KERNFRNT_7_B1,KERNFRNT_7_B1,RTPD,LMP,LMP_PRC,KERNFRNT_7_B1,ALL,1,122.83244,2,36
2022-09-01T08:15:00-00:00,2022-09-01T08:30:00-00:00,2022-09-01,02,KERNFRNT_7_B1,KERNFRNT_7_B1,KERNFRNT_7_B1,RTPD,LMP,LMP_PRC,KERNFRNT_7_B1,ALL,1,115.28445,2,36
2022-09-01T09:15:00-00:00,2022-09-01T09:30:00-00:00,2022-09-01,03,KERNFRNT_7_B1,KERNFRNT_7_B1,KERNFRNT_7_B1,RTPD,LMP,LMP_PRC,KERNFRNT_7_B1,ALL,1,101.72846,2,36
2022-09-01T10:15:00-00:00,2022-09-01T10:30:00-00:00,2022-09-01,04,KERNFRNT_7_B1,KERNFRNT_7_B1,KERNFRNT_7_B1,RTPD,LMP,LMP_PRC,KERNFRNT_7_B1,ALL,1,101.01109,2,36
2022-09-01T11:15:00-00:00,2022-09-01T11:30:00-00:00,2022-09-01,05,KERNFRNT_7_B1,KERNFRNT_7_B1,KERNFRNT_7_B1,RTPD,LMP,LMP_PRC,KERNFRNT_7_B1,ALL,1,108.70903,2,36
2022-09-01T12:15:00-00:00,2022-09-01T12:30:00-00:00,2022-09-01,06,KERNFRNT_7_B1,KERNFRNT_7_B1,KERNFRNT_7_B1,RTPD,LMP,LMP_PRC,KERNFRNT_7_B1,ALL,1,113.70869,2,36
2022-09-01T13:15:00-00:00,2022-09-01T13:30:00-00:00,2022-09-01,07,KERNFRNT_7_B1,KERNFRNT_7_B1,KERNFRNT_7_B1,RTPD,LMP,LMP_PRC,KERNFRNT_7_B1,ALL,1,116.34426,2,36
2022-09-01T14:15:00-00:00,2022-09-01T14:30:00-00:00,2022-09-01,08,KERNFRNT_7_B1,KERNFRNT_7_B1,KERNFRNT_7_B1,RTPD,LMP,LMP_PRC,KERNFRNT_7_B1,ALL,1,108.88462,2,36
2022-09-01T15:15:00-00:00,2022-09-01T15:30:00-00:00,2022-09-01,09,KERNFRNT_7_B1,KERNFRNT_7_B1,KERNFRNT_7_B1,RTPD,LMP,LMP_PRC,KERNFRNT_7_B1,ALL,1,86.9388,2,36
2022-09-01T16:15:00-00:00,2022-09-01T16:30:00-00:00,2022-09-01,10,KERNFRNT_7_B1,KERNFRNT_7_B1,KERNFRNT_7_B1,RTPD,LMP,LMP_PRC,KERNFRNT_7_B1,ALL,1,87.43684,2,36
2022-09-01T17:15:00-00:00,2022-09-01T17:30:00-00:00,2022-09-01,11,KERNFRNT_7_B1,KERNFRNT_7_B1,KERNFRNT_7_B1,RTPD,LMP,LMP_PRC,KERNFRNT_7_B1,ALL,1,74.56508,2,36
2022-09-01T18:15:00-00:00,2022-09-01T18:30:00-00:00,2022-09-01,12,KERNFRNT_7_B1,KERNFRNT_7_B1,KERNFRNT_7_B1,RTPD,LMP,LMP_PRC,KERNFRNT_7_B1,ALL,1,68.94171,2,36
2022-09-01T19:15:00-00:00,2022-09-01T19:30:00-00:00,2022-09-01,13,KERNFRNT_7_B1,KERNFRNT_7_B1,KERNFRNT_7_B1,RTPD,LMP,LMP_PRC,KERNFRNT_7_B1,ALL,1,69.40939,2,36
2022-09-01T20:15:00-00:00,2022-09-01T20:30:00-00:00,2022-09-01,14,KERNFRNT_7_B1,KERNFRNT_7_B1,KERNFRNT_7_B1,RTPD,LMP,LMP_PRC,KERNFRNT_7_B1,ALL,1,113.63472,2,36
2022-09-01T21:15:00-00:00,2022-09-01T21:30:00-00:00,2022-09-01,15,KERNFRNT_7_B1,KERNFRNT_7_B1,KERNFRNT_7_B1,RTPD,LMP,LMP_PRC,KERNFRNT_7_B1,ALL,1,114.51677,2,36
2022-09-01T22:15:00-00:00,2022-09-01T22:30:00-00:00,2022-09-01,16,KERNFRNT_7_B1,KERNFRNT_7_B1,KERNFRNT_7_B1,RTPD,LMP,LMP_PRC,KERNFRNT_7_B1,ALL,1,112.76676,2,36
2022-09-01T23:15:00-00:00,2022-09-01T23:30:00-00:00,2022-09-01,17,KERNFRNT_7_B1,KERNFRNT_7_B1,KERNFRNT_7_B1,RTPD,LMP,LMP_PRC,KERNFRNT_7_B1,ALL,1,275.44812,2,36
2022-09-02T00:15:00-00:00,2022-09-02T00:30:00-00:00,2022-09-01,18,KERNFRNT_7_B1,KERNFRNT_7_B1,KERNFRNT_7_B1,RTPD,LMP,LMP_PRC,KERNFRNT_7_B1,ALL,1,935.9692,2,36
2022-09-02T01:15:00-00:00,2022-09-02T01:30:00-00:00,2022-09-01,19,KERNFRNT_7_B1,KERNFRNT_7_B1,KERNFRNT_7_B1,RTPD,LMP,LMP_PRC,KERNFRNT_7_B1,ALL,1,1999.9933,2,36
2022-09-02T02:15:00-00:00,2022-09-02T02:30:00-00:00,2022-09-01,20,KERNFRNT_7_B1,KERNFRNT_7_B1,KERNFRNT_7_B1,RTPD,LMP,LMP_PRC,KERNFRNT_7_B1,ALL,1,1991.6721,2,36
2022-09-02T03:15:00-00:00,2022-09-02T03:30:00-00:00,2022-09-01,21,KERNFRNT_7_B1,KERNFRNT_7_B1,KERNFRNT_7_B1,RTPD,LMP,LMP_PRC,KERNFRNT_7_B1,ALL,1,539.4946,2,36
2022-09-02T04:15:00-00:00,2022-09-02T04:30:00-00:00,2022-09-01,22,KERNFRNT_7_B1,KERNFRNT_7_B1,KERNFRNT_7_B1,RTPD,LMP,LMP_PRC,KERNFRNT_7_B1,ALL,1,380.23135,2,36
2022-09-02T05:15:00-00:00,2022-09-02T05:30:00-00:00,2022-09-01,23,KERNFRNT_7_B1,KERNFRNT_7_B1,KERNFRNT_7_B1,RTPD,LMP,LMP_PRC,KERNFRNT_7_B1,ALL,1,176.88416,2,36
2022-09-02T06:15:00-00:00,2022-09-02T06:30:00-00:00,2022-09-01,24,KERNFRNT_7_B1,KERNFRNT_7_B1,KERNFRNT_7_B1,RTPD,LMP,LMP_PRC,KERNFRNT_7_B1,ALL,1,153.65408,2,36
2022-09-01T07:30:00-00:00,2022-09-01T07:45:00-00:00,2022-09-01,01,KERNFRNT_7_B1,KERNFRNT_7_B1,KERNFRNT_7_B1,RTPD,LMP,LMP_PRC,KERNFRNT_7_B1,ALL,1,114.61729,3,36
2022-09-01T08:30:00-00:00,2022-09-01T08:45:00-00:00,2022-09-01,02,KERNFRNT_7_B1,KERNFRNT_7_B1,KERNFRNT_7_B1,RTPD,LMP,LMP_PRC,KERNFRNT_7_B1,ALL,1,116.47891,3,36
2022-09-01T09:30:00-00:00,2022-09-01T09:45:00-00:00,2022-09-01,03,KERNFRNT_7_B1,KERNFRNT_7_B1,KERNFRNT_7_B1,RTPD,LMP,LMP_PRC,KERNFRNT_7_B1,ALL,1,101.4449,3,36
2022-09-01T10:30:00-00:00,2022-09-01T10:45:00-00:00,2022-09-01,04,KERNFRNT_7_B1,KERNFRNT_7_B1,KERNFRNT_7_B1,RTPD,LMP,LMP_PRC,KERNFRNT_7_B1,ALL,1,101.01716,3,36
2022-09-01T11:30:00-00:00,2022-09-01T11:45:00-00:00,2022-09-01,05,KERNFRNT_7_B1,KERNFRNT_7_B1,KERNFRNT_7_B1,RTPD,LMP,LMP_PRC,KERNFRNT_7_B1,ALL,1,108.83345,3,36
2022-09-01T12:30:00-00:00,2022-09-01T12:45:00-00:00,2022-09-01,06,KERNFRNT_7_B1,KERNFRNT_7_B1,KERNFRNT_7_B1,RTPD,LMP,LMP_PRC,KERNFRNT_7_B1,ALL,1,116.75906,3,36
2022-09-01T13:30:00-00:00,2022-09-01T13:45:00-00:00,2022-09-01,07,KERNFRNT_7_B1,KERNFRNT_7_B1,KERNFRNT_7_B1,RTPD,LMP,LMP_PRC,KERNFRNT_7_B1,ALL,1,117.00704,3,36
2022-09-01T14:30:00-00:00,2022-09-01T14:45:00-00:00,2022-09-01,08,KERNFRNT_7_B1,KERNFRNT_7_B1,KERNFRNT_7_B1,RTPD,LMP,LMP_PRC,KERNFRNT_7_B1,ALL,1,105.18463,3,36
2022-09-01T15:30:00-00:00,2022-09-01T15:45:00-00:00,2022-09-01,09,KERNFRNT_7_B1,KERNFRNT_7_B1,KERNFRNT_7_B1,RTPD,LMP,LMP_PRC,KERNFRNT_7_B1,ALL,1,86.1388,3,36
2022-09-01T16:30:00-00:00,2022-09-01T16:45:00-00:00,2022-09-01,10,KERNFRNT_7_B1,KERNFRNT_7_B1,KERNFRNT_7_B1,RTPD,LMP,LMP_PRC,KERNFRNT_7_B1,ALL,1,72.04494,3,36
2022-09-01T17:30:00-00:00,2022-09-01T17:45:00-00:00,2022-09-01,11,KERNFRNT_7_B1,KERNFRNT_7_B1,KERNFRNT_7_B1,RTPD,LMP,LMP_PRC,KERNFRNT_7_B1,ALL,1,74.28139,3,36
2022-09-01T18:30:00-00:00,2022-09-01T18:45:00-00:00,2022-09-01,12,KERNFRNT_7_B1,KERNFRNT_7_B1,KERNFRNT_7_B1,RTPD,LMP,LMP_PRC,KERNFRNT_7_B1,ALL,1,73.4923,3,36
2022-09-01T19:30:00-00:00,2022-09-01T19:45:00-00:00,2022-09-01,13,KERNFRNT_7_B1,KERNFRNT_7_B1,KERNFRNT_7_B1,RTPD,LMP,LMP_PRC,KERNFRNT_7_B1,ALL,1,98.63585,3,36
2022-09-01T20:30:00-00:00,2022-09-01T20:45:00-00:00,2022-09-01,14,KERNFRNT_7_B1,KERNFRNT_7_B1,KERNFRNT_7_B1,RTPD,LMP,LMP_PRC,KERNFRNT_7_B1,ALL,1,114.24377,3,36
2022-09-01T21:30:00-00:00,2022-09-01T21:45:00-00:00,2022-09-01,15,KERNFRNT_7_B1,KERNFRNT_7_B1,KERNFRNT_7_B1,RTPD,LMP,LMP_PRC,KERNFRNT_7_B1,ALL,1,122.89532,3,36
2022-09-01T22:30:00-00:00,2022-09-01T22:45:00-00:00,2022-09-01,16,KERNFRNT_7_B1,KERNFRNT_7_B1,KERNFRNT_7_B1,RTPD,LMP,LMP_PRC,KERNFRNT_7_B1,ALL,1,129.04294,3,36
2022-09-01T23:30:00-00:00,2022-09-01T23:45:00-00:00,2022-09-01,17,KERNFRNT_7_B1,KERNFRNT_7_B1,KERNFRNT_7_B1,RTPD,LMP,LMP_PRC,KERNFRNT_7_B1,ALL,1,566.48157,3,36
2022-09-02T00:30:00-00:00,2022-09-02T00:45:00-00:00,2022-09-01,18,KERNFRNT_7_B1,KERNFRNT_7_B1,KERNFRNT_7_B1,RTPD,LMP,LMP_PRC,KERNFRNT_7_B1,ALL,1,1671.9639,3,36
2022-09-02T01:30:00-00:00,2022-09-02T01:45:00-00:00,2022-09-01,19,KERNFRNT_7_B1,KERNFRNT_7_B1,KERNFRNT_7_B1,RTPD,LMP,LMP_PRC,KERNFRNT_7_B1,ALL,1,1999.9956,3,36
2022-09-02T02:30:00-00:00,2022-09-02T02:45:00-00:00,2022-09-01,20,KERNFRNT_7_B1,KERNFRNT_7_B1,KERNFRNT_7_B1,RTPD,LMP,LMP_PRC,KERNFRNT_7_B1,ALL,1,1991.671,3,36
2022-09-02T03:30:00-00:00,2022-09-02T03:45:00-00:00,2022-09-01,21,KERNFRNT_7_B1,KERNFRNT_7_B1,KERNFRNT_7_B1,RTPD,LMP,LMP_PRC,KERNFRNT_7_B1,ALL,1,221.31625,3,36
2022-09-02T04:30:00-00:00,2022-09-02T04:45:00-00:00,2022-09-01,22,KERNFRNT_7_B1,KERNFRNT_7_B1,KERNFRNT_7_B1,RTPD,LMP,LMP_PRC,KERNFRNT_7_B1,ALL,1,269.6251,3,36
2022-09-02T05:30:00-00:00,2022-09-02T05:45:00-00:00,2022-09-01,23,KERNFRNT_7_B1,KERNFRNT_7_B1,KERNFRNT_7_B1,RTPD,LMP,LMP_PRC,KERNFRNT_7_B1,ALL,1,147.53482,3,36
2022-09-02T06:30:00-00:00,2022-09-02T06:45:00-00:00,2022-09-01,24,KERNFRNT_7_B1,KERNFRNT_7_B1,KERNFRNT_7_B1,RTPD,LMP,LMP_PRC,KERNFRNT_7_B1,ALL,1,146.24538,3,36
2022-09-01T07:45:00-00:00,2022-09-01T08:00:00-00:00,2022-09-01,01,KERNFRNT_7_B1,KERNFRNT_7_B1,KERNFRNT_7_B1,RTPD,LMP,LMP_PRC,KERNFRNT_7_B1,ALL,1,104.13063,4,36
2022-09-01T08:45:00-00:00,2022-09-01T09:00:00-00:00,2022-09-01,02,KERNFRNT_7_B1,KERNFRNT_7_B1,KERNFRNT_7_B1,RTPD,LMP,LMP_PRC,KERNFRNT_7_B1,ALL,1,102.49377,4,36
2022-09-01T09:45:00-00:00,2022-09-01T10:00:00-00:00,2022-09-01,03,KERNFRNT_7_B1,KERNFRNT_7_B1,KERNFRNT_7_B1,RTPD,LMP,LMP_PRC,KERNFRNT_7_B1,ALL,1,101.24226,4,36
2022-09-01T10:45:00-00:00,2022-09-01T11:00:00-00:00,2022-09-01,04,KERNFRNT_7_B1,KERNFRNT_7_B1,KERNFRNT_7_B1,RTPD,LMP,LMP_PRC,KERNFRNT_7_B1,ALL,1,99.80885,4,36
2022-09-01T11:45:00-00:00,2022-09-01T12:00:00-00:00,2022-09-01,05,KERNFRNT_7_B1,KERNFRNT_7_B1,KERNFRNT_7_B1,RTPD,LMP,LMP_PRC,KERNFRNT_7_B1,ALL,1,107.01,4,36
2022-09-01T12:45:00-00:00,2022-09-01T13:00:00-00:00,2022-09-01,06,KERNFRNT_7_B1,KERNFRNT_7_B1,KERNFRNT_7_B1,RTPD,LMP,LMP_PRC,KERNFRNT_7_B1,ALL,1,115.89838,4,36
2022-09-01T13:45:00-00:00,2022-09-01T14:00:00-00:00,2022-09-01,07,KERNFRNT_7_B1,KERNFRNT_7_B1,KERNFRNT_7_B1,RTPD,LMP,LMP_PRC,KERNFRNT_7_B1,ALL,1,111.41,4,36
2022-09-01T14:45:00-00:00,2022-09-01T15:00:00-00:00,2022-09-01,08,KERNFRNT_7_B1,KERNFRNT_7_B1,KERNFRNT_7_B1,RTPD,LMP,LMP_PRC,KERNFRNT_7_B1,ALL,1,86.1388,4,36
2022-09-01T15:45:00-00:00,2022-09-01T16:00:00-00:00,2022-09-01,09,KERNFRNT_7_B1,KERNFRNT_7_B1,KERNFRNT_7_B1,RTPD,LMP,LMP_PRC,KERNFRNT_7_B1,ALL,1,78.70076,4,36
2022-09-01T16:45:00-00:00,2022-09-01T17:00:00-00:00,2022-09-01,10,KERNFRNT_7_B1,KERNFRNT_7_B1,KERNFRNT_7_B1,RTPD,LMP,LMP_PRC,KERNFRNT_7_B1,ALL,1,76.09499,4,36
2022-09-01T17:45:00-00:00,2022-09-01T18:00:00-00:00,2022-09-01,11,KERNFRNT_7_B1,KERNFRNT_7_B1,KERNFRNT_7_B1,RTPD,LMP,LMP_PRC,KERNFRNT_7_B1,ALL,1,74.63099,4,36
2022-09-01T18:45:00-00:00,2022-09-01T19:00:00-00:00,2022-09-01,12,KERNFRNT_7_B1,KERNFRNT_7_B1,KERNFRNT_7_B1,RTPD,LMP,LMP_PRC,KERNFRNT_7_B1,ALL,1,75.60424,4,36
2022-09-01T19:45:00-00:00,2022-09-01T20:00:00-00:00,2022-09-01,13,KERNFRNT_7_B1,KERNFRNT_7_B1,KERNFRNT_7_B1,RTPD,LMP,LMP_PRC,KERNFRNT_7_B1,ALL,1,103.51328,4,36
2022-09-01T20:45:00-00:00,2022-09-01T21:00:00-00:00,2022-09-01,14,KERNFRNT_7_B1,KERNFRNT_7_B1,KERNFRNT_7_B1,RTPD,LMP,LMP_PRC,KERNFRNT_7_B1,ALL,1,119.44692,4,36
2022-09-01T21:45:00-00:00,2022-09-01T22:00:00-00:00,2022-09-01,15,KERNFRNT_7_B1,KERNFRNT_7_B1,KERNFRNT_7_B1,RTPD,LMP,LMP_PRC,KERNFRNT_7_B1,ALL,1,191.17392,4,36
2022-09-01T22:45:00-00:00,2022-09-01T23:00:00-00:00,2022-09-01,16,KERNFRNT_7_B1,KERNFRNT_7_B1,KERNFRNT_7_B1,RTPD,LMP,LMP_PRC,KERNFRNT_7_B1,ALL,1,116.84628,4,36
2022-09-01T23:45:00-00:00,2022-09-02T00:00:00-00:00,2022-09-01,17,KERNFRNT_7_B1,KERNFRNT_7_B1,KERNFRNT_7_B1,RTPD,LMP,LMP_PRC,KERNFRNT_7_B1,ALL,1,1559.8536,4,36
2022-09-02T00:45:00-00:00,2022-09-02T01:00:00-00:00,2022-09-01,18,KERNFRNT_7_B1,KERNFRNT_7_B1,KERNFRNT_7_B1,RTPD,LMP,LMP_PRC,KERNFRNT_7_B1,ALL,1,1785.0118,4,36
2022-09-02T01:45:00-00:00,2022-09-02T02:00:00-00:00,2022-09-01,19,KERNFRNT_7_B1,KERNFRNT_7_B1,KERNFRNT_7_B1,RTPD,LMP,LMP_PRC,KERNFRNT_7_B1,ALL,1,1991.9337,4,36
2022-09-02T02:45:00-00:00,2022-09-02T03:00:00-00:00,2022-09-01,20,KERNFRNT_7_B1,KERNFRNT_7_B1,KERNFRNT_7_B1,RTPD,LMP,LMP_PRC,KERNFRNT_7_B1,ALL,1,1831.4501,4,36
2022-09-02T03:45:00-00:00,2022-09-02T04:00:00-00:00,2022-09-01,21,KERNFRNT_7_B1,KERNFRNT_7_B1,KERNFRNT_7_B1,RTPD,LMP,LMP_PRC,KERNFRNT_7_B1,ALL,1,163.59895,4,36
2022-09-02T04:45:00-00:00,2022-09-02T05:00:00-00:00,2022-09-01,22,KERNFRNT_7_B1,KERNFRNT_7_B1,KERNFRNT_7_B1,RTPD,LMP,LMP_PRC,KERNFRNT_7_B1,ALL,1,141.64638,4,36
2022-09-02T05:45:00-00:00,2022-09-02T06:00:00-00:00,2022-09-01,23,KERNFRNT_7_B1,KERNFRNT_7_B1,KERNFRNT_7_B1,RTPD,LMP,LMP_PRC,KERNFRNT_7_B1,ALL,1,168.29694,4,36
2022-09-02T06:45:00-00:00,2022-09-02T07:00:00-00:00,2022-09-01,24,KERNFRNT_7_B1,KERNFRNT_7_B1,KERNFRNT_7_B1,RTPD,LMP,LMP_PRC,KERNFRNT_7_B1,ALL,1,120.89328,4,36
2022-09-01T07:00:00-00:00,2022-09-01T07:15:00-00:00,2022-09-01,01,KERNFRNT_7_B1,KERNFRNT_7_B1,KERNFRNT_7_B1,RTPD,MCC,LMP_CONG_PRC,KERNFRNT_7_B1,ALL,1,4.69048,1,37
2022-09-01T08:00:00-00:00,2022-09-01T08:15:00-00:00,2022-09-01,02,KERNFRNT_7_B1,KERNFRNT_7_B1,KERNFRNT_7_B1,RTPD,MCC,LMP_CONG_PRC,KERNFRNT_7_B1,ALL,1,-0.89806,1,37
2022-09-01T09:00:00-00:00,2022-09-01T09:15:00-00:00,2022-09-01,03,KERNFRNT_7_B1,KERNFRNT_7_B1,KERNFRNT_7_B1,RTPD,MCC,LMP_CONG_PRC,KERNFRNT_7_B1,ALL,1,-1.20331,1,37
2022-09-01T10:00:00-00:00,2022-09-01T10:15:00-00:00,2022-09-01,04,KERNFRNT_7_B1,KERNFRNT_7_B1,KERNFRNT_7_B1,RTPD,MCC,LMP_CONG_PRC,KERNFRNT_7_B1,ALL,1,-1.023,1,37
2022-09-01T11:00:00-00:00,2022-09-01T11:15:00-00:00,2022-09-01,05,KERNFRNT_7_B1,KERNFRNT_7_B1,KERNFRNT_7_B1,RTPD,MCC,LMP_CONG_PRC,KERNFRNT_7_B1,ALL,1,0,1,37
2022-09-01T12:00:00-00:00,2022-09-01T12:15:00-00:00,2022-09-01,06,KERNFRNT_7_B1,KERNFRNT_7_B1,KERNFRNT_7_B1,RTPD,MCC,LMP_CONG_PRC,KERNFRNT_7_B1,ALL,1,-2.51691,1,37
2022-09-01T13:00:00-00:00,2022-09-01T13:15:00-00:00,2022-09-01,07,KERNFRNT_7_B1,KERNFRNT_7_B1,KERNFRNT_7_B1,RTPD,MCC,LMP_CONG_PRC,KERNFRNT_7_B1,ALL,1,-3.22818,1,37
2022-09-01T14:00:00-00:00,2022-09-01T14:15:00-00:00,2022-09-01,08,KERNFRNT_7_B1,KERNFRNT_7_B1,KERNFRNT_7_B1,RTPD,MCC,LMP_CONG_PRC,KERNFRNT_7_B1,ALL,1,0,1,37
2022-09-01T15:00:00-00:00,2022-09-01T15:15:00-00:00,2022-09-01,09,KERNFRNT_7_B1,KERNFRNT_7_B1,KERNFRNT_7_B1,RTPD,MCC,LMP_CONG_PRC,KERNFRNT_7_B1,ALL,1,0,1,37
2022-09-01T16:00:00-00:00,2022-09-01T16:15:00-00:00,2022-09-01,10,KERNFRNT_7_B1,KERNFRNT_7_B1,KERNFRNT_7_B1,RTPD,MCC,LMP_CONG_PRC,KERNFRNT_7_B1,ALL,1,0,1,37
2022-09-01T17:00:00-00:00,2022-09-01T17:15:00-00:00,2022-09-01,11,KERNFRNT_7_B1,KERNFRNT_7_B1,KERNFRNT_7_B1,RTPD,MCC,LMP_CONG_PRC,KERNFRNT_7_B1,ALL,1,-20.3673,1,37
2022-09-01T18:00:00-00:00,2022-09-01T18:15:00-00:00,2022-09-01,12,KERNFRNT_7_B1,KERNFRNT_7_B1,KERNFRNT_7_B1,RTPD,MCC,LMP_CONG_PRC,KERNFRNT_7_B1,ALL,1,-39.39146,1,37
2022-09-01T19:00:00-00:00,2022-09-01T19:15:00-00:00,2022-09-01,13,KERNFRNT_7_B1,KERNFRNT_7_B1,KERNFRNT_7_B1,RTPD,MCC,LMP_CONG_PRC,KERNFRNT_7_B1,ALL,1,-43.59157,1,37
2022-09-01T20:00:00-00:00,2022-09-01T20:15:00-00:00,2022-09-01,14,KERNFRNT_7_B1,KERNFRNT_7_B1,KERNFRNT_7_B1,RTPD,MCC,LMP_CONG_PRC,KERNFRNT_7_B1,ALL,1,-4.28585,1,37
2022-09-01T21:00:00-00:00,2022-09-01T21:15:00-00:00,2022-09-01,15,KERNFRNT_7_B1,KERNFRNT_7_B1,KERNFRNT_7_B1,RTPD,MCC,LMP_CONG_PRC,KERNFRNT_7_B1,ALL,1,-120.58554,1,37
2022-09-01T22:00:00-00:00,2022-09-01T22:15:00-00:00,2022-09-01,16,KERNFRNT_7_B1,KERNFRNT_7_B1,KERNFRNT_7_B1,RTPD,MCC,LMP_CONG_PRC,KERNFRNT_7_B1,ALL,1,-131.10175,1,37
2022-09-01T23:00:00-00:00,2022-09-01T23:15:00-00:00,2022-09-01,17,KERNFRNT_7_B1,KERNFRNT_7_B1,KERNFRNT_7_B1,RTPD,MCC,LMP_CONG_PRC,KERNFRNT_7_B1,ALL,1,-170.23334,1,37
2022-09-02T00:00:00-00:00,2022-09-02T00:15:00-00:00,2022-09-01,18,KERNFRNT_7_B1,KERNFRNT_7_B1,KERNFRNT_7_B1,RTPD,MCC,LMP_CONG_PRC,KERNFRNT_7_B1,ALL,1,249.75986,1,37
2022-09-02T01:00:00-00:00,2022-09-02T01:15:00-00:00,2022-09-01,19,KERNFRNT_7_B1,KERNFRNT_7_B1,KERNFRNT_7_B1,RTPD,MCC,LMP_CONG_PRC,KERNFRNT_7_B1,ALL,1,244.99258,1,37
2022-09-02T02:00:00-00:00,2022-09-02T02:15:00-00:00,2022-09-01,20,KERNFRNT_7_B1,KERNFRNT_7_B1,KERNFRNT_7_B1,RTPD,MCC,LMP_CONG_PRC,KERNFRNT_7_B1,ALL,1,0,1,37
2022-09-02T03:00:00-00:00,2022-09-02T03:15:00-00:00,2022-09-01,21,KERNFRNT_7_B1,KERNFRNT_7_B1,KERNFRNT_7_B1,RTPD,MCC,LMP_CONG_PRC,KERNFRNT_7_B1,ALL,1,378.8685,1,37
2022-09-02T04:00:00-00:00,2022-09-02T04:15:00-00:00,2022-09-01,22,KERNFRNT_7_B1,KERNFRNT_7_B1,KERNFRNT_7_B1,RTPD,MCC,LMP_CONG_PRC,KERNFRNT_7_B1,ALL,1,168.89017,1,37
2022-09-02T05:00:00-00:00,2022-09-02T05:15:00-00:00,2022-09-01,23,KERNFRNT_7_B1,KERNFRNT_7_B1,KERNFRNT_7_B1,RTPD,MCC,LMP_CONG_PRC,KERNFRNT_7_B1,ALL,1,17.35896,1,37
2022-09-02T06:00:00-00:00,2022-09-02T06:15:00-00:00,2022-09-01,24,KERNFRNT_7_B1,KERNFRNT_7_B1,KERNFRNT_7_B1,RTPD,MCC,LMP_CONG_PRC,KERNFRNT_7_B1,ALL,1,31.65649,1,37
2022-09-01T07:15:00-00:00,2022-09-01T07:30:00-00:00,2022-09-01,01,KERNFRNT_7_B1,KERNFRNT_7_B1,KERNFRNT_7_B1,RTPD,MCC,LMP_CONG_PRC,KERNFRNT_7_B1,ALL,1,-2.719,2,37
2022-09-01T08:15:00-00:00,2022-09-01T08:30:00-00:00,2022-09-01,02,KERNFRNT_7_B1,KERNFRNT_7_B1,KERNFRNT_7_B1,RTPD,MCC,LMP_CONG_PRC,KERNFRNT_7_B1,ALL,1,-0.24719,2,37
2022-09-01T09:15:00-00:00,2022-09-01T09:30:00-00:00,2022-09-01,03,KERNFRNT_7_B1,KERNFRNT_7_B1,KERNFRNT_7_B1,RTPD,MCC,LMP_CONG_PRC,KERNFRNT_7_B1,ALL,1,-1.57088,2,37
2022-09-01T10:15:00-00:00,2022-09-01T10:30:00-00:00,2022-09-01,04,KERNFRNT_7_B1,KERNFRNT_7_B1,KERNFRNT_7_B1,RTPD,MCC,LMP_CONG_PRC,KERNFRNT_7_B1,ALL,1,-1.44754,2,37
2022-09-01T11:15:00-00:00,2022-09-01T11:30:00-00:00,2022-09-01,05,KERNFRNT_7_B1,KERNFRNT_7_B1,KERNFRNT_7_B1,RTPD,MCC,LMP_CONG_PRC,KERNFRNT_7_B1,ALL,1,0,2,37
2022-09-01T12:15:00-00:00,2022-09-01T12:30:00-00:00,2022-09-01,06,KERNFRNT_7_B1,KERNFRNT_7_B1,KERNFRNT_7_B1,RTPD,MCC,LMP_CONG_PRC,KERNFRNT_7_B1,ALL,1,-1.5386,2,37
2022-09-01T13:15:00-00:00,2022-09-01T13:30:00-00:00,2022-09-01,07,KERNFRNT_7_B1,KERNFRNT_7_B1,KERNFRNT_7_B1,RTPD,MCC,LMP_CONG_PRC,KERNFRNT_7_B1,ALL,1,-0.13853,2,37
2022-09-01T14:15:00-00:00,2022-09-01T14:30:00-00:00,2022-09-01,08,KERNFRNT_7_B1,KERNFRNT_7_B1,KERNFRNT_7_B1,RTPD,MCC,LMP_CONG_PRC,KERNFRNT_7_B1,ALL,1,0,2,37
2022-09-01T15:15:00-00:00,2022-09-01T15:30:00-00:00,2022-09-01,09,KERNFRNT_7_B1,KERNFRNT_7_B1,KERNFRNT_7_B1,RTPD,MCC,LMP_CONG_PRC,KERNFRNT_7_B1,ALL,1,0,2,37
2022-09-01T16:15:00-00:00,2022-09-01T16:30:00-00:00,2022-09-01,10,KERNFRNT_7_B1,KERNFRNT_7_B1,KERNFRNT_7_B1,RTPD,MCC,LMP_CONG_PRC,KERNFRNT_7_B1,ALL,1,-2.01173,2,37
2022-09-01T17:15:00-00:00,2022-09-01T17:30:00-00:00,2022-09-01,11,KERNFRNT_7_B1,KERNFRNT_7_B1,KERNFRNT_7_B1,RTPD,MCC,LMP_CONG_PRC,KERNFRNT_7_B1,ALL,1,-24.78165,2,37
2022-09-01T18:15:00-00:00,2022-09-01T18:30:00-00:00,2022-09-01,12,KERNFRNT_7_B1,KERNFRNT_7_B1,KERNFRNT_7_B1,RTPD,MCC,LMP_CONG_PRC,KERNFRNT_7_B1,ALL,1,-32.2173,2,37
2022-09-01T19:15:00-00:00,2022-09-01T19:30:00-00:00,2022-09-01,13,KERNFRNT_7_B1,KERNFRNT_7_B1,KERNFRNT_7_B1,RTPD,MCC,LMP_CONG_PRC,KERNFRNT_7_B1,ALL,1,-35.89649,2,37
2022-09-01T20:15:00-00:00,2022-09-01T20:30:00-00:00,2022-09-01,14,KERNFRNT_7_B1,KERNFRNT_7_B1,KERNFRNT_7_B1,RTPD,MCC,LMP_CONG_PRC,KERNFRNT_7_B1,ALL,1,-3.85949,2,37
2022-09-01T21:15:00-00:00,2022-09-01T21:30:00-00:00,2022-09-01,15,KERNFRNT_7_B1,KERNFRNT_7_B1,KERNFRNT_7_B1,RTPD,MCC,LMP_CONG_PRC,KERNFRNT_7_B1,ALL,1,-32.69508,2,37
2022-09-01T22:15:00-00:00,2022-09-01T22:30:00-00:00,2022-09-01,16,KERNFRNT_7_B1,KERNFRNT_7_B1,KERNFRNT_7_B1,RTPD,MCC,LMP_CONG_PRC,KERNFRNT_7_B1,ALL,1,-143.82056,2,37
2022-09-01T23:15:00-00:00,2022-09-01T23:30:00-00:00,2022-09-01,17,KERNFRNT_7_B1,KERNFRNT_7_B1,KERNFRNT_7_B1,RTPD,MCC,LMP_CONG_PRC,KERNFRNT_7_B1,ALL,1,-86.67596,2,37
2022-09-02T00:15:00-00:00,2022-09-02T00:30:00-00:00,2022-09-01,18,KERNFRNT_7_B1,KERNFRNT_7_B1,KERNFRNT_7_B1,RTPD,MCC,LMP_CONG_PRC,KERNFRNT_7_B1,ALL,1,243.09203,2,37
2022-09-02T01:15:00-00:00,2022-09-02T01:30:00-00:00,2022-09-01,19,KERNFRNT_7_B1,KERNFRNT_7_B1,KERNFRNT_7_B1,RTPD,MCC,LMP_CONG_PRC,KERNFRNT_7_B1,ALL,1,0,2,37
2022-09-02T02:15:00-00:00,2022-09-02T02:30:00-00:00,2022-09-01,20,KERNFRNT_7_B1,KERNFRNT_7_B1,KERNFRNT_7_B1,RTPD,MCC,LMP_CONG_PRC,KERNFRNT_7_B1,ALL,1,0,2,37
2022-09-02T03:15:00-00:00,2022-09-02T03:30:00-00:00,2022-09-01,21,KERNFRNT_7_B1,KERNFRNT_7_B1,KERNFRNT_7_B1,RTPD,MCC,LMP_CONG_PRC,KERNFRNT_7_B1,ALL,1,133.23825,2,37
2022-09-02T04:15:00-00:00,2022-09-02T04:30:00-00:00,2022-09-01,22,KERNFRNT_7_B1,KERNFRNT_7_B1,KERNFRNT_7_B1,RTPD,MCC,LMP_CONG_PRC,KERNFRNT_7_B1,ALL,1,153.21097,2,37
2022-09-02T05:15:00-00:00,2022-09-02T05:30:00-00:00,2022-09-01,23,KERNFRNT_7_B1,KERNFRNT_7_B1,KERNFRNT_7_B1,RTPD,MCC,LMP_CONG_PRC,KERNFRNT_7_B1,ALL,1,16.6062,2,37
2022-09-02T06:15:00-00:00,2022-09-02T06:30:00-00:00,2022-09-01,24,KERNFRNT_7_B1,KERNFRNT_7_B1,KERNFRNT_7_B1,RTPD,MCC,LMP_CONG_PRC,KERNFRNT_7_B1,ALL,1,5.53075,2,37
2022-09-01T07:30:00-00:00,2022-09-01T07:45:00-00:00,2022-09-01,01,KERNFRNT_7_B1,KERNFRNT_7_B1,KERNFRNT_7_B1,RTPD,MCC,LMP_CONG_PRC,KERNFRNT_7_B1,ALL,1,-4.41467,3,37
2022-09-01T08:30:00-00:00,2022-09-01T08:45:00-00:00,2022-09-01,02,KERNFRNT_7_B1,KERNFRNT_7_B1,KERNFRNT_7_B1,RTPD,MCC,LMP_CONG_PRC,KERNFRNT_7_B1,ALL,1,-0.00023,3,37
2022-09-01T09:30:00-00:00,2022-09-01T09:45:00-00:00,2022-09-01,03,KERNFRNT_7_B1,KERNFRNT_7_B1,KERNFRNT_7_B1,RTPD,MCC,LMP_CONG_PRC,KERNFRNT_7_B1,ALL,1,-1.55678,3,37
2022-09-01T10:30:00-00:00,2022-09-01T10:45:00-00:00,2022-09-01,04,KERNFRNT_7_B1,KERNFRNT_7_B1,KERNFRNT_7_B1,RTPD,MCC,LMP_CONG_PRC,KERNFRNT_7_B1,ALL,1,-0.81848,3,37
2022-09-01T11:30:00-00:00,2022-09-01T11:45:00-00:00,2022-09-01,05,KERNFRNT_7_B1,KERNFRNT_7_B1,KERNFRNT_7_B1,RTPD,MCC,LMP_CONG_PRC,KERNFRNT_7_B1,ALL,1,0,3,37
2022-09-01T12:30:00-00:00,2022-09-01T12:45:00-00:00,2022-09-01,06,KERNFRNT_7_B1,KERNFRNT_7_B1,KERNFRNT_7_B1,RTPD,MCC,LMP_CONG_PRC,KERNFRNT_7_B1,ALL,1,-2.66403,3,37
2022-09-01T13:30:00-00:00,2022-09-01T13:45:00-00:00,2022-09-01,07,KERNFRNT_7_B1,KERNFRNT_7_B1,KERNFRNT_7_B1,RTPD,MCC,LMP_CONG_PRC,KERNFRNT_7_B1,ALL,1,0,3,37
2022-09-01T14:30:00-00:00,2022-09-01T14:45:00-00:00,2022-09-01,08,KERNFRNT_7_B1,KERNFRNT_7_B1,KERNFRNT_7_B1,RTPD,MCC,LMP_CONG_PRC,KERNFRNT_7_B1,ALL,1,0,3,37
2022-09-01T15:30:00-00:00,2022-09-01T15:45:00-00:00,2022-09-01,09,KERNFRNT_7_B1,KERNFRNT_7_B1,KERNFRNT_7_B1,RTPD,MCC,LMP_CONG_PRC,KERNFRNT_7_B1,ALL,1,0,3,37
2022-09-01T16:30:00-00:00,2022-09-01T16:45:00-00:00,2022-09-01,10,KERNFRNT_7_B1,KERNFRNT_7_B1,KERNFRNT_7_B1,RTPD,MCC,LMP_CONG_PRC,KERNFRNT_7_B1,ALL,1,-16.7515,3,37
2022-09-01T17:30:00-00:00,2022-09-01T17:45:00-00:00,2022-09-01,11,KERNFRNT_7_B1,KERNFRNT_7_B1,KERNFRNT_7_B1,RTPD,MCC,LMP_CONG_PRC,KERNFRNT_7_B1,ALL,1,-24.84874,3,37
2022-09-01T18:30:00-00:00,2022-09-01T18:45:00-00:00,2022-09-01,12,KERNFRNT_7_B1,KERNFRNT_7_B1,KERNFRNT_7_B1,RTPD,MCC,LMP_CONG_PRC,KERNFRNT_7_B1,ALL,1,-33.56487,3,37
2022-09-01T19:30:00-00:00,2022-09-01T19:45:00-00:00,2022-09-01,13,KERNFRNT_7_B1,KERNFRNT_7_B1,KERNFRNT_7_B1,RTPD,MCC,LMP_CONG_PRC,KERNFRNT_7_B1,ALL,1,-15.4232,3,37
2022-09-01T20:30:00-00:00,2022-09-01T20:45:00-00:00,2022-09-01,14,KERNFRNT_7_B1,KERNFRNT_7_B1,KERNFRNT_7_B1,RTPD,MCC,LMP_CONG_PRC,KERNFRNT_7_B1,ALL,1,-15.57228,3,37
2022-09-01T21:30:00-00:00,2022-09-01T21:45:00-00:00,2022-09-01,15,KERNFRNT_7_B1,KERNFRNT_7_B1,KERNFRNT_7_B1,RTPD,MCC,LMP_CONG_PRC,KERNFRNT_7_B1,ALL,1,-30.03526,3,37
2022-09-01T22:30:00-00:00,2022-09-01T22:45:00-00:00,2022-09-01,16,KERNFRNT_7_B1,KERNFRNT_7_B1,KERNFRNT_7_B1,RTPD,MCC,LMP_CONG_PRC,KERNFRNT_7_B1,ALL,1,-154.13887,3,37
2022-09-01T23:30:00-00:00,2022-09-01T23:45:00-00:00,2022-09-01,17,KERNFRNT_7_B1,KERNFRNT_7_B1,KERNFRNT_7_B1,RTPD,MCC,LMP_CONG_PRC,KERNFRNT_7_B1,ALL,1,0,3,37
2022-09-02T00:30:00-00:00,2022-09-02T00:45:00-00:00,2022-09-01,18,KERNFRNT_7_B1,KERNFRNT_7_B1,KERNFRNT_7_B1,RTPD,MCC,LMP_CONG_PRC,KERNFRNT_7_B1,ALL,1,342.8513,3,37
2022-09-02T01:30:00-00:00,2022-09-02T01:45:00-00:00,2022-09-01,19,KERNFRNT_7_B1,KERNFRNT_7_B1,KERNFRNT_7_B1,RTPD,MCC,LMP_CONG_PRC,KERNFRNT_7_B1,ALL,1,0,3,37
2022-09-02T02:30:00-00:00,2022-09-02T02:45:00-00:00,2022-09-01,20,KERNFRNT_7_B1,KERNFRNT_7_B1,KERNFRNT_7_B1,RTPD,MCC,LMP_CONG_PRC,KERNFRNT_7_B1,ALL,1,0,3,37
2022-09-02T03:30:00-00:00,2022-09-02T03:45:00-00:00,2022-09-01,21,KERNFRNT_7_B1,KERNFRNT_7_B1,KERNFRNT_7_B1,RTPD,MCC,LMP_CONG_PRC,KERNFRNT_7_B1,ALL,1,31.45089,3,37
2022-09-02T04:30:00-00:00,2022-09-02T04:45:00-00:00,2022-09-01,22,KERNFRNT_7_B1,KERNFRNT_7_B1,KERNFRNT_7_B1,RTPD,MCC,LMP_CONG_PRC,KERNFRNT_7_B1,ALL,1,87.30269,3,37
2022-09-02T05:30:00-00:00,2022-09-02T05:45:00-00:00,2022-09-01,23,KERNFRNT_7_B1,KERNFRNT_7_B1,KERNFRNT_7_B1,RTPD,MCC,LMP_CONG_PRC,KERNFRNT_7_B1,ALL,1,12.9251,3,37
2022-09-02T06:30:00-00:00,2022-09-02T06:45:00-00:00,2022-09-01,24,KERNFRNT_7_B1,KERNFRNT_7_B1,KERNFRNT_7_B1,RTPD,MCC,LMP_CONG_PRC,KERNFRNT_7_B1,ALL,1,12.16328,3,37
2022-09-01T07:45:00-00:00,2022-09-01T08:00:00-00:00,2022-09-01,01,KERNFRNT_7_B1,KERNFRNT_7_B1,KERNFRNT_7_B1,RTPD,MCC,LMP_CONG_PRC,KERNFRNT_7_B1,ALL,1,-4.99035,4,37
2022-09-01T08:45:00-00:00,2022-09-01T09:00:00-00:00,2022-09-01,02,KERNFRNT_7_B1,KERNFRNT_7_B1,KERNFRNT_7_B1,RTPD,MCC,LMP_CONG_PRC,KERNFRNT_7_B1,ALL,1,-1.21821,4,37
2022-09-01T09:45:00-00:00,2022-09-01T10:00:00-00:00,2022-09-01,03,KERNFRNT_7_B1,KERNFRNT_7_B1,KERNFRNT_7_B1,RTPD,MCC,LMP_CONG_PRC,KERNFRNT_7_B1,ALL,1,-1.37174,4,37
2022-09-01T10:45:00-00:00,2022-09-01T11:00:00-00:00,2022-09-01,04,KERNFRNT_7_B1,KERNFRNT_7_B1,KERNFRNT_7_B1,RTPD,MCC,LMP_CONG_PRC,KERNFRNT_7_B1,ALL,1,-0.3193,4,37
2022-09-01T11:45:00-00:00,2022-09-01T12:00:00-00:00,2022-09-01,05,KERNFRNT_7_B1,KERNFRNT_7_B1,KERNFRNT_7_B1,RTPD,MCC,LMP_CONG_PRC,KERNFRNT_7_B1,ALL,1,0,4,37
2022-09-01T12:45:00-00:00,2022-09-01T13:00:00-00:00,2022-09-01,06,KERNFRNT_7_B1,KERNFRNT_7_B1,KERNFRNT_7_B1,RTPD,MCC,LMP_CONG_PRC,KERNFRNT_7_B1,ALL,1,-0.58642,4,37
2022-09-01T13:45:00-00:00,2022-09-01T14:00:00-00:00,2022-09-01,07,KERNFRNT_7_B1,KERNFRNT_7_B1,KERNFRNT_7_B1,RTPD,MCC,LMP_CONG_PRC,KERNFRNT_7_B1,ALL,1,0,4,37
2022-09-01T14:45:00-00:00,2022-09-01T15:00:00-00:00,2022-09-01,08,KERNFRNT_7_B1,KERNFRNT_7_B1,KERNFRNT_7_B1,RTPD,MCC,LMP_CONG_PRC,KERNFRNT_7_B1,ALL,1,0,4,37
2022-09-01T15:45:00-00:00,2022-09-01T16:00:00-00:00,2022-09-01,09,KERNFRNT_7_B1,KERNFRNT_7_B1,KERNFRNT_7_B1,RTPD,MCC,LMP_CONG_PRC,KERNFRNT_7_B1,ALL,1,0,4,37
2022-09-01T16:45:00-00:00,2022-09-01T17:00:00-00:00,2022-09-01,10,KERNFRNT_7_B1,KERNFRNT_7_B1,KERNFRNT_7_B1,RTPD,MCC,LMP_CONG_PRC,KERNFRNT_7_B1,ALL,1,-15.15434,4,37
2022-09-01T17:45:00-00:00,2022-09-01T18:00:00-00:00,2022-09-01,11,KERNFRNT_7_B1,KERNFRNT_7_B1,KERNFRNT_7_B1,RTPD,MCC,LMP_CONG_PRC,KERNFRNT_7_B1,ALL,1,-24.57445,4,37
2022-09-01T18:45:00-00:00,2022-09-01T19:00:00-00:00,2022-09-01,12,KERNFRNT_7_B1,KERNFRNT_7_B1,KERNFRNT_7_B1,RTPD,MCC,LMP_CONG_PRC,KERNFRNT_7_B1,ALL,1,-33.4364,4,37
2022-09-01T19:45:00-00:00,2022-09-01T20:00:00-00:00,2022-09-01,13,KERNFRNT_7_B1,KERNFRNT_7_B1,KERNFRNT_7_B1,RTPD,MCC,LMP_CONG_PRC,KERNFRNT_7_B1,ALL,1,-16.71163,4,37
2022-09-01T20:45:00-00:00,2022-09-01T21:00:00-00:00,2022-09-01,14,KERNFRNT_7_B1,KERNFRNT_7_B1,KERNFRNT_7_B1,RTPD,MCC,LMP_CONG_PRC,KERNFRNT_7_B1,ALL,1,-34.57817,4,37
2022-09-01T21:45:00-00:00,2022-09-01T22:00:00-00:00,2022-09-01,15,KERNFRNT_7_B1,KERNFRNT_7_B1,KERNFRNT_7_B1,RTPD,MCC,LMP_CONG_PRC,KERNFRNT_7_B1,ALL,1,-109.11985,4,37
2022-09-01T22:45:00-00:00,2022-09-01T23:00:00-00:00,2022-09-01,16,KERNFRNT_7_B1,KERNFRNT_7_B1,KERNFRNT_7_B1,RTPD,MCC,LMP_CONG_PRC,KERNFRNT_7_B1,ALL,1,-313.0674,4,37
2022-09-01T23:45:00-00:00,2022-09-02T00:00:00-00:00,2022-09-01,17,KERNFRNT_7_B1,KERNFRNT_7_B1,KERNFRNT_7_B1,RTPD,MCC,LMP_CONG_PRC,KERNFRNT_7_B1,ALL,1,298.64114,4,37
2022-09-02T00:45:00-00:00,2022-09-02T01:00:00-00:00,2022-09-01,18,KERNFRNT_7_B1,KERNFRNT_7_B1,KERNFRNT_7_B1,RTPD,MCC,LMP_CONG_PRC,KERNFRNT_7_B1,ALL,1,265.86285,4,37
2022-09-02T01:45:00-00:00,2022-09-02T02:00:00-00:00,2022-09-01,19,KERNFRNT_7_B1,KERNFRNT_7_B1,KERNFRNT_7_B1,RTPD,MCC,LMP_CONG_PRC,KERNFRNT_7_B1,ALL,1,0,4,37
2022-09-02T02:45:00-00:00,2022-09-02T03:00:00-00:00,2022-09-01,20,KERNFRNT_7_B1,KERNFRNT_7_B1,KERNFRNT_7_B1,RTPD,MCC,LMP_CONG_PRC,KERNFRNT_7_B1,ALL,1,147.7253,4,37
2022-09-02T03:45:00-00:00,2022-09-02T04:00:00-00:00,2022-09-01,21,KERNFRNT_7_B1,KERNFRNT_7_B1,KERNFRNT_7_B1,RTPD,MCC,LMP_CONG_PRC,KERNFRNT_7_B1,ALL,1,20.38722,4,37
2022-09-02T04:45:00-00:00,2022-09-02T05:00:00-00:00,2022-09-01,22,KERNFRNT_7_B1,KERNFRNT_7_B1,KERNFRNT_7_B1,RTPD,MCC,LMP_CONG_PRC,KERNFRNT_7_B1,ALL,1,13.88123,4,37
2022-09-02T05:45:00-00:00,2022-09-02T06:00:00-00:00,2022-09-01,23,KERNFRNT_7_B1,KERNFRNT_7_B1,KERNFRNT_7_B1,RTPD,MCC,LMP_CONG_PRC,KERNFRNT_7_B1,ALL,1,47.07379,4,37
2022-09-02T06:45:00-00:00,2022-09-02T07:00:00-00:00,2022-09-01,24,KERNFRNT_7_B1,KERNFRNT_7_B1,KERNFRNT_7_B1,RTPD,MCC,LMP_CONG_PRC,KERNFRNT_7_B1,ALL,1,7.60585,4,37
2022-09-01T07:00:00-00:00,2022-09-01T07:15:00-00:00,2022-09-01,01,KERNFRNT_7_B1,KERNFRNT_7_B1,KERNFRNT_7_B1,RTPD,MCE,LMP_ENE_PRC,KERNFRNT_7_B1,ALL,1,104.23471,1,38
2022-09-01T08:00:00-00:00,2022-09-01T08:15:00-00:00,2022-09-01,02,KERNFRNT_7_B1,KERNFRNT_7_B1,KERNFRNT_7_B1,RTPD,MCE,LMP_ENE_PRC,KERNFRNT_7_B1,ALL,1,115.5488,1,38
2022-09-01T09:00:00-00:00,2022-09-01T09:15:00-00:00,2022-09-01,03,KERNFRNT_7_B1,KERNFRNT_7_B1,KERNFRNT_7_B1,RTPD,MCE,LMP_ENE_PRC,KERNFRNT_7_B1,ALL,1,99.73061,1,38
2022-09-01T10:00:00-00:00,2022-09-01T10:15:00-00:00,2022-09-01,04,KERNFRNT_7_B1,KERNFRNT_7_B1,KERNFRNT_7_B1,RTPD,MCE,LMP_ENE_PRC,KERNFRNT_7_B1,ALL,1,98.64222,1,38
2022-09-01T11:00:00-00:00,2022-09-01T11:15:00-00:00,2022-09-01,05,KERNFRNT_7_B1,KERNFRNT_7_B1,KERNFRNT_7_B1,RTPD,MCE,LMP_ENE_PRC,KERNFRNT_7_B1,ALL,1,102.56859,1,38
2022-09-01T12:00:00-00:00,2022-09-01T12:15:00-00:00,2022-09-01,06,KERNFRNT_7_B1,KERNFRNT_7_B1,KERNFRNT_7_B1,RTPD,MCE,LMP_ENE_PRC,KERNFRNT_7_B1,ALL,1,96.90845,1,38
2022-09-01T13:00:00-00:00,2022-09-01T13:15:00-00:00,2022-09-01,07,KERNFRNT_7_B1,KERNFRNT_7_B1,KERNFRNT_7_B1,RTPD,MCE,LMP_ENE_PRC,KERNFRNT_7_B1,ALL,1,101.80878,1,38
2022-09-01T14:00:00-00:00,2022-09-01T14:15:00-00:00,2022-09-01,08,KERNFRNT_7_B1,KERNFRNT_7_B1,KERNFRNT_7_B1,RTPD,MCE,LMP_ENE_PRC,KERNFRNT_7_B1,ALL,1,111.11219,1,38
2022-09-01T15:00:00-00:00,2022-09-01T15:15:00-00:00,2022-09-01,09,KERNFRNT_7_B1,KERNFRNT_7_B1,KERNFRNT_7_B1,RTPD,MCE,LMP_ENE_PRC,KERNFRNT_7_B1,ALL,1,97.4112,1,38
2022-09-01T16:00:00-00:00,2022-09-01T16:15:00-00:00,2022-09-01,10,KERNFRNT_7_B1,KERNFRNT_7_B1,KERNFRNT_7_B1,RTPD,MCE,LMP_ENE_PRC,KERNFRNT_7_B1,ALL,1,83.43525,1,38
2022-09-01T17:00:00-00:00,2022-09-01T17:15:00-00:00,2022-09-01,11,KERNFRNT_7_B1,KERNFRNT_7_B1,KERNFRNT_7_B1,RTPD,MCE,LMP_ENE_PRC,KERNFRNT_7_B1,ALL,1,96.94897,1,38
2022-09-01T18:00:00-00:00,2022-09-01T18:15:00-00:00,2022-09-01,12,KERNFRNT_7_B1,KERNFRNT_7_B1,KERNFRNT_7_B1,RTPD,MCE,LMP_ENE_PRC,KERNFRNT_7_B1,ALL,1,91.59291,1,38
2022-09-01T19:00:00-00:00,2022-09-01T19:15:00-00:00,2022-09-01,13,KERNFRNT_7_B1,KERNFRNT_7_B1,KERNFRNT_7_B1,RTPD,MCE,LMP_ENE_PRC,KERNFRNT_7_B1,ALL,1,109.19637,1,38
2022-09-01T20:00:00-00:00,2022-09-01T20:15:00-00:00,2022-09-01,14,KERNFRNT_7_B1,KERNFRNT_7_B1,KERNFRNT_7_B1,RTPD,MCE,LMP_ENE_PRC,KERNFRNT_7_B1,ALL,1,117.94359,1,38
2022-09-01T21:00:00-00:00,2022-09-01T21:15:00-00:00,2022-09-01,15,KERNFRNT_7_B1,KERNFRNT_7_B1,KERNFRNT_7_B1,RTPD,MCE,LMP_ENE_PRC,KERNFRNT_7_B1,ALL,1,226.61499,1,38
2022-09-01T22:00:00-00:00,2022-09-01T22:15:00-00:00,2022-09-01,16,KERNFRNT_7_B1,KERNFRNT_7_B1,KERNFRNT_7_B1,RTPD,MCE,LMP_ENE_PRC,KERNFRNT_7_B1,ALL,1,229.18552,1,38
2022-09-01T23:00:00-00:00,2022-09-01T23:15:00-00:00,2022-09-01,17,KERNFRNT_7_B1,KERNFRNT_7_B1,KERNFRNT_7_B1,RTPD,MCE,LMP_ENE_PRC,KERNFRNT_7_B1,ALL,1,386.7537,1,38
2022-09-02T00:00:00-00:00,2022-09-02T00:15:00-00:00,2022-09-01,18,KERNFRNT_7_B1,KERNFRNT_7_B1,KERNFRNT_7_B1,RTPD,MCE,LMP_ENE_PRC,KERNFRNT_7_B1,ALL,1,770.58136,1,38
2022-09-02T01:00:00-00:00,2022-09-02T01:15:00-00:00,2022-09-01,19,KERNFRNT_7_B1,KERNFRNT_7_B1,KERNFRNT_7_B1,RTPD,MCE,LMP_ENE_PRC,KERNFRNT_7_B1,ALL,1,916.27124,1,38
2022-09-02T02:00:00-00:00,2022-09-02T02:15:00-00:00,2022-09-01,20,KERNFRNT_7_B1,KERNFRNT_7_B1,KERNFRNT_7_B1,RTPD,MCE,LMP_ENE_PRC,KERNFRNT_7_B1,ALL,1,1991.6721,1,38
2022-09-02T03:00:00-00:00,2022-09-02T03:15:00-00:00,2022-09-01,21,KERNFRNT_7_B1,KERNFRNT_7_B1,KERNFRNT_7_B1,RTPD,MCE,LMP_ENE_PRC,KERNFRNT_7_B1,ALL,1,917.5508,1,38
2022-09-02T04:00:00-00:00,2022-09-02T04:15:00-00:00,2022-09-01,22,KERNFRNT_7_B1,KERNFRNT_7_B1,KERNFRNT_7_B1,RTPD,MCE,LMP_ENE_PRC,KERNFRNT_7_B1,ALL,1,257.83005,1,38
2022-09-02T05:00:00-00:00,2022-09-02T05:15:00-00:00,2022-09-01,23,KERNFRNT_7_B1,KERNFRNT_7_B1,KERNFRNT_7_B1,RTPD,MCE,LMP_ENE_PRC,KERNFRNT_7_B1,ALL,1,183.24657,1,38
2022-09-02T06:00:00-00:00,2022-09-02T06:15:00-00:00,2022-09-01,24,KERNFRNT_7_B1,KERNFRNT_7_B1,KERNFRNT_7_B1,RTPD,MCE,LMP_ENE_PRC,KERNFRNT_7_B1,ALL,1,158.867,1,38
2022-09-01T07:15:00-00:00,2022-09-01T07:30:00-00:00,2022-09-01,01,KERNFRNT_7_B1,KERNFRNT_7_B1,KERNFRNT_7_B1,RTPD,MCE,LMP_ENE_PRC,KERNFRNT_7_B1,ALL,1,125.55144,2,38
2022-09-01T08:15:00-00:00,2022-09-01T08:30:00-00:00,2022-09-01,02,KERNFRNT_7_B1,KERNFRNT_7_B1,KERNFRNT_7_B1,RTPD,MCE,LMP_ENE_PRC,KERNFRNT_7_B1,ALL,1,115.53165,2,38
2022-09-01T09:15:00-00:00,2022-09-01T09:30:00-00:00,2022-09-01,03,KERNFRNT_7_B1,KERNFRNT_7_B1,KERNFRNT_7_B1,RTPD,MCE,LMP_ENE_PRC,KERNFRNT_7_B1,ALL,1,98.30543,2,38
2022-09-01T10:15:00-00:00,2022-09-01T10:30:00-00:00,2022-09-01,04,KERNFRNT_7_B1,KERNFRNT_7_B1,KERNFRNT_7_B1,RTPD,MCE,LMP_ENE_PRC,KERNFRNT_7_B1,ALL,1,97.00684,2,38
2022-09-01T11:15:00-00:00,2022-09-01T11:30:00-00:00,2022-09-01,05,KERNFRNT_7_B1,KERNFRNT_7_B1,KERNFRNT_7_B1,RTPD,MCE,LMP_ENE_PRC,KERNFRNT_7_B1,ALL,1,103.09059,2,38
2022-09-01T12:15:00-00:00,2022-09-01T12:30:00-00:00,2022-09-01,06,KERNFRNT_7_B1,KERNFRNT_7_B1,KERNFRNT_7_B1,RTPD,MCE,LMP_ENE_PRC,KERNFRNT_7_B1,ALL,1,109.32203,2,38
2022-09-01T13:15:00-00:00,2022-09-01T13:30:00-00:00,2022-09-01,07,KERNFRNT_7_B1,KERNFRNT_7_B1,KERNFRNT_7_B1,RTPD,MCE,LMP_ENE_PRC,KERNFRNT_7_B1,ALL,1,110.97827,2,38
2022-09-01T14:15:00-00:00,2022-09-01T14:30:00-00:00,2022-09-01,08,KERNFRNT_7_B1,KERNFRNT_7_B1,KERNFRNT_7_B1,RTPD,MCE,LMP_ENE_PRC,KERNFRNT_7_B1,ALL,1,104.78743,2,38
2022-09-01T15:15:00-00:00,2022-09-01T15:30:00-00:00,2022-09-01,09,KERNFRNT_7_B1,KERNFRNT_7_B1,KERNFRNT_7_B1,RTPD,MCE,LMP_ENE_PRC,KERNFRNT_7_B1,ALL,1,86.9388,2,38
2022-09-01T16:15:00-00:00,2022-09-01T16:30:00-00:00,2022-09-01,10,KERNFRNT_7_B1,KERNFRNT_7_B1,KERNFRNT_7_B1,RTPD,MCE,LMP_ENE_PRC,KERNFRNT_7_B1,ALL,1,89.44858,2,38
2022-09-01T17:15:00-00:00,2022-09-01T17:30:00-00:00,2022-09-01,11,KERNFRNT_7_B1,KERNFRNT_7_B1,KERNFRNT_7_B1,RTPD,MCE,LMP_ENE_PRC,KERNFRNT_7_B1,ALL,1,99.34673,2,38
2022-09-01T18:15:00-00:00,2022-09-01T18:30:00-00:00,2022-09-01,12,KERNFRNT_7_B1,KERNFRNT_7_B1,KERNFRNT_7_B1,RTPD,MCE,LMP_ENE_PRC,KERNFRNT_7_B1,ALL,1,101.15901,2,38
2022-09-01T19:15:00-00:00,2022-09-01T19:30:00-00:00,2022-09-01,13,KERNFRNT_7_B1,KERNFRNT_7_B1,KERNFRNT_7_B1,RTPD,MCE,LMP_ENE_PRC,KERNFRNT_7_B1,ALL,1,105.30588,2,38
2022-09-01T20:15:00-00:00,2022-09-01T20:30:00-00:00,2022-09-01,14,KERNFRNT_7_B1,KERNFRNT_7_B1,KERNFRNT_7_B1,RTPD,MCE,LMP_ENE_PRC,KERNFRNT_7_B1,ALL,1,117.49421,2,38
2022-09-01T21:15:00-00:00,2022-09-01T21:30:00-00:00,2022-09-01,15,KERNFRNT_7_B1,KERNFRNT_7_B1,KERNFRNT_7_B1,RTPD,MCE,LMP_ENE_PRC,KERNFRNT_7_B1,ALL,1,147.21185,2,38
2022-09-01T22:15:00-00:00,2022-09-01T22:30:00-00:00,2022-09-01,16,KERNFRNT_7_B1,KERNFRNT_7_B1,KERNFRNT_7_B1,RTPD,MCE,LMP_ENE_PRC,KERNFRNT_7_B1,ALL,1,256.58734,2,38
2022-09-01T23:15:00-00:00,2022-09-01T23:30:00-00:00,2022-09-01,17,KERNFRNT_7_B1,KERNFRNT_7_B1,KERNFRNT_7_B1,RTPD,MCE,LMP_ENE_PRC,KERNFRNT_7_B1,ALL,1,362.12408,2,38
2022-09-02T00:15:00-00:00,2022-09-02T00:30:00-00:00,2022-09-01,18,KERNFRNT_7_B1,KERNFRNT_7_B1,KERNFRNT_7_B1,RTPD,MCE,LMP_ENE_PRC,KERNFRNT_7_B1,ALL,1,691.2182,2,38
2022-09-02T01:15:00-00:00,2022-09-02T01:30:00-00:00,2022-09-01,19,KERNFRNT_7_B1,KERNFRNT_7_B1,KERNFRNT_7_B1,RTPD,MCE,LMP_ENE_PRC,KERNFRNT_7_B1,ALL,1,1999.9933,2,38
2022-09-02T02:15:00-00:00,2022-09-02T02:30:00-00:00,2022-09-01,20,KERNFRNT_7_B1,KERNFRNT_7_B1,KERNFRNT_7_B1,RTPD,MCE,LMP_ENE_PRC,KERNFRNT_7_B1,ALL,1,1991.6721,2,38
2022-09-02T03:15:00-00:00,2022-09-02T03:30:00-00:00,2022-09-01,21,KERNFRNT_7_B1,KERNFRNT_7_B1,KERNFRNT_7_B1,RTPD,MCE,LMP_ENE_PRC,KERNFRNT_7_B1,ALL,1,400.52884,2,38
2022-09-02T04:15:00-00:00,2022-09-02T04:30:00-00:00,2022-09-01,22,KERNFRNT_7_B1,KERNFRNT_7_B1,KERNFRNT_7_B1,RTPD,MCE,LMP_ENE_PRC,KERNFRNT_7_B1,ALL,1,224.75041,2,38
2022-09-02T05:15:00-00:00,2022-09-02T05:30:00-00:00,2022-09-01,23,KERNFRNT_7_B1,KERNFRNT_7_B1,KERNFRNT_7_B1,RTPD,MCE,LMP_ENE_PRC,KERNFRNT_7_B1,ALL,1,157.11986,2,38
2022-09-02T06:15:00-00:00,2022-09-02T06:30:00-00:00,2022-09-01,24,KERNFRNT_7_B1,KERNFRNT_7_B1,KERNFRNT_7_B1,RTPD,MCE,LMP_ENE_PRC,KERNFRNT_7_B1,ALL,1,143.1005,2,38
2022-09-01T07:30:00-00:00,2022-09-01T07:45:00-00:00,2022-09-01,01,KERNFRNT_7_B1,KERNFRNT_7_B1,KERNFRNT_7_B1,RTPD,MCE,LMP_ENE_PRC,KERNFRNT_7_B1,ALL,1,119.03196,3,38
2022-09-01T08:30:00-00:00,2022-09-01T08:45:00-00:00,2022-09-01,02,KERNFRNT_7_B1,KERNFRNT_7_B1,KERNFRNT_7_B1,RTPD,MCE,LMP_ENE_PRC,KERNFRNT_7_B1,ALL,1,111.11241,3,38
2022-09-01T09:30:00-00:00,2022-09-01T09:45:00-00:00,2022-09-01,03,KERNFRNT_7_B1,KERNFRNT_7_B1,KERNFRNT_7_B1,RTPD,MCE,LMP_ENE_PRC,KERNFRNT_7_B1,ALL,1,98.16228,3,38
2022-09-01T10:30:00-00:00,2022-09-01T10:45:00-00:00,2022-09-01,04,KERNFRNT_7_B1,KERNFRNT_7_B1,KERNFRNT_7_B1,RTPD,MCE,LMP_ENE_PRC,KERNFRNT_7_B1,ALL,1,96.36226,3,38
2022-09-01T11:30:00-00:00,2022-09-01T11:45:00-00:00,2022-09-01,05,KERNFRNT_7_B1,KERNFRNT_7_B1,KERNFRNT_7_B1,RTPD,MCE,LMP_ENE_PRC,KERNFRNT_7_B1,ALL,1,103.06198,3,38
2022-09-01T12:30:00-00:00,2022-09-01T12:45:00-00:00,2022-09-01,06,KERNFRNT_7_B1,KERNFRNT_7_B1,KERNFRNT_7_B1,RTPD,MCE,LMP_ENE_PRC,KERNFRNT_7_B1,ALL,1,113.57403,3,38
2022-09-01T13:30:00-00:00,2022-09-01T13:45:00-00:00,2022-09-01,07,KERNFRNT_7_B1,KERNFRNT_7_B1,KERNFRNT_7_B1,RTPD,MCE,LMP_ENE_PRC,KERNFRNT_7_B1,ALL,1,111.52025,3,38
2022-09-01T14:30:00-00:00,2022-09-01T14:45:00-00:00,2022-09-01,08,KERNFRNT_7_B1,KERNFRNT_7_B1,KERNFRNT_7_B1,RTPD,MCE,LMP_ENE_PRC,KERNFRNT_7_B1,ALL,1,101.83428,3,38
2022-09-01T15:30:00-00:00,2022-09-01T15:45:00-00:00,2022-09-01,09,KERNFRNT_7_B1,KERNFRNT_7_B1,KERNFRNT_7_B1,RTPD,MCE,LMP_ENE_PRC,KERNFRNT_7_B1,ALL,1,86.1388,3,38
2022-09-01T16:30:00-00:00,2022-09-01T16:45:00-00:00,2022-09-01,10,KERNFRNT_7_B1,KERNFRNT_7_B1,KERNFRNT_7_B1,RTPD,MCE,LMP_ENE_PRC,KERNFRNT_7_B1,ALL,1,88.79644,3,38
2022-09-01T17:30:00-00:00,2022-09-01T17:45:00-00:00,2022-09-01,11,KERNFRNT_7_B1,KERNFRNT_7_B1,KERNFRNT_7_B1,RTPD,MCE,LMP_ENE_PRC,KERNFRNT_7_B1,ALL,1,99.13013,3,38
2022-09-01T18:30:00-00:00,2022-09-01T18:45:00-00:00,2022-09-01,12,KERNFRNT_7_B1,KERNFRNT_7_B1,KERNFRNT_7_B1,RTPD,MCE,LMP_ENE_PRC,KERNFRNT_7_B1,ALL,1,107.05718,3,38
2022-09-01T19:30:00-00:00,2022-09-01T19:45:00-00:00,2022-09-01,13,KERNFRNT_7_B1,KERNFRNT_7_B1,KERNFRNT_7_B1,RTPD,MCE,LMP_ENE_PRC,KERNFRNT_7_B1,ALL,1,114.05905,3,38
2022-09-01T20:30:00-00:00,2022-09-01T20:45:00-00:00,2022-09-01,14,KERNFRNT_7_B1,KERNFRNT_7_B1,KERNFRNT_7_B1,RTPD,MCE,LMP_ENE_PRC,KERNFRNT_7_B1,ALL,1,129.81606,3,38
2022-09-01T21:30:00-00:00,2022-09-01T21:45:00-00:00,2022-09-01,15,KERNFRNT_7_B1,KERNFRNT_7_B1,KERNFRNT_7_B1,RTPD,MCE,LMP_ENE_PRC,KERNFRNT_7_B1,ALL,1,152.93057,3,38
2022-09-01T22:30:00-00:00,2022-09-01T22:45:00-00:00,2022-09-01,16,KERNFRNT_7_B1,KERNFRNT_7_B1,KERNFRNT_7_B1,RTPD,MCE,LMP_ENE_PRC,KERNFRNT_7_B1,ALL,1,283.18182,3,38
2022-09-01T23:30:00-00:00,2022-09-01T23:45:00-00:00,2022-09-01,17,KERNFRNT_7_B1,KERNFRNT_7_B1,KERNFRNT_7_B1,RTPD,MCE,LMP_ENE_PRC,KERNFRNT_7_B1,ALL,1,566.48157,3,38
2022-09-02T00:30:00-00:00,2022-09-02T00:45:00-00:00,2022-09-01,18,KERNFRNT_7_B1,KERNFRNT_7_B1,KERNFRNT_7_B1,RTPD,MCE,LMP_ENE_PRC,KERNFRNT_7_B1,ALL,1,1329.1127,3,38
2022-09-02T01:30:00-00:00,2022-09-02T01:45:00-00:00,2022-09-01,19,KERNFRNT_7_B1,KERNFRNT_7_B1,KERNFRNT_7_B1,RTPD,MCE,LMP_ENE_PRC,KERNFRNT_7_B1,ALL,1,1999.9956,3,38
2022-09-02T02:30:00-00:00,2022-09-02T02:45:00-00:00,2022-09-01,20,KERNFRNT_7_B1,KERNFRNT_7_B1,KERNFRNT_7_B1,RTPD,MCE,LMP_ENE_PRC,KERNFRNT_7_B1,ALL,1,1991.671,3,38
2022-09-02T03:30:00-00:00,2022-09-02T03:45:00-00:00,2022-09-01,21,KERNFRNT_7_B1,KERNFRNT_7_B1,KERNFRNT_7_B1,RTPD,MCE,LMP_ENE_PRC,KERNFRNT_7_B1,ALL,1,186.61823,3,38
2022-09-02T04:30:00-00:00,2022-09-02T04:45:00-00:00,2022-09-01,22,KERNFRNT_7_B1,KERNFRNT_7_B1,KERNFRNT_7_B1,RTPD,MCE,LMP_ENE_PRC,KERNFRNT_7_B1,ALL,1,180.67824,3,38
2022-09-02T05:30:00-00:00,2022-09-02T05:45:00-00:00,2022-09-01,23,KERNFRNT_7_B1,KERNFRNT_7_B1,KERNFRNT_7_B1,RTPD,MCE,LMP_ENE_PRC,KERNFRNT_7_B1,ALL,1,131.69917,3,38
2022-09-02T06:30:00-00:00,2022-09-02T06:45:00-00:00,2022-09-01,24,KERNFRNT_7_B1,KERNFRNT_7_B1,KERNFRNT_7_B1,RTPD,MCE,LMP_ENE_PRC,KERNFRNT_7_B1,ALL,1,128.9871,3,38
2022-09-01T07:45:00-00:00,2022-09-01T08:00:00-00:00,2022-09-01,01,KERNFRNT_7_B1,KERNFRNT_7_B1,KERNFRNT_7_B1,RTPD,MCE,LMP_ENE_PRC,KERNFRNT_7_B1,ALL,1,109.12099,4,38
2022-09-01T08:45:00-00:00,2022-09-01T09:00:00-00:00,2022-09-01,02,KERNFRNT_7_B1,KERNFRNT_7_B1,KERNFRNT_7_B1,RTPD,MCE,LMP_ENE_PRC,KERNFRNT_7_B1,ALL,1,98.7357,4,38
2022-09-01T09:45:00-00:00,2022-09-01T10:00:00-00:00,2022-09-01,03,KERNFRNT_7_B1,KERNFRNT_7_B1,KERNFRNT_7_B1,RTPD,MCE,LMP_ENE_PRC,KERNFRNT_7_B1,ALL,1,97.50475,4,38
2022-09-01T10:45:00-00:00,2022-09-01T11:00:00-00:00,2022-09-01,04,KERNFRNT_7_B1,KERNFRNT_7_B1,KERNFRNT_7_B1,RTPD,MCE,LMP_ENE_PRC,KERNFRNT_7_B1,ALL,1,94.71966,4,38
2022-09-01T11:45:00-00:00,2022-09-01T12:00:00-00:00,2022-09-01,05,KERNFRNT_7_B1,KERNFRNT_7_B1,KERNFRNT_7_B1,RTPD,MCE,LMP_ENE_PRC,KERNFRNT_7_B1,ALL,1,107.01,4,38
2022-09-01T12:45:00-00:00,2022-09-01T13:00:00-00:00,2022-09-01,06,KERNFRNT_7_B1,KERNFRNT_7_B1,KERNFRNT_7_B1,RTPD,MCE,LMP_ENE_PRC,KERNFRNT_7_B1,ALL,1,116.4848,4,38
2022-09-01T13:45:00-00:00,2022-09-01T14:00:00-00:00,2022-09-01,07,KERNFRNT_7_B1,KERNFRNT_7_B1,KERNFRNT_7_B1,RTPD,MCE,LMP_ENE_PRC,KERNFRNT_7_B1,ALL,1,111.41,4,38
2022-09-01T14:45:00-00:00,2022-09-01T15:00:00-00:00,2022-09-01,08,KERNFRNT_7_B1,KERNFRNT_7_B1,KERNFRNT_7_B1,RTPD,MCE,LMP_ENE_PRC,KERNFRNT_7_B1,ALL,1,86.1388,4,38
2022-09-01T15:45:00-00:00,2022-09-01T16:00:00-00:00,2022-09-01,09,KERNFRNT_7_B1,KERNFRNT_7_B1,KERNFRNT_7_B1,RTPD,MCE,LMP_ENE_PRC,KERNFRNT_7_B1,ALL,1,78.70076,4,38
2022-09-01T16:45:00-00:00,2022-09-01T17:00:00-00:00,2022-09-01,10,KERNFRNT_7_B1,KERNFRNT_7_B1,KERNFRNT_7_B1,RTPD,MCE,LMP_ENE_PRC,KERNFRNT_7_B1,ALL,1,91.24933,4,38
2022-09-01T17:45:00-00:00,2022-09-01T18:00:00-00:00,2022-09-01,11,KERNFRNT_7_B1,KERNFRNT_7_B1,KERNFRNT_7_B1,RTPD,MCE,LMP_ENE_PRC,KERNFRNT_7_B1,ALL,1,99.20544,4,38
2022-09-01T18:45:00-00:00,2022-09-01T19:00:00-00:00,2022-09-01,12,KERNFRNT_7_B1,KERNFRNT_7_B1,KERNFRNT_7_B1,RTPD,MCE,LMP_ENE_PRC,KERNFRNT_7_B1,ALL,1,109.04064,4,38
2022-09-01T19:45:00-00:00,2022-09-01T20:00:00-00:00,2022-09-01,13,KERNFRNT_7_B1,KERNFRNT_7_B1,KERNFRNT_7_B1,RTPD,MCE,LMP_ENE_PRC,KERNFRNT_7_B1,ALL,1,120.22491,4,38
2022-09-01T20:45:00-00:00,2022-09-01T21:00:00-00:00,2022-09-01,14,KERNFRNT_7_B1,KERNFRNT_7_B1,KERNFRNT_7_B1,RTPD,MCE,LMP_ENE_PRC,KERNFRNT_7_B1,ALL,1,154.02509,4,38
2022-09-01T21:45:00-00:00,2022-09-01T22:00:00-00:00,2022-09-01,15,KERNFRNT_7_B1,KERNFRNT_7_B1,KERNFRNT_7_B1,RTPD,MCE,LMP_ENE_PRC,KERNFRNT_7_B1,ALL,1,300.29376,4,38
2022-09-01T22:45:00-00:00,2022-09-01T23:00:00-00:00,2022-09-01,16,KERNFRNT_7_B1,KERNFRNT_7_B1,KERNFRNT_7_B1,RTPD,MCE,LMP_ENE_PRC,KERNFRNT_7_B1,ALL,1,429.9137,4,38
2022-09-01T23:45:00-00:00,2022-09-02T00:00:00-00:00,2022-09-01,17,KERNFRNT_7_B1,KERNFRNT_7_B1,KERNFRNT_7_B1,RTPD,MCE,LMP_ENE_PRC,KERNFRNT_7_B1,ALL,1,1261.2124,4,38
2022-09-02T00:45:00-00:00,2022-09-02T01:00:00-00:00,2022-09-01,18,KERNFRNT_7_B1,KERNFRNT_7_B1,KERNFRNT_7_B1,RTPD,MCE,LMP_ENE_PRC,KERNFRNT_7_B1,ALL,1,1519.149,4,38
2022-09-02T01:45:00-00:00,2022-09-02T02:00:00-00:00,2022-09-01,19,KERNFRNT_7_B1,KERNFRNT_7_B1,KERNFRNT_7_B1,RTPD,MCE,LMP_ENE_PRC,KERNFRNT_7_B1,ALL,1,1991.9337,4,38
2022-09-02T02:45:00-00:00,2022-09-02T03:00:00-00:00,2022-09-01,20,KERNFRNT_7_B1,KERNFRNT_7_B1,KERNFRNT_7_B1,RTPD,MCE,LMP_ENE_PRC,KERNFRNT_7_B1,ALL,1,1629.6213,4,38
2022-09-02T03:45:00-00:00,2022-09-02T04:00:00-00:00,2022-09-01,21,KERNFRNT_7_B1,KERNFRNT_7_B1,KERNFRNT_7_B1,RTPD,MCE,LMP_ENE_PRC,KERNFRNT_7_B1,ALL,1,141.13702,4,38
2022-09-02T04:45:00-00:00,2022-09-02T05:00:00-00:00,2022-09-01,22,KERNFRNT_7_B1,KERNFRNT_7_B1,KERNFRNT_7_B1,RTPD,MCE,LMP_ENE_PRC,KERNFRNT_7_B1,ALL,1,126.76372,4,38
2022-09-02T05:45:00-00:00,2022-09-02T06:00:00-00:00,2022-09-01,23,KERNFRNT_7_B1,KERNFRNT_7_B1,KERNFRNT_7_B1,RTPD,MCE,LMP_ENE_PRC,KERNFRNT_7_B1,ALL,1,119.00958,4,38
2022-09-02T06:45:00-00:00,2022-09-02T07:00:00-00:00,2022-09-01,24,KERNFRNT_7_B1,KERNFRNT_7_B1,KERNFRNT_7_B1,RTPD,MCE,LMP_ENE_PRC,KERNFRNT_7_B1,ALL,1,109.20324,4,38
2022-09-01T07:00:00-00:00,2022-09-01T07:15:00-00:00,2022-09-01,01,KERNFRNT_7_B1,KERNFRNT_7_B1,KERNFRNT_7_B1,RTPD,MCL,LMP_LOSS_PRC,KERNFRNT_7_B1,ALL,1,-3.2417,1,39
2022-09-01T08:00:00-00:00,2022-09-01T08:15:00-00:00,2022-09-01,02,KERNFRNT_7_B1,KERNFRNT_7_B1,KERNFRNT_7_B1,RTPD,MCL,LMP_LOSS_PRC,KERNFRNT_7_B1,ALL,1,0,1,39
2022-09-01T09:00:00-00:00,2022-09-01T09:15:00-00:00,2022-09-01,03,KERNFRNT_7_B1,KERNFRNT_7_B1,KERNFRNT_7_B1,RTPD,MCL,LMP_LOSS_PRC,KERNFRNT_7_B1,ALL,1,5.13613,1,39
2022-09-01T10:00:00-00:00,2022-09-01T10:15:00-00:00,2022-09-01,04,KERNFRNT_7_B1,KERNFRNT_7_B1,KERNFRNT_7_B1,RTPD,MCL,LMP_LOSS_PRC,KERNFRNT_7_B1,ALL,1,5.40559,1,39
2022-09-01T11:00:00-00:00,2022-09-01T11:15:00-00:00,2022-09-01,05,KERNFRNT_7_B1,KERNFRNT_7_B1,KERNFRNT_7_B1,RTPD,MCL,LMP_LOSS_PRC,KERNFRNT_7_B1,ALL,1,5.52845,1,39
2022-09-01T12:00:00-00:00,2022-09-01T12:15:00-00:00,2022-09-01,06,KERNFRNT_7_B1,KERNFRNT_7_B1,KERNFRNT_7_B1,RTPD,MCL,LMP_LOSS_PRC,KERNFRNT_7_B1,ALL,1,5.01017,1,39
2022-09-01T13:00:00-00:00,2022-09-01T13:15:00-00:00,2022-09-01,07,KERNFRNT_7_B1,KERNFRNT_7_B1,KERNFRNT_7_B1,RTPD,MCL,LMP_LOSS_PRC,KERNFRNT_7_B1,ALL,1,0,1,39
2022-09-01T14:00:00-00:00,2022-09-01T14:15:00-00:00,2022-09-01,08,KERNFRNT_7_B1,KERNFRNT_7_B1,KERNFRNT_7_B1,RTPD,MCL,LMP_LOSS_PRC,KERNFRNT_7_B1,ALL,1,4.83338,1,39
2022-09-01T15:00:00-00:00,2022-09-01T15:15:00-00:00,2022-09-01,09,KERNFRNT_7_B1,KERNFRNT_7_B1,KERNFRNT_7_B1,RTPD,MCL,LMP_LOSS_PRC,KERNFRNT_7_B1,ALL,1,0,1,39
2022-09-01T16:00:00-00:00,2022-09-01T16:15:00-00:00,2022-09-01,10,KERNFRNT_7_B1,KERNFRNT_7_B1,KERNFRNT_7_B1,RTPD,MCL,LMP_LOSS_PRC,KERNFRNT_7_B1,ALL,1,0,1,39
2022-09-01T17:00:00-00:00,2022-09-01T17:15:00-00:00,2022-09-01,11,KERNFRNT_7_B1,KERNFRNT_7_B1,KERNFRNT_7_B1,RTPD,MCL,LMP_LOSS_PRC,KERNFRNT_7_B1,ALL,1,0,1,39
2022-09-01T18:00:00-00:00,2022-09-01T18:15:00-00:00,2022-09-01,12,KERNFRNT_7_B1,KERNFRNT_7_B1,KERNFRNT_7_B1,RTPD,MCL,LMP_LOSS_PRC,KERNFRNT_7_B1,ALL,1,0,1,39
2022-09-01T19:00:00-00:00,2022-09-01T19:15:00-00:00,2022-09-01,13,KERNFRNT_7_B1,KERNFRNT_7_B1,KERNFRNT_7_B1,RTPD,MCL,LMP_LOSS_PRC,KERNFRNT_7_B1,ALL,1,0,1,39
2022-09-01T20:00:00-00:00,2022-09-01T20:15:00-00:00,2022-09-01,14,KERNFRNT_7_B1,KERNFRNT_7_B1,KERNFRNT_7_B1,RTPD,MCL,LMP_LOSS_PRC,KERNFRNT_7_B1,ALL,1,0,1,39
2022-09-01T21:00:00-00:00,2022-09-01T21:15:00-00:00,2022-09-01,15,KERNFRNT_7_B1,KERNFRNT_7_B1,KERNFRNT_7_B1,RTPD,MCL,LMP_LOSS_PRC,KERNFRNT_7_B1,ALL,1,0,1,39
2022-09-01T22:00:00-00:00,2022-09-01T22:15:00-00:00,2022-09-01,16,KERNFRNT_7_B1,KERNFRNT_7_B1,KERNFRNT_7_B1,RTPD,MCL,LMP_LOSS_PRC,KERNFRNT_7_B1,ALL,1,0,1,39
2022-09-01T23:00:00-00:00,2022-09-01T23:15:00-00:00,2022-09-01,17,KERNFRNT_7_B1,KERNFRNT_7_B1,KERNFRNT_7_B1,RTPD,MCL,LMP_LOSS_PRC,KERNFRNT_7_B1,ALL,1,0,1,39
2022-09-02T00:00:00-00:00,2022-09-02T00:15:00-00:00,2022-09-01,18,KERNFRNT_7_B1,KERNFRNT_7_B1,KERNFRNT_7_B1,RTPD,MCL,LMP_LOSS_PRC,KERNFRNT_7_B1,ALL,1,3.23644,1,39
2022-09-02T01:00:00-00:00,2022-09-02T01:15:00-00:00,2022-09-01,19,KERNFRNT_7_B1,KERNFRNT_7_B1,KERNFRNT_7_B1,RTPD,MCL,LMP_LOSS_PRC,KERNFRNT_7_B1,ALL,1,0,1,39
2022-09-02T02:00:00-00:00,2022-09-02T02:15:00-00:00,2022-09-01,20,KERNFRNT_7_B1,KERNFRNT_7_B1,KERNFRNT_7_B1,RTPD,MCL,LMP_LOSS_PRC,KERNFRNT_7_B1,ALL,1,0,1,39
2022-09-02T03:00:00-00:00,2022-09-02T03:15:00-00:00,2022-09-01,21,KERNFRNT_7_B1,KERNFRNT_7_B1,KERNFRNT_7_B1,RTPD,MCL,LMP_LOSS_PRC,KERNFRNT_7_B1,ALL,1,13.94677,1,39
2022-09-02T04:00:00-00:00,2022-09-02T04:15:00-00:00,2022-09-01,22,KERNFRNT_7_B1,KERNFRNT_7_B1,KERNFRNT_7_B1,RTPD,MCL,LMP_LOSS_PRC,KERNFRNT_7_B1,ALL,1,2.75878,1,39
2022-09-02T05:00:00-00:00,2022-09-02T05:15:00-00:00,2022-09-01,23,KERNFRNT_7_B1,KERNFRNT_7_B1,KERNFRNT_7_B1,RTPD,MCL,LMP_LOSS_PRC,KERNFRNT_7_B1,ALL,1,0.65969,1,39
2022-09-02T06:00:00-00:00,2022-09-02T06:15:00-00:00,2022-09-01,24,KERNFRNT_7_B1,KERNFRNT_7_B1,KERNFRNT_7_B1,RTPD,MCL,LMP_LOSS_PRC,KERNFRNT_7_B1,ALL,1,5.30616,1,39
2022-09-01T07:15:00-00:00,2022-09-01T07:30:00-00:00,2022-09-01,01,KERNFRNT_7_B1,KERNFRNT_7_B1,KERNFRNT_7_B1,RTPD,MCL,LMP_LOSS_PRC,KERNFRNT_7_B1,ALL,1,0,2,39
2022-09-01T08:15:00-00:00,2022-09-01T08:30:00-00:00,2022-09-01,02,KERNFRNT_7_B1,KERNFRNT_7_B1,KERNFRNT_7_B1,RTPD,MCL,LMP_LOSS_PRC,KERNFRNT_7_B1,ALL,1,0,2,39
2022-09-01T09:15:00-00:00,2022-09-01T09:30:00-00:00,2022-09-01,03,KERNFRNT_7_B1,KERNFRNT_7_B1,KERNFRNT_7_B1,RTPD,MCL,LMP_LOSS_PRC,KERNFRNT_7_B1,ALL,1,4.99392,2,39
2022-09-01T10:15:00-00:00,2022-09-01T10:30:00-00:00,2022-09-01,04,KERNFRNT_7_B1,KERNFRNT_7_B1,KERNFRNT_7_B1,RTPD,MCL,LMP_LOSS_PRC,KERNFRNT_7_B1,ALL,1,5.45178,2,39
2022-09-01T11:15:00-00:00,2022-09-01T11:30:00-00:00,2022-09-01,05,KERNFRNT_7_B1,KERNFRNT_7_B1,KERNFRNT_7_B1,RTPD,MCL,LMP_LOSS_PRC,KERNFRNT_7_B1,ALL,1,5.61844,2,39
2022-09-01T12:15:00-00:00,2022-09-01T12:30:00-00:00,2022-09-01,06,KERNFRNT_7_B1,KERNFRNT_7_B1,KERNFRNT_7_B1,RTPD,MCL,LMP_LOSS_PRC,KERNFRNT_7_B1,ALL,1,5.92525,2,39
2022-09-01T13:15:00-00:00,2022-09-01T13:30:00-00:00,2022-09-01,07,KERNFRNT_7_B1,KERNFRNT_7_B1,KERNFRNT_7_B1,RTPD,MCL,LMP_LOSS_PRC,KERNFRNT_7_B1,ALL,1,5.50452,2,39
2022-09-01T14:15:00-00:00,2022-09-01T14:30:00-00:00,2022-09-01,08,KERNFRNT_7_B1,KERNFRNT_7_B1,KERNFRNT_7_B1,RTPD,MCL,LMP_LOSS_PRC,KERNFRNT_7_B1,ALL,1,4.09719,2,39
2022-09-01T15:15:00-00:00,2022-09-01T15:30:00-00:00,2022-09-01,09,KERNFRNT_7_B1,KERNFRNT_7_B1,KERNFRNT_7_B1,RTPD,MCL,LMP_LOSS_PRC,KERNFRNT_7_B1,ALL,1,0,2,39
2022-09-01T16:15:00-00:00,2022-09-01T16:30:00-00:00,2022-09-01,10,KERNFRNT_7_B1,KERNFRNT_7_B1,KERNFRNT_7_B1,RTPD,MCL,LMP_LOSS_PRC,KERNFRNT_7_B1,ALL,1,0,2,39
2022-09-01T17:15:00-00:00,2022-09-01T17:30:00-00:00,2022-09-01,11,KERNFRNT_7_B1,KERNFRNT_7_B1,KERNFRNT_7_B1,RTPD,MCL,LMP_LOSS_PRC,KERNFRNT_7_B1,ALL,1,0,2,39
2022-09-01T18:15:00-00:00,2022-09-01T18:30:00-00:00,2022-09-01,12,KERNFRNT_7_B1,KERNFRNT_7_B1,KERNFRNT_7_B1,RTPD,MCL,LMP_LOSS_PRC,KERNFRNT_7_B1,ALL,1,0,2,39
2022-09-01T19:15:00-00:00,2022-09-01T19:30:00-00:00,2022-09-01,13,KERNFRNT_7_B1,KERNFRNT_7_B1,KERNFRNT_7_B1,RTPD,MCL,LMP_LOSS_PRC,KERNFRNT_7_B1,ALL,1,0,2,39
2022-09-01T20:15:00-00:00,2022-09-01T20:30:00-00:00,2022-09-01,14,KERNFRNT_7_B1,KERNFRNT_7_B1,KERNFRNT_7_B1,RTPD,MCL,LMP_LOSS_PRC,KERNFRNT_7_B1,ALL,1,0,2,39
2022-09-01T21:15:00-00:00,2022-09-01T21:30:00-00:00,2022-09-01,15,KERNFRNT_7_B1,KERNFRNT_7_B1,KERNFRNT_7_B1,RTPD,MCL,LMP_LOSS_PRC,KERNFRNT_7_B1,ALL,1,0,2,39
2022-09-01T22:15:00-00:00,2022-09-01T22:30:00-00:00,2022-09-01,16,KERNFRNT_7_B1,KERNFRNT_7_B1,KERNFRNT_7_B1,RTPD,MCL,LMP_LOSS_PRC,KERNFRNT_7_B1,ALL,1,0,2,39
2022-09-01T23:15:00-00:00,2022-09-01T23:30:00-00:00,2022-09-01,17,KERNFRNT_7_B1,KERNFRNT_7_B1,KERNFRNT_7_B1,RTPD,MCL,LMP_LOSS_PRC,KERNFRNT_7_B1,ALL,1,0,2,39
2022-09-02T00:15:00-00:00,2022-09-02T00:30:00-00:00,2022-09-01,18,KERNFRNT_7_B1,KERNFRNT_7_B1,KERNFRNT_7_B1,RTPD,MCL,LMP_LOSS_PRC,KERNFRNT_7_B1,ALL,1,1.65892,2,39
2022-09-02T01:15:00-00:00,2022-09-02T01:30:00-00:00,2022-09-01,19,KERNFRNT_7_B1,KERNFRNT_7_B1,KERNFRNT_7_B1,RTPD,MCL,LMP_LOSS_PRC,KERNFRNT_7_B1,ALL,1,0,2,39
2022-09-02T02:15:00-00:00,2022-09-02T02:30:00-00:00,2022-09-01,20,KERNFRNT_7_B1,KERNFRNT_7_B1,KERNFRNT_7_B1,RTPD,MCL,LMP_LOSS_PRC,KERNFRNT_7_B1,ALL,1,0,2,39
2022-09-02T03:15:00-00:00,2022-09-02T03:30:00-00:00,2022-09-01,21,KERNFRNT_7_B1,KERNFRNT_7_B1,KERNFRNT_7_B1,RTPD,MCL,LMP_LOSS_PRC,KERNFRNT_7_B1,ALL,1,5.72756,2,39
2022-09-02T04:15:00-00:00,2022-09-02T04:30:00-00:00,2022-09-01,22,KERNFRNT_7_B1,KERNFRNT_7_B1,KERNFRNT_7_B1,RTPD,MCL,LMP_LOSS_PRC,KERNFRNT_7_B1,ALL,1,2.26998,2,39
2022-09-02T05:15:00-00:00,2022-09-02T05:30:00-00:00,2022-09-01,23,KERNFRNT_7_B1,KERNFRNT_7_B1,KERNFRNT_7_B1,RTPD,MCL,LMP_LOSS_PRC,KERNFRNT_7_B1,ALL,1,3.15811,2,39
2022-09-02T06:15:00-00:00,2022-09-02T06:30:00-00:00,2022-09-01,24,KERNFRNT_7_B1,KERNFRNT_7_B1,KERNFRNT_7_B1,RTPD,MCL,LMP_LOSS_PRC,KERNFRNT_7_B1,ALL,1,5.02283,2,39
2022-09-01T07:30:00-00:00,2022-09-01T07:45:00-00:00,2022-09-01,01,KERNFRNT_7_B1,KERNFRNT_7_B1,KERNFRNT_7_B1,RTPD,MCL,LMP_LOSS_PRC,KERNFRNT_7_B1,ALL,1,0,3,39
2022-09-01T08:30:00-00:00,2022-09-01T08:45:00-00:00,2022-09-01,02,KERNFRNT_7_B1,KERNFRNT_7_B1,KERNFRNT_7_B1,RTPD,MCL,LMP_LOSS_PRC,KERNFRNT_7_B1,ALL,1,5.36673,3,39
2022-09-01T09:30:00-00:00,2022-09-01T09:45:00-00:00,2022-09-01,03,KERNFRNT_7_B1,KERNFRNT_7_B1,KERNFRNT_7_B1,RTPD,MCL,LMP_LOSS_PRC,KERNFRNT_7_B1,ALL,1,4.8394,3,39
2022-09-01T10:30:00-00:00,2022-09-01T10:45:00-00:00,2022-09-01,04,KERNFRNT_7_B1,KERNFRNT_7_B1,KERNFRNT_7_B1,RTPD,MCL,LMP_LOSS_PRC,KERNFRNT_7_B1,ALL,1,5.47338,3,39
2022-09-01T11:30:00-00:00,2022-09-01T11:45:00-00:00,2022-09-01,05,KERNFRNT_7_B1,KERNFRNT_7_B1,KERNFRNT_7_B1,RTPD,MCL,LMP_LOSS_PRC,KERNFRNT_7_B1,ALL,1,5.77147,3,39
2022-09-01T12:30:00-00:00,2022-09-01T12:45:00-00:00,2022-09-01,06,KERNFRNT_7_B1,KERNFRNT_7_B1,KERNFRNT_7_B1,RTPD,MCL,LMP_LOSS_PRC,KERNFRNT_7_B1,ALL,1,5.84906,3,39
2022-09-01T13:30:00-00:00,2022-09-01T13:45:00-00:00,2022-09-01,07,KERNFRNT_7_B1,KERNFRNT_7_B1,KERNFRNT_7_B1,RTPD,MCL,LMP_LOSS_PRC,KERNFRNT_7_B1,ALL,1,5.4868,3,39
2022-09-01T14:30:00-00:00,2022-09-01T14:45:00-00:00,2022-09-01,08,KERNFRNT_7_B1,KERNFRNT_7_B1,KERNFRNT_7_B1,RTPD,MCL,LMP_LOSS_PRC,KERNFRNT_7_B1,ALL,1,3.35035,3,39
2022-09-01T15:30:00-00:00,2022-09-01T15:45:00-00:00,2022-09-01,09,KERNFRNT_7_B1,KERNFRNT_7_B1,KERNFRNT_7_B1,RTPD,MCL,LMP_LOSS_PRC,KERNFRNT_7_B1,ALL,1,0,3,39
2022-09-01T16:30:00-00:00,2022-09-01T16:45:00-00:00,2022-09-01,10,KERNFRNT_7_B1,KERNFRNT_7_B1,KERNFRNT_7_B1,RTPD,MCL,LMP_LOSS_PRC,KERNFRNT_7_B1,ALL,1,0,3,39
2022-09-01T17:30:00-00:00,2022-09-01T17:45:00-00:00,2022-09-01,11,KERNFRNT_7_B1,KERNFRNT_7_B1,KERNFRNT_7_B1,RTPD,MCL,LMP_LOSS_PRC,KERNFRNT_7_B1,ALL,1,0,3,39
2022-09-01T18:30:00-00:00,2022-09-01T18:45:00-00:00,2022-09-01,12,KERNFRNT_7_B1,KERNFRNT_7_B1,KERNFRNT_7_B1,RTPD,MCL,LMP_LOSS_PRC,KERNFRNT_7_B1,ALL,1,0,3,39
2022-09-01T19:30:00-00:00,2022-09-01T19:45:00-00:00,2022-09-01,13,KERNFRNT_7_B1,KERNFRNT_7_B1,KERNFRNT_7_B1,RTPD,MCL,LMP_LOSS_PRC,KERNFRNT_7_B1,ALL,1,0,3,39
2022-09-01T20:30:00-00:00,2022-09-01T20:45:00-00:00,2022-09-01,14,KERNFRNT_7_B1,KERNFRNT_7_B1,KERNFRNT_7_B1,RTPD,MCL,LMP_LOSS_PRC,KERNFRNT_7_B1,ALL,1,0,3,39
2022-09-01T21:30:00-00:00,2022-09-01T21:45:00-00:00,2022-09-01,15,KERNFRNT_7_B1,KERNFRNT_7_B1,KERNFRNT_7_B1,RTPD,MCL,LMP_LOSS_PRC,KERNFRNT_7_B1,ALL,1,0,3,39
2022-09-01T22:30:00-00:00,2022-09-01T22:45:00-00:00,2022-09-01,16,KERNFRNT_7_B1,KERNFRNT_7_B1,KERNFRNT_7_B1,RTPD,MCL,LMP_LOSS_PRC,KERNFRNT_7_B1,ALL,1,0,3,39
2022-09-01T23:30:00-00:00,2022-09-01T23:45:00-00:00,2022-09-01,17,KERNFRNT_7_B1,KERNFRNT_7_B1,KERNFRNT_7_B1,RTPD,MCL,LMP_LOSS_PRC,KERNFRNT_7_B1,ALL,1,0,3,39
2022-09-02T00:30:00-00:00,2022-09-02T00:45:00-00:00,2022-09-01,18,KERNFRNT_7_B1,KERNFRNT_7_B1,KERNFRNT_7_B1,RTPD,MCL,LMP_LOSS_PRC,KERNFRNT_7_B1,ALL,1,0,3,39
2022-09-02T01:30:00-00:00,2022-09-02T01:45:00-00:00,2022-09-01,19,KERNFRNT_7_B1,KERNFRNT_7_B1,KERNFRNT_7_B1,RTPD,MCL,LMP_LOSS_PRC,KERNFRNT_7_B1,ALL,1,0,3,39
2022-09-02T02:30:00-00:00,2022-09-02T02:45:00-00:00,2022-09-01,20,KERNFRNT_7_B1,KERNFRNT_7_B1,KERNFRNT_7_B1,RTPD,MCL,LMP_LOSS_PRC,KERNFRNT_7_B1,ALL,1,0,3,39
2022-09-02T03:30:00-00:00,2022-09-02T03:45:00-00:00,2022-09-01,21,KERNFRNT_7_B1,KERNFRNT_7_B1,KERNFRNT_7_B1,RTPD,MCL,LMP_LOSS_PRC,KERNFRNT_7_B1,ALL,1,3.24716,3,39
2022-09-02T04:30:00-00:00,2022-09-02T04:45:00-00:00,2022-09-01,22,KERNFRNT_7_B1,KERNFRNT_7_B1,KERNFRNT_7_B1,RTPD,MCL,LMP_LOSS_PRC,KERNFRNT_7_B1,ALL,1,1.64417,3,39
2022-09-02T05:30:00-00:00,2022-09-02T05:45:00-00:00,2022-09-01,23,KERNFRNT_7_B1,KERNFRNT_7_B1,KERNFRNT_7_B1,RTPD,MCL,LMP_LOSS_PRC,KERNFRNT_7_B1,ALL,1,2.91055,3,39
2022-09-02T06:30:00-00:00,2022-09-02T06:45:00-00:00,2022-09-01,24,KERNFRNT_7_B1,KERNFRNT_7_B1,KERNFRNT_7_B1,RTPD,MCL,LMP_LOSS_PRC,KERNFRNT_7_B1,ALL,1,5.09499,3,39
2022-09-01T07:45:00-00:00,2022-09-01T08:00:00-00:00,2022-09-01,01,KERNFRNT_7_B1,KERNFRNT_7_B1,KERNFRNT_7_B1,RTPD,MCL,LMP_LOSS_PRC,KERNFRNT_7_B1,ALL,1,0,4,39
2022-09-01T08:45:00-00:00,2022-09-01T09:00:00-00:00,2022-09-01,02,KERNFRNT_7_B1,KERNFRNT_7_B1,KERNFRNT_7_B1,RTPD,MCL,LMP_LOSS_PRC,KERNFRNT_7_B1,ALL,1,4.97628,4,39
2022-09-01T09:45:00-00:00,2022-09-01T10:00:00-00:00,2022-09-01,03,KERNFRNT_7_B1,KERNFRNT_7_B1,KERNFRNT_7_B1,RTPD,MCL,LMP_LOSS_PRC,KERNFRNT_7_B1,ALL,1,5.10925,4,39
2022-09-01T10:45:00-00:00,2022-09-01T11:00:00-00:00,2022-09-01,04,KERNFRNT_7_B1,KERNFRNT_7_B1,KERNFRNT_7_B1,RTPD,MCL,LMP_LOSS_PRC,KERNFRNT_7_B1,ALL,1,5.40849,4,39
2022-09-01T11:45:00-00:00,2022-09-01T12:00:00-00:00,2022-09-01,05,KERNFRNT_7_B1,KERNFRNT_7_B1,KERNFRNT_7_B1,RTPD,MCL,LMP_LOSS_PRC,KERNFRNT_7_B1,ALL,1,0,4,39
2022-09-01T12:45:00-00:00,2022-09-01T13:00:00-00:00,2022-09-01,06,KERNFRNT_7_B1,KERNFRNT_7_B1,KERNFRNT_7_B1,RTPD,MCL,LMP_LOSS_PRC,KERNFRNT_7_B1,ALL,1,0,4,39
2022-09-01T13:45:00-00:00,2022-09-01T14:00:00-00:00,2022-09-01,07,KERNFRNT_7_B1,KERNFRNT_7_B1,KERNFRNT_7_B1,RTPD,MCL,LMP_LOSS_PRC,KERNFRNT_7_B1,ALL,1,0,4,39
2022-09-01T14:45:00-00:00,2022-09-01T15:00:00-00:00,2022-09-01,08,KERNFRNT_7_B1,KERNFRNT_7_B1,KERNFRNT_7_B1,RTPD,MCL,LMP_LOSS_PRC,KERNFRNT_7_B1,ALL,1,0,4,39
2022-09-01T15:45:00-00:00,2022-09-01T16:00:00-00:00,2022-09-01,09,KERNFRNT_7_B1,KERNFRNT_7_B1,KERNFRNT_7_B1,RTPD,MCL,LMP_LOSS_PRC,KERNFRNT_7_B1,ALL,1,0,4,39
2022-09-01T16:45:00-00:00,2022-09-01T17:00:00-00:00,2022-09-01,10,KERNFRNT_7_B1,KERNFRNT_7_B1,KERNFRNT_7_B1,RTPD,MCL,LMP_LOSS_PRC,KERNFRNT_7_B1,ALL,1,0,4,39
2022-09-01T17:45:00-00:00,2022-09-01T18:00:00-00:00,2022-09-01,11,KERNFRNT_7_B1,KERNFRNT_7_B1,KERNFRNT_7_B1,RTPD,MCL,LMP_LOSS_PRC,KERNFRNT_7_B1,ALL,1,0,4,39
2022-09-01T18:45:00-00:00,2022-09-01T19:00:00-00:00,2022-09-01,12,KERNFRNT_7_B1,KERNFRNT_7_B1,KERNFRNT_7_B1,RTPD,MCL,LMP_LOSS_PRC,KERNFRNT_7_B1,ALL,1,0,4,39
2022-09-01T19:45:00-00:00,2022-09-01T20:00:00-00:00,2022-09-01,13,KERNFRNT_7_B1,KERNFRNT_7_B1,KERNFRNT_7_B1,RTPD,MCL,LMP_LOSS_PRC,KERNFRNT_7_B1,ALL,1,0,4,39
2022-09-01T20:45:00-00:00,2022-09-01T21:00:00-00:00,2022-09-01,14,KERNFRNT_7_B1,KERNFRNT_7_B1,KERNFRNT_7_B1,RTPD,MCL,LMP_LOSS_PRC,KERNFRNT_7_B1,ALL,1,0,4,39
2022-09-01T21:45:00-00:00,2022-09-01T22:00:00-00:00,2022-09-01,15,KERNFRNT_7_B1,KERNFRNT_7_B1,KERNFRNT_7_B1,RTPD,MCL,LMP_LOSS_PRC,KERNFRNT_7_B1,ALL,1,0,4,39
2022-09-01T22:45:00-00:00,2022-09-01T23:00:00-00:00,2022-09-01,16,KERNFRNT_7_B1,KERNFRNT_7_B1,KERNFRNT_7_B1,RTPD,MCL,LMP_LOSS_PRC,KERNFRNT_7_B1,ALL,1,0,4,39
2022-09-01T23:45:00-00:00,2022-09-02T00:00:00-00:00,2022-09-01,17,KERNFRNT_7_B1,KERNFRNT_7_B1,KERNFRNT_7_B1,RTPD,MCL,LMP_LOSS_PRC,KERNFRNT_7_B1,ALL,1,0,4,39
2022-09-02T00:45:00-00:00,2022-09-02T01:00:00-00:00,2022-09-01,18,KERNFRNT_7_B1,KERNFRNT_7_B1,KERNFRNT_7_B1,RTPD,MCL,LMP_LOSS_PRC,KERNFRNT_7_B1,ALL,1,0,4,39
2022-09-02T01:45:00-00:00,2022-09-02T02:00:00-00:00,2022-09-01,19,KERNFRNT_7_B1,KERNFRNT_7_B1,KERNFRNT_7_B1,RTPD,MCL,LMP_LOSS_PRC,KERNFRNT_7_B1,ALL,1,0,4,39
2022-09-02T02:45:00-00:00,2022-09-02T03:00:00-00:00,2022-09-01,20,KERNFRNT_7_B1,KERNFRNT_7_B1,KERNFRNT_7_B1,RTPD,MCL,LMP_LOSS_PRC,KERNFRNT_7_B1,ALL,1,54.10343,4,39
2022-09-02T03:45:00-00:00,2022-09-02T04:00:00-00:00,2022-09-01,21,KERNFRNT_7_B1,KERNFRNT_7_B1,KERNFRNT_7_B1,RTPD,MCL,LMP_LOSS_PRC,KERNFRNT_7_B1,ALL,1,2.07471,4,39
2022-09-02T04:45:00-00:00,2022-09-02T05:00:00-00:00,2022-09-01,22,KERNFRNT_7_B1,KERNFRNT_7_B1,KERNFRNT_7_B1,RTPD,MCL,LMP_LOSS_PRC,KERNFRNT_7_B1,ALL,1,1.00143,4,39
2022-09-02T05:45:00-00:00,2022-09-02T06:00:00-00:00,2022-09-01,23,KERNFRNT_7_B1,KERNFRNT_7_B1,KERNFRNT_7_B1,RTPD,MCL,LMP_LOSS_PRC,KERNFRNT_7_B1,ALL,1,2.21358,4,39
2022-09-02T06:45:00-00:00,2022-09-02T07:00:00-00:00,2022-09-01,24,KERNFRNT_7_B1,KERNFRNT_7_B1,KERNFRNT_7_B1,RTPD,MCL,LMP_LOSS_PRC,KERNFRNT_7_B1,ALL,1,4.0842,4,39
2022-09-01T07:00:00-00:00,2022-09-01T07:15:00-00:00,2022-09-01,01,KERNFRNT_7_B1,KERNFRNT_7_B1,KERNFRNT_7_B1,RTPD,MGHG,LMP_GHG_PRC,KERNFRNT_7_B1,ALL,1,0,1,40
2022-09-01T08:00:00-00:00,2022-09-01T08:15:00-00:00,2022-09-01,02,KERNFRNT_7_B1,KERNFRNT_7_B1,KERNFRNT_7_B1,RTPD,MGHG,LMP_GHG_PRC,KERNFRNT_7_B1,ALL,1,0,1,40
2022-09-01T09:00:00-00:00,2022-09-01T09:15:00-00:00,2022-09-01,03,KERNFRNT_7_B1,KERNFRNT_7_B1,KERNFRNT_7_B1,RTPD,MGHG,LMP_GHG_PRC,KERNFRNT_7_B1,ALL,1,0,1,40
2022-09-01T10:00:00-00:00,2022-09-01T10:15:00-00:00,2022-09-01,04,KERNFRNT_7_B1,KERNFRNT_7_B1,KERNFRNT_7_B1,RTPD,MGHG,LMP_GHG_PRC,KERNFRNT_7_B1,ALL,1,0,1,40
2022-09-01T11:00:00-00:00,2022-09-01T11:15:00-00:00,2022-09-01,05,KERNFRNT_7_B1,KERNFRNT_7_B1,KERNFRNT_7_B1,RTPD,MGHG,LMP_GHG_PRC,KERNFRNT_7_B1,ALL,1,0,1,40
2022-09-01T12:00:00-00:00,2022-09-01T12:15:00-00:00,2022-09-01,06,KERNFRNT_7_B1,KERNFRNT_7_B1,KERNFRNT_7_B1,RTPD,MGHG,LMP_GHG_PRC,KERNFRNT_7_B1,ALL,1,0,1,40
2022-09-01T13:00:00-00:00,2022-09-01T13:15:00-00:00,2022-09-01,07,KERNFRNT_7_B1,KERNFRNT_7_B1,KERNFRNT_7_B1,RTPD,MGHG,LMP_GHG_PRC,KERNFRNT_7_B1,ALL,1,0,1,40
2022-09-01T14:00:00-00:00,2022-09-01T14:15:00-00:00,2022-09-01,08,KERNFRNT_7_B1,KERNFRNT_7_B1,KERNFRNT_7_B1,RTPD,MGHG,LMP_GHG_PRC,KERNFRNT_7_B1,ALL,1,0,1,40
2022-09-01T15:00:00-00:00,2022-09-01T15:15:00-00:00,2022-09-01,09,KERNFRNT_7_B1,KERNFRNT_7_B1,KERNFRNT_7_B1,RTPD,MGHG,LMP_GHG_PRC,KERNFRNT_7_B1,ALL,1,0,1,40
2022-09-01T16:00:00-00:00,2022-09-01T16:15:00-00:00,2022-09-01,10,KERNFRNT_7_B1,KERNFRNT_7_B1,KERNFRNT_7_B1,RTPD,MGHG,LMP_GHG_PRC,KERNFRNT_7_B1,ALL,1,0,1,40
2022-09-01T17:00:00-00:00,2022-09-01T17:15:00-00:00,2022-09-01,11,KERNFRNT_7_B1,KERNFRNT_7_B1,KERNFRNT_7_B1,RTPD,MGHG,LMP_GHG_PRC,KERNFRNT_7_B1,ALL,1,0,1,40
2022-09-01T18:00:00-00:00,2022-09-01T18:15:00-00:00,2022-09-01,12,KERNFRNT_7_B1,KERNFRNT_7_B1,KERNFRNT_7_B1,RTPD,MGHG,LMP_GHG_PRC,KERNFRNT_7_B1,ALL,1,0,1,40
2022-09-01T19:00:00-00:00,2022-09-01T19:15:00-00:00,2022-09-01,13,KERNFRNT_7_B1,KERNFRNT_7_B1,KERNFRNT_7_B1,RTPD,MGHG,LMP_GHG_PRC,KERNFRNT_7_B1,ALL,1,0,1,40
2022-09-01T20:00:00-00:00,2022-09-01T20:15:00-00:00,2022-09-01,14,KERNFRNT_7_B1,KERNFRNT_7_B1,KERNFRNT_7_B1,RTPD,MGHG,LMP_GHG_PRC,KERNFRNT_7_B1,ALL,1,0,1,40
2022-09-01T21:00:00-00:00,2022-09-01T21:15:00-00:00,2022-09-01,15,KERNFRNT_7_B1,KERNFRNT_7_B1,KERNFRNT_7_B1,RTPD,MGHG,LMP_GHG_PRC,KERNFRNT_7_B1,ALL,1,0,1,40
2022-09-01T22:00:00-00:00,2022-09-01T22:15:00-00:00,2022-09-01,16,KERNFRNT_7_B1,KERNFRNT_7_B1,KERNFRNT_7_B1,RTPD,MGHG,LMP_GHG_PRC,KERNFRNT_7_B1,ALL,1,0,1,40
2022-09-01T23:00:00-00:00,2022-09-01T23:15:00-00:00,2022-09-01,17,KERNFRNT_7_B1,KERNFRNT_7_B1,KERNFRNT_7_B1,RTPD,MGHG,LMP_GHG_PRC,KERNFRNT_7_B1,ALL,1,0,1,40
2022-09-02T00:00:00-00:00,2022-09-02T00:15:00-00:00,2022-09-01,18,KERNFRNT_7_B1,KERNFRNT_7_B1,KERNFRNT_7_B1,RTPD,MGHG,LMP_GHG_PRC,KERNFRNT_7_B1,ALL,1,0,1,40
2022-09-02T01:00:00-00:00,2022-09-02T01:15:00-00:00,2022-09-01,19,KERNFRNT_7_B1,KERNFRNT_7_B1,KERNFRNT_7_B1,RTPD,MGHG,LMP_GHG_PRC,KERNFRNT_7_B1,ALL,1,0,1,40
2022-09-02T02:00:00-00:00,2022-09-02T02:15:00-00:00,2022-09-01,20,KERNFRNT_7_B1,KERNFRNT_7_B1,KERNFRNT_7_B1,RTPD,MGHG,LMP_GHG_PRC,KERNFRNT_7_B1,ALL,1,0,1,40
2022-09-02T03:00:00-00:00,2022-09-02T03:15:00-00:00,2022-09-01,21,KERNFRNT_7_B1,KERNFRNT_7_B1,KERNFRNT_7_B1,RTPD,MGHG,LMP_GHG_PRC,KERNFRNT_7_B1,ALL,1,0,1,40
2022-09-02T04:00:00-00:00,2022-09-02T04:15:00-00:00,2022-09-01,22,KERNFRNT_7_B1,KERNFRNT_7_B1,KERNFRNT_7_B1,RTPD,MGHG,LMP_GHG_PRC,KERNFRNT_7_B1,ALL,1,0,1,40
2022-09-02T05:00:00-00:00,2022-09-02T05:15:00-00:00,2022-09-01,23,KERNFRNT_7_B1,KERNFRNT_7_B1,KERNFRNT_7_B1,RTPD,MGHG,LMP_GHG_PRC,KERNFRNT_7_B1,ALL,1,0,1,40
2022-09-02T06:00:00-00:00,2022-09-02T06:15:00-00:00,2022-09-01,24,KERNFRNT_7_B1,KERNFRNT_7_B1,KERNFRNT_7_B1,RTPD,MGHG,LMP_GHG_PRC,KERNFRNT_7_B1,ALL,1,0,1,40
2022-09-01T07:15:00-00:00,2022-09-01T07:30:00-00:00,2022-09-01,01,KERNFRNT_7_B1,KERNFRNT_7_B1,KERNFRNT_7_B1,RTPD,MGHG,LMP_GHG_PRC,KERNFRNT_7_B1,ALL,1,0,2,40
2022-09-01T08:15:00-00:00,2022-09-01T08:30:00-00:00,2022-09-01,02,KERNFRNT_7_B1,KERNFRNT_7_B1,KERNFRNT_7_B1,RTPD,MGHG,LMP_GHG_PRC,KERNFRNT_7_B1,ALL,1,0,2,40
2022-09-01T09:15:00-00:00,2022-09-01T09:30:00-00:00,2022-09-01,03,KERNFRNT_7_B1,KERNFRNT_7_B1,KERNFRNT_7_B1,RTPD,MGHG,LMP_GHG_PRC,KERNFRNT_7_B1,ALL,1,0,2,40
2022-09-01T10:15:00-00:00,2022-09-01T10:30:00-00:00,2022-09-01,04,KERNFRNT_7_B1,KERNFRNT_7_B1,KERNFRNT_7_B1,RTPD,MGHG,LMP_GHG_PRC,KERNFRNT_7_B1,ALL,1,0,2,40
2022-09-01T11:15:00-00:00,2022-09-01T11:30:00-00:00,2022-09-01,05,KERNFRNT_7_B1,KERNFRNT_7_B1,KERNFRNT_7_B1,RTPD,MGHG,LMP_GHG_PRC,KERNFRNT_7_B1,ALL,1,0,2,40
2022-09-01T12:15:00-00:00,2022-09-01T12:30:00-00:00,2022-09-01,06,KERNFRNT_7_B1,KERNFRNT_7_B1,KERNFRNT_7_B1,RTPD,MGHG,LMP_GHG_PRC,KERNFRNT_7_B1,ALL,1,0,2,40
2022-09-01T13:15:00-00:00,2022-09-01T13:30:00-00:00,2022-09-01,07,KERNFRNT_7_B1,KERNFRNT_7_B1,KERNFRNT_7_B1,RTPD,MGHG,LMP_GHG_PRC,KERNFRNT_7_B1,ALL,1,0,2,40
2022-09-01T14:15:00-00:00,2022-09-01T14:30:00-00:00,2022-09-01,08,KERNFRNT_7_B1,KERNFRNT_7_B1,KERNFRNT_7_B1,RTPD,MGHG,LMP_GHG_PRC,KERNFRNT_7_B1,ALL,1,0,2,40
2022-09-01T15:15:00-00:00,2022-09-01T15:30:00-00:00,2022-09-01,09,KERNFRNT_7_B1,KERNFRNT_7_B1,KERNFRNT_7_B1,RTPD,MGHG,LMP_GHG_PRC,KERNFRNT_7_B1,ALL,1,0,2,40
2022-09-01T16:15:00-00:00,2022-09-01T16:30:00-00:00,2022-09-01,10,KERNFRNT_7_B1,KERNFRNT_7_B1,KERNFRNT_7_B1,RTPD,MGHG,LMP_GHG_PRC,KERNFRNT_7_B1,ALL,1,0,2,40
2022-09-01T17:15:00-00:00,2022-09-01T17:30:00-00:00,2022-09-01,11,KERNFRNT_7_B1,KERNFRNT_7_B1,KERNFRNT_7_B1,RTPD,MGHG,LMP_GHG_PRC,KERNFRNT_7_B1,ALL,1,0,2,40
2022-09-01T18:15:00-00:00,2022-09-01T18:30:00-00:00,2022-09-01,12,KERNFRNT_7_B1,KERNFRNT_7_B1,KERNFRNT_7_B1,RTPD,MGHG,LMP_GHG_PRC,KERNFRNT_7_B1,ALL,1,0,2,40
2022-09-01T19:15:00-00:00,2022-09-01T19:30:00-00:00,2022-09-01,13,KERNFRNT_7_B1,KERNFRNT_7_B1,KERNFRNT_7_B1,RTPD,MGHG,LMP_GHG_PRC,KERNFRNT_7_B1,ALL,1,0,2,40
2022-09-01T20:15:00-00:00,2022-09-01T20:30:00-00:00,2022-09-01,14,KERNFRNT_7_B1,KERNFRNT_7_B1,KERNFRNT_7_B1,RTPD,MGHG,LMP_GHG_PRC,KERNFRNT_7_B1,ALL,1,0,2,40
2022-09-01T21:15:00-00:00,2022-09-01T21:30:00-00:00,2022-09-01,15,KERNFRNT_7_B1,KERNFRNT_7_B1,KERNFRNT_7_B1,RTPD,MGHG,LMP_GHG_PRC,KERNFRNT_7_B1,ALL,1,0,2,40
2022-09-01T22:15:00-00:00,2022-09-01T22:30:00-00:00,2022-09-01,16,KERNFRNT_7_B1,KERNFRNT_7_B1,KERNFRNT_7_B1,RTPD,MGHG,LMP_GHG_PRC,KERNFRNT_7_B1,ALL,1,0,2,40
2022-09-01T23:15:00-00:00,2022-09-01T23:30:00-00:00,2022-09-01,17,KERNFRNT_7_B1,KERNFRNT_7_B1,KERNFRNT_7_B1,RTPD,MGHG,LMP_GHG_PRC,KERNFRNT_7_B1,ALL,1,0,2,40
2022-09-02T00:15:00-00:00,2022-09-02T00:30:00-00:00,2022-09-01,18,KERNFRNT_7_B1,KERNFRNT_7_B1,KERNFRNT_7_B1,RTPD,MGHG,LMP_GHG_PRC,KERNFRNT_7_B1,ALL,1,0,2,40
2022-09-02T01:15:00-00:00,2022-09-02T01:30:00-00:00,2022-09-01,19,KERNFRNT_7_B1,KERNFRNT_7_B1,KERNFRNT_7_B1,RTPD,MGHG,LMP_GHG_PRC,KERNFRNT_7_B1,ALL,1,0,2,40
2022-09-02T02:15:00-00:00,2022-09-02T02:30:00-00:00,2022-09-01,20,KERNFRNT_7_B1,KERNFRNT_7_B1,KERNFRNT_7_B1,RTPD,MGHG,LMP_GHG_PRC,KERNFRNT_7_B1,ALL,1,0,2,40
2022-09-02T03:15:00-00:00,2022-09-02T03:30:00-00:00,2022-09-01,21,KERNFRNT_7_B1,KERNFRNT_7_B1,KERNFRNT_7_B1,RTPD,MGHG,LMP_GHG_PRC,KERNFRNT_7_B1,ALL,1,0,2,40
2022-09-02T04:15:00-00:00,2022-09-02T04:30:00-00:00,2022-09-01,22,KERNFRNT_7_B1,KERNFRNT_7_B1,KERNFRNT_7_B1,RTPD,MGHG,LMP_GHG_PRC,KERNFRNT_7_B1,ALL,1,0,2,40
2022-09-02T05:15:00-00:00,2022-09-02T05:30:00-00:00,2022-09-01,23,KERNFRNT_7_B1,KERNFRNT_7_B1,KERNFRNT_7_B1,RTPD,MGHG,LMP_GHG_PRC,KERNFRNT_7_B1,ALL,1,0,2,40
2022-09-02T06:15:00-00:00,2022-09-02T06:30:00-00:00,2022-09-01,24,KERNFRNT_7_B1,KERNFRNT_7_B1,KERNFRNT_7_B1,RTPD,MGHG,LMP_GHG_PRC,KERNFRNT_7_B1,ALL,1,0,2,40
2022-09-01T07:30:00-00:00,2022-09-01T07:45:00-00:00,2022-09-01,01,KERNFRNT_7_B1,KERNFRNT_7_B1,KERNFRNT_7_B1,RTPD,MGHG,LMP_GHG_PRC,KERNFRNT_7_B1,ALL,1,0,3,40
2022-09-01T08:30:00-00:00,2022-09-01T08:45:00-00:00,2022-09-01,02,KERNFRNT_7_B1,KERNFRNT_7_B1,KERNFRNT_7_B1,RTPD,MGHG,LMP_GHG_PRC,KERNFRNT_7_B1,ALL,1,0,3,40
2022-09-01T09:30:00-00:00,2022-09-01T09:45:00-00:00,2022-09-01,03,KERNFRNT_7_B1,KERNFRNT_7_B1,KERNFRNT_7_B1,RTPD,MGHG,LMP_GHG_PRC,KERNFRNT_7_B1,ALL,1,0,3,40
2022-09-01T10:30:00-00:00,2022-09-01T10:45:00-00:00,2022-09-01,04,KERNFRNT_7_B1,KERNFRNT_7_B1,KERNFRNT_7_B1,RTPD,MGHG,LMP_GHG_PRC,KERNFRNT_7_B1,ALL,1,0,3,40
2022-09-01T11:30:00-00:00,2022-09-01T11:45:00-00:00,2022-09-01,05,KERNFRNT_7_B1,KERNFRNT_7_B1,KERNFRNT_7_B1,RTPD,MGHG,LMP_GHG_PRC,KERNFRNT_7_B1,ALL,1,0,3,40
2022-09-01T12:30:00-00:00,2022-09-01T12:45:00-00:00,2022-09-01,06,KERNFRNT_7_B1,KERNFRNT_7_B1,KERNFRNT_7_B1,RTPD,MGHG,LMP_GHG_PRC,KERNFRNT_7_B1,ALL,1,0,3,40
2022-09-01T13:30:00-00:00,2022-09-01T13:45:00-00:00,2022-09-01,07,KERNFRNT_7_B1,KERNFRNT_7_B1,KERNFRNT_7_B1,RTPD,MGHG,LMP_GHG_PRC,KERNFRNT_7_B1,ALL,1,0,3,40
2022-09-01T14:30:00-00:00,2022-09-01T14:45:00-00:00,2022-09-01,08,KERNFRNT_7_B1,KERNFRNT_7_B1,KERNFRNT_7_B1,RTPD,MGHG,LMP_GHG_PRC,KERNFRNT_7_B1,ALL,1,0,3,40
2022-09-01T15:30:00-00:00,2022-09-01T15:45:00-00:00,2022-09-01,09,KERNFRNT_7_B1,KERNFRNT_7_B1,KERNFRNT_7_B1,RTPD,MGHG,LMP_GHG_PRC,KERNFRNT_7_B1,ALL,1,0,3,40
2022-09-01T16:30:00-00:00,2022-09-01T16:45:00-00:00,2022-09-01,10,KERNFRNT_7_B1,KERNFRNT_7_B1,KERNFRNT_7_B1,RTPD,MGHG,LMP_GHG_PRC,KERNFRNT_7_B1,ALL,1,0,3,40
2022-09-01T17:30:00-00:00,2022-09-01T17:45:00-00:00,2022-09-01,11,KERNFRNT_7_B1,KERNFRNT_7_B1,KERNFRNT_7_B1,RTPD,MGHG,LMP_GHG_PRC,KERNFRNT_7_B1,ALL,1,0,3,40
2022-09-01T18:30:00-00:00,2022-09-01T18:45:00-00:00,2022-09-01,12,KERNFRNT_7_B1,KERNFRNT_7_B1,KERNFRNT_7_B1,RTPD,MGHG,LMP_GHG_PRC,KERNFRNT_7_B1,ALL,1,0,3,40
2022-09-01T19:30:00-00:00,2022-09-01T19:45:00-00:00,2022-09-01,13,KERNFRNT_7_B1,KERNFRNT_7_B1,KERNFRNT_7_B1,RTPD,MGHG,LMP_GHG_PRC,KERNFRNT_7_B1,ALL,1,0,3,40
2022-09-01T20:30:00-00:00,2022-09-01T20:45:00-00:00,2022-09-01,14,KERNFRNT_7_B1,KERNFRNT_7_B1,KERNFRNT_7_B1,RTPD,MGHG,LMP_GHG_PRC,KERNFRNT_7_B1,ALL,1,0,3,40
2022-09-01T21:30:00-00:00,2022-09-01T21:45:00-00:00,2022-09-01,15,KERNFRNT_7_B1,KERNFRNT_7_B1,KERNFRNT_7_B1,RTPD,MGHG,LMP_GHG_PRC,KERNFRNT_7_B1,ALL,1,0,3,40
2022-09-01T22:30:00-00:00,2022-09-01T22:45:00-00:00,2022-09-01,16,KERNFRNT_7_B1,KERNFRNT_7_B1,KERNFRNT_7_B1,RTPD,MGHG,LMP_GHG_PRC,KERNFRNT_7_B1,ALL,1,0,3,40
2022-09-01T23:30:00-00:00,2022-09-01T23:45:00-00:00,2022-09-01,17,KERNFRNT_7_B1,KERNFRNT_7_B1,KERNFRNT_7_B1,RTPD,MGHG,LMP_GHG_PRC,KERNFRNT_7_B1,ALL,1,0,3,40
2022-09-02T00:30:00-00:00,2022-09-02T00:45:00-00:00,2022-09-01,18,KERNFRNT_7_B1,KERNFRNT_7_B1,KERNFRNT_7_B1,RTPD,MGHG,LMP_GHG_PRC,KERNFRNT_7_B1,ALL,1,0,3,40
2022-09-02T01:30:00-00:00,2022-09-02T01:45:00-00:00,2022-09-01,19,KERNFRNT_7_B1,KERNFRNT_7_B1,KERNFRNT_7_B1,RTPD,MGHG,LMP_GHG_PRC,KERNFRNT_7_B1,ALL,1,0,3,40
2022-09-02T02:30:00-00:00,2022-09-02T02:45:00-00:00,2022-09-01,20,KERNFRNT_7_B1,KERNFRNT_7_B1,KERNFRNT_7_B1,RTPD,MGHG,LMP_GHG_PRC,KERNFRNT_7_B1,ALL,1,0,3,40
2022-09-02T03:30:00-00:00,2022-09-02T03:45:00-00:00,2022-09-01,21,KERNFRNT_7_B1,KERNFRNT_7_B1,KERNFRNT_7_B1,RTPD,MGHG,LMP_GHG_PRC,KERNFRNT_7_B1,ALL,1,0,3,40
2022-09-02T04:30:00-00:00,2022-09-02T04:45:00-00:00,2022-09-01,22,KERNFRNT_7_B1,KERNFRNT_7_B1,KERNFRNT_7_B1,RTPD,MGHG,LMP_GHG_PRC,KERNFRNT_7_B1,ALL,1,0,3,40
2022-09-02T05:30:00-00:00,2022-09-02T05:45:00-00:00,2022-09-01,23,KERNFRNT_7_B1,KERNFRNT_7_B1,KERNFRNT_7_B1,RTPD,MGHG,LMP_GHG_PRC,KERNFRNT_7_B1,ALL,1,0,3,40
2022-09-02T06:30:00-00:00,2022-09-02T06:45:00-00:00,2022-09-01,24,KERNFRNT_7_B1,KERNFRNT_7_B1,KERNFRNT_7_B1,RTPD,MGHG,LMP_GHG_PRC,KERNFRNT_7_B1,ALL,1,0,3,40
2022-09-01T07:45:00-00:00,2022-09-01T08:00:00-00:00,2022-09-01,01,KERNFRNT_7_B1,KERNFRNT_7_B1,KERNFRNT_7_B1,RTPD,MGHG,LMP_GHG_PRC,KERNFRNT_7_B1,ALL,1,0,4,40
2022-09-01T08:45:00-00:00,2022-09-01T09:00:00-00:00,2022-09-01,02,KERNFRNT_7_B1,KERNFRNT_7_B1,KERNFRNT_7_B1,RTPD,MGHG,LMP_GHG_PRC,KERNFRNT_7_B1,ALL,1,0,4,40
2022-09-01T09:45:00-00:00,2022-09-01T10:00:00-00:00,2022-09-01,03,KERNFRNT_7_B1,KERNFRNT_7_B1,KERNFRNT_7_B1,RTPD,MGHG,LMP_GHG_PRC,KERNFRNT_7_B1,ALL,1,0,4,40
2022-09-01T10:45:00-00:00,2022-09-01T11:00:00-00:00,2022-09-01,04,KERNFRNT_7_B1,KERNFRNT_7_B1,KERNFRNT_7_B1,RTPD,MGHG,LMP_GHG_PRC,KERNFRNT_7_B1,ALL,1,0,4,40
2022-09-01T11:45:00-00:00,2022-09-01T12:00:00-00:00,2022-09-01,05,KERNFRNT_7_B1,KERNFRNT_7_B1,KERNFRNT_7_B1,RTPD,MGHG,LMP_GHG_PRC,KERNFRNT_7_B1,ALL,1,0,4,40
2022-09-01T12:45:00-00:00,2022-09-01T13:00:00-00:00,2022-09-01,06,KERNFRNT_7_B1,KERNFRNT_7_B1,KERNFRNT_7_B1,RTPD,MGHG,LMP_GHG_PRC,KERNFRNT_7_B1,ALL,1,0,4,40
2022-09-01T13:45:00-00:00,2022-09-01T14:00:00-00:00,2022-09-01,07,KERNFRNT_7_B1,KERNFRNT_7_B1,KERNFRNT_7_B1,RTPD,MGHG,LMP_GHG_PRC,KERNFRNT_7_B1,ALL,1,0,4,40
2022-09-01T14:45:00-00:00,2022-09-01T15:00:00-00:00,2022-09-01,08,KERNFRNT_7_B1,KERNFRNT_7_B1,KERNFRNT_7_B1,RTPD,MGHG,LMP_GHG_PRC,KERNFRNT_7_B1,ALL,1,0,4,40
2022-09-01T15:45:00-00:00,2022-09-01T16:00:00-00:00,2022-09-01,09,KERNFRNT_7_B1,KERNFRNT_7_B1,KERNFRNT_7_B1,RTPD,MGHG,LMP_GHG_PRC,KERNFRNT_7_B1,ALL,1,0,4,40
2022-09-01T16:45:00-00:00,2022-09-01T17:00:00-00:00,2022-09-01,10,KERNFRNT_7_B1,KERNFRNT_7_B1,KERNFRNT_7_B1,RTPD,MGHG,LMP_GHG_PRC,KERNFRNT_7_B1,ALL,1,0,4,40
2022-09-01T17:45:00-00:00,2022-09-01T18:00:00-00:00,2022-09-01,11,KERNFRNT_7_B1,KERNFRNT_7_B1,KERNFRNT_7_B1,RTPD,MGHG,LMP_GHG_PRC,KERNFRNT_7_B1,ALL,1,0,4,40
2022-09-01T18:45:00-00:00,2022-09-01T19:00:00-00:00,2022-09-01,12,KERNFRNT_7_B1,KERNFRNT_7_B1,KERNFRNT_7_B1,RTPD,MGHG,LMP_GHG_PRC,KERNFRNT_7_B1,ALL,1,0,4,40
2022-09-01T19:45:00-00:00,2022-09-01T20:00:00-00:00,2022-09-01,13,KERNFRNT_7_B1,KERNFRNT_7_B1,KERNFRNT_7_B1,RTPD,MGHG,LMP_GHG_PRC,KERNFRNT_7_B1,ALL,1,0,4,40
2022-09-01T20:45:00-00:00,2022-09-01T21:00:00-00:00,2022-09-01,14,KERNFRNT_7_B1,KERNFRNT_7_B1,KERNFRNT_7_B1,RTPD,MGHG,LMP_GHG_PRC,KERNFRNT_7_B1,ALL,1,0,4,40
2022-09-01T21:45:00-00:00,2022-09-01T22:00:00-00:00,2022-09-01,15,KERNFRNT_7_B1,KERNFRNT_7_B1,KERNFRNT_7_B1,RTPD,MGHG,LMP_GHG_PRC,KERNFRNT_7_B1,ALL,1,0,4,40
2022-09-01T22:45:00-00:00,2022-09-01T23:00:00-00:00,2022-09-01,16,KERNFRNT_7_B1,KERNFRNT_7_B1,KERNFRNT_7_B1,RTPD,MGHG,LMP_GHG_PRC,KERNFRNT_7_B1,ALL,1,0,4,40
2022-09-01T23:45:00-00:00,2022-09-02T00:00:00-00:00,2022-09-01,17,KERNFRNT_7_B1,KERNFRNT_7_B1,KERNFRNT_7_B1,RTPD,MGHG,LMP_GHG_PRC,KERNFRNT_7_B1,ALL,1,0,4,40
2022-09-02T00:45:00-00:00,2022-09-02T01:00:00-00:00,2022-09-01,18,KERNFRNT_7_B1,KERNFRNT_7_B1,KERNFRNT_7_B1,RTPD,MGHG,LMP_GHG_PRC,KERNFRNT_7_B1,ALL,1,0,4,40
2022-09-02T01:45:00-00:00,2022-09-02T02:00:00-00:00,2022-09-01,19,KERNFRNT_7_B1,KERNFRNT_7_B1,KERNFRNT_7_B1,RTPD,MGHG,LMP_GHG_PRC,KERNFRNT_7_B1,ALL,1,0,4,40
2022-09-02T02:45:00-00:00,2022-09-02T03:00:00-00:00,2022-09-01,20,KERNFRNT_7_B1,KERNFRNT_7_B1,KERNFRNT_7_B1,RTPD,MGHG,LMP_GHG_PRC,KERNFRNT_7_B1,ALL,1,0,4,40
2022-09-02T03:45:00-00:00,2022-09-02T04:00:00-00:00,2022-09-01,21,KERNFRNT_7_B1,KERNFRNT_7_B1,KERNFRNT_7_B1,RTPD,MGHG,LMP_GHG_PRC,KERNFRNT_7_B1,ALL,1,0,4,40
2022-09-02T04:45:00-00:00,2022-09-02T05:00:00-00:00,2022-09-01,22,KERNFRNT_7_B1,KERNFRNT_7_B1,KERNFRNT_7_B1,RTPD,MGHG,LMP_GHG_PRC,KERNFRNT_7_B1,ALL,1,0,4,40
2022-09-02T05:45:00-00:00,2022-09-02T06:00:00-00:00,2022-09-01,23,KERNFRNT_7_B1,KERNFRNT_7_B1,KERNFRNT_7_B1,RTPD,MGHG,LMP_GHG_PRC,KERNFRNT_7_B1,ALL,1,0,4,40
2022-09-02T06:45:00-00:00,2022-09-02T07:00:00-00:00,2022-09-01,24,KERNFRNT_7_B1,KERNFRNT_7_B1,KERNFRNT_7_B1,RTPD,MGHG,LMP_GHG_PRC,KERNFRNT_7_B1,ALL,1,0,4,40
2022-09-01T07:00:00-00:00,2022-09-01T07:15:00-00:00,2022-09-01,01,KERNOIL_1_N001,KERNOIL_1_N001,KERNOIL_1_N001,RTPD,LMP,LMP_PRC,KERNOIL_1_N001,ALL,1,73.24737,1,41
2022-09-01T08:00:00-00:00,2022-09-01T08:15:00-00:00,2022-09-01,02,KERNOIL_1_N001,KERNOIL_1_N001,KERNOIL_1_N001,RTPD,LMP,LMP_PRC,KERNOIL_1_N001,ALL,1,111.44571,1,41
2022-09-01T09:00:00-00:00,2022-09-01T09:15:00-00:00,2022-09-01,03,KERNOIL_1_N001,KERNOIL_1_N001,KERNOIL_1_N001,RTPD,LMP,LMP_PRC,KERNOIL_1_N001,ALL,1,100.92485,1,41
2022-09-01T10:00:00-00:00,2022-09-01T10:15:00-00:00,2022-09-01,04,KERNOIL_1_N001,KERNOIL_1_N001,KERNOIL_1_N001,RTPD,LMP,LMP_PRC,KERNOIL_1_N001,ALL,1,100.91395,1,41
2022-09-01T11:00:00-00:00,2022-09-01T11:15:00-00:00,2022-09-01,05,KERNOIL_1_N001,KERNOIL_1_N001,KERNOIL_1_N001,RTPD,LMP,LMP_PRC,KERNOIL_1_N001,ALL,1,109.70736,1,41
2022-09-01T12:00:00-00:00,2022-09-01T12:15:00-00:00,2022-09-01,06,KERNOIL_1_N001,KERNOIL_1_N001,KERNOIL_1_N001,RTPD,LMP,LMP_PRC,KERNOIL_1_N001,ALL,1,91.15221,1,41
2022-09-01T13:00:00-00:00,2022-09-01T13:15:00-00:00,2022-09-01,07,KERNOIL_1_N001,KERNOIL_1_N001,KERNOIL_1_N001,RTPD,LMP,LMP_PRC,KERNOIL_1_N001,ALL,1,85.47702,1,41
2022-09-01T14:00:00-00:00,2022-09-01T14:15:00-00:00,2022-09-01,08,KERNOIL_1_N001,KERNOIL_1_N001,KERNOIL_1_N001,RTPD,LMP,LMP_PRC,KERNOIL_1_N001,ALL,1,117.77892,1,41
2022-09-01T15:00:00-00:00,2022-09-01T15:15:00-00:00,2022-09-01,09,KERNOIL_1_N001,KERNOIL_1_N001,KERNOIL_1_N001,RTPD,LMP,LMP_PRC,KERNOIL_1_N001,ALL,1,97.4112,1,41
2022-09-01T16:00:00-00:00,2022-09-01T16:15:00-00:00,2022-09-01,10,KERNOIL_1_N001,KERNOIL_1_N001,KERNOIL_1_N001,RTPD,LMP,LMP_PRC,KERNOIL_1_N001,ALL,1,83.43525,1,41
2022-09-01T17:00:00-00:00,2022-09-01T17:15:00-00:00,2022-09-01,11,KERNOIL_1_N001,KERNOIL_1_N001,KERNOIL_1_N001,RTPD,LMP,LMP_PRC,KERNOIL_1_N001,ALL,1,76.58167,1,41
2022-09-01T18:00:00-00:00,2022-09-01T18:15:00-00:00,2022-09-01,12,KERNOIL_1_N001,KERNOIL_1_N001,KERNOIL_1_N001,RTPD,LMP,LMP_PRC,KERNOIL_1_N001,ALL,1,52.20145,1,41
2022-09-01T19:00:00-00:00,2022-09-01T19:15:00-00:00,2022-09-01,13,KERNOIL_1_N001,KERNOIL_1_N001,KERNOIL_1_N001,RTPD,LMP,LMP_PRC,KERNOIL_1_N001,ALL,1,65.60479,1,41
2022-09-01T20:00:00-00:00,2022-09-01T20:15:00-00:00,2022-09-01,14,KERNOIL_1_N001,KERNOIL_1_N001,KERNOIL_1_N001,RTPD,LMP,LMP_PRC,KERNOIL_1_N001,ALL,1,113.65774,1,41
2022-09-01T21:00:00-00:00,2022-09-01T21:15:00-00:00,2022-09-01,15,KERNOIL_1_N001,KERNOIL_1_N001,KERNOIL_1_N001,RTPD,LMP,LMP_PRC,KERNOIL_1_N001,ALL,1,106.02945,1,41
2022-09-01T22:00:00-00:00,2022-09-01T22:15:00-00:00,2022-09-01,16,KERNOIL_1_N001,KERNOIL_1_N001,KERNOIL_1_N001,RTPD,LMP,LMP_PRC,KERNOIL_1_N001,ALL,1,181.37009,1,41
2022-09-01T23:00:00-00:00,2022-09-01T23:15:00-00:00,2022-09-01,17,KERNOIL_1_N001,KERNOIL_1_N001,KERNOIL_1_N001,RTPD,LMP,LMP_PRC,KERNOIL_1_N001,ALL,1,252.52036,1,41
2022-09-02T00:00:00-00:00,2022-09-02T00:15:00-00:00,2022-09-01,18,KERNOIL_1_N001,KERNOIL_1_N001,KERNOIL_1_N001,RTPD,LMP,LMP_PRC,KERNOIL_1_N001,ALL,1,1055.1715,1,41
2022-09-02T01:00:00-00:00,2022-09-02T01:15:00-00:00,2022-09-01,19,KERNOIL_1_N001,KERNOIL_1_N001,KERNOIL_1_N001,RTPD,LMP,LMP_PRC,KERNOIL_1_N001,ALL,1,1161.2638,1,41
2022-09-02T02:00:00-00:00,2022-09-02T02:15:00-00:00,2022-09-01,20,KERNOIL_1_N001,KERNOIL_1_N001,KERNOIL_1_N001,RTPD,LMP,LMP_PRC,KERNOIL_1_N001,ALL,1,1991.6721,1,41
2022-09-02T03:00:00-00:00,2022-09-02T03:15:00-00:00,2022-09-01,21,KERNOIL_1_N001,KERNOIL_1_N001,KERNOIL_1_N001,RTPD,LMP,LMP_PRC,KERNOIL_1_N001,ALL,1,1337.9844,1,41
2022-09-02T04:00:00-00:00,2022-09-02T04:15:00-00:00,2022-09-01,22,KERNOIL_1_N001,KERNOIL_1_N001,KERNOIL_1_N001,RTPD,LMP,LMP_PRC,KERNOIL_1_N001,ALL,1,437.3428,1,41
2022-09-02T05:00:00-00:00,2022-09-02T05:15:00-00:00,2022-09-01,23,KERNOIL_1_N001,KERNOIL_1_N001,KERNOIL_1_N001,RTPD,LMP,LMP_PRC,KERNOIL_1_N001,ALL,1,207.29404,1,41
2022-09-02T06:00:00-00:00,2022-09-02T06:15:00-00:00,2022-09-01,24,KERNOIL_1_N001,KERNOIL_1_N001,KERNOIL_1_N001,RTPD,LMP,LMP_PRC,KERNOIL_1_N001,ALL,1,198.59624,1,41
2022-09-01T07:15:00-00:00,2022-09-01T07:30:00-00:00,2022-09-01,01,KERNOIL_1_N001,KERNOIL_1_N001,KERNOIL_1_N001,RTPD,LMP,LMP_PRC,KERNOIL_1_N001,ALL,1,113.28951,2,41
2022-09-01T08:15:00-00:00,2022-09-01T08:30:00-00:00,2022-09-01,02,KERNOIL_1_N001,KERNOIL_1_N001,KERNOIL_1_N001,RTPD,LMP,LMP_PRC,KERNOIL_1_N001,ALL,1,114.40963,2,41
2022-09-01T09:15:00-00:00,2022-09-01T09:30:00-00:00,2022-09-01,03,KERNOIL_1_N001,KERNOIL_1_N001,KERNOIL_1_N001,RTPD,LMP,LMP_PRC,KERNOIL_1_N001,ALL,1,97.5844,2,41
2022-09-01T10:15:00-00:00,2022-09-01T10:30:00-00:00,2022-09-01,04,KERNOIL_1_N001,KERNOIL_1_N001,KERNOIL_1_N001,RTPD,LMP,LMP_PRC,KERNOIL_1_N001,ALL,1,97.31757,2,41
2022-09-01T11:15:00-00:00,2022-09-01T11:30:00-00:00,2022-09-01,05,KERNOIL_1_N001,KERNOIL_1_N001,KERNOIL_1_N001,RTPD,LMP,LMP_PRC,KERNOIL_1_N001,ALL,1,110.31724,2,41
2022-09-01T12:15:00-00:00,2022-09-01T12:30:00-00:00,2022-09-01,06,KERNOIL_1_N001,KERNOIL_1_N001,KERNOIL_1_N001,RTPD,LMP,LMP_PRC,KERNOIL_1_N001,ALL,1,109.5135,2,41
2022-09-01T13:15:00-00:00,2022-09-01T13:30:00-00:00,2022-09-01,07,KERNOIL_1_N001,KERNOIL_1_N001,KERNOIL_1_N001,RTPD,LMP,LMP_PRC,KERNOIL_1_N001,ALL,1,117.38002,2,41
2022-09-01T14:15:00-00:00,2022-09-01T14:30:00-00:00,2022-09-01,08,KERNOIL_1_N001,KERNOIL_1_N001,KERNOIL_1_N001,RTPD,LMP,LMP_PRC,KERNOIL_1_N001,ALL,1,110.60314,2,41
2022-09-01T15:15:00-00:00,2022-09-01T15:30:00-00:00,2022-09-01,09,KERNOIL_1_N001,KERNOIL_1_N001,KERNOIL_1_N001,RTPD,LMP,LMP_PRC,KERNOIL_1_N001,ALL,1,86.9388,2,41
2022-09-01T16:15:00-00:00,2022-09-01T16:30:00-00:00,2022-09-01,10,KERNOIL_1_N001,KERNOIL_1_N001,KERNOIL_1_N001,RTPD,LMP,LMP_PRC,KERNOIL_1_N001,ALL,1,87.43684,2,41
2022-09-01T17:15:00-00:00,2022-09-01T17:30:00-00:00,2022-09-01,11,KERNOIL_1_N001,KERNOIL_1_N001,KERNOIL_1_N001,RTPD,LMP,LMP_PRC,KERNOIL_1_N001,ALL,1,74.56508,2,41
2022-09-01T18:15:00-00:00,2022-09-01T18:30:00-00:00,2022-09-01,12,KERNOIL_1_N001,KERNOIL_1_N001,KERNOIL_1_N001,RTPD,LMP,LMP_PRC,KERNOIL_1_N001,ALL,1,68.94171,2,41
2022-09-01T19:15:00-00:00,2022-09-01T19:30:00-00:00,2022-09-01,13,KERNOIL_1_N001,KERNOIL_1_N001,KERNOIL_1_N001,RTPD,LMP,LMP_PRC,KERNOIL_1_N001,ALL,1,69.40939,2,41
2022-09-01T20:15:00-00:00,2022-09-01T20:30:00-00:00,2022-09-01,14,KERNOIL_1_N001,KERNOIL_1_N001,KERNOIL_1_N001,RTPD,LMP,LMP_PRC,KERNOIL_1_N001,ALL,1,113.63472,2,41
2022-09-01T21:15:00-00:00,2022-09-01T21:30:00-00:00,2022-09-01,15,KERNOIL_1_N001,KERNOIL_1_N001,KERNOIL_1_N001,RTPD,LMP,LMP_PRC,KERNOIL_1_N001,ALL,1,114.51677,2,41
2022-09-01T22:15:00-00:00,2022-09-01T22:30:00-00:00,2022-09-01,16,KERNOIL_1_N001,KERNOIL_1_N001,KERNOIL_1_N001,RTPD,LMP,LMP_PRC,KERNOIL_1_N001,ALL,1,208.04799,2,41
2022-09-01T23:15:00-00:00,2022-09-01T23:30:00-00:00,2022-09-01,17,KERNOIL_1_N001,KERNOIL_1_N001,KERNOIL_1_N001,RTPD,LMP,LMP_PRC,KERNOIL_1_N001,ALL,1,311.44812,2,41
2022-09-02T00:15:00-00:00,2022-09-02T00:30:00-00:00,2022-09-01,18,KERNOIL_1_N001,KERNOIL_1_N001,KERNOIL_1_N001,RTPD,LMP,LMP_PRC,KERNOIL_1_N001,ALL,1,964.1709,2,41
2022-09-02T01:15:00-00:00,2022-09-02T01:30:00-00:00,2022-09-01,19,KERNOIL_1_N001,KERNOIL_1_N001,KERNOIL_1_N001,RTPD,LMP,LMP_PRC,KERNOIL_1_N001,ALL,1,1999.9933,2,41
2022-09-02T02:15:00-00:00,2022-09-02T02:30:00-00:00,2022-09-01,20,KERNOIL_1_N001,KERNOIL_1_N001,KERNOIL_1_N001,RTPD,LMP,LMP_PRC,KERNOIL_1_N001,ALL,1,1991.6721,2,41
2022-09-02T03:15:00-00:00,2022-09-02T03:30:00-00:00,2022-09-01,21,KERNOIL_1_N001,KERNOIL_1_N001,KERNOIL_1_N001,RTPD,LMP,LMP_PRC,KERNOIL_1_N001,ALL,1,551.3503,2,41
2022-09-02T04:15:00-00:00,2022-09-02T04:30:00-00:00,2022-09-01,22,KERNOIL_1_N001,KERNOIL_1_N001,KERNOIL_1_N001,RTPD,LMP,LMP_PRC,KERNOIL_1_N001,ALL,1,387.01883,2,41
2022-09-02T05:15:00-00:00,2022-09-02T05:30:00-00:00,2022-09-01,23,KERNOIL_1_N001,KERNOIL_1_N001,KERNOIL_1_N001,RTPD,LMP,LMP_PRC,KERNOIL_1_N001,ALL,1,180.76501,2,41
2022-09-02T06:15:00-00:00,2022-09-02T06:30:00-00:00,2022-09-01,24,KERNOIL_1_N001,KERNOIL_1_N001,KERNOIL_1_N001,RTPD,LMP,LMP_PRC,KERNOIL_1_N001,ALL,1,155.78627,2,41
2022-09-01T07:30:00-00:00,2022-09-01T07:45:00-00:00,2022-09-01,01,KERNOIL_1_N001,KERNOIL_1_N001,KERNOIL_1_N001,RTPD,LMP,LMP_PRC,KERNOIL_1_N001,ALL,1,99.12304,3,41
2022-09-01T08:30:00-00:00,2022-09-01T08:45:00-00:00,2022-09-01,02,KERNOIL_1_N001,KERNOIL_1_N001,KERNOIL_1_N001,RTPD,LMP,LMP_PRC,KERNOIL_1_N001,ALL,1,118.16699,3,41
2022-09-01T09:30:00-00:00,2022-09-01T09:45:00-00:00,2022-09-01,03,KERNOIL_1_N001,KERNOIL_1_N001,KERNOIL_1_N001,RTPD,LMP,LMP_PRC,KERNOIL_1_N001,ALL,1,97.32978,3,41
2022-09-01T10:30:00-00:00,2022-09-01T10:45:00-00:00,2022-09-01,04,KERNOIL_1_N001,KERNOIL_1_N001,KERNOIL_1_N001,RTPD,LMP,LMP_PRC,KERNOIL_1_N001,ALL,1,99.59857,3,41
2022-09-01T11:30:00-00:00,2022-09-01T11:45:00-00:00,2022-09-01,05,KERNOIL_1_N001,KERNOIL_1_N001,KERNOIL_1_N001,RTPD,LMP,LMP_PRC,KERNOIL_1_N001,ALL,1,110.45152,3,41
2022-09-01T12:30:00-00:00,2022-09-01T12:45:00-00:00,2022-09-01,06,KERNOIL_1_N001,KERNOIL_1_N001,KERNOIL_1_N001,RTPD,LMP,LMP_PRC,KERNOIL_1_N001,ALL,1,108.28759,3,41
2022-09-01T13:30:00-00:00,2022-09-01T13:45:00-00:00,2022-09-01,07,KERNOIL_1_N001,KERNOIL_1_N001,KERNOIL_1_N001,RTPD,LMP,LMP_PRC,KERNOIL_1_N001,ALL,1,118.61294,3,41
2022-09-01T14:30:00-00:00,2022-09-01T14:45:00-00:00,2022-09-01,08,KERNOIL_1_N001,KERNOIL_1_N001,KERNOIL_1_N001,RTPD,LMP,LMP_PRC,KERNOIL_1_N001,ALL,1,106.82416,3,41
2022-09-01T15:30:00-00:00,2022-09-01T15:45:00-00:00,2022-09-01,09,KERNOIL_1_N001,KERNOIL_1_N001,KERNOIL_1_N001,RTPD,LMP,LMP_PRC,KERNOIL_1_N001,ALL,1,86.1388,3,41
2022-09-01T16:30:00-00:00,2022-09-01T16:45:00-00:00,2022-09-01,10,KERNOIL_1_N001,KERNOIL_1_N001,KERNOIL_1_N001,RTPD,LMP,LMP_PRC,KERNOIL_1_N001,ALL,1,72.04494,3,41
2022-09-01T17:30:00-00:00,2022-09-01T17:45:00-00:00,2022-09-01,11,KERNOIL_1_N001,KERNOIL_1_N001,KERNOIL_1_N001,RTPD,LMP,LMP_PRC,KERNOIL_1_N001,ALL,1,74.28139,3,41
2022-09-01T18:30:00-00:00,2022-09-01T18:45:00-00:00,2022-09-01,12,KERNOIL_1_N001,KERNOIL_1_N001,KERNOIL_1_N001,RTPD,LMP,LMP_PRC,KERNOIL_1_N001,ALL,1,73.4923,3,41
2022-09-01T19:30:00-00:00,2022-09-01T19:45:00-00:00,2022-09-01,13,KERNOIL_1_N001,KERNOIL_1_N001,KERNOIL_1_N001,RTPD,LMP,LMP_PRC,KERNOIL_1_N001,ALL,1,98.63585,3,41
2022-09-01T20:30:00-00:00,2022-09-01T20:45:00-00:00,2022-09-01,14,KERNOIL_1_N001,KERNOIL_1_N001,KERNOIL_1_N001,RTPD,LMP,LMP_PRC,KERNOIL_1_N001,ALL,1,114.24377,3,41
2022-09-01T21:30:00-00:00,2022-09-01T21:45:00-00:00,2022-09-01,15,KERNOIL_1_N001,KERNOIL_1_N001,KERNOIL_1_N001,RTPD,LMP,LMP_PRC,KERNOIL_1_N001,ALL,1,122.89532,3,41
2022-09-01T22:30:00-00:00,2022-09-01T22:45:00-00:00,2022-09-01,16,KERNOIL_1_N001,KERNOIL_1_N001,KERNOIL_1_N001,RTPD,LMP,LMP_PRC,KERNOIL_1_N001,ALL,1,236.8386,3,41
2022-09-01T23:30:00-00:00,2022-09-01T23:45:00-00:00,2022-09-01,17,KERNOIL_1_N001,KERNOIL_1_N001,KERNOIL_1_N001,RTPD,LMP,LMP_PRC,KERNOIL_1_N001,ALL,1,642.48157,3,41
2022-09-02T00:30:00-00:00,2022-09-02T00:45:00-00:00,2022-09-01,18,KERNOIL_1_N001,KERNOIL_1_N001,KERNOIL_1_N001,RTPD,LMP,LMP_PRC,KERNOIL_1_N001,ALL,1,1671.9639,3,41
2022-09-02T01:30:00-00:00,2022-09-02T01:45:00-00:00,2022-09-01,19,KERNOIL_1_N001,KERNOIL_1_N001,KERNOIL_1_N001,RTPD,LMP,LMP_PRC,KERNOIL_1_N001,ALL,1,1999.9956,3,41
2022-09-02T02:30:00-00:00,2022-09-02T02:45:00-00:00,2022-09-01,20,KERNOIL_1_N001,KERNOIL_1_N001,KERNOIL_1_N001,RTPD,LMP,LMP_PRC,KERNOIL_1_N001,ALL,1,1991.671,3,41
2022-09-02T03:30:00-00:00,2022-09-02T03:45:00-00:00,2022-09-01,21,KERNOIL_1_N001,KERNOIL_1_N001,KERNOIL_1_N001,RTPD,LMP,LMP_PRC,KERNOIL_1_N001,ALL,1,226.7282,3,41
2022-09-02T04:30:00-00:00,2022-09-02T04:45:00-00:00,2022-09-01,22,KERNOIL_1_N001,KERNOIL_1_N001,KERNOIL_1_N001,RTPD,LMP,LMP_PRC,KERNOIL_1_N001,ALL,1,274.99124,3,41
2022-09-02T05:30:00-00:00,2022-09-02T05:45:00-00:00,2022-09-01,23,KERNOIL_1_N001,KERNOIL_1_N001,KERNOIL_1_N001,RTPD,LMP,LMP_PRC,KERNOIL_1_N001,ALL,1,150.76144,3,41
2022-09-02T06:30:00-00:00,2022-09-02T06:45:00-00:00,2022-09-01,24,KERNOIL_1_N001,KERNOIL_1_N001,KERNOIL_1_N001,RTPD,LMP,LMP_PRC,KERNOIL_1_N001,ALL,1,148.1028,3,41
2022-09-01T07:45:00-00:00,2022-09-01T08:00:00-00:00,2022-09-01,01,KERNOIL_1_N001,KERNOIL_1_N001,KERNOIL_1_N001,RTPD,LMP,LMP_PRC,KERNOIL_1_N001,ALL,1,86.46968,4,41
2022-09-01T08:45:00-00:00,2022-09-01T09:00:00-00:00,2022-09-01,02,KERNOIL_1_N001,KERNOIL_1_N001,KERNOIL_1_N001,RTPD,LMP,LMP_PRC,KERNOIL_1_N001,ALL,1,99.82152,4,41
2022-09-01T09:45:00-00:00,2022-09-01T10:00:00-00:00,2022-09-01,03,KERNOIL_1_N001,KERNOIL_1_N001,KERNOIL_1_N001,RTPD,LMP,LMP_PRC,KERNOIL_1_N001,ALL,1,97.87374,4,41
2022-09-01T10:45:00-00:00,2022-09-01T11:00:00-00:00,2022-09-01,04,KERNOIL_1_N001,KERNOIL_1_N001,KERNOIL_1_N001,RTPD,LMP,LMP_PRC,KERNOIL_1_N001,ALL,1,100.36119,4,41
2022-09-01T11:45:00-00:00,2022-09-01T12:00:00-00:00,2022-09-01,05,KERNOIL_1_N001,KERNOIL_1_N001,KERNOIL_1_N001,RTPD,LMP,LMP_PRC,KERNOIL_1_N001,ALL,1,107.01,4,41
2022-09-01T12:45:00-00:00,2022-09-01T13:00:00-00:00,2022-09-01,06,KERNOIL_1_N001,KERNOIL_1_N001,KERNOIL_1_N001,RTPD,LMP,LMP_PRC,KERNOIL_1_N001,ALL,1,113.58635,4,41
2022-09-01T13:45:00-00:00,2022-09-01T14:00:00-00:00,2022-09-01,07,KERNOIL_1_N001,KERNOIL_1_N001,KERNOIL_1_N001,RTPD,LMP,LMP_PRC,KERNOIL_1_N001,ALL,1,111.41,4,41
2022-09-01T14:45:00-00:00,2022-09-01T15:00:00-00:00,2022-09-01,08,KERNOIL_1_N001,KERNOIL_1_N001,KERNOIL_1_N001,RTPD,LMP,LMP_PRC,KERNOIL_1_N001,ALL,1,86.1388,4,41
2022-09-01T15:45:00-00:00,2022-09-01T16:00:00-00:00,2022-09-01,09,KERNOIL_1_N001,KERNOIL_1_N001,KERNOIL_1_N001,RTPD,LMP,LMP_PRC,KERNOIL_1_N001,ALL,1,78.70076,4,41
2022-09-01T16:45:00-00:00,2022-09-01T17:00:00-00:00,2022-09-01,10,KERNOIL_1_N001,KERNOIL_1_N001,KERNOIL_1_N001,RTPD,LMP,LMP_PRC,KERNOIL_1_N001,ALL,1,76.09499,4,41
2022-09-01T17:45:00-00:00,2022-09-01T18:00:00-00:00,2022-09-01,11,KERNOIL_1_N001,KERNOIL_1_N001,KERNOIL_1_N001,RTPD,LMP,LMP_PRC,KERNOIL_1_N001,ALL,1,74.63099,4,41
2022-09-01T18:45:00-00:00,2022-09-01T19:00:00-00:00,2022-09-01,12,KERNOIL_1_N001,KERNOIL_1_N001,KERNOIL_1_N001,RTPD,LMP,LMP_PRC,KERNOIL_1_N001,ALL,1,75.60424,4,41
2022-09-01T19:45:00-00:00,2022-09-01T20:00:00-00:00,2022-09-01,13,KERNOIL_1_N001,KERNOIL_1_N001,KERNOIL_1_N001,RTPD,LMP,LMP_PRC,KERNOIL_1_N001,ALL,1,103.51328,4,41
2022-09-01T20:45:00-00:00,2022-09-01T21:00:00-00:00,2022-09-01,14,KERNOIL_1_N001,KERNOIL_1_N001,KERNOIL_1_N001,RTPD,LMP,LMP_PRC,KERNOIL_1_N001,ALL,1,119.44692,4,41
2022-09-01T21:45:00-00:00,2022-09-01T22:00:00-00:00,2022-09-01,15,KERNOIL_1_N001,KERNOIL_1_N001,KERNOIL_1_N001,RTPD,LMP,LMP_PRC,KERNOIL_1_N001,ALL,1,191.17392,4,41
2022-09-01T22:45:00-00:00,2022-09-01T23:00:00-00:00,2022-09-01,16,KERNOIL_1_N001,KERNOIL_1_N001,KERNOIL_1_N001,RTPD,LMP,LMP_PRC,KERNOIL_1_N001,ALL,1,214.98627,4,41
2022-09-01T23:45:00-00:00,2022-09-02T00:00:00-00:00,2022-09-01,17,KERNOIL_1_N001,KERNOIL_1_N001,KERNOIL_1_N001,RTPD,LMP,LMP_PRC,KERNOIL_1_N001,ALL,1,1559.8536,4,41
2022-09-02T00:45:00-00:00,2022-09-02T01:00:00-00:00,2022-09-01,18,KERNOIL_1_N001,KERNOIL_1_N001,KERNOIL_1_N001,RTPD,LMP,LMP_PRC,KERNOIL_1_N001,ALL,1,1785.0118,4,41
2022-09-02T01:45:00-00:00,2022-09-02T02:00:00-00:00,2022-09-01,19,KERNOIL_1_N001,KERNOIL_1_N001,KERNOIL_1_N001,RTPD,LMP,LMP_PRC,KERNOIL_1_N001,ALL,1,1991.9337,4,41
2022-09-02T02:45:00-00:00,2022-09-02T03:00:00-00:00,2022-09-01,20,KERNOIL_1_N001,KERNOIL_1_N001,KERNOIL_1_N001,RTPD,LMP,LMP_PRC,KERNOIL_1_N001,ALL,1,1889.3016,4,41
2022-09-02T03:45:00-00:00,2022-09-02T04:00:00-00:00,2022-09-01,21,KERNOIL_1_N001,KERNOIL_1_N001,KERNOIL_1_N001,RTPD,LMP,LMP_PRC,KERNOIL_1_N001,ALL,1,167.6637,4,41
2022-09-02T04:45:00-00:00,2022-09-02T05:00:00-00:00,2022-09-01,22,KERNOIL_1_N001,KERNOIL_1_N001,KERNOIL_1_N001,RTPD,LMP,LMP_PRC,KERNOIL_1_N001,ALL,1,145.27182,4,41
2022-09-02T05:45:00-00:00,2022-09-02T06:00:00-00:00,2022-09-01,23,KERNOIL_1_N001,KERNOIL_1_N001,KERNOIL_1_N001,RTPD,LMP,LMP_PRC,KERNOIL_1_N001,ALL,1,171.23718,4,41
2022-09-02T06:45:00-00:00,2022-09-02T07:00:00-00:00,2022-09-01,24,KERNOIL_1_N001,KERNOIL_1_N001,KERNOIL_1_N001,RTPD,LMP,LMP_PRC,KERNOIL_1_N001,ALL,1,122.36753,4,41
2022-09-01T07:00:00-00:00,2022-09-01T07:15:00-00:00,2022-09-01,01,KERNOIL_1_N001,KERNOIL_1_N001,KERNOIL_1_N001,RTPD,MCC,LMP_CONG_PRC,KERNOIL_1_N001,ALL,1,-29.20493,1,42
2022-09-01T08:00:00-00:00,2022-09-01T08:15:00-00:00,2022-09-01,02,KERNOIL_1_N001,KERNOIL_1_N001,KERNOIL_1_N001,RTPD,MCC,LMP_CONG_PRC,KERNOIL_1_N001,ALL,1,-4.10309,1,42
2022-09-01T09:00:00-00:00,2022-09-01T09:15:00-00:00,2022-09-01,03,KERNOIL_1_N001,KERNOIL_1_N001,KERNOIL_1_N001,RTPD,MCC,LMP_CONG_PRC,KERNOIL_1_N001,ALL,1,-5.49768,1,42
2022-09-01T10:00:00-00:00,2022-09-01T10:15:00-00:00,2022-09-01,04,KERNOIL_1_N001,KERNOIL_1_N001,KERNOIL_1_N001,RTPD,MCC,LMP_CONG_PRC,KERNOIL_1_N001,ALL,1,-4.77132,1,42
2022-09-01T11:00:00-00:00,2022-09-01T11:15:00-00:00,2022-09-01,05,KERNOIL_1_N001,KERNOIL_1_N001,KERNOIL_1_N001,RTPD,MCC,LMP_CONG_PRC,KERNOIL_1_N001,ALL,1,0,1,42
2022-09-01T12:00:00-00:00,2022-09-01T12:15:00-00:00,2022-09-01,06,KERNOIL_1_N001,KERNOIL_1_N001,KERNOIL_1_N001,RTPD,MCC,LMP_CONG_PRC,KERNOIL_1_N001,ALL,1,-12.2588,1,42
2022-09-01T13:00:00-00:00,2022-09-01T13:15:00-00:00,2022-09-01,07,KERNOIL_1_N001,KERNOIL_1_N001,KERNOIL_1_N001,RTPD,MCC,LMP_CONG_PRC,KERNOIL_1_N001,ALL,1,-16.33176,1,42
2022-09-01T14:00:00-00:00,2022-09-01T14:15:00-00:00,2022-09-01,08,KERNOIL_1_N001,KERNOIL_1_N001,KERNOIL_1_N001,RTPD,MCC,LMP_CONG_PRC,KERNOIL_1_N001,ALL,1,0,1,42
2022-09-01T15:00:00-00:00,2022-09-01T15:15:00-00:00,2022-09-01,09,KERNOIL_1_N001,KERNOIL_1_N001,KERNOIL_1_N001,RTPD,MCC,LMP_CONG_PRC,KERNOIL_1_N001,ALL,1,0,1,42
2022-09-01T16:00:00-00:00,2022-09-01T16:15:00-00:00,2022-09-01,10,KERNOIL_1_N001,KERNOIL_1_N001,KERNOIL_1_N001,RTPD,MCC,LMP_CONG_PRC,KERNOIL_1_N001,ALL,1,0,1,42
2022-09-01T17:00:00-00:00,2022-09-01T17:15:00-00:00,2022-09-01,11,KERNOIL_1_N001,KERNOIL_1_N001,KERNOIL_1_N001,RTPD,MCC,LMP_CONG_PRC,KERNOIL_1_N001,ALL,1,-20.3673,1,42
2022-09-01T18:00:00-00:00,2022-09-01T18:15:00-00:00,2022-09-01,12,KERNOIL_1_N001,KERNOIL_1_N001,KERNOIL_1_N001,RTPD,MCC,LMP_CONG_PRC,KERNOIL_1_N001,ALL,1,-39.39146,1,42
2022-09-01T19:00:00-00:00,2022-09-01T19:15:00-00:00,2022-09-01,13,KERNOIL_1_N001,KERNOIL_1_N001,KERNOIL_1_N001,RTPD,MCC,LMP_CONG_PRC,KERNOIL_1_N001,ALL,1,-43.59157,1,42
2022-09-01T20:00:00-00:00,2022-09-01T20:15:00-00:00,2022-09-01,14,KERNOIL_1_N001,KERNOIL_1_N001,KERNOIL_1_N001,RTPD,MCC,LMP_CONG_PRC,KERNOIL_1_N001,ALL,1,-4.28585,1,42
2022-09-01T21:00:00-00:00,2022-09-01T21:15:00-00:00,2022-09-01,15,KERNOIL_1_N001,KERNOIL_1_N001,KERNOIL_1_N001,RTPD,MCC,LMP_CONG_PRC,KERNOIL_1_N001,ALL,1,-120.58554,1,42
2022-09-01T22:00:00-00:00,2022-09-01T22:15:00-00:00,2022-09-01,16,KERNOIL_1_N001,KERNOIL_1_N001,KERNOIL_1_N001,RTPD,MCC,LMP_CONG_PRC,KERNOIL_1_N001,ALL,1,-47.81543,1,42
2022-09-01T23:00:00-00:00,2022-09-01T23:15:00-00:00,2022-09-01,17,KERNOIL_1_N001,KERNOIL_1_N001,KERNOIL_1_N001,RTPD,MCC,LMP_CONG_PRC,KERNOIL_1_N001,ALL,1,-134.23334,1,42
2022-09-02T00:00:00-00:00,2022-09-02T00:15:00-00:00,2022-09-01,18,KERNOIL_1_N001,KERNOIL_1_N001,KERNOIL_1_N001,RTPD,MCC,LMP_CONG_PRC,KERNOIL_1_N001,ALL,1,249.75986,1,42
2022-09-02T01:00:00-00:00,2022-09-02T01:15:00-00:00,2022-09-01,19,KERNOIL_1_N001,KERNOIL_1_N001,KERNOIL_1_N001,RTPD,MCC,LMP_CONG_PRC,KERNOIL_1_N001,ALL,1,244.99258,1,42
2022-09-02T02:00:00-00:00,2022-09-02T02:15:00-00:00,2022-09-01,20,KERNOIL_1_N001,KERNOIL_1_N001,KERNOIL_1_N001,RTPD,MCC,LMP_CONG_PRC,KERNOIL_1_N001,ALL,1,0,1,42
2022-09-02T03:00:00-00:00,2022-09-02T03:15:00-00:00,2022-09-01,21,KERNOIL_1_N001,KERNOIL_1_N001,KERNOIL_1_N001,RTPD,MCC,LMP_CONG_PRC,KERNOIL_1_N001,ALL,1,378.8685,1,42
2022-09-02T04:00:00-00:00,2022-09-02T04:15:00-00:00,2022-09-01,22,KERNOIL_1_N001,KERNOIL_1_N001,KERNOIL_1_N001,RTPD,MCC,LMP_CONG_PRC,KERNOIL_1_N001,ALL,1,168.89017,1,42
2022-09-02T05:00:00-00:00,2022-09-02T05:15:00-00:00,2022-09-01,23,KERNOIL_1_N001,KERNOIL_1_N001,KERNOIL_1_N001,RTPD,MCC,LMP_CONG_PRC,KERNOIL_1_N001,ALL,1,17.35896,1,42
2022-09-02T06:00:00-00:00,2022-09-02T06:15:00-00:00,2022-09-01,24,KERNOIL_1_N001,KERNOIL_1_N001,KERNOIL_1_N001,RTPD,MCC,LMP_CONG_PRC,KERNOIL_1_N001,ALL,1,31.9924,1,42
2022-09-01T07:15:00-00:00,2022-09-01T07:30:00-00:00,2022-09-01,01,KERNOIL_1_N001,KERNOIL_1_N001,KERNOIL_1_N001,RTPD,MCC,LMP_CONG_PRC,KERNOIL_1_N001,ALL,1,-12.26193,2,42
2022-09-01T08:15:00-00:00,2022-09-01T08:30:00-00:00,2022-09-01,02,KERNOIL_1_N001,KERNOIL_1_N001,KERNOIL_1_N001,RTPD,MCC,LMP_CONG_PRC,KERNOIL_1_N001,ALL,1,-1.12202,2,42
2022-09-01T09:15:00-00:00,2022-09-01T09:30:00-00:00,2022-09-01,03,KERNOIL_1_N001,KERNOIL_1_N001,KERNOIL_1_N001,RTPD,MCC,LMP_CONG_PRC,KERNOIL_1_N001,ALL,1,-7.22885,2,42
2022-09-01T10:15:00-00:00,2022-09-01T10:30:00-00:00,2022-09-01,04,KERNOIL_1_N001,KERNOIL_1_N001,KERNOIL_1_N001,RTPD,MCC,LMP_CONG_PRC,KERNOIL_1_N001,ALL,1,-6.75137,2,42
2022-09-01T11:15:00-00:00,2022-09-01T11:30:00-00:00,2022-09-01,05,KERNOIL_1_N001,KERNOIL_1_N001,KERNOIL_1_N001,RTPD,MCC,LMP_CONG_PRC,KERNOIL_1_N001,ALL,1,0,2,42
2022-09-01T12:15:00-00:00,2022-09-01T12:30:00-00:00,2022-09-01,06,KERNOIL_1_N001,KERNOIL_1_N001,KERNOIL_1_N001,RTPD,MCC,LMP_CONG_PRC,KERNOIL_1_N001,ALL,1,-7.49388,2,42
2022-09-01T13:15:00-00:00,2022-09-01T13:30:00-00:00,2022-09-01,07,KERNOIL_1_N001,KERNOIL_1_N001,KERNOIL_1_N001,RTPD,MCC,LMP_CONG_PRC,KERNOIL_1_N001,ALL,1,-0.70086,2,42
2022-09-01T14:15:00-00:00,2022-09-01T14:30:00-00:00,2022-09-01,08,KERNOIL_1_N001,KERNOIL_1_N001,KERNOIL_1_N001,RTPD,MCC,LMP_CONG_PRC,KERNOIL_1_N001,ALL,1,0,2,42
2022-09-01T15:15:00-00:00,2022-09-01T15:30:00-00:00,2022-09-01,09,KERNOIL_1_N001,KERNOIL_1_N001,KERNOIL_1_N001,RTPD,MCC,LMP_CONG_PRC,KERNOIL_1_N001,ALL,1,0,2,42
2022-09-01T16:15:00-00:00,2022-09-01T16:30:00-00:00,2022-09-01,10,KERNOIL_1_N001,KERNOIL_1_N001,KERNOIL_1_N001,RTPD,MCC,LMP_CONG_PRC,KERNOIL_1_N001,ALL,1,-2.01173,2,42
2022-09-01T17:15:00-00:00,2022-09-01T17:30:00-00:00,2022-09-01,11,KERNOIL_1_N001,KERNOIL_1_N001,KERNOIL_1_N001,RTPD,MCC,LMP_CONG_PRC,KERNOIL_1_N001,ALL,1,-24.78165,2,42
2022-09-01T18:15:00-00:00,2022-09-01T18:30:00-00:00,2022-09-01,12,KERNOIL_1_N001,KERNOIL_1_N001,KERNOIL_1_N001,RTPD,MCC,LMP_CONG_PRC,KERNOIL_1_N001,ALL,1,-32.2173,2,42
2022-09-01T19:15:00-00:00,2022-09-01T19:30:00-00:00,2022-09-01,13,KERNOIL_1_N001,KERNOIL_1_N001,KERNOIL_1_N001,RTPD,MCC,LMP_CONG_PRC,KERNOIL_1_N001,ALL,1,-35.89649,2,42
2022-09-01T20:15:00-00:00,2022-09-01T20:30:00-00:00,2022-09-01,14,KERNOIL_1_N001,KERNOIL_1_N001,KERNOIL_1_N001,RTPD,MCC,LMP_CONG_PRC,KERNOIL_1_N001,ALL,1,-3.85949,2,42
2022-09-01T21:15:00-00:00,2022-09-01T21:30:00-00:00,2022-09-01,15,KERNOIL_1_N001,KERNOIL_1_N001,KERNOIL_1_N001,RTPD,MCC,LMP_CONG_PRC,KERNOIL_1_N001,ALL,1,-32.69508,2,42
2022-09-01T22:15:00-00:00,2022-09-01T22:30:00-00:00,2022-09-01,16,KERNOIL_1_N001,KERNOIL_1_N001,KERNOIL_1_N001,RTPD,MCC,LMP_CONG_PRC,KERNOIL_1_N001,ALL,1,-48.53934,2,42
2022-09-01T23:15:00-00:00,2022-09-01T23:30:00-00:00,2022-09-01,17,KERNOIL_1_N001,KERNOIL_1_N001,KERNOIL_1_N001,RTPD,MCC,LMP_CONG_PRC,KERNOIL_1_N001,ALL,1,-50.67597,2,42
2022-09-02T00:15:00-00:00,2022-09-02T00:30:00-00:00,2022-09-01,18,KERNOIL_1_N001,KERNOIL_1_N001,KERNOIL_1_N001,RTPD,MCC,LMP_CONG_PRC,KERNOIL_1_N001,ALL,1,243.09203,2,42
2022-09-02T01:15:00-00:00,2022-09-02T01:30:00-00:00,2022-09-01,19,KERNOIL_1_N001,KERNOIL_1_N001,KERNOIL_1_N001,RTPD,MCC,LMP_CONG_PRC,KERNOIL_1_N001,ALL,1,0,2,42
2022-09-02T02:15:00-00:00,2022-09-02T02:30:00-00:00,2022-09-01,20,KERNOIL_1_N001,KERNOIL_1_N001,KERNOIL_1_N001,RTPD,MCC,LMP_CONG_PRC,KERNOIL_1_N001,ALL,1,0,2,42
2022-09-02T03:15:00-00:00,2022-09-02T03:30:00-00:00,2022-09-01,21,KERNOIL_1_N001,KERNOIL_1_N001,KERNOIL_1_N001,RTPD,MCC,LMP_CONG_PRC,KERNOIL_1_N001,ALL,1,133.23825,2,42
2022-09-02T04:15:00-00:00,2022-09-02T04:30:00-00:00,2022-09-01,22,KERNOIL_1_N001,KERNOIL_1_N001,KERNOIL_1_N001,RTPD,MCC,LMP_CONG_PRC,KERNOIL_1_N001,ALL,1,153.21097,2,42
2022-09-02T05:15:00-00:00,2022-09-02T05:30:00-00:00,2022-09-01,23,KERNOIL_1_N001,KERNOIL_1_N001,KERNOIL_1_N001,RTPD,MCC,LMP_CONG_PRC,KERNOIL_1_N001,ALL,1,16.6062,2,42
2022-09-02T06:15:00-00:00,2022-09-02T06:30:00-00:00,2022-09-01,24,KERNOIL_1_N001,KERNOIL_1_N001,KERNOIL_1_N001,RTPD,MCC,LMP_CONG_PRC,KERNOIL_1_N001,ALL,1,5.53075,2,42
2022-09-01T07:30:00-00:00,2022-09-01T07:45:00-00:00,2022-09-01,01,KERNOIL_1_N001,KERNOIL_1_N001,KERNOIL_1_N001,RTPD,MCC,LMP_CONG_PRC,KERNOIL_1_N001,ALL,1,-19.90892,3,42
2022-09-01T08:30:00-00:00,2022-09-01T08:45:00-00:00,2022-09-01,02,KERNOIL_1_N001,KERNOIL_1_N001,KERNOIL_1_N001,RTPD,MCC,LMP_CONG_PRC,KERNOIL_1_N001,ALL,1,-0.00106,3,42
2022-09-01T09:30:00-00:00,2022-09-01T09:45:00-00:00,2022-09-01,03,KERNOIL_1_N001,KERNOIL_1_N001,KERNOIL_1_N001,RTPD,MCC,LMP_CONG_PRC,KERNOIL_1_N001,ALL,1,-7.16397,3,42
2022-09-01T10:30:00-00:00,2022-09-01T10:45:00-00:00,2022-09-01,04,KERNOIL_1_N001,KERNOIL_1_N001,KERNOIL_1_N001,RTPD,MCC,LMP_CONG_PRC,KERNOIL_1_N001,ALL,1,-3.8174,3,42
2022-09-01T11:30:00-00:00,2022-09-01T11:45:00-00:00,2022-09-01,05,KERNOIL_1_N001,KERNOIL_1_N001,KERNOIL_1_N001,RTPD,MCC,LMP_CONG_PRC,KERNOIL_1_N001,ALL,1,0,3,42
2022-09-01T12:30:00-00:00,2022-09-01T12:45:00-00:00,2022-09-01,06,KERNOIL_1_N001,KERNOIL_1_N001,KERNOIL_1_N001,RTPD,MCC,LMP_CONG_PRC,KERNOIL_1_N001,ALL,1,-12.9754,3,42
2022-09-01T13:30:00-00:00,2022-09-01T13:45:00-00:00,2022-09-01,07,KERNOIL_1_N001,KERNOIL_1_N001,KERNOIL_1_N001,RTPD,MCC,LMP_CONG_PRC,KERNOIL_1_N001,ALL,1,0,3,42
2022-09-01T14:30:00-00:00,2022-09-01T14:45:00-00:00,2022-09-01,08,KERNOIL_1_N001,KERNOIL_1_N001,KERNOIL_1_N001,RTPD,MCC,LMP_CONG_PRC,KERNOIL_1_N001,ALL,1,0,3,42
2022-09-01T15:30:00-00:00,2022-09-01T15:45:00-00:00,2022-09-01,09,KERNOIL_1_N001,KERNOIL_1_N001,KERNOIL_1_N001,RTPD,MCC,LMP_CONG_PRC,KERNOIL_1_N001,ALL,1,0,3,42
2022-09-01T16:30:00-00:00,2022-09-01T16:45:00-00:00,2022-09-01,10,KERNOIL_1_N001,KERNOIL_1_N001,KERNOIL_1_N001,RTPD,MCC,LMP_CONG_PRC,KERNOIL_1_N001,ALL,1,-16.7515,3,42
2022-09-01T17:30:00-00:00,2022-09-01T17:45:00-00:00,2022-09-01,11,KERNOIL_1_N001,KERNOIL_1_N001,KERNOIL_1_N001,RTPD,MCC,LMP_CONG_PRC,KERNOIL_1_N001,ALL,1,-24.84874,3,42
2022-09-01T18:30:00-00:00,2022-09-01T18:45:00-00:00,2022-09-01,12,KERNOIL_1_N001,KERNOIL_1_N001,KERNOIL_1_N001,RTPD,MCC,LMP_CONG_PRC,KERNOIL_1_N001,ALL,1,-33.56487,3,42
2022-09-01T19:30:00-00:00,2022-09-01T19:45:00-00:00,2022-09-01,13,KERNOIL_1_N001,KERNOIL_1_N001,KERNOIL_1_N001,RTPD,MCC,LMP_CONG_PRC,KERNOIL_1_N001,ALL,1,-15.4232,3,42
2022-09-01T20:30:00-00:00,2022-09-01T20:45:00-00:00,2022-09-01,14,KERNOIL_1_N001,KERNOIL_1_N001,KERNOIL_1_N001,RTPD,MCC,LMP_CONG_PRC,KERNOIL_1_N001,ALL,1,-15.57228,3,42
2022-09-01T21:30:00-00:00,2022-09-01T21:45:00-00:00,2022-09-01,15,KERNOIL_1_N001,KERNOIL_1_N001,KERNOIL_1_N001,RTPD,MCC,LMP_CONG_PRC,KERNOIL_1_N001,ALL,1,-30.03526,3,42
2022-09-01T22:30:00-00:00,2022-09-01T22:45:00-00:00,2022-09-01,16,KERNOIL_1_N001,KERNOIL_1_N001,KERNOIL_1_N001,RTPD,MCC,LMP_CONG_PRC,KERNOIL_1_N001,ALL,1,-46.34322,3,42
2022-09-01T23:30:00-00:00,2022-09-01T23:45:00-00:00,2022-09-01,17,KERNOIL_1_N001,KERNOIL_1_N001,KERNOIL_1_N001,RTPD,MCC,LMP_CONG_PRC,KERNOIL_1_N001,ALL,1,76,3,42
2022-09-02T00:30:00-00:00,2022-09-02T00:45:00-00:00,2022-09-01,18,KERNOIL_1_N001,KERNOIL_1_N001,KERNOIL_1_N001,RTPD,MCC,LMP_CONG_PRC,KERNOIL_1_N001,ALL,1,342.8513,3,42
2022-09-02T01:30:00-00:00,2022-09-02T01:45:00-00:00,2022-09-01,19,KERNOIL_1_N001,KERNOIL_1_N001,KERNOIL_1_N001,RTPD,MCC,LMP_CONG_PRC,KERNOIL_1_N001,ALL,1,0,3,42
2022-09-02T02:30:00-00:00,2022-09-02T02:45:00-00:00,2022-09-01,20,KERNOIL_1_N001,KERNOIL_1_N001,KERNOIL_1_N001,RTPD,MCC,LMP_CONG_PRC,KERNOIL_1_N001,ALL,1,0,3,42
2022-09-02T03:30:00-00:00,2022-09-02T03:45:00-00:00,2022-09-01,21,KERNOIL_1_N001,KERNOIL_1_N001,KERNOIL_1_N001,RTPD,MCC,LMP_CONG_PRC,KERNOIL_1_N001,ALL,1,31.45089,3,42
2022-09-02T04:30:00-00:00,2022-09-02T04:45:00-00:00,2022-09-01,22,KERNOIL_1_N001,KERNOIL_1_N001,KERNOIL_1_N001,RTPD,MCC,LMP_CONG_PRC,KERNOIL_1_N001,ALL,1,87.30269,3,42
2022-09-02T05:30:00-00:00,2022-09-02T05:45:00-00:00,2022-09-01,23,KERNOIL_1_N001,KERNOIL_1_N001,KERNOIL_1_N001,RTPD,MCC,LMP_CONG_PRC,KERNOIL_1_N001,ALL,1,12.9251,3,42
2022-09-02T06:30:00-00:00,2022-09-02T06:45:00-00:00,2022-09-01,24,KERNOIL_1_N001,KERNOIL_1_N001,KERNOIL_1_N001,RTPD,MCC,LMP_CONG_PRC,KERNOIL_1_N001,ALL,1,12.16328,3,42
2022-09-01T07:45:00-00:00,2022-09-01T08:00:00-00:00,2022-09-01,01,KERNOIL_1_N001,KERNOIL_1_N001,KERNOIL_1_N001,RTPD,MCC,LMP_CONG_PRC,KERNOIL_1_N001,ALL,1,-22.6513,4,42
2022-09-01T08:45:00-00:00,2022-09-01T09:00:00-00:00,2022-09-01,02,KERNOIL_1_N001,KERNOIL_1_N001,KERNOIL_1_N001,RTPD,MCC,LMP_CONG_PRC,KERNOIL_1_N001,ALL,1,-5.52947,4,42
2022-09-01T09:45:00-00:00,2022-09-01T10:00:00-00:00,2022-09-01,03,KERNOIL_1_N001,KERNOIL_1_N001,KERNOIL_1_N001,RTPD,MCC,LMP_CONG_PRC,KERNOIL_1_N001,ALL,1,-6.39784,4,42
2022-09-01T10:45:00-00:00,2022-09-01T11:00:00-00:00,2022-09-01,04,KERNOIL_1_N001,KERNOIL_1_N001,KERNOIL_1_N001,RTPD,MCC,LMP_CONG_PRC,KERNOIL_1_N001,ALL,1,-1.50033,4,42
2022-09-01T11:45:00-00:00,2022-09-01T12:00:00-00:00,2022-09-01,05,KERNOIL_1_N001,KERNOIL_1_N001,KERNOIL_1_N001,RTPD,MCC,LMP_CONG_PRC,KERNOIL_1_N001,ALL,1,0,4,42
2022-09-01T12:45:00-00:00,2022-09-01T13:00:00-00:00,2022-09-01,06,KERNOIL_1_N001,KERNOIL_1_N001,KERNOIL_1_N001,RTPD,MCC,LMP_CONG_PRC,KERNOIL_1_N001,ALL,1,-2.89845,4,42
2022-09-01T13:45:00-00:00,2022-09-01T14:00:00-00:00,2022-09-01,07,KERNOIL_1_N001,KERNOIL_1_N001,KERNOIL_1_N001,RTPD,MCC,LMP_CONG_PRC,KERNOIL_1_N001,ALL,1,0,4,42
2022-09-01T14:45:00-00:00,2022-09-01T15:00:00-00:00,2022-09-01,08,KERNOIL_1_N001,KERNOIL_1_N001,KERNOIL_1_N001,RTPD,MCC,LMP_CONG_PRC,KERNOIL_1_N001,ALL,1,0,4,42
2022-09-01T15:45:00-00:00,2022-09-01T16:00:00-00:00,2022-09-01,09,KERNOIL_1_N001,KERNOIL_1_N001,KERNOIL_1_N001,RTPD,MCC,LMP_CONG_PRC,KERNOIL_1_N001,ALL,1,0,4,42
2022-09-01T16:45:00-00:00,2022-09-01T17:00:00-00:00,2022-09-01,10,KERNOIL_1_N001,KERNOIL_1_N001,KERNOIL_1_N001,RTPD,MCC,LMP_CONG_PRC,KERNOIL_1_N001,ALL,1,-15.15434,4,42
2022-09-01T17:45:00-00:00,2022-09-01T18:00:00-00:00,2022-09-01,11,KERNOIL_1_N001,KERNOIL_1_N001,KERNOIL_1_N001,RTPD,MCC,LMP_CONG_PRC,KERNOIL_1_N001,ALL,1,-24.57445,4,42
2022-09-01T18:45:00-00:00,2022-09-01T19:00:00-00:00,2022-09-01,12,KERNOIL_1_N001,KERNOIL_1_N001,KERNOIL_1_N001,RTPD,MCC,LMP_CONG_PRC,KERNOIL_1_N001,ALL,1,-33.4364,4,42
2022-09-01T19:45:00-00:00,2022-09-01T20:00:00-00:00,2022-09-01,13,KERNOIL_1_N001,KERNOIL_1_N001,KERNOIL_1_N001,RTPD,MCC,LMP_CONG_PRC,KERNOIL_1_N001,ALL,1,-16.71163,4,42
2022-09-01T20:45:00-00:00,2022-09-01T21:00:00-00:00,2022-09-01,14,KERNOIL_1_N001,KERNOIL_1_N001,KERNOIL_1_N001,RTPD,MCC,LMP_CONG_PRC,KERNOIL_1_N001,ALL,1,-34.57817,4,42
2022-09-01T21:45:00-00:00,2022-09-01T22:00:00-00:00,2022-09-01,15,KERNOIL_1_N001,KERNOIL_1_N001,KERNOIL_1_N001,RTPD,MCC,LMP_CONG_PRC,KERNOIL_1_N001,ALL,1,-109.11985,4,42
2022-09-01T22:45:00-00:00,2022-09-01T23:00:00-00:00,2022-09-01,16,KERNOIL_1_N001,KERNOIL_1_N001,KERNOIL_1_N001,RTPD,MCC,LMP_CONG_PRC,KERNOIL_1_N001,ALL,1,-214.92743,4,42
2022-09-01T23:45:00-00:00,2022-09-02T00:00:00-00:00,2022-09-01,17,KERNOIL_1_N001,KERNOIL_1_N001,KERNOIL_1_N001,RTPD,MCC,LMP_CONG_PRC,KERNOIL_1_N001,ALL,1,298.64114,4,42
2022-09-02T00:45:00-00:00,2022-09-02T01:00:00-00:00,2022-09-01,18,KERNOIL_1_N001,KERNOIL_1_N001,KERNOIL_1_N001,RTPD,MCC,LMP_CONG_PRC,KERNOIL_1_N001,ALL,1,265.86285,4,42
2022-09-02T01:45:00-00:00,2022-09-02T02:00:00-00:00,2022-09-01,19,KERNOIL_1_N001,KERNOIL_1_N001,KERNOIL_1_N001,RTPD,MCC,LMP_CONG_PRC,KERNOIL_1_N001,ALL,1,0,4,42
2022-09-02T02:45:00-00:00,2022-09-02T03:00:00-00:00,2022-09-01,20,KERNOIL_1_N001,KERNOIL_1_N001,KERNOIL_1_N001,RTPD,MCC,LMP_CONG_PRC,KERNOIL_1_N001,ALL,1,147.7253,4,42
2022-09-02T03:45:00-00:00,2022-09-02T04:00:00-00:00,2022-09-01,21,KERNOIL_1_N001,KERNOIL_1_N001,KERNOIL_1_N001,RTPD,MCC,LMP_CONG_PRC,KERNOIL_1_N001,ALL,1,20.38722,4,42
2022-09-02T04:45:00-00:00,2022-09-02T05:00:00-00:00,2022-09-01,22,KERNOIL_1_N001,KERNOIL_1_N001,KERNOIL_1_N001,RTPD,MCC,LMP_CONG_PRC,KERNOIL_1_N001,ALL,1,13.88123,4,42
2022-09-02T05:45:00-00:00,2022-09-02T06:00:00-00:00,2022-09-01,23,KERNOIL_1_N001,KERNOIL_1_N001,KERNOIL_1_N001,RTPD,MCC,LMP_CONG_PRC,KERNOIL_1_N001,ALL,1,47.36011,4,42
2022-09-02T06:45:00-00:00,2022-09-02T07:00:00-00:00,2022-09-01,24,KERNOIL_1_N001,KERNOIL_1_N001,KERNOIL_1_N001,RTPD,MCC,LMP_CONG_PRC,KERNOIL_1_N001,ALL,1,7.60585,4,42
2022-09-01T07:00:00-00:00,2022-09-01T07:15:00-00:00,2022-09-01,01,KERNOIL_1_N001,KERNOIL_1_N001,KERNOIL_1_N001,RTPD,MCE,LMP_ENE_PRC,KERNOIL_1_N001,ALL,1,104.23471,1,43
2022-09-01T08:00:00-00:00,2022-09-01T08:15:00-00:00,2022-09-01,02,KERNOIL_1_N001,KERNOIL_1_N001,KERNOIL_1_N001,RTPD,MCE,LMP_ENE_PRC,KERNOIL_1_N001,ALL,1,115.5488,1,43
2022-09-01T09:00:00-00:00,2022-09-01T09:15:00-00:00,2022-09-01,03,KERNOIL_1_N001,KERNOIL_1_N001,KERNOIL_1_N001,RTPD,MCE,LMP_ENE_PRC,KERNOIL_1_N001,ALL,1,99.73061,1,43
2022-09-01T10:00:00-00:00,2022-09-01T10:15:00-00:00,2022-09-01,04,KERNOIL_1_N001,KERNOIL_1_N001,KERNOIL_1_N001,RTPD,MCE,LMP_ENE_PRC,KERNOIL_1_N001,ALL,1,98.64222,1,43
2022-09-01T11:00:00-00:00,2022-09-01T11:15:00-00:00,2022-09-01,05,KERNOIL_1_N001,KERNOIL_1_N001,KERNOIL_1_N001,RTPD,MCE,LMP_ENE_PRC,KERNOIL_1_N001,ALL,1,102.56859,1,43
2022-09-01T12:00:00-00:00,2022-09-01T12:15:00-00:00,2022-09-01,06,KERNOIL_1_N001,KERNOIL_1_N001,KERNOIL_1_N001,RTPD,MCE,LMP_ENE_PRC,KERNOIL_1_N001,ALL,1,96.90845,1,43
2022-09-01T13:00:00-00:00,2022-09-01T13:15:00-00:00,2022-09-01,07,KERNOIL_1_N001,KERNOIL_1_N001,KERNOIL_1_N001,RTPD,MCE,LMP_ENE_PRC,KERNOIL_1_N001,ALL,1,101.80878,1,43
2022-09-01T14:00:00-00:00,2022-09-01T14:15:00-00:00,2022-09-01,08,KERNOIL_1_N001,KERNOIL_1_N001,KERNOIL_1_N001,RTPD,MCE,LMP_ENE_PRC,KERNOIL_1_N001,ALL,1,111.11219,1,43
2022-09-01T15:00:00-00:00,2022-09-01T15:15:00-00:00,2022-09-01,09,KERNOIL_1_N001,KERNOIL_1_N001,KERNOIL_1_N001,RTPD,MCE,LMP_ENE_PRC,KERNOIL_1_N001,ALL,1,97.4112,1,43
2022-09-01T16:00:00-00:00,2022-09-01T16:15:00-00:00,2022-09-01,10,KERNOIL_1_N001,KERNOIL_1_N001,KERNOIL_1_N001,RTPD,MCE,LMP_ENE_PRC,KERNOIL_1_N001,ALL,1,83.43525,1,43
2022-09-01T17:00:00-00:00,2022-09-01T17:15:00-00:00,2022-09-01,11,KERNOIL_1_N001,KERNOIL_1_N001,KERNOIL_1_N001,RTPD,MCE,LMP_ENE_PRC,KERNOIL_1_N001,ALL,1,96.94897,1,43
2022-09-01T18:00:00-00:00,2022-09-01T18:15:00-00:00,2022-09-01,12,KERNOIL_1_N001,KERNOIL_1_N001,KERNOIL_1_N001,RTPD,MCE,LMP_ENE_PRC,KERNOIL_1_N001,ALL,1,91.59291,1,43
2022-09-01T19:00:00-00:00,2022-09-01T19:15:00-00:00,2022-09-01,13,KERNOIL_1_N001,KERNOIL_1_N001,KERNOIL_1_N001,RTPD,MCE,LMP_ENE_PRC,KERNOIL_1_N001,ALL,1,109.19637,1,43
2022-09-01T20:00:00-00:00,2022-09-01T20:15:00-00:00,2022-09-01,14,KERNOIL_1_N001,KERNOIL_1_N001,KERNOIL_1_N001,RTPD,MCE,LMP_ENE_PRC,KERNOIL_1_N001,ALL,1,117.94359,1,43
2022-09-01T21:00:00-00:00,2022-09-01T21:15:00-00:00,2022-09-01,15,KERNOIL_1_N001,KERNOIL_1_N001,KERNOIL_1_N001,RTPD,MCE,LMP_ENE_PRC,KERNOIL_1_N001,ALL,1,226.61499,1,43
2022-09-01T22:00:00-00:00,2022-09-01T22:15:00-00:00,2022-09-01,16,KERNOIL_1_N001,KERNOIL_1_N001,KERNOIL_1_N001,RTPD,MCE,LMP_ENE_PRC,KERNOIL_1_N001,ALL,1,229.18552,1,43
2022-09-01T23:00:00-00:00,2022-09-01T23:15:00-00:00,2022-09-01,17,KERNOIL_1_N001,KERNOIL_1_N001,KERNOIL_1_N001,RTPD,MCE,LMP_ENE_PRC,KERNOIL_1_N001,ALL,1,386.7537,1,43
2022-09-02T00:00:00-00:00,2022-09-02T00:15:00-00:00,2022-09-01,18,KERNOIL_1_N001,KERNOIL_1_N001,KERNOIL_1_N001,RTPD,MCE,LMP_ENE_PRC,KERNOIL_1_N001,ALL,1,770.58136,1,43
2022-09-02T01:00:00-00:00,2022-09-02T01:15:00-00:00,2022-09-01,19,KERNOIL_1_N001,KERNOIL_1_N001,KERNOIL_1_N001,RTPD,MCE,LMP_ENE_PRC,KERNOIL_1_N001,ALL,1,916.27124,1,43
2022-09-02T02:00:00-00:00,2022-09-02T02:15:00-00:00,2022-09-01,20,KERNOIL_1_N001,KERNOIL_1_N001,KERNOIL_1_N001,RTPD,MCE,LMP_ENE_PRC,KERNOIL_1_N001,ALL,1,1991.6721,1,43
2022-09-02T03:00:00-00:00,2022-09-02T03:15:00-00:00,2022-09-01,21,KERNOIL_1_N001,KERNOIL_1_N001,KERNOIL_1_N001,RTPD,MCE,LMP_ENE_PRC,KERNOIL_1_N001,ALL,1,917.5508,1,43
2022-09-02T04:00:00-00:00,2022-09-02T04:15:00-00:00,2022-09-01,22,KERNOIL_1_N001,KERNOIL_1_N001,KERNOIL_1_N001,RTPD,MCE,LMP_ENE_PRC,KERNOIL_1_N001,ALL,1,257.83005,1,43
2022-09-02T05:00:00-00:00,2022-09-02T05:15:00-00:00,2022-09-01,23,KERNOIL_1_N001,KERNOIL_1_N001,KERNOIL_1_N001,RTPD,MCE,LMP_ENE_PRC,KERNOIL_1_N001,ALL,1,183.24657,1,43
2022-09-02T06:00:00-00:00,2022-09-02T06:15:00-00:00,2022-09-01,24,KERNOIL_1_N001,KERNOIL_1_N001,KERNOIL_1_N001,RTPD,MCE,LMP_ENE_PRC,KERNOIL_1_N001,ALL,1,158.867,1,43
2022-09-01T07:15:00-00:00,2022-09-01T07:30:00-00:00,2022-09-01,01,KERNOIL_1_N001,KERNOIL_1_N001,KERNOIL_1_N001,RTPD,MCE,LMP_ENE_PRC,KERNOIL_1_N001,ALL,1,125.55144,2,43
2022-09-01T08:15:00-00:00,2022-09-01T08:30:00-00:00,2022-09-01,02,KERNOIL_1_N001,KERNOIL_1_N001,KERNOIL_1_N001,RTPD,MCE,LMP_ENE_PRC,KERNOIL_1_N001,ALL,1,115.53165,2,43
2022-09-01T09:15:00-00:00,2022-09-01T09:30:00-00:00,2022-09-01,03,KERNOIL_1_N001,KERNOIL_1_N001,KERNOIL_1_N001,RTPD,MCE,LMP_ENE_PRC,KERNOIL_1_N001,ALL,1,98.30543,2,43
2022-09-01T10:15:00-00:00,2022-09-01T10:30:00-00:00,2022-09-01,04,KERNOIL_1_N001,KERNOIL_1_N001,KERNOIL_1_N001,RTPD,MCE,LMP_ENE_PRC,KERNOIL_1_N001,ALL,1,97.00684,2,43
2022-09-01T11:15:00-00:00,2022-09-01T11:30:00-00:00,2022-09-01,05,KERNOIL_1_N001,KERNOIL_1_N001,KERNOIL_1_N001,RTPD,MCE,LMP_ENE_PRC,KERNOIL_1_N001,ALL,1,103.09059,2,43
2022-09-01T12:15:00-00:00,2022-09-01T12:30:00-00:00,2022-09-01,06,KERNOIL_1_N001,KERNOIL_1_N001,KERNOIL_1_N001,RTPD,MCE,LMP_ENE_PRC,KERNOIL_1_N001,ALL,1,109.32203,2,43
2022-09-01T13:15:00-00:00,2022-09-01T13:30:00-00:00,2022-09-01,07,KERNOIL_1_N001,KERNOIL_1_N001,KERNOIL_1_N001,RTPD,MCE,LMP_ENE_PRC,KERNOIL_1_N001,ALL,1,110.97827,2,43
2022-09-01T14:15:00-00:00,2022-09-01T14:30:00-00:00,2022-09-01,08,KERNOIL_1_N001,KERNOIL_1_N001,KERNOIL_1_N001,RTPD,MCE,LMP_ENE_PRC,KERNOIL_1_N001,ALL,1,104.78743,2,43
2022-09-01T15:15:00-00:00,2022-09-01T15:30:00-00:00,2022-09-01,09,KERNOIL_1_N001,KERNOIL_1_N001,KERNOIL_1_N001,RTPD,MCE,LMP_ENE_PRC,KERNOIL_1_N001,ALL,1,86.9388,2,43
2022-09-01T16:15:00-00:00,2022-09-01T16:30:00-00:00,2022-09-01,10,KERNOIL_1_N001,KERNOIL_1_N001,KERNOIL_1_N001,RTPD,MCE,LMP_ENE_PRC,KERNOIL_1_N001,ALL,1,89.44858,2,43
2022-09-01T17:15:00-00:00,2022-09-01T17:30:00-00:00,2022-09-01,11,KERNOIL_1_N001,KERNOIL_1_N001,KERNOIL_1_N001,RTPD,MCE,LMP_ENE_PRC,KERNOIL_1_N001,ALL,1,99.34673,2,43
2022-09-01T18:15:00-00:00,2022-09-01T18:30:00-00:00,2022-09-01,12,KERNOIL_1_N001,KERNOIL_1_N001,KERNOIL_1_N001,RTPD,MCE,LMP_ENE_PRC,KERNOIL_1_N001,ALL,1,101.15901,2,43
2022-09-01T19:15:00-00:00,2022-09-01T19:30:00-00:00,2022-09-01,13,KERNOIL_1_N001,KERNOIL_1_N001,KERNOIL_1_N001,RTPD,MCE,LMP_ENE_PRC,KERNOIL_1_N001,ALL,1,105.30588,2,43
2022-09-01T20:15:00-00:00,2022-09-01T20:30:00-00:00,2022-09-01,14,KERNOIL_1_N001,KERNOIL_1_N001,KERNOIL_1_N001,RTPD,MCE,LMP_ENE_PRC,KERNOIL_1_N001,ALL,1,117.49421,2,43
2022-09-01T21:15:00-00:00,2022-09-01T21:30:00-00:00,2022-09-01,15,KERNOIL_1_N001,KERNOIL_1_N001,KERNOIL_1_N001,RTPD,MCE,LMP_ENE_PRC,KERNOIL_1_N001,ALL,1,147.21185,2,43
2022-09-01T22:15:00-00:00,2022-09-01T22:30:00-00:00,2022-09-01,16,KERNOIL_1_N001,KERNOIL_1_N001,KERNOIL_1_N001,RTPD,MCE,LMP_ENE_PRC,KERNOIL_1_N001,ALL,1,256.58734,2,43
2022-09-01T23:15:00-00:00,2022-09-01T23:30:00-00:00,2022-09-01,17,KERNOIL_1_N001,KERNOIL_1_N001,KERNOIL_1_N001,RTPD,MCE,LMP_ENE_PRC,KERNOIL_1_N001,ALL,1,362.12408,2,43
2022-09-02T00:15:00-00:00,2022-09-02T00:30:00-00:00,2022-09-01,18,KERNOIL_1_N001,KERNOIL_1_N001,KERNOIL_1_N001,RTPD,MCE,LMP_ENE_PRC,KERNOIL_1_N001,ALL,1,691.2182,2,43
2022-09-02T01:15:00-00:00,2022-09-02T01:30:00-00:00,2022-09-01,19,KERNOIL_1_N001,KERNOIL_1_N001,KERNOIL_1_N001,RTPD,MCE,LMP_ENE_PRC,KERNOIL_1_N001,ALL,1,1999.9933,2,43
2022-09-02T02:15:00-00:00,2022-09-02T02:30:00-00:00,2022-09-01,20,KERNOIL_1_N001,KERNOIL_1_N001,KERNOIL_1_N001,RTPD,MCE,LMP_ENE_PRC,KERNOIL_1_N001,ALL,1,1991.6721,2,43
2022-09-02T03:15:00-00:00,2022-09-02T03:30:00-00:00,2022-09-01,21,KERNOIL_1_N001,KERNOIL_1_N001,KERNOIL_1_N001,RTPD,MCE,LMP_ENE_PRC,KERNOIL_1_N001,ALL,1,400.52884,2,43
2022-09-02T04:15:00-00:00,2022-09-02T04:30:00-00:00,2022-09-01,22,KERNOIL_1_N001,KERNOIL_1_N001,KERNOIL_1_N001,RTPD,MCE,LMP_ENE_PRC,KERNOIL_1_N001,ALL,1,224.75041,2,43
2022-09-02T05:15:00-00:00,2022-09-02T05:30:00-00:00,2022-09-01,23,KERNOIL_1_N001,KERNOIL_1_N001,KERNOIL_1_N001,RTPD,MCE,LMP_ENE_PRC,KERNOIL_1_N001,ALL,1,157.11986,2,43
2022-09-02T06:15:00-00:00,2022-09-02T06:30:00-00:00,2022-09-01,24,KERNOIL_1_N001,KERNOIL_1_N001,KERNOIL_1_N001,RTPD,MCE,LMP_ENE_PRC,KERNOIL_1_N001,ALL,1,143.1005,2,43
2022-09-01T07:30:00-00:00,2022-09-01T07:45:00-00:00,2022-09-01,01,KERNOIL_1_N001,KERNOIL_1_N001,KERNOIL_1_N001,RTPD,MCE,LMP_ENE_PRC,KERNOIL_1_N001,ALL,1,119.03196,3,43
2022-09-01T08:30:00-00:00,2022-09-01T08:45:00-00:00,2022-09-01,02,KERNOIL_1_N001,KERNOIL_1_N001,KERNOIL_1_N001,RTPD,MCE,LMP_ENE_PRC,KERNOIL_1_N001,ALL,1,111.11241,3,43
2022-09-01T09:30:00-00:00,2022-09-01T09:45:00-00:00,2022-09-01,03,KERNOIL_1_N001,KERNOIL_1_N001,KERNOIL_1_N001,RTPD,MCE,LMP_ENE_PRC,KERNOIL_1_N001,ALL,1,98.16228,3,43
2022-09-01T10:30:00-00:00,2022-09-01T10:45:00-00:00,2022-09-01,04,KERNOIL_1_N001,KERNOIL_1_N001,KERNOIL_1_N001,RTPD,MCE,LMP_ENE_PRC,KERNOIL_1_N001,ALL,1,96.36226,3,43
2022-09-01T11:30:00-00:00,2022-09-01T11:45:00-00:00,2022-09-01,05,KERNOIL_1_N001,KERNOIL_1_N001,KERNOIL_1_N001,RTPD,MCE,LMP_ENE_PRC,KERNOIL_1_N001,ALL,1,103.06198,3,43
2022-09-01T12:30:00-00:00,2022-09-01T12:45:00-00:00,2022-09-01,06,KERNOIL_1_N001,KERNOIL_1_N001,KERNOIL_1_N001,RTPD,MCE,LMP_ENE_PRC,KERNOIL_1_N001,ALL,1,113.57403,3,43
2022-09-01T13:30:00-00:00,2022-09-01T13:45:00-00:00,2022-09-01,07,KERNOIL_1_N001,KERNOIL_1_N001,KERNOIL_1_N001,RTPD,MCE,LMP_ENE_PRC,KERNOIL_1_N001,ALL,1,111.52025,3,43
2022-09-01T14:30:00-00:00,2022-09-01T14:45:00-00:00,2022-09-01,08,KERNOIL_1_N001,KERNOIL_1_N001,KERNOIL_1_N001,RTPD,MCE,LMP_ENE_PRC,KERNOIL_1_N001,ALL,1,101.83428,3,43
2022-09-01T15:30:00-00:00,2022-09-01T15:45:00-00:00,2022-09-01,09,KERNOIL_1_N001,KERNOIL_1_N001,KERNOIL_1_N001,RTPD,MCE,LMP_ENE_PRC,KERNOIL_1_N001,ALL,1,86.1388,3,43
2022-09-01T16:30:00-00:00,2022-09-01T16:45:00-00:00,2022-09-01,10,KERNOIL_1_N001,KERNOIL_1_N001,KERNOIL_1_N001,RTPD,MCE,LMP_ENE_PRC,KERNOIL_1_N001,ALL,1,88.79644,3,43
2022-09-01T17:30:00-00:00,2022-09-01T17:45:00-00:00,2022-09-01,11,KERNOIL_1_N001,KERNOIL_1_N001,KERNOIL_1_N001,RTPD,MCE,LMP_ENE_PRC,KERNOIL_1_N001,ALL,1,99.13013,3,43
2022-09-01T18:30:00-00:00,2022-09-01T18:45:00-00:00,2022-09-01,12,KERNOIL_1_N001,KERNOIL_1_N001,KERNOIL_1_N001,RTPD,MCE,LMP_ENE_PRC,KERNOIL_1_N001,ALL,1,107.05718,3,43
2022-09-01T19:30:00-00:00,2022-09-01T19:45:00-00:00,2022-09-01,13,KERNOIL_1_N001,KERNOIL_1_N001,KERNOIL_1_N001,RTPD,MCE,LMP_ENE_PRC,KERNOIL_1_N001,ALL,1,114.05905,3,43
2022-09-01T20:30:00-00:00,2022-09-01T20:45:00-00:00,2022-09-01,14,KERNOIL_1_N001,KERNOIL_1_N001,KERNOIL_1_N001,RTPD,MCE,LMP_ENE_PRC,KERNOIL_1_N001,ALL,1,129.81606,3,43
2022-09-01T21:30:00-00:00,2022-09-01T21:45:00-00:00,2022-09-01,15,KERNOIL_1_N001,KERNOIL_1_N001,KERNOIL_1_N001,RTPD,MCE,LMP_ENE_PRC,KERNOIL_1_N001,ALL,1,152.93057,3,43
2022-09-01T22:30:00-00:00,2022-09-01T22:45:00-00:00,2022-09-01,16,KERNOIL_1_N001,KERNOIL_1_N001,KERNOIL_1_N001,RTPD,MCE,LMP_ENE_PRC,KERNOIL_1_N001,ALL,1,283.18182,3,43
2022-09-01T23:30:00-00:00,2022-09-01T23:45:00-00:00,2022-09-01,17,KERNOIL_1_N001,KERNOIL_1_N001,KERNOIL_1_N001,RTPD,MCE,LMP_ENE_PRC,KERNOIL_1_N001,ALL,1,566.48157,3,43
2022-09-02T00:30:00-00:00,2022-09-02T00:45:00-00:00,2022-09-01,18,KERNOIL_1_N001,KERNOIL_1_N001,KERNOIL_1_N001,RTPD,MCE,LMP_ENE_PRC,KERNOIL_1_N001,ALL,1,1329.1127,3,43
2022-09-02T01:30:00-00:00,2022-09-02T01:45:00-00:00,2022-09-01,19,KERNOIL_1_N001,KERNOIL_1_N001,KERNOIL_1_N001,RTPD,MCE,LMP_ENE_PRC,KERNOIL_1_N001,ALL,1,1999.9956,3,43
2022-09-02T02:30:00-00:00,2022-09-02T02:45:00-00:00,2022-09-01,20,KERNOIL_1_N001,KERNOIL_1_N001,KERNOIL_1_N001,RTPD,MCE,LMP_ENE_PRC,KERNOIL_1_N001,ALL,1,1991.671,3,43
2022-09-02T03:30:00-00:00,2022-09-02T03:45:00-00:00,2022-09-01,21,KERNOIL_1_N001,KERNOIL_1_N001,KERNOIL_1_N001,RTPD,MCE,LMP_ENE_PRC,KERNOIL_1_N001,ALL,1,186.61823,3,43
2022-09-02T04:30:00-00:00,2022-09-02T04:45:00-00:00,2022-09-01,22,KERNOIL_1_N001,KERNOIL_1_N001,KERNOIL_1_N001,RTPD,MCE,LMP_ENE_PRC,KERNOIL_1_N001,ALL,1,180.67824,3,43
2022-09-02T05:30:00-00:00,2022-09-02T05:45:00-00:00,2022-09-01,23,KERNOIL_1_N001,KERNOIL_1_N001,KERNOIL_1_N001,RTPD,MCE,LMP_ENE_PRC,KERNOIL_1_N001,ALL,1,131.69917,3,43
2022-09-02T06:30:00-00:00,2022-09-02T06:45:00-00:00,2022-09-01,24,KERNOIL_1_N001,KERNOIL_1_N001,KERNOIL_1_N001,RTPD,MCE,LMP_ENE_PRC,KERNOIL_1_N001,ALL,1,128.9871,3,43
2022-09-01T07:45:00-00:00,2022-09-01T08:00:00-00:00,2022-09-01,01,KERNOIL_1_N001,KERNOIL_1_N001,KERNOIL_1_N001,RTPD,MCE,LMP_ENE_PRC,KERNOIL_1_N001,ALL,1,109.12099,4,43
2022-09-01T08:45:00-00:00,2022-09-01T09:00:00-00:00,2022-09-01,02,KERNOIL_1_N001,KERNOIL_1_N001,KERNOIL_1_N001,RTPD,MCE,LMP_ENE_PRC,KERNOIL_1_N001,ALL,1,98.7357,4,43
2022-09-01T09:45:00-00:00,2022-09-01T10:00:00-00:00,2022-09-01,03,KERNOIL_1_N001,KERNOIL_1_N001,KERNOIL_1_N001,RTPD,MCE,LMP_ENE_PRC,KERNOIL_1_N001,ALL,1,97.50475,4,43
2022-09-01T10:45:00-00:00,2022-09-01T11:00:00-00:00,2022-09-01,04,KERNOIL_1_N001,KERNOIL_1_N001,KERNOIL_1_N001,RTPD,MCE,LMP_ENE_PRC,KERNOIL_1_N001,ALL,1,94.71966,4,43
2022-09-01T11:45:00-00:00,2022-09-01T12:00:00-00:00,2022-09-01,05,KERNOIL_1_N001,KERNOIL_1_N001,KERNOIL_1_N001,RTPD,MCE,LMP_ENE_PRC,KERNOIL_1_N001,ALL,1,107.01,4,43
2022-09-01T12:45:00-00:00,2022-09-01T13:00:00-00:00,2022-09-01,06,KERNOIL_1_N001,KERNOIL_1_N001,KERNOIL_1_N001,RTPD,MCE,LMP_ENE_PRC,KERNOIL_1_N001,ALL,1,116.4848,4,43
2022-09-01T13:45:00-00:00,2022-09-01T14:00:00-00:00,2022-09-01,07,KERNOIL_1_N001,KERNOIL_1_N001,KERNOIL_1_N001,RTPD,MCE,LMP_ENE_PRC,KERNOIL_1_N001,ALL,1,111.41,4,43
2022-09-01T14:45:00-00:00,2022-09-01T15:00:00-00:00,2022-09-01,08,KERNOIL_1_N001,KERNOIL_1_N001,KERNOIL_1_N001,RTPD,MCE,LMP_ENE_PRC,KERNOIL_1_N001,ALL,1,86.1388,4,43
2022-09-01T15:45:00-00:00,2022-09-01T16:00:00-00:00,2022-09-01,09,KERNOIL_1_N001,KERNOIL_1_N001,KERNOIL_1_N001,RTPD,MCE,LMP_ENE_PRC,KERNOIL_1_N001,ALL,1,78.70076,4,43
2022-09-01T16:45:00-00:00,2022-09-01T17:00:00-00:00,2022-09-01,10,KERNOIL_1_N001,KERNOIL_1_N001,KERNOIL_1_N001,RTPD,MCE,LMP_ENE_PRC,KERNOIL_1_N001,ALL,1,91.24933,4,43
2022-09-01T17:45:00-00:00,2022-09-01T18:00:00-00:00,2022-09-01,11,KERNOIL_1_N001,KERNOIL_1_N001,KERNOIL_1_N001,RTPD,MCE,LMP_ENE_PRC,KERNOIL_1_N001,ALL,1,99.20544,4,43
2022-09-01T18:45:00-00:00,2022-09-01T19:00:00-00:00,2022-09-01,12,KERNOIL_1_N001,KERNOIL_1_N001,KERNOIL_1_N001,RTPD,MCE,LMP_ENE_PRC,KERNOIL_1_N001,ALL,1,109.04064,4,43
2022-09-01T19:45:00-00:00,2022-09-01T20:00:00-00:00,2022-09-01,13,KERNOIL_1_N001,KERNOIL_1_N001,KERNOIL_1_N001,RTPD,MCE,LMP_ENE_PRC,KERNOIL_1_N001,ALL,1,120.22491,4,43
2022-09-01T20:45:00-00:00,2022-09-01T21:00:00-00:00,2022-09-01,14,KERNOIL_1_N001,KERNOIL_1_N001,KERNOIL_1_N001,RTPD,MCE,LMP_ENE_PRC,KERNOIL_1_N001,ALL,1,154.02509,4,43
2022-09-01T21:45:00-00:00,2022-09-01T22:00:00-00:00,2022-09-01,15,KERNOIL_1_N001,KERNOIL_1_N001,KERNOIL_1_N001,RTPD,MCE,LMP_ENE_PRC,KERNOIL_1_N001,ALL,1,300.29376,4,43
2022-09-01T22:45:00-00:00,2022-09-01T23:00:00-00:00,2022-09-01,16,KERNOIL_1_N001,KERNOIL_1_N001,KERNOIL_1_N001,RTPD,MCE,LMP_ENE_PRC,KERNOIL_1_N001,ALL,1,429.9137,4,43
2022-09-01T23:45:00-00:00,2022-09-02T00:00:00-00:00,2022-09-01,17,KERNOIL_1_N001,KERNOIL_1_N001,KERNOIL_1_N001,RTPD,MCE,LMP_ENE_PRC,KERNOIL_1_N001,ALL,1,1261.2124,4,43
2022-09-02T00:45:00-00:00,2022-09-02T01:00:00-00:00,2022-09-01,18,KERNOIL_1_N001,KERNOIL_1_N001,KERNOIL_1_N001,RTPD,MCE,LMP_ENE_PRC,KERNOIL_1_N001,ALL,1,1519.149,4,43
2022-09-02T01:45:00-00:00,2022-09-02T02:00:00-00:00,2022-09-01,19,KERNOIL_1_N001,KERNOIL_1_N001,KERNOIL_1_N001,RTPD,MCE,LMP_ENE_PRC,KERNOIL_1_N001,ALL,1,1991.9337,4,43
2022-09-02T02:45:00-00:00,2022-09-02T03:00:00-00:00,2022-09-01,20,KERNOIL_1_N001,KERNOIL_1_N001,KERNOIL_1_N001,RTPD,MCE,LMP_ENE_PRC,KERNOIL_1_N001,ALL,1,1629.6213,4,43
2022-09-02T03:45:00-00:00,2022-09-02T04:00:00-00:00,2022-09-01,21,KERNOIL_1_N001,KERNOIL_1_N001,KERNOIL_1_N001,RTPD,MCE,LMP_ENE_PRC,KERNOIL_1_N001,ALL,1,141.13702,4,43
2022-09-02T04:45:00-00:00,2022-09-02T05:00:00-00:00,2022-09-01,22,KERNOIL_1_N001,KERNOIL_1_N001,KERNOIL_1_N001,RTPD,MCE,LMP_ENE_PRC,KERNOIL_1_N001,ALL,1,126.76372,4,43
2022-09-02T05:45:00-00:00,2022-09-02T06:00:00-00:00,2022-09-01,23,KERNOIL_1_N001,KERNOIL_1_N001,KERNOIL_1_N001,RTPD,MCE,LMP_ENE_PRC,KERNOIL_1_N001,ALL,1,119.00958,4,43
2022-09-02T06:45:00-00:00,2022-09-02T07:00:00-00:00,2022-09-01,24,KERNOIL_1_N001,KERNOIL_1_N001,KERNOIL_1_N001,RTPD,MCE,LMP_ENE_PRC,KERNOIL_1_N001,ALL,1,109.20324,4,43
2022-09-01T07:00:00-00:00,2022-09-01T07:15:00-00:00,2022-09-01,01,KERNOIL_1_N001,KERNOIL_1_N001,KERNOIL_1_N001,RTPD,MCL,LMP_LOSS_PRC,KERNOIL_1_N001,ALL,1,-1.78241,1,44
2022-09-01T08:00:00-00:00,2022-09-01T08:15:00-00:00,2022-09-01,02,KERNOIL_1_N001,KERNOIL_1_N001,KERNOIL_1_N001,RTPD,MCL,LMP_LOSS_PRC,KERNOIL_1_N001,ALL,1,0,1,44
2022-09-01T09:00:00-00:00,2022-09-01T09:15:00-00:00,2022-09-01,03,KERNOIL_1_N001,KERNOIL_1_N001,KERNOIL_1_N001,RTPD,MCL,LMP_LOSS_PRC,KERNOIL_1_N001,ALL,1,6.69192,1,44
2022-09-01T10:00:00-00:00,2022-09-01T10:15:00-00:00,2022-09-01,04,KERNOIL_1_N001,KERNOIL_1_N001,KERNOIL_1_N001,RTPD,MCL,LMP_LOSS_PRC,KERNOIL_1_N001,ALL,1,7.04305,1,44
2022-09-01T11:00:00-00:00,2022-09-01T11:15:00-00:00,2022-09-01,05,KERNOIL_1_N001,KERNOIL_1_N001,KERNOIL_1_N001,RTPD,MCL,LMP_LOSS_PRC,KERNOIL_1_N001,ALL,1,7.13877,1,44
2022-09-01T12:00:00-00:00,2022-09-01T12:15:00-00:00,2022-09-01,06,KERNOIL_1_N001,KERNOIL_1_N001,KERNOIL_1_N001,RTPD,MCL,LMP_LOSS_PRC,KERNOIL_1_N001,ALL,1,6.50256,1,44
2022-09-01T13:00:00-00:00,2022-09-01T13:15:00-00:00,2022-09-01,07,KERNOIL_1_N001,KERNOIL_1_N001,KERNOIL_1_N001,RTPD,MCL,LMP_LOSS_PRC,KERNOIL_1_N001,ALL,1,0,1,44
2022-09-01T14:00:00-00:00,2022-09-01T14:15:00-00:00,2022-09-01,08,KERNOIL_1_N001,KERNOIL_1_N001,KERNOIL_1_N001,RTPD,MCL,LMP_LOSS_PRC,KERNOIL_1_N001,ALL,1,6.66673,1,44
2022-09-01T15:00:00-00:00,2022-09-01T15:15:00-00:00,2022-09-01,09,KERNOIL_1_N001,KERNOIL_1_N001,KERNOIL_1_N001,RTPD,MCL,LMP_LOSS_PRC,KERNOIL_1_N001,ALL,1,0,1,44
2022-09-01T16:00:00-00:00,2022-09-01T16:15:00-00:00,2022-09-01,10,KERNOIL_1_N001,KERNOIL_1_N001,KERNOIL_1_N001,RTPD,MCL,LMP_LOSS_PRC,KERNOIL_1_N001,ALL,1,0,1,44
2022-09-01T17:00:00-00:00,2022-09-01T17:15:00-00:00,2022-09-01,11,KERNOIL_1_N001,KERNOIL_1_N001,KERNOIL_1_N001,RTPD,MCL,LMP_LOSS_PRC,KERNOIL_1_N001,ALL,1,0,1,44
2022-09-01T18:00:00-00:00,2022-09-01T18:15:00-00:00,2022-09-01,12,KERNOIL_1_N001,KERNOIL_1_N001,KERNOIL_1_N001,RTPD,MCL,LMP_LOSS_PRC,KERNOIL_1_N001,ALL,1,0,1,44
2022-09-01T19:00:00-00:00,2022-09-01T19:15:00-00:00,2022-09-01,13,KERNOIL_1_N001,KERNOIL_1_N001,KERNOIL_1_N001,RTPD,MCL,LMP_LOSS_PRC,KERNOIL_1_N001,ALL,1,0,1,44
2022-09-01T20:00:00-00:00,2022-09-01T20:15:00-00:00,2022-09-01,14,KERNOIL_1_N001,KERNOIL_1_N001,KERNOIL_1_N001,RTPD,MCL,LMP_LOSS_PRC,KERNOIL_1_N001,ALL,1,0,1,44
2022-09-01T21:00:00-00:00,2022-09-01T21:15:00-00:00,2022-09-01,15,KERNOIL_1_N001,KERNOIL_1_N001,KERNOIL_1_N001,RTPD,MCL,LMP_LOSS_PRC,KERNOIL_1_N001,ALL,1,0,1,44
2022-09-01T22:00:00-00:00,2022-09-01T22:15:00-00:00,2022-09-01,16,KERNOIL_1_N001,KERNOIL_1_N001,KERNOIL_1_N001,RTPD,MCL,LMP_LOSS_PRC,KERNOIL_1_N001,ALL,1,0,1,44
2022-09-01T23:00:00-00:00,2022-09-01T23:15:00-00:00,2022-09-01,17,KERNOIL_1_N001,KERNOIL_1_N001,KERNOIL_1_N001,RTPD,MCL,LMP_LOSS_PRC,KERNOIL_1_N001,ALL,1,0,1,44
2022-09-02T00:00:00-00:00,2022-09-02T00:15:00-00:00,2022-09-01,18,KERNOIL_1_N001,KERNOIL_1_N001,KERNOIL_1_N001,RTPD,MCL,LMP_LOSS_PRC,KERNOIL_1_N001,ALL,1,34.83028,1,44
2022-09-02T01:00:00-00:00,2022-09-02T01:15:00-00:00,2022-09-01,19,KERNOIL_1_N001,KERNOIL_1_N001,KERNOIL_1_N001,RTPD,MCL,LMP_LOSS_PRC,KERNOIL_1_N001,ALL,1,0,1,44
2022-09-02T02:00:00-00:00,2022-09-02T02:15:00-00:00,2022-09-01,20,KERNOIL_1_N001,KERNOIL_1_N001,KERNOIL_1_N001,RTPD,MCL,LMP_LOSS_PRC,KERNOIL_1_N001,ALL,1,0,1,44
2022-09-02T03:00:00-00:00,2022-09-02T03:15:00-00:00,2022-09-01,21,KERNOIL_1_N001,KERNOIL_1_N001,KERNOIL_1_N001,RTPD,MCL,LMP_LOSS_PRC,KERNOIL_1_N001,ALL,1,41.56505,1,44
2022-09-02T04:00:00-00:00,2022-09-02T04:15:00-00:00,2022-09-01,22,KERNOIL_1_N001,KERNOIL_1_N001,KERNOIL_1_N001,RTPD,MCL,LMP_LOSS_PRC,KERNOIL_1_N001,ALL,1,10.6226,1,44
2022-09-02T05:00:00-00:00,2022-09-02T05:15:00-00:00,2022-09-01,23,KERNOIL_1_N001,KERNOIL_1_N001,KERNOIL_1_N001,RTPD,MCL,LMP_LOSS_PRC,KERNOIL_1_N001,ALL,1,6.6885,1,44
2022-09-02T06:00:00-00:00,2022-09-02T06:15:00-00:00,2022-09-01,24,KERNOIL_1_N001,KERNOIL_1_N001,KERNOIL_1_N001,RTPD,MCL,LMP_LOSS_PRC,KERNOIL_1_N001,ALL,1,7.73682,1,44
2022-09-01T07:15:00-00:00,2022-09-01T07:30:00-00:00,2022-09-01,01,KERNOIL_1_N001,KERNOIL_1_N001,KERNOIL_1_N001,RTPD,MCL,LMP_LOSS_PRC,KERNOIL_1_N001,ALL,1,0,2,44
2022-09-01T08:15:00-00:00,2022-09-01T08:30:00-00:00,2022-09-01,02,KERNOIL_1_N001,KERNOIL_1_N001,KERNOIL_1_N001,RTPD,MCL,LMP_LOSS_PRC,KERNOIL_1_N001,ALL,1,0,2,44
2022-09-01T09:15:00-00:00,2022-09-01T09:30:00-00:00,2022-09-01,03,KERNOIL_1_N001,KERNOIL_1_N001,KERNOIL_1_N001,RTPD,MCL,LMP_LOSS_PRC,KERNOIL_1_N001,ALL,1,6.50782,2,44
2022-09-01T10:15:00-00:00,2022-09-01T10:30:00-00:00,2022-09-01,04,KERNOIL_1_N001,KERNOIL_1_N001,KERNOIL_1_N001,RTPD,MCL,LMP_LOSS_PRC,KERNOIL_1_N001,ALL,1,7.0621,2,44
2022-09-01T11:15:00-00:00,2022-09-01T11:30:00-00:00,2022-09-01,05,KERNOIL_1_N001,KERNOIL_1_N001,KERNOIL_1_N001,RTPD,MCL,LMP_LOSS_PRC,KERNOIL_1_N001,ALL,1,7.22665,2,44
2022-09-01T12:15:00-00:00,2022-09-01T12:30:00-00:00,2022-09-01,06,KERNOIL_1_N001,KERNOIL_1_N001,KERNOIL_1_N001,RTPD,MCL,LMP_LOSS_PRC,KERNOIL_1_N001,ALL,1,7.68534,2,44
2022-09-01T13:15:00-00:00,2022-09-01T13:30:00-00:00,2022-09-01,07,KERNOIL_1_N001,KERNOIL_1_N001,KERNOIL_1_N001,RTPD,MCL,LMP_LOSS_PRC,KERNOIL_1_N001,ALL,1,7.10261,2,44
2022-09-01T14:15:00-00:00,2022-09-01T14:30:00-00:00,2022-09-01,08,KERNOIL_1_N001,KERNOIL_1_N001,KERNOIL_1_N001,RTPD,MCL,LMP_LOSS_PRC,KERNOIL_1_N001,ALL,1,5.8157,2,44
2022-09-01T15:15:00-00:00,2022-09-01T15:30:00-00:00,2022-09-01,09,KERNOIL_1_N001,KERNOIL_1_N001,KERNOIL_1_N001,RTPD,MCL,LMP_LOSS_PRC,KERNOIL_1_N001,ALL,1,0,2,44
2022-09-01T16:15:00-00:00,2022-09-01T16:30:00-00:00,2022-09-01,10,KERNOIL_1_N001,KERNOIL_1_N001,KERNOIL_1_N001,RTPD,MCL,LMP_LOSS_PRC,KERNOIL_1_N001,ALL,1,0,2,44
2022-09-01T17:15:00-00:00,2022-09-01T17:30:00-00:00,2022-09-01,11,KERNOIL_1_N001,KERNOIL_1_N001,KERNOIL_1_N001,RTPD,MCL,LMP_LOSS_PRC,KERNOIL_1_N001,ALL,1,0,2,44
2022-09-01T18:15:00-00:00,2022-09-01T18:30:00-00:00,2022-09-01,12,KERNOIL_1_N001,KERNOIL_1_N001,KERNOIL_1_N001,RTPD,MCL,LMP_LOSS_PRC,KERNOIL_1_N001,ALL,1,0,2,44
2022-09-01T19:15:00-00:00,2022-09-01T19:30:00-00:00,2022-09-01,13,KERNOIL_1_N001,KERNOIL_1_N001,KERNOIL_1_N001,RTPD,MCL,LMP_LOSS_PRC,KERNOIL_1_N001,ALL,1,0,2,44
2022-09-01T20:15:00-00:00,2022-09-01T20:30:00-00:00,2022-09-01,14,KERNOIL_1_N001,KERNOIL_1_N001,KERNOIL_1_N001,RTPD,MCL,LMP_LOSS_PRC,KERNOIL_1_N001,ALL,1,0,2,44
2022-09-01T21:15:00-00:00,2022-09-01T21:30:00-00:00,2022-09-01,15,KERNOIL_1_N001,KERNOIL_1_N001,KERNOIL_1_N001,RTPD,MCL,LMP_LOSS_PRC,KERNOIL_1_N001,ALL,1,0,2,44
2022-09-01T22:15:00-00:00,2022-09-01T22:30:00-00:00,2022-09-01,16,KERNOIL_1_N001,KERNOIL_1_N001,KERNOIL_1_N001,RTPD,MCL,LMP_LOSS_PRC,KERNOIL_1_N001,ALL,1,0,2,44
2022-09-01T23:15:00-00:00,2022-09-01T23:30:00-00:00,2022-09-01,17,KERNOIL_1_N001,KERNOIL_1_N001,KERNOIL_1_N001,RTPD,MCL,LMP_LOSS_PRC,KERNOIL_1_N001,ALL,1,0,2,44
2022-09-02T00:15:00-00:00,2022-09-02T00:30:00-00:00,2022-09-01,18,KERNOIL_1_N001,KERNOIL_1_N001,KERNOIL_1_N001,RTPD,MCL,LMP_LOSS_PRC,KERNOIL_1_N001,ALL,1,29.86063,2,44
2022-09-02T01:15:00-00:00,2022-09-02T01:30:00-00:00,2022-09-01,19,KERNOIL_1_N001,KERNOIL_1_N001,KERNOIL_1_N001,RTPD,MCL,LMP_LOSS_PRC,KERNOIL_1_N001,ALL,1,0,2,44
2022-09-02T02:15:00-00:00,2022-09-02T02:30:00-00:00,2022-09-01,20,KERNOIL_1_N001,KERNOIL_1_N001,KERNOIL_1_N001,RTPD,MCL,LMP_LOSS_PRC,KERNOIL_1_N001,ALL,1,0,2,44
2022-09-02T03:15:00-00:00,2022-09-02T03:30:00-00:00,2022-09-01,21,KERNOIL_1_N001,KERNOIL_1_N001,KERNOIL_1_N001,RTPD,MCL,LMP_LOSS_PRC,KERNOIL_1_N001,ALL,1,17.58322,2,44
2022-09-02T04:15:00-00:00,2022-09-02T04:30:00-00:00,2022-09-01,22,KERNOIL_1_N001,KERNOIL_1_N001,KERNOIL_1_N001,RTPD,MCL,LMP_LOSS_PRC,KERNOIL_1_N001,ALL,1,9.05744,2,44
2022-09-02T05:15:00-00:00,2022-09-02T05:30:00-00:00,2022-09-01,23,KERNOIL_1_N001,KERNOIL_1_N001,KERNOIL_1_N001,RTPD,MCL,LMP_LOSS_PRC,KERNOIL_1_N001,ALL,1,7.03897,2,44
2022-09-02T06:15:00-00:00,2022-09-02T06:30:00-00:00,2022-09-01,24,KERNOIL_1_N001,KERNOIL_1_N001,KERNOIL_1_N001,RTPD,MCL,LMP_LOSS_PRC,KERNOIL_1_N001,ALL,1,7.15503,2,44
2022-09-01T07:30:00-00:00,2022-09-01T07:45:00-00:00,2022-09-01,01,KERNOIL_1_N001,KERNOIL_1_N001,KERNOIL_1_N001,RTPD,MCL,LMP_LOSS_PRC,KERNOIL_1_N001,ALL,1,0,3,44
2022-09-01T08:30:00-00:00,2022-09-01T08:45:00-00:00,2022-09-01,02,KERNOIL_1_N001,KERNOIL_1_N001,KERNOIL_1_N001,RTPD,MCL,LMP_LOSS_PRC,KERNOIL_1_N001,ALL,1,7.05564,3,44
2022-09-01T09:30:00-00:00,2022-09-01T09:45:00-00:00,2022-09-01,03,KERNOIL_1_N001,KERNOIL_1_N001,KERNOIL_1_N001,RTPD,MCL,LMP_LOSS_PRC,KERNOIL_1_N001,ALL,1,6.33147,3,44
2022-09-01T10:30:00-00:00,2022-09-01T10:45:00-00:00,2022-09-01,04,KERNOIL_1_N001,KERNOIL_1_N001,KERNOIL_1_N001,RTPD,MCL,LMP_LOSS_PRC,KERNOIL_1_N001,ALL,1,7.05372,3,44
2022-09-01T11:30:00-00:00,2022-09-01T11:45:00-00:00,2022-09-01,05,KERNOIL_1_N001,KERNOIL_1_N001,KERNOIL_1_N001,RTPD,MCL,LMP_LOSS_PRC,KERNOIL_1_N001,ALL,1,7.38954,3,44
2022-09-01T12:30:00-00:00,2022-09-01T12:45:00-00:00,2022-09-01,06,KERNOIL_1_N001,KERNOIL_1_N001,KERNOIL_1_N001,RTPD,MCL,LMP_LOSS_PRC,KERNOIL_1_N001,ALL,1,7.68896,3,44
2022-09-01T13:30:00-00:00,2022-09-01T13:45:00-00:00,2022-09-01,07,KERNOIL_1_N001,KERNOIL_1_N001,KERNOIL_1_N001,RTPD,MCL,LMP_LOSS_PRC,KERNOIL_1_N001,ALL,1,7.09269,3,44
2022-09-01T14:30:00-00:00,2022-09-01T14:45:00-00:00,2022-09-01,08,KERNOIL_1_N001,KERNOIL_1_N001,KERNOIL_1_N001,RTPD,MCL,LMP_LOSS_PRC,KERNOIL_1_N001,ALL,1,4.98988,3,44
2022-09-01T15:30:00-00:00,2022-09-01T15:45:00-00:00,2022-09-01,09,KERNOIL_1_N001,KERNOIL_1_N001,KERNOIL_1_N001,RTPD,MCL,LMP_LOSS_PRC,KERNOIL_1_N001,ALL,1,0,3,44
2022-09-01T16:30:00-00:00,2022-09-01T16:45:00-00:00,2022-09-01,10,KERNOIL_1_N001,KERNOIL_1_N001,KERNOIL_1_N001,RTPD,MCL,LMP_LOSS_PRC,KERNOIL_1_N001,ALL,1,0,3,44
2022-09-01T17:30:00-00:00,2022-09-01T17:45:00-00:00,2022-09-01,11,KERNOIL_1_N001,KERNOIL_1_N001,KERNOIL_1_N001,RTPD,MCL,LMP_LOSS_PRC,KERNOIL_1_N001,ALL,1,0,3,44
2022-09-01T18:30:00-00:00,2022-09-01T18:45:00-00:00,2022-09-01,12,KERNOIL_1_N001,KERNOIL_1_N001,KERNOIL_1_N001,RTPD,MCL,LMP_LOSS_PRC,KERNOIL_1_N001,ALL,1,0,3,44
2022-09-01T19:30:00-00:00,2022-09-01T19:45:00-00:00,2022-09-01,13,KERNOIL_1_N001,KERNOIL_1_N001,KERNOIL_1_N001,RTPD,MCL,LMP_LOSS_PRC,KERNOIL_1_N001,ALL,1,0,3,44
2022-09-01T20:30:00-00:00,2022-09-01T20:45:00-00:00,2022-09-01,14,KERNOIL_1_N001,KERNOIL_1_N001,KERNOIL_1_N001,RTPD,MCL,LMP_LOSS_PRC,KERNOIL_1_N001,ALL,1,0,3,44
2022-09-01T21:30:00-00:00,2022-09-01T21:45:00-00:00,2022-09-01,15,KERNOIL_1_N001,KERNOIL_1_N001,KERNOIL_1_N001,RTPD,MCL,LMP_LOSS_PRC,KERNOIL_1_N001,ALL,1,0,3,44
2022-09-01T22:30:00-00:00,2022-09-01T22:45:00-00:00,2022-09-01,16,KERNOIL_1_N001,KERNOIL_1_N001,KERNOIL_1_N001,RTPD,MCL,LMP_LOSS_PRC,KERNOIL_1_N001,ALL,1,0,3,44
2022-09-01T23:30:00-00:00,2022-09-01T23:45:00-00:00,2022-09-01,17,KERNOIL_1_N001,KERNOIL_1_N001,KERNOIL_1_N001,RTPD,MCL,LMP_LOSS_PRC,KERNOIL_1_N001,ALL,1,0,3,44
2022-09-02T00:30:00-00:00,2022-09-02T00:45:00-00:00,2022-09-01,18,KERNOIL_1_N001,KERNOIL_1_N001,KERNOIL_1_N001,RTPD,MCL,LMP_LOSS_PRC,KERNOIL_1_N001,ALL,1,0,3,44
2022-09-02T01:30:00-00:00,2022-09-02T01:45:00-00:00,2022-09-01,19,KERNOIL_1_N001,KERNOIL_1_N001,KERNOIL_1_N001,RTPD,MCL,LMP_LOSS_PRC,KERNOIL_1_N001,ALL,1,0,3,44
2022-09-02T02:30:00-00:00,2022-09-02T02:45:00-00:00,2022-09-01,20,KERNOIL_1_N001,KERNOIL_1_N001,KERNOIL_1_N001,RTPD,MCL,LMP_LOSS_PRC,KERNOIL_1_N001,ALL,1,0,3,44
2022-09-02T03:30:00-00:00,2022-09-02T03:45:00-00:00,2022-09-01,21,KERNOIL_1_N001,KERNOIL_1_N001,KERNOIL_1_N001,RTPD,MCL,LMP_LOSS_PRC,KERNOIL_1_N001,ALL,1,8.65909,3,44
2022-09-02T04:30:00-00:00,2022-09-02T04:45:00-00:00,2022-09-01,22,KERNOIL_1_N001,KERNOIL_1_N001,KERNOIL_1_N001,RTPD,MCL,LMP_LOSS_PRC,KERNOIL_1_N001,ALL,1,7.01032,3,44
2022-09-02T05:30:00-00:00,2022-09-02T05:45:00-00:00,2022-09-01,23,KERNOIL_1_N001,KERNOIL_1_N001,KERNOIL_1_N001,RTPD,MCL,LMP_LOSS_PRC,KERNOIL_1_N001,ALL,1,6.13718,3,44
2022-09-02T06:30:00-00:00,2022-09-02T06:45:00-00:00,2022-09-01,24,KERNOIL_1_N001,KERNOIL_1_N001,KERNOIL_1_N001,RTPD,MCL,LMP_LOSS_PRC,KERNOIL_1_N001,ALL,1,6.95241,3,44
2022-09-01T07:45:00-00:00,2022-09-01T08:00:00-00:00,2022-09-01,01,KERNOIL_1_N001,KERNOIL_1_N001,KERNOIL_1_N001,RTPD,MCL,LMP_LOSS_PRC,KERNOIL_1_N001,ALL,1,0,4,44
2022-09-01T08:45:00-00:00,2022-09-01T09:00:00-00:00,2022-09-01,02,KERNOIL_1_N001,KERNOIL_1_N001,KERNOIL_1_N001,RTPD,MCL,LMP_LOSS_PRC,KERNOIL_1_N001,ALL,1,6.61529,4,44
2022-09-01T09:45:00-00:00,2022-09-01T10:00:00-00:00,2022-09-01,03,KERNOIL_1_N001,KERNOIL_1_N001,KERNOIL_1_N001,RTPD,MCL,LMP_LOSS_PRC,KERNOIL_1_N001,ALL,1,6.76683,4,44
2022-09-01T10:45:00-00:00,2022-09-01T11:00:00-00:00,2022-09-01,04,KERNOIL_1_N001,KERNOIL_1_N001,KERNOIL_1_N001,RTPD,MCL,LMP_LOSS_PRC,KERNOIL_1_N001,ALL,1,7.14186,4,44
2022-09-01T11:45:00-00:00,2022-09-01T12:00:00-00:00,2022-09-01,05,KERNOIL_1_N001,KERNOIL_1_N001,KERNOIL_1_N001,RTPD,MCL,LMP_LOSS_PRC,KERNOIL_1_N001,ALL,1,0,4,44
2022-09-01T12:45:00-00:00,2022-09-01T13:00:00-00:00,2022-09-01,06,KERNOIL_1_N001,KERNOIL_1_N001,KERNOIL_1_N001,RTPD,MCL,LMP_LOSS_PRC,KERNOIL_1_N001,ALL,1,0,4,44
2022-09-01T13:45:00-00:00,2022-09-01T14:00:00-00:00,2022-09-01,07,KERNOIL_1_N001,KERNOIL_1_N001,KERNOIL_1_N001,RTPD,MCL,LMP_LOSS_PRC,KERNOIL_1_N001,ALL,1,0,4,44
2022-09-01T14:45:00-00:00,2022-09-01T15:00:00-00:00,2022-09-01,08,KERNOIL_1_N001,KERNOIL_1_N001,KERNOIL_1_N001,RTPD,MCL,LMP_LOSS_PRC,KERNOIL_1_N001,ALL,1,0,4,44
2022-09-01T15:45:00-00:00,2022-09-01T16:00:00-00:00,2022-09-01,09,KERNOIL_1_N001,KERNOIL_1_N001,KERNOIL_1_N001,RTPD,MCL,LMP_LOSS_PRC,KERNOIL_1_N001,ALL,1,0,4,44
2022-09-01T16:45:00-00:00,2022-09-01T17:00:00-00:00,2022-09-01,10,KERNOIL_1_N001,KERNOIL_1_N001,KERNOIL_1_N001,RTPD,MCL,LMP_LOSS_PRC,KERNOIL_1_N001,ALL,1,0,4,44
2022-09-01T17:45:00-00:00,2022-09-01T18:00:00-00:00,2022-09-01,11,KERNOIL_1_N001,KERNOIL_1_N001,KERNOIL_1_N001,RTPD,MCL,LMP_LOSS_PRC,KERNOIL_1_N001,ALL,1,0,4,44
2022-09-01T18:45:00-00:00,2022-09-01T19:00:00-00:00,2022-09-01,12,KERNOIL_1_N001,KERNOIL_1_N001,KERNOIL_1_N001,RTPD,MCL,LMP_LOSS_PRC,KERNOIL_1_N001,ALL,1,0,4,44
2022-09-01T19:45:00-00:00,2022-09-01T20:00:00-00:00,2022-09-01,13,KERNOIL_1_N001,KERNOIL_1_N001,KERNOIL_1_N001,RTPD,MCL,LMP_LOSS_PRC,KERNOIL_1_N001,ALL,1,0,4,44
2022-09-01T20:45:00-00:00,2022-09-01T21:00:00-00:00,2022-09-01,14,KERNOIL_1_N001,KERNOIL_1_N001,KERNOIL_1_N001,RTPD,MCL,LMP_LOSS_PRC,KERNOIL_1_N001,ALL,1,0,4,44
2022-09-01T21:45:00-00:00,2022-09-01T22:00:00-00:00,2022-09-01,15,KERNOIL_1_N001,KERNOIL_1_N001,KERNOIL_1_N001,RTPD,MCL,LMP_LOSS_PRC,KERNOIL_1_N001,ALL,1,0,4,44
2022-09-01T22:45:00-00:00,2022-09-01T23:00:00-00:00,2022-09-01,16,KERNOIL_1_N001,KERNOIL_1_N001,KERNOIL_1_N001,RTPD,MCL,LMP_LOSS_PRC,KERNOIL_1_N001,ALL,1,0,4,44
2022-09-01T23:45:00-00:00,2022-09-02T00:00:00-00:00,2022-09-01,17,KERNOIL_1_N001,KERNOIL_1_N001,KERNOIL_1_N001,RTPD,MCL,LMP_LOSS_PRC,KERNOIL_1_N001,ALL,1,0,4,44
2022-09-02T00:45:00-00:00,2022-09-02T01:00:00-00:00,2022-09-01,18,KERNOIL_1_N001,KERNOIL_1_N001,KERNOIL_1_N001,RTPD,MCL,LMP_LOSS_PRC,KERNOIL_1_N001,ALL,1,0,4,44
2022-09-02T01:45:00-00:00,2022-09-02T02:00:00-00:00,2022-09-01,19,KERNOIL_1_N001,KERNOIL_1_N001,KERNOIL_1_N001,RTPD,MCL,LMP_LOSS_PRC,KERNOIL_1_N001,ALL,1,0,4,44
2022-09-02T02:45:00-00:00,2022-09-02T03:00:00-00:00,2022-09-01,20,KERNOIL_1_N001,KERNOIL_1_N001,KERNOIL_1_N001,RTPD,MCL,LMP_LOSS_PRC,KERNOIL_1_N001,ALL,1,111.95499,4,44
2022-09-02T03:45:00-00:00,2022-09-02T04:00:00-00:00,2022-09-01,21,KERNOIL_1_N001,KERNOIL_1_N001,KERNOIL_1_N001,RTPD,MCL,LMP_LOSS_PRC,KERNOIL_1_N001,ALL,1,6.13946,4,44
2022-09-02T04:45:00-00:00,2022-09-02T05:00:00-00:00,2022-09-01,22,KERNOIL_1_N001,KERNOIL_1_N001,KERNOIL_1_N001,RTPD,MCL,LMP_LOSS_PRC,KERNOIL_1_N001,ALL,1,4.62688,4,44
2022-09-02T05:45:00-00:00,2022-09-02T06:00:00-00:00,2022-09-01,23,KERNOIL_1_N001,KERNOIL_1_N001,KERNOIL_1_N001,RTPD,MCL,LMP_LOSS_PRC,KERNOIL_1_N001,ALL,1,4.86749,4,44
2022-09-02T06:45:00-00:00,2022-09-02T07:00:00-00:00,2022-09-01,24,KERNOIL_1_N001,KERNOIL_1_N001,KERNOIL_1_N001,RTPD,MCL,LMP_LOSS_PRC,KERNOIL_1_N001,ALL,1,5.55844,4,44
2022-09-01T07:00:00-00:00,2022-09-01T07:15:00-00:00,2022-09-01,01,KERNOIL_1_N001,KERNOIL_1_N001,KERNOIL_1_N001,RTPD,MGHG,LMP_GHG_PRC,KERNOIL_1_N001,ALL,1,0,1,45
2022-09-01T08:00:00-00:00,2022-09-01T08:15:00-00:00,2022-09-01,02,KERNOIL_1_N001,KERNOIL_1_N001,KERNOIL_1_N001,RTPD,MGHG,LMP_GHG_PRC,KERNOIL_1_N001,ALL,1,0,1,45
2022-09-01T09:00:00-00:00,2022-09-01T09:15:00-00:00,2022-09-01,03,KERNOIL_1_N001,KERNOIL_1_N001,KERNOIL_1_N001,RTPD,MGHG,LMP_GHG_PRC,KERNOIL_1_N001,ALL,1,0,1,45
2022-09-01T10:00:00-00:00,2022-09-01T10:15:00-00:00,2022-09-01,04,KERNOIL_1_N001,KERNOIL_1_N001,KERNOIL_1_N001,RTPD,MGHG,LMP_GHG_PRC,KERNOIL_1_N001,ALL,1,0,1,45
2022-09-01T11:00:00-00:00,2022-09-01T11:15:00-00:00,2022-09-01,05,KERNOIL_1_N001,KERNOIL_1_N001,KERNOIL_1_N001,RTPD,MGHG,LMP_GHG_PRC,KERNOIL_1_N001,ALL,1,0,1,45
2022-09-01T12:00:00-00:00,2022-09-01T12:15:00-00:00,2022-09-01,06,KERNOIL_1_N001,KERNOIL_1_N001,KERNOIL_1_N001,RTPD,MGHG,LMP_GHG_PRC,KERNOIL_1_N001,ALL,1,0,1,45
2022-09-01T13:00:00-00:00,2022-09-01T13:15:00-00:00,2022-09-01,07,KERNOIL_1_N001,KERNOIL_1_N001,KERNOIL_1_N001,RTPD,MGHG,LMP_GHG_PRC,KERNOIL_1_N001,ALL,1,0,1,45
2022-09-01T14:00:00-00:00,2022-09-01T14:15:00-00:00,2022-09-01,08,KERNOIL_1_N001,KERNOIL_1_N001,KERNOIL_1_N001,RTPD,MGHG,LMP_GHG_PRC,KERNOIL_1_N001,ALL,1,0,1,45
2022-09-01T15:00:00-00:00,2022-09-01T15:15:00-00:00,2022-09-01,09,KERNOIL_1_N001,KERNOIL_1_N001,KERNOIL_1_N001,RTPD,MGHG,LMP_GHG_PRC,KERNOIL_1_N001,ALL,1,0,1,45
2022-09-01T16:00:00-00:00,2022-09-01T16:15:00-00:00,2022-09-01,10,KERNOIL_1_N001,KERNOIL_1_N001,KERNOIL_1_N001,RTPD,MGHG,LMP_GHG_PRC,KERNOIL_1_N001,ALL,1,0,1,45
2022-09-01T17:00:00-00:00,2022-09-01T17:15:00-00:00,2022-09-01,11,KERNOIL_1_N001,KERNOIL_1_N001,KERNOIL_1_N001,RTPD,MGHG,LMP_GHG_PRC,KERNOIL_1_N001,ALL,1,0,1,45
2022-09-01T18:00:00-00:00,2022-09-01T18:15:00-00:00,2022-09-01,12,KERNOIL_1_N001,KERNOIL_1_N001,KERNOIL_1_N001,RTPD,MGHG,LMP_GHG_PRC,KERNOIL_1_N001,ALL,1,0,1,45
2022-09-01T19:00:00-00:00,2022-09-01T19:15:00-00:00,2022-09-01,13,KERNOIL_1_N001,KERNOIL_1_N001,KERNOIL_1_N001,RTPD,MGHG,LMP_GHG_PRC,KERNOIL_1_N001,ALL,1,0,1,45
2022-09-01T20:00:00-00:00,2022-09-01T20:15:00-00:00,2022-09-01,14,KERNOIL_1_N001,KERNOIL_1_N001,KERNOIL_1_N001,RTPD,MGHG,LMP_GHG_PRC,KERNOIL_1_N001,ALL,1,0,1,45
2022-09-01T21:00:00-00:00,2022-09-01T21:15:00-00:00,2022-09-01,15,KERNOIL_1_N001,KERNOIL_1_N001,KERNOIL_1_N001,RTPD,MGHG,LMP_GHG_PRC,KERNOIL_1_N001,ALL,1,0,1,45
2022-09-01T22:00:00-00:00,2022-09-01T22:15:00-00:00,2022-09-01,16,KERNOIL_1_N001,KERNOIL_1_N001,KERNOIL_1_N001,RTPD,MGHG,LMP_GHG_PRC,KERNOIL_1_N001,ALL,1,0,1,45
2022-09-01T23:00:00-00:00,2022-09-01T23:15:00-00:00,2022-09-01,17,KERNOIL_1_N001,KERNOIL_1_N001,KERNOIL_1_N001,RTPD,MGHG,LMP_GHG_PRC,KERNOIL_1_N001,ALL,1,0,1,45
2022-09-02T00:00:00-00:00,2022-09-02T00:15:00-00:00,2022-09-01,18,KERNOIL_1_N001,KERNOIL_1_N001,KERNOIL_1_N001,RTPD,MGHG,LMP_GHG_PRC,KERNOIL_1_N001,ALL,1,0,1,45
2022-09-02T01:00:00-00:00,2022-09-02T01:15:00-00:00,2022-09-01,19,KERNOIL_1_N001,KERNOIL_1_N001,KERNOIL_1_N001,RTPD,MGHG,LMP_GHG_PRC,KERNOIL_1_N001,ALL,1,0,1,45
2022-09-02T02:00:00-00:00,2022-09-02T02:15:00-00:00,2022-09-01,20,KERNOIL_1_N001,KERNOIL_1_N001,KERNOIL_1_N001,RTPD,MGHG,LMP_GHG_PRC,KERNOIL_1_N001,ALL,1,0,1,45
2022-09-02T03:00:00-00:00,2022-09-02T03:15:00-00:00,2022-09-01,21,KERNOIL_1_N001,KERNOIL_1_N001,KERNOIL_1_N001,RTPD,MGHG,LMP_GHG_PRC,KERNOIL_1_N001,ALL,1,0,1,45
2022-09-02T04:00:00-00:00,2022-09-02T04:15:00-00:00,2022-09-01,22,KERNOIL_1_N001,KERNOIL_1_N001,KERNOIL_1_N001,RTPD,MGHG,LMP_GHG_PRC,KERNOIL_1_N001,ALL,1,0,1,45
2022-09-02T05:00:00-00:00,2022-09-02T05:15:00-00:00,2022-09-01,23,KERNOIL_1_N001,KERNOIL_1_N001,KERNOIL_1_N001,RTPD,MGHG,LMP_GHG_PRC,KERNOIL_1_N001,ALL,1,0,1,45
2022-09-02T06:00:00-00:00,2022-09-02T06:15:00-00:00,2022-09-01,24,KERNOIL_1_N001,KERNOIL_1_N001,KERNOIL_1_N001,RTPD,MGHG,LMP_GHG_PRC,KERNOIL_1_N001,ALL,1,0,1,45
2022-09-01T07:15:00-00:00,2022-09-01T07:30:00-00:00,2022-09-01,01,KERNOIL_1_N001,KERNOIL_1_N001,KERNOIL_1_N001,RTPD,MGHG,LMP_GHG_PRC,KERNOIL_1_N001,ALL,1,0,2,45
2022-09-01T08:15:00-00:00,2022-09-01T08:30:00-00:00,2022-09-01,02,KERNOIL_1_N001,KERNOIL_1_N001,KERNOIL_1_N001,RTPD,MGHG,LMP_GHG_PRC,KERNOIL_1_N001,ALL,1,0,2,45
2022-09-01T09:15:00-00:00,2022-09-01T09:30:00-00:00,2022-09-01,03,KERNOIL_1_N001,KERNOIL_1_N001,KERNOIL_1_N001,RTPD,MGHG,LMP_GHG_PRC,KERNOIL_1_N001,ALL,1,0,2,45
2022-09-01T10:15:00-00:00,2022-09-01T10:30:00-00:00,2022-09-01,04,KERNOIL_1_N001,KERNOIL_1_N001,KERNOIL_1_N001,RTPD,MGHG,LMP_GHG_PRC,KERNOIL_1_N001,ALL,1,0,2,45
2022-09-01T11:15:00-00:00,2022-09-01T11:30:00-00:00,2022-09-01,05,KERNOIL_1_N001,KERNOIL_1_N001,KERNOIL_1_N001,RTPD,MGHG,LMP_GHG_PRC,KERNOIL_1_N001,ALL,1,0,2,45
2022-09-01T12:15:00-00:00,2022-09-01T12:30:00-00:00,2022-09-01,06,KERNOIL_1_N001,KERNOIL_1_N001,KERNOIL_1_N001,RTPD,MGHG,LMP_GHG_PRC,KERNOIL_1_N001,ALL,1,0,2,45
2022-09-01T13:15:00-00:00,2022-09-01T13:30:00-00:00,2022-09-01,07,KERNOIL_1_N001,KERNOIL_1_N001,KERNOIL_1_N001,RTPD,MGHG,LMP_GHG_PRC,KERNOIL_1_N001,ALL,1,0,2,45
2022-09-01T14:15:00-00:00,2022-09-01T14:30:00-00:00,2022-09-01,08,KERNOIL_1_N001,KERNOIL_1_N001,KERNOIL_1_N001,RTPD,MGHG,LMP_GHG_PRC,KERNOIL_1_N001,ALL,1,0,2,45
2022-09-01T15:15:00-00:00,2022-09-01T15:30:00-00:00,2022-09-01,09,KERNOIL_1_N001,KERNOIL_1_N001,KERNOIL_1_N001,RTPD,MGHG,LMP_GHG_PRC,KERNOIL_1_N001,ALL,1,0,2,45
2022-09-01T16:15:00-00:00,2022-09-01T16:30:00-00:00,2022-09-01,10,KERNOIL_1_N001,KERNOIL_1_N001,KERNOIL_1_N001,RTPD,MGHG,LMP_GHG_PRC,KERNOIL_1_N001,ALL,1,0,2,45
2022-09-01T17:15:00-00:00,2022-09-01T17:30:00-00:00,2022-09-01,11,KERNOIL_1_N001,KERNOIL_1_N001,KERNOIL_1_N001,RTPD,MGHG,LMP_GHG_PRC,KERNOIL_1_N001,ALL,1,0,2,45
2022-09-01T18:15:00-00:00,2022-09-01T18:30:00-00:00,2022-09-01,12,KERNOIL_1_N001,KERNOIL_1_N001,KERNOIL_1_N001,RTPD,MGHG,LMP_GHG_PRC,KERNOIL_1_N001,ALL,1,0,2,45
2022-09-01T19:15:00-00:00,2022-09-01T19:30:00-00:00,2022-09-01,13,KERNOIL_1_N001,KERNOIL_1_N001,KERNOIL_1_N001,RTPD,MGHG,LMP_GHG_PRC,KERNOIL_1_N001,ALL,1,0,2,45
2022-09-01T20:15:00-00:00,2022-09-01T20:30:00-00:00,2022-09-01,14,KERNOIL_1_N001,KERNOIL_1_N001,KERNOIL_1_N001,RTPD,MGHG,LMP_GHG_PRC,KERNOIL_1_N001,ALL,1,0,2,45
2022-09-01T21:15:00-00:00,2022-09-01T21:30:00-00:00,2022-09-01,15,KERNOIL_1_N001,KERNOIL_1_N001,KERNOIL_1_N001,RTPD,MGHG,LMP_GHG_PRC,KERNOIL_1_N001,ALL,1,0,2,45
2022-09-01T22:15:00-00:00,2022-09-01T22:30:00-00:00,2022-09-01,16,KERNOIL_1_N001,KERNOIL_1_N001,KERNOIL_1_N001,RTPD,MGHG,LMP_GHG_PRC,KERNOIL_1_N001,ALL,1,0,2,45
2022-09-01T23:15:00-00:00,2022-09-01T23:30:00-00:00,2022-09-01,17,KERNOIL_1_N001,KERNOIL_1_N001,KERNOIL_1_N001,RTPD,MGHG,LMP_GHG_PRC,KERNOIL_1_N001,ALL,1,0,2,45
2022-09-02T00:15:00-00:00,2022-09-02T00:30:00-00:00,2022-09-01,18,KERNOIL_1_N001,KERNOIL_1_N001,KERNOIL_1_N001,RTPD,MGHG,LMP_GHG_PRC,KERNOIL_1_N001,ALL,1,0,2,45
2022-09-02T01:15:00-00:00,2022-09-02T01:30:00-00:00,2022-09-01,19,KERNOIL_1_N001,KERNOIL_1_N001,KERNOIL_1_N001,RTPD,MGHG,LMP_GHG_PRC,KERNOIL_1_N001,ALL,1,0,2,45
2022-09-02T02:15:00-00:00,2022-09-02T02:30:00-00:00,2022-09-01,20,KERNOIL_1_N001,KERNOIL_1_N001,KERNOIL_1_N001,RTPD,MGHG,LMP_GHG_PRC,KERNOIL_1_N001,ALL,1,0,2,45
2022-09-02T03:15:00-00:00,2022-09-02T03:30:00-00:00,2022-09-01,21,KERNOIL_1_N001,KERNOIL_1_N001,KERNOIL_1_N001,RTPD,MGHG,LMP_GHG_PRC,KERNOIL_1_N001,ALL,1,0,2,45
2022-09-02T04:15:00-00:00,2022-09-02T04:30:00-00:00,2022-09-01,22,KERNOIL_1_N001,KERNOIL_1_N001,KERNOIL_1_N001,RTPD,MGHG,LMP_GHG_PRC,KERNOIL_1_N001,ALL,1,0,2,45
2022-09-02T05:15:00-00:00,2022-09-02T05:30:00-00:00,2022-09-01,23,KERNOIL_1_N001,KERNOIL_1_N001,KERNOIL_1_N001,RTPD,MGHG,LMP_GHG_PRC,KERNOIL_1_N001,ALL,1,0,2,45
2022-09-02T06:15:00-00:00,2022-09-02T06:30:00-00:00,2022-09-01,24,KERNOIL_1_N001,KERNOIL_1_N001,KERNOIL_1_N001,RTPD,MGHG,LMP_GHG_PRC,KERNOIL_1_N001,ALL,1,0,2,45
2022-09-01T07:30:00-00:00,2022-09-01T07:45:00-00:00,2022-09-01,01,KERNOIL_1_N001,KERNOIL_1_N001,KERNOIL_1_N001,RTPD,MGHG,LMP_GHG_PRC,KERNOIL_1_N001,ALL,1,0,3,45
2022-09-01T08:30:00-00:00,2022-09-01T08:45:00-00:00,2022-09-01,02,KERNOIL_1_N001,KERNOIL_1_N001,KERNOIL_1_N001,RTPD,MGHG,LMP_GHG_PRC,KERNOIL_1_N001,ALL,1,0,3,45
2022-09-01T09:30:00-00:00,2022-09-01T09:45:00-00:00,2022-09-01,03,KERNOIL_1_N001,KERNOIL_1_N001,KERNOIL_1_N001,RTPD,MGHG,LMP_GHG_PRC,KERNOIL_1_N001,ALL,1,0,3,45
2022-09-01T10:30:00-00:00,2022-09-01T10:45:00-00:00,2022-09-01,04,KERNOIL_1_N001,KERNOIL_1_N001,KERNOIL_1_N001,RTPD,MGHG,LMP_GHG_PRC,KERNOIL_1_N001,ALL,1,0,3,45
2022-09-01T11:30:00-00:00,2022-09-01T11:45:00-00:00,2022-09-01,05,KERNOIL_1_N001,KERNOIL_1_N001,KERNOIL_1_N001,RTPD,MGHG,LMP_GHG_PRC,KERNOIL_1_N001,ALL,1,0,3,45
2022-09-01T12:30:00-00:00,2022-09-01T12:45:00-00:00,2022-09-01,06,KERNOIL_1_N001,KERNOIL_1_N001,KERNOIL_1_N001,RTPD,MGHG,LMP_GHG_PRC,KERNOIL_1_N001,ALL,1,0,3,45
2022-09-01T13:30:00-00:00,2022-09-01T13:45:00-00:00,2022-09-01,07,KERNOIL_1_N001,KERNOIL_1_N001,KERNOIL_1_N001,RTPD,MGHG,LMP_GHG_PRC,KERNOIL_1_N001,ALL,1,0,3,45
2022-09-01T14:30:00-00:00,2022-09-01T14:45:00-00:00,2022-09-01,08,KERNOIL_1_N001,KERNOIL_1_N001,KERNOIL_1_N001,RTPD,MGHG,LMP_GHG_PRC,KERNOIL_1_N001,ALL,1,0,3,45
2022-09-01T15:30:00-00:00,2022-09-01T15:45:00-00:00,2022-09-01,09,KERNOIL_1_N001,KERNOIL_1_N001,KERNOIL_1_N001,RTPD,MGHG,LMP_GHG_PRC,KERNOIL_1_N001,ALL,1,0,3,45
2022-09-01T16:30:00-00:00,2022-09-01T16:45:00-00:00,2022-09-01,10,KERNOIL_1_N001,KERNOIL_1_N001,KERNOIL_1_N001,RTPD,MGHG,LMP_GHG_PRC,KERNOIL_1_N001,ALL,1,0,3,45
2022-09-01T17:30:00-00:00,2022-09-01T17:45:00-00:00,2022-09-01,11,KERNOIL_1_N001,KERNOIL_1_N001,KERNOIL_1_N001,RTPD,MGHG,LMP_GHG_PRC,KERNOIL_1_N001,ALL,1,0,3,45
2022-09-01T18:30:00-00:00,2022-09-01T18:45:00-00:00,2022-09-01,12,KERNOIL_1_N001,KERNOIL_1_N001,KERNOIL_1_N001,RTPD,MGHG,LMP_GHG_PRC,KERNOIL_1_N001,ALL,1,0,3,45
2022-09-01T19:30:00-00:00,2022-09-01T19:45:00-00:00,2022-09-01,13,KERNOIL_1_N001,KERNOIL_1_N001,KERNOIL_1_N001,RTPD,MGHG,LMP_GHG_PRC,KERNOIL_1_N001,ALL,1,0,3,45
2022-09-01T20:30:00-00:00,2022-09-01T20:45:00-00:00,2022-09-01,14,KERNOIL_1_N001,KERNOIL_1_N001,KERNOIL_1_N001,RTPD,MGHG,LMP_GHG_PRC,KERNOIL_1_N001,ALL,1,0,3,45
2022-09-01T21:30:00-00:00,2022-09-01T21:45:00-00:00,2022-09-01,15,KERNOIL_1_N001,KERNOIL_1_N001,KERNOIL_1_N001,RTPD,MGHG,LMP_GHG_PRC,KERNOIL_1_N001,ALL,1,0,3,45
2022-09-01T22:30:00-00:00,2022-09-01T22:45:00-00:00,2022-09-01,16,KERNOIL_1_N001,KERNOIL_1_N001,KERNOIL_1_N001,RTPD,MGHG,LMP_GHG_PRC,KERNOIL_1_N001,ALL,1,0,3,45
2022-09-01T23:30:00-00:00,2022-09-01T23:45:00-00:00,2022-09-01,17,KERNOIL_1_N001,KERNOIL_1_N001,KERNOIL_1_N001,RTPD,MGHG,LMP_GHG_PRC,KERNOIL_1_N001,ALL,1,0,3,45
2022-09-02T00:30:00-00:00,2022-09-02T00:45:00-00:00,2022-09-01,18,KERNOIL_1_N001,KERNOIL_1_N001,KERNOIL_1_N001,RTPD,MGHG,LMP_GHG_PRC,KERNOIL_1_N001,ALL,1,0,3,45
2022-09-02T01:30:00-00:00,2022-09-02T01:45:00-00:00,2022-09-01,19,KERNOIL_1_N001,KERNOIL_1_N001,KERNOIL_1_N001,RTPD,MGHG,LMP_GHG_PRC,KERNOIL_1_N001,ALL,1,0,3,45
2022-09-02T02:30:00-00:00,2022-09-02T02:45:00-00:00,2022-09-01,20,KERNOIL_1_N001,KERNOIL_1_N001,KERNOIL_1_N001,RTPD,MGHG,LMP_GHG_PRC,KERNOIL_1_N001,ALL,1,0,3,45
2022-09-02T03:30:00-00:00,2022-09-02T03:45:00-00:00,2022-09-01,21,KERNOIL_1_N001,KERNOIL_1_N001,KERNOIL_1_N001,RTPD,MGHG,LMP_GHG_PRC,KERNOIL_1_N001,ALL,1,0,3,45
2022-09-02T04:30:00-00:00,2022-09-02T04:45:00-00:00,2022-09-01,22,KERNOIL_1_N001,KERNOIL_1_N001,KERNOIL_1_N001,RTPD,MGHG,LMP_GHG_PRC,KERNOIL_1_N001,ALL,1,0,3,45
2022-09-02T05:30:00-00:00,2022-09-02T05:45:00-00:00,2022-09-01,23,KERNOIL_1_N001,KERNOIL_1_N001,KERNOIL_1_N001,RTPD,MGHG,LMP_GHG_PRC,KERNOIL_1_N001,ALL,1,0,3,45
2022-09-02T06:30:00-00:00,2022-09-02T06:45:00-00:00,2022-09-01,24,KERNOIL_1_N001,KERNOIL_1_N001,KERNOIL_1_N001,RTPD,MGHG,LMP_GHG_PRC,KERNOIL_1_N001,ALL,1,0,3,45
2022-09-01T07:45:00-00:00,2022-09-01T08:00:00-00:00,2022-09-01,01,KERNOIL_1_N001,KERNOIL_1_N001,KERNOIL_1_N001,RTPD,MGHG,LMP_GHG_PRC,KERNOIL_1_N001,ALL,1,0,4,45
2022-09-01T08:45:00-00:00,2022-09-01T09:00:00-00:00,2022-09-01,02,KERNOIL_1_N001,KERNOIL_1_N001,KERNOIL_1_N001,RTPD,MGHG,LMP_GHG_PRC,KERNOIL_1_N001,ALL,1,0,4,45
2022-09-01T09:45:00-00:00,2022-09-01T10:00:00-00:00,2022-09-01,03,KERNOIL_1_N001,KERNOIL_1_N001,KERNOIL_1_N001,RTPD,MGHG,LMP_GHG_PRC,KERNOIL_1_N001,ALL,1,0,4,45
2022-09-01T10:45:00-00:00,2022-09-01T11:00:00-00:00,2022-09-01,04,KERNOIL_1_N001,KERNOIL_1_N001,KERNOIL_1_N001,RTPD,MGHG,LMP_GHG_PRC,KERNOIL_1_N001,ALL,1,0,4,45
2022-09-01T11:45:00-00:00,2022-09-01T12:00:00-00:00,2022-09-01,05,KERNOIL_1_N001,KERNOIL_1_N001,KERNOIL_1_N001,RTPD,MGHG,LMP_GHG_PRC,KERNOIL_1_N001,ALL,1,0,4,45
2022-09-01T12:45:00-00:00,2022-09-01T13:00:00-00:00,2022-09-01,06,KERNOIL_1_N001,KERNOIL_1_N001,KERNOIL_1_N001,RTPD,MGHG,LMP_GHG_PRC,KERNOIL_1_N001,ALL,1,0,4,45
2022-09-01T13:45:00-00:00,2022-09-01T14:00:00-00:00,2022-09-01,07,KERNOIL_1_N001,KERNOIL_1_N001,KERNOIL_1_N001,RTPD,MGHG,LMP_GHG_PRC,KERNOIL_1_N001,ALL,1,0,4,45
2022-09-01T14:45:00-00:00,2022-09-01T15:00:00-00:00,2022-09-01,08,KERNOIL_1_N001,KERNOIL_1_N001,KERNOIL_1_N001,RTPD,MGHG,LMP_GHG_PRC,KERNOIL_1_N001,ALL,1,0,4,45
2022-09-01T15:45:00-00:00,2022-09-01T16:00:00-00:00,2022-09-01,09,KERNOIL_1_N001,KERNOIL_1_N001,KERNOIL_1_N001,RTPD,MGHG,LMP_GHG_PRC,KERNOIL_1_N001,ALL,1,0,4,45
2022-09-01T16:45:00-00:00,2022-09-01T17:00:00-00:00,2022-09-01,10,KERNOIL_1_N001,KERNOIL_1_N001,KERNOIL_1_N001,RTPD,MGHG,LMP_GHG_PRC,KERNOIL_1_N001,ALL,1,0,4,45
2022-09-01T17:45:00-00:00,2022-09-01T18:00:00-00:00,2022-09-01,11,KERNOIL_1_N001,KERNOIL_1_N001,KERNOIL_1_N001,RTPD,MGHG,LMP_GHG_PRC,KERNOIL_1_N001,ALL,1,0,4,45
2022-09-01T18:45:00-00:00,2022-09-01T19:00:00-00:00,2022-09-01,12,KERNOIL_1_N001,KERNOIL_1_N001,KERNOIL_1_N001,RTPD,MGHG,LMP_GHG_PRC,KERNOIL_1_N001,ALL,1,0,4,45
2022-09-01T19:45:00-00:00,2022-09-01T20:00:00-00:00,2022-09-01,13,KERNOIL_1_N001,KERNOIL_1_N001,KERNOIL_1_N001,RTPD,MGHG,LMP_GHG_PRC,KERNOIL_1_N001,ALL,1,0,4,45
2022-09-01T20:45:00-00:00,2022-09-01T21:00:00-00:00,2022-09-01,14,KERNOIL_1_N001,KERNOIL_1_N001,KERNOIL_1_N001,RTPD,MGHG,LMP_GHG_PRC,KERNOIL_1_N001,ALL,1,0,4,45
2022-09-01T21:45:00-00:00,2022-09-01T22:00:00-00:00,2022-09-01,15,KERNOIL_1_N001,KERNOIL_1_N001,KERNOIL_1_N001,RTPD,MGHG,LMP_GHG_PRC,KERNOIL_1_N001,ALL,1,0,4,45
2022-09-01T22:45:00-00:00,2022-09-01T23:00:00-00:00,2022-09-01,16,KERNOIL_1_N001,KERNOIL_1_N001,KERNOIL_1_N001,RTPD,MGHG,LMP_GHG_PRC,KERNOIL_1_N001,ALL,1,0,4,45
2022-09-01T23:45:00-00:00,2022-09-02T00:00:00-00:00,2022-09-01,17,KERNOIL_1_N001,KERNOIL_1_N001,KERNOIL_1_N001,RTPD,MGHG,LMP_GHG_PRC,KERNOIL_1_N001,ALL,1,0,4,45
2022-09-02T00:45:00-00:00,2022-09-02T01:00:00-00:00,2022-09-01,18,KERNOIL_1_N001,KERNOIL_1_N001,KERNOIL_1_N001,RTPD,MGHG,LMP_GHG_PRC,KERNOIL_1_N001,ALL,1,0,4,45
2022-09-02T01:45:00-00:00,2022-09-02T02:00:00-00:00,2022-09-01,19,KERNOIL_1_N001,KERNOIL_1_N001,KERNOIL_1_N001,RTPD,MGHG,LMP_GHG_PRC,KERNOIL_1_N001,ALL,1,0,4,45
2022-09-02T02:45:00-00:00,2022-09-02T03:00:00-00:00,2022-09-01,20,KERNOIL_1_N001,KERNOIL_1_N001,KERNOIL_1_N001,RTPD,MGHG,LMP_GHG_PRC,KERNOIL_1_N001,ALL,1,0,4,45
2022-09-02T03:45:00-00:00,2022-09-02T04:00:00-00:00,2022-09-01,21,KERNOIL_1_N001,KERNOIL_1_N001,KERNOIL_1_N001,RTPD,MGHG,LMP_GHG_PRC,KERNOIL_1_N001,ALL,1,0,4,45
2022-09-02T04:45:00-00:00,2022-09-02T05:00:00-00:00,2022-09-01,22,KERNOIL_1_N001,KERNOIL_1_N001,KERNOIL_1_N001,RTPD,MGHG,LMP_GHG_PRC,KERNOIL_1_N001,ALL,1,0,4,45
2022-09-02T05:45:00-00:00,2022-09-02T06:00:00-00:00,2022-09-01,23,KERNOIL_1_N001,KERNOIL_1_N001,KERNOIL_1_N001,RTPD,MGHG,LMP_GHG_PRC,KERNOIL_1_N001,ALL,1,0,4,45
2022-09-02T06:45:00-00:00,2022-09-02T07:00:00-00:00,2022-09-01,24,KERNOIL_1_N001,KERNOIL_1_N001,KERNOIL_1_N001,RTPD,MGHG,LMP_GHG_PRC,KERNOIL_1_N001,ALL,1,0,4,45
2022-09-01T07:00:00-00:00,2022-09-01T07:15:00-00:00,2022-09-01,01,KERNOIL_1_N012,KERNOIL_1_N012,KERNOIL_1_N012,RTPD,LMP,LMP_PRC,KERNOIL_1_N012,ALL,1,73.24737,1,46
2022-09-01T08:00:00-00:00,2022-09-01T08:15:00-00:00,2022-09-01,02,KERNOIL_1_N012,KERNOIL_1_N012,KERNOIL_1_N012,RTPD,LMP,LMP_PRC,KERNOIL_1_N012,ALL,1,111.44571,1,46
2022-09-01T09:00:00-00:00,2022-09-01T09:15:00-00:00,2022-09-01,03,KERNOIL_1_N012,KERNOIL_1_N012,KERNOIL_1_N012,RTPD,LMP,LMP_PRC,KERNOIL_1_N012,ALL,1,100.92485,1,46
2022-09-01T10:00:00-00:00,2022-09-01T10:15:00-00:00,2022-09-01,04,KERNOIL_1_N012,KERNOIL_1_N012,KERNOIL_1_N012,RTPD,LMP,LMP_PRC,KERNOIL_1_N012,ALL,1,100.91395,1,46
2022-09-01T11:00:00-00:00,2022-09-01T11:15:00-00:00,2022-09-01,05,KERNOIL_1_N012,KERNOIL_1_N012,KERNOIL_1_N012,RTPD,LMP,LMP_PRC,KERNOIL_1_N012,ALL,1,109.70736,1,46
2022-09-01T12:00:00-00:00,2022-09-01T12:15:00-00:00,2022-09-01,06,KERNOIL_1_N012,KERNOIL_1_N012,KERNOIL_1_N012,RTPD,LMP,LMP_PRC,KERNOIL_1_N012,ALL,1,91.15221,1,46
2022-09-01T13:00:00-00:00,2022-09-01T13:15:00-00:00,2022-09-01,07,KERNOIL_1_N012,KERNOIL_1_N012,KERNOIL_1_N012,RTPD,LMP,LMP_PRC,KERNOIL_1_N012,ALL,1,85.47702,1,46
2022-09-01T14:00:00-00:00,2022-09-01T14:15:00-00:00,2022-09-01,08,KERNOIL_1_N012,KERNOIL_1_N012,KERNOIL_1_N012,RTPD,LMP,LMP_PRC,KERNOIL_1_N012,ALL,1,117.77892,1,46
2022-09-01T15:00:00-00:00,2022-09-01T15:15:00-00:00,2022-09-01,09,KERNOIL_1_N012,KERNOIL_1_N012,KERNOIL_1_N012,RTPD,LMP,LMP_PRC,KERNOIL_1_N012,ALL,1,97.4112,1,46
2022-09-01T16:00:00-00:00,2022-09-01T16:15:00-00:00,2022-09-01,10,KERNOIL_1_N012,KERNOIL_1_N012,KERNOIL_1_N012,RTPD,LMP,LMP_PRC,KERNOIL_1_N012,ALL,1,83.43525,1,46
2022-09-01T17:00:00-00:00,2022-09-01T17:15:00-00:00,2022-09-01,11,KERNOIL_1_N012,KERNOIL_1_N012,KERNOIL_1_N012,RTPD,LMP,LMP_PRC,KERNOIL_1_N012,ALL,1,76.58167,1,46
2022-09-01T18:00:00-00:00,2022-09-01T18:15:00-00:00,2022-09-01,12,KERNOIL_1_N012,KERNOIL_1_N012,KERNOIL_1_N012,RTPD,LMP,LMP_PRC,KERNOIL_1_N012,ALL,1,52.20145,1,46
2022-09-01T19:00:00-00:00,2022-09-01T19:15:00-00:00,2022-09-01,13,KERNOIL_1_N012,KERNOIL_1_N012,KERNOIL_1_N012,RTPD,LMP,LMP_PRC,KERNOIL_1_N012,ALL,1,65.60479,1,46
2022-09-01T20:00:00-00:00,2022-09-01T20:15:00-00:00,2022-09-01,14,KERNOIL_1_N012,KERNOIL_1_N012,KERNOIL_1_N012,RTPD,LMP,LMP_PRC,KERNOIL_1_N012,ALL,1,113.65774,1,46
2022-09-01T21:00:00-00:00,2022-09-01T21:15:00-00:00,2022-09-01,15,KERNOIL_1_N012,KERNOIL_1_N012,KERNOIL_1_N012,RTPD,LMP,LMP_PRC,KERNOIL_1_N012,ALL,1,106.02945,1,46
2022-09-01T22:00:00-00:00,2022-09-01T22:15:00-00:00,2022-09-01,16,KERNOIL_1_N012,KERNOIL_1_N012,KERNOIL_1_N012,RTPD,LMP,LMP_PRC,KERNOIL_1_N012,ALL,1,181.37009,1,46
2022-09-01T23:00:00-00:00,2022-09-01T23:15:00-00:00,2022-09-01,17,KERNOIL_1_N012,KERNOIL_1_N012,KERNOIL_1_N012,RTPD,LMP,LMP_PRC,KERNOIL_1_N012,ALL,1,252.52036,1,46
2022-09-02T00:00:00-00:00,2022-09-02T00:15:00-00:00,2022-09-01,18,KERNOIL_1_N012,KERNOIL_1_N012,KERNOIL_1_N012,RTPD,LMP,LMP_PRC,KERNOIL_1_N012,ALL,1,1055.1715,1,46
2022-09-02T01:00:00-00:00,2022-09-02T01:15:00-00:00,2022-09-01,19,KERNOIL_1_N012,KERNOIL_1_N012,KERNOIL_1_N012,RTPD,LMP,LMP_PRC,KERNOIL_1_N012,ALL,1,1161.2638,1,46
2022-09-02T02:00:00-00:00,2022-09-02T02:15:00-00:00,2022-09-01,20,KERNOIL_1_N012,KERNOIL_1_N012,KERNOIL_1_N012,RTPD,LMP,LMP_PRC,KERNOIL_1_N012,ALL,1,1991.6721,1,46
2022-09-02T03:00:00-00:00,2022-09-02T03:15:00-00:00,2022-09-01,21,KERNOIL_1_N012,KERNOIL_1_N012,KERNOIL_1_N012,RTPD,LMP,LMP_PRC,KERNOIL_1_N012,ALL,1,1337.9844,1,46
2022-09-02T04:00:00-00:00,2022-09-02T04:15:00-00:00,2022-09-01,22,KERNOIL_1_N012,KERNOIL_1_N012,KERNOIL_1_N012,RTPD,LMP,LMP_PRC,KERNOIL_1_N012,ALL,1,437.3428,1,46
2022-09-02T05:00:00-00:00,2022-09-02T05:15:00-00:00,2022-09-01,23,KERNOIL_1_N012,KERNOIL_1_N012,KERNOIL_1_N012,RTPD,LMP,LMP_PRC,KERNOIL_1_N012,ALL,1,207.29404,1,46
2022-09-02T06:00:00-00:00,2022-09-02T06:15:00-00:00,2022-09-01,24,KERNOIL_1_N012,KERNOIL_1_N012,KERNOIL_1_N012,RTPD,LMP,LMP_PRC,KERNOIL_1_N012,ALL,1,198.59624,1,46
2022-09-01T07:15:00-00:00,2022-09-01T07:30:00-00:00,2022-09-01,01,KERNOIL_1_N012,KERNOIL_1_N012,KERNOIL_1_N012,RTPD,LMP,LMP_PRC,KERNOIL_1_N012,ALL,1,113.28951,2,46
2022-09-01T08:15:00-00:00,2022-09-01T08:30:00-00:00,2022-09-01,02,KERNOIL_1_N012,KERNOIL_1_N012,KERNOIL_1_N012,RTPD,LMP,LMP_PRC,KERNOIL_1_N012,ALL,1,114.40963,2,46
2022-09-01T09:15:00-00:00,2022-09-01T09:30:00-00:00,2022-09-01,03,KERNOIL_1_N012,KERNOIL_1_N012,KERNOIL_1_N012,RTPD,LMP,LMP_PRC,KERNOIL_1_N012,ALL,1,97.5844,2,46
2022-09-01T10:15:00-00:00,2022-09-01T10:30:00-00:00,2022-09-01,04,KERNOIL_1_N012,KERNOIL_1_N012,KERNOIL_1_N012,RTPD,LMP,LMP_PRC,KERNOIL_1_N012,ALL,1,97.31757,2,46
2022-09-01T11:15:00-00:00,2022-09-01T11:30:00-00:00,2022-09-01,05,KERNOIL_1_N012,KERNOIL_1_N012,KERNOIL_1_N012,RTPD,LMP,LMP_PRC,KERNOIL_1_N012,ALL,1,110.31724,2,46
2022-09-01T12:15:00-00:00,2022-09-01T12:30:00-00:00,2022-09-01,06,KERNOIL_1_N012,KERNOIL_1_N012,KERNOIL_1_N012,RTPD,LMP,LMP_PRC,KERNOIL_1_N012,ALL,1,109.5135,2,46
2022-09-01T13:15:00-00:00,2022-09-01T13:30:00-00:00,2022-09-01,07,KERNOIL_1_N012,KERNOIL_1_N012,KERNOIL_1_N012,RTPD,LMP,LMP_PRC,KERNOIL_1_N012,ALL,1,117.38002,2,46
2022-09-01T14:15:00-00:00,2022-09-01T14:30:00-00:00,2022-09-01,08,KERNOIL_1_N012,KERNOIL_1_N012,KERNOIL_1_N012,RTPD,LMP,LMP_PRC,KERNOIL_1_N012,ALL,1,110.60314,2,46
2022-09-01T15:15:00-00:00,2022-09-01T15:30:00-00:00,2022-09-01,09,KERNOIL_1_N012,KERNOIL_1_N012,KERNOIL_1_N012,RTPD,LMP,LMP_PRC,KERNOIL_1_N012,ALL,1,86.9388,2,46
2022-09-01T16:15:00-00:00,2022-09-01T16:30:00-00:00,2022-09-01,10,KERNOIL_1_N012,KERNOIL_1_N012,KERNOIL_1_N012,RTPD,LMP,LMP_PRC,KERNOIL_1_N012,ALL,1,87.43684,2,46
2022-09-01T17:15:00-00:00,2022-09-01T17:30:00-00:00,2022-09-01,11,KERNOIL_1_N012,KERNOIL_1_N012,KERNOIL_1_N012,RTPD,LMP,LMP_PRC,KERNOIL_1_N012,ALL,1,74.56508,2,46
2022-09-01T18:15:00-00:00,2022-09-01T18:30:00-00:00,2022-09-01,12,KERNOIL_1_N012,KERNOIL_1_N012,KERNOIL_1_N012,RTPD,LMP,LMP_PRC,KERNOIL_1_N012,ALL,1,68.94171,2,46
2022-09-01T19:15:00-00:00,2022-09-01T19:30:00-00:00,2022-09-01,13,KERNOIL_1_N012,KERNOIL_1_N012,KERNOIL_1_N012,RTPD,LMP,LMP_PRC,KERNOIL_1_N012,ALL,1,69.40939,2,46
2022-09-01T20:15:00-00:00,2022-09-01T20:30:00-00:00,2022-09-01,14,KERNOIL_1_N012,KERNOIL_1_N012,KERNOIL_1_N012,RTPD,LMP,LMP_PRC,KERNOIL_1_N012,ALL,1,113.63472,2,46
2022-09-01T21:15:00-00:00,2022-09-01T21:30:00-00:00,2022-09-01,15,KERNOIL_1_N012,KERNOIL_1_N012,KERNOIL_1_N012,RTPD,LMP,LMP_PRC,KERNOIL_1_N012,ALL,1,114.51677,2,46
2022-09-01T22:15:00-00:00,2022-09-01T22:30:00-00:00,2022-09-01,16,KERNOIL_1_N012,KERNOIL_1_N012,KERNOIL_1_N012,RTPD,LMP,LMP_PRC,KERNOIL_1_N012,ALL,1,208.04799,2,46
2022-09-01T23:15:00-00:00,2022-09-01T23:30:00-00:00,2022-09-01,17,KERNOIL_1_N012,KERNOIL_1_N012,KERNOIL_1_N012,RTPD,LMP,LMP_PRC,KERNOIL_1_N012,ALL,1,311.44812,2,46
2022-09-02T00:15:00-00:00,2022-09-02T00:30:00-00:00,2022-09-01,18,KERNOIL_1_N012,KERNOIL_1_N012,KERNOIL_1_N012,RTPD,LMP,LMP_PRC,KERNOIL_1_N012,ALL,1,964.1709,2,46
2022-09-02T01:15:00-00:00,2022-09-02T01:30:00-00:00,2022-09-01,19,KERNOIL_1_N012,KERNOIL_1_N012,KERNOIL_1_N012,RTPD,LMP,LMP_PRC,KERNOIL_1_N012,ALL,1,1999.9933,2,46
2022-09-02T02:15:00-00:00,2022-09-02T02:30:00-00:00,2022-09-01,20,KERNOIL_1_N012,KERNOIL_1_N012,KERNOIL_1_N012,RTPD,LMP,LMP_PRC,KERNOIL_1_N012,ALL,1,1991.6721,2,46
2022-09-02T03:15:00-00:00,2022-09-02T03:30:00-00:00,2022-09-01,21,KERNOIL_1_N012,KERNOIL_1_N012,KERNOIL_1_N012,RTPD,LMP,LMP_PRC,KERNOIL_1_N012,ALL,1,551.3503,2,46
2022-09-02T04:15:00-00:00,2022-09-02T04:30:00-00:00,2022-09-01,22,KERNOIL_1_N012,KERNOIL_1_N012,KERNOIL_1_N012,RTPD,LMP,LMP_PRC,KERNOIL_1_N012,ALL,1,387.01883,2,46
2022-09-02T05:15:00-00:00,2022-09-02T05:30:00-00:00,2022-09-01,23,KERNOIL_1_N012,KERNOIL_1_N012,KERNOIL_1_N012,RTPD,LMP,LMP_PRC,KERNOIL_1_N012,ALL,1,180.76501,2,46
2022-09-02T06:15:00-00:00,2022-09-02T06:30:00-00:00,2022-09-01,24,KERNOIL_1_N012,KERNOIL_1_N012,KERNOIL_1_N012,RTPD,LMP,LMP_PRC,KERNOIL_1_N012,ALL,1,155.78627,2,46
2022-09-01T07:30:00-00:00,2022-09-01T07:45:00-00:00,2022-09-01,01,KERNOIL_1_N012,KERNOIL_1_N012,KERNOIL_1_N012,RTPD,LMP,LMP_PRC,KERNOIL_1_N012,ALL,1,99.12304,3,46
2022-09-01T08:30:00-00:00,2022-09-01T08:45:00-00:00,2022-09-01,02,KERNOIL_1_N012,KERNOIL_1_N012,KERNOIL_1_N012,RTPD,LMP,LMP_PRC,KERNOIL_1_N012,ALL,1,118.16699,3,46
2022-09-01T09:30:00-00:00,2022-09-01T09:45:00-00:00,2022-09-01,03,KERNOIL_1_N012,KERNOIL_1_N012,KERNOIL_1_N012,RTPD,LMP,LMP_PRC,KERNOIL_1_N012,ALL,1,97.32978,3,46
2022-09-01T10:30:00-00:00,2022-09-01T10:45:00-00:00,2022-09-01,04,KERNOIL_1_N012,KERNOIL_1_N012,KERNOIL_1_N012,RTPD,LMP,LMP_PRC,KERNOIL_1_N012,ALL,1,99.59857,3,46
2022-09-01T11:30:00-00:00,2022-09-01T11:45:00-00:00,2022-09-01,05,KERNOIL_1_N012,KERNOIL_1_N012,KERNOIL_1_N012,RTPD,LMP,LMP_PRC,KERNOIL_1_N012,ALL,1,110.45152,3,46
2022-09-01T12:30:00-00:00,2022-09-01T12:45:00-00:00,2022-09-01,06,KERNOIL_1_N012,KERNOIL_1_N012,KERNOIL_1_N012,RTPD,LMP,LMP_PRC,KERNOIL_1_N012,ALL,1,108.28759,3,46
2022-09-01T13:30:00-00:00,2022-09-01T13:45:00-00:00,2022-09-01,07,KERNOIL_1_N012,KERNOIL_1_N012,KERNOIL_1_N012,RTPD,LMP,LMP_PRC,KERNOIL_1_N012,ALL,1,118.61294,3,46
2022-09-01T14:30:00-00:00,2022-09-01T14:45:00-00:00,2022-09-01,08,KERNOIL_1_N012,KERNOIL_1_N012,KERNOIL_1_N012,RTPD,LMP,LMP_PRC,KERNOIL_1_N012,ALL,1,106.82416,3,46
2022-09-01T15:30:00-00:00,2022-09-01T15:45:00-00:00,2022-09-01,09,KERNOIL_1_N012,KERNOIL_1_N012,KERNOIL_1_N012,RTPD,LMP,LMP_PRC,KERNOIL_1_N012,ALL,1,86.1388,3,46
2022-09-01T16:30:00-00:00,2022-09-01T16:45:00-00:00,2022-09-01,10,KERNOIL_1_N012,KERNOIL_1_N012,KERNOIL_1_N012,RTPD,LMP,LMP_PRC,KERNOIL_1_N012,ALL,1,72.04494,3,46
2022-09-01T17:30:00-00:00,2022-09-01T17:45:00-00:00,2022-09-01,11,KERNOIL_1_N012,KERNOIL_1_N012,KERNOIL_1_N012,RTPD,LMP,LMP_PRC,KERNOIL_1_N012,ALL,1,74.28139,3,46
2022-09-01T18:30:00-00:00,2022-09-01T18:45:00-00:00,2022-09-01,12,KERNOIL_1_N012,KERNOIL_1_N012,KERNOIL_1_N012,RTPD,LMP,LMP_PRC,KERNOIL_1_N012,ALL,1,73.4923,3,46
2022-09-01T19:30:00-00:00,2022-09-01T19:45:00-00:00,2022-09-01,13,KERNOIL_1_N012,KERNOIL_1_N012,KERNOIL_1_N012,RTPD,LMP,LMP_PRC,KERNOIL_1_N012,ALL,1,98.63585,3,46
2022-09-01T20:30:00-00:00,2022-09-01T20:45:00-00:00,2022-09-01,14,KERNOIL_1_N012,KERNOIL_1_N012,KERNOIL_1_N012,RTPD,LMP,LMP_PRC,KERNOIL_1_N012,ALL,1,114.24377,3,46
2022-09-01T21:30:00-00:00,2022-09-01T21:45:00-00:00,2022-09-01,15,KERNOIL_1_N012,KERNOIL_1_N012,KERNOIL_1_N012,RTPD,LMP,LMP_PRC,KERNOIL_1_N012,ALL,1,122.89532,3,46
2022-09-01T22:30:00-00:00,2022-09-01T22:45:00-00:00,2022-09-01,16,KERNOIL_1_N012,KERNOIL_1_N012,KERNOIL_1_N012,RTPD,LMP,LMP_PRC,KERNOIL_1_N012,ALL,1,236.8386,3,46
2022-09-01T23:30:00-00:00,2022-09-01T23:45:00-00:00,2022-09-01,17,KERNOIL_1_N012,KERNOIL_1_N012,KERNOIL_1_N012,RTPD,LMP,LMP_PRC,KERNOIL_1_N012,ALL,1,642.48157,3,46
2022-09-02T00:30:00-00:00,2022-09-02T00:45:00-00:00,2022-09-01,18,KERNOIL_1_N012,KERNOIL_1_N012,KERNOIL_1_N012,RTPD,LMP,LMP_PRC,KERNOIL_1_N012,ALL,1,1671.9639,3,46
2022-09-02T01:30:00-00:00,2022-09-02T01:45:00-00:00,2022-09-01,19,KERNOIL_1_N012,KERNOIL_1_N012,KERNOIL_1_N012,RTPD,LMP,LMP_PRC,KERNOIL_1_N012,ALL,1,1999.9956,3,46
2022-09-02T02:30:00-00:00,2022-09-02T02:45:00-00:00,2022-09-01,20,KERNOIL_1_N012,KERNOIL_1_N012,KERNOIL_1_N012,RTPD,LMP,LMP_PRC,KERNOIL_1_N012,ALL,1,1991.671,3,46
2022-09-02T03:30:00-00:00,2022-09-02T03:45:00-00:00,2022-09-01,21,KERNOIL_1_N012,KERNOIL_1_N012,KERNOIL_1_N012,RTPD,LMP,LMP_PRC,KERNOIL_1_N012,ALL,1,226.7282,3,46
2022-09-02T04:30:00-00:00,2022-09-02T04:45:00-00:00,2022-09-01,22,KERNOIL_1_N012,KERNOIL_1_N012,KERNOIL_1_N012,RTPD,LMP,LMP_PRC,KERNOIL_1_N012,ALL,1,274.99124,3,46
2022-09-02T05:30:00-00:00,2022-09-02T05:45:00-00:00,2022-09-01,23,KERNOIL_1_N012,KERNOIL_1_N012,KERNOIL_1_N012,RTPD,LMP,LMP_PRC,KERNOIL_1_N012,ALL,1,150.76144,3,46
2022-09-02T06:30:00-00:00,2022-09-02T06:45:00-00:00,2022-09-01,24,KERNOIL_1_N012,KERNOIL_1_N012,KERNOIL_1_N012,RTPD,LMP,LMP_PRC,KERNOIL_1_N012,ALL,1,148.1028,3,46
2022-09-01T07:45:00-00:00,2022-09-01T08:00:00-00:00,2022-09-01,01,KERNOIL_1_N012,KERNOIL_1_N012,KERNOIL_1_N012,RTPD,LMP,LMP_PRC,KERNOIL_1_N012,ALL,1,86.46968,4,46
2022-09-01T08:45:00-00:00,2022-09-01T09:00:00-00:00,2022-09-01,02,KERNOIL_1_N012,KERNOIL_1_N012,KERNOIL_1_N012,RTPD,LMP,LMP_PRC,KERNOIL_1_N012,ALL,1,99.82152,4,46
2022-09-01T09:45:00-00:00,2022-09-01T10:00:00-00:00,2022-09-01,03,KERNOIL_1_N012,KERNOIL_1_N012,KERNOIL_1_N012,RTPD,LMP,LMP_PRC,KERNOIL_1_N012,ALL,1,97.87374,4,46
2022-09-01T10:45:00-00:00,2022-09-01T11:00:00-00:00,2022-09-01,04,KERNOIL_1_N012,KERNOIL_1_N012,KERNOIL_1_N012,RTPD,LMP,LMP_PRC,KERNOIL_1_N012,ALL,1,100.36119,4,46
2022-09-01T11:45:00-00:00,2022-09-01T12:00:00-00:00,2022-09-01,05,KERNOIL_1_N012,KERNOIL_1_N012,KERNOIL_1_N012,RTPD,LMP,LMP_PRC,KERNOIL_1_N012,ALL,1,107.01,4,46
2022-09-01T12:45:00-00:00,2022-09-01T13:00:00-00:00,2022-09-01,06,KERNOIL_1_N012,KERNOIL_1_N012,KERNOIL_1_N012,RTPD,LMP,LMP_PRC,KERNOIL_1_N012,ALL,1,113.58635,4,46
2022-09-01T13:45:00-00:00,2022-09-01T14:00:00-00:00,2022-09-01,07,KERNOIL_1_N012,KERNOIL_1_N012,KERNOIL_1_N012,RTPD,LMP,LMP_PRC,KERNOIL_1_N012,ALL,1,111.41,4,46
2022-09-01T14:45:00-00:00,2022-09-01T15:00:00-00:00,2022-09-01,08,KERNOIL_1_N012,KERNOIL_1_N012,KERNOIL_1_N012,RTPD,LMP,LMP_PRC,KERNOIL_1_N012,ALL,1,86.1388,4,46
2022-09-01T15:45:00-00:00,2022-09-01T16:00:00-00:00,2022-09-01,09,KERNOIL_1_N012,KERNOIL_1_N012,KERNOIL_1_N012,RTPD,LMP,LMP_PRC,KERNOIL_1_N012,ALL,1,78.70076,4,46
2022-09-01T16:45:00-00:00,2022-09-01T17:00:00-00:00,2022-09-01,10,KERNOIL_1_N012,KERNOIL_1_N012,KERNOIL_1_N012,RTPD,LMP,LMP_PRC,KERNOIL_1_N012,ALL,1,76.09499,4,46
2022-09-01T17:45:00-00:00,2022-09-01T18:00:00-00:00,2022-09-01,11,KERNOIL_1_N012,KERNOIL_1_N012,KERNOIL_1_N012,RTPD,LMP,LMP_PRC,KERNOIL_1_N012,ALL,1,74.63099,4,46
2022-09-01T18:45:00-00:00,2022-09-01T19:00:00-00:00,2022-09-01,12,KERNOIL_1_N012,KERNOIL_1_N012,KERNOIL_1_N012,RTPD,LMP,LMP_PRC,KERNOIL_1_N012,ALL,1,75.60424,4,46
2022-09-01T19:45:00-00:00,2022-09-01T20:00:00-00:00,2022-09-01,13,KERNOIL_1_N012,KERNOIL_1_N012,KERNOIL_1_N012,RTPD,LMP,LMP_PRC,KERNOIL_1_N012,ALL,1,103.51328,4,46
2022-09-01T20:45:00-00:00,2022-09-01T21:00:00-00:00,2022-09-01,14,KERNOIL_1_N012,KERNOIL_1_N012,KERNOIL_1_N012,RTPD,LMP,LMP_PRC,KERNOIL_1_N012,ALL,1,119.44692,4,46
2022-09-01T21:45:00-00:00,2022-09-01T22:00:00-00:00,2022-09-01,15,KERNOIL_1_N012,KERNOIL_1_N012,KERNOIL_1_N012,RTPD,LMP,LMP_PRC,KERNOIL_1_N012,ALL,1,191.17392,4,46
2022-09-01T22:45:00-00:00,2022-09-01T23:00:00-00:00,2022-09-01,16,KERNOIL_1_N012,KERNOIL_1_N012,KERNOIL_1_N012,RTPD,LMP,LMP_PRC,KERNOIL_1_N012,ALL,1,214.98627,4,46
2022-09-01T23:45:00-00:00,2022-09-02T00:00:00-00:00,2022-09-01,17,KERNOIL_1_N012,KERNOIL_1_N012,KERNOIL_1_N012,RTPD,LMP,LMP_PRC,KERNOIL_1_N012,ALL,1,1559.8536,4,46
2022-09-02T00:45:00-00:00,2022-09-02T01:00:00-00:00,2022-09-01,18,KERNOIL_1_N012,KERNOIL_1_N012,KERNOIL_1_N012,RTPD,LMP,LMP_PRC,KERNOIL_1_N012,ALL,1,1785.0118,4,46
2022-09-02T01:45:00-00:00,2022-09-02T02:00:00-00:00,2022-09-01,19,KERNOIL_1_N012,KERNOIL_1_N012,KERNOIL_1_N012,RTPD,LMP,LMP_PRC,KERNOIL_1_N012,ALL,1,1991.9337,4,46
2022-09-02T02:45:00-00:00,2022-09-02T03:00:00-00:00,2022-09-01,20,KERNOIL_1_N012,KERNOIL_1_N012,KERNOIL_1_N012,RTPD,LMP,LMP_PRC,KERNOIL_1_N012,ALL,1,1889.3016,4,46
2022-09-02T03:45:00-00:00,2022-09-02T04:00:00-00:00,2022-09-01,21,KERNOIL_1_N012,KERNOIL_1_N012,KERNOIL_1_N012,RTPD,LMP,LMP_PRC,KERNOIL_1_N012,ALL,1,167.6637,4,46
2022-09-02T04:45:00-00:00,2022-09-02T05:00:00-00:00,2022-09-01,22,KERNOIL_1_N012,KERNOIL_1_N012,KERNOIL_1_N012,RTPD,LMP,LMP_PRC,KERNOIL_1_N012,ALL,1,145.27182,4,46
2022-09-02T05:45:00-00:00,2022-09-02T06:00:00-00:00,2022-09-01,23,KERNOIL_1_N012,KERNOIL_1_N012,KERNOIL_1_N012,RTPD,LMP,LMP_PRC,KERNOIL_1_N012,ALL,1,171.23718,4,46
2022-09-02T06:45:00-00:00,2022-09-02T07:00:00-00:00,2022-09-01,24,KERNOIL_1_N012,KERNOIL_1_N012,KERNOIL_1_N012,RTPD,LMP,LMP_PRC,KERNOIL_1_N012,ALL,1,122.36753,4,46
2022-09-01T07:00:00-00:00,2022-09-01T07:15:00-00:00,2022-09-01,01,KERNOIL_1_N012,KERNOIL_1_N012,KERNOIL_1_N012,RTPD,MCC,LMP_CONG_PRC,KERNOIL_1_N012,ALL,1,-29.20493,1,47
2022-09-01T08:00:00-00:00,2022-09-01T08:15:00-00:00,2022-09-01,02,KERNOIL_1_N012,KERNOIL_1_N012,KERNOIL_1_N012,RTPD,MCC,LMP_CONG_PRC,KERNOIL_1_N012,ALL,1,-4.10309,1,47
2022-09-01T09:00:00-00:00,2022-09-01T09:15:00-00:00,2022-09-01,03,KERNOIL_1_N012,KERNOIL_1_N012,KERNOIL_1_N012,RTPD,MCC,LMP_CONG_PRC,KERNOIL_1_N012,ALL,1,-5.49768,1,47
2022-09-01T10:00:00-00:00,2022-09-01T10:15:00-00:00,2022-09-01,04,KERNOIL_1_N012,KERNOIL_1_N012,KERNOIL_1_N012,RTPD,MCC,LMP_CONG_PRC,KERNOIL_1_N012,ALL,1,-4.77132,1,47
2022-09-01T11:00:00-00:00,2022-09-01T11:15:00-00:00,2022-09-01,05,KERNOIL_1_N012,KERNOIL_1_N012,KERNOIL_1_N012,RTPD,MCC,LMP_CONG_PRC,KERNOIL_1_N012,ALL,1,0,1,47
2022-09-01T12:00:00-00:00,2022-09-01T12:15:00-00:00,2022-09-01,06,KERNOIL_1_N012,KERNOIL_1_N012,KERNOIL_1_N012,RTPD,MCC,LMP_CONG_PRC,KERNOIL_1_N012,ALL,1,-12.2588,1,47
2022-09-01T13:00:00-00:00,2022-09-01T13:15:00-00:00,2022-09-01,07,KERNOIL_1_N012,KERNOIL_1_N012,KERNOIL_1_N012,RTPD,MCC,LMP_CONG_PRC,KERNOIL_1_N012,ALL,1,-16.33176,1,47
2022-09-01T14:00:00-00:00,2022-09-01T14:15:00-00:00,2022-09-01,08,KERNOIL_1_N012,KERNOIL_1_N012,KERNOIL_1_N012,RTPD,MCC,LMP_CONG_PRC,KERNOIL_1_N012,ALL,1,0,1,47
2022-09-01T15:00:00-00:00,2022-09-01T15:15:00-00:00,2022-09-01,09,KERNOIL_1_N012,KERNOIL_1_N012,KERNOIL_1_N012,RTPD,MCC,LMP_CONG_PRC,KERNOIL_1_N012,ALL,1,0,1,47
2022-09-01T16:00:00-00:00,2022-09-01T16:15:00-00:00,2022-09-01,10,KERNOIL_1_N012,KERNOIL_1_N012,KERNOIL_1_N012,RTPD,MCC,LMP_CONG_PRC,KERNOIL_1_N012,ALL,1,0,1,47
2022-09-01T17:00:00-00:00,2022-09-01T17:15:00-00:00,2022-09-01,11,KERNOIL_1_N012,KERNOIL_1_N012,KERNOIL_1_N012,RTPD,MCC,LMP_CONG_PRC,KERNOIL_1_N012,ALL,1,-20.3673,1,47
2022-09-01T18:00:00-00:00,2022-09-01T18:15:00-00:00,2022-09-01,12,KERNOIL_1_N012,KERNOIL_1_N012,KERNOIL_1_N012,RTPD,MCC,LMP_CONG_PRC,KERNOIL_1_N012,ALL,1,-39.39146,1,47
2022-09-01T19:00:00-00:00,2022-09-01T19:15:00-00:00,2022-09-01,13,KERNOIL_1_N012,KERNOIL_1_N012,KERNOIL_1_N012,RTPD,MCC,LMP_CONG_PRC,KERNOIL_1_N012,ALL,1,-43.59157,1,47
2022-09-01T20:00:00-00:00,2022-09-01T20:15:00-00:00,2022-09-01,14,KERNOIL_1_N012,KERNOIL_1_N012,KERNOIL_1_N012,RTPD,MCC,LMP_CONG_PRC,KERNOIL_1_N012,ALL,1,-4.28585,1,47
2022-09-01T21:00:00-00:00,2022-09-01T21:15:00-00:00,2022-09-01,15,KERNOIL_1_N012,KERNOIL_1_N012,KERNOIL_1_N012,RTPD,MCC,LMP_CONG_PRC,KERNOIL_1_N012,ALL,1,-120.58554,1,47
2022-09-01T22:00:00-00:00,2022-09-01T22:15:00-00:00,2022-09-01,16,KERNOIL_1_N012,KERNOIL_1_N012,KERNOIL_1_N012,RTPD,MCC,LMP_CONG_PRC,KERNOIL_1_N012,ALL,1,-47.81543,1,47
2022-09-01T23:00:00-00:00,2022-09-01T23:15:00-00:00,2022-09-01,17,KERNOIL_1_N012,KERNOIL_1_N012,KERNOIL_1_N012,RTPD,MCC,LMP_CONG_PRC,KERNOIL_1_N012,ALL,1,-134.23334,1,47
2022-09-02T00:00:00-00:00,2022-09-02T00:15:00-00:00,2022-09-01,18,KERNOIL_1_N012,KERNOIL_1_N012,KERNOIL_1_N012,RTPD,MCC,LMP_CONG_PRC,KERNOIL_1_N012,ALL,1,249.75986,1,47
2022-09-02T01:00:00-00:00,2022-09-02T01:15:00-00:00,2022-09-01,19,KERNOIL_1_N012,KERNOIL_1_N012,KERNOIL_1_N012,RTPD,MCC,LMP_CONG_PRC,KERNOIL_1_N012,ALL,1,244.99258,1,47
2022-09-02T02:00:00-00:00,2022-09-02T02:15:00-00:00,2022-09-01,20,KERNOIL_1_N012,KERNOIL_1_N012,KERNOIL_1_N012,RTPD,MCC,LMP_CONG_PRC,KERNOIL_1_N012,ALL,1,0,1,47
2022-09-02T03:00:00-00:00,2022-09-02T03:15:00-00:00,2022-09-01,21,KERNOIL_1_N012,KERNOIL_1_N012,KERNOIL_1_N012,RTPD,MCC,LMP_CONG_PRC,KERNOIL_1_N012,ALL,1,378.8685,1,47
2022-09-02T04:00:00-00:00,2022-09-02T04:15:00-00:00,2022-09-01,22,KERNOIL_1_N012,KERNOIL_1_N012,KERNOIL_1_N012,RTPD,MCC,LMP_CONG_PRC,KERNOIL_1_N012,ALL,1,168.89017,1,47
2022-09-02T05:00:00-00:00,2022-09-02T05:15:00-00:00,2022-09-01,23,KERNOIL_1_N012,KERNOIL_1_N012,KERNOIL_1_N012,RTPD,MCC,LMP_CONG_PRC,KERNOIL_1_N012,ALL,1,17.35896,1,47
2022-09-02T06:00:00-00:00,2022-09-02T06:15:00-00:00,2022-09-01,24,KERNOIL_1_N012,KERNOIL_1_N012,KERNOIL_1_N012,RTPD,MCC,LMP_CONG_PRC,KERNOIL_1_N012,ALL,1,31.9924,1,47
2022-09-01T07:15:00-00:00,2022-09-01T07:30:00-00:00,2022-09-01,01,KERNOIL_1_N012,KERNOIL_1_N012,KERNOIL_1_N012,RTPD,MCC,LMP_CONG_PRC,KERNOIL_1_N012,ALL,1,-12.26193,2,47
2022-09-01T08:15:00-00:00,2022-09-01T08:30:00-00:00,2022-09-01,02,KERNOIL_1_N012,KERNOIL_1_N012,KERNOIL_1_N012,RTPD,MCC,LMP_CONG_PRC,KERNOIL_1_N012,ALL,1,-1.12202,2,47
2022-09-01T09:15:00-00:00,2022-09-01T09:30:00-00:00,2022-09-01,03,KERNOIL_1_N012,KERNOIL_1_N012,KERNOIL_1_N012,RTPD,MCC,LMP_CONG_PRC,KERNOIL_1_N012,ALL,1,-7.22885,2,47
2022-09-01T10:15:00-00:00,2022-09-01T10:30:00-00:00,2022-09-01,04,KERNOIL_1_N012,KERNOIL_1_N012,KERNOIL_1_N012,RTPD,MCC,LMP_CONG_PRC,KERNOIL_1_N012,ALL,1,-6.75137,2,47
2022-09-01T11:15:00-00:00,2022-09-01T11:30:00-00:00,2022-09-01,05,KERNOIL_1_N012,KERNOIL_1_N012,KERNOIL_1_N012,RTPD,MCC,LMP_CONG_PRC,KERNOIL_1_N012,ALL,1,0,2,47
2022-09-01T12:15:00-00:00,2022-09-01T12:30:00-00:00,2022-09-01,06,KERNOIL_1_N012,KERNOIL_1_N012,KERNOIL_1_N012,RTPD,MCC,LMP_CONG_PRC,KERNOIL_1_N012,ALL,1,-7.49388,2,47
2022-09-01T13:15:00-00:00,2022-09-01T13:30:00-00:00,2022-09-01,07,KERNOIL_1_N012,KERNOIL_1_N012,KERNOIL_1_N012,RTPD,MCC,LMP_CONG_PRC,KERNOIL_1_N012,ALL,1,-0.70086,2,47
2022-09-01T14:15:00-00:00,2022-09-01T14:30:00-00:00,2022-09-01,08,KERNOIL_1_N012,KERNOIL_1_N012,KERNOIL_1_N012,RTPD,MCC,LMP_CONG_PRC,KERNOIL_1_N012,ALL,1,0,2,47
2022-09-01T15:15:00-00:00,2022-09-01T15:30:00-00:00,2022-09-01,09,KERNOIL_1_N012,KERNOIL_1_N012,KERNOIL_1_N012,RTPD,MCC,LMP_CONG_PRC,KERNOIL_1_N012,ALL,1,0,2,47
2022-09-01T16:15:00-00:00,2022-09-01T16:30:00-00:00,2022-09-01,10,KERNOIL_1_N012,KERNOIL_1_N012,KERNOIL_1_N012,RTPD,MCC,LMP_CONG_PRC,KERNOIL_1_N012,ALL,1,-2.01173,2,47
2022-09-01T17:15:00-00:00,2022-09-01T17:30:00-00:00,2022-09-01,11,KERNOIL_1_N012,KERNOIL_1_N012,KERNOIL_1_N012,RTPD,MCC,LMP_CONG_PRC,KERNOIL_1_N012,ALL,1,-24.78165,2,47
2022-09-01T18:15:00-00:00,2022-09-01T18:30:00-00:00,2022-09-01,12,KERNOIL_1_N012,KERNOIL_1_N012,KERNOIL_1_N012,RTPD,MCC,LMP_CONG_PRC,KERNOIL_1_N012,ALL,1,-32.2173,2,47
2022-09-01T19:15:00-00:00,2022-09-01T19:30:00-00:00,2022-09-01,13,KERNOIL_1_N012,KERNOIL_1_N012,KERNOIL_1_N012,RTPD,MCC,LMP_CONG_PRC,KERNOIL_1_N012,ALL,1,-35.89649,2,47
2022-09-01T20:15:00-00:00,2022-09-01T20:30:00-00:00,2022-09-01,14,KERNOIL_1_N012,KERNOIL_1_N012,KERNOIL_1_N012,RTPD,MCC,LMP_CONG_PRC,KERNOIL_1_N012,ALL,1,-3.85949,2,47
2022-09-01T21:15:00-00:00,2022-09-01T21:30:00-00:00,2022-09-01,15,KERNOIL_1_N012,KERNOIL_1_N012,KERNOIL_1_N012,RTPD,MCC,LMP_CONG_PRC,KERNOIL_1_N012,ALL,1,-32.69508,2,47
2022-09-01T22:15:00-00:00,2022-09-01T22:30:00-00:00,2022-09-01,16,KERNOIL_1_N012,KERNOIL_1_N012,KERNOIL_1_N012,RTPD,MCC,LMP_CONG_PRC,KERNOIL_1_N012,ALL,1,-48.53934,2,47
2022-09-01T23:15:00-00:00,2022-09-01T23:30:00-00:00,2022-09-01,17,KERNOIL_1_N012,KERNOIL_1_N012,KERNOIL_1_N012,RTPD,MCC,LMP_CONG_PRC,KERNOIL_1_N012,ALL,1,-50.67597,2,47
2022-09-02T00:15:00-00:00,2022-09-02T00:30:00-00:00,2022-09-01,18,KERNOIL_1_N012,KERNOIL_1_N012,KERNOIL_1_N012,RTPD,MCC,LMP_CONG_PRC,KERNOIL_1_N012,ALL,1,243.09203,2,47
2022-09-02T01:15:00-00:00,2022-09-02T01:30:00-00:00,2022-09-01,19,KERNOIL_1_N012,KERNOIL_1_N012,KERNOIL_1_N012,RTPD,MCC,LMP_CONG_PRC,KERNOIL_1_N012,ALL,1,0,2,47
2022-09-02T02:15:00-00:00,2022-09-02T02:30:00-00:00,2022-09-01,20,KERNOIL_1_N012,KERNOIL_1_N012,KERNOIL_1_N012,RTPD,MCC,LMP_CONG_PRC,KERNOIL_1_N012,ALL,1,0,2,47
2022-09-02T03:15:00-00:00,2022-09-02T03:30:00-00:00,2022-09-01,21,KERNOIL_1_N012,KERNOIL_1_N012,KERNOIL_1_N012,RTPD,MCC,LMP_CONG_PRC,KERNOIL_1_N012,ALL,1,133.23825,2,47
2022-09-02T04:15:00-00:00,2022-09-02T04:30:00-00:00,2022-09-01,22,KERNOIL_1_N012,KERNOIL_1_N012,KERNOIL_1_N012,RTPD,MCC,LMP_CONG_PRC,KERNOIL_1_N012,ALL,1,153.21097,2,47
2022-09-02T05:15:00-00:00,2022-09-02T05:30:00-00:00,2022-09-01,23,KERNOIL_1_N012,KERNOIL_1_N012,KERNOIL_1_N012,RTPD,MCC,LMP_CONG_PRC,KERNOIL_1_N012,ALL,1,16.6062,2,47
2022-09-02T06:15:00-00:00,2022-09-02T06:30:00-00:00,2022-09-01,24,KERNOIL_1_N012,KERNOIL_1_N012,KERNOIL_1_N012,RTPD,MCC,LMP_CONG_PRC,KERNOIL_1_N012,ALL,1,5.53075,2,47
2022-09-01T07:30:00-00:00,2022-09-01T07:45:00-00:00,2022-09-01,01,KERNOIL_1_N012,KERNOIL_1_N012,KERNOIL_1_N012,RTPD,MCC,LMP_CONG_PRC,KERNOIL_1_N012,ALL,1,-19.90892,3,47
2022-09-01T08:30:00-00:00,2022-09-01T08:45:00-00:00,2022-09-01,02,KERNOIL_1_N012,KERNOIL_1_N012,KERNOIL_1_N012,RTPD,MCC,LMP_CONG_PRC,KERNOIL_1_N012,ALL,1,-0.00106,3,47
2022-09-01T09:30:00-00:00,2022-09-01T09:45:00-00:00,2022-09-01,03,KERNOIL_1_N012,KERNOIL_1_N012,KERNOIL_1_N012,RTPD,MCC,LMP_CONG_PRC,KERNOIL_1_N012,ALL,1,-7.16397,3,47
2022-09-01T10:30:00-00:00,2022-09-01T10:45:00-00:00,2022-09-01,04,KERNOIL_1_N012,KERNOIL_1_N012,KERNOIL_1_N012,RTPD,MCC,LMP_CONG_PRC,KERNOIL_1_N012,ALL,1,-3.8174,3,47
2022-09-01T11:30:00-00:00,2022-09-01T11:45:00-00:00,2022-09-01,05,KERNOIL_1_N012,KERNOIL_1_N012,KERNOIL_1_N012,RTPD,MCC,LMP_CONG_PRC,KERNOIL_1_N012,ALL,1,0,3,47
2022-09-01T12:30:00-00:00,2022-09-01T12:45:00-00:00,2022-09-01,06,KERNOIL_1_N012,KERNOIL_1_N012,KERNOIL_1_N012,RTPD,MCC,LMP_CONG_PRC,KERNOIL_1_N012,ALL,1,-12.9754,3,47
2022-09-01T13:30:00-00:00,2022-09-01T13:45:00-00:00,2022-09-01,07,KERNOIL_1_N012,KERNOIL_1_N012,KERNOIL_1_N012,RTPD,MCC,LMP_CONG_PRC,KERNOIL_1_N012,ALL,1,0,3,47
2022-09-01T14:30:00-00:00,2022-09-01T14:45:00-00:00,2022-09-01,08,KERNOIL_1_N012,KERNOIL_1_N012,KERNOIL_1_N012,RTPD,MCC,LMP_CONG_PRC,KERNOIL_1_N012,ALL,1,0,3,47
2022-09-01T15:30:00-00:00,2022-09-01T15:45:00-00:00,2022-09-01,09,KERNOIL_1_N012,KERNOIL_1_N012,KERNOIL_1_N012,RTPD,MCC,LMP_CONG_PRC,KERNOIL_1_N012,ALL,1,0,3,47
2022-09-01T16:30:00-00:00,2022-09-01T16:45:00-00:00,2022-09-01,10,KERNOIL_1_N012,KERNOIL_1_N012,KERNOIL_1_N012,RTPD,MCC,LMP_CONG_PRC,KERNOIL_1_N012,ALL,1,-16.7515,3,47
2022-09-01T17:30:00-00:00,2022-09-01T17:45:00-00:00,2022-09-01,11,KERNOIL_1_N012,KERNOIL_1_N012,KERNOIL_1_N012,RTPD,MCC,LMP_CONG_PRC,KERNOIL_1_N012,ALL,1,-24.84874,3,47
2022-09-01T18:30:00-00:00,2022-09-01T18:45:00-00:00,2022-09-01,12,KERNOIL_1_N012,KERNOIL_1_N012,KERNOIL_1_N012,RTPD,MCC,LMP_CONG_PRC,KERNOIL_1_N012,ALL,1,-33.56487,3,47
2022-09-01T19:30:00-00:00,2022-09-01T19:45:00-00:00,2022-09-01,13,KERNOIL_1_N012,KERNOIL_1_N012,KERNOIL_1_N012,RTPD,MCC,LMP_CONG_PRC,KERNOIL_1_N012,ALL,1,-15.4232,3,47
2022-09-01T20:30:00-00:00,2022-09-01T20:45:00-00:00,2022-09-01,14,KERNOIL_1_N012,KERNOIL_1_N012,KERNOIL_1_N012,RTPD,MCC,LMP_CONG_PRC,KERNOIL_1_N012,ALL,1,-15.57228,3,47
2022-09-01T21:30:00-00:00,2022-09-01T21:45:00-00:00,2022-09-01,15,KERNOIL_1_N012,KERNOIL_1_N012,KERNOIL_1_N012,RTPD,MCC,LMP_CONG_PRC,KERNOIL_1_N012,ALL,1,-30.03526,3,47
2022-09-01T22:30:00-00:00,2022-09-01T22:45:00-00:00,2022-09-01,16,KERNOIL_1_N012,KERNOIL_1_N012,KERNOIL_1_N012,RTPD,MCC,LMP_CONG_PRC,KERNOIL_1_N012,ALL,1,-46.34322,3,47
2022-09-01T23:30:00-00:00,2022-09-01T23:45:00-00:00,2022-09-01,17,KERNOIL_1_N012,KERNOIL_1_N012,KERNOIL_1_N012,RTPD,MCC,LMP_CONG_PRC,KERNOIL_1_N012,ALL,1,76,3,47
2022-09-02T00:30:00-00:00,2022-09-02T00:45:00-00:00,2022-09-01,18,KERNOIL_1_N012,KERNOIL_1_N012,KERNOIL_1_N012,RTPD,MCC,LMP_CONG_PRC,KERNOIL_1_N012,ALL,1,342.8513,3,47
2022-09-02T01:30:00-00:00,2022-09-02T01:45:00-00:00,2022-09-01,19,KERNOIL_1_N012,KERNOIL_1_N012,KERNOIL_1_N012,RTPD,MCC,LMP_CONG_PRC,KERNOIL_1_N012,ALL,1,0,3,47
2022-09-02T02:30:00-00:00,2022-09-02T02:45:00-00:00,2022-09-01,20,KERNOIL_1_N012,KERNOIL_1_N012,KERNOIL_1_N012,RTPD,MCC,LMP_CONG_PRC,KERNOIL_1_N012,ALL,1,0,3,47
2022-09-02T03:30:00-00:00,2022-09-02T03:45:00-00:00,2022-09-01,21,KERNOIL_1_N012,KERNOIL_1_N012,KERNOIL_1_N012,RTPD,MCC,LMP_CONG_PRC,KERNOIL_1_N012,ALL,1,31.45089,3,47
2022-09-02T04:30:00-00:00,2022-09-02T04:45:00-00:00,2022-09-01,22,KERNOIL_1_N012,KERNOIL_1_N012,KERNOIL_1_N012,RTPD,MCC,LMP_CONG_PRC,KERNOIL_1_N012,ALL,1,87.30269,3,47
2022-09-02T05:30:00-00:00,2022-09-02T05:45:00-00:00,2022-09-01,23,KERNOIL_1_N012,KERNOIL_1_N012,KERNOIL_1_N012,RTPD,MCC,LMP_CONG_PRC,KERNOIL_1_N012,ALL,1,12.9251,3,47
2022-09-02T06:30:00-00:00,2022-09-02T06:45:00-00:00,2022-09-01,24,KERNOIL_1_N012,KERNOIL_1_N012,KERNOIL_1_N012,RTPD,MCC,LMP_CONG_PRC,KERNOIL_1_N012,ALL,1,12.16328,3,47
2022-09-01T07:45:00-00:00,2022-09-01T08:00:00-00:00,2022-09-01,01,KERNOIL_1_N012,KERNOIL_1_N012,KERNOIL_1_N012,RTPD,MCC,LMP_CONG_PRC,KERNOIL_1_N012,ALL,1,-22.6513,4,47
2022-09-01T08:45:00-00:00,2022-09-01T09:00:00-00:00,2022-09-01,02,KERNOIL_1_N012,KERNOIL_1_N012,KERNOIL_1_N012,RTPD,MCC,LMP_CONG_PRC,KERNOIL_1_N012,ALL,1,-5.52947,4,47
2022-09-01T09:45:00-00:00,2022-09-01T10:00:00-00:00,2022-09-01,03,KERNOIL_1_N012,KERNOIL_1_N012,KERNOIL_1_N012,RTPD,MCC,LMP_CONG_PRC,KERNOIL_1_N012,ALL,1,-6.39784,4,47
2022-09-01T10:45:00-00:00,2022-09-01T11:00:00-00:00,2022-09-01,04,KERNOIL_1_N012,KERNOIL_1_N012,KERNOIL_1_N012,RTPD,MCC,LMP_CONG_PRC,KERNOIL_1_N012,ALL,1,-1.50033,4,47
2022-09-01T11:45:00-00:00,2022-09-01T12:00:00-00:00,2022-09-01,05,KERNOIL_1_N012,KERNOIL_1_N012,KERNOIL_1_N012,RTPD,MCC,LMP_CONG_PRC,KERNOIL_1_N012,ALL,1,0,4,47
2022-09-01T12:45:00-00:00,2022-09-01T13:00:00-00:00,2022-09-01,06,KERNOIL_1_N012,KERNOIL_1_N012,KERNOIL_1_N012,RTPD,MCC,LMP_CONG_PRC,KERNOIL_1_N012,ALL,1,-2.89845,4,47
2022-09-01T13:45:00-00:00,2022-09-01T14:00:00-00:00,2022-09-01,07,KERNOIL_1_N012,KERNOIL_1_N012,KERNOIL_1_N012,RTPD,MCC,LMP_CONG_PRC,KERNOIL_1_N012,ALL,1,0,4,47
2022-09-01T14:45:00-00:00,2022-09-01T15:00:00-00:00,2022-09-01,08,KERNOIL_1_N012,KERNOIL_1_N012,KERNOIL_1_N012,RTPD,MCC,LMP_CONG_PRC,KERNOIL_1_N012,ALL,1,0,4,47
2022-09-01T15:45:00-00:00,2022-09-01T16:00:00-00:00,2022-09-01,09,KERNOIL_1_N012,KERNOIL_1_N012,KERNOIL_1_N012,RTPD,MCC,LMP_CONG_PRC,KERNOIL_1_N012,ALL,1,0,4,47
2022-09-01T16:45:00-00:00,2022-09-01T17:00:00-00:00,2022-09-01,10,KERNOIL_1_N012,KERNOIL_1_N012,KERNOIL_1_N012,RTPD,MCC,LMP_CONG_PRC,KERNOIL_1_N012,ALL,1,-15.15434,4,47
2022-09-01T17:45:00-00:00,2022-09-01T18:00:00-00:00,2022-09-01,11,KERNOIL_1_N012,KERNOIL_1_N012,KERNOIL_1_N012,RTPD,MCC,LMP_CONG_PRC,KERNOIL_1_N012,ALL,1,-24.57445,4,47
2022-09-01T18:45:00-00:00,2022-09-01T19:00:00-00:00,2022-09-01,12,KERNOIL_1_N012,KERNOIL_1_N012,KERNOIL_1_N012,RTPD,MCC,LMP_CONG_PRC,KERNOIL_1_N012,ALL,1,-33.4364,4,47
2022-09-01T19:45:00-00:00,2022-09-01T20:00:00-00:00,2022-09-01,13,KERNOIL_1_N012,KERNOIL_1_N012,KERNOIL_1_N012,RTPD,MCC,LMP_CONG_PRC,KERNOIL_1_N012,ALL,1,-16.71163,4,47
2022-09-01T20:45:00-00:00,2022-09-01T21:00:00-00:00,2022-09-01,14,KERNOIL_1_N012,KERNOIL_1_N012,KERNOIL_1_N012,RTPD,MCC,LMP_CONG_PRC,KERNOIL_1_N012,ALL,1,-34.57817,4,47
2022-09-01T21:45:00-00:00,2022-09-01T22:00:00-00:00,2022-09-01,15,KERNOIL_1_N012,KERNOIL_1_N012,KERNOIL_1_N012,RTPD,MCC,LMP_CONG_PRC,KERNOIL_1_N012,ALL,1,-109.11985,4,47
2022-09-01T22:45:00-00:00,2022-09-01T23:00:00-00:00,2022-09-01,16,KERNOIL_1_N012,KERNOIL_1_N012,KERNOIL_1_N012,RTPD,MCC,LMP_CONG_PRC,KERNOIL_1_N012,ALL,1,-214.92743,4,47
2022-09-01T23:45:00-00:00,2022-09-02T00:00:00-00:00,2022-09-01,17,KERNOIL_1_N012,KERNOIL_1_N012,KERNOIL_1_N012,RTPD,MCC,LMP_CONG_PRC,KERNOIL_1_N012,ALL,1,298.64114,4,47
2022-09-02T00:45:00-00:00,2022-09-02T01:00:00-00:00,2022-09-01,18,KERNOIL_1_N012,KERNOIL_1_N012,KERNOIL_1_N012,RTPD,MCC,LMP_CONG_PRC,KERNOIL_1_N012,ALL,1,265.86285,4,47
2022-09-02T01:45:00-00:00,2022-09-02T02:00:00-00:00,2022-09-01,19,KERNOIL_1_N012,KERNOIL_1_N012,KERNOIL_1_N012,RTPD,MCC,LMP_CONG_PRC,KERNOIL_1_N012,ALL,1,0,4,47
2022-09-02T02:45:00-00:00,2022-09-02T03:00:00-00:00,2022-09-01,20,KERNOIL_1_N012,KERNOIL_1_N012,KERNOIL_1_N012,RTPD,MCC,LMP_CONG_PRC,KERNOIL_1_N012,ALL,1,147.7253,4,47
2022-09-02T03:45:00-00:00,2022-09-02T04:00:00-00:00,2022-09-01,21,KERNOIL_1_N012,KERNOIL_1_N012,KERNOIL_1_N012,RTPD,MCC,LMP_CONG_PRC,KERNOIL_1_N012,ALL,1,20.38722,4,47
2022-09-02T04:45:00-00:00,2022-09-02T05:00:00-00:00,2022-09-01,22,KERNOIL_1_N012,KERNOIL_1_N012,KERNOIL_1_N012,RTPD,MCC,LMP_CONG_PRC,KERNOIL_1_N012,ALL,1,13.88123,4,47
2022-09-02T05:45:00-00:00,2022-09-02T06:00:00-00:00,2022-09-01,23,KERNOIL_1_N012,KERNOIL_1_N012,KERNOIL_1_N012,RTPD,MCC,LMP_CONG_PRC,KERNOIL_1_N012,ALL,1,47.36011,4,47
2022-09-02T06:45:00-00:00,2022-09-02T07:00:00-00:00,2022-09-01,24,KERNOIL_1_N012,KERNOIL_1_N012,KERNOIL_1_N012,RTPD,MCC,LMP_CONG_PRC,KERNOIL_1_N012,ALL,1,7.60585,4,47
2022-09-01T07:00:00-00:00,2022-09-01T07:15:00-00:00,2022-09-01,01,KERNOIL_1_N012,KERNOIL_1_N012,KERNOIL_1_N012,RTPD,MCE,LMP_ENE_PRC,KERNOIL_1_N012,ALL,1,104.23471,1,48
2022-09-01T08:00:00-00:00,2022-09-01T08:15:00-00:00,2022-09-01,02,KERNOIL_1_N012,KERNOIL_1_N012,KERNOIL_1_N012,RTPD,MCE,LMP_ENE_PRC,KERNOIL_1_N012,ALL,1,115.5488,1,48
2022-09-01T09:00:00-00:00,2022-09-01T09:15:00-00:00,2022-09-01,03,KERNOIL_1_N012,KERNOIL_1_N012,KERNOIL_1_N012,RTPD,MCE,LMP_ENE_PRC,KERNOIL_1_N012,ALL,1,99.73061,1,48
2022-09-01T10:00:00-00:00,2022-09-01T10:15:00-00:00,2022-09-01,04,KERNOIL_1_N012,KERNOIL_1_N012,KERNOIL_1_N012,RTPD,MCE,LMP_ENE_PRC,KERNOIL_1_N012,ALL,1,98.64222,1,48
2022-09-01T11:00:00-00:00,2022-09-01T11:15:00-00:00,2022-09-01,05,KERNOIL_1_N012,KERNOIL_1_N012,KERNOIL_1_N012,RTPD,MCE,LMP_ENE_PRC,KERNOIL_1_N012,ALL,1,102.56859,1,48
2022-09-01T12:00:00-00:00,2022-09-01T12:15:00-00:00,2022-09-01,06,KERNOIL_1_N012,KERNOIL_1_N012,KERNOIL_1_N012,RTPD,MCE,LMP_ENE_PRC,KERNOIL_1_N012,ALL,1,96.90845,1,48
2022-09-01T13:00:00-00:00,2022-09-01T13:15:00-00:00,2022-09-01,07,KERNOIL_1_N012,KERNOIL_1_N012,KERNOIL_1_N012,RTPD,MCE,LMP_ENE_PRC,KERNOIL_1_N012,ALL,1,101.80878,1,48
2022-09-01T14:00:00-00:00,2022-09-01T14:15:00-00:00,2022-09-01,08,KERNOIL_1_N012,KERNOIL_1_N012,KERNOIL_1_N012,RTPD,MCE,LMP_ENE_PRC,KERNOIL_1_N012,ALL,1,111.11219,1,48
2022-09-01T15:00:00-00:00,2022-09-01T15:15:00-00:00,2022-09-01,09,KERNOIL_1_N012,KERNOIL_1_N012,KERNOIL_1_N012,RTPD,MCE,LMP_ENE_PRC,KERNOIL_1_N012,ALL,1,97.4112,1,48
2022-09-01T16:00:00-00:00,2022-09-01T16:15:00-00:00,2022-09-01,10,KERNOIL_1_N012,KERNOIL_1_N012,KERNOIL_1_N012,RTPD,MCE,LMP_ENE_PRC,KERNOIL_1_N012,ALL,1,83.43525,1,48
2022-09-01T17:00:00-00:00,2022-09-01T17:15:00-00:00,2022-09-01,11,KERNOIL_1_N012,KERNOIL_1_N012,KERNOIL_1_N012,RTPD,MCE,LMP_ENE_PRC,KERNOIL_1_N012,ALL,1,96.94897,1,48
2022-09-01T18:00:00-00:00,2022-09-01T18:15:00-00:00,2022-09-01,12,KERNOIL_1_N012,KERNOIL_1_N012,KERNOIL_1_N012,RTPD,MCE,LMP_ENE_PRC,KERNOIL_1_N012,ALL,1,91.59291,1,48
2022-09-01T19:00:00-00:00,2022-09-01T19:15:00-00:00,2022-09-01,13,KERNOIL_1_N012,KERNOIL_1_N012,KERNOIL_1_N012,RTPD,MCE,LMP_ENE_PRC,KERNOIL_1_N012,ALL,1,109.19637,1,48
2022-09-01T20:00:00-00:00,2022-09-01T20:15:00-00:00,2022-09-01,14,KERNOIL_1_N012,KERNOIL_1_N012,KERNOIL_1_N012,RTPD,MCE,LMP_ENE_PRC,KERNOIL_1_N012,ALL,1,117.94359,1,48
2022-09-01T21:00:00-00:00,2022-09-01T21:15:00-00:00,2022-09-01,15,KERNOIL_1_N012,KERNOIL_1_N012,KERNOIL_1_N012,RTPD,MCE,LMP_ENE_PRC,KERNOIL_1_N012,ALL,1,226.61499,1,48
2022-09-01T22:00:00-00:00,2022-09-01T22:15:00-00:00,2022-09-01,16,KERNOIL_1_N012,KERNOIL_1_N012,KERNOIL_1_N012,RTPD,MCE,LMP_ENE_PRC,KERNOIL_1_N012,ALL,1,229.18552,1,48
2022-09-01T23:00:00-00:00,2022-09-01T23:15:00-00:00,2022-09-01,17,KERNOIL_1_N012,KERNOIL_1_N012,KERNOIL_1_N012,RTPD,MCE,LMP_ENE_PRC,KERNOIL_1_N012,ALL,1,386.7537,1,48
2022-09-02T00:00:00-00:00,2022-09-02T00:15:00-00:00,2022-09-01,18,KERNOIL_1_N012,KERNOIL_1_N012,KERNOIL_1_N012,RTPD,MCE,LMP_ENE_PRC,KERNOIL_1_N012,ALL,1,770.58136,1,48
2022-09-02T01:00:00-00:00,2022-09-02T01:15:00-00:00,2022-09-01,19,KERNOIL_1_N012,KERNOIL_1_N012,KERNOIL_1_N012,RTPD,MCE,LMP_ENE_PRC,KERNOIL_1_N012,ALL,1,916.27124,1,48
2022-09-02T02:00:00-00:00,2022-09-02T02:15:00-00:00,2022-09-01,20,KERNOIL_1_N012,KERNOIL_1_N012,KERNOIL_1_N012,RTPD,MCE,LMP_ENE_PRC,KERNOIL_1_N012,ALL,1,1991.6721,1,48
2022-09-02T03:00:00-00:00,2022-09-02T03:15:00-00:00,2022-09-01,21,KERNOIL_1_N012,KERNOIL_1_N012,KERNOIL_1_N012,RTPD,MCE,LMP_ENE_PRC,KERNOIL_1_N012,ALL,1,917.5508,1,48
2022-09-02T04:00:00-00:00,2022-09-02T04:15:00-00:00,2022-09-01,22,KERNOIL_1_N012,KERNOIL_1_N012,KERNOIL_1_N012,RTPD,MCE,LMP_ENE_PRC,KERNOIL_1_N012,ALL,1,257.83005,1,48
2022-09-02T05:00:00-00:00,2022-09-02T05:15:00-00:00,2022-09-01,23,KERNOIL_1_N012,KERNOIL_1_N012,KERNOIL_1_N012,RTPD,MCE,LMP_ENE_PRC,KERNOIL_1_N012,ALL,1,183.24657,1,48
2022-09-02T06:00:00-00:00,2022-09-02T06:15:00-00:00,2022-09-01,24,KERNOIL_1_N012,KERNOIL_1_N012,KERNOIL_1_N012,RTPD,MCE,LMP_ENE_PRC,KERNOIL_1_N012,ALL,1,158.867,1,48
2022-09-01T07:15:00-00:00,2022-09-01T07:30:00-00:00,2022-09-01,01,KERNOIL_1_N012,KERNOIL_1_N012,KERNOIL_1_N012,RTPD,MCE,LMP_ENE_PRC,KERNOIL_1_N012,ALL,1,125.55144,2,48
2022-09-01T08:15:00-00:00,2022-09-01T08:30:00-00:00,2022-09-01,02,KERNOIL_1_N012,KERNOIL_1_N012,KERNOIL_1_N012,RTPD,MCE,LMP_ENE_PRC,KERNOIL_1_N012,ALL,1,115.53165,2,48
2022-09-01T09:15:00-00:00,2022-09-01T09:30:00-00:00,2022-09-01,03,KERNOIL_1_N012,KERNOIL_1_N012,KERNOIL_1_N012,RTPD,MCE,LMP_ENE_PRC,KERNOIL_1_N012,ALL,1,98.30543,2,48
2022-09-01T10:15:00-00:00,2022-09-01T10:30:00-00:00,2022-09-01,04,KERNOIL_1_N012,KERNOIL_1_N012,KERNOIL_1_N012,RTPD,MCE,LMP_ENE_PRC,KERNOIL_1_N012,ALL,1,97.00684,2,48
2022-09-01T11:15:00-00:00,2022-09-01T11:30:00-00:00,2022-09-01,05,KERNOIL_1_N012,KERNOIL_1_N012,KERNOIL_1_N012,RTPD,MCE,LMP_ENE_PRC,KERNOIL_1_N012,ALL,1,103.09059,2,48
2022-09-01T12:15:00-00:00,2022-09-01T12:30:00-00:00,2022-09-01,06,KERNOIL_1_N012,KERNOIL_1_N012,KERNOIL_1_N012,RTPD,MCE,LMP_ENE_PRC,KERNOIL_1_N012,ALL,1,109.32203,2,48
2022-09-01T13:15:00-00:00,2022-09-01T13:30:00-00:00,2022-09-01,07,KERNOIL_1_N012,KERNOIL_1_N012,KERNOIL_1_N012,RTPD,MCE,LMP_ENE_PRC,KERNOIL_1_N012,ALL,1,110.97827,2,48
2022-09-01T14:15:00-00:00,2022-09-01T14:30:00-00:00,2022-09-01,08,KERNOIL_1_N012,KERNOIL_1_N012,KERNOIL_1_N012,RTPD,MCE,LMP_ENE_PRC,KERNOIL_1_N012,ALL,1,104.78743,2,48
2022-09-01T15:15:00-00:00,2022-09-01T15:30:00-00:00,2022-09-01,09,KERNOIL_1_N012,KERNOIL_1_N012,KERNOIL_1_N012,RTPD,MCE,LMP_ENE_PRC,KERNOIL_1_N012,ALL,1,86.9388,2,48
2022-09-01T16:15:00-00:00,2022-09-01T16:30:00-00:00,2022-09-01,10,KERNOIL_1_N012,KERNOIL_1_N012,KERNOIL_1_N012,RTPD,MCE,LMP_ENE_PRC,KERNOIL_1_N012,ALL,1,89.44858,2,48
2022-09-01T17:15:00-00:00,2022-09-01T17:30:00-00:00,2022-09-01,11,KERNOIL_1_N012,KERNOIL_1_N012,KERNOIL_1_N012,RTPD,MCE,LMP_ENE_PRC,KERNOIL_1_N012,ALL,1,99.34673,2,48
2022-09-01T18:15:00-00:00,2022-09-01T18:30:00-00:00,2022-09-01,12,KERNOIL_1_N012,KERNOIL_1_N012,KERNOIL_1_N012,RTPD,MCE,LMP_ENE_PRC,KERNOIL_1_N012,ALL,1,101.15901,2,48
2022-09-01T19:15:00-00:00,2022-09-01T19:30:00-00:00,2022-09-01,13,KERNOIL_1_N012,KERNOIL_1_N012,KERNOIL_1_N012,RTPD,MCE,LMP_ENE_PRC,KERNOIL_1_N012,ALL,1,105.30588,2,48
2022-09-01T20:15:00-00:00,2022-09-01T20:30:00-00:00,2022-09-01,14,KERNOIL_1_N012,KERNOIL_1_N012,KERNOIL_1_N012,RTPD,MCE,LMP_ENE_PRC,KERNOIL_1_N012,ALL,1,117.49421,2,48
2022-09-01T21:15:00-00:00,2022-09-01T21:30:00-00:00,2022-09-01,15,KERNOIL_1_N012,KERNOIL_1_N012,KERNOIL_1_N012,RTPD,MCE,LMP_ENE_PRC,KERNOIL_1_N012,ALL,1,147.21185,2,48
2022-09-01T22:15:00-00:00,2022-09-01T22:30:00-00:00,2022-09-01,16,KERNOIL_1_N012,KERNOIL_1_N012,KERNOIL_1_N012,RTPD,MCE,LMP_ENE_PRC,KERNOIL_1_N012,ALL,1,256.58734,2,48
2022-09-01T23:15:00-00:00,2022-09-01T23:30:00-00:00,2022-09-01,17,KERNOIL_1_N012,KERNOIL_1_N012,KERNOIL_1_N012,RTPD,MCE,LMP_ENE_PRC,KERNOIL_1_N012,ALL,1,362.12408,2,48
2022-09-02T00:15:00-00:00,2022-09-02T00:30:00-00:00,2022-09-01,18,KERNOIL_1_N012,KERNOIL_1_N012,KERNOIL_1_N012,RTPD,MCE,LMP_ENE_PRC,KERNOIL_1_N012,ALL,1,691.2182,2,48
2022-09-02T01:15:00-00:00,2022-09-02T01:30:00-00:00,2022-09-01,19,KERNOIL_1_N012,KERNOIL_1_N012,KERNOIL_1_N012,RTPD,MCE,LMP_ENE_PRC,KERNOIL_1_N012,ALL,1,1999.9933,2,48
2022-09-02T02:15:00-00:00,2022-09-02T02:30:00-00:00,2022-09-01,20,KERNOIL_1_N012,KERNOIL_1_N012,KERNOIL_1_N012,RTPD,MCE,LMP_ENE_PRC,KERNOIL_1_N012,ALL,1,1991.6721,2,48
2022-09-02T03:15:00-00:00,2022-09-02T03:30:00-00:00,2022-09-01,21,KERNOIL_1_N012,KERNOIL_1_N012,KERNOIL_1_N012,RTPD,MCE,LMP_ENE_PRC,KERNOIL_1_N012,ALL,1,400.52884,2,48
2022-09-02T04:15:00-00:00,2022-09-02T04:30:00-00:00,2022-09-01,22,KERNOIL_1_N012,KERNOIL_1_N012,KERNOIL_1_N012,RTPD,MCE,LMP_ENE_PRC,KERNOIL_1_N012,ALL,1,224.75041,2,48
2022-09-02T05:15:00-00:00,2022-09-02T05:30:00-00:00,2022-09-01,23,KERNOIL_1_N012,KERNOIL_1_N012,KERNOIL_1_N012,RTPD,MCE,LMP_ENE_PRC,KERNOIL_1_N012,ALL,1,157.11986,2,48
2022-09-02T06:15:00-00:00,2022-09-02T06:30:00-00:00,2022-09-01,24,KERNOIL_1_N012,KERNOIL_1_N012,KERNOIL_1_N012,RTPD,MCE,LMP_ENE_PRC,KERNOIL_1_N012,ALL,1,143.1005,2,48
2022-09-01T07:30:00-00:00,2022-09-01T07:45:00-00:00,2022-09-01,01,KERNOIL_1_N012,KERNOIL_1_N012,KERNOIL_1_N012,RTPD,MCE,LMP_ENE_PRC,KERNOIL_1_N012,ALL,1,119.03196,3,48
2022-09-01T08:30:00-00:00,2022-09-01T08:45:00-00:00,2022-09-01,02,KERNOIL_1_N012,KERNOIL_1_N012,KERNOIL_1_N012,RTPD,MCE,LMP_ENE_PRC,KERNOIL_1_N012,ALL,1,111.11241,3,48
2022-09-01T09:30:00-00:00,2022-09-01T09:45:00-00:00,2022-09-01,03,KERNOIL_1_N012,KERNOIL_1_N012,KERNOIL_1_N012,RTPD,MCE,LMP_ENE_PRC,KERNOIL_1_N012,ALL,1,98.16228,3,48
2022-09-01T10:30:00-00:00,2022-09-01T10:45:00-00:00,2022-09-01,04,KERNOIL_1_N012,KERNOIL_1_N012,KERNOIL_1_N012,RTPD,MCE,LMP_ENE_PRC,KERNOIL_1_N012,ALL,1,96.36226,3,48
2022-09-01T11:30:00-00:00,2022-09-01T11:45:00-00:00,2022-09-01,05,KERNOIL_1_N012,KERNOIL_1_N012,KERNOIL_1_N012,RTPD,MCE,LMP_ENE_PRC,KERNOIL_1_N012,ALL,1,103.06198,3,48
2022-09-01T12:30:00-00:00,2022-09-01T12:45:00-00:00,2022-09-01,06,KERNOIL_1_N012,KERNOIL_1_N012,KERNOIL_1_N012,RTPD,MCE,LMP_ENE_PRC,KERNOIL_1_N012,ALL,1,113.57403,3,48
2022-09-01T13:30:00-00:00,2022-09-01T13:45:00-00:00,2022-09-01,07,KERNOIL_1_N012,KERNOIL_1_N012,KERNOIL_1_N012,RTPD,MCE,LMP_ENE_PRC,KERNOIL_1_N012,ALL,1,111.52025,3,48
2022-09-01T14:30:00-00:00,2022-09-01T14:45:00-00:00,2022-09-01,08,KERNOIL_1_N012,KERNOIL_1_N012,KERNOIL_1_N012,RTPD,MCE,LMP_ENE_PRC,KERNOIL_1_N012,ALL,1,101.83428,3,48
2022-09-01T15:30:00-00:00,2022-09-01T15:45:00-00:00,2022-09-01,09,KERNOIL_1_N012,KERNOIL_1_N012,KERNOIL_1_N012,RTPD,MCE,LMP_ENE_PRC,KERNOIL_1_N012,ALL,1,86.1388,3,48
2022-09-01T16:30:00-00:00,2022-09-01T16:45:00-00:00,2022-09-01,10,KERNOIL_1_N012,KERNOIL_1_N012,KERNOIL_1_N012,RTPD,MCE,LMP_ENE_PRC,KERNOIL_1_N012,ALL,1,88.79644,3,48
2022-09-01T17:30:00-00:00,2022-09-01T17:45:00-00:00,2022-09-01,11,KERNOIL_1_N012,KERNOIL_1_N012,KERNOIL_1_N012,RTPD,MCE,LMP_ENE_PRC,KERNOIL_1_N012,ALL,1,99.13013,3,48
2022-09-01T18:30:00-00:00,2022-09-01T18:45:00-00:00,2022-09-01,12,KERNOIL_1_N012,KERNOIL_1_N012,KERNOIL_1_N012,RTPD,MCE,LMP_ENE_PRC,KERNOIL_1_N012,ALL,1,107.05718,3,48
2022-09-01T19:30:00-00:00,2022-09-01T19:45:00-00:00,2022-09-01,13,KERNOIL_1_N012,KERNOIL_1_N012,KERNOIL_1_N012,RTPD,MCE,LMP_ENE_PRC,KERNOIL_1_N012,ALL,1,114.05905,3,48
2022-09-01T20:30:00-00:00,2022-09-01T20:45:00-00:00,2022-09-01,14,KERNOIL_1_N012,KERNOIL_1_N012,KERNOIL_1_N012,RTPD,MCE,LMP_ENE_PRC,KERNOIL_1_N012,ALL,1,129.81606,3,48
2022-09-01T21:30:00-00:00,2022-09-01T21:45:00-00:00,2022-09-01,15,KERNOIL_1_N012,KERNOIL_1_N012,KERNOIL_1_N012,RTPD,MCE,LMP_ENE_PRC,KERNOIL_1_N012,ALL,1,152.93057,3,48
2022-09-01T22:30:00-00:00,2022-09-01T22:45:00-00:00,2022-09-01,16,KERNOIL_1_N012,KERNOIL_1_N012,KERNOIL_1_N012,RTPD,MCE,LMP_ENE_PRC,KERNOIL_1_N012,ALL,1,283.18182,3,48
2022-09-01T23:30:00-00:00,2022-09-01T23:45:00-00:00,2022-09-01,17,KERNOIL_1_N012,KERNOIL_1_N012,KERNOIL_1_N012,RTPD,MCE,LMP_ENE_PRC,KERNOIL_1_N012,ALL,1,566.48157,3,48
2022-09-02T00:30:00-00:00,2022-09-02T00:45:00-00:00,2022-09-01,18,KERNOIL_1_N012,KERNOIL_1_N012,KERNOIL_1_N012,RTPD,MCE,LMP_ENE_PRC,KERNOIL_1_N012,ALL,1,1329.1127,3,48
2022-09-02T01:30:00-00:00,2022-09-02T01:45:00-00:00,2022-09-01,19,KERNOIL_1_N012,KERNOIL_1_N012,KERNOIL_1_N012,RTPD,MCE,LMP_ENE_PRC,KERNOIL_1_N012,ALL,1,1999.9956,3,48
2022-09-02T02:30:00-00:00,2022-09-02T02:45:00-00:00,2022-09-01,20,KERNOIL_1_N012,KERNOIL_1_N012,KERNOIL_1_N012,RTPD,MCE,LMP_ENE_PRC,KERNOIL_1_N012,ALL,1,1991.671,3,48
2022-09-02T03:30:00-00:00,2022-09-02T03:45:00-00:00,2022-09-01,21,KERNOIL_1_N012,KERNOIL_1_N012,KERNOIL_1_N012,RTPD,MCE,LMP_ENE_PRC,KERNOIL_1_N012,ALL,1,186.61823,3,48
2022-09-02T04:30:00-00:00,2022-09-02T04:45:00-00:00,2022-09-01,22,KERNOIL_1_N012,KERNOIL_1_N012,KERNOIL_1_N012,RTPD,MCE,LMP_ENE_PRC,KERNOIL_1_N012,ALL,1,180.67824,3,48
2022-09-02T05:30:00-00:00,2022-09-02T05:45:00-00:00,2022-09-01,23,KERNOIL_1_N012,KERNOIL_1_N012,KERNOIL_1_N012,RTPD,MCE,LMP_ENE_PRC,KERNOIL_1_N012,ALL,1,131.69917,3,48
2022-09-02T06:30:00-00:00,2022-09-02T06:45:00-00:00,2022-09-01,24,KERNOIL_1_N012,KERNOIL_1_N012,KERNOIL_1_N012,RTPD,MCE,LMP_ENE_PRC,KERNOIL_1_N012,ALL,1,128.9871,3,48
2022-09-01T07:45:00-00:00,2022-09-01T08:00:00-00:00,2022-09-01,01,KERNOIL_1_N012,KERNOIL_1_N012,KERNOIL_1_N012,RTPD,MCE,LMP_ENE_PRC,KERNOIL_1_N012,ALL,1,109.12099,4,48
2022-09-01T08:45:00-00:00,2022-09-01T09:00:00-00:00,2022-09-01,02,KERNOIL_1_N012,KERNOIL_1_N012,KERNOIL_1_N012,RTPD,MCE,LMP_ENE_PRC,KERNOIL_1_N012,ALL,1,98.7357,4,48
2022-09-01T09:45:00-00:00,2022-09-01T10:00:00-00:00,2022-09-01,03,KERNOIL_1_N012,KERNOIL_1_N012,KERNOIL_1_N012,RTPD,MCE,LMP_ENE_PRC,KERNOIL_1_N012,ALL,1,97.50475,4,48
2022-09-01T10:45:00-00:00,2022-09-01T11:00:00-00:00,2022-09-01,04,KERNOIL_1_N012,KERNOIL_1_N012,KERNOIL_1_N012,RTPD,MCE,LMP_ENE_PRC,KERNOIL_1_N012,ALL,1,94.71966,4,48
2022-09-01T11:45:00-00:00,2022-09-01T12:00:00-00:00,2022-09-01,05,KERNOIL_1_N012,KERNOIL_1_N012,KERNOIL_1_N012,RTPD,MCE,LMP_ENE_PRC,KERNOIL_1_N012,ALL,1,107.01,4,48
2022-09-01T12:45:00-00:00,2022-09-01T13:00:00-00:00,2022-09-01,06,KERNOIL_1_N012,KERNOIL_1_N012,KERNOIL_1_N012,RTPD,MCE,LMP_ENE_PRC,KERNOIL_1_N012,ALL,1,116.4848,4,48
2022-09-01T13:45:00-00:00,2022-09-01T14:00:00-00:00,2022-09-01,07,KERNOIL_1_N012,KERNOIL_1_N012,KERNOIL_1_N012,RTPD,MCE,LMP_ENE_PRC,KERNOIL_1_N012,ALL,1,111.41,4,48
2022-09-01T14:45:00-00:00,2022-09-01T15:00:00-00:00,2022-09-01,08,KERNOIL_1_N012,KERNOIL_1_N012,KERNOIL_1_N012,RTPD,MCE,LMP_ENE_PRC,KERNOIL_1_N012,ALL,1,86.1388,4,48
2022-09-01T15:45:00-00:00,2022-09-01T16:00:00-00:00,2022-09-01,09,KERNOIL_1_N012,KERNOIL_1_N012,KERNOIL_1_N012,RTPD,MCE,LMP_ENE_PRC,KERNOIL_1_N012,ALL,1,78.70076,4,48
2022-09-01T16:45:00-00:00,2022-09-01T17:00:00-00:00,2022-09-01,10,KERNOIL_1_N012,KERNOIL_1_N012,KERNOIL_1_N012,RTPD,MCE,LMP_ENE_PRC,KERNOIL_1_N012,ALL,1,91.24933,4,48
2022-09-01T17:45:00-00:00,2022-09-01T18:00:00-00:00,2022-09-01,11,KERNOIL_1_N012,KERNOIL_1_N012,KERNOIL_1_N012,RTPD,MCE,LMP_ENE_PRC,KERNOIL_1_N012,ALL,1,99.20544,4,48
2022-09-01T18:45:00-00:00,2022-09-01T19:00:00-00:00,2022-09-01,12,KERNOIL_1_N012,KERNOIL_1_N012,KERNOIL_1_N012,RTPD,MCE,LMP_ENE_PRC,KERNOIL_1_N012,ALL,1,109.04064,4,48
2022-09-01T19:45:00-00:00,2022-09-01T20:00:00-00:00,2022-09-01,13,KERNOIL_1_N012,KERNOIL_1_N012,KERNOIL_1_N012,RTPD,MCE,LMP_ENE_PRC,KERNOIL_1_N012,ALL,1,120.22491,4,48
2022-09-01T20:45:00-00:00,2022-09-01T21:00:00-00:00,2022-09-01,14,KERNOIL_1_N012,KERNOIL_1_N012,KERNOIL_1_N012,RTPD,MCE,LMP_ENE_PRC,KERNOIL_1_N012,ALL,1,154.02509,4,48
2022-09-01T21:45:00-00:00,2022-09-01T22:00:00-00:00,2022-09-01,15,KERNOIL_1_N012,KERNOIL_1_N012,KERNOIL_1_N012,RTPD,MCE,LMP_ENE_PRC,KERNOIL_1_N012,ALL,1,300.29376,4,48
2022-09-01T22:45:00-00:00,2022-09-01T23:00:00-00:00,2022-09-01,16,KERNOIL_1_N012,KERNOIL_1_N012,KERNOIL_1_N012,RTPD,MCE,LMP_ENE_PRC,KERNOIL_1_N012,ALL,1,429.9137,4,48
2022-09-01T23:45:00-00:00,2022-09-02T00:00:00-00:00,2022-09-01,17,KERNOIL_1_N012,KERNOIL_1_N012,KERNOIL_1_N012,RTPD,MCE,LMP_ENE_PRC,KERNOIL_1_N012,ALL,1,1261.2124,4,48
2022-09-02T00:45:00-00:00,2022-09-02T01:00:00-00:00,2022-09-01,18,KERNOIL_1_N012,KERNOIL_1_N012,KERNOIL_1_N012,RTPD,MCE,LMP_ENE_PRC,KERNOIL_1_N012,ALL,1,1519.149,4,48
2022-09-02T01:45:00-00:00,2022-09-02T02:00:00-00:00,2022-09-01,19,KERNOIL_1_N012,KERNOIL_1_N012,KERNOIL_1_N012,RTPD,MCE,LMP_ENE_PRC,KERNOIL_1_N012,ALL,1,1991.9337,4,48
2022-09-02T02:45:00-00:00,2022-09-02T03:00:00-00:00,2022-09-01,20,KERNOIL_1_N012,KERNOIL_1_N012,KERNOIL_1_N012,RTPD,MCE,LMP_ENE_PRC,KERNOIL_1_N012,ALL,1,1629.6213,4,48
2022-09-02T03:45:00-00:00,2022-09-02T04:00:00-00:00,2022-09-01,21,KERNOIL_1_N012,KERNOIL_1_N012,KERNOIL_1_N012,RTPD,MCE,LMP_ENE_PRC,KERNOIL_1_N012,ALL,1,141.13702,4,48
2022-09-02T04:45:00-00:00,2022-09-02T05:00:00-00:00,2022-09-01,22,KERNOIL_1_N012,KERNOIL_1_N012,KERNOIL_1_N012,RTPD,MCE,LMP_ENE_PRC,KERNOIL_1_N012,ALL,1,126.76372,4,48
2022-09-02T05:45:00-00:00,2022-09-02T06:00:00-00:00,2022-09-01,23,KERNOIL_1_N012,KERNOIL_1_N012,KERNOIL_1_N012,RTPD,MCE,LMP_ENE_PRC,KERNOIL_1_N012,ALL,1,119.00958,4,48
2022-09-02T06:45:00-00:00,2022-09-02T07:00:00-00:00,2022-09-01,24,KERNOIL_1_N012,KERNOIL_1_N012,KERNOIL_1_N012,RTPD,MCE,LMP_ENE_PRC,KERNOIL_1_N012,ALL,1,109.20324,4,48
2022-09-01T07:00:00-00:00,2022-09-01T07:15:00-00:00,2022-09-01,01,KERNOIL_1_N012,KERNOIL_1_N012,KERNOIL_1_N012,RTPD,MCL,LMP_LOSS_PRC,KERNOIL_1_N012,ALL,1,-1.78241,1,49
2022-09-01T08:00:00-00:00,2022-09-01T08:15:00-00:00,2022-09-01,02,KERNOIL_1_N012,KERNOIL_1_N012,KERNOIL_1_N012,RTPD,MCL,LMP_LOSS_PRC,KERNOIL_1_N012,ALL,1,0,1,49
2022-09-01T09:00:00-00:00,2022-09-01T09:15:00-00:00,2022-09-01,03,KERNOIL_1_N012,KERNOIL_1_N012,KERNOIL_1_N012,RTPD,MCL,LMP_LOSS_PRC,KERNOIL_1_N012,ALL,1,6.69192,1,49
2022-09-01T10:00:00-00:00,2022-09-01T10:15:00-00:00,2022-09-01,04,KERNOIL_1_N012,KERNOIL_1_N012,KERNOIL_1_N012,RTPD,MCL,LMP_LOSS_PRC,KERNOIL_1_N012,ALL,1,7.04305,1,49
2022-09-01T11:00:00-00:00,2022-09-01T11:15:00-00:00,2022-09-01,05,KERNOIL_1_N012,KERNOIL_1_N012,KERNOIL_1_N012,RTPD,MCL,LMP_LOSS_PRC,KERNOIL_1_N012,ALL,1,7.13877,1,49
2022-09-01T12:00:00-00:00,2022-09-01T12:15:00-00:00,2022-09-01,06,KERNOIL_1_N012,KERNOIL_1_N012,KERNOIL_1_N012,RTPD,MCL,LMP_LOSS_PRC,KERNOIL_1_N012,ALL,1,6.50256,1,49
2022-09-01T13:00:00-00:00,2022-09-01T13:15:00-00:00,2022-09-01,07,KERNOIL_1_N012,KERNOIL_1_N012,KERNOIL_1_N012,RTPD,MCL,LMP_LOSS_PRC,KERNOIL_1_N012,ALL,1,0,1,49
2022-09-01T14:00:00-00:00,2022-09-01T14:15:00-00:00,2022-09-01,08,KERNOIL_1_N012,KERNOIL_1_N012,KERNOIL_1_N012,RTPD,MCL,LMP_LOSS_PRC,KERNOIL_1_N012,ALL,1,6.66673,1,49
2022-09-01T15:00:00-00:00,2022-09-01T15:15:00-00:00,2022-09-01,09,KERNOIL_1_N012,KERNOIL_1_N012,KERNOIL_1_N012,RTPD,MCL,LMP_LOSS_PRC,KERNOIL_1_N012,ALL,1,0,1,49
2022-09-01T16:00:00-00:00,2022-09-01T16:15:00-00:00,2022-09-01,10,KERNOIL_1_N012,KERNOIL_1_N012,KERNOIL_1_N012,RTPD,MCL,LMP_LOSS_PRC,KERNOIL_1_N012,ALL,1,0,1,49
2022-09-01T17:00:00-00:00,2022-09-01T17:15:00-00:00,2022-09-01,11,KERNOIL_1_N012,KERNOIL_1_N012,KERNOIL_1_N012,RTPD,MCL,LMP_LOSS_PRC,KERNOIL_1_N012,ALL,1,0,1,49
2022-09-01T18:00:00-00:00,2022-09-01T18:15:00-00:00,2022-09-01,12,KERNOIL_1_N012,KERNOIL_1_N012,KERNOIL_1_N012,RTPD,MCL,LMP_LOSS_PRC,KERNOIL_1_N012,ALL,1,0,1,49
2022-09-01T19:00:00-00:00,2022-09-01T19:15:00-00:00,2022-09-01,13,KERNOIL_1_N012,KERNOIL_1_N012,KERNOIL_1_N012,RTPD,MCL,LMP_LOSS_PRC,KERNOIL_1_N012,ALL,1,0,1,49
2022-09-01T20:00:00-00:00,2022-09-01T20:15:00-00:00,2022-09-01,14,KERNOIL_1_N012,KERNOIL_1_N012,KERNOIL_1_N012,RTPD,MCL,LMP_LOSS_PRC,KERNOIL_1_N012,ALL,1,0,1,49
2022-09-01T21:00:00-00:00,2022-09-01T21:15:00-00:00,2022-09-01,15,KERNOIL_1_N012,KERNOIL_1_N012,KERNOIL_1_N012,RTPD,MCL,LMP_LOSS_PRC,KERNOIL_1_N012,ALL,1,0,1,49
2022-09-01T22:00:00-00:00,2022-09-01T22:15:00-00:00,2022-09-01,16,KERNOIL_1_N012,KERNOIL_1_N012,KERNOIL_1_N012,RTPD,MCL,LMP_LOSS_PRC,KERNOIL_1_N012,ALL,1,0,1,49
2022-09-01T23:00:00-00:00,2022-09-01T23:15:00-00:00,2022-09-01,17,KERNOIL_1_N012,KERNOIL_1_N012,KERNOIL_1_N012,RTPD,MCL,LMP_LOSS_PRC,KERNOIL_1_N012,ALL,1,0,1,49
2022-09-02T00:00:00-00:00,2022-09-02T00:15:00-00:00,2022-09-01,18,KERNOIL_1_N012,KERNOIL_1_N012,KERNOIL_1_N012,RTPD,MCL,LMP_LOSS_PRC,KERNOIL_1_N012,ALL,1,34.83028,1,49
2022-09-02T01:00:00-00:00,2022-09-02T01:15:00-00:00,2022-09-01,19,KERNOIL_1_N012,KERNOIL_1_N012,KERNOIL_1_N012,RTPD,MCL,LMP_LOSS_PRC,KERNOIL_1_N012,ALL,1,0,1,49
2022-09-02T02:00:00-00:00,2022-09-02T02:15:00-00:00,2022-09-01,20,KERNOIL_1_N012,KERNOIL_1_N012,KERNOIL_1_N012,RTPD,MCL,LMP_LOSS_PRC,KERNOIL_1_N012,ALL,1,0,1,49
2022-09-02T03:00:00-00:00,2022-09-02T03:15:00-00:00,2022-09-01,21,KERNOIL_1_N012,KERNOIL_1_N012,KERNOIL_1_N012,RTPD,MCL,LMP_LOSS_PRC,KERNOIL_1_N012,ALL,1,41.56505,1,49
2022-09-02T04:00:00-00:00,2022-09-02T04:15:00-00:00,2022-09-01,22,KERNOIL_1_N012,KERNOIL_1_N012,KERNOIL_1_N012,RTPD,MCL,LMP_LOSS_PRC,KERNOIL_1_N012,ALL,1,10.6226,1,49
2022-09-02T05:00:00-00:00,2022-09-02T05:15:00-00:00,2022-09-01,23,KERNOIL_1_N012,KERNOIL_1_N012,KERNOIL_1_N012,RTPD,MCL,LMP_LOSS_PRC,KERNOIL_1_N012,ALL,1,6.6885,1,49
2022-09-02T06:00:00-00:00,2022-09-02T06:15:00-00:00,2022-09-01,24,KERNOIL_1_N012,KERNOIL_1_N012,KERNOIL_1_N012,RTPD,MCL,LMP_LOSS_PRC,KERNOIL_1_N012,ALL,1,7.73682,1,49
2022-09-01T07:15:00-00:00,2022-09-01T07:30:00-00:00,2022-09-01,01,KERNOIL_1_N012,KERNOIL_1_N012,KERNOIL_1_N012,RTPD,MCL,LMP_LOSS_PRC,KERNOIL_1_N012,ALL,1,0,2,49
2022-09-01T08:15:00-00:00,2022-09-01T08:30:00-00:00,2022-09-01,02,KERNOIL_1_N012,KERNOIL_1_N012,KERNOIL_1_N012,RTPD,MCL,LMP_LOSS_PRC,KERNOIL_1_N012,ALL,1,0,2,49
2022-09-01T09:15:00-00:00,2022-09-01T09:30:00-00:00,2022-09-01,03,KERNOIL_1_N012,KERNOIL_1_N012,KERNOIL_1_N012,RTPD,MCL,LMP_LOSS_PRC,KERNOIL_1_N012,ALL,1,6.50782,2,49
2022-09-01T10:15:00-00:00,2022-09-01T10:30:00-00:00,2022-09-01,04,KERNOIL_1_N012,KERNOIL_1_N012,KERNOIL_1_N012,RTPD,MCL,LMP_LOSS_PRC,KERNOIL_1_N012,ALL,1,7.0621,2,49
2022-09-01T11:15:00-00:00,2022-09-01T11:30:00-00:00,2022-09-01,05,KERNOIL_1_N012,KERNOIL_1_N012,KERNOIL_1_N012,RTPD,MCL,LMP_LOSS_PRC,KERNOIL_1_N012,ALL,1,7.22665,2,49
2022-09-01T12:15:00-00:00,2022-09-01T12:30:00-00:00,2022-09-01,06,KERNOIL_1_N012,KERNOIL_1_N012,KERNOIL_1_N012,RTPD,MCL,LMP_LOSS_PRC,KERNOIL_1_N012,ALL,1,7.68534,2,49
2022-09-01T13:15:00-00:00,2022-09-01T13:30:00-00:00,2022-09-01,07,KERNOIL_1_N012,KERNOIL_1_N012,KERNOIL_1_N012,RTPD,MCL,LMP_LOSS_PRC,KERNOIL_1_N012,ALL,1,7.10261,2,49
2022-09-01T14:15:00-00:00,2022-09-01T14:30:00-00:00,2022-09-01,08,KERNOIL_1_N012,KERNOIL_1_N012,KERNOIL_1_N012,RTPD,MCL,LMP_LOSS_PRC,KERNOIL_1_N012,ALL,1,5.8157,2,49
2022-09-01T15:15:00-00:00,2022-09-01T15:30:00-00:00,2022-09-01,09,KERNOIL_1_N012,KERNOIL_1_N012,KERNOIL_1_N012,RTPD,MCL,LMP_LOSS_PRC,KERNOIL_1_N012,ALL,1,0,2,49
2022-09-01T16:15:00-00:00,2022-09-01T16:30:00-00:00,2022-09-01,10,KERNOIL_1_N012,KERNOIL_1_N012,KERNOIL_1_N012,RTPD,MCL,LMP_LOSS_PRC,KERNOIL_1_N012,ALL,1,0,2,49
2022-09-01T17:15:00-00:00,2022-09-01T17:30:00-00:00,2022-09-01,11,KERNOIL_1_N012,KERNOIL_1_N012,KERNOIL_1_N012,RTPD,MCL,LMP_LOSS_PRC,KERNOIL_1_N012,ALL,1,0,2,49
2022-09-01T18:15:00-00:00,2022-09-01T18:30:00-00:00,2022-09-01,12,KERNOIL_1_N012,KERNOIL_1_N012,KERNOIL_1_N012,RTPD,MCL,LMP_LOSS_PRC,KERNOIL_1_N012,ALL,1,0,2,49
2022-09-01T19:15:00-00:00,2022-09-01T19:30:00-00:00,2022-09-01,13,KERNOIL_1_N012,KERNOIL_1_N012,KERNOIL_1_N012,RTPD,MCL,LMP_LOSS_PRC,KERNOIL_1_N012,ALL,1,0,2,49
2022-09-01T20:15:00-00:00,2022-09-01T20:30:00-00:00,2022-09-01,14,KERNOIL_1_N012,KERNOIL_1_N012,KERNOIL_1_N012,RTPD,MCL,LMP_LOSS_PRC,KERNOIL_1_N012,ALL,1,0,2,49
2022-09-01T21:15:00-00:00,2022-09-01T21:30:00-00:00,2022-09-01,15,KERNOIL_1_N012,KERNOIL_1_N012,KERNOIL_1_N012,RTPD,MCL,LMP_LOSS_PRC,KERNOIL_1_N012,ALL,1,0,2,49
2022-09-01T22:15:00-00:00,2022-09-01T22:30:00-00:00,2022-09-01,16,KERNOIL_1_N012,KERNOIL_1_N012,KERNOIL_1_N012,RTPD,MCL,LMP_LOSS_PRC,KERNOIL_1_N012,ALL,1,0,2,49
2022-09-01T23:15:00-00:00,2022-09-01T23:30:00-00:00,2022-09-01,17,KERNOIL_1_N012,KERNOIL_1_N012,KERNOIL_1_N012,RTPD,MCL,LMP_LOSS_PRC,KERNOIL_1_N012,ALL,1,0,2,49
2022-09-02T00:15:00-00:00,2022-09-02T00:30:00-00:00,2022-09-01,18,KERNOIL_1_N012,KERNOIL_1_N012,KERNOIL_1_N012,RTPD,MCL,LMP_LOSS_PRC,KERNOIL_1_N012,ALL,1,29.86063,2,49
2022-09-02T01:15:00-00:00,2022-09-02T01:30:00-00:00,2022-09-01,19,KERNOIL_1_N012,KERNOIL_1_N012,KERNOIL_1_N012,RTPD,MCL,LMP_LOSS_PRC,KERNOIL_1_N012,ALL,1,0,2,49
2022-09-02T02:15:00-00:00,2022-09-02T02:30:00-00:00,2022-09-01,20,KERNOIL_1_N012,KERNOIL_1_N012,KERNOIL_1_N012,RTPD,MCL,LMP_LOSS_PRC,KERNOIL_1_N012,ALL,1,0,2,49
2022-09-02T03:15:00-00:00,2022-09-02T03:30:00-00:00,2022-09-01,21,KERNOIL_1_N012,KERNOIL_1_N012,KERNOIL_1_N012,RTPD,MCL,LMP_LOSS_PRC,KERNOIL_1_N012,ALL,1,17.58322,2,49
2022-09-02T04:15:00-00:00,2022-09-02T04:30:00-00:00,2022-09-01,22,KERNOIL_1_N012,KERNOIL_1_N012,KERNOIL_1_N012,RTPD,MCL,LMP_LOSS_PRC,KERNOIL_1_N012,ALL,1,9.05744,2,49
2022-09-02T05:15:00-00:00,2022-09-02T05:30:00-00:00,2022-09-01,23,KERNOIL_1_N012,KERNOIL_1_N012,KERNOIL_1_N012,RTPD,MCL,LMP_LOSS_PRC,KERNOIL_1_N012,ALL,1,7.03897,2,49
2022-09-02T06:15:00-00:00,2022-09-02T06:30:00-00:00,2022-09-01,24,KERNOIL_1_N012,KERNOIL_1_N012,KERNOIL_1_N012,RTPD,MCL,LMP_LOSS_PRC,KERNOIL_1_N012,ALL,1,7.15503,2,49
2022-09-01T07:30:00-00:00,2022-09-01T07:45:00-00:00,2022-09-01,01,KERNOIL_1_N012,KERNOIL_1_N012,KERNOIL_1_N012,RTPD,MCL,LMP_LOSS_PRC,KERNOIL_1_N012,ALL,1,0,3,49
2022-09-01T08:30:00-00:00,2022-09-01T08:45:00-00:00,2022-09-01,02,KERNOIL_1_N012,KERNOIL_1_N012,KERNOIL_1_N012,RTPD,MCL,LMP_LOSS_PRC,KERNOIL_1_N012,ALL,1,7.05564,3,49
2022-09-01T09:30:00-00:00,2022-09-01T09:45:00-00:00,2022-09-01,03,KERNOIL_1_N012,KERNOIL_1_N012,KERNOIL_1_N012,RTPD,MCL,LMP_LOSS_PRC,KERNOIL_1_N012,ALL,1,6.33147,3,49
2022-09-01T10:30:00-00:00,2022-09-01T10:45:00-00:00,2022-09-01,04,KERNOIL_1_N012,KERNOIL_1_N012,KERNOIL_1_N012,RTPD,MCL,LMP_LOSS_PRC,KERNOIL_1_N012,ALL,1,7.05372,3,49
2022-09-01T11:30:00-00:00,2022-09-01T11:45:00-00:00,2022-09-01,05,KERNOIL_1_N012,KERNOIL_1_N012,KERNOIL_1_N012,RTPD,MCL,LMP_LOSS_PRC,KERNOIL_1_N012,ALL,1,7.38954,3,49
2022-09-01T12:30:00-00:00,2022-09-01T12:45:00-00:00,2022-09-01,06,KERNOIL_1_N012,KERNOIL_1_N012,KERNOIL_1_N012,RTPD,MCL,LMP_LOSS_PRC,KERNOIL_1_N012,ALL,1,7.68896,3,49
2022-09-01T13:30:00-00:00,2022-09-01T13:45:00-00:00,2022-09-01,07,KERNOIL_1_N012,KERNOIL_1_N012,KERNOIL_1_N012,RTPD,MCL,LMP_LOSS_PRC,KERNOIL_1_N012,ALL,1,7.09269,3,49
2022-09-01T14:30:00-00:00,2022-09-01T14:45:00-00:00,2022-09-01,08,KERNOIL_1_N012,KERNOIL_1_N012,KERNOIL_1_N012,RTPD,MCL,LMP_LOSS_PRC,KERNOIL_1_N012,ALL,1,4.98988,3,49
2022-09-01T15:30:00-00:00,2022-09-01T15:45:00-00:00,2022-09-01,09,KERNOIL_1_N012,KERNOIL_1_N012,KERNOIL_1_N012,RTPD,MCL,LMP_LOSS_PRC,KERNOIL_1_N012,ALL,1,0,3,49
2022-09-01T16:30:00-00:00,2022-09-01T16:45:00-00:00,2022-09-01,10,KERNOIL_1_N012,KERNOIL_1_N012,KERNOIL_1_N012,RTPD,MCL,LMP_LOSS_PRC,KERNOIL_1_N012,ALL,1,0,3,49
2022-09-01T17:30:00-00:00,2022-09-01T17:45:00-00:00,2022-09-01,11,KERNOIL_1_N012,KERNOIL_1_N012,KERNOIL_1_N012,RTPD,MCL,LMP_LOSS_PRC,KERNOIL_1_N012,ALL,1,0,3,49
2022-09-01T18:30:00-00:00,2022-09-01T18:45:00-00:00,2022-09-01,12,KERNOIL_1_N012,KERNOIL_1_N012,KERNOIL_1_N012,RTPD,MCL,LMP_LOSS_PRC,KERNOIL_1_N012,ALL,1,0,3,49
2022-09-01T19:30:00-00:00,2022-09-01T19:45:00-00:00,2022-09-01,13,KERNOIL_1_N012,KERNOIL_1_N012,KERNOIL_1_N012,RTPD,MCL,LMP_LOSS_PRC,KERNOIL_1_N012,ALL,1,0,3,49
2022-09-01T20:30:00-00:00,2022-09-01T20:45:00-00:00,2022-09-01,14,KERNOIL_1_N012,KERNOIL_1_N012,KERNOIL_1_N012,RTPD,MCL,LMP_LOSS_PRC,KERNOIL_1_N012,ALL,1,0,3,49
2022-09-01T21:30:00-00:00,2022-09-01T21:45:00-00:00,2022-09-01,15,KERNOIL_1_N012,KERNOIL_1_N012,KERNOIL_1_N012,RTPD,MCL,LMP_LOSS_PRC,KERNOIL_1_N012,ALL,1,0,3,49
2022-09-01T22:30:00-00:00,2022-09-01T22:45:00-00:00,2022-09-01,16,KERNOIL_1_N012,KERNOIL_1_N012,KERNOIL_1_N012,RTPD,MCL,LMP_LOSS_PRC,KERNOIL_1_N012,ALL,1,0,3,49
2022-09-01T23:30:00-00:00,2022-09-01T23:45:00-00:00,2022-09-01,17,KERNOIL_1_N012,KERNOIL_1_N012,KERNOIL_1_N012,RTPD,MCL,LMP_LOSS_PRC,KERNOIL_1_N012,ALL,1,0,3,49
2022-09-02T00:30:00-00:00,2022-09-02T00:45:00-00:00,2022-09-01,18,KERNOIL_1_N012,KERNOIL_1_N012,KERNOIL_1_N012,RTPD,MCL,LMP_LOSS_PRC,KERNOIL_1_N012,ALL,1,0,3,49
2022-09-02T01:30:00-00:00,2022-09-02T01:45:00-00:00,2022-09-01,19,KERNOIL_1_N012,KERNOIL_1_N012,KERNOIL_1_N012,RTPD,MCL,LMP_LOSS_PRC,KERNOIL_1_N012,ALL,1,0,3,49
2022-09-02T02:30:00-00:00,2022-09-02T02:45:00-00:00,2022-09-01,20,KERNOIL_1_N012,KERNOIL_1_N012,KERNOIL_1_N012,RTPD,MCL,LMP_LOSS_PRC,KERNOIL_1_N012,ALL,1,0,3,49
2022-09-02T03:30:00-00:00,2022-09-02T03:45:00-00:00,2022-09-01,21,KERNOIL_1_N012,KERNOIL_1_N012,KERNOIL_1_N012,RTPD,MCL,LMP_LOSS_PRC,KERNOIL_1_N012,ALL,1,8.65909,3,49
2022-09-02T04:30:00-00:00,2022-09-02T04:45:00-00:00,2022-09-01,22,KERNOIL_1_N012,KERNOIL_1_N012,KERNOIL_1_N012,RTPD,MCL,LMP_LOSS_PRC,KERNOIL_1_N012,ALL,1,7.01032,3,49
2022-09-02T05:30:00-00:00,2022-09-02T05:45:00-00:00,2022-09-01,23,KERNOIL_1_N012,KERNOIL_1_N012,KERNOIL_1_N012,RTPD,MCL,LMP_LOSS_PRC,KERNOIL_1_N012,ALL,1,6.13718,3,49
2022-09-02T06:30:00-00:00,2022-09-02T06:45:00-00:00,2022-09-01,24,KERNOIL_1_N012,KERNOIL_1_N012,KERNOIL_1_N012,RTPD,MCL,LMP_LOSS_PRC,KERNOIL_1_N012,ALL,1,6.95241,3,49
2022-09-01T07:45:00-00:00,2022-09-01T08:00:00-00:00,2022-09-01,01,KERNOIL_1_N012,KERNOIL_1_N012,KERNOIL_1_N012,RTPD,MCL,LMP_LOSS_PRC,KERNOIL_1_N012,ALL,1,0,4,49
2022-09-01T08:45:00-00:00,2022-09-01T09:00:00-00:00,2022-09-01,02,KERNOIL_1_N012,KERNOIL_1_N012,KERNOIL_1_N012,RTPD,MCL,LMP_LOSS_PRC,KERNOIL_1_N012,ALL,1,6.61529,4,49
2022-09-01T09:45:00-00:00,2022-09-01T10:00:00-00:00,2022-09-01,03,KERNOIL_1_N012,KERNOIL_1_N012,KERNOIL_1_N012,RTPD,MCL,LMP_LOSS_PRC,KERNOIL_1_N012,ALL,1,6.76683,4,49
2022-09-01T10:45:00-00:00,2022-09-01T11:00:00-00:00,2022-09-01,04,KERNOIL_1_N012,KERNOIL_1_N012,KERNOIL_1_N012,RTPD,MCL,LMP_LOSS_PRC,KERNOIL_1_N012,ALL,1,7.14186,4,49
2022-09-01T11:45:00-00:00,2022-09-01T12:00:00-00:00,2022-09-01,05,KERNOIL_1_N012,KERNOIL_1_N012,KERNOIL_1_N012,RTPD,MCL,LMP_LOSS_PRC,KERNOIL_1_N012,ALL,1,0,4,49
2022-09-01T12:45:00-00:00,2022-09-01T13:00:00-00:00,2022-09-01,06,KERNOIL_1_N012,KERNOIL_1_N012,KERNOIL_1_N012,RTPD,MCL,LMP_LOSS_PRC,KERNOIL_1_N012,ALL,1,0,4,49
2022-09-01T13:45:00-00:00,2022-09-01T14:00:00-00:00,2022-09-01,07,KERNOIL_1_N012,KERNOIL_1_N012,KERNOIL_1_N012,RTPD,MCL,LMP_LOSS_PRC,KERNOIL_1_N012,ALL,1,0,4,49
2022-09-01T14:45:00-00:00,2022-09-01T15:00:00-00:00,2022-09-01,08,KERNOIL_1_N012,KERNOIL_1_N012,KERNOIL_1_N012,RTPD,MCL,LMP_LOSS_PRC,KERNOIL_1_N012,ALL,1,0,4,49
2022-09-01T15:45:00-00:00,2022-09-01T16:00:00-00:00,2022-09-01,09,KERNOIL_1_N012,KERNOIL_1_N012,KERNOIL_1_N012,RTPD,MCL,LMP_LOSS_PRC,KERNOIL_1_N012,ALL,1,0,4,49
2022-09-01T16:45:00-00:00,2022-09-01T17:00:00-00:00,2022-09-01,10,KERNOIL_1_N012,KERNOIL_1_N012,KERNOIL_1_N012,RTPD,MCL,LMP_LOSS_PRC,KERNOIL_1_N012,ALL,1,0,4,49
2022-09-01T17:45:00-00:00,2022-09-01T18:00:00-00:00,2022-09-01,11,KERNOIL_1_N012,KERNOIL_1_N012,KERNOIL_1_N012,RTPD,MCL,LMP_LOSS_PRC,KERNOIL_1_N012,ALL,1,0,4,49
2022-09-01T18:45:00-00:00,2022-09-01T19:00:00-00:00,2022-09-01,12,KERNOIL_1_N012,KERNOIL_1_N012,KERNOIL_1_N012,RTPD,MCL,LMP_LOSS_PRC,KERNOIL_1_N012,ALL,1,0,4,49
2022-09-01T19:45:00-00:00,2022-09-01T20:00:00-00:00,2022-09-01,13,KERNOIL_1_N012,KERNOIL_1_N012,KERNOIL_1_N012,RTPD,MCL,LMP_LOSS_PRC,KERNOIL_1_N012,ALL,1,0,4,49
2022-09-01T20:45:00-00:00,2022-09-01T21:00:00-00:00,2022-09-01,14,KERNOIL_1_N012,KERNOIL_1_N012,KERNOIL_1_N012,RTPD,MCL,LMP_LOSS_PRC,KERNOIL_1_N012,ALL,1,0,4,49
2022-09-01T21:45:00-00:00,2022-09-01T22:00:00-00:00,2022-09-01,15,KERNOIL_1_N012,KERNOIL_1_N012,KERNOIL_1_N012,RTPD,MCL,LMP_LOSS_PRC,KERNOIL_1_N012,ALL,1,0,4,49
2022-09-01T22:45:00-00:00,2022-09-01T23:00:00-00:00,2022-09-01,16,KERNOIL_1_N012,KERNOIL_1_N012,KERNOIL_1_N012,RTPD,MCL,LMP_LOSS_PRC,KERNOIL_1_N012,ALL,1,0,4,49
2022-09-01T23:45:00-00:00,2022-09-02T00:00:00-00:00,2022-09-01,17,KERNOIL_1_N012,KERNOIL_1_N012,KERNOIL_1_N012,RTPD,MCL,LMP_LOSS_PRC,KERNOIL_1_N012,ALL,1,0,4,49
2022-09-02T00:45:00-00:00,2022-09-02T01:00:00-00:00,2022-09-01,18,KERNOIL_1_N012,KERNOIL_1_N012,KERNOIL_1_N012,RTPD,MCL,LMP_LOSS_PRC,KERNOIL_1_N012,ALL,1,0,4,49
2022-09-02T01:45:00-00:00,2022-09-02T02:00:00-00:00,2022-09-01,19,KERNOIL_1_N012,KERNOIL_1_N012,KERNOIL_1_N012,RTPD,MCL,LMP_LOSS_PRC,KERNOIL_1_N012,ALL,1,0,4,49
2022-09-02T02:45:00-00:00,2022-09-02T03:00:00-00:00,2022-09-01,20,KERNOIL_1_N012,KERNOIL_1_N012,KERNOIL_1_N012,RTPD,MCL,LMP_LOSS_PRC,KERNOIL_1_N012,ALL,1,111.95499,4,49
2022-09-02T03:45:00-00:00,2022-09-02T04:00:00-00:00,2022-09-01,21,KERNOIL_1_N012,KERNOIL_1_N012,KERNOIL_1_N012,RTPD,MCL,LMP_LOSS_PRC,KERNOIL_1_N012,ALL,1,6.13946,4,49
2022-09-02T04:45:00-00:00,2022-09-02T05:00:00-00:00,2022-09-01,22,KERNOIL_1_N012,KERNOIL_1_N012,KERNOIL_1_N012,RTPD,MCL,LMP_LOSS_PRC,KERNOIL_1_N012,ALL,1,4.62688,4,49
2022-09-02T05:45:00-00:00,2022-09-02T06:00:00-00:00,2022-09-01,23,KERNOIL_1_N012,KERNOIL_1_N012,KERNOIL_1_N012,RTPD,MCL,LMP_LOSS_PRC,KERNOIL_1_N012,ALL,1,4.86749,4,49
2022-09-02T06:45:00-00:00,2022-09-02T07:00:00-00:00,2022-09-01,24,KERNOIL_1_N012,KERNOIL_1_N012,KERNOIL_1_N012,RTPD,MCL,LMP_LOSS_PRC,KERNOIL_1_N012,ALL,1,5.55844,4,49
2022-09-01T07:00:00-00:00,2022-09-01T07:15:00-00:00,2022-09-01,01,KERNOIL_1_N012,KERNOIL_1_N012,KERNOIL_1_N012,RTPD,MGHG,LMP_GHG_PRC,KERNOIL_1_N012,ALL,1,0,1,50
2022-09-01T08:00:00-00:00,2022-09-01T08:15:00-00:00,2022-09-01,02,KERNOIL_1_N012,KERNOIL_1_N012,KERNOIL_1_N012,RTPD,MGHG,LMP_GHG_PRC,KERNOIL_1_N012,ALL,1,0,1,50
2022-09-01T09:00:00-00:00,2022-09-01T09:15:00-00:00,2022-09-01,03,KERNOIL_1_N012,KERNOIL_1_N012,KERNOIL_1_N012,RTPD,MGHG,LMP_GHG_PRC,KERNOIL_1_N012,ALL,1,0,1,50
2022-09-01T10:00:00-00:00,2022-09-01T10:15:00-00:00,2022-09-01,04,KERNOIL_1_N012,KERNOIL_1_N012,KERNOIL_1_N012,RTPD,MGHG,LMP_GHG_PRC,KERNOIL_1_N012,ALL,1,0,1,50
2022-09-01T11:00:00-00:00,2022-09-01T11:15:00-00:00,2022-09-01,05,KERNOIL_1_N012,KERNOIL_1_N012,KERNOIL_1_N012,RTPD,MGHG,LMP_GHG_PRC,KERNOIL_1_N012,ALL,1,0,1,50
2022-09-01T12:00:00-00:00,2022-09-01T12:15:00-00:00,2022-09-01,06,KERNOIL_1_N012,KERNOIL_1_N012,KERNOIL_1_N012,RTPD,MGHG,LMP_GHG_PRC,KERNOIL_1_N012,ALL,1,0,1,50
2022-09-01T13:00:00-00:00,2022-09-01T13:15:00-00:00,2022-09-01,07,KERNOIL_1_N012,KERNOIL_1_N012,KERNOIL_1_N012,RTPD,MGHG,LMP_GHG_PRC,KERNOIL_1_N012,ALL,1,0,1,50
2022-09-01T14:00:00-00:00,2022-09-01T14:15:00-00:00,2022-09-01,08,KERNOIL_1_N012,KERNOIL_1_N012,KERNOIL_1_N012,RTPD,MGHG,LMP_GHG_PRC,KERNOIL_1_N012,ALL,1,0,1,50
2022-09-01T15:00:00-00:00,2022-09-01T15:15:00-00:00,2022-09-01,09,KERNOIL_1_N012,KERNOIL_1_N012,KERNOIL_1_N012,RTPD,MGHG,LMP_GHG_PRC,KERNOIL_1_N012,ALL,1,0,1,50
2022-09-01T16:00:00-00:00,2022-09-01T16:15:00-00:00,2022-09-01,10,KERNOIL_1_N012,KERNOIL_1_N012,KERNOIL_1_N012,RTPD,MGHG,LMP_GHG_PRC,KERNOIL_1_N012,ALL,1,0,1,50
2022-09-01T17:00:00-00:00,2022-09-01T17:15:00-00:00,2022-09-01,11,KERNOIL_1_N012,KERNOIL_1_N012,KERNOIL_1_N012,RTPD,MGHG,LMP_GHG_PRC,KERNOIL_1_N012,ALL,1,0,1,50
2022-09-01T18:00:00-00:00,2022-09-01T18:15:00-00:00,2022-09-01,12,KERNOIL_1_N012,KERNOIL_1_N012,KERNOIL_1_N012,RTPD,MGHG,LMP_GHG_PRC,KERNOIL_1_N012,ALL,1,0,1,50
2022-09-01T19:00:00-00:00,2022-09-01T19:15:00-00:00,2022-09-01,13,KERNOIL_1_N012,KERNOIL_1_N012,KERNOIL_1_N012,RTPD,MGHG,LMP_GHG_PRC,KERNOIL_1_N012,ALL,1,0,1,50
2022-09-01T20:00:00-00:00,2022-09-01T20:15:00-00:00,2022-09-01,14,KERNOIL_1_N012,KERNOIL_1_N012,KERNOIL_1_N012,RTPD,MGHG,LMP_GHG_PRC,KERNOIL_1_N012,ALL,1,0,1,50
2022-09-01T21:00:00-00:00,2022-09-01T21:15:00-00:00,2022-09-01,15,KERNOIL_1_N012,KERNOIL_1_N012,KERNOIL_1_N012,RTPD,MGHG,LMP_GHG_PRC,KERNOIL_1_N012,ALL,1,0,1,50
2022-09-01T22:00:00-00:00,2022-09-01T22:15:00-00:00,2022-09-01,16,KERNOIL_1_N012,KERNOIL_1_N012,KERNOIL_1_N012,RTPD,MGHG,LMP_GHG_PRC,KERNOIL_1_N012,ALL,1,0,1,50
2022-09-01T23:00:00-00:00,2022-09-01T23:15:00-00:00,2022-09-01,17,KERNOIL_1_N012,KERNOIL_1_N012,KERNOIL_1_N012,RTPD,MGHG,LMP_GHG_PRC,KERNOIL_1_N012,ALL,1,0,1,50
2022-09-02T00:00:00-00:00,2022-09-02T00:15:00-00:00,2022-09-01,18,KERNOIL_1_N012,KERNOIL_1_N012,KERNOIL_1_N012,RTPD,MGHG,LMP_GHG_PRC,KERNOIL_1_N012,ALL,1,0,1,50
2022-09-02T01:00:00-00:00,2022-09-02T01:15:00-00:00,2022-09-01,19,KERNOIL_1_N012,KERNOIL_1_N012,KERNOIL_1_N012,RTPD,MGHG,LMP_GHG_PRC,KERNOIL_1_N012,ALL,1,0,1,50
2022-09-02T02:00:00-00:00,2022-09-02T02:15:00-00:00,2022-09-01,20,KERNOIL_1_N012,KERNOIL_1_N012,KERNOIL_1_N012,RTPD,MGHG,LMP_GHG_PRC,KERNOIL_1_N012,ALL,1,0,1,50
2022-09-02T03:00:00-00:00,2022-09-02T03:15:00-00:00,2022-09-01,21,KERNOIL_1_N012,KERNOIL_1_N012,KERNOIL_1_N012,RTPD,MGHG,LMP_GHG_PRC,KERNOIL_1_N012,ALL,1,0,1,50
2022-09-02T04:00:00-00:00,2022-09-02T04:15:00-00:00,2022-09-01,22,KERNOIL_1_N012,KERNOIL_1_N012,KERNOIL_1_N012,RTPD,MGHG,LMP_GHG_PRC,KERNOIL_1_N012,ALL,1,0,1,50
2022-09-02T05:00:00-00:00,2022-09-02T05:15:00-00:00,2022-09-01,23,KERNOIL_1_N012,KERNOIL_1_N012,KERNOIL_1_N012,RTPD,MGHG,LMP_GHG_PRC,KERNOIL_1_N012,ALL,1,0,1,50
2022-09-02T06:00:00-00:00,2022-09-02T06:15:00-00:00,2022-09-01,24,KERNOIL_1_N012,KERNOIL_1_N012,KERNOIL_1_N012,RTPD,MGHG,LMP_GHG_PRC,KERNOIL_1_N012,ALL,1,0,1,50
2022-09-01T07:15:00-00:00,2022-09-01T07:30:00-00:00,2022-09-01,01,KERNOIL_1_N012,KERNOIL_1_N012,KERNOIL_1_N012,RTPD,MGHG,LMP_GHG_PRC,KERNOIL_1_N012,ALL,1,0,2,50
2022-09-01T08:15:00-00:00,2022-09-01T08:30:00-00:00,2022-09-01,02,KERNOIL_1_N012,KERNOIL_1_N012,KERNOIL_1_N012,RTPD,MGHG,LMP_GHG_PRC,KERNOIL_1_N012,ALL,1,0,2,50
2022-09-01T09:15:00-00:00,2022-09-01T09:30:00-00:00,2022-09-01,03,KERNOIL_1_N012,KERNOIL_1_N012,KERNOIL_1_N012,RTPD,MGHG,LMP_GHG_PRC,KERNOIL_1_N012,ALL,1,0,2,50
2022-09-01T10:15:00-00:00,2022-09-01T10:30:00-00:00,2022-09-01,04,KERNOIL_1_N012,KERNOIL_1_N012,KERNOIL_1_N012,RTPD,MGHG,LMP_GHG_PRC,KERNOIL_1_N012,ALL,1,0,2,50
2022-09-01T11:15:00-00:00,2022-09-01T11:30:00-00:00,2022-09-01,05,KERNOIL_1_N012,KERNOIL_1_N012,KERNOIL_1_N012,RTPD,MGHG,LMP_GHG_PRC,KERNOIL_1_N012,ALL,1,0,2,50
2022-09-01T12:15:00-00:00,2022-09-01T12:30:00-00:00,2022-09-01,06,KERNOIL_1_N012,KERNOIL_1_N012,KERNOIL_1_N012,RTPD,MGHG,LMP_GHG_PRC,KERNOIL_1_N012,ALL,1,0,2,50
2022-09-01T13:15:00-00:00,2022-09-01T13:30:00-00:00,2022-09-01,07,KERNOIL_1_N012,KERNOIL_1_N012,KERNOIL_1_N012,RTPD,MGHG,LMP_GHG_PRC,KERNOIL_1_N012,ALL,1,0,2,50
2022-09-01T14:15:00-00:00,2022-09-01T14:30:00-00:00,2022-09-01,08,KERNOIL_1_N012,KERNOIL_1_N012,KERNOIL_1_N012,RTPD,MGHG,LMP_GHG_PRC,KERNOIL_1_N012,ALL,1,0,2,50
2022-09-01T15:15:00-00:00,2022-09-01T15:30:00-00:00,2022-09-01,09,KERNOIL_1_N012,KERNOIL_1_N012,KERNOIL_1_N012,RTPD,MGHG,LMP_GHG_PRC,KERNOIL_1_N012,ALL,1,0,2,50
2022-09-01T16:15:00-00:00,2022-09-01T16:30:00-00:00,2022-09-01,10,KERNOIL_1_N012,KERNOIL_1_N012,KERNOIL_1_N012,RTPD,MGHG,LMP_GHG_PRC,KERNOIL_1_N012,ALL,1,0,2,50
2022-09-01T17:15:00-00:00,2022-09-01T17:30:00-00:00,2022-09-01,11,KERNOIL_1_N012,KERNOIL_1_N012,KERNOIL_1_N012,RTPD,MGHG,LMP_GHG_PRC,KERNOIL_1_N012,ALL,1,0,2,50
2022-09-01T18:15:00-00:00,2022-09-01T18:30:00-00:00,2022-09-01,12,KERNOIL_1_N012,KERNOIL_1_N012,KERNOIL_1_N012,RTPD,MGHG,LMP_GHG_PRC,KERNOIL_1_N012,ALL,1,0,2,50
2022-09-01T19:15:00-00:00,2022-09-01T19:30:00-00:00,2022-09-01,13,KERNOIL_1_N012,KERNOIL_1_N012,KERNOIL_1_N012,RTPD,MGHG,LMP_GHG_PRC,KERNOIL_1_N012,ALL,1,0,2,50
2022-09-01T20:15:00-00:00,2022-09-01T20:30:00-00:00,2022-09-01,14,KERNOIL_1_N012,KERNOIL_1_N012,KERNOIL_1_N012,RTPD,MGHG,LMP_GHG_PRC,KERNOIL_1_N012,ALL,1,0,2,50
2022-09-01T21:15:00-00:00,2022-09-01T21:30:00-00:00,2022-09-01,15,KERNOIL_1_N012,KERNOIL_1_N012,KERNOIL_1_N012,RTPD,MGHG,LMP_GHG_PRC,KERNOIL_1_N012,ALL,1,0,2,50
2022-09-01T22:15:00-00:00,2022-09-01T22:30:00-00:00,2022-09-01,16,KERNOIL_1_N012,KERNOIL_1_N012,KERNOIL_1_N012,RTPD,MGHG,LMP_GHG_PRC,KERNOIL_1_N012,ALL,1,0,2,50
2022-09-01T23:15:00-00:00,2022-09-01T23:30:00-00:00,2022-09-01,17,KERNOIL_1_N012,KERNOIL_1_N012,KERNOIL_1_N012,RTPD,MGHG,LMP_GHG_PRC,KERNOIL_1_N012,ALL,1,0,2,50
2022-09-02T00:15:00-00:00,2022-09-02T00:30:00-00:00,2022-09-01,18,KERNOIL_1_N012,KERNOIL_1_N012,KERNOIL_1_N012,RTPD,MGHG,LMP_GHG_PRC,KERNOIL_1_N012,ALL,1,0,2,50
2022-09-02T01:15:00-00:00,2022-09-02T01:30:00-00:00,2022-09-01,19,KERNOIL_1_N012,KERNOIL_1_N012,KERNOIL_1_N012,RTPD,MGHG,LMP_GHG_PRC,KERNOIL_1_N012,ALL,1,0,2,50
2022-09-02T02:15:00-00:00,2022-09-02T02:30:00-00:00,2022-09-01,20,KERNOIL_1_N012,KERNOIL_1_N012,KERNOIL_1_N012,RTPD,MGHG,LMP_GHG_PRC,KERNOIL_1_N012,ALL,1,0,2,50
2022-09-02T03:15:00-00:00,2022-09-02T03:30:00-00:00,2022-09-01,21,KERNOIL_1_N012,KERNOIL_1_N012,KERNOIL_1_N012,RTPD,MGHG,LMP_GHG_PRC,KERNOIL_1_N012,ALL,1,0,2,50
2022-09-02T04:15:00-00:00,2022-09-02T04:30:00-00:00,2022-09-01,22,KERNOIL_1_N012,KERNOIL_1_N012,KERNOIL_1_N012,RTPD,MGHG,LMP_GHG_PRC,KERNOIL_1_N012,ALL,1,0,2,50
2022-09-02T05:15:00-00:00,2022-09-02T05:30:00-00:00,2022-09-01,23,KERNOIL_1_N012,KERNOIL_1_N012,KERNOIL_1_N012,RTPD,MGHG,LMP_GHG_PRC,KERNOIL_1_N012,ALL,1,0,2,50
2022-09-02T06:15:00-00:00,2022-09-02T06:30:00-00:00,2022-09-01,24,KERNOIL_1_N012,KERNOIL_1_N012,KERNOIL_1_N012,RTPD,MGHG,LMP_GHG_PRC,KERNOIL_1_N012,ALL,1,0,2,50
2022-09-01T07:30:00-00:00,2022-09-01T07:45:00-00:00,2022-09-01,01,KERNOIL_1_N012,KERNOIL_1_N012,KERNOIL_1_N012,RTPD,MGHG,LMP_GHG_PRC,KERNOIL_1_N012,ALL,1,0,3,50
2022-09-01T08:30:00-00:00,2022-09-01T08:45:00-00:00,2022-09-01,02,KERNOIL_1_N012,KERNOIL_1_N012,KERNOIL_1_N012,RTPD,MGHG,LMP_GHG_PRC,KERNOIL_1_N012,ALL,1,0,3,50
2022-09-01T09:30:00-00:00,2022-09-01T09:45:00-00:00,2022-09-01,03,KERNOIL_1_N012,KERNOIL_1_N012,KERNOIL_1_N012,RTPD,MGHG,LMP_GHG_PRC,KERNOIL_1_N012,ALL,1,0,3,50
2022-09-01T10:30:00-00:00,2022-09-01T10:45:00-00:00,2022-09-01,04,KERNOIL_1_N012,KERNOIL_1_N012,KERNOIL_1_N012,RTPD,MGHG,LMP_GHG_PRC,KERNOIL_1_N012,ALL,1,0,3,50
2022-09-01T11:30:00-00:00,2022-09-01T11:45:00-00:00,2022-09-01,05,KERNOIL_1_N012,KERNOIL_1_N012,KERNOIL_1_N012,RTPD,MGHG,LMP_GHG_PRC,KERNOIL_1_N012,ALL,1,0,3,50
2022-09-01T12:30:00-00:00,2022-09-01T12:45:00-00:00,2022-09-01,06,KERNOIL_1_N012,KERNOIL_1_N012,KERNOIL_1_N012,RTPD,MGHG,LMP_GHG_PRC,KERNOIL_1_N012,ALL,1,0,3,50
2022-09-01T13:30:00-00:00,2022-09-01T13:45:00-00:00,2022-09-01,07,KERNOIL_1_N012,KERNOIL_1_N012,KERNOIL_1_N012,RTPD,MGHG,LMP_GHG_PRC,KERNOIL_1_N012,ALL,1,0,3,50
2022-09-01T14:30:00-00:00,2022-09-01T14:45:00-00:00,2022-09-01,08,KERNOIL_1_N012,KERNOIL_1_N012,KERNOIL_1_N012,RTPD,MGHG,LMP_GHG_PRC,KERNOIL_1_N012,ALL,1,0,3,50
2022-09-01T15:30:00-00:00,2022-09-01T15:45:00-00:00,2022-09-01,09,KERNOIL_1_N012,KERNOIL_1_N012,KERNOIL_1_N012,RTPD,MGHG,LMP_GHG_PRC,KERNOIL_1_N012,ALL,1,0,3,50
2022-09-01T16:30:00-00:00,2022-09-01T16:45:00-00:00,2022-09-01,10,KERNOIL_1_N012,KERNOIL_1_N012,KERNOIL_1_N012,RTPD,MGHG,LMP_GHG_PRC,KERNOIL_1_N012,ALL,1,0,3,50
2022-09-01T17:30:00-00:00,2022-09-01T17:45:00-00:00,2022-09-01,11,KERNOIL_1_N012,KERNOIL_1_N012,KERNOIL_1_N012,RTPD,MGHG,LMP_GHG_PRC,KERNOIL_1_N012,ALL,1,0,3,50
2022-09-01T18:30:00-00:00,2022-09-01T18:45:00-00:00,2022-09-01,12,KERNOIL_1_N012,KERNOIL_1_N012,KERNOIL_1_N012,RTPD,MGHG,LMP_GHG_PRC,KERNOIL_1_N012,ALL,1,0,3,50
2022-09-01T19:30:00-00:00,2022-09-01T19:45:00-00:00,2022-09-01,13,KERNOIL_1_N012,KERNOIL_1_N012,KERNOIL_1_N012,RTPD,MGHG,LMP_GHG_PRC,KERNOIL_1_N012,ALL,1,0,3,50
2022-09-01T20:30:00-00:00,2022-09-01T20:45:00-00:00,2022-09-01,14,KERNOIL_1_N012,KERNOIL_1_N012,KERNOIL_1_N012,RTPD,MGHG,LMP_GHG_PRC,KERNOIL_1_N012,ALL,1,0,3,50
2022-09-01T21:30:00-00:00,2022-09-01T21:45:00-00:00,2022-09-01,15,KERNOIL_1_N012,KERNOIL_1_N012,KERNOIL_1_N012,RTPD,MGHG,LMP_GHG_PRC,KERNOIL_1_N012,ALL,1,0,3,50
2022-09-01T22:30:00-00:00,2022-09-01T22:45:00-00:00,2022-09-01,16,KERNOIL_1_N012,KERNOIL_1_N012,KERNOIL_1_N012,RTPD,MGHG,LMP_GHG_PRC,KERNOIL_1_N012,ALL,1,0,3,50
2022-09-01T23:30:00-00:00,2022-09-01T23:45:00-00:00,2022-09-01,17,KERNOIL_1_N012,KERNOIL_1_N012,KERNOIL_1_N012,RTPD,MGHG,LMP_GHG_PRC,KERNOIL_1_N012,ALL,1,0,3,50
2022-09-02T00:30:00-00:00,2022-09-02T00:45:00-00:00,2022-09-01,18,KERNOIL_1_N012,KERNOIL_1_N012,KERNOIL_1_N012,RTPD,MGHG,LMP_GHG_PRC,KERNOIL_1_N012,ALL,1,0,3,50
2022-09-02T01:30:00-00:00,2022-09-02T01:45:00-00:00,2022-09-01,19,KERNOIL_1_N012,KERNOIL_1_N012,KERNOIL_1_N012,RTPD,MGHG,LMP_GHG_PRC,KERNOIL_1_N012,ALL,1,0,3,50
2022-09-02T02:30:00-00:00,2022-09-02T02:45:00-00:00,2022-09-01,20,KERNOIL_1_N012,KERNOIL_1_N012,KERNOIL_1_N012,RTPD,MGHG,LMP_GHG_PRC,KERNOIL_1_N012,ALL,1,0,3,50
2022-09-02T03:30:00-00:00,2022-09-02T03:45:00-00:00,2022-09-01,21,KERNOIL_1_N012,KERNOIL_1_N012,KERNOIL_1_N012,RTPD,MGHG,LMP_GHG_PRC,KERNOIL_1_N012,ALL,1,0,3,50
2022-09-02T04:30:00-00:00,2022-09-02T04:45:00-00:00,2022-09-01,22,KERNOIL_1_N012,KERNOIL_1_N012,KERNOIL_1_N012,RTPD,MGHG,LMP_GHG_PRC,KERNOIL_1_N012,ALL,1,0,3,50
2022-09-02T05:30:00-00:00,2022-09-02T05:45:00-00:00,2022-09-01,23,KERNOIL_1_N012,KERNOIL_1_N012,KERNOIL_1_N012,RTPD,MGHG,LMP_GHG_PRC,KERNOIL_1_N012,ALL,1,0,3,50
2022-09-02T06:30:00-00:00,2022-09-02T06:45:00-00:00,2022-09-01,24,KERNOIL_1_N012,KERNOIL_1_N012,KERNOIL_1_N012,RTPD,MGHG,LMP_GHG_PRC,KERNOIL_1_N012,ALL,1,0,3,50
2022-09-01T07:45:00-00:00,2022-09-01T08:00:00-00:00,2022-09-01,01,KERNOIL_1_N012,KERNOIL_1_N012,KERNOIL_1_N012,RTPD,MGHG,LMP_GHG_PRC,KERNOIL_1_N012,ALL,1,0,4,50
2022-09-01T08:45:00-00:00,2022-09-01T09:00:00-00:00,2022-09-01,02,KERNOIL_1_N012,KERNOIL_1_N012,KERNOIL_1_N012,RTPD,MGHG,LMP_GHG_PRC,KERNOIL_1_N012,ALL,1,0,4,50
2022-09-01T09:45:00-00:00,2022-09-01T10:00:00-00:00,2022-09-01,03,KERNOIL_1_N012,KERNOIL_1_N012,KERNOIL_1_N012,RTPD,MGHG,LMP_GHG_PRC,KERNOIL_1_N012,ALL,1,0,4,50
2022-09-01T10:45:00-00:00,2022-09-01T11:00:00-00:00,2022-09-01,04,KERNOIL_1_N012,KERNOIL_1_N012,KERNOIL_1_N012,RTPD,MGHG,LMP_GHG_PRC,KERNOIL_1_N012,ALL,1,0,4,50
2022-09-01T11:45:00-00:00,2022-09-01T12:00:00-00:00,2022-09-01,05,KERNOIL_1_N012,KERNOIL_1_N012,KERNOIL_1_N012,RTPD,MGHG,LMP_GHG_PRC,KERNOIL_1_N012,ALL,1,0,4,50
2022-09-01T12:45:00-00:00,2022-09-01T13:00:00-00:00,2022-09-01,06,KERNOIL_1_N012,KERNOIL_1_N012,KERNOIL_1_N012,RTPD,MGHG,LMP_GHG_PRC,KERNOIL_1_N012,ALL,1,0,4,50
2022-09-01T13:45:00-00:00,2022-09-01T14:00:00-00:00,2022-09-01,07,KERNOIL_1_N012,KERNOIL_1_N012,KERNOIL_1_N012,RTPD,MGHG,LMP_GHG_PRC,KERNOIL_1_N012,ALL,1,0,4,50
2022-09-01T14:45:00-00:00,2022-09-01T15:00:00-00:00,2022-09-01,08,KERNOIL_1_N012,KERNOIL_1_N012,KERNOIL_1_N012,RTPD,MGHG,LMP_GHG_PRC,KERNOIL_1_N012,ALL,1,0,4,50
2022-09-01T15:45:00-00:00,2022-09-01T16:00:00-00:00,2022-09-01,09,KERNOIL_1_N012,KERNOIL_1_N012,KERNOIL_1_N012,RTPD,MGHG,LMP_GHG_PRC,KERNOIL_1_N012,ALL,1,0,4,50
2022-09-01T16:45:00-00:00,2022-09-01T17:00:00-00:00,2022-09-01,10,KERNOIL_1_N012,KERNOIL_1_N012,KERNOIL_1_N012,RTPD,MGHG,LMP_GHG_PRC,KERNOIL_1_N012,ALL,1,0,4,50
2022-09-01T17:45:00-00:00,2022-09-01T18:00:00-00:00,2022-09-01,11,KERNOIL_1_N012,KERNOIL_1_N012,KERNOIL_1_N012,RTPD,MGHG,LMP_GHG_PRC,KERNOIL_1_N012,ALL,1,0,4,50
2022-09-01T18:45:00-00:00,2022-09-01T19:00:00-00:00,2022-09-01,12,KERNOIL_1_N012,KERNOIL_1_N012,KERNOIL_1_N012,RTPD,MGHG,LMP_GHG_PRC,KERNOIL_1_N012,ALL,1,0,4,50
2022-09-01T19:45:00-00:00,2022-09-01T20:00:00-00:00,2022-09-01,13,KERNOIL_1_N012,KERNOIL_1_N012,KERNOIL_1_N012,RTPD,MGHG,LMP_GHG_PRC,KERNOIL_1_N012,ALL,1,0,4,50
2022-09-01T20:45:00-00:00,2022-09-01T21:00:00-00:00,2022-09-01,14,KERNOIL_1_N012,KERNOIL_1_N012,KERNOIL_1_N012,RTPD,MGHG,LMP_GHG_PRC,KERNOIL_1_N012,ALL,1,0,4,50
2022-09-01T21:45:00-00:00,2022-09-01T22:00:00-00:00,2022-09-01,15,KERNOIL_1_N012,KERNOIL_1_N012,KERNOIL_1_N012,RTPD,MGHG,LMP_GHG_PRC,KERNOIL_1_N012,ALL,1,0,4,50
2022-09-01T22:45:00-00:00,2022-09-01T23:00:00-00:00,2022-09-01,16,KERNOIL_1_N012,KERNOIL_1_N012,KERNOIL_1_N012,RTPD,MGHG,LMP_GHG_PRC,KERNOIL_1_N012,ALL,1,0,4,50
2022-09-01T23:45:00-00:00,2022-09-02T00:00:00-00:00,2022-09-01,17,KERNOIL_1_N012,KERNOIL_1_N012,KERNOIL_1_N012,RTPD,MGHG,LMP_GHG_PRC,KERNOIL_1_N012,ALL,1,0,4,50
2022-09-02T00:45:00-00:00,2022-09-02T01:00:00-00:00,2022-09-01,18,KERNOIL_1_N012,KERNOIL_1_N012,KERNOIL_1_N012,RTPD,MGHG,LMP_GHG_PRC,KERNOIL_1_N012,ALL,1,0,4,50
2022-09-02T01:45:00-00:00,2022-09-02T02:00:00-00:00,2022-09-01,19,KERNOIL_1_N012,KERNOIL_1_N012,KERNOIL_1_N012,RTPD,MGHG,LMP_GHG_PRC,KERNOIL_1_N012,ALL,1,0,4,50
2022-09-02T02:45:00-00:00,2022-09-02T03:00:00-00:00,2022-09-01,20,KERNOIL_1_N012,KERNOIL_1_N012,KERNOIL_1_N012,RTPD,MGHG,LMP_GHG_PRC,KERNOIL_1_N012,ALL,1,0,4,50
2022-09-02T03:45:00-00:00,2022-09-02T04:00:00-00:00,2022-09-01,21,KERNOIL_1_N012,KERNOIL_1_N012,KERNOIL_1_N012,RTPD,MGHG,LMP_GHG_PRC,KERNOIL_1_N012,ALL,1,0,4,50
2022-09-02T04:45:00-00:00,2022-09-02T05:00:00-00:00,2022-09-01,22,KERNOIL_1_N012,KERNOIL_1_N012,KERNOIL_1_N012,RTPD,MGHG,LMP_GHG_PRC,KERNOIL_1_N012,ALL,1,0,4,50
2022-09-02T05:45:00-00:00,2022-09-02T06:00:00-00:00,2022-09-01,23,KERNOIL_1_N012,KERNOIL_1_N012,KERNOIL_1_N012,RTPD,MGHG,LMP_GHG_PRC,KERNOIL_1_N012,ALL,1,0,4,50
2022-09-02T06:45:00-00:00,2022-09-02T07:00:00-00:00,2022-09-01,24,KERNOIL_1_N012,KERNOIL_1_N012,KERNOIL_1_N012,RTPD,MGHG,LMP_GHG_PRC,KERNOIL_1_N012,ALL,1,0,4,50
2022-09-02T07:00:00-00:00,2022-09-02T07:15:00-00:00,2022-09-02,01,KELSO_2_N001,KELSO_2_N001,KELSO_2_N001,RTPD,LMP,LMP_PRC,KELSO_2_N001,ALL,1,128.2726,1,51
2022-09-02T08:00:00-00:00,2022-09-02T08:15:00-00:00,2022-09-02,02,KELSO_2_N001,KELSO_2_N001,KELSO_2_N001,RTPD,LMP,LMP_PRC,KELSO_2_N001,ALL,1,121.10407,1,51
2022-09-02T09:00:00-00:00,2022-09-02T09:15:00-00:00,2022-09-02,03,KELSO_2_N001,KELSO_2_N001,KELSO_2_N001,RTPD,LMP,LMP_PRC,KELSO_2_N001,ALL,1,115.08131,1,51
2022-09-02T10:00:00-00:00,2022-09-02T10:15:00-00:00,2022-09-02,04,KELSO_2_N001,KELSO_2_N001,KELSO_2_N001,RTPD,LMP,LMP_PRC,KELSO_2_N001,ALL,1,104.60276,1,51
2022-09-02T11:00:00-00:00,2022-09-02T11:15:00-00:00,2022-09-02,05,KELSO_2_N001,KELSO_2_N001,KELSO_2_N001,RTPD,LMP,LMP_PRC,KELSO_2_N001,ALL,1,99.62823,1,51
2022-09-02T12:00:00-00:00,2022-09-02T12:15:00-00:00,2022-09-02,06,KELSO_2_N001,KELSO_2_N001,KELSO_2_N001,RTPD,LMP,LMP_PRC,KELSO_2_N001,ALL,1,100.84062,1,51
2022-09-02T13:00:00-00:00,2022-09-02T13:15:00-00:00,2022-09-02,07,KELSO_2_N001,KELSO_2_N001,KELSO_2_N001,RTPD,LMP,LMP_PRC,KELSO_2_N001,ALL,1,103.44903,1,51
2022-09-02T14:00:00-00:00,2022-09-02T14:15:00-00:00,2022-09-02,08,KELSO_2_N001,KELSO_2_N001,KELSO_2_N001,RTPD,LMP,LMP_PRC,KELSO_2_N001,ALL,1,116.34377,1,51
2022-09-02T15:00:00-00:00,2022-09-02T15:15:00-00:00,2022-09-02,09,KELSO_2_N001,KELSO_2_N001,KELSO_2_N001,RTPD,LMP,LMP_PRC,KELSO_2_N001,ALL,1,89.76867,1,51
2022-09-02T16:00:00-00:00,2022-09-02T16:15:00-00:00,2022-09-02,10,KELSO_2_N001,KELSO_2_N001,KELSO_2_N001,RTPD,LMP,LMP_PRC,KELSO_2_N001,ALL,1,89.07081,1,51
2022-09-02T17:00:00-00:00,2022-09-02T17:15:00-00:00,2022-09-02,11,KELSO_2_N001,KELSO_2_N001,KELSO_2_N001,RTPD,LMP,LMP_PRC,KELSO_2_N001,ALL,1,95.34111,1,51
2022-09-02T18:00:00-00:00,2022-09-02T18:15:00-00:00,2022-09-02,12,KELSO_2_N001,KELSO_2_N001,KELSO_2_N001,RTPD,LMP,LMP_PRC,KELSO_2_N001,ALL,1,105.59697,1,51
2022-09-02T19:00:00-00:00,2022-09-02T19:15:00-00:00,2022-09-02,13,KELSO_2_N001,KELSO_2_N001,KELSO_2_N001,RTPD,LMP,LMP_PRC,KELSO_2_N001,ALL,1,106.22491,1,51
2022-09-02T20:00:00-00:00,2022-09-02T20:15:00-00:00,2022-09-02,14,KELSO_2_N001,KELSO_2_N001,KELSO_2_N001,RTPD,LMP,LMP_PRC,KELSO_2_N001,ALL,1,111.1868,1,51
2022-09-02T21:00:00-00:00,2022-09-02T21:15:00-00:00,2022-09-02,15,KELSO_2_N001,KELSO_2_N001,KELSO_2_N001,RTPD,LMP,LMP_PRC,KELSO_2_N001,ALL,1,124.4367,1,51
2022-09-02T22:00:00-00:00,2022-09-02T22:15:00-00:00,2022-09-02,16,KELSO_2_N001,KELSO_2_N001,KELSO_2_N001,RTPD,LMP,LMP_PRC,KELSO_2_N001,ALL,1,144.9788,1,51
2022-09-02T23:00:00-00:00,2022-09-02T23:15:00-00:00,2022-09-02,17,KELSO_2_N001,KELSO_2_N001,KELSO_2_N001,RTPD,LMP,LMP_PRC,KELSO_2_N001,ALL,1,130.56071,1,51
2022-09-03T00:00:00-00:00,2022-09-03T00:15:00-00:00,2022-09-02,18,KELSO_2_N001,KELSO_2_N001,KELSO_2_N001,RTPD,LMP,LMP_PRC,KELSO_2_N001,ALL,1,114.4502,1,51
2022-09-03T01:00:00-00:00,2022-09-03T01:15:00-00:00,2022-09-02,19,KELSO_2_N001,KELSO_2_N001,KELSO_2_N001,RTPD,LMP,LMP_PRC,KELSO_2_N001,ALL,1,121.24954,1,51
2022-09-03T02:00:00-00:00,2022-09-03T02:15:00-00:00,2022-09-02,20,KELSO_2_N001,KELSO_2_N001,KELSO_2_N001,RTPD,LMP,LMP_PRC,KELSO_2_N001,ALL,1,203.6419,1,51
2022-09-03T03:00:00-00:00,2022-09-03T03:15:00-00:00,2022-09-02,21,KELSO_2_N001,KELSO_2_N001,KELSO_2_N001,RTPD,LMP,LMP_PRC,KELSO_2_N001,ALL,1,137.43423,1,51
2022-09-03T04:00:00-00:00,2022-09-03T04:15:00-00:00,2022-09-02,22,KELSO_2_N001,KELSO_2_N001,KELSO_2_N001,RTPD,LMP,LMP_PRC,KELSO_2_N001,ALL,1,154.10326,1,51
2022-09-03T05:00:00-00:00,2022-09-03T05:15:00-00:00,2022-09-02,23,KELSO_2_N001,KELSO_2_N001,KELSO_2_N001,RTPD,LMP,LMP_PRC,KELSO_2_N001,ALL,1,131.06548,1,51
2022-09-03T06:00:00-00:00,2022-09-03T06:15:00-00:00,2022-09-02,24,KELSO_2_N001,KELSO_2_N001,KELSO_2_N001,RTPD,LMP,LMP_PRC,KELSO_2_N001,ALL,1,108.26246,1,51
2022-09-02T07:15:00-00:00,2022-09-02T07:30:00-00:00,2022-09-02,01,KELSO_2_N001,KELSO_2_N001,KELSO_2_N001,RTPD,LMP,LMP_PRC,KELSO_2_N001,ALL,1,121.02611,2,51
2022-09-02T08:15:00-00:00,2022-09-02T08:30:00-00:00,2022-09-02,02,KELSO_2_N001,KELSO_2_N001,KELSO_2_N001,RTPD,LMP,LMP_PRC,KELSO_2_N001,ALL,1,115.29696,2,51
2022-09-02T09:15:00-00:00,2022-09-02T09:30:00-00:00,2022-09-02,03,KELSO_2_N001,KELSO_2_N001,KELSO_2_N001,RTPD,LMP,LMP_PRC,KELSO_2_N001,ALL,1,111.77683,2,51
2022-09-02T10:15:00-00:00,2022-09-02T10:30:00-00:00,2022-09-02,04,KELSO_2_N001,KELSO_2_N001,KELSO_2_N001,RTPD,LMP,LMP_PRC,KELSO_2_N001,ALL,1,104.09945,2,51
2022-09-02T11:15:00-00:00,2022-09-02T11:30:00-00:00,2022-09-02,05,KELSO_2_N001,KELSO_2_N001,KELSO_2_N001,RTPD,LMP,LMP_PRC,KELSO_2_N001,ALL,1,97.59218,2,51
2022-09-02T12:15:00-00:00,2022-09-02T12:30:00-00:00,2022-09-02,06,KELSO_2_N001,KELSO_2_N001,KELSO_2_N001,RTPD,LMP,LMP_PRC,KELSO_2_N001,ALL,1,100.93559,2,51
2022-09-02T13:15:00-00:00,2022-09-02T13:30:00-00:00,2022-09-02,07,KELSO_2_N001,KELSO_2_N001,KELSO_2_N001,RTPD,LMP,LMP_PRC,KELSO_2_N001,ALL,1,105.38651,2,51
2022-09-02T14:15:00-00:00,2022-09-02T14:30:00-00:00,2022-09-02,08,KELSO_2_N001,KELSO_2_N001,KELSO_2_N001,RTPD,LMP,LMP_PRC,KELSO_2_N001,ALL,1,108.68879,2,51
2022-09-02T15:15:00-00:00,2022-09-02T15:30:00-00:00,2022-09-02,09,KELSO_2_N001,KELSO_2_N001,KELSO_2_N001,RTPD,LMP,LMP_PRC,KELSO_2_N001,ALL,1,82.25366,2,51
2022-09-02T16:15:00-00:00,2022-09-02T16:30:00-00:00,2022-09-02,10,KELSO_2_N001,KELSO_2_N001,KELSO_2_N001,RTPD,LMP,LMP_PRC,KELSO_2_N001,ALL,1,92.96096,2,51
2022-09-02T17:15:00-00:00,2022-09-02T17:30:00-00:00,2022-09-02,11,KELSO_2_N001,KELSO_2_N001,KELSO_2_N001,RTPD,LMP,LMP_PRC,KELSO_2_N001,ALL,1,104.01498,2,51
2022-09-02T18:15:00-00:00,2022-09-02T18:30:00-00:00,2022-09-02,12,KELSO_2_N001,KELSO_2_N001,KELSO_2_N001,RTPD,LMP,LMP_PRC,KELSO_2_N001,ALL,1,110.39507,2,51
2022-09-02T19:15:00-00:00,2022-09-02T19:30:00-00:00,2022-09-02,13,KELSO_2_N001,KELSO_2_N001,KELSO_2_N001,RTPD,LMP,LMP_PRC,KELSO_2_N001,ALL,1,111.11711,2,51
2022-09-02T20:15:00-00:00,2022-09-02T20:30:00-00:00,2022-09-02,14,KELSO_2_N001,KELSO_2_N001,KELSO_2_N001,RTPD,LMP,LMP_PRC,KELSO_2_N001,ALL,1,114.36911,2,51
2022-09-02T21:15:00-00:00,2022-09-02T21:30:00-00:00,2022-09-02,15,KELSO_2_N001,KELSO_2_N001,KELSO_2_N001,RTPD,LMP,LMP_PRC,KELSO_2_N001,ALL,1,125.26519,2,51
2022-09-02T22:15:00-00:00,2022-09-02T22:30:00-00:00,2022-09-02,16,KELSO_2_N001,KELSO_2_N001,KELSO_2_N001,RTPD,LMP,LMP_PRC,KELSO_2_N001,ALL,1,158.11041,2,51
2022-09-02T23:15:00-00:00,2022-09-02T23:30:00-00:00,2022-09-02,17,KELSO_2_N001,KELSO_2_N001,KELSO_2_N001,RTPD,LMP,LMP_PRC,KELSO_2_N001,ALL,1,133.75673,2,51
2022-09-03T00:15:00-00:00,2022-09-03T00:30:00-00:00,2022-09-02,18,KELSO_2_N001,KELSO_2_N001,KELSO_2_N001,RTPD,LMP,LMP_PRC,KELSO_2_N001,ALL,1,124.8131,2,51
2022-09-03T01:15:00-00:00,2022-09-03T01:30:00-00:00,2022-09-02,19,KELSO_2_N001,KELSO_2_N001,KELSO_2_N001,RTPD,LMP,LMP_PRC,KELSO_2_N001,ALL,1,148.08182,2,51
2022-09-03T02:15:00-00:00,2022-09-03T02:30:00-00:00,2022-09-02,20,KELSO_2_N001,KELSO_2_N001,KELSO_2_N001,RTPD,LMP,LMP_PRC,KELSO_2_N001,ALL,1,199.06062,2,51
2022-09-03T03:15:00-00:00,2022-09-03T03:30:00-00:00,2022-09-02,21,KELSO_2_N001,KELSO_2_N001,KELSO_2_N001,RTPD,LMP,LMP_PRC,KELSO_2_N001,ALL,1,136.33134,2,51
2022-09-03T04:15:00-00:00,2022-09-03T04:30:00-00:00,2022-09-02,22,KELSO_2_N001,KELSO_2_N001,KELSO_2_N001,RTPD,LMP,LMP_PRC,KELSO_2_N001,ALL,1,134.3063,2,51
2022-09-03T05:15:00-00:00,2022-09-03T05:30:00-00:00,2022-09-02,23,KELSO_2_N001,KELSO_2_N001,KELSO_2_N001,RTPD,LMP,LMP_PRC,KELSO_2_N001,ALL,1,112.59565,2,51
2022-09-03T06:15:00-00:00,2022-09-03T06:30:00-00:00,2022-09-02,24,KELSO_2_N001,KELSO_2_N001,KELSO_2_N001,RTPD,LMP,LMP_PRC,KELSO_2_N001,ALL,1,81.58792,2,51
2022-09-02T07:30:00-00:00,2022-09-02T07:45:00-00:00,2022-09-02,01,KELSO_2_N001,KELSO_2_N001,KELSO_2_N001,RTPD,LMP,LMP_PRC,KELSO_2_N001,ALL,1,121.97408,3,51
2022-09-02T08:30:00-00:00,2022-09-02T08:45:00-00:00,2022-09-02,02,KELSO_2_N001,KELSO_2_N001,KELSO_2_N001,RTPD,LMP,LMP_PRC,KELSO_2_N001,ALL,1,111.93215,3,51
2022-09-02T09:30:00-00:00,2022-09-02T09:45:00-00:00,2022-09-02,03,KELSO_2_N001,KELSO_2_N001,KELSO_2_N001,RTPD,LMP,LMP_PRC,KELSO_2_N001,ALL,1,105.1925,3,51
2022-09-02T10:30:00-00:00,2022-09-02T10:45:00-00:00,2022-09-02,04,KELSO_2_N001,KELSO_2_N001,KELSO_2_N001,RTPD,LMP,LMP_PRC,KELSO_2_N001,ALL,1,100.3613,3,51
2022-09-02T11:30:00-00:00,2022-09-02T11:45:00-00:00,2022-09-02,05,KELSO_2_N001,KELSO_2_N001,KELSO_2_N001,RTPD,LMP,LMP_PRC,KELSO_2_N001,ALL,1,99.75045,3,51
2022-09-02T12:30:00-00:00,2022-09-02T12:45:00-00:00,2022-09-02,06,KELSO_2_N001,KELSO_2_N001,KELSO_2_N001,RTPD,LMP,LMP_PRC,KELSO_2_N001,ALL,1,107.62006,3,51
2022-09-02T13:30:00-00:00,2022-09-02T13:45:00-00:00,2022-09-02,07,KELSO_2_N001,KELSO_2_N001,KELSO_2_N001,RTPD,LMP,LMP_PRC,KELSO_2_N001,ALL,1,111.49249,3,51
2022-09-02T14:30:00-00:00,2022-09-02T14:45:00-00:00,2022-09-02,08,KELSO_2_N001,KELSO_2_N001,KELSO_2_N001,RTPD,LMP,LMP_PRC,KELSO_2_N001,ALL,1,98.92402,3,51
2022-09-02T15:30:00-00:00,2022-09-02T15:45:00-00:00,2022-09-02,09,KELSO_2_N001,KELSO_2_N001,KELSO_2_N001,RTPD,LMP,LMP_PRC,KELSO_2_N001,ALL,1,81.36,3,51
2022-09-02T16:30:00-00:00,2022-09-02T16:45:00-00:00,2022-09-02,10,KELSO_2_N001,KELSO_2_N001,KELSO_2_N001,RTPD,LMP,LMP_PRC,KELSO_2_N001,ALL,1,91.62925,3,51
2022-09-02T17:30:00-00:00,2022-09-02T17:45:00-00:00,2022-09-02,11,KELSO_2_N001,KELSO_2_N001,KELSO_2_N001,RTPD,LMP,LMP_PRC,KELSO_2_N001,ALL,1,105.27001,3,51
2022-09-02T18:30:00-00:00,2022-09-02T18:45:00-00:00,2022-09-02,12,KELSO_2_N001,KELSO_2_N001,KELSO_2_N001,RTPD,LMP,LMP_PRC,KELSO_2_N001,ALL,1,116.51685,3,51
2022-09-02T19:30:00-00:00,2022-09-02T19:45:00-00:00,2022-09-02,13,KELSO_2_N001,KELSO_2_N001,KELSO_2_N001,RTPD,LMP,LMP_PRC,KELSO_2_N001,ALL,1,117.97015,3,51
2022-09-02T20:30:00-00:00,2022-09-02T20:45:00-00:00,2022-09-02,14,KELSO_2_N001,KELSO_2_N001,KELSO_2_N001,RTPD,LMP,LMP_PRC,KELSO_2_N001,ALL,1,121.69526,3,51
2022-09-02T21:30:00-00:00,2022-09-02T21:45:00-00:00,2022-09-02,15,KELSO_2_N001,KELSO_2_N001,KELSO_2_N001,RTPD,LMP,LMP_PRC,KELSO_2_N001,ALL,1,138.92374,3,51
2022-09-02T22:30:00-00:00,2022-09-02T22:45:00-00:00,2022-09-02,16,KELSO_2_N001,KELSO_2_N001,KELSO_2_N001,RTPD,LMP,LMP_PRC,KELSO_2_N001,ALL,1,182.16316,3,51
2022-09-02T23:30:00-00:00,2022-09-02T23:45:00-00:00,2022-09-02,17,KELSO_2_N001,KELSO_2_N001,KELSO_2_N001,RTPD,LMP,LMP_PRC,KELSO_2_N001,ALL,1,148.22157,3,51
2022-09-03T00:30:00-00:00,2022-09-03T00:45:00-00:00,2022-09-02,18,KELSO_2_N001,KELSO_2_N001,KELSO_2_N001,RTPD,LMP,LMP_PRC,KELSO_2_N001,ALL,1,157.41383,3,51
2022-09-03T01:30:00-00:00,2022-09-03T01:45:00-00:00,2022-09-02,19,KELSO_2_N001,KELSO_2_N001,KELSO_2_N001,RTPD,LMP,LMP_PRC,KELSO_2_N001,ALL,1,228.86447,3,51
2022-09-03T02:30:00-00:00,2022-09-03T02:45:00-00:00,2022-09-02,20,KELSO_2_N001,KELSO_2_N001,KELSO_2_N001,RTPD,LMP,LMP_PRC,KELSO_2_N001,ALL,1,178.99911,3,51
2022-09-03T03:30:00-00:00,2022-09-03T03:45:00-00:00,2022-09-02,21,KELSO_2_N001,KELSO_2_N001,KELSO_2_N001,RTPD,LMP,LMP_PRC,KELSO_2_N001,ALL,1,128.62941,3,51
2022-09-03T04:30:00-00:00,2022-09-03T04:45:00-00:00,2022-09-02,22,KELSO_2_N001,KELSO_2_N001,KELSO_2_N001,RTPD,LMP,LMP_PRC,KELSO_2_N001,ALL,1,122.46515,3,51
2022-09-03T05:30:00-00:00,2022-09-03T05:45:00-00:00,2022-09-02,23,KELSO_2_N001,KELSO_2_N001,KELSO_2_N001,RTPD,LMP,LMP_PRC,KELSO_2_N001,ALL,1,105.73683,3,51
2022-09-03T06:30:00-00:00,2022-09-03T06:45:00-00:00,2022-09-02,24,KELSO_2_N001,KELSO_2_N001,KELSO_2_N001,RTPD,LMP,LMP_PRC,KELSO_2_N001,ALL,1,80.11077,3,51
2022-09-02T07:45:00-00:00,2022-09-02T08:00:00-00:00,2022-09-02,01,KELSO_2_N001,KELSO_2_N001,KELSO_2_N001,RTPD,LMP,LMP_PRC,KELSO_2_N001,ALL,1,101.53901,4,51
2022-09-02T08:45:00-00:00,2022-09-02T09:00:00-00:00,2022-09-02,02,KELSO_2_N001,KELSO_2_N001,KELSO_2_N001,RTPD,LMP,LMP_PRC,KELSO_2_N001,ALL,1,99.50273,4,51
2022-09-02T09:45:00-00:00,2022-09-02T10:00:00-00:00,2022-09-02,03,KELSO_2_N001,KELSO_2_N001,KELSO_2_N001,RTPD,LMP,LMP_PRC,KELSO_2_N001,ALL,1,97.89372,4,51
2022-09-02T10:45:00-00:00,2022-09-02T11:00:00-00:00,2022-09-02,04,KELSO_2_N001,KELSO_2_N001,KELSO_2_N001,RTPD,LMP,LMP_PRC,KELSO_2_N001,ALL,1,98.05338,4,51
2022-09-02T11:45:00-00:00,2022-09-02T12:00:00-00:00,2022-09-02,05,KELSO_2_N001,KELSO_2_N001,KELSO_2_N001,RTPD,LMP,LMP_PRC,KELSO_2_N001,ALL,1,94.6082,4,51
2022-09-02T12:45:00-00:00,2022-09-02T13:00:00-00:00,2022-09-02,06,KELSO_2_N001,KELSO_2_N001,KELSO_2_N001,RTPD,LMP,LMP_PRC,KELSO_2_N001,ALL,1,108.08756,4,51
2022-09-02T13:45:00-00:00,2022-09-02T14:00:00-00:00,2022-09-02,07,KELSO_2_N001,KELSO_2_N001,KELSO_2_N001,RTPD,LMP,LMP_PRC,KELSO_2_N001,ALL,1,105.08817,4,51
2022-09-02T14:45:00-00:00,2022-09-02T15:00:00-00:00,2022-09-02,08,KELSO_2_N001,KELSO_2_N001,KELSO_2_N001,RTPD,LMP,LMP_PRC,KELSO_2_N001,ALL,1,84.30859,4,51
2022-09-02T15:45:00-00:00,2022-09-02T16:00:00-00:00,2022-09-02,09,KELSO_2_N001,KELSO_2_N001,KELSO_2_N001,RTPD,LMP,LMP_PRC,KELSO_2_N001,ALL,1,83.44561,4,51
2022-09-02T16:45:00-00:00,2022-09-02T17:00:00-00:00,2022-09-02,10,KELSO_2_N001,KELSO_2_N001,KELSO_2_N001,RTPD,LMP,LMP_PRC,KELSO_2_N001,ALL,1,95.61136,4,51
2022-09-02T17:45:00-00:00,2022-09-02T18:00:00-00:00,2022-09-02,11,KELSO_2_N001,KELSO_2_N001,KELSO_2_N001,RTPD,LMP,LMP_PRC,KELSO_2_N001,ALL,1,107.70464,4,51
2022-09-02T18:45:00-00:00,2022-09-02T19:00:00-00:00,2022-09-02,12,KELSO_2_N001,KELSO_2_N001,KELSO_2_N001,RTPD,LMP,LMP_PRC,KELSO_2_N001,ALL,1,123.99089,4,51
2022-09-02T19:45:00-00:00,2022-09-02T20:00:00-00:00,2022-09-02,13,KELSO_2_N001,KELSO_2_N001,KELSO_2_N001,RTPD,LMP,LMP_PRC,KELSO_2_N001,ALL,1,133.41884,4,51
2022-09-02T20:45:00-00:00,2022-09-02T21:00:00-00:00,2022-09-02,14,KELSO_2_N001,KELSO_2_N001,KELSO_2_N001,RTPD,LMP,LMP_PRC,KELSO_2_N001,ALL,1,145.90926,4,51
2022-09-02T21:45:00-00:00,2022-09-02T22:00:00-00:00,2022-09-02,15,KELSO_2_N001,KELSO_2_N001,KELSO_2_N001,RTPD,LMP,LMP_PRC,KELSO_2_N001,ALL,1,179.42015,4,51
2022-09-02T22:45:00-00:00,2022-09-02T23:00:00-00:00,2022-09-02,16,KELSO_2_N001,KELSO_2_N001,KELSO_2_N001,RTPD,LMP,LMP_PRC,KELSO_2_N001,ALL,1,249.6095,4,51
2022-09-02T23:45:00-00:00,2022-09-03T00:00:00-00:00,2022-09-02,17,KELSO_2_N001,KELSO_2_N001,KELSO_2_N001,RTPD,LMP,LMP_PRC,KELSO_2_N001,ALL,1,256.49573,4,51
2022-09-03T00:45:00-00:00,2022-09-03T01:00:00-00:00,2022-09-02,18,KELSO_2_N001,KELSO_2_N001,KELSO_2_N001,RTPD,LMP,LMP_PRC,KELSO_2_N001,ALL,1,232.95901,4,51
2022-09-03T01:45:00-00:00,2022-09-03T02:00:00-00:00,2022-09-02,19,KELSO_2_N001,KELSO_2_N001,KELSO_2_N001,RTPD,LMP,LMP_PRC,KELSO_2_N001,ALL,1,300,4,51
2022-09-03T02:45:00-00:00,2022-09-03T03:00:00-00:00,2022-09-02,20,KELSO_2_N001,KELSO_2_N001,KELSO_2_N001,RTPD,LMP,LMP_PRC,KELSO_2_N001,ALL,1,164.81512,4,51
2022-09-03T03:45:00-00:00,2022-09-03T04:00:00-00:00,2022-09-02,21,KELSO_2_N001,KELSO_2_N001,KELSO_2_N001,RTPD,LMP,LMP_PRC,KELSO_2_N001,ALL,1,119.64018,4,51
2022-09-03T04:45:00-00:00,2022-09-03T05:00:00-00:00,2022-09-02,22,KELSO_2_N001,KELSO_2_N001,KELSO_2_N001,RTPD,LMP,LMP_PRC,KELSO_2_N001,ALL,1,102.40783,4,51
2022-09-03T05:45:00-00:00,2022-09-03T06:00:00-00:00,2022-09-02,23,KELSO_2_N001,KELSO_2_N001,KELSO_2_N001,RTPD,LMP,LMP_PRC,KELSO_2_N001,ALL,1,101.06353,4,51
2022-09-03T06:45:00-00:00,2022-09-03T07:00:00-00:00,2022-09-02,24,KELSO_2_N001,KELSO_2_N001,KELSO_2_N001,RTPD,LMP,LMP_PRC,KELSO_2_N001,ALL,1,79.34014,4,51
2022-09-02T07:00:00-00:00,2022-09-02T07:15:00-00:00,2022-09-02,01,KELSO_2_N001,KELSO_2_N001,KELSO_2_N001,RTPD,MCC,LMP_CONG_PRC,KELSO_2_N001,ALL,1,0,1,52
2022-09-02T08:00:00-00:00,2022-09-02T08:15:00-00:00,2022-09-02,02,KELSO_2_N001,KELSO_2_N001,KELSO_2_N001,RTPD,MCC,LMP_CONG_PRC,KELSO_2_N001,ALL,1,0,1,52
2022-09-02T09:00:00-00:00,2022-09-02T09:15:00-00:00,2022-09-02,03,KELSO_2_N001,KELSO_2_N001,KELSO_2_N001,RTPD,MCC,LMP_CONG_PRC,KELSO_2_N001,ALL,1,0,1,52
2022-09-02T10:00:00-00:00,2022-09-02T10:15:00-00:00,2022-09-02,04,KELSO_2_N001,KELSO_2_N001,KELSO_2_N001,RTPD,MCC,LMP_CONG_PRC,KELSO_2_N001,ALL,1,0,1,52
2022-09-02T11:00:00-00:00,2022-09-02T11:15:00-00:00,2022-09-02,05,KELSO_2_N001,KELSO_2_N001,KELSO_2_N001,RTPD,MCC,LMP_CONG_PRC,KELSO_2_N001,ALL,1,-0.16787,1,52
2022-09-02T12:00:00-00:00,2022-09-02T12:15:00-00:00,2022-09-02,06,KELSO_2_N001,KELSO_2_N001,KELSO_2_N001,RTPD,MCC,LMP_CONG_PRC,KELSO_2_N001,ALL,1,-2.79649,1,52
2022-09-02T13:00:00-00:00,2022-09-02T13:15:00-00:00,2022-09-02,07,KELSO_2_N001,KELSO_2_N001,KELSO_2_N001,RTPD,MCC,LMP_CONG_PRC,KELSO_2_N001,ALL,1,-2.51875,1,52
2022-09-02T14:00:00-00:00,2022-09-02T14:15:00-00:00,2022-09-02,08,KELSO_2_N001,KELSO_2_N001,KELSO_2_N001,RTPD,MCC,LMP_CONG_PRC,KELSO_2_N001,ALL,1,0,1,52
2022-09-02T15:00:00-00:00,2022-09-02T15:15:00-00:00,2022-09-02,09,KELSO_2_N001,KELSO_2_N001,KELSO_2_N001,RTPD,MCC,LMP_CONG_PRC,KELSO_2_N001,ALL,1,0,1,52
2022-09-02T16:00:00-00:00,2022-09-02T16:15:00-00:00,2022-09-02,10,KELSO_2_N001,KELSO_2_N001,KELSO_2_N001,RTPD,MCC,LMP_CONG_PRC,KELSO_2_N001,ALL,1,0,1,52
2022-09-02T17:00:00-00:00,2022-09-02T17:15:00-00:00,2022-09-02,11,KELSO_2_N001,KELSO_2_N001,KELSO_2_N001,RTPD,MCC,LMP_CONG_PRC,KELSO_2_N001,ALL,1,0,1,52
2022-09-02T18:00:00-00:00,2022-09-02T18:15:00-00:00,2022-09-02,12,KELSO_2_N001,KELSO_2_N001,KELSO_2_N001,RTPD,MCC,LMP_CONG_PRC,KELSO_2_N001,ALL,1,0,1,52
2022-09-02T19:00:00-00:00,2022-09-02T19:15:00-00:00,2022-09-02,13,KELSO_2_N001,KELSO_2_N001,KELSO_2_N001,RTPD,MCC,LMP_CONG_PRC,KELSO_2_N001,ALL,1,0,1,52
2022-09-02T20:00:00-00:00,2022-09-02T20:15:00-00:00,2022-09-02,14,KELSO_2_N001,KELSO_2_N001,KELSO_2_N001,RTPD,MCC,LMP_CONG_PRC,KELSO_2_N001,ALL,1,0,1,52
2022-09-02T21:00:00-00:00,2022-09-02T21:15:00-00:00,2022-09-02,15,KELSO_2_N001,KELSO_2_N001,KELSO_2_N001,RTPD,MCC,LMP_CONG_PRC,KELSO_2_N001,ALL,1,0,1,52
2022-09-02T22:00:00-00:00,2022-09-02T22:15:00-00:00,2022-09-02,16,KELSO_2_N001,KELSO_2_N001,KELSO_2_N001,RTPD,MCC,LMP_CONG_PRC,KELSO_2_N001,ALL,1,0,1,52
2022-09-02T23:00:00-00:00,2022-09-02T23:15:00-00:00,2022-09-02,17,KELSO_2_N001,KELSO_2_N001,KELSO_2_N001,RTPD,MCC,LMP_CONG_PRC,KELSO_2_N001,ALL,1,-6.95692,1,52
2022-09-03T00:00:00-00:00,2022-09-03T00:15:00-00:00,2022-09-02,18,KELSO_2_N001,KELSO_2_N001,KELSO_2_N001,RTPD,MCC,LMP_CONG_PRC,KELSO_2_N001,ALL,1,-116.73797,1,52
2022-09-03T01:00:00-00:00,2022-09-03T01:15:00-00:00,2022-09-02,19,KELSO_2_N001,KELSO_2_N001,KELSO_2_N001,RTPD,MCC,LMP_CONG_PRC,KELSO_2_N001,ALL,1,-31.44931,1,52
2022-09-03T02:00:00-00:00,2022-09-03T02:15:00-00:00,2022-09-02,20,KELSO_2_N001,KELSO_2_N001,KELSO_2_N001,RTPD,MCC,LMP_CONG_PRC,KELSO_2_N001,ALL,1,0,1,52
2022-09-03T03:00:00-00:00,2022-09-03T03:15:00-00:00,2022-09-02,21,KELSO_2_N001,KELSO_2_N001,KELSO_2_N001,RTPD,MCC,LMP_CONG_PRC,KELSO_2_N001,ALL,1,0,1,52
2022-09-03T04:00:00-00:00,2022-09-03T04:15:00-00:00,2022-09-02,22,KELSO_2_N001,KELSO_2_N001,KELSO_2_N001,RTPD,MCC,LMP_CONG_PRC,KELSO_2_N001,ALL,1,-1.89393,1,52
2022-09-03T05:00:00-00:00,2022-09-03T05:15:00-00:00,2022-09-02,23,KELSO_2_N001,KELSO_2_N001,KELSO_2_N001,RTPD,MCC,LMP_CONG_PRC,KELSO_2_N001,ALL,1,-10.33662,1,52
2022-09-03T06:00:00-00:00,2022-09-03T06:15:00-00:00,2022-09-02,24,KELSO_2_N001,KELSO_2_N001,KELSO_2_N001,RTPD,MCC,LMP_CONG_PRC,KELSO_2_N001,ALL,1,-33.15766,1,52
2022-09-02T07:15:00-00:00,2022-09-02T07:30:00-00:00,2022-09-02,01,KELSO_2_N001,KELSO_2_N001,KELSO_2_N001,RTPD,MCC,LMP_CONG_PRC,KELSO_2_N001,ALL,1,0,2,52
2022-09-02T08:15:00-00:00,2022-09-02T08:30:00-00:00,2022-09-02,02,KELSO_2_N001,KELSO_2_N001,KELSO_2_N001,RTPD,MCC,LMP_CONG_PRC,KELSO_2_N001,ALL,1,0,2,52
2022-09-02T09:15:00-00:00,2022-09-02T09:30:00-00:00,2022-09-02,03,KELSO_2_N001,KELSO_2_N001,KELSO_2_N001,RTPD,MCC,LMP_CONG_PRC,KELSO_2_N001,ALL,1,0,2,52
2022-09-02T10:15:00-00:00,2022-09-02T10:30:00-00:00,2022-09-02,04,KELSO_2_N001,KELSO_2_N001,KELSO_2_N001,RTPD,MCC,LMP_CONG_PRC,KELSO_2_N001,ALL,1,-0.20509,2,52
2022-09-02T11:15:00-00:00,2022-09-02T11:30:00-00:00,2022-09-02,05,KELSO_2_N001,KELSO_2_N001,KELSO_2_N001,RTPD,MCC,LMP_CONG_PRC,KELSO_2_N001,ALL,1,-0.19538,2,52
2022-09-02T12:15:00-00:00,2022-09-02T12:30:00-00:00,2022-09-02,06,KELSO_2_N001,KELSO_2_N001,KELSO_2_N001,RTPD,MCC,LMP_CONG_PRC,KELSO_2_N001,ALL,1,-2.15727,2,52
2022-09-02T13:15:00-00:00,2022-09-02T13:30:00-00:00,2022-09-02,07,KELSO_2_N001,KELSO_2_N001,KELSO_2_N001,RTPD,MCC,LMP_CONG_PRC,KELSO_2_N001,ALL,1,-2.17432,2,52
2022-09-02T14:15:00-00:00,2022-09-02T14:30:00-00:00,2022-09-02,08,KELSO_2_N001,KELSO_2_N001,KELSO_2_N001,RTPD,MCC,LMP_CONG_PRC,KELSO_2_N001,ALL,1,0,2,52
2022-09-02T15:15:00-00:00,2022-09-02T15:30:00-00:00,2022-09-02,09,KELSO_2_N001,KELSO_2_N001,KELSO_2_N001,RTPD,MCC,LMP_CONG_PRC,KELSO_2_N001,ALL,1,0,2,52
2022-09-02T16:15:00-00:00,2022-09-02T16:30:00-00:00,2022-09-02,10,KELSO_2_N001,KELSO_2_N001,KELSO_2_N001,RTPD,MCC,LMP_CONG_PRC,KELSO_2_N001,ALL,1,0,2,52
2022-09-02T17:15:00-00:00,2022-09-02T17:30:00-00:00,2022-09-02,11,KELSO_2_N001,KELSO_2_N001,KELSO_2_N001,RTPD,MCC,LMP_CONG_PRC,KELSO_2_N001,ALL,1,0,2,52
2022-09-02T18:15:00-00:00,2022-09-02T18:30:00-00:00,2022-09-02,12,KELSO_2_N001,KELSO_2_N001,KELSO_2_N001,RTPD,MCC,LMP_CONG_PRC,KELSO_2_N001,ALL,1,0,2,52
2022-09-02T19:15:00-00:00,2022-09-02T19:30:00-00:00,2022-09-02,13,KELSO_2_N001,KELSO_2_N001,KELSO_2_N001,RTPD,MCC,LMP_CONG_PRC,KELSO_2_N001,ALL,1,0,2,52
2022-09-02T20:15:00-00:00,2022-09-02T20:30:00-00:00,2022-09-02,14,KELSO_2_N001,KELSO_2_N001,KELSO_2_N001,RTPD,MCC,LMP_CONG_PRC,KELSO_2_N001,ALL,1,-0.00145,2,52
2022-09-02T21:15:00-00:00,2022-09-02T21:30:00-00:00,2022-09-02,15,KELSO_2_N001,KELSO_2_N001,KELSO_2_N001,RTPD,MCC,LMP_CONG_PRC,KELSO_2_N001,ALL,1,0,2,52
2022-09-02T22:15:00-00:00,2022-09-02T22:30:00-00:00,2022-09-02,16,KELSO_2_N001,KELSO_2_N001,KELSO_2_N001,RTPD,MCC,LMP_CONG_PRC,KELSO_2_N001,ALL,1,-0.20782,2,52
2022-09-02T23:15:00-00:00,2022-09-02T23:30:00-00:00,2022-09-02,17,KELSO_2_N001,KELSO_2_N001,KELSO_2_N001,RTPD,MCC,LMP_CONG_PRC,KELSO_2_N001,ALL,1,-13.28405,2,52
2022-09-03T00:15:00-00:00,2022-09-03T00:30:00-00:00,2022-09-02,18,KELSO_2_N001,KELSO_2_N001,KELSO_2_N001,RTPD,MCC,LMP_CONG_PRC,KELSO_2_N001,ALL,1,-34.91633,2,52
2022-09-03T01:15:00-00:00,2022-09-03T01:30:00-00:00,2022-09-02,19,KELSO_2_N001,KELSO_2_N001,KELSO_2_N001,RTPD,MCC,LMP_CONG_PRC,KELSO_2_N001,ALL,1,-69.04625,2,52
2022-09-03T02:15:00-00:00,2022-09-03T02:30:00-00:00,2022-09-02,20,KELSO_2_N001,KELSO_2_N001,KELSO_2_N001,RTPD,MCC,LMP_CONG_PRC,KELSO_2_N001,ALL,1,0,2,52
2022-09-03T03:15:00-00:00,2022-09-03T03:30:00-00:00,2022-09-02,21,KELSO_2_N001,KELSO_2_N001,KELSO_2_N001,RTPD,MCC,LMP_CONG_PRC,KELSO_2_N001,ALL,1,0,2,52
2022-09-03T04:15:00-00:00,2022-09-03T04:30:00-00:00,2022-09-02,22,KELSO_2_N001,KELSO_2_N001,KELSO_2_N001,RTPD,MCC,LMP_CONG_PRC,KELSO_2_N001,ALL,1,-7.21806,2,52
2022-09-03T05:15:00-00:00,2022-09-03T05:30:00-00:00,2022-09-02,23,KELSO_2_N001,KELSO_2_N001,KELSO_2_N001,RTPD,MCC,LMP_CONG_PRC,KELSO_2_N001,ALL,1,-20.38606,2,52
2022-09-03T06:15:00-00:00,2022-09-03T06:30:00-00:00,2022-09-02,24,KELSO_2_N001,KELSO_2_N001,KELSO_2_N001,RTPD,MCC,LMP_CONG_PRC,KELSO_2_N001,ALL,1,-36.59029,2,52
2022-09-02T07:30:00-00:00,2022-09-02T07:45:00-00:00,2022-09-02,01,KELSO_2_N001,KELSO_2_N001,KELSO_2_N001,RTPD,MCC,LMP_CONG_PRC,KELSO_2_N001,ALL,1,0,3,52
2022-09-02T08:30:00-00:00,2022-09-02T08:45:00-00:00,2022-09-02,02,KELSO_2_N001,KELSO_2_N001,KELSO_2_N001,RTPD,MCC,LMP_CONG_PRC,KELSO_2_N001,ALL,1,0,3,52
2022-09-02T09:30:00-00:00,2022-09-02T09:45:00-00:00,2022-09-02,03,KELSO_2_N001,KELSO_2_N001,KELSO_2_N001,RTPD,MCC,LMP_CONG_PRC,KELSO_2_N001,ALL,1,0,3,52
2022-09-02T10:30:00-00:00,2022-09-02T10:45:00-00:00,2022-09-02,04,KELSO_2_N001,KELSO_2_N001,KELSO_2_N001,RTPD,MCC,LMP_CONG_PRC,KELSO_2_N001,ALL,1,-0.85591,3,52
2022-09-02T11:30:00-00:00,2022-09-02T11:45:00-00:00,2022-09-02,05,KELSO_2_N001,KELSO_2_N001,KELSO_2_N001,RTPD,MCC,LMP_CONG_PRC,KELSO_2_N001,ALL,1,0,3,52
2022-09-02T12:30:00-00:00,2022-09-02T12:45:00-00:00,2022-09-02,06,KELSO_2_N001,KELSO_2_N001,KELSO_2_N001,RTPD,MCC,LMP_CONG_PRC,KELSO_2_N001,ALL,1,-1.80989,3,52
2022-09-02T13:30:00-00:00,2022-09-02T13:45:00-00:00,2022-09-02,07,KELSO_2_N001,KELSO_2_N001,KELSO_2_N001,RTPD,MCC,LMP_CONG_PRC,KELSO_2_N001,ALL,1,0,3,52
2022-09-02T14:30:00-00:00,2022-09-02T14:45:00-00:00,2022-09-02,08,KELSO_2_N001,KELSO_2_N001,KELSO_2_N001,RTPD,MCC,LMP_CONG_PRC,KELSO_2_N001,ALL,1,0,3,52
2022-09-02T15:30:00-00:00,2022-09-02T15:45:00-00:00,2022-09-02,09,KELSO_2_N001,KELSO_2_N001,KELSO_2_N001,RTPD,MCC,LMP_CONG_PRC,KELSO_2_N001,ALL,1,0,3,52
2022-09-02T16:30:00-00:00,2022-09-02T16:45:00-00:00,2022-09-02,10,KELSO_2_N001,KELSO_2_N001,KELSO_2_N001,RTPD,MCC,LMP_CONG_PRC,KELSO_2_N001,ALL,1,0,3,52
2022-09-02T17:30:00-00:00,2022-09-02T17:45:00-00:00,2022-09-02,11,KELSO_2_N001,KELSO_2_N001,KELSO_2_N001,RTPD,MCC,LMP_CONG_PRC,KELSO_2_N001,ALL,1,0,3,52
2022-09-02T18:30:00-00:00,2022-09-02T18:45:00-00:00,2022-09-02,12,KELSO_2_N001,KELSO_2_N001,KELSO_2_N001,RTPD,MCC,LMP_CONG_PRC,KELSO_2_N001,ALL,1,0,3,52
2022-09-02T19:30:00-00:00,2022-09-02T19:45:00-00:00,2022-09-02,13,KELSO_2_N001,KELSO_2_N001,KELSO_2_N001,RTPD,MCC,LMP_CONG_PRC,KELSO_2_N001,ALL,1,0,3,52
2022-09-02T20:30:00-00:00,2022-09-02T20:45:00-00:00,2022-09-02,14,KELSO_2_N001,KELSO_2_N001,KELSO_2_N001,RTPD,MCC,LMP_CONG_PRC,KELSO_2_N001,ALL,1,0,3,52
2022-09-02T21:30:00-00:00,2022-09-02T21:45:00-00:00,2022-09-02,15,KELSO_2_N001,KELSO_2_N001,KELSO_2_N001,RTPD,MCC,LMP_CONG_PRC,KELSO_2_N001,ALL,1,0,3,52
2022-09-02T22:30:00-00:00,2022-09-02T22:45:00-00:00,2022-09-02,16,KELSO_2_N001,KELSO_2_N001,KELSO_2_N001,RTPD,MCC,LMP_CONG_PRC,KELSO_2_N001,ALL,1,0,3,52
2022-09-02T23:30:00-00:00,2022-09-02T23:45:00-00:00,2022-09-02,17,KELSO_2_N001,KELSO_2_N001,KELSO_2_N001,RTPD,MCC,LMP_CONG_PRC,KELSO_2_N001,ALL,1,-6.66036,3,52
2022-09-03T00:30:00-00:00,2022-09-03T00:45:00-00:00,2022-09-02,18,KELSO_2_N001,KELSO_2_N001,KELSO_2_N001,RTPD,MCC,LMP_CONG_PRC,KELSO_2_N001,ALL,1,-77.01508,3,52
2022-09-03T01:30:00-00:00,2022-09-03T01:45:00-00:00,2022-09-02,19,KELSO_2_N001,KELSO_2_N001,KELSO_2_N001,RTPD,MCC,LMP_CONG_PRC,KELSO_2_N001,ALL,1,-21.54807,3,52
2022-09-03T02:30:00-00:00,2022-09-03T02:45:00-00:00,2022-09-02,20,KELSO_2_N001,KELSO_2_N001,KELSO_2_N001,RTPD,MCC,LMP_CONG_PRC,KELSO_2_N001,ALL,1,2.4955,3,52
2022-09-03T03:30:00-00:00,2022-09-03T03:45:00-00:00,2022-09-02,21,KELSO_2_N001,KELSO_2_N001,KELSO_2_N001,RTPD,MCC,LMP_CONG_PRC,KELSO_2_N001,ALL,1,0,3,52
2022-09-03T04:30:00-00:00,2022-09-03T04:45:00-00:00,2022-09-02,22,KELSO_2_N001,KELSO_2_N001,KELSO_2_N001,RTPD,MCC,LMP_CONG_PRC,KELSO_2_N001,ALL,1,-8.95645,3,52
2022-09-03T05:30:00-00:00,2022-09-03T05:45:00-00:00,2022-09-02,23,KELSO_2_N001,KELSO_2_N001,KELSO_2_N001,RTPD,MCC,LMP_CONG_PRC,KELSO_2_N001,ALL,1,-22.75013,3,52
2022-09-03T06:30:00-00:00,2022-09-03T06:45:00-00:00,2022-09-02,24,KELSO_2_N001,KELSO_2_N001,KELSO_2_N001,RTPD,MCC,LMP_CONG_PRC,KELSO_2_N001,ALL,1,-31.58625,3,52
2022-09-02T07:45:00-00:00,2022-09-02T08:00:00-00:00,2022-09-02,01,KELSO_2_N001,KELSO_2_N001,KELSO_2_N001,RTPD,MCC,LMP_CONG_PRC,KELSO_2_N001,ALL,1,0,4,52
2022-09-02T08:45:00-00:00,2022-09-02T09:00:00-00:00,2022-09-02,02,KELSO_2_N001,KELSO_2_N001,KELSO_2_N001,RTPD,MCC,LMP_CONG_PRC,KELSO_2_N001,ALL,1,0,4,52
2022-09-02T09:45:00-00:00,2022-09-02T10:00:00-00:00,2022-09-02,03,KELSO_2_N001,KELSO_2_N001,KELSO_2_N001,RTPD,MCC,LMP_CONG_PRC,KELSO_2_N001,ALL,1,0,4,52
2022-09-02T10:45:00-00:00,2022-09-02T11:00:00-00:00,2022-09-02,04,KELSO_2_N001,KELSO_2_N001,KELSO_2_N001,RTPD,MCC,LMP_CONG_PRC,KELSO_2_N001,ALL,1,0,4,52
2022-09-02T11:45:00-00:00,2022-09-02T12:00:00-00:00,2022-09-02,05,KELSO_2_N001,KELSO_2_N001,KELSO_2_N001,RTPD,MCC,LMP_CONG_PRC,KELSO_2_N001,ALL,1,-2.98202,4,52
2022-09-02T12:45:00-00:00,2022-09-02T13:00:00-00:00,2022-09-02,06,KELSO_2_N001,KELSO_2_N001,KELSO_2_N001,RTPD,MCC,LMP_CONG_PRC,KELSO_2_N001,ALL,1,0,4,52
2022-09-02T13:45:00-00:00,2022-09-02T14:00:00-00:00,2022-09-02,07,KELSO_2_N001,KELSO_2_N001,KELSO_2_N001,RTPD,MCC,LMP_CONG_PRC,KELSO_2_N001,ALL,1,0,4,52
2022-09-02T14:45:00-00:00,2022-09-02T15:00:00-00:00,2022-09-02,08,KELSO_2_N001,KELSO_2_N001,KELSO_2_N001,RTPD,MCC,LMP_CONG_PRC,KELSO_2_N001,ALL,1,0,4,52
2022-09-02T15:45:00-00:00,2022-09-02T16:00:00-00:00,2022-09-02,09,KELSO_2_N001,KELSO_2_N001,KELSO_2_N001,RTPD,MCC,LMP_CONG_PRC,KELSO_2_N001,ALL,1,0,4,52
2022-09-02T16:45:00-00:00,2022-09-02T17:00:00-00:00,2022-09-02,10,KELSO_2_N001,KELSO_2_N001,KELSO_2_N001,RTPD,MCC,LMP_CONG_PRC,KELSO_2_N001,ALL,1,0,4,52
2022-09-02T17:45:00-00:00,2022-09-02T18:00:00-00:00,2022-09-02,11,KELSO_2_N001,KELSO_2_N001,KELSO_2_N001,RTPD,MCC,LMP_CONG_PRC,KELSO_2_N001,ALL,1,0,4,52
2022-09-02T18:45:00-00:00,2022-09-02T19:00:00-00:00,2022-09-02,12,KELSO_2_N001,KELSO_2_N001,KELSO_2_N001,RTPD,MCC,LMP_CONG_PRC,KELSO_2_N001,ALL,1,0,4,52
2022-09-02T19:45:00-00:00,2022-09-02T20:00:00-00:00,2022-09-02,13,KELSO_2_N001,KELSO_2_N001,KELSO_2_N001,RTPD,MCC,LMP_CONG_PRC,KELSO_2_N001,ALL,1,0,4,52
2022-09-02T20:45:00-00:00,2022-09-02T21:00:00-00:00,2022-09-02,14,KELSO_2_N001,KELSO_2_N001,KELSO_2_N001,RTPD,MCC,LMP_CONG_PRC,KELSO_2_N001,ALL,1,0,4,52
2022-09-02T21:45:00-00:00,2022-09-02T22:00:00-00:00,2022-09-02,15,KELSO_2_N001,KELSO_2_N001,KELSO_2_N001,RTPD,MCC,LMP_CONG_PRC,KELSO_2_N001,ALL,1,0,4,52
2022-09-02T22:45:00-00:00,2022-09-02T23:00:00-00:00,2022-09-02,16,KELSO_2_N001,KELSO_2_N001,KELSO_2_N001,RTPD,MCC,LMP_CONG_PRC,KELSO_2_N001,ALL,1,-19.69885,4,52
2022-09-02T23:45:00-00:00,2022-09-03T00:00:00-00:00,2022-09-02,17,KELSO_2_N001,KELSO_2_N001,KELSO_2_N001,RTPD,MCC,LMP_CONG_PRC,KELSO_2_N001,ALL,1,-30.61557,4,52
2022-09-03T00:45:00-00:00,2022-09-03T01:00:00-00:00,2022-09-02,18,KELSO_2_N001,KELSO_2_N001,KELSO_2_N001,RTPD,MCC,LMP_CONG_PRC,KELSO_2_N001,ALL,1,-9.20733,4,52
2022-09-03T01:45:00-00:00,2022-09-03T02:00:00-00:00,2022-09-02,19,KELSO_2_N001,KELSO_2_N001,KELSO_2_N001,RTPD,MCC,LMP_CONG_PRC,KELSO_2_N001,ALL,1,-4.55595,4,52
2022-09-03T02:45:00-00:00,2022-09-03T03:00:00-00:00,2022-09-02,20,KELSO_2_N001,KELSO_2_N001,KELSO_2_N001,RTPD,MCC,LMP_CONG_PRC,KELSO_2_N001,ALL,1,13.95062,4,52
2022-09-03T03:45:00-00:00,2022-09-03T04:00:00-00:00,2022-09-02,21,KELSO_2_N001,KELSO_2_N001,KELSO_2_N001,RTPD,MCC,LMP_CONG_PRC,KELSO_2_N001,ALL,1,0,4,52
2022-09-03T04:45:00-00:00,2022-09-03T05:00:00-00:00,2022-09-02,22,KELSO_2_N001,KELSO_2_N001,KELSO_2_N001,RTPD,MCC,LMP_CONG_PRC,KELSO_2_N001,ALL,1,-8.28629,4,52
2022-09-03T05:45:00-00:00,2022-09-03T06:00:00-00:00,2022-09-02,23,KELSO_2_N001,KELSO_2_N001,KELSO_2_N001,RTPD,MCC,LMP_CONG_PRC,KELSO_2_N001,ALL,1,-3.03596,4,52
2022-09-03T06:45:00-00:00,2022-09-03T07:00:00-00:00,2022-09-02,24,KELSO_2_N001,KELSO_2_N001,KELSO_2_N001,RTPD,MCC,LMP_CONG_PRC,KELSO_2_N001,ALL,1,-16.62863,4,52
2022-09-02T07:00:00-00:00,2022-09-02T07:15:00-00:00,2022-09-02,01,KELSO_2_N001,KELSO_2_N001,KELSO_2_N001,RTPD,MCE,LMP_ENE_PRC,KELSO_2_N001,ALL,1,128.45242,1,53
2022-09-02T08:00:00-00:00,2022-09-02T08:15:00-00:00,2022-09-02,02,KELSO_2_N001,KELSO_2_N001,KELSO_2_N001,RTPD,MCE,LMP_ENE_PRC,KELSO_2_N001,ALL,1,119.60895,1,53
2022-09-02T09:00:00-00:00,2022-09-02T09:15:00-00:00,2022-09-02,03,KELSO_2_N001,KELSO_2_N001,KELSO_2_N001,RTPD,MCE,LMP_ENE_PRC,KELSO_2_N001,ALL,1,114.19063,1,53
2022-09-02T10:00:00-00:00,2022-09-02T10:15:00-00:00,2022-09-02,04,KELSO_2_N001,KELSO_2_N001,KELSO_2_N001,RTPD,MCE,LMP_ENE_PRC,KELSO_2_N001,ALL,1,103.99956,1,53
2022-09-02T11:00:00-00:00,2022-09-02T11:15:00-00:00,2022-09-02,05,KELSO_2_N001,KELSO_2_N001,KELSO_2_N001,RTPD,MCE,LMP_ENE_PRC,KELSO_2_N001,ALL,1,99.79609,1,53
2022-09-02T12:00:00-00:00,2022-09-02T12:15:00-00:00,2022-09-02,06,KELSO_2_N001,KELSO_2_N001,KELSO_2_N001,RTPD,MCE,LMP_ENE_PRC,KELSO_2_N001,ALL,1,103.63711,1,53
2022-09-02T13:00:00-00:00,2022-09-02T13:15:00-00:00,2022-09-02,07,KELSO_2_N001,KELSO_2_N001,KELSO_2_N001,RTPD,MCE,LMP_ENE_PRC,KELSO_2_N001,ALL,1,105.96778,1,53
2022-09-02T14:00:00-00:00,2022-09-02T14:15:00-00:00,2022-09-02,08,KELSO_2_N001,KELSO_2_N001,KELSO_2_N001,RTPD,MCE,LMP_ENE_PRC,KELSO_2_N001,ALL,1,113.93965,1,53
2022-09-02T15:00:00-00:00,2022-09-02T15:15:00-00:00,2022-09-02,09,KELSO_2_N001,KELSO_2_N001,KELSO_2_N001,RTPD,MCE,LMP_ENE_PRC,KELSO_2_N001,ALL,1,87.89648,1,53
2022-09-02T16:00:00-00:00,2022-09-02T16:15:00-00:00,2022-09-02,10,KELSO_2_N001,KELSO_2_N001,KELSO_2_N001,RTPD,MCE,LMP_ENE_PRC,KELSO_2_N001,ALL,1,86.73757,1,53
2022-09-02T17:00:00-00:00,2022-09-02T17:15:00-00:00,2022-09-02,11,KELSO_2_N001,KELSO_2_N001,KELSO_2_N001,RTPD,MCE,LMP_ENE_PRC,KELSO_2_N001,ALL,1,93.53587,1,53
2022-09-02T18:00:00-00:00,2022-09-02T18:15:00-00:00,2022-09-02,12,KELSO_2_N001,KELSO_2_N001,KELSO_2_N001,RTPD,MCE,LMP_ENE_PRC,KELSO_2_N001,ALL,1,104.54111,1,53
2022-09-02T19:00:00-00:00,2022-09-02T19:15:00-00:00,2022-09-02,13,KELSO_2_N001,KELSO_2_N001,KELSO_2_N001,RTPD,MCE,LMP_ENE_PRC,KELSO_2_N001,ALL,1,107.01684,1,53
2022-09-02T20:00:00-00:00,2022-09-02T20:15:00-00:00,2022-09-02,14,KELSO_2_N001,KELSO_2_N001,KELSO_2_N001,RTPD,MCE,LMP_ENE_PRC,KELSO_2_N001,ALL,1,113.37494,1,53
2022-09-02T21:00:00-00:00,2022-09-02T21:15:00-00:00,2022-09-02,15,KELSO_2_N001,KELSO_2_N001,KELSO_2_N001,RTPD,MCE,LMP_ENE_PRC,KELSO_2_N001,ALL,1,125.15005,1,53
2022-09-02T22:00:00-00:00,2022-09-02T22:15:00-00:00,2022-09-02,16,KELSO_2_N001,KELSO_2_N001,KELSO_2_N001,RTPD,MCE,LMP_ENE_PRC,KELSO_2_N001,ALL,1,146.08907,1,53
2022-09-02T23:00:00-00:00,2022-09-02T23:15:00-00:00,2022-09-02,17,KELSO_2_N001,KELSO_2_N001,KELSO_2_N001,RTPD,MCE,LMP_ENE_PRC,KELSO_2_N001,ALL,1,138.68256,1,53
2022-09-03T00:00:00-00:00,2022-09-03T00:15:00-00:00,2022-09-02,18,KELSO_2_N001,KELSO_2_N001,KELSO_2_N001,RTPD,MCE,LMP_ENE_PRC,KELSO_2_N001,ALL,1,229.3306,1,53
2022-09-03T01:00:00-00:00,2022-09-03T01:15:00-00:00,2022-09-02,19,KELSO_2_N001,KELSO_2_N001,KELSO_2_N001,RTPD,MCE,LMP_ENE_PRC,KELSO_2_N001,ALL,1,152.69885,1,53
2022-09-03T02:00:00-00:00,2022-09-03T02:15:00-00:00,2022-09-02,20,KELSO_2_N001,KELSO_2_N001,KELSO_2_N001,RTPD,MCE,LMP_ENE_PRC,KELSO_2_N001,ALL,1,204.37767,1,53
2022-09-03T03:00:00-00:00,2022-09-03T03:15:00-00:00,2022-09-02,21,KELSO_2_N001,KELSO_2_N001,KELSO_2_N001,RTPD,MCE,LMP_ENE_PRC,KELSO_2_N001,ALL,1,136.90031,1,53
2022-09-03T04:00:00-00:00,2022-09-03T04:15:00-00:00,2022-09-02,22,KELSO_2_N001,KELSO_2_N001,KELSO_2_N001,RTPD,MCE,LMP_ENE_PRC,KELSO_2_N001,ALL,1,155.88805,1,53
2022-09-03T05:00:00-00:00,2022-09-03T05:15:00-00:00,2022-09-02,23,KELSO_2_N001,KELSO_2_N001,KELSO_2_N001,RTPD,MCE,LMP_ENE_PRC,KELSO_2_N001,ALL,1,142.06982,1,53
2022-09-03T06:00:00-00:00,2022-09-03T06:15:00-00:00,2022-09-02,24,KELSO_2_N001,KELSO_2_N001,KELSO_2_N001,RTPD,MCE,LMP_ENE_PRC,KELSO_2_N001,ALL,1,141.54752,1,53
2022-09-02T07:15:00-00:00,2022-09-02T07:30:00-00:00,2022-09-02,01,KELSO_2_N001,KELSO_2_N001,KELSO_2_N001,RTPD,MCE,LMP_ENE_PRC,KELSO_2_N001,ALL,1,120.94146,2,53
2022-09-02T08:15:00-00:00,2022-09-02T08:30:00-00:00,2022-09-02,02,KELSO_2_N001,KELSO_2_N001,KELSO_2_N001,RTPD,MCE,LMP_ENE_PRC,KELSO_2_N001,ALL,1,113.81733,2,53
2022-09-02T09:15:00-00:00,2022-09-02T09:30:00-00:00,2022-09-02,03,KELSO_2_N001,KELSO_2_N001,KELSO_2_N001,RTPD,MCE,LMP_ENE_PRC,KELSO_2_N001,ALL,1,110.97779,2,53
2022-09-02T10:15:00-00:00,2022-09-02T10:30:00-00:00,2022-09-02,04,KELSO_2_N001,KELSO_2_N001,KELSO_2_N001,RTPD,MCE,LMP_ENE_PRC,KELSO_2_N001,ALL,1,103.79594,2,53
2022-09-02T11:15:00-00:00,2022-09-02T11:30:00-00:00,2022-09-02,05,KELSO_2_N001,KELSO_2_N001,KELSO_2_N001,RTPD,MCE,LMP_ENE_PRC,KELSO_2_N001,ALL,1,97.78757,2,53
2022-09-02T12:15:00-00:00,2022-09-02T12:30:00-00:00,2022-09-02,06,KELSO_2_N001,KELSO_2_N001,KELSO_2_N001,RTPD,MCE,LMP_ENE_PRC,KELSO_2_N001,ALL,1,103.09286,2,53
2022-09-02T13:15:00-00:00,2022-09-02T13:30:00-00:00,2022-09-02,07,KELSO_2_N001,KELSO_2_N001,KELSO_2_N001,RTPD,MCE,LMP_ENE_PRC,KELSO_2_N001,ALL,1,107.56083,2,53
2022-09-02T14:15:00-00:00,2022-09-02T14:30:00-00:00,2022-09-02,08,KELSO_2_N001,KELSO_2_N001,KELSO_2_N001,RTPD,MCE,LMP_ENE_PRC,KELSO_2_N001,ALL,1,106.05854,2,53
2022-09-02T15:15:00-00:00,2022-09-02T15:30:00-00:00,2022-09-02,09,KELSO_2_N001,KELSO_2_N001,KELSO_2_N001,RTPD,MCE,LMP_ENE_PRC,KELSO_2_N001,ALL,1,82.25366,2,53
2022-09-02T16:15:00-00:00,2022-09-02T16:30:00-00:00,2022-09-02,10,KELSO_2_N001,KELSO_2_N001,KELSO_2_N001,RTPD,MCE,LMP_ENE_PRC,KELSO_2_N001,ALL,1,90.79105,2,53
2022-09-02T17:15:00-00:00,2022-09-02T17:30:00-00:00,2022-09-02,11,KELSO_2_N001,KELSO_2_N001,KELSO_2_N001,RTPD,MCE,LMP_ENE_PRC,KELSO_2_N001,ALL,1,102.26623,2,53
2022-09-02T18:15:00-00:00,2022-09-02T18:30:00-00:00,2022-09-02,12,KELSO_2_N001,KELSO_2_N001,KELSO_2_N001,RTPD,MCE,LMP_ENE_PRC,KELSO_2_N001,ALL,1,109.04294,2,53
2022-09-02T19:15:00-00:00,2022-09-02T19:30:00-00:00,2022-09-02,13,KELSO_2_N001,KELSO_2_N001,KELSO_2_N001,RTPD,MCE,LMP_ENE_PRC,KELSO_2_N001,ALL,1,112.13756,2,53
2022-09-02T20:15:00-00:00,2022-09-02T20:30:00-00:00,2022-09-02,14,KELSO_2_N001,KELSO_2_N001,KELSO_2_N001,RTPD,MCE,LMP_ENE_PRC,KELSO_2_N001,ALL,1,116.37216,2,53
2022-09-02T21:15:00-00:00,2022-09-02T21:30:00-00:00,2022-09-02,15,KELSO_2_N001,KELSO_2_N001,KELSO_2_N001,RTPD,MCE,LMP_ENE_PRC,KELSO_2_N001,ALL,1,126.49216,2,53
2022-09-02T22:15:00-00:00,2022-09-02T22:30:00-00:00,2022-09-02,16,KELSO_2_N001,KELSO_2_N001,KELSO_2_N001,RTPD,MCE,LMP_ENE_PRC,KELSO_2_N001,ALL,1,159.30594,2,53
2022-09-02T23:15:00-00:00,2022-09-02T23:30:00-00:00,2022-09-02,17,KELSO_2_N001,KELSO_2_N001,KELSO_2_N001,RTPD,MCE,LMP_ENE_PRC,KELSO_2_N001,ALL,1,147.82425,2,53
2022-09-03T00:15:00-00:00,2022-09-03T00:30:00-00:00,2022-09-02,18,KELSO_2_N001,KELSO_2_N001,KELSO_2_N001,RTPD,MCE,LMP_ENE_PRC,KELSO_2_N001,ALL,1,158.74521,2,53
2022-09-03T01:15:00-00:00,2022-09-03T01:30:00-00:00,2022-09-02,19,KELSO_2_N001,KELSO_2_N001,KELSO_2_N001,RTPD,MCE,LMP_ENE_PRC,KELSO_2_N001,ALL,1,217.12807,2,53
2022-09-03T02:15:00-00:00,2022-09-03T02:30:00-00:00,2022-09-02,20,KELSO_2_N001,KELSO_2_N001,KELSO_2_N001,RTPD,MCE,LMP_ENE_PRC,KELSO_2_N001,ALL,1,199.75978,2,53
2022-09-03T03:15:00-00:00,2022-09-03T03:30:00-00:00,2022-09-02,21,KELSO_2_N001,KELSO_2_N001,KELSO_2_N001,RTPD,MCE,LMP_ENE_PRC,KELSO_2_N001,ALL,1,135.58563,2,53
2022-09-03T04:15:00-00:00,2022-09-03T04:30:00-00:00,2022-09-02,22,KELSO_2_N001,KELSO_2_N001,KELSO_2_N001,RTPD,MCE,LMP_ENE_PRC,KELSO_2_N001,ALL,1,141.76537,2,53
2022-09-03T05:15:00-00:00,2022-09-03T05:30:00-00:00,2022-09-02,23,KELSO_2_N001,KELSO_2_N001,KELSO_2_N001,RTPD,MCE,LMP_ENE_PRC,KELSO_2_N001,ALL,1,133.20816,2,53
2022-09-03T06:15:00-00:00,2022-09-03T06:30:00-00:00,2022-09-02,24,KELSO_2_N001,KELSO_2_N001,KELSO_2_N001,RTPD,MCE,LMP_ENE_PRC,KELSO_2_N001,ALL,1,117.98942,2,53
2022-09-02T07:30:00-00:00,2022-09-02T07:45:00-00:00,2022-09-02,01,KELSO_2_N001,KELSO_2_N001,KELSO_2_N001,RTPD,MCE,LMP_ENE_PRC,KELSO_2_N001,ALL,1,122.04731,3,53
2022-09-02T08:30:00-00:00,2022-09-02T08:45:00-00:00,2022-09-02,02,KELSO_2_N001,KELSO_2_N001,KELSO_2_N001,RTPD,MCE,LMP_ENE_PRC,KELSO_2_N001,ALL,1,110.76908,3,53
2022-09-02T09:30:00-00:00,2022-09-02T09:45:00-00:00,2022-09-02,03,KELSO_2_N001,KELSO_2_N001,KELSO_2_N001,RTPD,MCE,LMP_ENE_PRC,KELSO_2_N001,ALL,1,104.32659,3,53
2022-09-02T10:30:00-00:00,2022-09-02T10:45:00-00:00,2022-09-02,04,KELSO_2_N001,KELSO_2_N001,KELSO_2_N001,RTPD,MCE,LMP_ENE_PRC,KELSO_2_N001,ALL,1,100.57354,3,53
2022-09-02T11:30:00-00:00,2022-09-02T11:45:00-00:00,2022-09-02,05,KELSO_2_N001,KELSO_2_N001,KELSO_2_N001,RTPD,MCE,LMP_ENE_PRC,KELSO_2_N001,ALL,1,99.75045,3,53
2022-09-02T12:30:00-00:00,2022-09-02T12:45:00-00:00,2022-09-02,06,KELSO_2_N001,KELSO_2_N001,KELSO_2_N001,RTPD,MCE,LMP_ENE_PRC,KELSO_2_N001,ALL,1,109.42995,3,53
2022-09-02T13:30:00-00:00,2022-09-02T13:45:00-00:00,2022-09-02,07,KELSO_2_N001,KELSO_2_N001,KELSO_2_N001,RTPD,MCE,LMP_ENE_PRC,KELSO_2_N001,ALL,1,111.49249,3,53
2022-09-02T14:30:00-00:00,2022-09-02T14:45:00-00:00,2022-09-02,08,KELSO_2_N001,KELSO_2_N001,KELSO_2_N001,RTPD,MCE,LMP_ENE_PRC,KELSO_2_N001,ALL,1,96.69992,3,53
2022-09-02T15:30:00-00:00,2022-09-02T15:45:00-00:00,2022-09-02,09,KELSO_2_N001,KELSO_2_N001,KELSO_2_N001,RTPD,MCE,LMP_ENE_PRC,KELSO_2_N001,ALL,1,81.36,3,53
2022-09-02T16:30:00-00:00,2022-09-02T16:45:00-00:00,2022-09-02,10,KELSO_2_N001,KELSO_2_N001,KELSO_2_N001,RTPD,MCE,LMP_ENE_PRC,KELSO_2_N001,ALL,1,89.6042,3,53
2022-09-02T17:30:00-00:00,2022-09-02T17:45:00-00:00,2022-09-02,11,KELSO_2_N001,KELSO_2_N001,KELSO_2_N001,RTPD,MCE,LMP_ENE_PRC,KELSO_2_N001,ALL,1,103.81658,3,53
2022-09-02T18:30:00-00:00,2022-09-02T18:45:00-00:00,2022-09-02,12,KELSO_2_N001,KELSO_2_N001,KELSO_2_N001,RTPD,MCE,LMP_ENE_PRC,KELSO_2_N001,ALL,1,115.4661,3,53
2022-09-02T19:30:00-00:00,2022-09-02T19:45:00-00:00,2022-09-02,13,KELSO_2_N001,KELSO_2_N001,KELSO_2_N001,RTPD,MCE,LMP_ENE_PRC,KELSO_2_N001,ALL,1,119.56031,3,53
2022-09-02T20:30:00-00:00,2022-09-02T20:45:00-00:00,2022-09-02,14,KELSO_2_N001,KELSO_2_N001,KELSO_2_N001,RTPD,MCE,LMP_ENE_PRC,KELSO_2_N001,ALL,1,122.91209,3,53
2022-09-02T21:30:00-00:00,2022-09-02T21:45:00-00:00,2022-09-02,15,KELSO_2_N001,KELSO_2_N001,KELSO_2_N001,RTPD,MCE,LMP_ENE_PRC,KELSO_2_N001,ALL,1,141.03934,3,53
2022-09-02T22:30:00-00:00,2022-09-02T22:45:00-00:00,2022-09-02,16,KELSO_2_N001,KELSO_2_N001,KELSO_2_N001,RTPD,MCE,LMP_ENE_PRC,KELSO_2_N001,ALL,1,183.20744,3,53
2022-09-02T23:30:00-00:00,2022-09-02T23:45:00-00:00,2022-09-02,17,KELSO_2_N001,KELSO_2_N001,KELSO_2_N001,RTPD,MCE,LMP_ENE_PRC,KELSO_2_N001,ALL,1,155.92665,3,53
2022-09-03T00:30:00-00:00,2022-09-03T00:45:00-00:00,2022-09-02,18,KELSO_2_N001,KELSO_2_N001,KELSO_2_N001,RTPD,MCE,LMP_ENE_PRC,KELSO_2_N001,ALL,1,234.42892,3,53
2022-09-03T01:30:00-00:00,2022-09-03T01:45:00-00:00,2022-09-02,19,KELSO_2_N001,KELSO_2_N001,KELSO_2_N001,RTPD,MCE,LMP_ENE_PRC,KELSO_2_N001,ALL,1,250.41255,3,53
2022-09-03T02:30:00-00:00,2022-09-03T02:45:00-00:00,2022-09-02,20,KELSO_2_N001,KELSO_2_N001,KELSO_2_N001,RTPD,MCE,LMP_ENE_PRC,KELSO_2_N001,ALL,1,177.62263,3,53
2022-09-03T03:30:00-00:00,2022-09-03T03:45:00-00:00,2022-09-02,21,KELSO_2_N001,KELSO_2_N001,KELSO_2_N001,RTPD,MCE,LMP_ENE_PRC,KELSO_2_N001,ALL,1,128.61655,3,53
2022-09-03T04:30:00-00:00,2022-09-03T04:45:00-00:00,2022-09-02,22,KELSO_2_N001,KELSO_2_N001,KELSO_2_N001,RTPD,MCE,LMP_ENE_PRC,KELSO_2_N001,ALL,1,132.2016,3,53
2022-09-03T05:30:00-00:00,2022-09-03T05:45:00-00:00,2022-09-02,23,KELSO_2_N001,KELSO_2_N001,KELSO_2_N001,RTPD,MCE,LMP_ENE_PRC,KELSO_2_N001,ALL,1,128.32014,3,53
2022-09-03T06:30:00-00:00,2022-09-03T06:45:00-00:00,2022-09-02,24,KELSO_2_N001,KELSO_2_N001,KELSO_2_N001,RTPD,MCE,LMP_ENE_PRC,KELSO_2_N001,ALL,1,111.22985,3,53
2022-09-02T07:45:00-00:00,2022-09-02T08:00:00-00:00,2022-09-02,01,KELSO_2_N001,KELSO_2_N001,KELSO_2_N001,RTPD,MCE,LMP_ENE_PRC,KELSO_2_N001,ALL,1,101.38693,4,53
2022-09-02T08:45:00-00:00,2022-09-02T09:00:00-00:00,2022-09-02,02,KELSO_2_N001,KELSO_2_N001,KELSO_2_N001,RTPD,MCE,LMP_ENE_PRC,KELSO_2_N001,ALL,1,98.45906,4,53
2022-09-02T09:45:00-00:00,2022-09-02T10:00:00-00:00,2022-09-02,03,KELSO_2_N001,KELSO_2_N001,KELSO_2_N001,RTPD,MCE,LMP_ENE_PRC,KELSO_2_N001,ALL,1,97.29051,4,53
2022-09-02T10:45:00-00:00,2022-09-02T11:00:00-00:00,2022-09-02,04,KELSO_2_N001,KELSO_2_N001,KELSO_2_N001,RTPD,MCE,LMP_ENE_PRC,KELSO_2_N001,ALL,1,97.62383,4,53
2022-09-02T11:45:00-00:00,2022-09-02T12:00:00-00:00,2022-09-02,05,KELSO_2_N001,KELSO_2_N001,KELSO_2_N001,RTPD,MCE,LMP_ENE_PRC,KELSO_2_N001,ALL,1,97.15303,4,53
2022-09-02T12:45:00-00:00,2022-09-02T13:00:00-00:00,2022-09-02,06,KELSO_2_N001,KELSO_2_N001,KELSO_2_N001,RTPD,MCE,LMP_ENE_PRC,KELSO_2_N001,ALL,1,108.08756,4,53
2022-09-02T13:45:00-00:00,2022-09-02T14:00:00-00:00,2022-09-02,07,KELSO_2_N001,KELSO_2_N001,KELSO_2_N001,RTPD,MCE,LMP_ENE_PRC,KELSO_2_N001,ALL,1,105.08817,4,53
2022-09-02T14:45:00-00:00,2022-09-02T15:00:00-00:00,2022-09-02,08,KELSO_2_N001,KELSO_2_N001,KELSO_2_N001,RTPD,MCE,LMP_ENE_PRC,KELSO_2_N001,ALL,1,82.36478,4,53
2022-09-02T15:45:00-00:00,2022-09-02T16:00:00-00:00,2022-09-02,09,KELSO_2_N001,KELSO_2_N001,KELSO_2_N001,RTPD,MCE,LMP_ENE_PRC,KELSO_2_N001,ALL,1,81.41035,4,53
2022-09-02T16:45:00-00:00,2022-09-02T17:00:00-00:00,2022-09-02,10,KELSO_2_N001,KELSO_2_N001,KELSO_2_N001,RTPD,MCE,LMP_ENE_PRC,KELSO_2_N001,ALL,1,93.83783,4,53
2022-09-02T17:45:00-00:00,2022-09-02T18:00:00-00:00,2022-09-02,11,KELSO_2_N001,KELSO_2_N001,KELSO_2_N001,RTPD,MCE,LMP_ENE_PRC,KELSO_2_N001,ALL,1,106.61714,4,53
2022-09-02T18:45:00-00:00,2022-09-02T19:00:00-00:00,2022-09-02,12,KELSO_2_N001,KELSO_2_N001,KELSO_2_N001,RTPD,MCE,LMP_ENE_PRC,KELSO_2_N001,ALL,1,123.03125,4,53
2022-09-02T19:45:00-00:00,2022-09-02T20:00:00-00:00,2022-09-02,13,KELSO_2_N001,KELSO_2_N001,KELSO_2_N001,RTPD,MCE,LMP_ENE_PRC,KELSO_2_N001,ALL,1,135.46436,4,53
2022-09-02T20:45:00-00:00,2022-09-02T21:00:00-00:00,2022-09-02,14,KELSO_2_N001,KELSO_2_N001,KELSO_2_N001,RTPD,MCE,LMP_ENE_PRC,KELSO_2_N001,ALL,1,146.96742,4,53
2022-09-02T21:45:00-00:00,2022-09-02T22:00:00-00:00,2022-09-02,15,KELSO_2_N001,KELSO_2_N001,KELSO_2_N001,RTPD,MCE,LMP_ENE_PRC,KELSO_2_N001,ALL,1,181.80174,4,53
2022-09-02T22:45:00-00:00,2022-09-02T23:00:00-00:00,2022-09-02,16,KELSO_2_N001,KELSO_2_N001,KELSO_2_N001,RTPD,MCE,LMP_ENE_PRC,KELSO_2_N001,ALL,1,269.30835,4,53
2022-09-02T23:45:00-00:00,2022-09-03T00:00:00-00:00,2022-09-02,17,KELSO_2_N001,KELSO_2_N001,KELSO_2_N001,RTPD,MCE,LMP_ENE_PRC,KELSO_2_N001,ALL,1,287.1113,4,53
2022-09-03T00:45:00-00:00,2022-09-03T01:00:00-00:00,2022-09-02,18,KELSO_2_N001,KELSO_2_N001,KELSO_2_N001,RTPD,MCE,LMP_ENE_PRC,KELSO_2_N001,ALL,1,242.16634,4,53
2022-09-03T01:45:00-00:00,2022-09-03T02:00:00-00:00,2022-09-02,19,KELSO_2_N001,KELSO_2_N001,KELSO_2_N001,RTPD,MCE,LMP_ENE_PRC,KELSO_2_N001,ALL,1,304.55594,4,53
2022-09-03T02:45:00-00:00,2022-09-03T03:00:00-00:00,2022-09-02,20,KELSO_2_N001,KELSO_2_N001,KELSO_2_N001,RTPD,MCE,LMP_ENE_PRC,KELSO_2_N001,ALL,1,152.03519,4,53
2022-09-03T03:45:00-00:00,2022-09-03T04:00:00-00:00,2022-09-02,21,KELSO_2_N001,KELSO_2_N001,KELSO_2_N001,RTPD,MCE,LMP_ENE_PRC,KELSO_2_N001,ALL,1,120.27765,4,53
2022-09-03T04:45:00-00:00,2022-09-03T05:00:00-00:00,2022-09-02,22,KELSO_2_N001,KELSO_2_N001,KELSO_2_N001,RTPD,MCE,LMP_ENE_PRC,KELSO_2_N001,ALL,1,111.14984,4,53
2022-09-03T05:45:00-00:00,2022-09-03T06:00:00-00:00,2022-09-02,23,KELSO_2_N001,KELSO_2_N001,KELSO_2_N001,RTPD,MCE,LMP_ENE_PRC,KELSO_2_N001,ALL,1,104.16199,4,53
2022-09-03T06:45:00-00:00,2022-09-03T07:00:00-00:00,2022-09-02,24,KELSO_2_N001,KELSO_2_N001,KELSO_2_N001,RTPD,MCE,LMP_ENE_PRC,KELSO_2_N001,ALL,1,95.41536,4,53
2022-09-02T07:00:00-00:00,2022-09-02T07:15:00-00:00,2022-09-02,01,KELSO_2_N001,KELSO_2_N001,KELSO_2_N001,RTPD,MCL,LMP_LOSS_PRC,KELSO_2_N001,ALL,1,-0.17983,1,54
2022-09-02T08:00:00-00:00,2022-09-02T08:15:00-00:00,2022-09-02,02,KELSO_2_N001,KELSO_2_N001,KELSO_2_N001,RTPD,MCL,LMP_LOSS_PRC,KELSO_2_N001,ALL,1,1.49511,1,54
2022-09-02T09:00:00-00:00,2022-09-02T09:15:00-00:00,2022-09-02,03,KELSO_2_N001,KELSO_2_N001,KELSO_2_N001,RTPD,MCL,LMP_LOSS_PRC,KELSO_2_N001,ALL,1,0.89069,1,54
2022-09-02T10:00:00-00:00,2022-09-02T10:15:00-00:00,2022-09-02,04,KELSO_2_N001,KELSO_2_N001,KELSO_2_N001,RTPD,MCL,LMP_LOSS_PRC,KELSO_2_N001,ALL,1,0.6032,1,54
2022-09-02T11:00:00-00:00,2022-09-02T11:15:00-00:00,2022-09-02,05,KELSO_2_N001,KELSO_2_N001,KELSO_2_N001,RTPD,MCL,LMP_LOSS_PRC,KELSO_2_N001,ALL,1,0,1,54
2022-09-02T12:00:00-00:00,2022-09-02T12:15:00-00:00,2022-09-02,06,KELSO_2_N001,KELSO_2_N001,KELSO_2_N001,RTPD,MCL,LMP_LOSS_PRC,KELSO_2_N001,ALL,1,0,1,54
2022-09-02T13:00:00-00:00,2022-09-02T13:15:00-00:00,2022-09-02,07,KELSO_2_N001,KELSO_2_N001,KELSO_2_N001,RTPD,MCL,LMP_LOSS_PRC,KELSO_2_N001,ALL,1,0,1,54
2022-09-02T14:00:00-00:00,2022-09-02T14:15:00-00:00,2022-09-02,08,KELSO_2_N001,KELSO_2_N001,KELSO_2_N001,RTPD,MCL,LMP_LOSS_PRC,KELSO_2_N001,ALL,1,2.40413,1,54
2022-09-02T15:00:00-00:00,2022-09-02T15:15:00-00:00,2022-09-02,09,KELSO_2_N001,KELSO_2_N001,KELSO_2_N001,RTPD,MCL,LMP_LOSS_PRC,KELSO_2_N001,ALL,1,1.87219,1,54
2022-09-02T16:00:00-00:00,2022-09-02T16:15:00-00:00,2022-09-02,10,KELSO_2_N001,KELSO_2_N001,KELSO_2_N001,RTPD,MCL,LMP_LOSS_PRC,KELSO_2_N001,ALL,1,2.33324,1,54
2022-09-02T17:00:00-00:00,2022-09-02T17:15:00-00:00,2022-09-02,11,KELSO_2_N001,KELSO_2_N001,KELSO_2_N001,RTPD,MCL,LMP_LOSS_PRC,KELSO_2_N001,ALL,1,1.80524,1,54
2022-09-02T18:00:00-00:00,2022-09-02T18:15:00-00:00,2022-09-02,12,KELSO_2_N001,KELSO_2_N001,KELSO_2_N001,RTPD,MCL,LMP_LOSS_PRC,KELSO_2_N001,ALL,1,1.05587,1,54
2022-09-02T19:00:00-00:00,2022-09-02T19:15:00-00:00,2022-09-02,13,KELSO_2_N001,KELSO_2_N001,KELSO_2_N001,RTPD,MCL,LMP_LOSS_PRC,KELSO_2_N001,ALL,1,-0.79192,1,54
2022-09-02T20:00:00-00:00,2022-09-02T20:15:00-00:00,2022-09-02,14,KELSO_2_N001,KELSO_2_N001,KELSO_2_N001,RTPD,MCL,LMP_LOSS_PRC,KELSO_2_N001,ALL,1,-2.18814,1,54
2022-09-02T21:00:00-00:00,2022-09-02T21:15:00-00:00,2022-09-02,15,KELSO_2_N001,KELSO_2_N001,KELSO_2_N001,RTPD,MCL,LMP_LOSS_PRC,KELSO_2_N001,ALL,1,-0.71336,1,54
2022-09-02T22:00:00-00:00,2022-09-02T22:15:00-00:00,2022-09-02,16,KELSO_2_N001,KELSO_2_N001,KELSO_2_N001,RTPD,MCL,LMP_LOSS_PRC,KELSO_2_N001,ALL,1,-1.11028,1,54
2022-09-02T23:00:00-00:00,2022-09-02T23:15:00-00:00,2022-09-02,17,KELSO_2_N001,KELSO_2_N001,KELSO_2_N001,RTPD,MCL,LMP_LOSS_PRC,KELSO_2_N001,ALL,1,-1.16493,1,54
2022-09-03T00:00:00-00:00,2022-09-03T00:15:00-00:00,2022-09-02,18,KELSO_2_N001,KELSO_2_N001,KELSO_2_N001,RTPD,MCL,LMP_LOSS_PRC,KELSO_2_N001,ALL,1,1.85758,1,54
2022-09-03T01:00:00-00:00,2022-09-03T01:15:00-00:00,2022-09-02,19,KELSO_2_N001,KELSO_2_N001,KELSO_2_N001,RTPD,MCL,LMP_LOSS_PRC,KELSO_2_N001,ALL,1,0,1,54
2022-09-03T02:00:00-00:00,2022-09-03T02:15:00-00:00,2022-09-02,20,KELSO_2_N001,KELSO_2_N001,KELSO_2_N001,RTPD,MCL,LMP_LOSS_PRC,KELSO_2_N001,ALL,1,-0.73576,1,54
2022-09-03T03:00:00-00:00,2022-09-03T03:15:00-00:00,2022-09-02,21,KELSO_2_N001,KELSO_2_N001,KELSO_2_N001,RTPD,MCL,LMP_LOSS_PRC,KELSO_2_N001,ALL,1,0.53391,1,54
2022-09-03T04:00:00-00:00,2022-09-03T04:15:00-00:00,2022-09-02,22,KELSO_2_N001,KELSO_2_N001,KELSO_2_N001,RTPD,MCL,LMP_LOSS_PRC,KELSO_2_N001,ALL,1,0.10912,1,54
2022-09-03T05:00:00-00:00,2022-09-03T05:15:00-00:00,2022-09-02,23,KELSO_2_N001,KELSO_2_N001,KELSO_2_N001,RTPD,MCL,LMP_LOSS_PRC,KELSO_2_N001,ALL,1,-0.66773,1,54
2022-09-03T06:00:00-00:00,2022-09-03T06:15:00-00:00,2022-09-02,24,KELSO_2_N001,KELSO_2_N001,KELSO_2_N001,RTPD,MCL,LMP_LOSS_PRC,KELSO_2_N001,ALL,1,-0.12739,1,54
2022-09-02T07:15:00-00:00,2022-09-02T07:30:00-00:00,2022-09-02,01,KELSO_2_N001,KELSO_2_N001,KELSO_2_N001,RTPD,MCL,LMP_LOSS_PRC,KELSO_2_N001,ALL,1,0.08466,2,54
2022-09-02T08:15:00-00:00,2022-09-02T08:30:00-00:00,2022-09-02,02,KELSO_2_N001,KELSO_2_N001,KELSO_2_N001,RTPD,MCL,LMP_LOSS_PRC,KELSO_2_N001,ALL,1,1.47963,2,54
2022-09-02T09:15:00-00:00,2022-09-02T09:30:00-00:00,2022-09-02,03,KELSO_2_N001,KELSO_2_N001,KELSO_2_N001,RTPD,MCL,LMP_LOSS_PRC,KELSO_2_N001,ALL,1,0.79904,2,54
2022-09-02T10:15:00-00:00,2022-09-02T10:30:00-00:00,2022-09-02,04,KELSO_2_N001,KELSO_2_N001,KELSO_2_N001,RTPD,MCL,LMP_LOSS_PRC,KELSO_2_N001,ALL,1,0.5086,2,54
2022-09-02T11:15:00-00:00,2022-09-02T11:30:00-00:00,2022-09-02,05,KELSO_2_N001,KELSO_2_N001,KELSO_2_N001,RTPD,MCL,LMP_LOSS_PRC,KELSO_2_N001,ALL,1,0,2,54
2022-09-02T12:15:00-00:00,2022-09-02T12:30:00-00:00,2022-09-02,06,KELSO_2_N001,KELSO_2_N001,KELSO_2_N001,RTPD,MCL,LMP_LOSS_PRC,KELSO_2_N001,ALL,1,0,2,54
2022-09-02T13:15:00-00:00,2022-09-02T13:30:00-00:00,2022-09-02,07,KELSO_2_N001,KELSO_2_N001,KELSO_2_N001,RTPD,MCL,LMP_LOSS_PRC,KELSO_2_N001,ALL,1,0,2,54
2022-09-02T14:15:00-00:00,2022-09-02T14:30:00-00:00,2022-09-02,08,KELSO_2_N001,KELSO_2_N001,KELSO_2_N001,RTPD,MCL,LMP_LOSS_PRC,KELSO_2_N001,ALL,1,2.63025,2,54
2022-09-02T15:15:00-00:00,2022-09-02T15:30:00-00:00,2022-09-02,09,KELSO_2_N001,KELSO_2_N001,KELSO_2_N001,RTPD,MCL,LMP_LOSS_PRC,KELSO_2_N001,ALL,1,0,2,54
2022-09-02T16:15:00-00:00,2022-09-02T16:30:00-00:00,2022-09-02,10,KELSO_2_N001,KELSO_2_N001,KELSO_2_N001,RTPD,MCL,LMP_LOSS_PRC,KELSO_2_N001,ALL,1,2.16991,2,54
2022-09-02T17:15:00-00:00,2022-09-02T17:30:00-00:00,2022-09-02,11,KELSO_2_N001,KELSO_2_N001,KELSO_2_N001,RTPD,MCL,LMP_LOSS_PRC,KELSO_2_N001,ALL,1,1.74875,2,54
2022-09-02T18:15:00-00:00,2022-09-02T18:30:00-00:00,2022-09-02,12,KELSO_2_N001,KELSO_2_N001,KELSO_2_N001,RTPD,MCL,LMP_LOSS_PRC,KELSO_2_N001,ALL,1,1.35213,2,54
2022-09-02T19:15:00-00:00,2022-09-02T19:30:00-00:00,2022-09-02,13,KELSO_2_N001,KELSO_2_N001,KELSO_2_N001,RTPD,MCL,LMP_LOSS_PRC,KELSO_2_N001,ALL,1,-1.02045,2,54
2022-09-02T20:15:00-00:00,2022-09-02T20:30:00-00:00,2022-09-02,14,KELSO_2_N001,KELSO_2_N001,KELSO_2_N001,RTPD,MCL,LMP_LOSS_PRC,KELSO_2_N001,ALL,1,-2.0016,2,54
2022-09-02T21:15:00-00:00,2022-09-02T21:30:00-00:00,2022-09-02,15,KELSO_2_N001,KELSO_2_N001,KELSO_2_N001,RTPD,MCL,LMP_LOSS_PRC,KELSO_2_N001,ALL,1,-1.22697,2,54
2022-09-02T22:15:00-00:00,2022-09-02T22:30:00-00:00,2022-09-02,16,KELSO_2_N001,KELSO_2_N001,KELSO_2_N001,RTPD,MCL,LMP_LOSS_PRC,KELSO_2_N001,ALL,1,-0.9877,2,54
2022-09-02T23:15:00-00:00,2022-09-02T23:30:00-00:00,2022-09-02,17,KELSO_2_N001,KELSO_2_N001,KELSO_2_N001,RTPD,MCL,LMP_LOSS_PRC,KELSO_2_N001,ALL,1,-0.78347,2,54
2022-09-03T00:15:00-00:00,2022-09-03T00:30:00-00:00,2022-09-02,18,KELSO_2_N001,KELSO_2_N001,KELSO_2_N001,RTPD,MCL,LMP_LOSS_PRC,KELSO_2_N001,ALL,1,0.98422,2,54
2022-09-03T01:15:00-00:00,2022-09-03T01:30:00-00:00,2022-09-02,19,KELSO_2_N001,KELSO_2_N001,KELSO_2_N001,RTPD,MCL,LMP_LOSS_PRC,KELSO_2_N001,ALL,1,0,2,54
2022-09-03T02:15:00-00:00,2022-09-03T02:30:00-00:00,2022-09-02,20,KELSO_2_N001,KELSO_2_N001,KELSO_2_N001,RTPD,MCL,LMP_LOSS_PRC,KELSO_2_N001,ALL,1,-0.69916,2,54
2022-09-03T03:15:00-00:00,2022-09-03T03:30:00-00:00,2022-09-02,21,KELSO_2_N001,KELSO_2_N001,KELSO_2_N001,RTPD,MCL,LMP_LOSS_PRC,KELSO_2_N001,ALL,1,0.74572,2,54
2022-09-03T04:15:00-00:00,2022-09-03T04:30:00-00:00,2022-09-02,22,KELSO_2_N001,KELSO_2_N001,KELSO_2_N001,RTPD,MCL,LMP_LOSS_PRC,KELSO_2_N001,ALL,1,-0.241,2,54
2022-09-03T05:15:00-00:00,2022-09-03T05:30:00-00:00,2022-09-02,23,KELSO_2_N001,KELSO_2_N001,KELSO_2_N001,RTPD,MCL,LMP_LOSS_PRC,KELSO_2_N001,ALL,1,-0.22645,2,54
2022-09-03T06:15:00-00:00,2022-09-03T06:30:00-00:00,2022-09-02,24,KELSO_2_N001,KELSO_2_N001,KELSO_2_N001,RTPD,MCL,LMP_LOSS_PRC,KELSO_2_N001,ALL,1,0.18878,2,54
2022-09-02T07:30:00-00:00,2022-09-02T07:45:00-00:00,2022-09-02,01,KELSO_2_N001,KELSO_2_N001,KELSO_2_N001,RTPD,MCL,LMP_LOSS_PRC,KELSO_2_N001,ALL,1,-0.07323,3,54
2022-09-02T08:30:00-00:00,2022-09-02T08:45:00-00:00,2022-09-02,02,KELSO_2_N001,KELSO_2_N001,KELSO_2_N001,RTPD,MCL,LMP_LOSS_PRC,KELSO_2_N001,ALL,1,1.16308,3,54
2022-09-02T09:30:00-00:00,2022-09-02T09:45:00-00:00,2022-09-02,03,KELSO_2_N001,KELSO_2_N001,KELSO_2_N001,RTPD,MCL,LMP_LOSS_PRC,KELSO_2_N001,ALL,1,0.86591,3,54
2022-09-02T10:30:00-00:00,2022-09-02T10:45:00-00:00,2022-09-02,04,KELSO_2_N001,KELSO_2_N001,KELSO_2_N001,RTPD,MCL,LMP_LOSS_PRC,KELSO_2_N001,ALL,1,0.64367,3,54
2022-09-02T11:30:00-00:00,2022-09-02T11:45:00-00:00,2022-09-02,05,KELSO_2_N001,KELSO_2_N001,KELSO_2_N001,RTPD,MCL,LMP_LOSS_PRC,KELSO_2_N001,ALL,1,0,3,54
2022-09-02T12:30:00-00:00,2022-09-02T12:45:00-00:00,2022-09-02,06,KELSO_2_N001,KELSO_2_N001,KELSO_2_N001,RTPD,MCL,LMP_LOSS_PRC,KELSO_2_N001,ALL,1,0,3,54
2022-09-02T13:30:00-00:00,2022-09-02T13:45:00-00:00,2022-09-02,07,KELSO_2_N001,KELSO_2_N001,KELSO_2_N001,RTPD,MCL,LMP_LOSS_PRC,KELSO_2_N001,ALL,1,0,3,54
2022-09-02T14:30:00-00:00,2022-09-02T14:45:00-00:00,2022-09-02,08,KELSO_2_N001,KELSO_2_N001,KELSO_2_N001,RTPD,MCL,LMP_LOSS_PRC,KELSO_2_N001,ALL,1,2.2241,3,54
2022-09-02T15:30:00-00:00,2022-09-02T15:45:00-00:00,2022-09-02,09,KELSO_2_N001,KELSO_2_N001,KELSO_2_N001,RTPD,MCL,LMP_LOSS_PRC,KELSO_2_N001,ALL,1,0,3,54
2022-09-02T16:30:00-00:00,2022-09-02T16:45:00-00:00,2022-09-02,10,KELSO_2_N001,KELSO_2_N001,KELSO_2_N001,RTPD,MCL,LMP_LOSS_PRC,KELSO_2_N001,ALL,1,2.02505,3,54
2022-09-02T17:30:00-00:00,2022-09-02T17:45:00-00:00,2022-09-02,11,KELSO_2_N001,KELSO_2_N001,KELSO_2_N001,RTPD,MCL,LMP_LOSS_PRC,KELSO_2_N001,ALL,1,1.45343,3,54
2022-09-02T18:30:00-00:00,2022-09-02T18:45:00-00:00,2022-09-02,12,KELSO_2_N001,KELSO_2_N001,KELSO_2_N001,RTPD,MCL,LMP_LOSS_PRC,KELSO_2_N001,ALL,1,1.05074,3,54
2022-09-02T19:30:00-00:00,2022-09-02T19:45:00-00:00,2022-09-02,13,KELSO_2_N001,KELSO_2_N001,KELSO_2_N001,RTPD,MCL,LMP_LOSS_PRC,KELSO_2_N001,ALL,1,-1.59015,3,54
2022-09-02T20:30:00-00:00,2022-09-02T20:45:00-00:00,2022-09-02,14,KELSO_2_N001,KELSO_2_N001,KELSO_2_N001,RTPD,MCL,LMP_LOSS_PRC,KELSO_2_N001,ALL,1,-1.21683,3,54
2022-09-02T21:30:00-00:00,2022-09-02T21:45:00-00:00,2022-09-02,15,KELSO_2_N001,KELSO_2_N001,KELSO_2_N001,RTPD,MCL,LMP_LOSS_PRC,KELSO_2_N001,ALL,1,-2.11559,3,54
2022-09-02T22:30:00-00:00,2022-09-02T22:45:00-00:00,2022-09-02,16,KELSO_2_N001,KELSO_2_N001,KELSO_2_N001,RTPD,MCL,LMP_LOSS_PRC,KELSO_2_N001,ALL,1,-1.04428,3,54
2022-09-02T23:30:00-00:00,2022-09-02T23:45:00-00:00,2022-09-02,17,KELSO_2_N001,KELSO_2_N001,KELSO_2_N001,RTPD,MCL,LMP_LOSS_PRC,KELSO_2_N001,ALL,1,-1.04471,3,54
2022-09-03T00:30:00-00:00,2022-09-03T00:45:00-00:00,2022-09-02,18,KELSO_2_N001,KELSO_2_N001,KELSO_2_N001,RTPD,MCL,LMP_LOSS_PRC,KELSO_2_N001,ALL,1,0,3,54
2022-09-03T01:30:00-00:00,2022-09-03T01:45:00-00:00,2022-09-02,19,KELSO_2_N001,KELSO_2_N001,KELSO_2_N001,RTPD,MCL,LMP_LOSS_PRC,KELSO_2_N001,ALL,1,0,3,54
2022-09-03T02:30:00-00:00,2022-09-03T02:45:00-00:00,2022-09-02,20,KELSO_2_N001,KELSO_2_N001,KELSO_2_N001,RTPD,MCL,LMP_LOSS_PRC,KELSO_2_N001,ALL,1,-1.11902,3,54
2022-09-03T03:30:00-00:00,2022-09-03T03:45:00-00:00,2022-09-02,21,KELSO_2_N001,KELSO_2_N001,KELSO_2_N001,RTPD,MCL,LMP_LOSS_PRC,KELSO_2_N001,ALL,1,0.01286,3,54
2022-09-03T04:30:00-00:00,2022-09-03T04:45:00-00:00,2022-09-02,22,KELSO_2_N001,KELSO_2_N001,KELSO_2_N001,RTPD,MCL,LMP_LOSS_PRC,KELSO_2_N001,ALL,1,-0.77999,3,54
2022-09-03T05:30:00-00:00,2022-09-03T05:45:00-00:00,2022-09-02,23,KELSO_2_N001,KELSO_2_N001,KELSO_2_N001,RTPD,MCL,LMP_LOSS_PRC,KELSO_2_N001,ALL,1,0.16682,3,54
2022-09-03T06:30:00-00:00,2022-09-03T06:45:00-00:00,2022-09-02,24,KELSO_2_N001,KELSO_2_N001,KELSO_2_N001,RTPD,MCL,LMP_LOSS_PRC,KELSO_2_N001,ALL,1,0.46717,3,54
2022-09-02T07:45:00-00:00,2022-09-02T08:00:00-00:00,2022-09-02,01,KELSO_2_N001,KELSO_2_N001,KELSO_2_N001,RTPD,MCL,LMP_LOSS_PRC,KELSO_2_N001,ALL,1,0.15208,4,54
2022-09-02T08:45:00-00:00,2022-09-02T09:00:00-00:00,2022-09-02,02,KELSO_2_N001,KELSO_2_N001,KELSO_2_N001,RTPD,MCL,LMP_LOSS_PRC,KELSO_2_N001,ALL,1,1.04367,4,54
2022-09-02T09:45:00-00:00,2022-09-02T10:00:00-00:00,2022-09-02,03,KELSO_2_N001,KELSO_2_N001,KELSO_2_N001,RTPD,MCL,LMP_LOSS_PRC,KELSO_2_N001,ALL,1,0.6032,4,54
2022-09-02T10:45:00-00:00,2022-09-02T11:00:00-00:00,2022-09-02,04,KELSO_2_N001,KELSO_2_N001,KELSO_2_N001,RTPD,MCL,LMP_LOSS_PRC,KELSO_2_N001,ALL,1,0.42954,4,54
2022-09-02T11:45:00-00:00,2022-09-02T12:00:00-00:00,2022-09-02,05,KELSO_2_N001,KELSO_2_N001,KELSO_2_N001,RTPD,MCL,LMP_LOSS_PRC,KELSO_2_N001,ALL,1,0.43719,4,54
2022-09-02T12:45:00-00:00,2022-09-02T13:00:00-00:00,2022-09-02,06,KELSO_2_N001,KELSO_2_N001,KELSO_2_N001,RTPD,MCL,LMP_LOSS_PRC,KELSO_2_N001,ALL,1,0,4,54
2022-09-02T13:45:00-00:00,2022-09-02T14:00:00-00:00,2022-09-02,07,KELSO_2_N001,KELSO_2_N001,KELSO_2_N001,RTPD,MCL,LMP_LOSS_PRC,KELSO_2_N001,ALL,1,0,4,54
2022-09-02T14:45:00-00:00,2022-09-02T15:00:00-00:00,2022-09-02,08,KELSO_2_N001,KELSO_2_N001,KELSO_2_N001,RTPD,MCL,LMP_LOSS_PRC,KELSO_2_N001,ALL,1,1.94381,4,54
2022-09-02T15:45:00-00:00,2022-09-02T16:00:00-00:00,2022-09-02,09,KELSO_2_N001,KELSO_2_N001,KELSO_2_N001,RTPD,MCL,LMP_LOSS_PRC,KELSO_2_N001,ALL,1,2.03526,4,54
2022-09-02T16:45:00-00:00,2022-09-02T17:00:00-00:00,2022-09-02,10,KELSO_2_N001,KELSO_2_N001,KELSO_2_N001,RTPD,MCL,LMP_LOSS_PRC,KELSO_2_N001,ALL,1,1.77353,4,54
2022-09-02T17:45:00-00:00,2022-09-02T18:00:00-00:00,2022-09-02,11,KELSO_2_N001,KELSO_2_N001,KELSO_2_N001,RTPD,MCL,LMP_LOSS_PRC,KELSO_2_N001,ALL,1,1.08749,4,54
2022-09-02T18:45:00-00:00,2022-09-02T19:00:00-00:00,2022-09-02,12,KELSO_2_N001,KELSO_2_N001,KELSO_2_N001,RTPD,MCL,LMP_LOSS_PRC,KELSO_2_N001,ALL,1,0.95964,4,54
2022-09-02T19:45:00-00:00,2022-09-02T20:00:00-00:00,2022-09-02,13,KELSO_2_N001,KELSO_2_N001,KELSO_2_N001,RTPD,MCL,LMP_LOSS_PRC,KELSO_2_N001,ALL,1,-2.04551,4,54
2022-09-02T20:45:00-00:00,2022-09-02T21:00:00-00:00,2022-09-02,14,KELSO_2_N001,KELSO_2_N001,KELSO_2_N001,RTPD,MCL,LMP_LOSS_PRC,KELSO_2_N001,ALL,1,-1.05817,4,54
2022-09-02T21:45:00-00:00,2022-09-02T22:00:00-00:00,2022-09-02,15,KELSO_2_N001,KELSO_2_N001,KELSO_2_N001,RTPD,MCL,LMP_LOSS_PRC,KELSO_2_N001,ALL,1,-2.3816,4,54
2022-09-02T22:45:00-00:00,2022-09-02T23:00:00-00:00,2022-09-02,16,KELSO_2_N001,KELSO_2_N001,KELSO_2_N001,RTPD,MCL,LMP_LOSS_PRC,KELSO_2_N001,ALL,1,0,4,54
2022-09-02T23:45:00-00:00,2022-09-03T00:00:00-00:00,2022-09-02,17,KELSO_2_N001,KELSO_2_N001,KELSO_2_N001,RTPD,MCL,LMP_LOSS_PRC,KELSO_2_N001,ALL,1,0,4,54
2022-09-03T00:45:00-00:00,2022-09-03T01:00:00-00:00,2022-09-02,18,KELSO_2_N001,KELSO_2_N001,KELSO_2_N001,RTPD,MCL,LMP_LOSS_PRC,KELSO_2_N001,ALL,1,0,4,54
2022-09-03T01:45:00-00:00,2022-09-03T02:00:00-00:00,2022-09-02,19,KELSO_2_N001,KELSO_2_N001,KELSO_2_N001,RTPD,MCL,LMP_LOSS_PRC,KELSO_2_N001,ALL,1,0,4,54
2022-09-03T02:45:00-00:00,2022-09-03T03:00:00-00:00,2022-09-02,20,KELSO_2_N001,KELSO_2_N001,KELSO_2_N001,RTPD,MCL,LMP_LOSS_PRC,KELSO_2_N001,ALL,1,-1.17067,4,54
2022-09-03T03:45:00-00:00,2022-09-03T04:00:00-00:00,2022-09-02,21,KELSO_2_N001,KELSO_2_N001,KELSO_2_N001,RTPD,MCL,LMP_LOSS_PRC,KELSO_2_N001,ALL,1,-0.63747,4,54
2022-09-03T04:45:00-00:00,2022-09-03T05:00:00-00:00,2022-09-02,22,KELSO_2_N001,KELSO_2_N001,KELSO_2_N001,RTPD,MCL,LMP_LOSS_PRC,KELSO_2_N001,ALL,1,-0.45571,4,54
2022-09-03T05:45:00-00:00,2022-09-03T06:00:00-00:00,2022-09-02,23,KELSO_2_N001,KELSO_2_N001,KELSO_2_N001,RTPD,MCL,LMP_LOSS_PRC,KELSO_2_N001,ALL,1,-0.0625,4,54
2022-09-03T06:45:00-00:00,2022-09-03T07:00:00-00:00,2022-09-02,24,KELSO_2_N001,KELSO_2_N001,KELSO_2_N001,RTPD,MCL,LMP_LOSS_PRC,KELSO_2_N001,ALL,1,0.55341,4,54
2022-09-02T07:00:00-00:00,2022-09-02T07:15:00-00:00,2022-09-02,01,KELSO_2_N001,KELSO_2_N001,KELSO_2_N001,RTPD,MGHG,LMP_GHG_PRC,KELSO_2_N001,ALL,1,0,1,55
2022-09-02T08:00:00-00:00,2022-09-02T08:15:00-00:00,2022-09-02,02,KELSO_2_N001,KELSO_2_N001,KELSO_2_N001,RTPD,MGHG,LMP_GHG_PRC,KELSO_2_N001,ALL,1,0,1,55
2022-09-02T09:00:00-00:00,2022-09-02T09:15:00-00:00,2022-09-02,03,KELSO_2_N001,KELSO_2_N001,KELSO_2_N001,RTPD,MGHG,LMP_GHG_PRC,KELSO_2_N001,ALL,1,0,1,55
2022-09-02T10:00:00-00:00,2022-09-02T10:15:00-00:00,2022-09-02,04,KELSO_2_N001,KELSO_2_N001,KELSO_2_N001,RTPD,MGHG,LMP_GHG_PRC,KELSO_2_N001,ALL,1,0,1,55
2022-09-02T11:00:00-00:00,2022-09-02T11:15:00-00:00,2022-09-02,05,KELSO_2_N001,KELSO_2_N001,KELSO_2_N001,RTPD,MGHG,LMP_GHG_PRC,KELSO_2_N001,ALL,1,0,1,55
2022-09-02T12:00:00-00:00,2022-09-02T12:15:00-00:00,2022-09-02,06,KELSO_2_N001,KELSO_2_N001,KELSO_2_N001,RTPD,MGHG,LMP_GHG_PRC,KELSO_2_N001,ALL,1,0,1,55
2022-09-02T13:00:00-00:00,2022-09-02T13:15:00-00:00,2022-09-02,07,KELSO_2_N001,KELSO_2_N001,KELSO_2_N001,RTPD,MGHG,LMP_GHG_PRC,KELSO_2_N001,ALL,1,0,1,55
2022-09-02T14:00:00-00:00,2022-09-02T14:15:00-00:00,2022-09-02,08,KELSO_2_N001,KELSO_2_N001,KELSO_2_N001,RTPD,MGHG,LMP_GHG_PRC,KELSO_2_N001,ALL,1,0,1,55
2022-09-02T15:00:00-00:00,2022-09-02T15:15:00-00:00,2022-09-02,09,KELSO_2_N001,KELSO_2_N001,KELSO_2_N001,RTPD,MGHG,LMP_GHG_PRC,KELSO_2_N001,ALL,1,0,1,55
2022-09-02T16:00:00-00:00,2022-09-02T16:15:00-00:00,2022-09-02,10,KELSO_2_N001,KELSO_2_N001,KELSO_2_N001,RTPD,MGHG,LMP_GHG_PRC,KELSO_2_N001,ALL,1,0,1,55
2022-09-02T17:00:00-00:00,2022-09-02T17:15:00-00:00,2022-09-02,11,KELSO_2_N001,KELSO_2_N001,KELSO_2_N001,RTPD,MGHG,LMP_GHG_PRC,KELSO_2_N001,ALL,1,0,1,55
2022-09-02T18:00:00-00:00,2022-09-02T18:15:00-00:00,2022-09-02,12,KELSO_2_N001,KELSO_2_N001,KELSO_2_N001,RTPD,MGHG,LMP_GHG_PRC,KELSO_2_N001,ALL,1,0,1,55
2022-09-02T19:00:00-00:00,2022-09-02T19:15:00-00:00,2022-09-02,13,KELSO_2_N001,KELSO_2_N001,KELSO_2_N001,RTPD,MGHG,LMP_GHG_PRC,KELSO_2_N001,ALL,1,0,1,55
2022-09-02T20:00:00-00:00,2022-09-02T20:15:00-00:00,2022-09-02,14,KELSO_2_N001,KELSO_2_N001,KELSO_2_N001,RTPD,MGHG,LMP_GHG_PRC,KELSO_2_N001,ALL,1,0,1,55
2022-09-02T21:00:00-00:00,2022-09-02T21:15:00-00:00,2022-09-02,15,KELSO_2_N001,KELSO_2_N001,KELSO_2_N001,RTPD,MGHG,LMP_GHG_PRC,KELSO_2_N001,ALL,1,0,1,55
2022-09-02T22:00:00-00:00,2022-09-02T22:15:00-00:00,2022-09-02,16,KELSO_2_N001,KELSO_2_N001,KELSO_2_N001,RTPD,MGHG,LMP_GHG_PRC,KELSO_2_N001,ALL,1,0,1,55
2022-09-02T23:00:00-00:00,2022-09-02T23:15:00-00:00,2022-09-02,17,KELSO_2_N001,KELSO_2_N001,KELSO_2_N001,RTPD,MGHG,LMP_GHG_PRC,KELSO_2_N001,ALL,1,0,1,55
2022-09-03T00:00:00-00:00,2022-09-03T00:15:00-00:00,2022-09-02,18,KELSO_2_N001,KELSO_2_N001,KELSO_2_N001,RTPD,MGHG,LMP_GHG_PRC,KELSO_2_N001,ALL,1,0,1,55
2022-09-03T01:00:00-00:00,2022-09-03T01:15:00-00:00,2022-09-02,19,KELSO_2_N001,KELSO_2_N001,KELSO_2_N001,RTPD,MGHG,LMP_GHG_PRC,KELSO_2_N001,ALL,1,0,1,55
2022-09-03T02:00:00-00:00,2022-09-03T02:15:00-00:00,2022-09-02,20,KELSO_2_N001,KELSO_2_N001,KELSO_2_N001,RTPD,MGHG,LMP_GHG_PRC,KELSO_2_N001,ALL,1,0,1,55
2022-09-03T03:00:00-00:00,2022-09-03T03:15:00-00:00,2022-09-02,21,KELSO_2_N001,KELSO_2_N001,KELSO_2_N001,RTPD,MGHG,LMP_GHG_PRC,KELSO_2_N001,ALL,1,0,1,55
2022-09-03T04:00:00-00:00,2022-09-03T04:15:00-00:00,2022-09-02,22,KELSO_2_N001,KELSO_2_N001,KELSO_2_N001,RTPD,MGHG,LMP_GHG_PRC,KELSO_2_N001,ALL,1,0,1,55
2022-09-03T05:00:00-00:00,2022-09-03T05:15:00-00:00,2022-09-02,23,KELSO_2_N001,KELSO_2_N001,KELSO_2_N001,RTPD,MGHG,LMP_GHG_PRC,KELSO_2_N001,ALL,1,0,1,55
2022-09-03T06:00:00-00:00,2022-09-03T06:15:00-00:00,2022-09-02,24,KELSO_2_N001,KELSO_2_N001,KELSO_2_N001,RTPD,MGHG,LMP_GHG_PRC,KELSO_2_N001,ALL,1,0,1,55
2022-09-02T07:15:00-00:00,2022-09-02T07:30:00-00:00,2022-09-02,01,KELSO_2_N001,KELSO_2_N001,KELSO_2_N001,RTPD,MGHG,LMP_GHG_PRC,KELSO_2_N001,ALL,1,0,2,55
2022-09-02T08:15:00-00:00,2022-09-02T08:30:00-00:00,2022-09-02,02,KELSO_2_N001,KELSO_2_N001,KELSO_2_N001,RTPD,MGHG,LMP_GHG_PRC,KELSO_2_N001,ALL,1,0,2,55
2022-09-02T09:15:00-00:00,2022-09-02T09:30:00-00:00,2022-09-02,03,KELSO_2_N001,KELSO_2_N001,KELSO_2_N001,RTPD,MGHG,LMP_GHG_PRC,KELSO_2_N001,ALL,1,0,2,55
2022-09-02T10:15:00-00:00,2022-09-02T10:30:00-00:00,2022-09-02,04,KELSO_2_N001,KELSO_2_N001,KELSO_2_N001,RTPD,MGHG,LMP_GHG_PRC,KELSO_2_N001,ALL,1,0,2,55
2022-09-02T11:15:00-00:00,2022-09-02T11:30:00-00:00,2022-09-02,05,KELSO_2_N001,KELSO_2_N001,KELSO_2_N001,RTPD,MGHG,LMP_GHG_PRC,KELSO_2_N001,ALL,1,0,2,55
2022-09-02T12:15:00-00:00,2022-09-02T12:30:00-00:00,2022-09-02,06,KELSO_2_N001,KELSO_2_N001,KELSO_2_N001,RTPD,MGHG,LMP_GHG_PRC,KELSO_2_N001,ALL,1,0,2,55
2022-09-02T13:15:00-00:00,2022-09-02T13:30:00-00:00,2022-09-02,07,KELSO_2_N001,KELSO_2_N001,KELSO_2_N001,RTPD,MGHG,LMP_GHG_PRC,KELSO_2_N001,ALL,1,0,2,55
2022-09-02T14:15:00-00:00,2022-09-02T14:30:00-00:00,2022-09-02,08,KELSO_2_N001,KELSO_2_N001,KELSO_2_N001,RTPD,MGHG,LMP_GHG_PRC,KELSO_2_N001,ALL,1,0,2,55
2022-09-02T15:15:00-00:00,2022-09-02T15:30:00-00:00,2022-09-02,09,KELSO_2_N001,KELSO_2_N001,KELSO_2_N001,RTPD,MGHG,LMP_GHG_PRC,KELSO_2_N001,ALL,1,0,2,55
2022-09-02T16:15:00-00:00,2022-09-02T16:30:00-00:00,2022-09-02,10,KELSO_2_N001,KELSO_2_N001,KELSO_2_N001,RTPD,MGHG,LMP_GHG_PRC,KELSO_2_N001,ALL,1,0,2,55
2022-09-02T17:15:00-00:00,2022-09-02T17:30:00-00:00,2022-09-02,11,KELSO_2_N001,KELSO_2_N001,KELSO_2_N001,RTPD,MGHG,LMP_GHG_PRC,KELSO_2_N001,ALL,1,0,2,55
2022-09-02T18:15:00-00:00,2022-09-02T18:30:00-00:00,2022-09-02,12,KELSO_2_N001,KELSO_2_N001,KELSO_2_N001,RTPD,MGHG,LMP_GHG_PRC,KELSO_2_N001,ALL,1,0,2,55
2022-09-02T19:15:00-00:00,2022-09-02T19:30:00-00:00,2022-09-02,13,KELSO_2_N001,KELSO_2_N001,KELSO_2_N001,RTPD,MGHG,LMP_GHG_PRC,KELSO_2_N001,ALL,1,0,2,55
2022-09-02T20:15:00-00:00,2022-09-02T20:30:00-00:00,2022-09-02,14,KELSO_2_N001,KELSO_2_N001,KELSO_2_N001,RTPD,MGHG,LMP_GHG_PRC,KELSO_2_N001,ALL,1,0,2,55
2022-09-02T21:15:00-00:00,2022-09-02T21:30:00-00:00,2022-09-02,15,KELSO_2_N001,KELSO_2_N001,KELSO_2_N001,RTPD,MGHG,LMP_GHG_PRC,KELSO_2_N001,ALL,1,0,2,55
2022-09-02T22:15:00-00:00,2022-09-02T22:30:00-00:00,2022-09-02,16,KELSO_2_N001,KELSO_2_N001,KELSO_2_N001,RTPD,MGHG,LMP_GHG_PRC,KELSO_2_N001,ALL,1,0,2,55
2022-09-02T23:15:00-00:00,2022-09-02T23:30:00-00:00,2022-09-02,17,KELSO_2_N001,KELSO_2_N001,KELSO_2_N001,RTPD,MGHG,LMP_GHG_PRC,KELSO_2_N001,ALL,1,0,2,55
2022-09-03T00:15:00-00:00,2022-09-03T00:30:00-00:00,2022-09-02,18,KELSO_2_N001,KELSO_2_N001,KELSO_2_N001,RTPD,MGHG,LMP_GHG_PRC,KELSO_2_N001,ALL,1,0,2,55
2022-09-03T01:15:00-00:00,2022-09-03T01:30:00-00:00,2022-09-02,19,KELSO_2_N001,KELSO_2_N001,KELSO_2_N001,RTPD,MGHG,LMP_GHG_PRC,KELSO_2_N001,ALL,1,0,2,55
2022-09-03T02:15:00-00:00,2022-09-03T02:30:00-00:00,2022-09-02,20,KELSO_2_N001,KELSO_2_N001,KELSO_2_N001,RTPD,MGHG,LMP_GHG_PRC,KELSO_2_N001,ALL,1,0,2,55
2022-09-03T03:15:00-00:00,2022-09-03T03:30:00-00:00,2022-09-02,21,KELSO_2_N001,KELSO_2_N001,KELSO_2_N001,RTPD,MGHG,LMP_GHG_PRC,KELSO_2_N001,ALL,1,0,2,55
2022-09-03T04:15:00-00:00,2022-09-03T04:30:00-00:00,2022-09-02,22,KELSO_2_N001,KELSO_2_N001,KELSO_2_N001,RTPD,MGHG,LMP_GHG_PRC,KELSO_2_N001,ALL,1,0,2,55
2022-09-03T05:15:00-00:00,2022-09-03T05:30:00-00:00,2022-09-02,23,KELSO_2_N001,KELSO_2_N001,KELSO_2_N001,RTPD,MGHG,LMP_GHG_PRC,KELSO_2_N001,ALL,1,0,2,55
2022-09-03T06:15:00-00:00,2022-09-03T06:30:00-00:00,2022-09-02,24,KELSO_2_N001,KELSO_2_N001,KELSO_2_N001,RTPD,MGHG,LMP_GHG_PRC,KELSO_2_N001,ALL,1,0,2,55
2022-09-02T07:30:00-00:00,2022-09-02T07:45:00-00:00,2022-09-02,01,KELSO_2_N001,KELSO_2_N001,KELSO_2_N001,RTPD,MGHG,LMP_GHG_PRC,KELSO_2_N001,ALL,1,0,3,55
2022-09-02T08:30:00-00:00,2022-09-02T08:45:00-00:00,2022-09-02,02,KELSO_2_N001,KELSO_2_N001,KELSO_2_N001,RTPD,MGHG,LMP_GHG_PRC,KELSO_2_N001,ALL,1,0,3,55
2022-09-02T09:30:00-00:00,2022-09-02T09:45:00-00:00,2022-09-02,03,KELSO_2_N001,KELSO_2_N001,KELSO_2_N001,RTPD,MGHG,LMP_GHG_PRC,KELSO_2_N001,ALL,1,0,3,55
2022-09-02T10:30:00-00:00,2022-09-02T10:45:00-00:00,2022-09-02,04,KELSO_2_N001,KELSO_2_N001,KELSO_2_N001,RTPD,MGHG,LMP_GHG_PRC,KELSO_2_N001,ALL,1,0,3,55
2022-09-02T11:30:00-00:00,2022-09-02T11:45:00-00:00,2022-09-02,05,KELSO_2_N001,KELSO_2_N001,KELSO_2_N001,RTPD,MGHG,LMP_GHG_PRC,KELSO_2_N001,ALL,1,0,3,55
2022-09-02T12:30:00-00:00,2022-09-02T12:45:00-00:00,2022-09-02,06,KELSO_2_N001,KELSO_2_N001,KELSO_2_N001,RTPD,MGHG,LMP_GHG_PRC,KELSO_2_N001,ALL,1,0,3,55
2022-09-02T13:30:00-00:00,2022-09-02T13:45:00-00:00,2022-09-02,07,KELSO_2_N001,KELSO_2_N001,KELSO_2_N001,RTPD,MGHG,LMP_GHG_PRC,KELSO_2_N001,ALL,1,0,3,55
2022-09-02T14:30:00-00:00,2022-09-02T14:45:00-00:00,2022-09-02,08,KELSO_2_N001,KELSO_2_N001,KELSO_2_N001,RTPD,MGHG,LMP_GHG_PRC,KELSO_2_N001,ALL,1,0,3,55
2022-09-02T15:30:00-00:00,2022-09-02T15:45:00-00:00,2022-09-02,09,KELSO_2_N001,KELSO_2_N001,KELSO_2_N001,RTPD,MGHG,LMP_GHG_PRC,KELSO_2_N001,ALL,1,0,3,55
2022-09-02T16:30:00-00:00,2022-09-02T16:45:00-00:00,2022-09-02,10,KELSO_2_N001,KELSO_2_N001,KELSO_2_N001,RTPD,MGHG,LMP_GHG_PRC,KELSO_2_N001,ALL,1,0,3,55
2022-09-02T17:30:00-00:00,2022-09-02T17:45:00-00:00,2022-09-02,11,KELSO_2_N001,KELSO_2_N001,KELSO_2_N001,RTPD,MGHG,LMP_GHG_PRC,KELSO_2_N001,ALL,1,0,3,55
2022-09-02T18:30:00-00:00,2022-09-02T18:45:00-00:00,2022-09-02,12,KELSO_2_N001,KELSO_2_N001,KELSO_2_N001,RTPD,MGHG,LMP_GHG_PRC,KELSO_2_N001,ALL,1,0,3,55
2022-09-02T19:30:00-00:00,2022-09-02T19:45:00-00:00,2022-09-02,13,KELSO_2_N001,KELSO_2_N001,KELSO_2_N001,RTPD,MGHG,LMP_GHG_PRC,KELSO_2_N001,ALL,1,0,3,55
2022-09-02T20:30:00-00:00,2022-09-02T20:45:00-00:00,2022-09-02,14,KELSO_2_N001,KELSO_2_N001,KELSO_2_N001,RTPD,MGHG,LMP_GHG_PRC,KELSO_2_N001,ALL,1,0,3,55
2022-09-02T21:30:00-00:00,2022-09-02T21:45:00-00:00,2022-09-02,15,KELSO_2_N001,KELSO_2_N001,KELSO_2_N001,RTPD,MGHG,LMP_GHG_PRC,KELSO_2_N001,ALL,1,0,3,55
2022-09-02T22:30:00-00:00,2022-09-02T22:45:00-00:00,2022-09-02,16,KELSO_2_N001,KELSO_2_N001,KELSO_2_N001,RTPD,MGHG,LMP_GHG_PRC,KELSO_2_N001,ALL,1,0,3,55
2022-09-02T23:30:00-00:00,2022-09-02T23:45:00-00:00,2022-09-02,17,KELSO_2_N001,KELSO_2_N001,KELSO_2_N001,RTPD,MGHG,LMP_GHG_PRC,KELSO_2_N001,ALL,1,0,3,55
2022-09-03T00:30:00-00:00,2022-09-03T00:45:00-00:00,2022-09-02,18,KELSO_2_N001,KELSO_2_N001,KELSO_2_N001,RTPD,MGHG,LMP_GHG_PRC,KELSO_2_N001,ALL,1,0,3,55
2022-09-03T01:30:00-00:00,2022-09-03T01:45:00-00:00,2022-09-02,19,KELSO_2_N001,KELSO_2_N001,KELSO_2_N001,RTPD,MGHG,LMP_GHG_PRC,KELSO_2_N001,ALL,1,0,3,55
2022-09-03T02:30:00-00:00,2022-09-03T02:45:00-00:00,2022-09-02,20,KELSO_2_N001,KELSO_2_N001,KELSO_2_N001,RTPD,MGHG,LMP_GHG_PRC,KELSO_2_N001,ALL,1,0,3,55
2022-09-03T03:30:00-00:00,2022-09-03T03:45:00-00:00,2022-09-02,21,KELSO_2_N001,KELSO_2_N001,KELSO_2_N001,RTPD,MGHG,LMP_GHG_PRC,KELSO_2_N001,ALL,1,0,3,55
2022-09-03T04:30:00-00:00,2022-09-03T04:45:00-00:00,2022-09-02,22,KELSO_2_N001,KELSO_2_N001,KELSO_2_N001,RTPD,MGHG,LMP_GHG_PRC,KELSO_2_N001,ALL,1,0,3,55
2022-09-03T05:30:00-00:00,2022-09-03T05:45:00-00:00,2022-09-02,23,KELSO_2_N001,KELSO_2_N001,KELSO_2_N001,RTPD,MGHG,LMP_GHG_PRC,KELSO_2_N001,ALL,1,0,3,55
2022-09-03T06:30:00-00:00,2022-09-03T06:45:00-00:00,2022-09-02,24,KELSO_2_N001,KELSO_2_N001,KELSO_2_N001,RTPD,MGHG,LMP_GHG_PRC,KELSO_2_N001,ALL,1,0,3,55
2022-09-02T07:45:00-00:00,2022-09-02T08:00:00-00:00,2022-09-02,01,KELSO_2_N001,KELSO_2_N001,KELSO_2_N001,RTPD,MGHG,LMP_GHG_PRC,KELSO_2_N001,ALL,1,0,4,55
2022-09-02T08:45:00-00:00,2022-09-02T09:00:00-00:00,2022-09-02,02,KELSO_2_N001,KELSO_2_N001,KELSO_2_N001,RTPD,MGHG,LMP_GHG_PRC,KELSO_2_N001,ALL,1,0,4,55
2022-09-02T09:45:00-00:00,2022-09-02T10:00:00-00:00,2022-09-02,03,KELSO_2_N001,KELSO_2_N001,KELSO_2_N001,RTPD,MGHG,LMP_GHG_PRC,KELSO_2_N001,ALL,1,0,4,55
2022-09-02T10:45:00-00:00,2022-09-02T11:00:00-00:00,2022-09-02,04,KELSO_2_N001,KELSO_2_N001,KELSO_2_N001,RTPD,MGHG,LMP_GHG_PRC,KELSO_2_N001,ALL,1,0,4,55
2022-09-02T11:45:00-00:00,2022-09-02T12:00:00-00:00,2022-09-02,05,KELSO_2_N001,KELSO_2_N001,KELSO_2_N001,RTPD,MGHG,LMP_GHG_PRC,KELSO_2_N001,ALL,1,0,4,55
2022-09-02T12:45:00-00:00,2022-09-02T13:00:00-00:00,2022-09-02,06,KELSO_2_N001,KELSO_2_N001,KELSO_2_N001,RTPD,MGHG,LMP_GHG_PRC,KELSO_2_N001,ALL,1,0,4,55
2022-09-02T13:45:00-00:00,2022-09-02T14:00:00-00:00,2022-09-02,07,KELSO_2_N001,KELSO_2_N001,KELSO_2_N001,RTPD,MGHG,LMP_GHG_PRC,KELSO_2_N001,ALL,1,0,4,55
2022-09-02T14:45:00-00:00,2022-09-02T15:00:00-00:00,2022-09-02,08,KELSO_2_N001,KELSO_2_N001,KELSO_2_N001,RTPD,MGHG,LMP_GHG_PRC,KELSO_2_N001,ALL,1,0,4,55
2022-09-02T15:45:00-00:00,2022-09-02T16:00:00-00:00,2022-09-02,09,KELSO_2_N001,KELSO_2_N001,KELSO_2_N001,RTPD,MGHG,LMP_GHG_PRC,KELSO_2_N001,ALL,1,0,4,55
2022-09-02T16:45:00-00:00,2022-09-02T17:00:00-00:00,2022-09-02,10,KELSO_2_N001,KELSO_2_N001,KELSO_2_N001,RTPD,MGHG,LMP_GHG_PRC,KELSO_2_N001,ALL,1,0,4,55
2022-09-02T17:45:00-00:00,2022-09-02T18:00:00-00:00,2022-09-02,11,KELSO_2_N001,KELSO_2_N001,KELSO_2_N001,RTPD,MGHG,LMP_GHG_PRC,KELSO_2_N001,ALL,1,0,4,55
2022-09-02T18:45:00-00:00,2022-09-02T19:00:00-00:00,2022-09-02,12,KELSO_2_N001,KELSO_2_N001,KELSO_2_N001,RTPD,MGHG,LMP_GHG_PRC,KELSO_2_N001,ALL,1,0,4,55
2022-09-02T19:45:00-00:00,2022-09-02T20:00:00-00:00,2022-09-02,13,KELSO_2_N001,KELSO_2_N001,KELSO_2_N001,RTPD,MGHG,LMP_GHG_PRC,KELSO_2_N001,ALL,1,0,4,55
2022-09-02T20:45:00-00:00,2022-09-02T21:00:00-00:00,2022-09-02,14,KELSO_2_N001,KELSO_2_N001,KELSO_2_N001,RTPD,MGHG,LMP_GHG_PRC,KELSO_2_N001,ALL,1,0,4,55
2022-09-02T21:45:00-00:00,2022-09-02T22:00:00-00:00,2022-09-02,15,KELSO_2_N001,KELSO_2_N001,KELSO_2_N001,RTPD,MGHG,LMP_GHG_PRC,KELSO_2_N001,ALL,1,0,4,55
2022-09-02T22:45:00-00:00,2022-09-02T23:00:00-00:00,2022-09-02,16,KELSO_2_N001,KELSO_2_N001,KELSO_2_N001,RTPD,MGHG,LMP_GHG_PRC,KELSO_2_N001,ALL,1,0,4,55
2022-09-02T23:45:00-00:00,2022-09-03T00:00:00-00:00,2022-09-02,17,KELSO_2_N001,KELSO_2_N001,KELSO_2_N001,RTPD,MGHG,LMP_GHG_PRC,KELSO_2_N001,ALL,1,0,4,55
2022-09-03T00:45:00-00:00,2022-09-03T01:00:00-00:00,2022-09-02,18,KELSO_2_N001,KELSO_2_N001,KELSO_2_N001,RTPD,MGHG,LMP_GHG_PRC,KELSO_2_N001,ALL,1,0,4,55
2022-09-03T01:45:00-00:00,2022-09-03T02:00:00-00:00,2022-09-02,19,KELSO_2_N001,KELSO_2_N001,KELSO_2_N001,RTPD,MGHG,LMP_GHG_PRC,KELSO_2_N001,ALL,1,0,4,55
2022-09-03T02:45:00-00:00,2022-09-03T03:00:00-00:00,2022-09-02,20,KELSO_2_N001,KELSO_2_N001,KELSO_2_N001,RTPD,MGHG,LMP_GHG_PRC,KELSO_2_N001,ALL,1,0,4,55
2022-09-03T03:45:00-00:00,2022-09-03T04:00:00-00:00,2022-09-02,21,KELSO_2_N001,KELSO_2_N001,KELSO_2_N001,RTPD,MGHG,LMP_GHG_PRC,KELSO_2_N001,ALL,1,0,4,55
2022-09-03T04:45:00-00:00,2022-09-03T05:00:00-00:00,2022-09-02,22,KELSO_2_N001,KELSO_2_N001,KELSO_2_N001,RTPD,MGHG,LMP_GHG_PRC,KELSO_2_N001,ALL,1,0,4,55
2022-09-03T05:45:00-00:00,2022-09-03T06:00:00-00:00,2022-09-02,23,KELSO_2_N001,KELSO_2_N001,KELSO_2_N001,RTPD,MGHG,LMP_GHG_PRC,KELSO_2_N001,ALL,1,0,4,55
2022-09-03T06:45:00-00:00,2022-09-03T07:00:00-00:00,2022-09-02,24,KELSO_2_N001,KELSO_2_N001,KELSO_2_N001,RTPD,MGHG,LMP_GHG_PRC,KELSO_2_N001,ALL,1,0,4,55
2022-09-02T07:00:00-00:00,2022-09-02T07:15:00-00:00,2022-09-02,01,KERCK1G1_7_B2,KERCK1G1_7_B2,KERCK1G1_7_B2,RTPD,LMP,LMP_PRC,KERCK1G1_7_B2,ALL,1,148.05415,1,56
2022-09-02T08:00:00-00:00,2022-09-02T08:15:00-00:00,2022-09-02,02,KERCK1G1_7_B2,KERCK1G1_7_B2,KERCK1G1_7_B2,RTPD,LMP,LMP_PRC,KERCK1G1_7_B2,ALL,1,161.47156,1,56
2022-09-02T09:00:00-00:00,2022-09-02T09:15:00-00:00,2022-09-02,03,KERCK1G1_7_B2,KERCK1G1_7_B2,KERCK1G1_7_B2,RTPD,LMP,LMP_PRC,KERCK1G1_7_B2,ALL,1,143.04161,1,56
2022-09-02T10:00:00-00:00,2022-09-02T10:15:00-00:00,2022-09-02,04,KERCK1G1_7_B2,KERCK1G1_7_B2,KERCK1G1_7_B2,RTPD,LMP,LMP_PRC,KERCK1G1_7_B2,ALL,1,128.54726,1,56
2022-09-02T11:00:00-00:00,2022-09-02T11:15:00-00:00,2022-09-02,05,KERCK1G1_7_B2,KERCK1G1_7_B2,KERCK1G1_7_B2,RTPD,LMP,LMP_PRC,KERCK1G1_7_B2,ALL,1,111.40171,1,56
2022-09-02T12:00:00-00:00,2022-09-02T12:15:00-00:00,2022-09-02,06,KERCK1G1_7_B2,KERCK1G1_7_B2,KERCK1G1_7_B2,RTPD,LMP,LMP_PRC,KERCK1G1_7_B2,ALL,1,140.52724,1,56
2022-09-02T13:00:00-00:00,2022-09-02T13:15:00-00:00,2022-09-02,07,KERCK1G1_7_B2,KERCK1G1_7_B2,KERCK1G1_7_B2,RTPD,LMP,LMP_PRC,KERCK1G1_7_B2,ALL,1,138.90157,1,56
2022-09-02T14:00:00-00:00,2022-09-02T14:15:00-00:00,2022-09-02,08,KERCK1G1_7_B2,KERCK1G1_7_B2,KERCK1G1_7_B2,RTPD,LMP,LMP_PRC,KERCK1G1_7_B2,ALL,1,132.93513,1,56
2022-09-02T15:00:00-00:00,2022-09-02T15:15:00-00:00,2022-09-02,09,KERCK1G1_7_B2,KERCK1G1_7_B2,KERCK1G1_7_B2,RTPD,LMP,LMP_PRC,KERCK1G1_7_B2,ALL,1,99.84461,1,56
2022-09-02T16:00:00-00:00,2022-09-02T16:15:00-00:00,2022-09-02,10,KERCK1G1_7_B2,KERCK1G1_7_B2,KERCK1G1_7_B2,RTPD,LMP,LMP_PRC,KERCK1G1_7_B2,ALL,1,138.80762,1,56
2022-09-02T17:00:00-00:00,2022-09-02T17:15:00-00:00,2022-09-02,11,KERCK1G1_7_B2,KERCK1G1_7_B2,KERCK1G1_7_B2,RTPD,LMP,LMP_PRC,KERCK1G1_7_B2,ALL,1,104.64793,1,56
2022-09-02T18:00:00-00:00,2022-09-02T18:15:00-00:00,2022-09-02,12,KERCK1G1_7_B2,KERCK1G1_7_B2,KERCK1G1_7_B2,RTPD,LMP,LMP_PRC,KERCK1G1_7_B2,ALL,1,112.1517,1,56
2022-09-02T19:00:00-00:00,2022-09-02T19:15:00-00:00,2022-09-02,13,KERCK1G1_7_B2,KERCK1G1_7_B2,KERCK1G1_7_B2,RTPD,LMP,LMP_PRC,KERCK1G1_7_B2,ALL,1,109.06086,1,56
2022-09-02T20:00:00-00:00,2022-09-02T20:15:00-00:00,2022-09-02,14,KERCK1G1_7_B2,KERCK1G1_7_B2,KERCK1G1_7_B2,RTPD,LMP,LMP_PRC,KERCK1G1_7_B2,ALL,1,112.17316,1,56
2022-09-02T21:00:00-00:00,2022-09-02T21:15:00-00:00,2022-09-02,15,KERCK1G1_7_B2,KERCK1G1_7_B2,KERCK1G1_7_B2,RTPD,LMP,LMP_PRC,KERCK1G1_7_B2,ALL,1,123.07256,1,56
2022-09-02T22:00:00-00:00,2022-09-02T22:15:00-00:00,2022-09-02,16,KERCK1G1_7_B2,KERCK1G1_7_B2,KERCK1G1_7_B2,RTPD,LMP,LMP_PRC,KERCK1G1_7_B2,ALL,1,148.73329,1,56
2022-09-02T23:00:00-00:00,2022-09-02T23:15:00-00:00,2022-09-02,17,KERCK1G1_7_B2,KERCK1G1_7_B2,KERCK1G1_7_B2,RTPD,LMP,LMP_PRC,KERCK1G1_7_B2,ALL,1,134.0454,1,56
2022-09-03T00:00:00-00:00,2022-09-03T00:15:00-00:00,2022-09-02,18,KERCK1G1_7_B2,KERCK1G1_7_B2,KERCK1G1_7_B2,RTPD,LMP,LMP_PRC,KERCK1G1_7_B2,ALL,1,111.67249,1,56
2022-09-03T01:00:00-00:00,2022-09-03T01:15:00-00:00,2022-09-02,19,KERCK1G1_7_B2,KERCK1G1_7_B2,KERCK1G1_7_B2,RTPD,LMP,LMP_PRC,KERCK1G1_7_B2,ALL,1,117.69881,1,56
2022-09-03T02:00:00-00:00,2022-09-03T02:15:00-00:00,2022-09-02,20,KERCK1G1_7_B2,KERCK1G1_7_B2,KERCK1G1_7_B2,RTPD,LMP,LMP_PRC,KERCK1G1_7_B2,ALL,1,221.34102,1,56
2022-09-03T03:00:00-00:00,2022-09-03T03:15:00-00:00,2022-09-02,21,KERCK1G1_7_B2,KERCK1G1_7_B2,KERCK1G1_7_B2,RTPD,LMP,LMP_PRC,KERCK1G1_7_B2,ALL,1,160.62514,1,56
2022-09-03T04:00:00-00:00,2022-09-03T04:15:00-00:00,2022-09-02,22,KERCK1G1_7_B2,KERCK1G1_7_B2,KERCK1G1_7_B2,RTPD,LMP,LMP_PRC,KERCK1G1_7_B2,ALL,1,181.69737,1,56
2022-09-03T05:00:00-00:00,2022-09-03T05:15:00-00:00,2022-09-02,23,KERCK1G1_7_B2,KERCK1G1_7_B2,KERCK1G1_7_B2,RTPD,LMP,LMP_PRC,KERCK1G1_7_B2,ALL,1,156.0678,1,56
2022-09-03T06:00:00-00:00,2022-09-03T06:15:00-00:00,2022-09-02,24,KERCK1G1_7_B2,KERCK1G1_7_B2,KERCK1G1_7_B2,RTPD,LMP,LMP_PRC,KERCK1G1_7_B2,ALL,1,608.81464,1,56
2022-09-02T07:15:00-00:00,2022-09-02T07:30:00-00:00,2022-09-02,01,KERCK1G1_7_B2,KERCK1G1_7_B2,KERCK1G1_7_B2,RTPD,LMP,LMP_PRC,KERCK1G1_7_B2,ALL,1,141.79459,2,56
2022-09-02T08:15:00-00:00,2022-09-02T08:30:00-00:00,2022-09-02,02,KERCK1G1_7_B2,KERCK1G1_7_B2,KERCK1G1_7_B2,RTPD,LMP,LMP_PRC,KERCK1G1_7_B2,ALL,1,180.1661,2,56
2022-09-02T09:15:00-00:00,2022-09-02T09:30:00-00:00,2022-09-02,03,KERCK1G1_7_B2,KERCK1G1_7_B2,KERCK1G1_7_B2,RTPD,LMP,LMP_PRC,KERCK1G1_7_B2,ALL,1,149.7082,2,56
2022-09-02T10:15:00-00:00,2022-09-02T10:30:00-00:00,2022-09-02,04,KERCK1G1_7_B2,KERCK1G1_7_B2,KERCK1G1_7_B2,RTPD,LMP,LMP_PRC,KERCK1G1_7_B2,ALL,1,125.04186,2,56
2022-09-02T11:15:00-00:00,2022-09-02T11:30:00-00:00,2022-09-02,05,KERCK1G1_7_B2,KERCK1G1_7_B2,KERCK1G1_7_B2,RTPD,LMP,LMP_PRC,KERCK1G1_7_B2,ALL,1,111.63977,2,56
2022-09-02T12:15:00-00:00,2022-09-02T12:30:00-00:00,2022-09-02,06,KERCK1G1_7_B2,KERCK1G1_7_B2,KERCK1G1_7_B2,RTPD,LMP,LMP_PRC,KERCK1G1_7_B2,ALL,1,137.53001,2,56
2022-09-02T13:15:00-00:00,2022-09-02T13:30:00-00:00,2022-09-02,07,KERCK1G1_7_B2,KERCK1G1_7_B2,KERCK1G1_7_B2,RTPD,LMP,LMP_PRC,KERCK1G1_7_B2,ALL,1,137.36086,2,56
2022-09-02T14:15:00-00:00,2022-09-02T14:30:00-00:00,2022-09-02,08,KERCK1G1_7_B2,KERCK1G1_7_B2,KERCK1G1_7_B2,RTPD,LMP,LMP_PRC,KERCK1G1_7_B2,ALL,1,126.79029,2,56
2022-09-02T15:15:00-00:00,2022-09-02T15:30:00-00:00,2022-09-02,09,KERCK1G1_7_B2,KERCK1G1_7_B2,KERCK1G1_7_B2,RTPD,LMP,LMP_PRC,KERCK1G1_7_B2,ALL,1,127.90138,2,56
2022-09-02T16:15:00-00:00,2022-09-02T16:30:00-00:00,2022-09-02,10,KERCK1G1_7_B2,KERCK1G1_7_B2,KERCK1G1_7_B2,RTPD,LMP,LMP_PRC,KERCK1G1_7_B2,ALL,1,139.52657,2,56
2022-09-02T17:15:00-00:00,2022-09-02T17:30:00-00:00,2022-09-02,11,KERCK1G1_7_B2,KERCK1G1_7_B2,KERCK1G1_7_B2,RTPD,LMP,LMP_PRC,KERCK1G1_7_B2,ALL,1,114.23138,2,56
2022-09-02T18:15:00-00:00,2022-09-02T18:30:00-00:00,2022-09-02,12,KERCK1G1_7_B2,KERCK1G1_7_B2,KERCK1G1_7_B2,RTPD,LMP,LMP_PRC,KERCK1G1_7_B2,ALL,1,117.18845,2,56
2022-09-02T19:15:00-00:00,2022-09-02T19:30:00-00:00,2022-09-02,13,KERCK1G1_7_B2,KERCK1G1_7_B2,KERCK1G1_7_B2,RTPD,LMP,LMP_PRC,KERCK1G1_7_B2,ALL,1,114.48123,2,56
2022-09-02T20:15:00-00:00,2022-09-02T20:30:00-00:00,2022-09-02,14,KERCK1G1_7_B2,KERCK1G1_7_B2,KERCK1G1_7_B2,RTPD,LMP,LMP_PRC,KERCK1G1_7_B2,ALL,1,115.56759,2,56
2022-09-02T21:15:00-00:00,2022-09-02T21:30:00-00:00,2022-09-02,15,KERCK1G1_7_B2,KERCK1G1_7_B2,KERCK1G1_7_B2,RTPD,LMP,LMP_PRC,KERCK1G1_7_B2,ALL,1,124.50624,2,56
2022-09-02T22:15:00-00:00,2022-09-02T22:30:00-00:00,2022-09-02,16,KERCK1G1_7_B2,KERCK1G1_7_B2,KERCK1G1_7_B2,RTPD,LMP,LMP_PRC,KERCK1G1_7_B2,ALL,1,162.65959,2,56
2022-09-02T23:15:00-00:00,2022-09-02T23:30:00-00:00,2022-09-02,17,KERCK1G1_7_B2,KERCK1G1_7_B2,KERCK1G1_7_B2,RTPD,LMP,LMP_PRC,KERCK1G1_7_B2,ALL,1,136.9963,2,56
2022-09-03T00:15:00-00:00,2022-09-03T00:30:00-00:00,2022-09-02,18,KERCK1G1_7_B2,KERCK1G1_7_B2,KERCK1G1_7_B2,RTPD,LMP,LMP_PRC,KERCK1G1_7_B2,ALL,1,128.7286,2,56
2022-09-03T01:15:00-00:00,2022-09-03T01:30:00-00:00,2022-09-02,19,KERCK1G1_7_B2,KERCK1G1_7_B2,KERCK1G1_7_B2,RTPD,LMP,LMP_PRC,KERCK1G1_7_B2,ALL,1,139.79655,2,56
2022-09-03T02:15:00-00:00,2022-09-03T02:30:00-00:00,2022-09-02,20,KERCK1G1_7_B2,KERCK1G1_7_B2,KERCK1G1_7_B2,RTPD,LMP,LMP_PRC,KERCK1G1_7_B2,ALL,1,217.73816,2,56
2022-09-03T03:15:00-00:00,2022-09-03T03:30:00-00:00,2022-09-02,21,KERCK1G1_7_B2,KERCK1G1_7_B2,KERCK1G1_7_B2,RTPD,LMP,LMP_PRC,KERCK1G1_7_B2,ALL,1,158.16064,2,56
2022-09-03T04:15:00-00:00,2022-09-03T04:30:00-00:00,2022-09-02,22,KERCK1G1_7_B2,KERCK1G1_7_B2,KERCK1G1_7_B2,RTPD,LMP,LMP_PRC,KERCK1G1_7_B2,ALL,1,252.74693,2,56
2022-09-03T05:15:00-00:00,2022-09-03T05:30:00-00:00,2022-09-02,23,KERCK1G1_7_B2,KERCK1G1_7_B2,KERCK1G1_7_B2,RTPD,LMP,LMP_PRC,KERCK1G1_7_B2,ALL,1,132.03513,2,56
2022-09-03T06:15:00-00:00,2022-09-03T06:30:00-00:00,2022-09-02,24,KERCK1G1_7_B2,KERCK1G1_7_B2,KERCK1G1_7_B2,RTPD,LMP,LMP_PRC,KERCK1G1_7_B2,ALL,1,122.26668,2,56
2022-09-02T07:30:00-00:00,2022-09-02T07:45:00-00:00,2022-09-02,01,KERCK1G1_7_B2,KERCK1G1_7_B2,KERCK1G1_7_B2,RTPD,LMP,LMP_PRC,KERCK1G1_7_B2,ALL,1,144.12004,3,56
2022-09-02T08:30:00-00:00,2022-09-02T08:45:00-00:00,2022-09-02,02,KERCK1G1_7_B2,KERCK1G1_7_B2,KERCK1G1_7_B2,RTPD,LMP,LMP_PRC,KERCK1G1_7_B2,ALL,1,135.97836,3,56
2022-09-02T09:30:00-00:00,2022-09-02T09:45:00-00:00,2022-09-02,03,KERCK1G1_7_B2,KERCK1G1_7_B2,KERCK1G1_7_B2,RTPD,LMP,LMP_PRC,KERCK1G1_7_B2,ALL,1,142.33784,3,56
2022-09-02T10:30:00-00:00,2022-09-02T10:45:00-00:00,2022-09-02,04,KERCK1G1_7_B2,KERCK1G1_7_B2,KERCK1G1_7_B2,RTPD,LMP,LMP_PRC,KERCK1G1_7_B2,ALL,1,131.11563,3,56
2022-09-02T11:30:00-00:00,2022-09-02T11:45:00-00:00,2022-09-02,05,KERCK1G1_7_B2,KERCK1G1_7_B2,KERCK1G1_7_B2,RTPD,LMP,LMP_PRC,KERCK1G1_7_B2,ALL,1,108.30224,3,56
2022-09-02T12:30:00-00:00,2022-09-02T12:45:00-00:00,2022-09-02,06,KERCK1G1_7_B2,KERCK1G1_7_B2,KERCK1G1_7_B2,RTPD,LMP,LMP_PRC,KERCK1G1_7_B2,ALL,1,136.3401,3,56
2022-09-02T13:30:00-00:00,2022-09-02T13:45:00-00:00,2022-09-02,07,KERCK1G1_7_B2,KERCK1G1_7_B2,KERCK1G1_7_B2,RTPD,LMP,LMP_PRC,KERCK1G1_7_B2,ALL,1,116.44897,3,56
2022-09-02T14:30:00-00:00,2022-09-02T14:45:00-00:00,2022-09-02,08,KERCK1G1_7_B2,KERCK1G1_7_B2,KERCK1G1_7_B2,RTPD,LMP,LMP_PRC,KERCK1G1_7_B2,ALL,1,112.43957,3,56
2022-09-02T15:30:00-00:00,2022-09-02T15:45:00-00:00,2022-09-02,09,KERCK1G1_7_B2,KERCK1G1_7_B2,KERCK1G1_7_B2,RTPD,LMP,LMP_PRC,KERCK1G1_7_B2,ALL,1,129.8253,3,56
2022-09-02T16:30:00-00:00,2022-09-02T16:45:00-00:00,2022-09-02,10,KERCK1G1_7_B2,KERCK1G1_7_B2,KERCK1G1_7_B2,RTPD,LMP,LMP_PRC,KERCK1G1_7_B2,ALL,1,141.3182,3,56
2022-09-02T17:30:00-00:00,2022-09-02T17:45:00-00:00,2022-09-02,11,KERCK1G1_7_B2,KERCK1G1_7_B2,KERCK1G1_7_B2,RTPD,LMP,LMP_PRC,KERCK1G1_7_B2,ALL,1,112.90053,3,56
2022-09-02T18:30:00-00:00,2022-09-02T18:45:00-00:00,2022-09-02,12,KERCK1G1_7_B2,KERCK1G1_7_B2,KERCK1G1_7_B2,RTPD,LMP,LMP_PRC,KERCK1G1_7_B2,ALL,1,122.08231,3,56
2022-09-02T19:30:00-00:00,2022-09-02T19:45:00-00:00,2022-09-02,13,KERCK1G1_7_B2,KERCK1G1_7_B2,KERCK1G1_7_B2,RTPD,LMP,LMP_PRC,KERCK1G1_7_B2,ALL,1,120.732,3,56
2022-09-02T20:30:00-00:00,2022-09-02T20:45:00-00:00,2022-09-02,14,KERCK1G1_7_B2,KERCK1G1_7_B2,KERCK1G1_7_B2,RTPD,LMP,LMP_PRC,KERCK1G1_7_B2,ALL,1,122.87521,3,56
2022-09-02T21:30:00-00:00,2022-09-02T21:45:00-00:00,2022-09-02,15,KERCK1G1_7_B2,KERCK1G1_7_B2,KERCK1G1_7_B2,RTPD,LMP,LMP_PRC,KERCK1G1_7_B2,ALL,1,137.27357,3,56
2022-09-02T22:30:00-00:00,2022-09-02T22:45:00-00:00,2022-09-02,16,KERCK1G1_7_B2,KERCK1G1_7_B2,KERCK1G1_7_B2,RTPD,LMP,LMP_PRC,KERCK1G1_7_B2,ALL,1,187.3296,3,56
2022-09-02T23:30:00-00:00,2022-09-02T23:45:00-00:00,2022-09-02,17,KERCK1G1_7_B2,KERCK1G1_7_B2,KERCK1G1_7_B2,RTPD,LMP,LMP_PRC,KERCK1G1_7_B2,ALL,1,149.63039,3,56
2022-09-03T00:30:00-00:00,2022-09-03T00:45:00-00:00,2022-09-02,18,KERCK1G1_7_B2,KERCK1G1_7_B2,KERCK1G1_7_B2,RTPD,LMP,LMP_PRC,KERCK1G1_7_B2,ALL,1,148.75351,3,56
2022-09-03T01:30:00-00:00,2022-09-03T01:45:00-00:00,2022-09-02,19,KERCK1G1_7_B2,KERCK1G1_7_B2,KERCK1G1_7_B2,RTPD,LMP,LMP_PRC,KERCK1G1_7_B2,ALL,1,219.01859,3,56
2022-09-03T02:30:00-00:00,2022-09-03T02:45:00-00:00,2022-09-02,20,KERCK1G1_7_B2,KERCK1G1_7_B2,KERCK1G1_7_B2,RTPD,LMP,LMP_PRC,KERCK1G1_7_B2,ALL,1,194.79054,3,56
2022-09-03T03:30:00-00:00,2022-09-03T03:45:00-00:00,2022-09-02,21,KERCK1G1_7_B2,KERCK1G1_7_B2,KERCK1G1_7_B2,RTPD,LMP,LMP_PRC,KERCK1G1_7_B2,ALL,1,149.07944,3,56
2022-09-03T04:30:00-00:00,2022-09-03T04:45:00-00:00,2022-09-02,22,KERCK1G1_7_B2,KERCK1G1_7_B2,KERCK1G1_7_B2,RTPD,LMP,LMP_PRC,KERCK1G1_7_B2,ALL,1,144.5907,3,56
2022-09-03T05:30:00-00:00,2022-09-03T05:45:00-00:00,2022-09-02,23,KERCK1G1_7_B2,KERCK1G1_7_B2,KERCK1G1_7_B2,RTPD,LMP,LMP_PRC,KERCK1G1_7_B2,ALL,1,123.47433,3,56
2022-09-03T06:30:00-00:00,2022-09-03T06:45:00-00:00,2022-09-02,24,KERCK1G1_7_B2,KERCK1G1_7_B2,KERCK1G1_7_B2,RTPD,LMP,LMP_PRC,KERCK1G1_7_B2,ALL,1,92.62281,3,56
2022-09-02T07:45:00-00:00,2022-09-02T08:00:00-00:00,2022-09-02,01,KERCK1G1_7_B2,KERCK1G1_7_B2,KERCK1G1_7_B2,RTPD,LMP,LMP_PRC,KERCK1G1_7_B2,ALL,1,117.98359,4,56
2022-09-02T08:45:00-00:00,2022-09-02T09:00:00-00:00,2022-09-02,02,KERCK1G1_7_B2,KERCK1G1_7_B2,KERCK1G1_7_B2,RTPD,LMP,LMP_PRC,KERCK1G1_7_B2,ALL,1,119.215,4,56
2022-09-02T09:45:00-00:00,2022-09-02T10:00:00-00:00,2022-09-02,03,KERCK1G1_7_B2,KERCK1G1_7_B2,KERCK1G1_7_B2,RTPD,LMP,LMP_PRC,KERCK1G1_7_B2,ALL,1,120.41107,4,56
2022-09-02T10:45:00-00:00,2022-09-02T11:00:00-00:00,2022-09-02,04,KERCK1G1_7_B2,KERCK1G1_7_B2,KERCK1G1_7_B2,RTPD,LMP,LMP_PRC,KERCK1G1_7_B2,ALL,1,113.87598,4,56
2022-09-02T11:45:00-00:00,2022-09-02T12:00:00-00:00,2022-09-02,05,KERCK1G1_7_B2,KERCK1G1_7_B2,KERCK1G1_7_B2,RTPD,LMP,LMP_PRC,KERCK1G1_7_B2,ALL,1,148.30066,4,56
2022-09-02T12:45:00-00:00,2022-09-02T13:00:00-00:00,2022-09-02,06,KERCK1G1_7_B2,KERCK1G1_7_B2,KERCK1G1_7_B2,RTPD,LMP,LMP_PRC,KERCK1G1_7_B2,ALL,1,145.16174,4,56
2022-09-02T13:45:00-00:00,2022-09-02T14:00:00-00:00,2022-09-02,07,KERCK1G1_7_B2,KERCK1G1_7_B2,KERCK1G1_7_B2,RTPD,LMP,LMP_PRC,KERCK1G1_7_B2,ALL,1,110.23694,4,56
2022-09-02T14:45:00-00:00,2022-09-02T15:00:00-00:00,2022-09-02,08,KERCK1G1_7_B2,KERCK1G1_7_B2,KERCK1G1_7_B2,RTPD,LMP,LMP_PRC,KERCK1G1_7_B2,ALL,1,97.30037,4,56
2022-09-02T15:45:00-00:00,2022-09-02T16:00:00-00:00,2022-09-02,09,KERCK1G1_7_B2,KERCK1G1_7_B2,KERCK1G1_7_B2,RTPD,LMP,LMP_PRC,KERCK1G1_7_B2,ALL,1,131.67535,4,56
2022-09-02T16:45:00-00:00,2022-09-02T17:00:00-00:00,2022-09-02,10,KERCK1G1_7_B2,KERCK1G1_7_B2,KERCK1G1_7_B2,RTPD,LMP,LMP_PRC,KERCK1G1_7_B2,ALL,1,147.65767,4,56
2022-09-02T17:45:00-00:00,2022-09-02T18:00:00-00:00,2022-09-02,11,KERCK1G1_7_B2,KERCK1G1_7_B2,KERCK1G1_7_B2,RTPD,LMP,LMP_PRC,KERCK1G1_7_B2,ALL,1,115.44504,4,56
2022-09-02T18:45:00-00:00,2022-09-02T19:00:00-00:00,2022-09-02,12,KERCK1G1_7_B2,KERCK1G1_7_B2,KERCK1G1_7_B2,RTPD,LMP,LMP_PRC,KERCK1G1_7_B2,ALL,1,130.6592,4,56
2022-09-02T19:45:00-00:00,2022-09-02T20:00:00-00:00,2022-09-02,13,KERCK1G1_7_B2,KERCK1G1_7_B2,KERCK1G1_7_B2,RTPD,LMP,LMP_PRC,KERCK1G1_7_B2,ALL,1,138.03818,4,56
2022-09-02T20:45:00-00:00,2022-09-02T21:00:00-00:00,2022-09-02,14,KERCK1G1_7_B2,KERCK1G1_7_B2,KERCK1G1_7_B2,RTPD,LMP,LMP_PRC,KERCK1G1_7_B2,ALL,1,147.93741,4,56
2022-09-02T21:45:00-00:00,2022-09-02T22:00:00-00:00,2022-09-02,15,KERCK1G1_7_B2,KERCK1G1_7_B2,KERCK1G1_7_B2,RTPD,LMP,LMP_PRC,KERCK1G1_7_B2,ALL,1,177.62032,4,56
2022-09-02T22:45:00-00:00,2022-09-02T23:00:00-00:00,2022-09-02,16,KERCK1G1_7_B2,KERCK1G1_7_B2,KERCK1G1_7_B2,RTPD,LMP,LMP_PRC,KERCK1G1_7_B2,ALL,1,247.4294,4,56
2022-09-02T23:45:00-00:00,2022-09-03T00:00:00-00:00,2022-09-02,17,KERCK1G1_7_B2,KERCK1G1_7_B2,KERCK1G1_7_B2,RTPD,LMP,LMP_PRC,KERCK1G1_7_B2,ALL,1,253.08046,4,56
2022-09-03T00:45:00-00:00,2022-09-03T01:00:00-00:00,2022-09-02,18,KERCK1G1_7_B2,KERCK1G1_7_B2,KERCK1G1_7_B2,RTPD,LMP,LMP_PRC,KERCK1G1_7_B2,ALL,1,231.91946,4,56
2022-09-03T01:45:00-00:00,2022-09-03T02:00:00-00:00,2022-09-02,19,KERCK1G1_7_B2,KERCK1G1_7_B2,KERCK1G1_7_B2,RTPD,LMP,LMP_PRC,KERCK1G1_7_B2,ALL,1,299.48355,4,56
2022-09-03T02:45:00-00:00,2022-09-03T03:00:00-00:00,2022-09-02,20,KERCK1G1_7_B2,KERCK1G1_7_B2,KERCK1G1_7_B2,RTPD,LMP,LMP_PRC,KERCK1G1_7_B2,ALL,1,181.03346,4,56
2022-09-03T03:45:00-00:00,2022-09-03T04:00:00-00:00,2022-09-02,21,KERCK1G1_7_B2,KERCK1G1_7_B2,KERCK1G1_7_B2,RTPD,LMP,LMP_PRC,KERCK1G1_7_B2,ALL,1,140.01521,4,56
2022-09-03T04:45:00-00:00,2022-09-03T05:00:00-00:00,2022-09-02,22,KERCK1G1_7_B2,KERCK1G1_7_B2,KERCK1G1_7_B2,RTPD,LMP,LMP_PRC,KERCK1G1_7_B2,ALL,1,126.91493,4,56
2022-09-03T05:45:00-00:00,2022-09-03T06:00:00-00:00,2022-09-02,23,KERCK1G1_7_B2,KERCK1G1_7_B2,KERCK1G1_7_B2,RTPD,LMP,LMP_PRC,KERCK1G1_7_B2,ALL,1,117.33587,4,56
2022-09-03T06:45:00-00:00,2022-09-03T07:00:00-00:00,2022-09-02,24,KERCK1G1_7_B2,KERCK1G1_7_B2,KERCK1G1_7_B2,RTPD,LMP,LMP_PRC,KERCK1G1_7_B2,ALL,1,90.88839,4,56
2022-09-02T07:00:00-00:00,2022-09-02T07:15:00-00:00,2022-09-02,01,KERCK1G1_7_B2,KERCK1G1_7_B2,KERCK1G1_7_B2,RTPD,MCC,LMP_CONG_PRC,KERCK1G1_7_B2,ALL,1,9.50537,1,57
2022-09-02T08:00:00-00:00,2022-09-02T08:15:00-00:00,2022-09-02,02,KERCK1G1_7_B2,KERCK1G1_7_B2,KERCK1G1_7_B2,RTPD,MCC,LMP_CONG_PRC,KERCK1G1_7_B2,ALL,1,25.97853,1,57
2022-09-02T09:00:00-00:00,2022-09-02T09:15:00-00:00,2022-09-02,03,KERCK1G1_7_B2,KERCK1G1_7_B2,KERCK1G1_7_B2,RTPD,MCC,LMP_CONG_PRC,KERCK1G1_7_B2,ALL,1,12.95565,1,57
2022-09-02T10:00:00-00:00,2022-09-02T10:15:00-00:00,2022-09-02,04,KERCK1G1_7_B2,KERCK1G1_7_B2,KERCK1G1_7_B2,RTPD,MCC,LMP_CONG_PRC,KERCK1G1_7_B2,ALL,1,10.77815,1,57
2022-09-02T11:00:00-00:00,2022-09-02T11:15:00-00:00,2022-09-02,05,KERCK1G1_7_B2,KERCK1G1_7_B2,KERCK1G1_7_B2,RTPD,MCC,LMP_CONG_PRC,KERCK1G1_7_B2,ALL,1,11.60562,1,57
2022-09-02T12:00:00-00:00,2022-09-02T12:15:00-00:00,2022-09-02,06,KERCK1G1_7_B2,KERCK1G1_7_B2,KERCK1G1_7_B2,RTPD,MCC,LMP_CONG_PRC,KERCK1G1_7_B2,ALL,1,36.89012,1,57
2022-09-02T13:00:00-00:00,2022-09-02T13:15:00-00:00,2022-09-02,07,KERCK1G1_7_B2,KERCK1G1_7_B2,KERCK1G1_7_B2,RTPD,MCC,LMP_CONG_PRC,KERCK1G1_7_B2,ALL,1,32.93378,1,57
2022-09-02T14:00:00-00:00,2022-09-02T14:15:00-00:00,2022-09-02,08,KERCK1G1_7_B2,KERCK1G1_7_B2,KERCK1G1_7_B2,RTPD,MCC,LMP_CONG_PRC,KERCK1G1_7_B2,ALL,1,2.53121,1,57
2022-09-02T15:00:00-00:00,2022-09-02T15:15:00-00:00,2022-09-02,09,KERCK1G1_7_B2,KERCK1G1_7_B2,KERCK1G1_7_B2,RTPD,MCC,LMP_CONG_PRC,KERCK1G1_7_B2,ALL,1,1.54119,1,57
2022-09-02T16:00:00-00:00,2022-09-02T16:15:00-00:00,2022-09-02,10,KERCK1G1_7_B2,KERCK1G1_7_B2,KERCK1G1_7_B2,RTPD,MCC,LMP_CONG_PRC,KERCK1G1_7_B2,ALL,1,40.6207,1,57
2022-09-02T17:00:00-00:00,2022-09-02T17:15:00-00:00,2022-09-02,11,KERCK1G1_7_B2,KERCK1G1_7_B2,KERCK1G1_7_B2,RTPD,MCC,LMP_CONG_PRC,KERCK1G1_7_B2,ALL,1,0,1,57
2022-09-02T18:00:00-00:00,2022-09-02T18:15:00-00:00,2022-09-02,12,KERCK1G1_7_B2,KERCK1G1_7_B2,KERCK1G1_7_B2,RTPD,MCC,LMP_CONG_PRC,KERCK1G1_7_B2,ALL,1,0,1,57
2022-09-02T19:00:00-00:00,2022-09-02T19:15:00-00:00,2022-09-02,13,KERCK1G1_7_B2,KERCK1G1_7_B2,KERCK1G1_7_B2,RTPD,MCC,LMP_CONG_PRC,KERCK1G1_7_B2,ALL,1,0,1,57
2022-09-02T20:00:00-00:00,2022-09-02T20:15:00-00:00,2022-09-02,14,KERCK1G1_7_B2,KERCK1G1_7_B2,KERCK1G1_7_B2,RTPD,MCC,LMP_CONG_PRC,KERCK1G1_7_B2,ALL,1,0,1,57
2022-09-02T21:00:00-00:00,2022-09-02T21:15:00-00:00,2022-09-02,15,KERCK1G1_7_B2,KERCK1G1_7_B2,KERCK1G1_7_B2,RTPD,MCC,LMP_CONG_PRC,KERCK1G1_7_B2,ALL,1,0,1,57
2022-09-02T22:00:00-00:00,2022-09-02T22:15:00-00:00,2022-09-02,16,KERCK1G1_7_B2,KERCK1G1_7_B2,KERCK1G1_7_B2,RTPD,MCC,LMP_CONG_PRC,KERCK1G1_7_B2,ALL,1,0,1,57
2022-09-02T23:00:00-00:00,2022-09-02T23:15:00-00:00,2022-09-02,17,KERCK1G1_7_B2,KERCK1G1_7_B2,KERCK1G1_7_B2,RTPD,MCC,LMP_CONG_PRC,KERCK1G1_7_B2,ALL,1,-7.75751,1,57
2022-09-03T00:00:00-00:00,2022-09-03T00:15:00-00:00,2022-09-02,18,KERCK1G1_7_B2,KERCK1G1_7_B2,KERCK1G1_7_B2,RTPD,MCC,LMP_CONG_PRC,KERCK1G1_7_B2,ALL,1,-129.81262,1,57
2022-09-03T01:00:00-00:00,2022-09-03T01:15:00-00:00,2022-09-02,19,KERCK1G1_7_B2,KERCK1G1_7_B2,KERCK1G1_7_B2,RTPD,MCC,LMP_CONG_PRC,KERCK1G1_7_B2,ALL,1,-35.00004,1,57
2022-09-03T02:00:00-00:00,2022-09-03T02:15:00-00:00,2022-09-02,20,KERCK1G1_7_B2,KERCK1G1_7_B2,KERCK1G1_7_B2,RTPD,MCC,LMP_CONG_PRC,KERCK1G1_7_B2,ALL,1,0,1,57
2022-09-03T03:00:00-00:00,2022-09-03T03:15:00-00:00,2022-09-02,21,KERCK1G1_7_B2,KERCK1G1_7_B2,KERCK1G1_7_B2,RTPD,MCC,LMP_CONG_PRC,KERCK1G1_7_B2,ALL,1,0,1,57
2022-09-03T04:00:00-00:00,2022-09-03T04:15:00-00:00,2022-09-02,22,KERCK1G1_7_B2,KERCK1G1_7_B2,KERCK1G1_7_B2,RTPD,MCC,LMP_CONG_PRC,KERCK1G1_7_B2,ALL,1,-2.11024,1,57
2022-09-03T05:00:00-00:00,2022-09-03T05:15:00-00:00,2022-09-02,23,KERCK1G1_7_B2,KERCK1G1_7_B2,KERCK1G1_7_B2,RTPD,MCC,LMP_CONG_PRC,KERCK1G1_7_B2,ALL,1,-11.48936,1,57
2022-09-03T06:00:00-00:00,2022-09-03T06:15:00-00:00,2022-09-02,24,KERCK1G1_7_B2,KERCK1G1_7_B2,KERCK1G1_7_B2,RTPD,MCC,LMP_CONG_PRC,KERCK1G1_7_B2,ALL,1,443.7561,1,57
2022-09-02T07:15:00-00:00,2022-09-02T07:30:00-00:00,2022-09-02,01,KERCK1G1_7_B2,KERCK1G1_7_B2,KERCK1G1_7_B2,RTPD,MCC,LMP_CONG_PRC,KERCK1G1_7_B2,ALL,1,9.52092,2,57
2022-09-02T08:15:00-00:00,2022-09-02T08:30:00-00:00,2022-09-02,02,KERCK1G1_7_B2,KERCK1G1_7_B2,KERCK1G1_7_B2,RTPD,MCC,LMP_CONG_PRC,KERCK1G1_7_B2,ALL,1,51.08586,2,57
2022-09-02T09:15:00-00:00,2022-09-02T09:30:00-00:00,2022-09-02,03,KERCK1G1_7_B2,KERCK1G1_7_B2,KERCK1G1_7_B2,RTPD,MCC,LMP_CONG_PRC,KERCK1G1_7_B2,ALL,1,23.38219,2,57
2022-09-02T10:15:00-00:00,2022-09-02T10:30:00-00:00,2022-09-02,04,KERCK1G1_7_B2,KERCK1G1_7_B2,KERCK1G1_7_B2,RTPD,MCC,LMP_CONG_PRC,KERCK1G1_7_B2,ALL,1,7.37879,2,57
2022-09-02T11:15:00-00:00,2022-09-02T11:30:00-00:00,2022-09-02,05,KERCK1G1_7_B2,KERCK1G1_7_B2,KERCK1G1_7_B2,RTPD,MCC,LMP_CONG_PRC,KERCK1G1_7_B2,ALL,1,13.8522,2,57
2022-09-02T12:15:00-00:00,2022-09-02T12:30:00-00:00,2022-09-02,06,KERCK1G1_7_B2,KERCK1G1_7_B2,KERCK1G1_7_B2,RTPD,MCC,LMP_CONG_PRC,KERCK1G1_7_B2,ALL,1,34.43716,2,57
2022-09-02T13:15:00-00:00,2022-09-02T13:30:00-00:00,2022-09-02,07,KERCK1G1_7_B2,KERCK1G1_7_B2,KERCK1G1_7_B2,RTPD,MCC,LMP_CONG_PRC,KERCK1G1_7_B2,ALL,1,29.80002,2,57
2022-09-02T14:15:00-00:00,2022-09-02T14:30:00-00:00,2022-09-02,08,KERCK1G1_7_B2,KERCK1G1_7_B2,KERCK1G1_7_B2,RTPD,MCC,LMP_CONG_PRC,KERCK1G1_7_B2,ALL,1,3.6139,2,57
2022-09-02T15:15:00-00:00,2022-09-02T15:30:00-00:00,2022-09-02,09,KERCK1G1_7_B2,KERCK1G1_7_B2,KERCK1G1_7_B2,RTPD,MCC,LMP_CONG_PRC,KERCK1G1_7_B2,ALL,1,45.64772,2,57
2022-09-02T16:15:00-00:00,2022-09-02T16:30:00-00:00,2022-09-02,10,KERCK1G1_7_B2,KERCK1G1_7_B2,KERCK1G1_7_B2,RTPD,MCC,LMP_CONG_PRC,KERCK1G1_7_B2,ALL,1,37.55915,2,57
2022-09-02T17:15:00-00:00,2022-09-02T17:30:00-00:00,2022-09-02,11,KERCK1G1_7_B2,KERCK1G1_7_B2,KERCK1G1_7_B2,RTPD,MCC,LMP_CONG_PRC,KERCK1G1_7_B2,ALL,1,0,2,57
2022-09-02T18:15:00-00:00,2022-09-02T18:30:00-00:00,2022-09-02,12,KERCK1G1_7_B2,KERCK1G1_7_B2,KERCK1G1_7_B2,RTPD,MCC,LMP_CONG_PRC,KERCK1G1_7_B2,ALL,1,0,2,57
2022-09-02T19:15:00-00:00,2022-09-02T19:30:00-00:00,2022-09-02,13,KERCK1G1_7_B2,KERCK1G1_7_B2,KERCK1G1_7_B2,RTPD,MCC,LMP_CONG_PRC,KERCK1G1_7_B2,ALL,1,0,2,57
2022-09-02T20:15:00-00:00,2022-09-02T20:30:00-00:00,2022-09-02,14,KERCK1G1_7_B2,KERCK1G1_7_B2,KERCK1G1_7_B2,RTPD,MCC,LMP_CONG_PRC,KERCK1G1_7_B2,ALL,1,-0.00161,2,57
2022-09-02T21:15:00-00:00,2022-09-02T21:30:00-00:00,2022-09-02,15,KERCK1G1_7_B2,KERCK1G1_7_B2,KERCK1G1_7_B2,RTPD,MCC,LMP_CONG_PRC,KERCK1G1_7_B2,ALL,1,0,2,57
2022-09-02T22:15:00-00:00,2022-09-02T22:30:00-00:00,2022-09-02,16,KERCK1G1_7_B2,KERCK1G1_7_B2,KERCK1G1_7_B2,RTPD,MCC,LMP_CONG_PRC,KERCK1G1_7_B2,ALL,1,-0.23073,2,57
2022-09-02T23:15:00-00:00,2022-09-02T23:30:00-00:00,2022-09-02,17,KERCK1G1_7_B2,KERCK1G1_7_B2,KERCK1G1_7_B2,RTPD,MCC,LMP_CONG_PRC,KERCK1G1_7_B2,ALL,1,-14.76006,2,57
2022-09-03T00:15:00-00:00,2022-09-03T00:30:00-00:00,2022-09-02,18,KERCK1G1_7_B2,KERCK1G1_7_B2,KERCK1G1_7_B2,RTPD,MCC,LMP_CONG_PRC,KERCK1G1_7_B2,ALL,1,-38.82696,2,57
2022-09-03T01:15:00-00:00,2022-09-03T01:30:00-00:00,2022-09-02,19,KERCK1G1_7_B2,KERCK1G1_7_B2,KERCK1G1_7_B2,RTPD,MCC,LMP_CONG_PRC,KERCK1G1_7_B2,ALL,1,-77.33151,2,57
2022-09-03T02:15:00-00:00,2022-09-03T02:30:00-00:00,2022-09-02,20,KERCK1G1_7_B2,KERCK1G1_7_B2,KERCK1G1_7_B2,RTPD,MCC,LMP_CONG_PRC,KERCK1G1_7_B2,ALL,1,0,2,57
2022-09-03T03:15:00-00:00,2022-09-03T03:30:00-00:00,2022-09-02,21,KERCK1G1_7_B2,KERCK1G1_7_B2,KERCK1G1_7_B2,RTPD,MCC,LMP_CONG_PRC,KERCK1G1_7_B2,ALL,1,0,2,57
2022-09-03T04:15:00-00:00,2022-09-03T04:30:00-00:00,2022-09-02,22,KERCK1G1_7_B2,KERCK1G1_7_B2,KERCK1G1_7_B2,RTPD,MCC,LMP_CONG_PRC,KERCK1G1_7_B2,ALL,1,87.10829,2,57
2022-09-03T05:15:00-00:00,2022-09-03T05:30:00-00:00,2022-09-02,23,KERCK1G1_7_B2,KERCK1G1_7_B2,KERCK1G1_7_B2,RTPD,MCC,LMP_CONG_PRC,KERCK1G1_7_B2,ALL,1,-22.6595,2,57
2022-09-03T06:15:00-00:00,2022-09-03T06:30:00-00:00,2022-09-02,24,KERCK1G1_7_B2,KERCK1G1_7_B2,KERCK1G1_7_B2,RTPD,MCC,LMP_CONG_PRC,KERCK1G1_7_B2,ALL,1,-14.43586,2,57
2022-09-02T07:30:00-00:00,2022-09-02T07:45:00-00:00,2022-09-02,01,KERCK1G1_7_B2,KERCK1G1_7_B2,KERCK1G1_7_B2,RTPD,MCC,LMP_CONG_PRC,KERCK1G1_7_B2,ALL,1,10.99083,3,57
2022-09-02T08:30:00-00:00,2022-09-02T08:45:00-00:00,2022-09-02,02,KERCK1G1_7_B2,KERCK1G1_7_B2,KERCK1G1_7_B2,RTPD,MCC,LMP_CONG_PRC,KERCK1G1_7_B2,ALL,1,10.45484,3,57
2022-09-02T09:30:00-00:00,2022-09-02T09:45:00-00:00,2022-09-02,03,KERCK1G1_7_B2,KERCK1G1_7_B2,KERCK1G1_7_B2,RTPD,MCC,LMP_CONG_PRC,KERCK1G1_7_B2,ALL,1,23.73939,3,57
2022-09-02T10:30:00-00:00,2022-09-02T10:45:00-00:00,2022-09-02,04,KERCK1G1_7_B2,KERCK1G1_7_B2,KERCK1G1_7_B2,RTPD,MCC,LMP_CONG_PRC,KERCK1G1_7_B2,ALL,1,17.24627,3,57
2022-09-02T11:30:00-00:00,2022-09-02T11:45:00-00:00,2022-09-02,05,KERCK1G1_7_B2,KERCK1G1_7_B2,KERCK1G1_7_B2,RTPD,MCC,LMP_CONG_PRC,KERCK1G1_7_B2,ALL,1,8.55179,3,57
2022-09-02T12:30:00-00:00,2022-09-02T12:45:00-00:00,2022-09-02,06,KERCK1G1_7_B2,KERCK1G1_7_B2,KERCK1G1_7_B2,RTPD,MCC,LMP_CONG_PRC,KERCK1G1_7_B2,ALL,1,26.91016,3,57
2022-09-02T13:30:00-00:00,2022-09-02T13:45:00-00:00,2022-09-02,07,KERCK1G1_7_B2,KERCK1G1_7_B2,KERCK1G1_7_B2,RTPD,MCC,LMP_CONG_PRC,KERCK1G1_7_B2,ALL,1,4.95648,3,57
2022-09-02T14:30:00-00:00,2022-09-02T14:45:00-00:00,2022-09-02,08,KERCK1G1_7_B2,KERCK1G1_7_B2,KERCK1G1_7_B2,RTPD,MCC,LMP_CONG_PRC,KERCK1G1_7_B2,ALL,1,3.10097,3,57
2022-09-02T15:30:00-00:00,2022-09-02T15:45:00-00:00,2022-09-02,09,KERCK1G1_7_B2,KERCK1G1_7_B2,KERCK1G1_7_B2,RTPD,MCC,LMP_CONG_PRC,KERCK1G1_7_B2,ALL,1,48.4653,3,57
2022-09-02T16:30:00-00:00,2022-09-02T16:45:00-00:00,2022-09-02,10,KERCK1G1_7_B2,KERCK1G1_7_B2,KERCK1G1_7_B2,RTPD,MCC,LMP_CONG_PRC,KERCK1G1_7_B2,ALL,1,40.621,3,57
2022-09-02T17:30:00-00:00,2022-09-02T17:45:00-00:00,2022-09-02,11,KERCK1G1_7_B2,KERCK1G1_7_B2,KERCK1G1_7_B2,RTPD,MCC,LMP_CONG_PRC,KERCK1G1_7_B2,ALL,1,0,3,57
2022-09-02T18:30:00-00:00,2022-09-02T18:45:00-00:00,2022-09-02,12,KERCK1G1_7_B2,KERCK1G1_7_B2,KERCK1G1_7_B2,RTPD,MCC,LMP_CONG_PRC,KERCK1G1_7_B2,ALL,1,0,3,57
2022-09-02T19:30:00-00:00,2022-09-02T19:45:00-00:00,2022-09-02,13,KERCK1G1_7_B2,KERCK1G1_7_B2,KERCK1G1_7_B2,RTPD,MCC,LMP_CONG_PRC,KERCK1G1_7_B2,ALL,1,0,3,57
2022-09-02T20:30:00-00:00,2022-09-02T20:45:00-00:00,2022-09-02,14,KERCK1G1_7_B2,KERCK1G1_7_B2,KERCK1G1_7_B2,RTPD,MCC,LMP_CONG_PRC,KERCK1G1_7_B2,ALL,1,0,3,57
2022-09-02T21:30:00-00:00,2022-09-02T21:45:00-00:00,2022-09-02,15,KERCK1G1_7_B2,KERCK1G1_7_B2,KERCK1G1_7_B2,RTPD,MCC,LMP_CONG_PRC,KERCK1G1_7_B2,ALL,1,0,3,57
2022-09-02T22:30:00-00:00,2022-09-02T22:45:00-00:00,2022-09-02,16,KERCK1G1_7_B2,KERCK1G1_7_B2,KERCK1G1_7_B2,RTPD,MCC,LMP_CONG_PRC,KERCK1G1_7_B2,ALL,1,0,3,57
2022-09-02T23:30:00-00:00,2022-09-02T23:45:00-00:00,2022-09-02,17,KERCK1G1_7_B2,KERCK1G1_7_B2,KERCK1G1_7_B2,RTPD,MCC,LMP_CONG_PRC,KERCK1G1_7_B2,ALL,1,-7.40335,3,57
2022-09-03T00:30:00-00:00,2022-09-03T00:45:00-00:00,2022-09-02,18,KERCK1G1_7_B2,KERCK1G1_7_B2,KERCK1G1_7_B2,RTPD,MCC,LMP_CONG_PRC,KERCK1G1_7_B2,ALL,1,-85.67541,3,57
2022-09-03T01:30:00-00:00,2022-09-03T01:45:00-00:00,2022-09-02,19,KERCK1G1_7_B2,KERCK1G1_7_B2,KERCK1G1_7_B2,RTPD,MCC,LMP_CONG_PRC,KERCK1G1_7_B2,ALL,1,-31.39397,3,57
2022-09-03T02:30:00-00:00,2022-09-03T02:45:00-00:00,2022-09-02,20,KERCK1G1_7_B2,KERCK1G1_7_B2,KERCK1G1_7_B2,RTPD,MCC,LMP_CONG_PRC,KERCK1G1_7_B2,ALL,1,0.95097,3,57
2022-09-03T03:30:00-00:00,2022-09-03T03:45:00-00:00,2022-09-02,21,KERCK1G1_7_B2,KERCK1G1_7_B2,KERCK1G1_7_B2,RTPD,MCC,LMP_CONG_PRC,KERCK1G1_7_B2,ALL,1,0,3,57
2022-09-03T04:30:00-00:00,2022-09-03T04:45:00-00:00,2022-09-02,22,KERCK1G1_7_B2,KERCK1G1_7_B2,KERCK1G1_7_B2,RTPD,MCC,LMP_CONG_PRC,KERCK1G1_7_B2,ALL,1,-9.9794,3,57
2022-09-03T05:30:00-00:00,2022-09-03T05:45:00-00:00,2022-09-02,23,KERCK1G1_7_B2,KERCK1G1_7_B2,KERCK1G1_7_B2,RTPD,MCC,LMP_CONG_PRC,KERCK1G1_7_B2,ALL,1,-25.28721,3,57
2022-09-03T06:30:00-00:00,2022-09-03T06:45:00-00:00,2022-09-02,24,KERCK1G1_7_B2,KERCK1G1_7_B2,KERCK1G1_7_B2,RTPD,MCC,LMP_CONG_PRC,KERCK1G1_7_B2,ALL,1,-35.16917,3,57
2022-09-02T07:45:00-00:00,2022-09-02T08:00:00-00:00,2022-09-02,01,KERCK1G1_7_B2,KERCK1G1_7_B2,KERCK1G1_7_B2,RTPD,MCC,LMP_CONG_PRC,KERCK1G1_7_B2,ALL,1,8.0396,4,57
2022-09-02T08:45:00-00:00,2022-09-02T09:00:00-00:00,2022-09-02,02,KERCK1G1_7_B2,KERCK1G1_7_B2,KERCK1G1_7_B2,RTPD,MCC,LMP_CONG_PRC,KERCK1G1_7_B2,ALL,1,8.18272,4,57
2022-09-02T09:45:00-00:00,2022-09-02T10:00:00-00:00,2022-09-02,03,KERCK1G1_7_B2,KERCK1G1_7_B2,KERCK1G1_7_B2,RTPD,MCC,LMP_CONG_PRC,KERCK1G1_7_B2,ALL,1,10.2101,4,57
2022-09-02T10:45:00-00:00,2022-09-02T11:00:00-00:00,2022-09-02,04,KERCK1G1_7_B2,KERCK1G1_7_B2,KERCK1G1_7_B2,RTPD,MCC,LMP_CONG_PRC,KERCK1G1_7_B2,ALL,1,3.81487,4,57
2022-09-02T11:45:00-00:00,2022-09-02T12:00:00-00:00,2022-09-02,05,KERCK1G1_7_B2,KERCK1G1_7_B2,KERCK1G1_7_B2,RTPD,MCC,LMP_CONG_PRC,KERCK1G1_7_B2,ALL,1,38.8092,4,57
2022-09-02T12:45:00-00:00,2022-09-02T13:00:00-00:00,2022-09-02,06,KERCK1G1_7_B2,KERCK1G1_7_B2,KERCK1G1_7_B2,RTPD,MCC,LMP_CONG_PRC,KERCK1G1_7_B2,ALL,1,37.07418,4,57
2022-09-02T13:45:00-00:00,2022-09-02T14:00:00-00:00,2022-09-02,07,KERCK1G1_7_B2,KERCK1G1_7_B2,KERCK1G1_7_B2,RTPD,MCC,LMP_CONG_PRC,KERCK1G1_7_B2,ALL,1,5.14877,4,57
2022-09-02T14:45:00-00:00,2022-09-02T15:00:00-00:00,2022-09-02,08,KERCK1G1_7_B2,KERCK1G1_7_B2,KERCK1G1_7_B2,RTPD,MCC,LMP_CONG_PRC,KERCK1G1_7_B2,ALL,1,3.73398,4,57
2022-09-02T15:45:00-00:00,2022-09-02T16:00:00-00:00,2022-09-02,09,KERCK1G1_7_B2,KERCK1G1_7_B2,KERCK1G1_7_B2,RTPD,MCC,LMP_CONG_PRC,KERCK1G1_7_B2,ALL,1,37.92319,4,57
2022-09-02T16:45:00-00:00,2022-09-02T17:00:00-00:00,2022-09-02,10,KERCK1G1_7_B2,KERCK1G1_7_B2,KERCK1G1_7_B2,RTPD,MCC,LMP_CONG_PRC,KERCK1G1_7_B2,ALL,1,42.14641,4,57
2022-09-02T17:45:00-00:00,2022-09-02T18:00:00-00:00,2022-09-02,11,KERCK1G1_7_B2,KERCK1G1_7_B2,KERCK1G1_7_B2,RTPD,MCC,LMP_CONG_PRC,KERCK1G1_7_B2,ALL,1,0,4,57
2022-09-02T18:45:00-00:00,2022-09-02T19:00:00-00:00,2022-09-02,12,KERCK1G1_7_B2,KERCK1G1_7_B2,KERCK1G1_7_B2,RTPD,MCC,LMP_CONG_PRC,KERCK1G1_7_B2,ALL,1,0,4,57
2022-09-02T19:45:00-00:00,2022-09-02T20:00:00-00:00,2022-09-02,13,KERCK1G1_7_B2,KERCK1G1_7_B2,KERCK1G1_7_B2,RTPD,MCC,LMP_CONG_PRC,KERCK1G1_7_B2,ALL,1,0,4,57
2022-09-02T20:45:00-00:00,2022-09-02T21:00:00-00:00,2022-09-02,14,KERCK1G1_7_B2,KERCK1G1_7_B2,KERCK1G1_7_B2,RTPD,MCC,LMP_CONG_PRC,KERCK1G1_7_B2,ALL,1,0,4,57
2022-09-02T21:45:00-00:00,2022-09-02T22:00:00-00:00,2022-09-02,15,KERCK1G1_7_B2,KERCK1G1_7_B2,KERCK1G1_7_B2,RTPD,MCC,LMP_CONG_PRC,KERCK1G1_7_B2,ALL,1,0,4,57
2022-09-02T22:45:00-00:00,2022-09-02T23:00:00-00:00,2022-09-02,16,KERCK1G1_7_B2,KERCK1G1_7_B2,KERCK1G1_7_B2,RTPD,MCC,LMP_CONG_PRC,KERCK1G1_7_B2,ALL,1,-21.87896,4,57
2022-09-02T23:45:00-00:00,2022-09-03T00:00:00-00:00,2022-09-02,17,KERCK1G1_7_B2,KERCK1G1_7_B2,KERCK1G1_7_B2,RTPD,MCC,LMP_CONG_PRC,KERCK1G1_7_B2,ALL,1,-34.03085,4,57
2022-09-03T00:45:00-00:00,2022-09-03T01:00:00-00:00,2022-09-02,18,KERCK1G1_7_B2,KERCK1G1_7_B2,KERCK1G1_7_B2,RTPD,MCC,LMP_CONG_PRC,KERCK1G1_7_B2,ALL,1,-10.24687,4,57
2022-09-03T01:45:00-00:00,2022-09-03T02:00:00-00:00,2022-09-02,19,KERCK1G1_7_B2,KERCK1G1_7_B2,KERCK1G1_7_B2,RTPD,MCC,LMP_CONG_PRC,KERCK1G1_7_B2,ALL,1,-5.07241,4,57
2022-09-03T02:45:00-00:00,2022-09-03T03:00:00-00:00,2022-09-02,20,KERCK1G1_7_B2,KERCK1G1_7_B2,KERCK1G1_7_B2,RTPD,MCC,LMP_CONG_PRC,KERCK1G1_7_B2,ALL,1,11.8031,4,57
2022-09-03T03:45:00-00:00,2022-09-03T04:00:00-00:00,2022-09-02,21,KERCK1G1_7_B2,KERCK1G1_7_B2,KERCK1G1_7_B2,RTPD,MCC,LMP_CONG_PRC,KERCK1G1_7_B2,ALL,1,0,4,57
2022-09-03T04:45:00-00:00,2022-09-03T05:00:00-00:00,2022-09-02,22,KERCK1G1_7_B2,KERCK1G1_7_B2,KERCK1G1_7_B2,RTPD,MCC,LMP_CONG_PRC,KERCK1G1_7_B2,ALL,1,-2.75247,4,57
2022-09-03T05:45:00-00:00,2022-09-03T06:00:00-00:00,2022-09-02,23,KERCK1G1_7_B2,KERCK1G1_7_B2,KERCK1G1_7_B2,RTPD,MCC,LMP_CONG_PRC,KERCK1G1_7_B2,ALL,1,-3.36704,4,57
2022-09-03T06:45:00-00:00,2022-09-03T07:00:00-00:00,2022-09-02,24,KERCK1G1_7_B2,KERCK1G1_7_B2,KERCK1G1_7_B2,RTPD,MCC,LMP_CONG_PRC,KERCK1G1_7_B2,ALL,1,-18.51486,4,57
2022-09-02T07:00:00-00:00,2022-09-02T07:15:00-00:00,2022-09-02,01,KERCK1G1_7_B2,KERCK1G1_7_B2,KERCK1G1_7_B2,RTPD,MCE,LMP_ENE_PRC,KERCK1G1_7_B2,ALL,1,128.45242,1,58
2022-09-02T08:00:00-00:00,2022-09-02T08:15:00-00:00,2022-09-02,02,KERCK1G1_7_B2,KERCK1G1_7_B2,KERCK1G1_7_B2,RTPD,MCE,LMP_ENE_PRC,KERCK1G1_7_B2,ALL,1,119.60895,1,58
2022-09-02T09:00:00-00:00,2022-09-02T09:15:00-00:00,2022-09-02,03,KERCK1G1_7_B2,KERCK1G1_7_B2,KERCK1G1_7_B2,RTPD,MCE,LMP_ENE_PRC,KERCK1G1_7_B2,ALL,1,114.19063,1,58
2022-09-02T10:00:00-00:00,2022-09-02T10:15:00-00:00,2022-09-02,04,KERCK1G1_7_B2,KERCK1G1_7_B2,KERCK1G1_7_B2,RTPD,MCE,LMP_ENE_PRC,KERCK1G1_7_B2,ALL,1,103.99956,1,58
2022-09-02T11:00:00-00:00,2022-09-02T11:15:00-00:00,2022-09-02,05,KERCK1G1_7_B2,KERCK1G1_7_B2,KERCK1G1_7_B2,RTPD,MCE,LMP_ENE_PRC,KERCK1G1_7_B2,ALL,1,99.79609,1,58
2022-09-02T12:00:00-00:00,2022-09-02T12:15:00-00:00,2022-09-02,06,KERCK1G1_7_B2,KERCK1G1_7_B2,KERCK1G1_7_B2,RTPD,MCE,LMP_ENE_PRC,KERCK1G1_7_B2,ALL,1,103.63711,1,58
2022-09-02T13:00:00-00:00,2022-09-02T13:15:00-00:00,2022-09-02,07,KERCK1G1_7_B2,KERCK1G1_7_B2,KERCK1G1_7_B2,RTPD,MCE,LMP_ENE_PRC,KERCK1G1_7_B2,ALL,1,105.96778,1,58
2022-09-02T14:00:00-00:00,2022-09-02T14:15:00-00:00,2022-09-02,08,KERCK1G1_7_B2,KERCK1G1_7_B2,KERCK1G1_7_B2,RTPD,MCE,LMP_ENE_PRC,KERCK1G1_7_B2,ALL,1,113.93965,1,58
2022-09-02T15:00:00-00:00,2022-09-02T15:15:00-00:00,2022-09-02,09,KERCK1G1_7_B2,KERCK1G1_7_B2,KERCK1G1_7_B2,RTPD,MCE,LMP_ENE_PRC,KERCK1G1_7_B2,ALL,1,87.89648,1,58
2022-09-02T16:00:00-00:00,2022-09-02T16:15:00-00:00,2022-09-02,10,KERCK1G1_7_B2,KERCK1G1_7_B2,KERCK1G1_7_B2,RTPD,MCE,LMP_ENE_PRC,KERCK1G1_7_B2,ALL,1,86.73757,1,58
2022-09-02T17:00:00-00:00,2022-09-02T17:15:00-00:00,2022-09-02,11,KERCK1G1_7_B2,KERCK1G1_7_B2,KERCK1G1_7_B2,RTPD,MCE,LMP_ENE_PRC,KERCK1G1_7_B2,ALL,1,93.53587,1,58
2022-09-02T18:00:00-00:00,2022-09-02T18:15:00-00:00,2022-09-02,12,KERCK1G1_7_B2,KERCK1G1_7_B2,KERCK1G1_7_B2,RTPD,MCE,LMP_ENE_PRC,KERCK1G1_7_B2,ALL,1,104.54111,1,58
2022-09-02T19:00:00-00:00,2022-09-02T19:15:00-00:00,2022-09-02,13,KERCK1G1_7_B2,KERCK1G1_7_B2,KERCK1G1_7_B2,RTPD,MCE,LMP_ENE_PRC,KERCK1G1_7_B2,ALL,1,107.01684,1,58
2022-09-02T20:00:00-00:00,2022-09-02T20:15:00-00:00,2022-09-02,14,KERCK1G1_7_B2,KERCK1G1_7_B2,KERCK1G1_7_B2,RTPD,MCE,LMP_ENE_PRC,KERCK1G1_7_B2,ALL,1,113.37494,1,58
2022-09-02T21:00:00-00:00,2022-09-02T21:15:00-00:00,2022-09-02,15,KERCK1G1_7_B2,KERCK1G1_7_B2,KERCK1G1_7_B2,RTPD,MCE,LMP_ENE_PRC,KERCK1G1_7_B2,ALL,1,125.15005,1,58
2022-09-02T22:00:00-00:00,2022-09-02T22:15:00-00:00,2022-09-02,16,KERCK1G1_7_B2,KERCK1G1_7_B2,KERCK1G1_7_B2,RTPD,MCE,LMP_ENE_PRC,KERCK1G1_7_B2,ALL,1,146.08907,1,58
2022-09-02T23:00:00-00:00,2022-09-02T23:15:00-00:00,2022-09-02,17,KERCK1G1_7_B2,KERCK1G1_7_B2,KERCK1G1_7_B2,RTPD,MCE,LMP_ENE_PRC,KERCK1G1_7_B2,ALL,1,138.68256,1,58
2022-09-03T00:00:00-00:00,2022-09-03T00:15:00-00:00,2022-09-02,18,KERCK1G1_7_B2,KERCK1G1_7_B2,KERCK1G1_7_B2,RTPD,MCE,LMP_ENE_PRC,KERCK1G1_7_B2,ALL,1,229.3306,1,58
2022-09-03T01:00:00-00:00,2022-09-03T01:15:00-00:00,2022-09-02,19,KERCK1G1_7_B2,KERCK1G1_7_B2,KERCK1G1_7_B2,RTPD,MCE,LMP_ENE_PRC,KERCK1G1_7_B2,ALL,1,152.69885,1,58
2022-09-03T02:00:00-00:00,2022-09-03T02:15:00-00:00,2022-09-02,20,KERCK1G1_7_B2,KERCK1G1_7_B2,KERCK1G1_7_B2,RTPD,MCE,LMP_ENE_PRC,KERCK1G1_7_B2,ALL,1,204.37767,1,58
2022-09-03T03:00:00-00:00,2022-09-03T03:15:00-00:00,2022-09-02,21,KERCK1G1_7_B2,KERCK1G1_7_B2,KERCK1G1_7_B2,RTPD,MCE,LMP_ENE_PRC,KERCK1G1_7_B2,ALL,1,136.90031,1,58
2022-09-03T04:00:00-00:00,2022-09-03T04:15:00-00:00,2022-09-02,22,KERCK1G1_7_B2,KERCK1G1_7_B2,KERCK1G1_7_B2,RTPD,MCE,LMP_ENE_PRC,KERCK1G1_7_B2,ALL,1,155.88805,1,58
2022-09-03T05:00:00-00:00,2022-09-03T05:15:00-00:00,2022-09-02,23,KERCK1G1_7_B2,KERCK1G1_7_B2,KERCK1G1_7_B2,RTPD,MCE,LMP_ENE_PRC,KERCK1G1_7_B2,ALL,1,142.06982,1,58
2022-09-03T06:00:00-00:00,2022-09-03T06:15:00-00:00,2022-09-02,24,KERCK1G1_7_B2,KERCK1G1_7_B2,KERCK1G1_7_B2,RTPD,MCE,LMP_ENE_PRC,KERCK1G1_7_B2,ALL,1,141.54752,1,58
2022-09-02T07:15:00-00:00,2022-09-02T07:30:00-00:00,2022-09-02,01,KERCK1G1_7_B2,KERCK1G1_7_B2,KERCK1G1_7_B2,RTPD,MCE,LMP_ENE_PRC,KERCK1G1_7_B2,ALL,1,120.94146,2,58
2022-09-02T08:15:00-00:00,2022-09-02T08:30:00-00:00,2022-09-02,02,KERCK1G1_7_B2,KERCK1G1_7_B2,KERCK1G1_7_B2,RTPD,MCE,LMP_ENE_PRC,KERCK1G1_7_B2,ALL,1,113.81733,2,58
2022-09-02T09:15:00-00:00,2022-09-02T09:30:00-00:00,2022-09-02,03,KERCK1G1_7_B2,KERCK1G1_7_B2,KERCK1G1_7_B2,RTPD,MCE,LMP_ENE_PRC,KERCK1G1_7_B2,ALL,1,110.97779,2,58
2022-09-02T10:15:00-00:00,2022-09-02T10:30:00-00:00,2022-09-02,04,KERCK1G1_7_B2,KERCK1G1_7_B2,KERCK1G1_7_B2,RTPD,MCE,LMP_ENE_PRC,KERCK1G1_7_B2,ALL,1,103.79594,2,58
2022-09-02T11:15:00-00:00,2022-09-02T11:30:00-00:00,2022-09-02,05,KERCK1G1_7_B2,KERCK1G1_7_B2,KERCK1G1_7_B2,RTPD,MCE,LMP_ENE_PRC,KERCK1G1_7_B2,ALL,1,97.78757,2,58
2022-09-02T12:15:00-00:00,2022-09-02T12:30:00-00:00,2022-09-02,06,KERCK1G1_7_B2,KERCK1G1_7_B2,KERCK1G1_7_B2,RTPD,MCE,LMP_ENE_PRC,KERCK1G1_7_B2,ALL,1,103.09286,2,58
2022-09-02T13:15:00-00:00,2022-09-02T13:30:00-00:00,2022-09-02,07,KERCK1G1_7_B2,KERCK1G1_7_B2,KERCK1G1_7_B2,RTPD,MCE,LMP_ENE_PRC,KERCK1G1_7_B2,ALL,1,107.56083,2,58
2022-09-02T14:15:00-00:00,2022-09-02T14:30:00-00:00,2022-09-02,08,KERCK1G1_7_B2,KERCK1G1_7_B2,KERCK1G1_7_B2,RTPD,MCE,LMP_ENE_PRC,KERCK1G1_7_B2,ALL,1,106.05854,2,58
2022-09-02T15:15:00-00:00,2022-09-02T15:30:00-00:00,2022-09-02,09,KERCK1G1_7_B2,KERCK1G1_7_B2,KERCK1G1_7_B2,RTPD,MCE,LMP_ENE_PRC,KERCK1G1_7_B2,ALL,1,82.25366,2,58
2022-09-02T16:15:00-00:00,2022-09-02T16:30:00-00:00,2022-09-02,10,KERCK1G1_7_B2,KERCK1G1_7_B2,KERCK1G1_7_B2,RTPD,MCE,LMP_ENE_PRC,KERCK1G1_7_B2,ALL,1,90.79105,2,58
2022-09-02T17:15:00-00:00,2022-09-02T17:30:00-00:00,2022-09-02,11,KERCK1G1_7_B2,KERCK1G1_7_B2,KERCK1G1_7_B2,RTPD,MCE,LMP_ENE_PRC,KERCK1G1_7_B2,ALL,1,102.26623,2,58
2022-09-02T18:15:00-00:00,2022-09-02T18:30:00-00:00,2022-09-02,12,KERCK1G1_7_B2,KERCK1G1_7_B2,KERCK1G1_7_B2,RTPD,MCE,LMP_ENE_PRC,KERCK1G1_7_B2,ALL,1,109.04294,2,58
2022-09-02T19:15:00-00:00,2022-09-02T19:30:00-00:00,2022-09-02,13,KERCK1G1_7_B2,KERCK1G1_7_B2,KERCK1G1_7_B2,RTPD,MCE,LMP_ENE_PRC,KERCK1G1_7_B2,ALL,1,112.13756,2,58
2022-09-02T20:15:00-00:00,2022-09-02T20:30:00-00:00,2022-09-02,14,KERCK1G1_7_B2,KERCK1G1_7_B2,KERCK1G1_7_B2,RTPD,MCE,LMP_ENE_PRC,KERCK1G1_7_B2,ALL,1,116.37216,2,58
2022-09-02T21:15:00-00:00,2022-09-02T21:30:00-00:00,2022-09-02,15,KERCK1G1_7_B2,KERCK1G1_7_B2,KERCK1G1_7_B2,RTPD,MCE,LMP_ENE_PRC,KERCK1G1_7_B2,ALL,1,126.49216,2,58
2022-09-02T22:15:00-00:00,2022-09-02T22:30:00-00:00,2022-09-02,16,KERCK1G1_7_B2,KERCK1G1_7_B2,KERCK1G1_7_B2,RTPD,MCE,LMP_ENE_PRC,KERCK1G1_7_B2,ALL,1,159.30594,2,58
2022-09-02T23:15:00-00:00,2022-09-02T23:30:00-00:00,2022-09-02,17,KERCK1G1_7_B2,KERCK1G1_7_B2,KERCK1G1_7_B2,RTPD,MCE,LMP_ENE_PRC,KERCK1G1_7_B2,ALL,1,147.82425,2,58
2022-09-03T00:15:00-00:00,2022-09-03T00:30:00-00:00,2022-09-02,18,KERCK1G1_7_B2,KERCK1G1_7_B2,KERCK1G1_7_B2,RTPD,MCE,LMP_ENE_PRC,KERCK1G1_7_B2,ALL,1,158.74521,2,58
2022-09-03T01:15:00-00:00,2022-09-03T01:30:00-00:00,2022-09-02,19,KERCK1G1_7_B2,KERCK1G1_7_B2,KERCK1G1_7_B2,RTPD,MCE,LMP_ENE_PRC,KERCK1G1_7_B2,ALL,1,217.12807,2,58
2022-09-03T02:15:00-00:00,2022-09-03T02:30:00-00:00,2022-09-02,20,KERCK1G1_7_B2,KERCK1G1_7_B2,KERCK1G1_7_B2,RTPD,MCE,LMP_ENE_PRC,KERCK1G1_7_B2,ALL,1,199.75978,2,58
2022-09-03T03:15:00-00:00,2022-09-03T03:30:00-00:00,2022-09-02,21,KERCK1G1_7_B2,KERCK1G1_7_B2,KERCK1G1_7_B2,RTPD,MCE,LMP_ENE_PRC,KERCK1G1_7_B2,ALL,1,135.58563,2,58
2022-09-03T04:15:00-00:00,2022-09-03T04:30:00-00:00,2022-09-02,22,KERCK1G1_7_B2,KERCK1G1_7_B2,KERCK1G1_7_B2,RTPD,MCE,LMP_ENE_PRC,KERCK1G1_7_B2,ALL,1,141.76537,2,58
2022-09-03T05:15:00-00:00,2022-09-03T05:30:00-00:00,2022-09-02,23,KERCK1G1_7_B2,KERCK1G1_7_B2,KERCK1G1_7_B2,RTPD,MCE,LMP_ENE_PRC,KERCK1G1_7_B2,ALL,1,133.20816,2,58
2022-09-03T06:15:00-00:00,2022-09-03T06:30:00-00:00,2022-09-02,24,KERCK1G1_7_B2,KERCK1G1_7_B2,KERCK1G1_7_B2,RTPD,MCE,LMP_ENE_PRC,KERCK1G1_7_B2,ALL,1,117.98942,2,58
2022-09-02T07:30:00-00:00,2022-09-02T07:45:00-00:00,2022-09-02,01,KERCK1G1_7_B2,KERCK1G1_7_B2,KERCK1G1_7_B2,RTPD,MCE,LMP_ENE_PRC,KERCK1G1_7_B2,ALL,1,122.04731,3,58
2022-09-02T08:30:00-00:00,2022-09-02T08:45:00-00:00,2022-09-02,02,KERCK1G1_7_B2,KERCK1G1_7_B2,KERCK1G1_7_B2,RTPD,MCE,LMP_ENE_PRC,KERCK1G1_7_B2,ALL,1,110.76908,3,58
2022-09-02T09:30:00-00:00,2022-09-02T09:45:00-00:00,2022-09-02,03,KERCK1G1_7_B2,KERCK1G1_7_B2,KERCK1G1_7_B2,RTPD,MCE,LMP_ENE_PRC,KERCK1G1_7_B2,ALL,1,104.32659,3,58
2022-09-02T10:30:00-00:00,2022-09-02T10:45:00-00:00,2022-09-02,04,KERCK1G1_7_B2,KERCK1G1_7_B2,KERCK1G1_7_B2,RTPD,MCE,LMP_ENE_PRC,KERCK1G1_7_B2,ALL,1,100.57354,3,58
2022-09-02T11:30:00-00:00,2022-09-02T11:45:00-00:00,2022-09-02,05,KERCK1G1_7_B2,KERCK1G1_7_B2,KERCK1G1_7_B2,RTPD,MCE,LMP_ENE_PRC,KERCK1G1_7_B2,ALL,1,99.75045,3,58
2022-09-02T12:30:00-00:00,2022-09-02T12:45:00-00:00,2022-09-02,06,KERCK1G1_7_B2,KERCK1G1_7_B2,KERCK1G1_7_B2,RTPD,MCE,LMP_ENE_PRC,KERCK1G1_7_B2,ALL,1,109.42995,3,58
2022-09-02T13:30:00-00:00,2022-09-02T13:45:00-00:00,2022-09-02,07,KERCK1G1_7_B2,KERCK1G1_7_B2,KERCK1G1_7_B2,RTPD,MCE,LMP_ENE_PRC,KERCK1G1_7_B2,ALL,1,111.49249,3,58
2022-09-02T14:30:00-00:00,2022-09-02T14:45:00-00:00,2022-09-02,08,KERCK1G1_7_B2,KERCK1G1_7_B2,KERCK1G1_7_B2,RTPD,MCE,LMP_ENE_PRC,KERCK1G1_7_B2,ALL,1,96.69992,3,58
2022-09-02T15:30:00-00:00,2022-09-02T15:45:00-00:00,2022-09-02,09,KERCK1G1_7_B2,KERCK1G1_7_B2,KERCK1G1_7_B2,RTPD,MCE,LMP_ENE_PRC,KERCK1G1_7_B2,ALL,1,81.36,3,58
2022-09-02T16:30:00-00:00,2022-09-02T16:45:00-00:00,2022-09-02,10,KERCK1G1_7_B2,KERCK1G1_7_B2,KERCK1G1_7_B2,RTPD,MCE,LMP_ENE_PRC,KERCK1G1_7_B2,ALL,1,89.6042,3,58
2022-09-02T17:30:00-00:00,2022-09-02T17:45:00-00:00,2022-09-02,11,KERCK1G1_7_B2,KERCK1G1_7_B2,KERCK1G1_7_B2,RTPD,MCE,LMP_ENE_PRC,KERCK1G1_7_B2,ALL,1,103.81658,3,58
2022-09-02T18:30:00-00:00,2022-09-02T18:45:00-00:00,2022-09-02,12,KERCK1G1_7_B2,KERCK1G1_7_B2,KERCK1G1_7_B2,RTPD,MCE,LMP_ENE_PRC,KERCK1G1_7_B2,ALL,1,115.4661,3,58
2022-09-02T19:30:00-00:00,2022-09-02T19:45:00-00:00,2022-09-02,13,KERCK1G1_7_B2,KERCK1G1_7_B2,KERCK1G1_7_B2,RTPD,MCE,LMP_ENE_PRC,KERCK1G1_7_B2,ALL,1,119.56031,3,58
2022-09-02T20:30:00-00:00,2022-09-02T20:45:00-00:00,2022-09-02,14,KERCK1G1_7_B2,KERCK1G1_7_B2,KERCK1G1_7_B2,RTPD,MCE,LMP_ENE_PRC,KERCK1G1_7_B2,ALL,1,122.91209,3,58
2022-09-02T21:30:00-00:00,2022-09-02T21:45:00-00:00,2022-09-02,15,KERCK1G1_7_B2,KERCK1G1_7_B2,KERCK1G1_7_B2,RTPD,MCE,LMP_ENE_PRC,KERCK1G1_7_B2,ALL,1,141.03934,3,58
2022-09-02T22:30:00-00:00,2022-09-02T22:45:00-00:00,2022-09-02,16,KERCK1G1_7_B2,KERCK1G1_7_B2,KERCK1G1_7_B2,RTPD,MCE,LMP_ENE_PRC,KERCK1G1_7_B2,ALL,1,183.20744,3,58
2022-09-02T23:30:00-00:00,2022-09-02T23:45:00-00:00,2022-09-02,17,KERCK1G1_7_B2,KERCK1G1_7_B2,KERCK1G1_7_B2,RTPD,MCE,LMP_ENE_PRC,KERCK1G1_7_B2,ALL,1,155.92665,3,58
2022-09-03T00:30:00-00:00,2022-09-03T00:45:00-00:00,2022-09-02,18,KERCK1G1_7_B2,KERCK1G1_7_B2,KERCK1G1_7_B2,RTPD,MCE,LMP_ENE_PRC,KERCK1G1_7_B2,ALL,1,234.42892,3,58
2022-09-03T01:30:00-00:00,2022-09-03T01:45:00-00:00,2022-09-02,19,KERCK1G1_7_B2,KERCK1G1_7_B2,KERCK1G1_7_B2,RTPD,MCE,LMP_ENE_PRC,KERCK1G1_7_B2,ALL,1,250.41255,3,58
2022-09-03T02:30:00-00:00,2022-09-03T02:45:00-00:00,2022-09-02,20,KERCK1G1_7_B2,KERCK1G1_7_B2,KERCK1G1_7_B2,RTPD,MCE,LMP_ENE_PRC,KERCK1G1_7_B2,ALL,1,177.62263,3,58
2022-09-03T03:30:00-00:00,2022-09-03T03:45:00-00:00,2022-09-02,21,KERCK1G1_7_B2,KERCK1G1_7_B2,KERCK1G1_7_B2,RTPD,MCE,LMP_ENE_PRC,KERCK1G1_7_B2,ALL,1,128.61655,3,58
2022-09-03T04:30:00-00:00,2022-09-03T04:45:00-00:00,2022-09-02,22,KERCK1G1_7_B2,KERCK1G1_7_B2,KERCK1G1_7_B2,RTPD,MCE,LMP_ENE_PRC,KERCK1G1_7_B2,ALL,1,132.2016,3,58
2022-09-03T05:30:00-00:00,2022-09-03T05:45:00-00:00,2022-09-02,23,KERCK1G1_7_B2,KERCK1G1_7_B2,KERCK1G1_7_B2,RTPD,MCE,LMP_ENE_PRC,KERCK1G1_7_B2,ALL,1,128.32014,3,58
2022-09-03T06:30:00-00:00,2022-09-03T06:45:00-00:00,2022-09-02,24,KERCK1G1_7_B2,KERCK1G1_7_B2,KERCK1G1_7_B2,RTPD,MCE,LMP_ENE_PRC,KERCK1G1_7_B2,ALL,1,111.22985,3,58
2022-09-02T07:45:00-00:00,2022-09-02T08:00:00-00:00,2022-09-02,01,KERCK1G1_7_B2,KERCK1G1_7_B2,KERCK1G1_7_B2,RTPD,MCE,LMP_ENE_PRC,KERCK1G1_7_B2,ALL,1,101.38693,4,58
2022-09-02T08:45:00-00:00,2022-09-02T09:00:00-00:00,2022-09-02,02,KERCK1G1_7_B2,KERCK1G1_7_B2,KERCK1G1_7_B2,RTPD,MCE,LMP_ENE_PRC,KERCK1G1_7_B2,ALL,1,98.45906,4,58
2022-09-02T09:45:00-00:00,2022-09-02T10:00:00-00:00,2022-09-02,03,KERCK1G1_7_B2,KERCK1G1_7_B2,KERCK1G1_7_B2,RTPD,MCE,LMP_ENE_PRC,KERCK1G1_7_B2,ALL,1,97.29051,4,58
2022-09-02T10:45:00-00:00,2022-09-02T11:00:00-00:00,2022-09-02,04,KERCK1G1_7_B2,KERCK1G1_7_B2,KERCK1G1_7_B2,RTPD,MCE,LMP_ENE_PRC,KERCK1G1_7_B2,ALL,1,97.62383,4,58
2022-09-02T11:45:00-00:00,2022-09-02T12:00:00-00:00,2022-09-02,05,KERCK1G1_7_B2,KERCK1G1_7_B2,KERCK1G1_7_B2,RTPD,MCE,LMP_ENE_PRC,KERCK1G1_7_B2,ALL,1,97.15303,4,58
2022-09-02T12:45:00-00:00,2022-09-02T13:00:00-00:00,2022-09-02,06,KERCK1G1_7_B2,KERCK1G1_7_B2,KERCK1G1_7_B2,RTPD,MCE,LMP_ENE_PRC,KERCK1G1_7_B2,ALL,1,108.08756,4,58
2022-09-02T13:45:00-00:00,2022-09-02T14:00:00-00:00,2022-09-02,07,KERCK1G1_7_B2,KERCK1G1_7_B2,KERCK1G1_7_B2,RTPD,MCE,LMP_ENE_PRC,KERCK1G1_7_B2,ALL,1,105.08817,4,58
2022-09-02T14:45:00-00:00,2022-09-02T15:00:00-00:00,2022-09-02,08,KERCK1G1_7_B2,KERCK1G1_7_B2,KERCK1G1_7_B2,RTPD,MCE,LMP_ENE_PRC,KERCK1G1_7_B2,ALL,1,82.36478,4,58
2022-09-02T15:45:00-00:00,2022-09-02T16:00:00-00:00,2022-09-02,09,KERCK1G1_7_B2,KERCK1G1_7_B2,KERCK1G1_7_B2,RTPD,MCE,LMP_ENE_PRC,KERCK1G1_7_B2,ALL,1,81.41035,4,58
2022-09-02T16:45:00-00:00,2022-09-02T17:00:00-00:00,2022-09-02,10,KERCK1G1_7_B2,KERCK1G1_7_B2,KERCK1G1_7_B2,RTPD,MCE,LMP_ENE_PRC,KERCK1G1_7_B2,ALL,1,93.83783,4,58
2022-09-02T17:45:00-00:00,2022-09-02T18:00:00-00:00,2022-09-02,11,KERCK1G1_7_B2,KERCK1G1_7_B2,KERCK1G1_7_B2,RTPD,MCE,LMP_ENE_PRC,KERCK1G1_7_B2,ALL,1,106.61714,4,58
2022-09-02T18:45:00-00:00,2022-09-02T19:00:00-00:00,2022-09-02,12,KERCK1G1_7_B2,KERCK1G1_7_B2,KERCK1G1_7_B2,RTPD,MCE,LMP_ENE_PRC,KERCK1G1_7_B2,ALL,1,123.03125,4,58
2022-09-02T19:45:00-00:00,2022-09-02T20:00:00-00:00,2022-09-02,13,KERCK1G1_7_B2,KERCK1G1_7_B2,KERCK1G1_7_B2,RTPD,MCE,LMP_ENE_PRC,KERCK1G1_7_B2,ALL,1,135.46436,4,58
2022-09-02T20:45:00-00:00,2022-09-02T21:00:00-00:00,2022-09-02,14,KERCK1G1_7_B2,KERCK1G1_7_B2,KERCK1G1_7_B2,RTPD,MCE,LMP_ENE_PRC,KERCK1G1_7_B2,ALL,1,146.96742,4,58
2022-09-02T21:45:00-00:00,2022-09-02T22:00:00-00:00,2022-09-02,15,KERCK1G1_7_B2,KERCK1G1_7_B2,KERCK1G1_7_B2,RTPD,MCE,LMP_ENE_PRC,KERCK1G1_7_B2,ALL,1,181.80174,4,58
2022-09-02T22:45:00-00:00,2022-09-02T23:00:00-00:00,2022-09-02,16,KERCK1G1_7_B2,KERCK1G1_7_B2,KERCK1G1_7_B2,RTPD,MCE,LMP_ENE_PRC,KERCK1G1_7_B2,ALL,1,269.30835,4,58
2022-09-02T23:45:00-00:00,2022-09-03T00:00:00-00:00,2022-09-02,17,KERCK1G1_7_B2,KERCK1G1_7_B2,KERCK1G1_7_B2,RTPD,MCE,LMP_ENE_PRC,KERCK1G1_7_B2,ALL,1,287.1113,4,58
2022-09-03T00:45:00-00:00,2022-09-03T01:00:00-00:00,2022-09-02,18,KERCK1G1_7_B2,KERCK1G1_7_B2,KERCK1G1_7_B2,RTPD,MCE,LMP_ENE_PRC,KERCK1G1_7_B2,ALL,1,242.16634,4,58
2022-09-03T01:45:00-00:00,2022-09-03T02:00:00-00:00,2022-09-02,19,KERCK1G1_7_B2,KERCK1G1_7_B2,KERCK1G1_7_B2,RTPD,MCE,LMP_ENE_PRC,KERCK1G1_7_B2,ALL,1,304.55594,4,58
2022-09-03T02:45:00-00:00,2022-09-03T03:00:00-00:00,2022-09-02,20,KERCK1G1_7_B2,KERCK1G1_7_B2,KERCK1G1_7_B2,RTPD,MCE,LMP_ENE_PRC,KERCK1G1_7_B2,ALL,1,152.03519,4,58
2022-09-03T03:45:00-00:00,2022-09-03T04:00:00-00:00,2022-09-02,21,KERCK1G1_7_B2,KERCK1G1_7_B2,KERCK1G1_7_B2,RTPD,MCE,LMP_ENE_PRC,KERCK1G1_7_B2,ALL,1,120.27765,4,58
2022-09-03T04:45:00-00:00,2022-09-03T05:00:00-00:00,2022-09-02,22,KERCK1G1_7_B2,KERCK1G1_7_B2,KERCK1G1_7_B2,RTPD,MCE,LMP_ENE_PRC,KERCK1G1_7_B2,ALL,1,111.14984,4,58
2022-09-03T05:45:00-00:00,2022-09-03T06:00:00-00:00,2022-09-02,23,KERCK1G1_7_B2,KERCK1G1_7_B2,KERCK1G1_7_B2,RTPD,MCE,LMP_ENE_PRC,KERCK1G1_7_B2,ALL,1,104.16199,4,58
2022-09-03T06:45:00-00:00,2022-09-03T07:00:00-00:00,2022-09-02,24,KERCK1G1_7_B2,KERCK1G1_7_B2,KERCK1G1_7_B2,RTPD,MCE,LMP_ENE_PRC,KERCK1G1_7_B2,ALL,1,95.41536,4,58
2022-09-02T07:00:00-00:00,2022-09-02T07:15:00-00:00,2022-09-02,01,KERCK1G1_7_B2,KERCK1G1_7_B2,KERCK1G1_7_B2,RTPD,MCL,LMP_LOSS_PRC,KERCK1G1_7_B2,ALL,1,10.09636,1,59
2022-09-02T08:00:00-00:00,2022-09-02T08:15:00-00:00,2022-09-02,02,KERCK1G1_7_B2,KERCK1G1_7_B2,KERCK1G1_7_B2,RTPD,MCL,LMP_LOSS_PRC,KERCK1G1_7_B2,ALL,1,15.88407,1,59
2022-09-02T09:00:00-00:00,2022-09-02T09:15:00-00:00,2022-09-02,03,KERCK1G1_7_B2,KERCK1G1_7_B2,KERCK1G1_7_B2,RTPD,MCL,LMP_LOSS_PRC,KERCK1G1_7_B2,ALL,1,15.89534,1,59
2022-09-02T10:00:00-00:00,2022-09-02T10:15:00-00:00,2022-09-02,04,KERCK1G1_7_B2,KERCK1G1_7_B2,KERCK1G1_7_B2,RTPD,MCL,LMP_LOSS_PRC,KERCK1G1_7_B2,ALL,1,13.76954,1,59
2022-09-02T11:00:00-00:00,2022-09-02T11:15:00-00:00,2022-09-02,05,KERCK1G1_7_B2,KERCK1G1_7_B2,KERCK1G1_7_B2,RTPD,MCL,LMP_LOSS_PRC,KERCK1G1_7_B2,ALL,1,0,1,59
2022-09-02T12:00:00-00:00,2022-09-02T12:15:00-00:00,2022-09-02,06,KERCK1G1_7_B2,KERCK1G1_7_B2,KERCK1G1_7_B2,RTPD,MCL,LMP_LOSS_PRC,KERCK1G1_7_B2,ALL,1,0,1,59
2022-09-02T13:00:00-00:00,2022-09-02T13:15:00-00:00,2022-09-02,07,KERCK1G1_7_B2,KERCK1G1_7_B2,KERCK1G1_7_B2,RTPD,MCL,LMP_LOSS_PRC,KERCK1G1_7_B2,ALL,1,0,1,59
2022-09-02T14:00:00-00:00,2022-09-02T14:15:00-00:00,2022-09-02,08,KERCK1G1_7_B2,KERCK1G1_7_B2,KERCK1G1_7_B2,RTPD,MCL,LMP_LOSS_PRC,KERCK1G1_7_B2,ALL,1,16.46428,1,59
2022-09-02T15:00:00-00:00,2022-09-02T15:15:00-00:00,2022-09-02,09,KERCK1G1_7_B2,KERCK1G1_7_B2,KERCK1G1_7_B2,RTPD,MCL,LMP_LOSS_PRC,KERCK1G1_7_B2,ALL,1,10.40694,1,59
2022-09-02T16:00:00-00:00,2022-09-02T16:15:00-00:00,2022-09-02,10,KERCK1G1_7_B2,KERCK1G1_7_B2,KERCK1G1_7_B2,RTPD,MCL,LMP_LOSS_PRC,KERCK1G1_7_B2,ALL,1,11.44936,1,59
2022-09-02T17:00:00-00:00,2022-09-02T17:15:00-00:00,2022-09-02,11,KERCK1G1_7_B2,KERCK1G1_7_B2,KERCK1G1_7_B2,RTPD,MCL,LMP_LOSS_PRC,KERCK1G1_7_B2,ALL,1,11.11206,1,59
2022-09-02T18:00:00-00:00,2022-09-02T18:15:00-00:00,2022-09-02,12,KERCK1G1_7_B2,KERCK1G1_7_B2,KERCK1G1_7_B2,RTPD,MCL,LMP_LOSS_PRC,KERCK1G1_7_B2,ALL,1,7.61059,1,59
2022-09-02T19:00:00-00:00,2022-09-02T19:15:00-00:00,2022-09-02,13,KERCK1G1_7_B2,KERCK1G1_7_B2,KERCK1G1_7_B2,RTPD,MCL,LMP_LOSS_PRC,KERCK1G1_7_B2,ALL,1,2.04402,1,59
2022-09-02T20:00:00-00:00,2022-09-02T20:15:00-00:00,2022-09-02,14,KERCK1G1_7_B2,KERCK1G1_7_B2,KERCK1G1_7_B2,RTPD,MCL,LMP_LOSS_PRC,KERCK1G1_7_B2,ALL,1,-1.20177,1,59
2022-09-02T21:00:00-00:00,2022-09-02T21:15:00-00:00,2022-09-02,15,KERCK1G1_7_B2,KERCK1G1_7_B2,KERCK1G1_7_B2,RTPD,MCL,LMP_LOSS_PRC,KERCK1G1_7_B2,ALL,1,-2.07749,1,59
2022-09-02T22:00:00-00:00,2022-09-02T22:15:00-00:00,2022-09-02,16,KERCK1G1_7_B2,KERCK1G1_7_B2,KERCK1G1_7_B2,RTPD,MCL,LMP_LOSS_PRC,KERCK1G1_7_B2,ALL,1,2.64421,1,59
2022-09-02T23:00:00-00:00,2022-09-02T23:15:00-00:00,2022-09-02,17,KERCK1G1_7_B2,KERCK1G1_7_B2,KERCK1G1_7_B2,RTPD,MCL,LMP_LOSS_PRC,KERCK1G1_7_B2,ALL,1,3.12036,1,59
2022-09-03T00:00:00-00:00,2022-09-03T00:15:00-00:00,2022-09-02,18,KERCK1G1_7_B2,KERCK1G1_7_B2,KERCK1G1_7_B2,RTPD,MCL,LMP_LOSS_PRC,KERCK1G1_7_B2,ALL,1,12.15452,1,59
2022-09-03T01:00:00-00:00,2022-09-03T01:15:00-00:00,2022-09-02,19,KERCK1G1_7_B2,KERCK1G1_7_B2,KERCK1G1_7_B2,RTPD,MCL,LMP_LOSS_PRC,KERCK1G1_7_B2,ALL,1,0,1,59
2022-09-03T02:00:00-00:00,2022-09-03T02:15:00-00:00,2022-09-02,20,KERCK1G1_7_B2,KERCK1G1_7_B2,KERCK1G1_7_B2,RTPD,MCL,LMP_LOSS_PRC,KERCK1G1_7_B2,ALL,1,16.96335,1,59
2022-09-03T03:00:00-00:00,2022-09-03T03:15:00-00:00,2022-09-02,21,KERCK1G1_7_B2,KERCK1G1_7_B2,KERCK1G1_7_B2,RTPD,MCL,LMP_LOSS_PRC,KERCK1G1_7_B2,ALL,1,23.72482,1,59
2022-09-03T04:00:00-00:00,2022-09-03T04:15:00-00:00,2022-09-02,22,KERCK1G1_7_B2,KERCK1G1_7_B2,KERCK1G1_7_B2,RTPD,MCL,LMP_LOSS_PRC,KERCK1G1_7_B2,ALL,1,27.91955,1,59
2022-09-03T05:00:00-00:00,2022-09-03T05:15:00-00:00,2022-09-02,23,KERCK1G1_7_B2,KERCK1G1_7_B2,KERCK1G1_7_B2,RTPD,MCL,LMP_LOSS_PRC,KERCK1G1_7_B2,ALL,1,25.48733,1,59
2022-09-03T06:00:00-00:00,2022-09-03T06:15:00-00:00,2022-09-02,24,KERCK1G1_7_B2,KERCK1G1_7_B2,KERCK1G1_7_B2,RTPD,MCL,LMP_LOSS_PRC,KERCK1G1_7_B2,ALL,1,23.51104,1,59
2022-09-02T07:15:00-00:00,2022-09-02T07:30:00-00:00,2022-09-02,01,KERCK1G1_7_B2,KERCK1G1_7_B2,KERCK1G1_7_B2,RTPD,MCL,LMP_LOSS_PRC,KERCK1G1_7_B2,ALL,1,11.33221,2,59
2022-09-02T08:15:00-00:00,2022-09-02T08:30:00-00:00,2022-09-02,02,KERCK1G1_7_B2,KERCK1G1_7_B2,KERCK1G1_7_B2,RTPD,MCL,LMP_LOSS_PRC,KERCK1G1_7_B2,ALL,1,15.2629,2,59
2022-09-02T09:15:00-00:00,2022-09-02T09:30:00-00:00,2022-09-02,03,KERCK1G1_7_B2,KERCK1G1_7_B2,KERCK1G1_7_B2,RTPD,MCL,LMP_LOSS_PRC,KERCK1G1_7_B2,ALL,1,15.34823,2,59
2022-09-02T10:15:00-00:00,2022-09-02T10:30:00-00:00,2022-09-02,04,KERCK1G1_7_B2,KERCK1G1_7_B2,KERCK1G1_7_B2,RTPD,MCL,LMP_LOSS_PRC,KERCK1G1_7_B2,ALL,1,13.86714,2,59
2022-09-02T11:15:00-00:00,2022-09-02T11:30:00-00:00,2022-09-02,05,KERCK1G1_7_B2,KERCK1G1_7_B2,KERCK1G1_7_B2,RTPD,MCL,LMP_LOSS_PRC,KERCK1G1_7_B2,ALL,1,0,2,59
2022-09-02T12:15:00-00:00,2022-09-02T12:30:00-00:00,2022-09-02,06,KERCK1G1_7_B2,KERCK1G1_7_B2,KERCK1G1_7_B2,RTPD,MCL,LMP_LOSS_PRC,KERCK1G1_7_B2,ALL,1,0,2,59
2022-09-02T13:15:00-00:00,2022-09-02T13:30:00-00:00,2022-09-02,07,KERCK1G1_7_B2,KERCK1G1_7_B2,KERCK1G1_7_B2,RTPD,MCL,LMP_LOSS_PRC,KERCK1G1_7_B2,ALL,1,0,2,59
2022-09-02T14:15:00-00:00,2022-09-02T14:30:00-00:00,2022-09-02,08,KERCK1G1_7_B2,KERCK1G1_7_B2,KERCK1G1_7_B2,RTPD,MCL,LMP_LOSS_PRC,KERCK1G1_7_B2,ALL,1,17.11785,2,59
2022-09-02T15:15:00-00:00,2022-09-02T15:30:00-00:00,2022-09-02,09,KERCK1G1_7_B2,KERCK1G1_7_B2,KERCK1G1_7_B2,RTPD,MCL,LMP_LOSS_PRC,KERCK1G1_7_B2,ALL,1,0,2,59
2022-09-02T16:15:00-00:00,2022-09-02T16:30:00-00:00,2022-09-02,10,KERCK1G1_7_B2,KERCK1G1_7_B2,KERCK1G1_7_B2,RTPD,MCL,LMP_LOSS_PRC,KERCK1G1_7_B2,ALL,1,11.17638,2,59
2022-09-02T17:15:00-00:00,2022-09-02T17:30:00-00:00,2022-09-02,11,KERCK1G1_7_B2,KERCK1G1_7_B2,KERCK1G1_7_B2,RTPD,MCL,LMP_LOSS_PRC,KERCK1G1_7_B2,ALL,1,11.96515,2,59
2022-09-02T18:15:00-00:00,2022-09-02T18:30:00-00:00,2022-09-02,12,KERCK1G1_7_B2,KERCK1G1_7_B2,KERCK1G1_7_B2,RTPD,MCL,LMP_LOSS_PRC,KERCK1G1_7_B2,ALL,1,8.14551,2,59
2022-09-02T19:15:00-00:00,2022-09-02T19:30:00-00:00,2022-09-02,13,KERCK1G1_7_B2,KERCK1G1_7_B2,KERCK1G1_7_B2,RTPD,MCL,LMP_LOSS_PRC,KERCK1G1_7_B2,ALL,1,2.34367,2,59
2022-09-02T20:15:00-00:00,2022-09-02T20:30:00-00:00,2022-09-02,14,KERCK1G1_7_B2,KERCK1G1_7_B2,KERCK1G1_7_B2,RTPD,MCL,LMP_LOSS_PRC,KERCK1G1_7_B2,ALL,1,-0.80297,2,59
2022-09-02T21:15:00-00:00,2022-09-02T21:30:00-00:00,2022-09-02,15,KERCK1G1_7_B2,KERCK1G1_7_B2,KERCK1G1_7_B2,RTPD,MCL,LMP_LOSS_PRC,KERCK1G1_7_B2,ALL,1,-1.98593,2,59
2022-09-02T22:15:00-00:00,2022-09-02T22:30:00-00:00,2022-09-02,16,KERCK1G1_7_B2,KERCK1G1_7_B2,KERCK1G1_7_B2,RTPD,MCL,LMP_LOSS_PRC,KERCK1G1_7_B2,ALL,1,3.58438,2,59
2022-09-02T23:15:00-00:00,2022-09-02T23:30:00-00:00,2022-09-02,17,KERCK1G1_7_B2,KERCK1G1_7_B2,KERCK1G1_7_B2,RTPD,MCL,LMP_LOSS_PRC,KERCK1G1_7_B2,ALL,1,3.93212,2,59
2022-09-03T00:15:00-00:00,2022-09-03T00:30:00-00:00,2022-09-02,18,KERCK1G1_7_B2,KERCK1G1_7_B2,KERCK1G1_7_B2,RTPD,MCL,LMP_LOSS_PRC,KERCK1G1_7_B2,ALL,1,8.81036,2,59
2022-09-03T01:15:00-00:00,2022-09-03T01:30:00-00:00,2022-09-02,19,KERCK1G1_7_B2,KERCK1G1_7_B2,KERCK1G1_7_B2,RTPD,MCL,LMP_LOSS_PRC,KERCK1G1_7_B2,ALL,1,0,2,59
2022-09-03T02:15:00-00:00,2022-09-03T02:30:00-00:00,2022-09-02,20,KERCK1G1_7_B2,KERCK1G1_7_B2,KERCK1G1_7_B2,RTPD,MCL,LMP_LOSS_PRC,KERCK1G1_7_B2,ALL,1,17.97838,2,59
2022-09-03T03:15:00-00:00,2022-09-03T03:30:00-00:00,2022-09-02,21,KERCK1G1_7_B2,KERCK1G1_7_B2,KERCK1G1_7_B2,RTPD,MCL,LMP_LOSS_PRC,KERCK1G1_7_B2,ALL,1,22.57501,2,59
2022-09-03T04:15:00-00:00,2022-09-03T04:30:00-00:00,2022-09-02,22,KERCK1G1_7_B2,KERCK1G1_7_B2,KERCK1G1_7_B2,RTPD,MCL,LMP_LOSS_PRC,KERCK1G1_7_B2,ALL,1,23.87329,2,59
2022-09-03T05:15:00-00:00,2022-09-03T05:30:00-00:00,2022-09-02,23,KERCK1G1_7_B2,KERCK1G1_7_B2,KERCK1G1_7_B2,RTPD,MCL,LMP_LOSS_PRC,KERCK1G1_7_B2,ALL,1,21.48648,2,59
2022-09-03T06:15:00-00:00,2022-09-03T06:30:00-00:00,2022-09-02,24,KERCK1G1_7_B2,KERCK1G1_7_B2,KERCK1G1_7_B2,RTPD,MCL,LMP_LOSS_PRC,KERCK1G1_7_B2,ALL,1,18.71312,2,59
2022-09-02T07:30:00-00:00,2022-09-02T07:45:00-00:00,2022-09-02,01,KERCK1G1_7_B2,KERCK1G1_7_B2,KERCK1G1_7_B2,RTPD,MCL,LMP_LOSS_PRC,KERCK1G1_7_B2,ALL,1,11.0819,3,59
2022-09-02T08:30:00-00:00,2022-09-02T08:45:00-00:00,2022-09-02,02,KERCK1G1_7_B2,KERCK1G1_7_B2,KERCK1G1_7_B2,RTPD,MCL,LMP_LOSS_PRC,KERCK1G1_7_B2,ALL,1,14.75444,3,59
2022-09-02T09:30:00-00:00,2022-09-02T09:45:00-00:00,2022-09-02,03,KERCK1G1_7_B2,KERCK1G1_7_B2,KERCK1G1_7_B2,RTPD,MCL,LMP_LOSS_PRC,KERCK1G1_7_B2,ALL,1,14.27188,3,59
2022-09-02T10:30:00-00:00,2022-09-02T10:45:00-00:00,2022-09-02,04,KERCK1G1_7_B2,KERCK1G1_7_B2,KERCK1G1_7_B2,RTPD,MCL,LMP_LOSS_PRC,KERCK1G1_7_B2,ALL,1,13.29582,3,59
2022-09-02T11:30:00-00:00,2022-09-02T11:45:00-00:00,2022-09-02,05,KERCK1G1_7_B2,KERCK1G1_7_B2,KERCK1G1_7_B2,RTPD,MCL,LMP_LOSS_PRC,KERCK1G1_7_B2,ALL,1,0,3,59
2022-09-02T12:30:00-00:00,2022-09-02T12:45:00-00:00,2022-09-02,06,KERCK1G1_7_B2,KERCK1G1_7_B2,KERCK1G1_7_B2,RTPD,MCL,LMP_LOSS_PRC,KERCK1G1_7_B2,ALL,1,0,3,59
2022-09-02T13:30:00-00:00,2022-09-02T13:45:00-00:00,2022-09-02,07,KERCK1G1_7_B2,KERCK1G1_7_B2,KERCK1G1_7_B2,RTPD,MCL,LMP_LOSS_PRC,KERCK1G1_7_B2,ALL,1,0,3,59
2022-09-02T14:30:00-00:00,2022-09-02T14:45:00-00:00,2022-09-02,08,KERCK1G1_7_B2,KERCK1G1_7_B2,KERCK1G1_7_B2,RTPD,MCL,LMP_LOSS_PRC,KERCK1G1_7_B2,ALL,1,12.63868,3,59
2022-09-02T15:30:00-00:00,2022-09-02T15:45:00-00:00,2022-09-02,09,KERCK1G1_7_B2,KERCK1G1_7_B2,KERCK1G1_7_B2,RTPD,MCL,LMP_LOSS_PRC,KERCK1G1_7_B2,ALL,1,0,3,59
2022-09-02T16:30:00-00:00,2022-09-02T16:45:00-00:00,2022-09-02,10,KERCK1G1_7_B2,KERCK1G1_7_B2,KERCK1G1_7_B2,RTPD,MCL,LMP_LOSS_PRC,KERCK1G1_7_B2,ALL,1,11.093,3,59
2022-09-02T17:30:00-00:00,2022-09-02T17:45:00-00:00,2022-09-02,11,KERCK1G1_7_B2,KERCK1G1_7_B2,KERCK1G1_7_B2,RTPD,MCL,LMP_LOSS_PRC,KERCK1G1_7_B2,ALL,1,9.08395,3,59
2022-09-02T18:30:00-00:00,2022-09-02T18:45:00-00:00,2022-09-02,12,KERCK1G1_7_B2,KERCK1G1_7_B2,KERCK1G1_7_B2,RTPD,MCL,LMP_LOSS_PRC,KERCK1G1_7_B2,ALL,1,6.61621,3,59
2022-09-02T19:30:00-00:00,2022-09-02T19:45:00-00:00,2022-09-02,13,KERCK1G1_7_B2,KERCK1G1_7_B2,KERCK1G1_7_B2,RTPD,MCL,LMP_LOSS_PRC,KERCK1G1_7_B2,ALL,1,1.17169,3,59
2022-09-02T20:30:00-00:00,2022-09-02T20:45:00-00:00,2022-09-02,14,KERCK1G1_7_B2,KERCK1G1_7_B2,KERCK1G1_7_B2,RTPD,MCL,LMP_LOSS_PRC,KERCK1G1_7_B2,ALL,1,-0.03687,3,59
2022-09-02T21:30:00-00:00,2022-09-02T21:45:00-00:00,2022-09-02,15,KERCK1G1_7_B2,KERCK1G1_7_B2,KERCK1G1_7_B2,RTPD,MCL,LMP_LOSS_PRC,KERCK1G1_7_B2,ALL,1,-3.76575,3,59
2022-09-02T22:30:00-00:00,2022-09-02T22:45:00-00:00,2022-09-02,16,KERCK1G1_7_B2,KERCK1G1_7_B2,KERCK1G1_7_B2,RTPD,MCL,LMP_LOSS_PRC,KERCK1G1_7_B2,ALL,1,4.12217,3,59
2022-09-02T23:30:00-00:00,2022-09-02T23:45:00-00:00,2022-09-02,17,KERCK1G1_7_B2,KERCK1G1_7_B2,KERCK1G1_7_B2,RTPD,MCL,LMP_LOSS_PRC,KERCK1G1_7_B2,ALL,1,1.10708,3,59
2022-09-03T00:30:00-00:00,2022-09-03T00:45:00-00:00,2022-09-02,18,KERCK1G1_7_B2,KERCK1G1_7_B2,KERCK1G1_7_B2,RTPD,MCL,LMP_LOSS_PRC,KERCK1G1_7_B2,ALL,1,0,3,59
2022-09-03T01:30:00-00:00,2022-09-03T01:45:00-00:00,2022-09-02,19,KERCK1G1_7_B2,KERCK1G1_7_B2,KERCK1G1_7_B2,RTPD,MCL,LMP_LOSS_PRC,KERCK1G1_7_B2,ALL,1,0,3,59
2022-09-03T02:30:00-00:00,2022-09-03T02:45:00-00:00,2022-09-02,20,KERCK1G1_7_B2,KERCK1G1_7_B2,KERCK1G1_7_B2,RTPD,MCL,LMP_LOSS_PRC,KERCK1G1_7_B2,ALL,1,16.21695,3,59
2022-09-03T03:30:00-00:00,2022-09-03T03:45:00-00:00,2022-09-02,21,KERCK1G1_7_B2,KERCK1G1_7_B2,KERCK1G1_7_B2,RTPD,MCL,LMP_LOSS_PRC,KERCK1G1_7_B2,ALL,1,20.46289,3,59
2022-09-03T04:30:00-00:00,2022-09-03T04:45:00-00:00,2022-09-02,22,KERCK1G1_7_B2,KERCK1G1_7_B2,KERCK1G1_7_B2,RTPD,MCL,LMP_LOSS_PRC,KERCK1G1_7_B2,ALL,1,22.36851,3,59
2022-09-03T05:30:00-00:00,2022-09-03T05:45:00-00:00,2022-09-02,23,KERCK1G1_7_B2,KERCK1G1_7_B2,KERCK1G1_7_B2,RTPD,MCL,LMP_LOSS_PRC,KERCK1G1_7_B2,ALL,1,20.4414,3,59
2022-09-03T06:30:00-00:00,2022-09-03T06:45:00-00:00,2022-09-02,24,KERCK1G1_7_B2,KERCK1G1_7_B2,KERCK1G1_7_B2,RTPD,MCL,LMP_LOSS_PRC,KERCK1G1_7_B2,ALL,1,16.56213,3,59
2022-09-02T07:45:00-00:00,2022-09-02T08:00:00-00:00,2022-09-02,01,KERCK1G1_7_B2,KERCK1G1_7_B2,KERCK1G1_7_B2,RTPD,MCL,LMP_LOSS_PRC,KERCK1G1_7_B2,ALL,1,8.55706,4,59
2022-09-02T08:45:00-00:00,2022-09-02T09:00:00-00:00,2022-09-02,02,KERCK1G1_7_B2,KERCK1G1_7_B2,KERCK1G1_7_B2,RTPD,MCL,LMP_LOSS_PRC,KERCK1G1_7_B2,ALL,1,12.57322,4,59
2022-09-02T09:45:00-00:00,2022-09-02T10:00:00-00:00,2022-09-02,03,KERCK1G1_7_B2,KERCK1G1_7_B2,KERCK1G1_7_B2,RTPD,MCL,LMP_LOSS_PRC,KERCK1G1_7_B2,ALL,1,12.91045,4,59
2022-09-02T10:45:00-00:00,2022-09-02T11:00:00-00:00,2022-09-02,04,KERCK1G1_7_B2,KERCK1G1_7_B2,KERCK1G1_7_B2,RTPD,MCL,LMP_LOSS_PRC,KERCK1G1_7_B2,ALL,1,12.43728,4,59
2022-09-02T11:45:00-00:00,2022-09-02T12:00:00-00:00,2022-09-02,05,KERCK1G1_7_B2,KERCK1G1_7_B2,KERCK1G1_7_B2,RTPD,MCL,LMP_LOSS_PRC,KERCK1G1_7_B2,ALL,1,12.33843,4,59
2022-09-02T12:45:00-00:00,2022-09-02T13:00:00-00:00,2022-09-02,06,KERCK1G1_7_B2,KERCK1G1_7_B2,KERCK1G1_7_B2,RTPD,MCL,LMP_LOSS_PRC,KERCK1G1_7_B2,ALL,1,0,4,59
2022-09-02T13:45:00-00:00,2022-09-02T14:00:00-00:00,2022-09-02,07,KERCK1G1_7_B2,KERCK1G1_7_B2,KERCK1G1_7_B2,RTPD,MCL,LMP_LOSS_PRC,KERCK1G1_7_B2,ALL,1,0,4,59
2022-09-02T14:45:00-00:00,2022-09-02T15:00:00-00:00,2022-09-02,08,KERCK1G1_7_B2,KERCK1G1_7_B2,KERCK1G1_7_B2,RTPD,MCL,LMP_LOSS_PRC,KERCK1G1_7_B2,ALL,1,11.20161,4,59
2022-09-02T15:45:00-00:00,2022-09-02T16:00:00-00:00,2022-09-02,09,KERCK1G1_7_B2,KERCK1G1_7_B2,KERCK1G1_7_B2,RTPD,MCL,LMP_LOSS_PRC,KERCK1G1_7_B2,ALL,1,12.34181,4,59
2022-09-02T16:45:00-00:00,2022-09-02T17:00:00-00:00,2022-09-02,10,KERCK1G1_7_B2,KERCK1G1_7_B2,KERCK1G1_7_B2,RTPD,MCL,LMP_LOSS_PRC,KERCK1G1_7_B2,ALL,1,11.67343,4,59
2022-09-02T17:45:00-00:00,2022-09-02T18:00:00-00:00,2022-09-02,11,KERCK1G1_7_B2,KERCK1G1_7_B2,KERCK1G1_7_B2,RTPD,MCL,LMP_LOSS_PRC,KERCK1G1_7_B2,ALL,1,8.8279,4,59
2022-09-02T18:45:00-00:00,2022-09-02T19:00:00-00:00,2022-09-02,12,KERCK1G1_7_B2,KERCK1G1_7_B2,KERCK1G1_7_B2,RTPD,MCL,LMP_LOSS_PRC,KERCK1G1_7_B2,ALL,1,7.62794,4,59
2022-09-02T19:45:00-00:00,2022-09-02T20:00:00-00:00,2022-09-02,13,KERCK1G1_7_B2,KERCK1G1_7_B2,KERCK1G1_7_B2,RTPD,MCL,LMP_LOSS_PRC,KERCK1G1_7_B2,ALL,1,2.57382,4,59
2022-09-02T20:45:00-00:00,2022-09-02T21:00:00-00:00,2022-09-02,14,KERCK1G1_7_B2,KERCK1G1_7_B2,KERCK1G1_7_B2,RTPD,MCL,LMP_LOSS_PRC,KERCK1G1_7_B2,ALL,1,0.96999,4,59
2022-09-02T21:45:00-00:00,2022-09-02T22:00:00-00:00,2022-09-02,15,KERCK1G1_7_B2,KERCK1G1_7_B2,KERCK1G1_7_B2,RTPD,MCL,LMP_LOSS_PRC,KERCK1G1_7_B2,ALL,1,-4.18144,4,59
2022-09-02T22:45:00-00:00,2022-09-02T23:00:00-00:00,2022-09-02,16,KERCK1G1_7_B2,KERCK1G1_7_B2,KERCK1G1_7_B2,RTPD,MCL,LMP_LOSS_PRC,KERCK1G1_7_B2,ALL,1,0,4,59
2022-09-02T23:45:00-00:00,2022-09-03T00:00:00-00:00,2022-09-02,17,KERCK1G1_7_B2,KERCK1G1_7_B2,KERCK1G1_7_B2,RTPD,MCL,LMP_LOSS_PRC,KERCK1G1_7_B2,ALL,1,0,4,59
2022-09-03T00:45:00-00:00,2022-09-03T01:00:00-00:00,2022-09-02,18,KERCK1G1_7_B2,KERCK1G1_7_B2,KERCK1G1_7_B2,RTPD,MCL,LMP_LOSS_PRC,KERCK1G1_7_B2,ALL,1,0,4,59
2022-09-03T01:45:00-00:00,2022-09-03T02:00:00-00:00,2022-09-02,19,KERCK1G1_7_B2,KERCK1G1_7_B2,KERCK1G1_7_B2,RTPD,MCL,LMP_LOSS_PRC,KERCK1G1_7_B2,ALL,1,0,4,59
2022-09-03T02:45:00-00:00,2022-09-03T03:00:00-00:00,2022-09-02,20,KERCK1G1_7_B2,KERCK1G1_7_B2,KERCK1G1_7_B2,RTPD,MCL,LMP_LOSS_PRC,KERCK1G1_7_B2,ALL,1,17.19518,4,59
2022-09-03T03:45:00-00:00,2022-09-03T04:00:00-00:00,2022-09-02,21,KERCK1G1_7_B2,KERCK1G1_7_B2,KERCK1G1_7_B2,RTPD,MCL,LMP_LOSS_PRC,KERCK1G1_7_B2,ALL,1,19.73756,4,59
2022-09-03T04:45:00-00:00,2022-09-03T05:00:00-00:00,2022-09-02,22,KERCK1G1_7_B2,KERCK1G1_7_B2,KERCK1G1_7_B2,RTPD,MCL,LMP_LOSS_PRC,KERCK1G1_7_B2,ALL,1,18.51756,4,59
2022-09-03T05:45:00-00:00,2022-09-03T06:00:00-00:00,2022-09-02,23,KERCK1G1_7_B2,KERCK1G1_7_B2,KERCK1G1_7_B2,RTPD,MCL,LMP_LOSS_PRC,KERCK1G1_7_B2,ALL,1,16.54092,4,59
2022-09-03T06:45:00-00:00,2022-09-03T07:00:00-00:00,2022-09-02,24,KERCK1G1_7_B2,KERCK1G1_7_B2,KERCK1G1_7_B2,RTPD,MCL,LMP_LOSS_PRC,KERCK1G1_7_B2,ALL,1,13.98789,4,59
2022-09-02T07:00:00-00:00,2022-09-02T07:15:00-00:00,2022-09-02,01,KERCK1G1_7_B2,KERCK1G1_7_B2,KERCK1G1_7_B2,RTPD,MGHG,LMP_GHG_PRC,KERCK1G1_7_B2,ALL,1,0,1,60
2022-09-02T08:00:00-00:00,2022-09-02T08:15:00-00:00,2022-09-02,02,KERCK1G1_7_B2,KERCK1G1_7_B2,KERCK1G1_7_B2,RTPD,MGHG,LMP_GHG_PRC,KERCK1G1_7_B2,ALL,1,0,1,60
2022-09-02T09:00:00-00:00,2022-09-02T09:15:00-00:00,2022-09-02,03,KERCK1G1_7_B2,KERCK1G1_7_B2,KERCK1G1_7_B2,RTPD,MGHG,LMP_GHG_PRC,KERCK1G1_7_B2,ALL,1,0,1,60
2022-09-02T10:00:00-00:00,2022-09-02T10:15:00-00:00,2022-09-02,04,KERCK1G1_7_B2,KERCK1G1_7_B2,KERCK1G1_7_B2,RTPD,MGHG,LMP_GHG_PRC,KERCK1G1_7_B2,ALL,1,0,1,60
2022-09-02T11:00:00-00:00,2022-09-02T11:15:00-00:00,2022-09-02,05,KERCK1G1_7_B2,KERCK1G1_7_B2,KERCK1G1_7_B2,RTPD,MGHG,LMP_GHG_PRC,KERCK1G1_7_B2,ALL,1,0,1,60
2022-09-02T12:00:00-00:00,2022-09-02T12:15:00-00:00,2022-09-02,06,KERCK1G1_7_B2,KERCK1G1_7_B2,KERCK1G1_7_B2,RTPD,MGHG,LMP_GHG_PRC,KERCK1G1_7_B2,ALL,1,0,1,60
2022-09-02T13:00:00-00:00,2022-09-02T13:15:00-00:00,2022-09-02,07,KERCK1G1_7_B2,KERCK1G1_7_B2,KERCK1G1_7_B2,RTPD,MGHG,LMP_GHG_PRC,KERCK1G1_7_B2,ALL,1,0,1,60
2022-09-02T14:00:00-00:00,2022-09-02T14:15:00-00:00,2022-09-02,08,KERCK1G1_7_B2,KERCK1G1_7_B2,KERCK1G1_7_B2,RTPD,MGHG,LMP_GHG_PRC,KERCK1G1_7_B2,ALL,1,0,1,60
2022-09-02T15:00:00-00:00,2022-09-02T15:15:00-00:00,2022-09-02,09,KERCK1G1_7_B2,KERCK1G1_7_B2,KERCK1G1_7_B2,RTPD,MGHG,LMP_GHG_PRC,KERCK1G1_7_B2,ALL,1,0,1,60
2022-09-02T16:00:00-00:00,2022-09-02T16:15:00-00:00,2022-09-02,10,KERCK1G1_7_B2,KERCK1G1_7_B2,KERCK1G1_7_B2,RTPD,MGHG,LMP_GHG_PRC,KERCK1G1_7_B2,ALL,1,0,1,60
2022-09-02T17:00:00-00:00,2022-09-02T17:15:00-00:00,2022-09-02,11,KERCK1G1_7_B2,KERCK1G1_7_B2,KERCK1G1_7_B2,RTPD,MGHG,LMP_GHG_PRC,KERCK1G1_7_B2,ALL,1,0,1,60
2022-09-02T18:00:00-00:00,2022-09-02T18:15:00-00:00,2022-09-02,12,KERCK1G1_7_B2,KERCK1G1_7_B2,KERCK1G1_7_B2,RTPD,MGHG,LMP_GHG_PRC,KERCK1G1_7_B2,ALL,1,0,1,60
2022-09-02T19:00:00-00:00,2022-09-02T19:15:00-00:00,2022-09-02,13,KERCK1G1_7_B2,KERCK1G1_7_B2,KERCK1G1_7_B2,RTPD,MGHG,LMP_GHG_PRC,KERCK1G1_7_B2,ALL,1,0,1,60
2022-09-02T20:00:00-00:00,2022-09-02T20:15:00-00:00,2022-09-02,14,KERCK1G1_7_B2,KERCK1G1_7_B2,KERCK1G1_7_B2,RTPD,MGHG,LMP_GHG_PRC,KERCK1G1_7_B2,ALL,1,0,1,60
2022-09-02T21:00:00-00:00,2022-09-02T21:15:00-00:00,2022-09-02,15,KERCK1G1_7_B2,KERCK1G1_7_B2,KERCK1G1_7_B2,RTPD,MGHG,LMP_GHG_PRC,KERCK1G1_7_B2,ALL,1,0,1,60
2022-09-02T22:00:00-00:00,2022-09-02T22:15:00-00:00,2022-09-02,16,KERCK1G1_7_B2,KERCK1G1_7_B2,KERCK1G1_7_B2,RTPD,MGHG,LMP_GHG_PRC,KERCK1G1_7_B2,ALL,1,0,1,60
2022-09-02T23:00:00-00:00,2022-09-02T23:15:00-00:00,2022-09-02,17,KERCK1G1_7_B2,KERCK1G1_7_B2,KERCK1G1_7_B2,RTPD,MGHG,LMP_GHG_PRC,KERCK1G1_7_B2,ALL,1,0,1,60
2022-09-03T00:00:00-00:00,2022-09-03T00:15:00-00:00,2022-09-02,18,KERCK1G1_7_B2,KERCK1G1_7_B2,KERCK1G1_7_B2,RTPD,MGHG,LMP_GHG_PRC,KERCK1G1_7_B2,ALL,1,0,1,60
2022-09-03T01:00:00-00:00,2022-09-03T01:15:00-00:00,2022-09-02,19,KERCK1G1_7_B2,KERCK1G1_7_B2,KERCK1G1_7_B2,RTPD,MGHG,LMP_GHG_PRC,KERCK1G1_7_B2,ALL,1,0,1,60
2022-09-03T02:00:00-00:00,2022-09-03T02:15:00-00:00,2022-09-02,20,KERCK1G1_7_B2,KERCK1G1_7_B2,KERCK1G1_7_B2,RTPD,MGHG,LMP_GHG_PRC,KERCK1G1_7_B2,ALL,1,0,1,60
2022-09-03T03:00:00-00:00,2022-09-03T03:15:00-00:00,2022-09-02,21,KERCK1G1_7_B2,KERCK1G1_7_B2,KERCK1G1_7_B2,RTPD,MGHG,LMP_GHG_PRC,KERCK1G1_7_B2,ALL,1,0,1,60
2022-09-03T04:00:00-00:00,2022-09-03T04:15:00-00:00,2022-09-02,22,KERCK1G1_7_B2,KERCK1G1_7_B2,KERCK1G1_7_B2,RTPD,MGHG,LMP_GHG_PRC,KERCK1G1_7_B2,ALL,1,0,1,60
2022-09-03T05:00:00-00:00,2022-09-03T05:15:00-00:00,2022-09-02,23,KERCK1G1_7_B2,KERCK1G1_7_B2,KERCK1G1_7_B2,RTPD,MGHG,LMP_GHG_PRC,KERCK1G1_7_B2,ALL,1,0,1,60
2022-09-03T06:00:00-00:00,2022-09-03T06:15:00-00:00,2022-09-02,24,KERCK1G1_7_B2,KERCK1G1_7_B2,KERCK1G1_7_B2,RTPD,MGHG,LMP_GHG_PRC,KERCK1G1_7_B2,ALL,1,0,1,60
2022-09-02T07:15:00-00:00,2022-09-02T07:30:00-00:00,2022-09-02,01,KERCK1G1_7_B2,KERCK1G1_7_B2,KERCK1G1_7_B2,RTPD,MGHG,LMP_GHG_PRC,KERCK1G1_7_B2,ALL,1,0,2,60
2022-09-02T08:15:00-00:00,2022-09-02T08:30:00-00:00,2022-09-02,02,KERCK1G1_7_B2,KERCK1G1_7_B2,KERCK1G1_7_B2,RTPD,MGHG,LMP_GHG_PRC,KERCK1G1_7_B2,ALL,1,0,2,60
2022-09-02T09:15:00-00:00,2022-09-02T09:30:00-00:00,2022-09-02,03,KERCK1G1_7_B2,KERCK1G1_7_B2,KERCK1G1_7_B2,RTPD,MGHG,LMP_GHG_PRC,KERCK1G1_7_B2,ALL,1,0,2,60
2022-09-02T10:15:00-00:00,2022-09-02T10:30:00-00:00,2022-09-02,04,KERCK1G1_7_B2,KERCK1G1_7_B2,KERCK1G1_7_B2,RTPD,MGHG,LMP_GHG_PRC,KERCK1G1_7_B2,ALL,1,0,2,60
2022-09-02T11:15:00-00:00,2022-09-02T11:30:00-00:00,2022-09-02,05,KERCK1G1_7_B2,KERCK1G1_7_B2,KERCK1G1_7_B2,RTPD,MGHG,LMP_GHG_PRC,KERCK1G1_7_B2,ALL,1,0,2,60
2022-09-02T12:15:00-00:00,2022-09-02T12:30:00-00:00,2022-09-02,06,KERCK1G1_7_B2,KERCK1G1_7_B2,KERCK1G1_7_B2,RTPD,MGHG,LMP_GHG_PRC,KERCK1G1_7_B2,ALL,1,0,2,60
2022-09-02T13:15:00-00:00,2022-09-02T13:30:00-00:00,2022-09-02,07,KERCK1G1_7_B2,KERCK1G1_7_B2,KERCK1G1_7_B2,RTPD,MGHG,LMP_GHG_PRC,KERCK1G1_7_B2,ALL,1,0,2,60
2022-09-02T14:15:00-00:00,2022-09-02T14:30:00-00:00,2022-09-02,08,KERCK1G1_7_B2,KERCK1G1_7_B2,KERCK1G1_7_B2,RTPD,MGHG,LMP_GHG_PRC,KERCK1G1_7_B2,ALL,1,0,2,60
2022-09-02T15:15:00-00:00,2022-09-02T15:30:00-00:00,2022-09-02,09,KERCK1G1_7_B2,KERCK1G1_7_B2,KERCK1G1_7_B2,RTPD,MGHG,LMP_GHG_PRC,KERCK1G1_7_B2,ALL,1,0,2,60
2022-09-02T16:15:00-00:00,2022-09-02T16:30:00-00:00,2022-09-02,10,KERCK1G1_7_B2,KERCK1G1_7_B2,KERCK1G1_7_B2,RTPD,MGHG,LMP_GHG_PRC,KERCK1G1_7_B2,ALL,1,0,2,60
2022-09-02T17:15:00-00:00,2022-09-02T17:30:00-00:00,2022-09-02,11,KERCK1G1_7_B2,KERCK1G1_7_B2,KERCK1G1_7_B2,RTPD,MGHG,LMP_GHG_PRC,KERCK1G1_7_B2,ALL,1,0,2,60
2022-09-02T18:15:00-00:00,2022-09-02T18:30:00-00:00,2022-09-02,12,KERCK1G1_7_B2,KERCK1G1_7_B2,KERCK1G1_7_B2,RTPD,MGHG,LMP_GHG_PRC,KERCK1G1_7_B2,ALL,1,0,2,60
2022-09-02T19:15:00-00:00,2022-09-02T19:30:00-00:00,2022-09-02,13,KERCK1G1_7_B2,KERCK1G1_7_B2,KERCK1G1_7_B2,RTPD,MGHG,LMP_GHG_PRC,KERCK1G1_7_B2,ALL,1,0,2,60
2022-09-02T20:15:00-00:00,2022-09-02T20:30:00-00:00,2022-09-02,14,KERCK1G1_7_B2,KERCK1G1_7_B2,KERCK1G1_7_B2,RTPD,MGHG,LMP_GHG_PRC,KERCK1G1_7_B2,ALL,1,0,2,60
2022-09-02T21:15:00-00:00,2022-09-02T21:30:00-00:00,2022-09-02,15,KERCK1G1_7_B2,KERCK1G1_7_B2,KERCK1G1_7_B2,RTPD,MGHG,LMP_GHG_PRC,KERCK1G1_7_B2,ALL,1,0,2,60
2022-09-02T22:15:00-00:00,2022-09-02T22:30:00-00:00,2022-09-02,16,KERCK1G1_7_B2,KERCK1G1_7_B2,KERCK1G1_7_B2,RTPD,MGHG,LMP_GHG_PRC,KERCK1G1_7_B2,ALL,1,0,2,60
2022-09-02T23:15:00-00:00,2022-09-02T23:30:00-00:00,2022-09-02,17,KERCK1G1_7_B2,KERCK1G1_7_B2,KERCK1G1_7_B2,RTPD,MGHG,LMP_GHG_PRC,KERCK1G1_7_B2,ALL,1,0,2,60
2022-09-03T00:15:00-00:00,2022-09-03T00:30:00-00:00,2022-09-02,18,KERCK1G1_7_B2,KERCK1G1_7_B2,KERCK1G1_7_B2,RTPD,MGHG,LMP_GHG_PRC,KERCK1G1_7_B2,ALL,1,0,2,60
2022-09-03T01:15:00-00:00,2022-09-03T01:30:00-00:00,2022-09-02,19,KERCK1G1_7_B2,KERCK1G1_7_B2,KERCK1G1_7_B2,RTPD,MGHG,LMP_GHG_PRC,KERCK1G1_7_B2,ALL,1,0,2,60
2022-09-03T02:15:00-00:00,2022-09-03T02:30:00-00:00,2022-09-02,20,KERCK1G1_7_B2,KERCK1G1_7_B2,KERCK1G1_7_B2,RTPD,MGHG,LMP_GHG_PRC,KERCK1G1_7_B2,ALL,1,0,2,60
2022-09-03T03:15:00-00:00,2022-09-03T03:30:00-00:00,2022-09-02,21,KERCK1G1_7_B2,KERCK1G1_7_B2,KERCK1G1_7_B2,RTPD,MGHG,LMP_GHG_PRC,KERCK1G1_7_B2,ALL,1,0,2,60
2022-09-03T04:15:00-00:00,2022-09-03T04:30:00-00:00,2022-09-02,22,KERCK1G1_7_B2,KERCK1G1_7_B2,KERCK1G1_7_B2,RTPD,MGHG,LMP_GHG_PRC,KERCK1G1_7_B2,ALL,1,0,2,60
2022-09-03T05:15:00-00:00,2022-09-03T05:30:00-00:00,2022-09-02,23,KERCK1G1_7_B2,KERCK1G1_7_B2,KERCK1G1_7_B2,RTPD,MGHG,LMP_GHG_PRC,KERCK1G1_7_B2,ALL,1,0,2,60
2022-09-03T06:15:00-00:00,2022-09-03T06:30:00-00:00,2022-09-02,24,KERCK1G1_7_B2,KERCK1G1_7_B2,KERCK1G1_7_B2,RTPD,MGHG,LMP_GHG_PRC,KERCK1G1_7_B2,ALL,1,0,2,60
2022-09-02T07:30:00-00:00,2022-09-02T07:45:00-00:00,2022-09-02,01,KERCK1G1_7_B2,KERCK1G1_7_B2,KERCK1G1_7_B2,RTPD,MGHG,LMP_GHG_PRC,KERCK1G1_7_B2,ALL,1,0,3,60
2022-09-02T08:30:00-00:00,2022-09-02T08:45:00-00:00,2022-09-02,02,KERCK1G1_7_B2,KERCK1G1_7_B2,KERCK1G1_7_B2,RTPD,MGHG,LMP_GHG_PRC,KERCK1G1_7_B2,ALL,1,0,3,60
2022-09-02T09:30:00-00:00,2022-09-02T09:45:00-00:00,2022-09-02,03,KERCK1G1_7_B2,KERCK1G1_7_B2,KERCK1G1_7_B2,RTPD,MGHG,LMP_GHG_PRC,KERCK1G1_7_B2,ALL,1,0,3,60
2022-09-02T10:30:00-00:00,2022-09-02T10:45:00-00:00,2022-09-02,04,KERCK1G1_7_B2,KERCK1G1_7_B2,KERCK1G1_7_B2,RTPD,MGHG,LMP_GHG_PRC,KERCK1G1_7_B2,ALL,1,0,3,60
2022-09-02T11:30:00-00:00,2022-09-02T11:45:00-00:00,2022-09-02,05,KERCK1G1_7_B2,KERCK1G1_7_B2,KERCK1G1_7_B2,RTPD,MGHG,LMP_GHG_PRC,KERCK1G1_7_B2,ALL,1,0,3,60
2022-09-02T12:30:00-00:00,2022-09-02T12:45:00-00:00,2022-09-02,06,KERCK1G1_7_B2,KERCK1G1_7_B2,KERCK1G1_7_B2,RTPD,MGHG,LMP_GHG_PRC,KERCK1G1_7_B2,ALL,1,0,3,60
2022-09-02T13:30:00-00:00,2022-09-02T13:45:00-00:00,2022-09-02,07,KERCK1G1_7_B2,KERCK1G1_7_B2,KERCK1G1_7_B2,RTPD,MGHG,LMP_GHG_PRC,KERCK1G1_7_B2,ALL,1,0,3,60
2022-09-02T14:30:00-00:00,2022-09-02T14:45:00-00:00,2022-09-02,08,KERCK1G1_7_B2,KERCK1G1_7_B2,KERCK1G1_7_B2,RTPD,MGHG,LMP_GHG_PRC,KERCK1G1_7_B2,ALL,1,0,3,60
2022-09-02T15:30:00-00:00,2022-09-02T15:45:00-00:00,2022-09-02,09,KERCK1G1_7_B2,KERCK1G1_7_B2,KERCK1G1_7_B2,RTPD,MGHG,LMP_GHG_PRC,KERCK1G1_7_B2,ALL,1,0,3,60
2022-09-02T16:30:00-00:00,2022-09-02T16:45:00-00:00,2022-09-02,10,KERCK1G1_7_B2,KERCK1G1_7_B2,KERCK1G1_7_B2,RTPD,MGHG,LMP_GHG_PRC,KERCK1G1_7_B2,ALL,1,0,3,60
2022-09-02T17:30:00-00:00,2022-09-02T17:45:00-00:00,2022-09-02,11,KERCK1G1_7_B2,KERCK1G1_7_B2,KERCK1G1_7_B2,RTPD,MGHG,LMP_GHG_PRC,KERCK1G1_7_B2,ALL,1,0,3,60
2022-09-02T18:30:00-00:00,2022-09-02T18:45:00-00:00,2022-09-02,12,KERCK1G1_7_B2,KERCK1G1_7_B2,KERCK1G1_7_B2,RTPD,MGHG,LMP_GHG_PRC,KERCK1G1_7_B2,ALL,1,0,3,60
2022-09-02T19:30:00-00:00,2022-09-02T19:45:00-00:00,2022-09-02,13,KERCK1G1_7_B2,KERCK1G1_7_B2,KERCK1G1_7_B2,RTPD,MGHG,LMP_GHG_PRC,KERCK1G1_7_B2,ALL,1,0,3,60
2022-09-02T20:30:00-00:00,2022-09-02T20:45:00-00:00,2022-09-02,14,KERCK1G1_7_B2,KERCK1G1_7_B2,KERCK1G1_7_B2,RTPD,MGHG,LMP_GHG_PRC,KERCK1G1_7_B2,ALL,1,0,3,60
2022-09-02T21:30:00-00:00,2022-09-02T21:45:00-00:00,2022-09-02,15,KERCK1G1_7_B2,KERCK1G1_7_B2,KERCK1G1_7_B2,RTPD,MGHG,LMP_GHG_PRC,KERCK1G1_7_B2,ALL,1,0,3,60
2022-09-02T22:30:00-00:00,2022-09-02T22:45:00-00:00,2022-09-02,16,KERCK1G1_7_B2,KERCK1G1_7_B2,KERCK1G1_7_B2,RTPD,MGHG,LMP_GHG_PRC,KERCK1G1_7_B2,ALL,1,0,3,60
2022-09-02T23:30:00-00:00,2022-09-02T23:45:00-00:00,2022-09-02,17,KERCK1G1_7_B2,KERCK1G1_7_B2,KERCK1G1_7_B2,RTPD,MGHG,LMP_GHG_PRC,KERCK1G1_7_B2,ALL,1,0,3,60
2022-09-03T00:30:00-00:00,2022-09-03T00:45:00-00:00,2022-09-02,18,KERCK1G1_7_B2,KERCK1G1_7_B2,KERCK1G1_7_B2,RTPD,MGHG,LMP_GHG_PRC,KERCK1G1_7_B2,ALL,1,0,3,60
2022-09-03T01:30:00-00:00,2022-09-03T01:45:00-00:00,2022-09-02,19,KERCK1G1_7_B2,KERCK1G1_7_B2,KERCK1G1_7_B2,RTPD,MGHG,LMP_GHG_PRC,KERCK1G1_7_B2,ALL,1,0,3,60
2022-09-03T02:30:00-00:00,2022-09-03T02:45:00-00:00,2022-09-02,20,KERCK1G1_7_B2,KERCK1G1_7_B2,KERCK1G1_7_B2,RTPD,MGHG,LMP_GHG_PRC,KERCK1G1_7_B2,ALL,1,0,3,60
2022-09-03T03:30:00-00:00,2022-09-03T03:45:00-00:00,2022-09-02,21,KERCK1G1_7_B2,KERCK1G1_7_B2,KERCK1G1_7_B2,RTPD,MGHG,LMP_GHG_PRC,KERCK1G1_7_B2,ALL,1,0,3,60
2022-09-03T04:30:00-00:00,2022-09-03T04:45:00-00:00,2022-09-02,22,KERCK1G1_7_B2,KERCK1G1_7_B2,KERCK1G1_7_B2,RTPD,MGHG,LMP_GHG_PRC,KERCK1G1_7_B2,ALL,1,0,3,60
2022-09-03T05:30:00-00:00,2022-09-03T05:45:00-00:00,2022-09-02,23,KERCK1G1_7_B2,KERCK1G1_7_B2,KERCK1G1_7_B2,RTPD,MGHG,LMP_GHG_PRC,KERCK1G1_7_B2,ALL,1,0,3,60
2022-09-03T06:30:00-00:00,2022-09-03T06:45:00-00:00,2022-09-02,24,KERCK1G1_7_B2,KERCK1G1_7_B2,KERCK1G1_7_B2,RTPD,MGHG,LMP_GHG_PRC,KERCK1G1_7_B2,ALL,1,0,3,60
2022-09-02T07:45:00-00:00,2022-09-02T08:00:00-00:00,2022-09-02,01,KERCK1G1_7_B2,KERCK1G1_7_B2,KERCK1G1_7_B2,RTPD,MGHG,LMP_GHG_PRC,KERCK1G1_7_B2,ALL,1,0,4,60
2022-09-02T08:45:00-00:00,2022-09-02T09:00:00-00:00,2022-09-02,02,KERCK1G1_7_B2,KERCK1G1_7_B2,KERCK1G1_7_B2,RTPD,MGHG,LMP_GHG_PRC,KERCK1G1_7_B2,ALL,1,0,4,60
2022-09-02T09:45:00-00:00,2022-09-02T10:00:00-00:00,2022-09-02,03,KERCK1G1_7_B2,KERCK1G1_7_B2,KERCK1G1_7_B2,RTPD,MGHG,LMP_GHG_PRC,KERCK1G1_7_B2,ALL,1,0,4,60
2022-09-02T10:45:00-00:00,2022-09-02T11:00:00-00:00,2022-09-02,04,KERCK1G1_7_B2,KERCK1G1_7_B2,KERCK1G1_7_B2,RTPD,MGHG,LMP_GHG_PRC,KERCK1G1_7_B2,ALL,1,0,4,60
2022-09-02T11:45:00-00:00,2022-09-02T12:00:00-00:00,2022-09-02,05,KERCK1G1_7_B2,KERCK1G1_7_B2,KERCK1G1_7_B2,RTPD,MGHG,LMP_GHG_PRC,KERCK1G1_7_B2,ALL,1,0,4,60
2022-09-02T12:45:00-00:00,2022-09-02T13:00:00-00:00,2022-09-02,06,KERCK1G1_7_B2,KERCK1G1_7_B2,KERCK1G1_7_B2,RTPD,MGHG,LMP_GHG_PRC,KERCK1G1_7_B2,ALL,1,0,4,60
2022-09-02T13:45:00-00:00,2022-09-02T14:00:00-00:00,2022-09-02,07,KERCK1G1_7_B2,KERCK1G1_7_B2,KERCK1G1_7_B2,RTPD,MGHG,LMP_GHG_PRC,KERCK1G1_7_B2,ALL,1,0,4,60
2022-09-02T14:45:00-00:00,2022-09-02T15:00:00-00:00,2022-09-02,08,KERCK1G1_7_B2,KERCK1G1_7_B2,KERCK1G1_7_B2,RTPD,MGHG,LMP_GHG_PRC,KERCK1G1_7_B2,ALL,1,0,4,60
2022-09-02T15:45:00-00:00,2022-09-02T16:00:00-00:00,2022-09-02,09,KERCK1G1_7_B2,KERCK1G1_7_B2,KERCK1G1_7_B2,RTPD,MGHG,LMP_GHG_PRC,KERCK1G1_7_B2,ALL,1,0,4,60
2022-09-02T16:45:00-00:00,2022-09-02T17:00:00-00:00,2022-09-02,10,KERCK1G1_7_B2,KERCK1G1_7_B2,KERCK1G1_7_B2,RTPD,MGHG,LMP_GHG_PRC,KERCK1G1_7_B2,ALL,1,0,4,60
2022-09-02T17:45:00-00:00,2022-09-02T18:00:00-00:00,2022-09-02,11,KERCK1G1_7_B2,KERCK1G1_7_B2,KERCK1G1_7_B2,RTPD,MGHG,LMP_GHG_PRC,KERCK1G1_7_B2,ALL,1,0,4,60
2022-09-02T18:45:00-00:00,2022-09-02T19:00:00-00:00,2022-09-02,12,KERCK1G1_7_B2,KERCK1G1_7_B2,KERCK1G1_7_B2,RTPD,MGHG,LMP_GHG_PRC,KERCK1G1_7_B2,ALL,1,0,4,60
2022-09-02T19:45:00-00:00,2022-09-02T20:00:00-00:00,2022-09-02,13,KERCK1G1_7_B2,KERCK1G1_7_B2,KERCK1G1_7_B2,RTPD,MGHG,LMP_GHG_PRC,KERCK1G1_7_B2,ALL,1,0,4,60
2022-09-02T20:45:00-00:00,2022-09-02T21:00:00-00:00,2022-09-02,14,KERCK1G1_7_B2,KERCK1G1_7_B2,KERCK1G1_7_B2,RTPD,MGHG,LMP_GHG_PRC,KERCK1G1_7_B2,ALL,1,0,4,60
2022-09-02T21:45:00-00:00,2022-09-02T22:00:00-00:00,2022-09-02,15,KERCK1G1_7_B2,KERCK1G1_7_B2,KERCK1G1_7_B2,RTPD,MGHG,LMP_GHG_PRC,KERCK1G1_7_B2,ALL,1,0,4,60
2022-09-02T22:45:00-00:00,2022-09-02T23:00:00-00:00,2022-09-02,16,KERCK1G1_7_B2,KERCK1G1_7_B2,KERCK1G1_7_B2,RTPD,MGHG,LMP_GHG_PRC,KERCK1G1_7_B2,ALL,1,0,4,60
2022-09-02T23:45:00-00:00,2022-09-03T00:00:00-00:00,2022-09-02,17,KERCK1G1_7_B2,KERCK1G1_7_B2,KERCK1G1_7_B2,RTPD,MGHG,LMP_GHG_PRC,KERCK1G1_7_B2,ALL,1,0,4,60
2022-09-03T00:45:00-00:00,2022-09-03T01:00:00-00:00,2022-09-02,18,KERCK1G1_7_B2,KERCK1G1_7_B2,KERCK1G1_7_B2,RTPD,MGHG,LMP_GHG_PRC,KERCK1G1_7_B2,ALL,1,0,4,60
2022-09-03T01:45:00-00:00,2022-09-03T02:00:00-00:00,2022-09-02,19,KERCK1G1_7_B2,KERCK1G1_7_B2,KERCK1G1_7_B2,RTPD,MGHG,LMP_GHG_PRC,KERCK1G1_7_B2,ALL,1,0,4,60
2022-09-03T02:45:00-00:00,2022-09-03T03:00:00-00:00,2022-09-02,20,KERCK1G1_7_B2,KERCK1G1_7_B2,KERCK1G1_7_B2,RTPD,MGHG,LMP_GHG_PRC,KERCK1G1_7_B2,ALL,1,0,4,60
2022-09-03T03:45:00-00:00,2022-09-03T04:00:00-00:00,2022-09-02,21,KERCK1G1_7_B2,KERCK1G1_7_B2,KERCK1G1_7_B2,RTPD,MGHG,LMP_GHG_PRC,KERCK1G1_7_B2,ALL,1,0,4,60
2022-09-03T04:45:00-00:00,2022-09-03T05:00:00-00:00,2022-09-02,22,KERCK1G1_7_B2,KERCK1G1_7_B2,KERCK1G1_7_B2,RTPD,MGHG,LMP_GHG_PRC,KERCK1G1_7_B2,ALL,1,0,4,60
2022-09-03T05:45:00-00:00,2022-09-03T06:00:00-00:00,2022-09-02,23,KERCK1G1_7_B2,KERCK1G1_7_B2,KERCK1G1_7_B2,RTPD,MGHG,LMP_GHG_PRC,KERCK1G1_7_B2,ALL,1,0,4,60
2022-09-03T06:45:00-00:00,2022-09-03T07:00:00-00:00,2022-09-02,24,KERCK1G1_7_B2,KERCK1G1_7_B2,KERCK1G1_7_B2,RTPD,MGHG,LMP_GHG_PRC,KERCK1G1_7_B2,ALL,1,0,4,60
2022-09-02T07:00:00-00:00,2022-09-02T07:15:00-00:00,2022-09-02,01,KERCK1G2_7_B1,KERCK1G2_7_B1,KERCK1G2_7_B1,RTPD,LMP,LMP_PRC,KERCK1G2_7_B1,ALL,1,148.05415,1,61
2022-09-02T08:00:00-00:00,2022-09-02T08:15:00-00:00,2022-09-02,02,KERCK1G2_7_B1,KERCK1G2_7_B1,KERCK1G2_7_B1,RTPD,LMP,LMP_PRC,KERCK1G2_7_B1,ALL,1,161.47156,1,61
2022-09-02T09:00:00-00:00,2022-09-02T09:15:00-00:00,2022-09-02,03,KERCK1G2_7_B1,KERCK1G2_7_B1,KERCK1G2_7_B1,RTPD,LMP,LMP_PRC,KERCK1G2_7_B1,ALL,1,143.04161,1,61
2022-09-02T10:00:00-00:00,2022-09-02T10:15:00-00:00,2022-09-02,04,KERCK1G2_7_B1,KERCK1G2_7_B1,KERCK1G2_7_B1,RTPD,LMP,LMP_PRC,KERCK1G2_7_B1,ALL,1,128.54726,1,61
2022-09-02T11:00:00-00:00,2022-09-02T11:15:00-00:00,2022-09-02,05,KERCK1G2_7_B1,KERCK1G2_7_B1,KERCK1G2_7_B1,RTPD,LMP,LMP_PRC,KERCK1G2_7_B1,ALL,1,111.40171,1,61
2022-09-02T12:00:00-00:00,2022-09-02T12:15:00-00:00,2022-09-02,06,KERCK1G2_7_B1,KERCK1G2_7_B1,KERCK1G2_7_B1,RTPD,LMP,LMP_PRC,KERCK1G2_7_B1,ALL,1,140.52724,1,61
2022-09-02T13:00:00-00:00,2022-09-02T13:15:00-00:00,2022-09-02,07,KERCK1G2_7_B1,KERCK1G2_7_B1,KERCK1G2_7_B1,RTPD,LMP,LMP_PRC,KERCK1G2_7_B1,ALL,1,138.90157,1,61
2022-09-02T14:00:00-00:00,2022-09-02T14:15:00-00:00,2022-09-02,08,KERCK1G2_7_B1,KERCK1G2_7_B1,KERCK1G2_7_B1,RTPD,LMP,LMP_PRC,KERCK1G2_7_B1,ALL,1,132.93513,1,61
2022-09-02T15:00:00-00:00,2022-09-02T15:15:00-00:00,2022-09-02,09,KERCK1G2_7_B1,KERCK1G2_7_B1,KERCK1G2_7_B1,RTPD,LMP,LMP_PRC,KERCK1G2_7_B1,ALL,1,99.84461,1,61
2022-09-02T16:00:00-00:00,2022-09-02T16:15:00-00:00,2022-09-02,10,KERCK1G2_7_B1,KERCK1G2_7_B1,KERCK1G2_7_B1,RTPD,LMP,LMP_PRC,KERCK1G2_7_B1,ALL,1,138.80762,1,61
2022-09-02T17:00:00-00:00,2022-09-02T17:15:00-00:00,2022-09-02,11,KERCK1G2_7_B1,KERCK1G2_7_B1,KERCK1G2_7_B1,RTPD,LMP,LMP_PRC,KERCK1G2_7_B1,ALL,1,104.64793,1,61
2022-09-02T18:00:00-00:00,2022-09-02T18:15:00-00:00,2022-09-02,12,KERCK1G2_7_B1,KERCK1G2_7_B1,KERCK1G2_7_B1,RTPD,LMP,LMP_PRC,KERCK1G2_7_B1,ALL,1,112.1517,1,61
2022-09-02T19:00:00-00:00,2022-09-02T19:15:00-00:00,2022-09-02,13,KERCK1G2_7_B1,KERCK1G2_7_B1,KERCK1G2_7_B1,RTPD,LMP,LMP_PRC,KERCK1G2_7_B1,ALL,1,109.06086,1,61
2022-09-02T20:00:00-00:00,2022-09-02T20:15:00-00:00,2022-09-02,14,KERCK1G2_7_B1,KERCK1G2_7_B1,KERCK1G2_7_B1,RTPD,LMP,LMP_PRC,KERCK1G2_7_B1,ALL,1,112.17316,1,61
2022-09-02T21:00:00-00:00,2022-09-02T21:15:00-00:00,2022-09-02,15,KERCK1G2_7_B1,KERCK1G2_7_B1,KERCK1G2_7_B1,RTPD,LMP,LMP_PRC,KERCK1G2_7_B1,ALL,1,123.07256,1,61
2022-09-02T22:00:00-00:00,2022-09-02T22:15:00-00:00,2022-09-02,16,KERCK1G2_7_B1,KERCK1G2_7_B1,KERCK1G2_7_B1,RTPD,LMP,LMP_PRC,KERCK1G2_7_B1,ALL,1,148.73329,1,61
2022-09-02T23:00:00-00:00,2022-09-02T23:15:00-00:00,2022-09-02,17,KERCK1G2_7_B1,KERCK1G2_7_B1,KERCK1G2_7_B1,RTPD,LMP,LMP_PRC,KERCK1G2_7_B1,ALL,1,134.0454,1,61
2022-09-03T00:00:00-00:00,2022-09-03T00:15:00-00:00,2022-09-02,18,KERCK1G2_7_B1,KERCK1G2_7_B1,KERCK1G2_7_B1,RTPD,LMP,LMP_PRC,KERCK1G2_7_B1,ALL,1,111.67249,1,61
2022-09-03T01:00:00-00:00,2022-09-03T01:15:00-00:00,2022-09-02,19,KERCK1G2_7_B1,KERCK1G2_7_B1,KERCK1G2_7_B1,RTPD,LMP,LMP_PRC,KERCK1G2_7_B1,ALL,1,117.69881,1,61
2022-09-03T02:00:00-00:00,2022-09-03T02:15:00-00:00,2022-09-02,20,KERCK1G2_7_B1,KERCK1G2_7_B1,KERCK1G2_7_B1,RTPD,LMP,LMP_PRC,KERCK1G2_7_B1,ALL,1,221.34102,1,61
2022-09-03T03:00:00-00:00,2022-09-03T03:15:00-00:00,2022-09-02,21,KERCK1G2_7_B1,KERCK1G2_7_B1,KERCK1G2_7_B1,RTPD,LMP,LMP_PRC,KERCK1G2_7_B1,ALL,1,160.62514,1,61
2022-09-03T04:00:00-00:00,2022-09-03T04:15:00-00:00,2022-09-02,22,KERCK1G2_7_B1,KERCK1G2_7_B1,KERCK1G2_7_B1,RTPD,LMP,LMP_PRC,KERCK1G2_7_B1,ALL,1,181.69737,1,61
2022-09-03T05:00:00-00:00,2022-09-03T05:15:00-00:00,2022-09-02,23,KERCK1G2_7_B1,KERCK1G2_7_B1,KERCK1G2_7_B1,RTPD,LMP,LMP_PRC,KERCK1G2_7_B1,ALL,1,156.0678,1,61
2022-09-03T06:00:00-00:00,2022-09-03T06:15:00-00:00,2022-09-02,24,KERCK1G2_7_B1,KERCK1G2_7_B1,KERCK1G2_7_B1,RTPD,LMP,LMP_PRC,KERCK1G2_7_B1,ALL,1,608.8005,1,61
2022-09-02T07:15:00-00:00,2022-09-02T07:30:00-00:00,2022-09-02,01,KERCK1G2_7_B1,KERCK1G2_7_B1,KERCK1G2_7_B1,RTPD,LMP,LMP_PRC,KERCK1G2_7_B1,ALL,1,141.78249,2,61
2022-09-02T08:15:00-00:00,2022-09-02T08:30:00-00:00,2022-09-02,02,KERCK1G2_7_B1,KERCK1G2_7_B1,KERCK1G2_7_B1,RTPD,LMP,LMP_PRC,KERCK1G2_7_B1,ALL,1,180.1661,2,61
2022-09-02T09:15:00-00:00,2022-09-02T09:30:00-00:00,2022-09-02,03,KERCK1G2_7_B1,KERCK1G2_7_B1,KERCK1G2_7_B1,RTPD,LMP,LMP_PRC,KERCK1G2_7_B1,ALL,1,149.7082,2,61
2022-09-02T10:15:00-00:00,2022-09-02T10:30:00-00:00,2022-09-02,04,KERCK1G2_7_B1,KERCK1G2_7_B1,KERCK1G2_7_B1,RTPD,LMP,LMP_PRC,KERCK1G2_7_B1,ALL,1,125.04186,2,61
2022-09-02T11:15:00-00:00,2022-09-02T11:30:00-00:00,2022-09-02,05,KERCK1G2_7_B1,KERCK1G2_7_B1,KERCK1G2_7_B1,RTPD,LMP,LMP_PRC,KERCK1G2_7_B1,ALL,1,111.63977,2,61
2022-09-02T12:15:00-00:00,2022-09-02T12:30:00-00:00,2022-09-02,06,KERCK1G2_7_B1,KERCK1G2_7_B1,KERCK1G2_7_B1,RTPD,LMP,LMP_PRC,KERCK1G2_7_B1,ALL,1,137.53001,2,61
2022-09-02T13:15:00-00:00,2022-09-02T13:30:00-00:00,2022-09-02,07,KERCK1G2_7_B1,KERCK1G2_7_B1,KERCK1G2_7_B1,RTPD,LMP,LMP_PRC,KERCK1G2_7_B1,ALL,1,137.36086,2,61
2022-09-02T14:15:00-00:00,2022-09-02T14:30:00-00:00,2022-09-02,08,KERCK1G2_7_B1,KERCK1G2_7_B1,KERCK1G2_7_B1,RTPD,LMP,LMP_PRC,KERCK1G2_7_B1,ALL,1,126.79029,2,61
2022-09-02T15:15:00-00:00,2022-09-02T15:30:00-00:00,2022-09-02,09,KERCK1G2_7_B1,KERCK1G2_7_B1,KERCK1G2_7_B1,RTPD,LMP,LMP_PRC,KERCK1G2_7_B1,ALL,1,127.90138,2,61
2022-09-02T16:15:00-00:00,2022-09-02T16:30:00-00:00,2022-09-02,10,KERCK1G2_7_B1,KERCK1G2_7_B1,KERCK1G2_7_B1,RTPD,LMP,LMP_PRC,KERCK1G2_7_B1,ALL,1,139.52657,2,61
2022-09-02T17:15:00-00:00,2022-09-02T17:30:00-00:00,2022-09-02,11,KERCK1G2_7_B1,KERCK1G2_7_B1,KERCK1G2_7_B1,RTPD,LMP,LMP_PRC,KERCK1G2_7_B1,ALL,1,114.23138,2,61
2022-09-02T18:15:00-00:00,2022-09-02T18:30:00-00:00,2022-09-02,12,KERCK1G2_7_B1,KERCK1G2_7_B1,KERCK1G2_7_B1,RTPD,LMP,LMP_PRC,KERCK1G2_7_B1,ALL,1,117.18845,2,61
2022-09-02T19:15:00-00:00,2022-09-02T19:30:00-00:00,2022-09-02,13,KERCK1G2_7_B1,KERCK1G2_7_B1,KERCK1G2_7_B1,RTPD,LMP,LMP_PRC,KERCK1G2_7_B1,ALL,1,114.48123,2,61
2022-09-02T20:15:00-00:00,2022-09-02T20:30:00-00:00,2022-09-02,14,KERCK1G2_7_B1,KERCK1G2_7_B1,KERCK1G2_7_B1,RTPD,LMP,LMP_PRC,KERCK1G2_7_B1,ALL,1,115.56759,2,61
2022-09-02T21:15:00-00:00,2022-09-02T21:30:00-00:00,2022-09-02,15,KERCK1G2_7_B1,KERCK1G2_7_B1,KERCK1G2_7_B1,RTPD,LMP,LMP_PRC,KERCK1G2_7_B1,ALL,1,124.50624,2,61
2022-09-02T22:15:00-00:00,2022-09-02T22:30:00-00:00,2022-09-02,16,KERCK1G2_7_B1,KERCK1G2_7_B1,KERCK1G2_7_B1,RTPD,LMP,LMP_PRC,KERCK1G2_7_B1,ALL,1,162.65959,2,61
2022-09-02T23:15:00-00:00,2022-09-02T23:30:00-00:00,2022-09-02,17,KERCK1G2_7_B1,KERCK1G2_7_B1,KERCK1G2_7_B1,RTPD,LMP,LMP_PRC,KERCK1G2_7_B1,ALL,1,136.9963,2,61
2022-09-03T00:15:00-00:00,2022-09-03T00:30:00-00:00,2022-09-02,18,KERCK1G2_7_B1,KERCK1G2_7_B1,KERCK1G2_7_B1,RTPD,LMP,LMP_PRC,KERCK1G2_7_B1,ALL,1,128.7286,2,61
2022-09-03T01:15:00-00:00,2022-09-03T01:30:00-00:00,2022-09-02,19,KERCK1G2_7_B1,KERCK1G2_7_B1,KERCK1G2_7_B1,RTPD,LMP,LMP_PRC,KERCK1G2_7_B1,ALL,1,139.79655,2,61
2022-09-03T02:15:00-00:00,2022-09-03T02:30:00-00:00,2022-09-02,20,KERCK1G2_7_B1,KERCK1G2_7_B1,KERCK1G2_7_B1,RTPD,LMP,LMP_PRC,KERCK1G2_7_B1,ALL,1,217.73816,2,61
2022-09-03T03:15:00-00:00,2022-09-03T03:30:00-00:00,2022-09-02,21,KERCK1G2_7_B1,KERCK1G2_7_B1,KERCK1G2_7_B1,RTPD,LMP,LMP_PRC,KERCK1G2_7_B1,ALL,1,158.16064,2,61
2022-09-03T04:15:00-00:00,2022-09-03T04:30:00-00:00,2022-09-02,22,KERCK1G2_7_B1,KERCK1G2_7_B1,KERCK1G2_7_B1,RTPD,LMP,LMP_PRC,KERCK1G2_7_B1,ALL,1,252.74693,2,61
2022-09-03T05:15:00-00:00,2022-09-03T05:30:00-00:00,2022-09-02,23,KERCK1G2_7_B1,KERCK1G2_7_B1,KERCK1G2_7_B1,RTPD,LMP,LMP_PRC,KERCK1G2_7_B1,ALL,1,132.03513,2,61
2022-09-03T06:15:00-00:00,2022-09-03T06:30:00-00:00,2022-09-02,24,KERCK1G2_7_B1,KERCK1G2_7_B1,KERCK1G2_7_B1,RTPD,LMP,LMP_PRC,KERCK1G2_7_B1,ALL,1,122.26668,2,61
2022-09-02T07:30:00-00:00,2022-09-02T07:45:00-00:00,2022-09-02,01,KERCK1G2_7_B1,KERCK1G2_7_B1,KERCK1G2_7_B1,RTPD,LMP,LMP_PRC,KERCK1G2_7_B1,ALL,1,144.10783,3,61
2022-09-02T08:30:00-00:00,2022-09-02T08:45:00-00:00,2022-09-02,02,KERCK1G2_7_B1,KERCK1G2_7_B1,KERCK1G2_7_B1,RTPD,LMP,LMP_PRC,KERCK1G2_7_B1,ALL,1,135.97836,3,61
2022-09-02T09:30:00-00:00,2022-09-02T09:45:00-00:00,2022-09-02,03,KERCK1G2_7_B1,KERCK1G2_7_B1,KERCK1G2_7_B1,RTPD,LMP,LMP_PRC,KERCK1G2_7_B1,ALL,1,142.33784,3,61
2022-09-02T10:30:00-00:00,2022-09-02T10:45:00-00:00,2022-09-02,04,KERCK1G2_7_B1,KERCK1G2_7_B1,KERCK1G2_7_B1,RTPD,LMP,LMP_PRC,KERCK1G2_7_B1,ALL,1,131.11563,3,61
2022-09-02T11:30:00-00:00,2022-09-02T11:45:00-00:00,2022-09-02,05,KERCK1G2_7_B1,KERCK1G2_7_B1,KERCK1G2_7_B1,RTPD,LMP,LMP_PRC,KERCK1G2_7_B1,ALL,1,108.30224,3,61
2022-09-02T12:30:00-00:00,2022-09-02T12:45:00-00:00,2022-09-02,06,KERCK1G2_7_B1,KERCK1G2_7_B1,KERCK1G2_7_B1,RTPD,LMP,LMP_PRC,KERCK1G2_7_B1,ALL,1,136.3401,3,61
2022-09-02T13:30:00-00:00,2022-09-02T13:45:00-00:00,2022-09-02,07,KERCK1G2_7_B1,KERCK1G2_7_B1,KERCK1G2_7_B1,RTPD,LMP,LMP_PRC,KERCK1G2_7_B1,ALL,1,116.44897,3,61
2022-09-02T14:30:00-00:00,2022-09-02T14:45:00-00:00,2022-09-02,08,KERCK1G2_7_B1,KERCK1G2_7_B1,KERCK1G2_7_B1,RTPD,LMP,LMP_PRC,KERCK1G2_7_B1,ALL,1,112.43957,3,61
2022-09-02T15:30:00-00:00,2022-09-02T15:45:00-00:00,2022-09-02,09,KERCK1G2_7_B1,KERCK1G2_7_B1,KERCK1G2_7_B1,RTPD,LMP,LMP_PRC,KERCK1G2_7_B1,ALL,1,129.8253,3,61
2022-09-02T16:30:00-00:00,2022-09-02T16:45:00-00:00,2022-09-02,10,KERCK1G2_7_B1,KERCK1G2_7_B1,KERCK1G2_7_B1,RTPD,LMP,LMP_PRC,KERCK1G2_7_B1,ALL,1,141.3182,3,61
2022-09-02T17:30:00-00:00,2022-09-02T17:45:00-00:00,2022-09-02,11,KERCK1G2_7_B1,KERCK1G2_7_B1,KERCK1G2_7_B1,RTPD,LMP,LMP_PRC,KERCK1G2_7_B1,ALL,1,112.90053,3,61
2022-09-02T18:30:00-00:00,2022-09-02T18:45:00-00:00,2022-09-02,12,KERCK1G2_7_B1,KERCK1G2_7_B1,KERCK1G2_7_B1,RTPD,LMP,LMP_PRC,KERCK1G2_7_B1,ALL,1,122.08231,3,61
2022-09-02T19:30:00-00:00,2022-09-02T19:45:00-00:00,2022-09-02,13,KERCK1G2_7_B1,KERCK1G2_7_B1,KERCK1G2_7_B1,RTPD,LMP,LMP_PRC,KERCK1G2_7_B1,ALL,1,120.732,3,61
2022-09-02T20:30:00-00:00,2022-09-02T20:45:00-00:00,2022-09-02,14,KERCK1G2_7_B1,KERCK1G2_7_B1,KERCK1G2_7_B1,RTPD,LMP,LMP_PRC,KERCK1G2_7_B1,ALL,1,122.87521,3,61
2022-09-02T21:30:00-00:00,2022-09-02T21:45:00-00:00,2022-09-02,15,KERCK1G2_7_B1,KERCK1G2_7_B1,KERCK1G2_7_B1,RTPD,LMP,LMP_PRC,KERCK1G2_7_B1,ALL,1,137.27357,3,61
2022-09-02T22:30:00-00:00,2022-09-02T22:45:00-00:00,2022-09-02,16,KERCK1G2_7_B1,KERCK1G2_7_B1,KERCK1G2_7_B1,RTPD,LMP,LMP_PRC,KERCK1G2_7_B1,ALL,1,187.3296,3,61
2022-09-02T23:30:00-00:00,2022-09-02T23:45:00-00:00,2022-09-02,17,KERCK1G2_7_B1,KERCK1G2_7_B1,KERCK1G2_7_B1,RTPD,LMP,LMP_PRC,KERCK1G2_7_B1,ALL,1,149.63039,3,61
2022-09-03T00:30:00-00:00,2022-09-03T00:45:00-00:00,2022-09-02,18,KERCK1G2_7_B1,KERCK1G2_7_B1,KERCK1G2_7_B1,RTPD,LMP,LMP_PRC,KERCK1G2_7_B1,ALL,1,148.75351,3,61
2022-09-03T01:30:00-00:00,2022-09-03T01:45:00-00:00,2022-09-02,19,KERCK1G2_7_B1,KERCK1G2_7_B1,KERCK1G2_7_B1,RTPD,LMP,LMP_PRC,KERCK1G2_7_B1,ALL,1,219.01859,3,61
2022-09-03T02:30:00-00:00,2022-09-03T02:45:00-00:00,2022-09-02,20,KERCK1G2_7_B1,KERCK1G2_7_B1,KERCK1G2_7_B1,RTPD,LMP,LMP_PRC,KERCK1G2_7_B1,ALL,1,194.79054,3,61
2022-09-03T03:30:00-00:00,2022-09-03T03:45:00-00:00,2022-09-02,21,KERCK1G2_7_B1,KERCK1G2_7_B1,KERCK1G2_7_B1,RTPD,LMP,LMP_PRC,KERCK1G2_7_B1,ALL,1,149.06657,3,61
2022-09-03T04:30:00-00:00,2022-09-03T04:45:00-00:00,2022-09-02,22,KERCK1G2_7_B1,KERCK1G2_7_B1,KERCK1G2_7_B1,RTPD,LMP,LMP_PRC,KERCK1G2_7_B1,ALL,1,144.5907,3,61
2022-09-03T05:30:00-00:00,2022-09-03T05:45:00-00:00,2022-09-02,23,KERCK1G2_7_B1,KERCK1G2_7_B1,KERCK1G2_7_B1,RTPD,LMP,LMP_PRC,KERCK1G2_7_B1,ALL,1,123.47433,3,61
2022-09-03T06:30:00-00:00,2022-09-03T06:45:00-00:00,2022-09-02,24,KERCK1G2_7_B1,KERCK1G2_7_B1,KERCK1G2_7_B1,RTPD,LMP,LMP_PRC,KERCK1G2_7_B1,ALL,1,92.62281,3,61
2022-09-02T07:45:00-00:00,2022-09-02T08:00:00-00:00,2022-09-02,01,KERCK1G2_7_B1,KERCK1G2_7_B1,KERCK1G2_7_B1,RTPD,LMP,LMP_PRC,KERCK1G2_7_B1,ALL,1,117.98359,4,61
2022-09-02T08:45:00-00:00,2022-09-02T09:00:00-00:00,2022-09-02,02,KERCK1G2_7_B1,KERCK1G2_7_B1,KERCK1G2_7_B1,RTPD,LMP,LMP_PRC,KERCK1G2_7_B1,ALL,1,119.215,4,61
2022-09-02T09:45:00-00:00,2022-09-02T10:00:00-00:00,2022-09-02,03,KERCK1G2_7_B1,KERCK1G2_7_B1,KERCK1G2_7_B1,RTPD,LMP,LMP_PRC,KERCK1G2_7_B1,ALL,1,120.41107,4,61
2022-09-02T10:45:00-00:00,2022-09-02T11:00:00-00:00,2022-09-02,04,KERCK1G2_7_B1,KERCK1G2_7_B1,KERCK1G2_7_B1,RTPD,LMP,LMP_PRC,KERCK1G2_7_B1,ALL,1,113.87598,4,61
2022-09-02T11:45:00-00:00,2022-09-02T12:00:00-00:00,2022-09-02,05,KERCK1G2_7_B1,KERCK1G2_7_B1,KERCK1G2_7_B1,RTPD,LMP,LMP_PRC,KERCK1G2_7_B1,ALL,1,148.30066,4,61
2022-09-02T12:45:00-00:00,2022-09-02T13:00:00-00:00,2022-09-02,06,KERCK1G2_7_B1,KERCK1G2_7_B1,KERCK1G2_7_B1,RTPD,LMP,LMP_PRC,KERCK1G2_7_B1,ALL,1,145.16174,4,61
2022-09-02T13:45:00-00:00,2022-09-02T14:00:00-00:00,2022-09-02,07,KERCK1G2_7_B1,KERCK1G2_7_B1,KERCK1G2_7_B1,RTPD,LMP,LMP_PRC,KERCK1G2_7_B1,ALL,1,110.23694,4,61
2022-09-02T14:45:00-00:00,2022-09-02T15:00:00-00:00,2022-09-02,08,KERCK1G2_7_B1,KERCK1G2_7_B1,KERCK1G2_7_B1,RTPD,LMP,LMP_PRC,KERCK1G2_7_B1,ALL,1,97.30037,4,61
2022-09-02T15:45:00-00:00,2022-09-02T16:00:00-00:00,2022-09-02,09,KERCK1G2_7_B1,KERCK1G2_7_B1,KERCK1G2_7_B1,RTPD,LMP,LMP_PRC,KERCK1G2_7_B1,ALL,1,131.67535,4,61
2022-09-02T16:45:00-00:00,2022-09-02T17:00:00-00:00,2022-09-02,10,KERCK1G2_7_B1,KERCK1G2_7_B1,KERCK1G2_7_B1,RTPD,LMP,LMP_PRC,KERCK1G2_7_B1,ALL,1,147.65767,4,61
2022-09-02T17:45:00-00:00,2022-09-02T18:00:00-00:00,2022-09-02,11,KERCK1G2_7_B1,KERCK1G2_7_B1,KERCK1G2_7_B1,RTPD,LMP,LMP_PRC,KERCK1G2_7_B1,ALL,1,115.44504,4,61
2022-09-02T18:45:00-00:00,2022-09-02T19:00:00-00:00,2022-09-02,12,KERCK1G2_7_B1,KERCK1G2_7_B1,KERCK1G2_7_B1,RTPD,LMP,LMP_PRC,KERCK1G2_7_B1,ALL,1,130.6592,4,61
2022-09-02T19:45:00-00:00,2022-09-02T20:00:00-00:00,2022-09-02,13,KERCK1G2_7_B1,KERCK1G2_7_B1,KERCK1G2_7_B1,RTPD,LMP,LMP_PRC,KERCK1G2_7_B1,ALL,1,138.03818,4,61
2022-09-02T20:45:00-00:00,2022-09-02T21:00:00-00:00,2022-09-02,14,KERCK1G2_7_B1,KERCK1G2_7_B1,KERCK1G2_7_B1,RTPD,LMP,LMP_PRC,KERCK1G2_7_B1,ALL,1,147.93741,4,61
2022-09-02T21:45:00-00:00,2022-09-02T22:00:00-00:00,2022-09-02,15,KERCK1G2_7_B1,KERCK1G2_7_B1,KERCK1G2_7_B1,RTPD,LMP,LMP_PRC,KERCK1G2_7_B1,ALL,1,177.62032,4,61
2022-09-02T22:45:00-00:00,2022-09-02T23:00:00-00:00,2022-09-02,16,KERCK1G2_7_B1,KERCK1G2_7_B1,KERCK1G2_7_B1,RTPD,LMP,LMP_PRC,KERCK1G2_7_B1,ALL,1,247.4294,4,61
2022-09-02T23:45:00-00:00,2022-09-03T00:00:00-00:00,2022-09-02,17,KERCK1G2_7_B1,KERCK1G2_7_B1,KERCK1G2_7_B1,RTPD,LMP,LMP_PRC,KERCK1G2_7_B1,ALL,1,253.08046,4,61
2022-09-03T00:45:00-00:00,2022-09-03T01:00:00-00:00,2022-09-02,18,KERCK1G2_7_B1,KERCK1G2_7_B1,KERCK1G2_7_B1,RTPD,LMP,LMP_PRC,KERCK1G2_7_B1,ALL,1,231.91946,4,61
2022-09-03T01:45:00-00:00,2022-09-03T02:00:00-00:00,2022-09-02,19,KERCK1G2_7_B1,KERCK1G2_7_B1,KERCK1G2_7_B1,RTPD,LMP,LMP_PRC,KERCK1G2_7_B1,ALL,1,299.48355,4,61
2022-09-03T02:45:00-00:00,2022-09-03T03:00:00-00:00,2022-09-02,20,KERCK1G2_7_B1,KERCK1G2_7_B1,KERCK1G2_7_B1,RTPD,LMP,LMP_PRC,KERCK1G2_7_B1,ALL,1,181.03346,4,61
2022-09-03T03:45:00-00:00,2022-09-03T04:00:00-00:00,2022-09-02,21,KERCK1G2_7_B1,KERCK1G2_7_B1,KERCK1G2_7_B1,RTPD,LMP,LMP_PRC,KERCK1G2_7_B1,ALL,1,140.01521,4,61
2022-09-03T04:45:00-00:00,2022-09-03T05:00:00-00:00,2022-09-02,22,KERCK1G2_7_B1,KERCK1G2_7_B1,KERCK1G2_7_B1,RTPD,LMP,LMP_PRC,KERCK1G2_7_B1,ALL,1,126.91493,4,61
2022-09-03T05:45:00-00:00,2022-09-03T06:00:00-00:00,2022-09-02,23,KERCK1G2_7_B1,KERCK1G2_7_B1,KERCK1G2_7_B1,RTPD,LMP,LMP_PRC,KERCK1G2_7_B1,ALL,1,117.33587,4,61
2022-09-03T06:45:00-00:00,2022-09-03T07:00:00-00:00,2022-09-02,24,KERCK1G2_7_B1,KERCK1G2_7_B1,KERCK1G2_7_B1,RTPD,LMP,LMP_PRC,KERCK1G2_7_B1,ALL,1,90.88839,4,61
2022-09-02T07:00:00-00:00,2022-09-02T07:15:00-00:00,2022-09-02,01,KERCK1G2_7_B1,KERCK1G2_7_B1,KERCK1G2_7_B1,RTPD,MCC,LMP_CONG_PRC,KERCK1G2_7_B1,ALL,1,9.50537,1,62
2022-09-02T08:00:00-00:00,2022-09-02T08:15:00-00:00,2022-09-02,02,KERCK1G2_7_B1,KERCK1G2_7_B1,KERCK1G2_7_B1,RTPD,MCC,LMP_CONG_PRC,KERCK1G2_7_B1,ALL,1,25.97853,1,62
2022-09-02T09:00:00-00:00,2022-09-02T09:15:00-00:00,2022-09-02,03,KERCK1G2_7_B1,KERCK1G2_7_B1,KERCK1G2_7_B1,RTPD,MCC,LMP_CONG_PRC,KERCK1G2_7_B1,ALL,1,12.95565,1,62
2022-09-02T10:00:00-00:00,2022-09-02T10:15:00-00:00,2022-09-02,04,KERCK1G2_7_B1,KERCK1G2_7_B1,KERCK1G2_7_B1,RTPD,MCC,LMP_CONG_PRC,KERCK1G2_7_B1,ALL,1,10.77815,1,62
2022-09-02T11:00:00-00:00,2022-09-02T11:15:00-00:00,2022-09-02,05,KERCK1G2_7_B1,KERCK1G2_7_B1,KERCK1G2_7_B1,RTPD,MCC,LMP_CONG_PRC,KERCK1G2_7_B1,ALL,1,11.60562,1,62
2022-09-02T12:00:00-00:00,2022-09-02T12:15:00-00:00,2022-09-02,06,KERCK1G2_7_B1,KERCK1G2_7_B1,KERCK1G2_7_B1,RTPD,MCC,LMP_CONG_PRC,KERCK1G2_7_B1,ALL,1,36.89012,1,62
2022-09-02T13:00:00-00:00,2022-09-02T13:15:00-00:00,2022-09-02,07,KERCK1G2_7_B1,KERCK1G2_7_B1,KERCK1G2_7_B1,RTPD,MCC,LMP_CONG_PRC,KERCK1G2_7_B1,ALL,1,32.93378,1,62
2022-09-02T14:00:00-00:00,2022-09-02T14:15:00-00:00,2022-09-02,08,KERCK1G2_7_B1,KERCK1G2_7_B1,KERCK1G2_7_B1,RTPD,MCC,LMP_CONG_PRC,KERCK1G2_7_B1,ALL,1,2.53121,1,62
2022-09-02T15:00:00-00:00,2022-09-02T15:15:00-00:00,2022-09-02,09,KERCK1G2_7_B1,KERCK1G2_7_B1,KERCK1G2_7_B1,RTPD,MCC,LMP_CONG_PRC,KERCK1G2_7_B1,ALL,1,1.54119,1,62
2022-09-02T16:00:00-00:00,2022-09-02T16:15:00-00:00,2022-09-02,10,KERCK1G2_7_B1,KERCK1G2_7_B1,KERCK1G2_7_B1,RTPD,MCC,LMP_CONG_PRC,KERCK1G2_7_B1,ALL,1,40.6207,1,62
2022-09-02T17:00:00-00:00,2022-09-02T17:15:00-00:00,2022-09-02,11,KERCK1G2_7_B1,KERCK1G2_7_B1,KERCK1G2_7_B1,RTPD,MCC,LMP_CONG_PRC,KERCK1G2_7_B1,ALL,1,0,1,62
2022-09-02T18:00:00-00:00,2022-09-02T18:15:00-00:00,2022-09-02,12,KERCK1G2_7_B1,KERCK1G2_7_B1,KERCK1G2_7_B1,RTPD,MCC,LMP_CONG_PRC,KERCK1G2_7_B1,ALL,1,0,1,62
2022-09-02T19:00:00-00:00,2022-09-02T19:15:00-00:00,2022-09-02,13,KERCK1G2_7_B1,KERCK1G2_7_B1,KERCK1G2_7_B1,RTPD,MCC,LMP_CONG_PRC,KERCK1G2_7_B1,ALL,1,0,1,62
2022-09-02T20:00:00-00:00,2022-09-02T20:15:00-00:00,2022-09-02,14,KERCK1G2_7_B1,KERCK1G2_7_B1,KERCK1G2_7_B1,RTPD,MCC,LMP_CONG_PRC,KERCK1G2_7_B1,ALL,1,0,1,62
2022-09-02T21:00:00-00:00,2022-09-02T21:15:00-00:00,2022-09-02,15,KERCK1G2_7_B1,KERCK1G2_7_B1,KERCK1G2_7_B1,RTPD,MCC,LMP_CONG_PRC,KERCK1G2_7_B1,ALL,1,0,1,62
2022-09-02T22:00:00-00:00,2022-09-02T22:15:00-00:00,2022-09-02,16,KERCK1G2_7_B1,KERCK1G2_7_B1,KERCK1G2_7_B1,RTPD,MCC,LMP_CONG_PRC,KERCK1G2_7_B1,ALL,1,0,1,62
2022-09-02T23:00:00-00:00,2022-09-02T23:15:00-00:00,2022-09-02,17,KERCK1G2_7_B1,KERCK1G2_7_B1,KERCK1G2_7_B1,RTPD,MCC,LMP_CONG_PRC,KERCK1G2_7_B1,ALL,1,-7.75751,1,62
2022-09-03T00:00:00-00:00,2022-09-03T00:15:00-00:00,2022-09-02,18,KERCK1G2_7_B1,KERCK1G2_7_B1,KERCK1G2_7_B1,RTPD,MCC,LMP_CONG_PRC,KERCK1G2_7_B1,ALL,1,-129.81262,1,62
2022-09-03T01:00:00-00:00,2022-09-03T01:15:00-00:00,2022-09-02,19,KERCK1G2_7_B1,KERCK1G2_7_B1,KERCK1G2_7_B1,RTPD,MCC,LMP_CONG_PRC,KERCK1G2_7_B1,ALL,1,-35.00004,1,62
2022-09-03T02:00:00-00:00,2022-09-03T02:15:00-00:00,2022-09-02,20,KERCK1G2_7_B1,KERCK1G2_7_B1,KERCK1G2_7_B1,RTPD,MCC,LMP_CONG_PRC,KERCK1G2_7_B1,ALL,1,0,1,62
2022-09-03T03:00:00-00:00,2022-09-03T03:15:00-00:00,2022-09-02,21,KERCK1G2_7_B1,KERCK1G2_7_B1,KERCK1G2_7_B1,RTPD,MCC,LMP_CONG_PRC,KERCK1G2_7_B1,ALL,1,0,1,62
2022-09-03T04:00:00-00:00,2022-09-03T04:15:00-00:00,2022-09-02,22,KERCK1G2_7_B1,KERCK1G2_7_B1,KERCK1G2_7_B1,RTPD,MCC,LMP_CONG_PRC,KERCK1G2_7_B1,ALL,1,-2.11024,1,62
2022-09-03T05:00:00-00:00,2022-09-03T05:15:00-00:00,2022-09-02,23,KERCK1G2_7_B1,KERCK1G2_7_B1,KERCK1G2_7_B1,RTPD,MCC,LMP_CONG_PRC,KERCK1G2_7_B1,ALL,1,-11.48936,1,62
2022-09-03T06:00:00-00:00,2022-09-03T06:15:00-00:00,2022-09-02,24,KERCK1G2_7_B1,KERCK1G2_7_B1,KERCK1G2_7_B1,RTPD,MCC,LMP_CONG_PRC,KERCK1G2_7_B1,ALL,1,443.7561,1,62
2022-09-02T07:15:00-00:00,2022-09-02T07:30:00-00:00,2022-09-02,01,KERCK1G2_7_B1,KERCK1G2_7_B1,KERCK1G2_7_B1,RTPD,MCC,LMP_CONG_PRC,KERCK1G2_7_B1,ALL,1,9.52092,2,62
2022-09-02T08:15:00-00:00,2022-09-02T08:30:00-00:00,2022-09-02,02,KERCK1G2_7_B1,KERCK1G2_7_B1,KERCK1G2_7_B1,RTPD,MCC,LMP_CONG_PRC,KERCK1G2_7_B1,ALL,1,51.08586,2,62
2022-09-02T09:15:00-00:00,2022-09-02T09:30:00-00:00,2022-09-02,03,KERCK1G2_7_B1,KERCK1G2_7_B1,KERCK1G2_7_B1,RTPD,MCC,LMP_CONG_PRC,KERCK1G2_7_B1,ALL,1,23.38219,2,62
2022-09-02T10:15:00-00:00,2022-09-02T10:30:00-00:00,2022-09-02,04,KERCK1G2_7_B1,KERCK1G2_7_B1,KERCK1G2_7_B1,RTPD,MCC,LMP_CONG_PRC,KERCK1G2_7_B1,ALL,1,7.37879,2,62
2022-09-02T11:15:00-00:00,2022-09-02T11:30:00-00:00,2022-09-02,05,KERCK1G2_7_B1,KERCK1G2_7_B1,KERCK1G2_7_B1,RTPD,MCC,LMP_CONG_PRC,KERCK1G2_7_B1,ALL,1,13.8522,2,62
2022-09-02T12:15:00-00:00,2022-09-02T12:30:00-00:00,2022-09-02,06,KERCK1G2_7_B1,KERCK1G2_7_B1,KERCK1G2_7_B1,RTPD,MCC,LMP_CONG_PRC,KERCK1G2_7_B1,ALL,1,34.43716,2,62
2022-09-02T13:15:00-00:00,2022-09-02T13:30:00-00:00,2022-09-02,07,KERCK1G2_7_B1,KERCK1G2_7_B1,KERCK1G2_7_B1,RTPD,MCC,LMP_CONG_PRC,KERCK1G2_7_B1,ALL,1,29.80002,2,62
2022-09-02T14:15:00-00:00,2022-09-02T14:30:00-00:00,2022-09-02,08,KERCK1G2_7_B1,KERCK1G2_7_B1,KERCK1G2_7_B1,RTPD,MCC,LMP_CONG_PRC,KERCK1G2_7_B1,ALL,1,3.6139,2,62
2022-09-02T15:15:00-00:00,2022-09-02T15:30:00-00:00,2022-09-02,09,KERCK1G2_7_B1,KERCK1G2_7_B1,KERCK1G2_7_B1,RTPD,MCC,LMP_CONG_PRC,KERCK1G2_7_B1,ALL,1,45.64772,2,62
2022-09-02T16:15:00-00:00,2022-09-02T16:30:00-00:00,2022-09-02,10,KERCK1G2_7_B1,KERCK1G2_7_B1,KERCK1G2_7_B1,RTPD,MCC,LMP_CONG_PRC,KERCK1G2_7_B1,ALL,1,37.55915,2,62
2022-09-02T17:15:00-00:00,2022-09-02T17:30:00-00:00,2022-09-02,11,KERCK1G2_7_B1,KERCK1G2_7_B1,KERCK1G2_7_B1,RTPD,MCC,LMP_CONG_PRC,KERCK1G2_7_B1,ALL,1,0,2,62
2022-09-02T18:15:00-00:00,2022-09-02T18:30:00-00:00,2022-09-02,12,KERCK1G2_7_B1,KERCK1G2_7_B1,KERCK1G2_7_B1,RTPD,MCC,LMP_CONG_PRC,KERCK1G2_7_B1,ALL,1,0,2,62
2022-09-02T19:15:00-00:00,2022-09-02T19:30:00-00:00,2022-09-02,13,KERCK1G2_7_B1,KERCK1G2_7_B1,KERCK1G2_7_B1,RTPD,MCC,LMP_CONG_PRC,KERCK1G2_7_B1,ALL,1,0,2,62
2022-09-02T20:15:00-00:00,2022-09-02T20:30:00-00:00,2022-09-02,14,KERCK1G2_7_B1,KERCK1G2_7_B1,KERCK1G2_7_B1,RTPD,MCC,LMP_CONG_PRC,KERCK1G2_7_B1,ALL,1,-0.00161,2,62
2022-09-02T21:15:00-00:00,2022-09-02T21:30:00-00:00,2022-09-02,15,KERCK1G2_7_B1,KERCK1G2_7_B1,KERCK1G2_7_B1,RTPD,MCC,LMP_CONG_PRC,KERCK1G2_7_B1,ALL,1,0,2,62
2022-09-02T22:15:00-00:00,2022-09-02T22:30:00-00:00,2022-09-02,16,KERCK1G2_7_B1,KERCK1G2_7_B1,KERCK1G2_7_B1,RTPD,MCC,LMP_CONG_PRC,KERCK1G2_7_B1,ALL,1,-0.23073,2,62
2022-09-02T23:15:00-00:00,2022-09-02T23:30:00-00:00,2022-09-02,17,KERCK1G2_7_B1,KERCK1G2_7_B1,KERCK1G2_7_B1,RTPD,MCC,LMP_CONG_PRC,KERCK1G2_7_B1,ALL,1,-14.76006,2,62
2022-09-03T00:15:00-00:00,2022-09-03T00:30:00-00:00,2022-09-02,18,KERCK1G2_7_B1,KERCK1G2_7_B1,KERCK1G2_7_B1,RTPD,MCC,LMP_CONG_PRC,KERCK1G2_7_B1,ALL,1,-38.82696,2,62
2022-09-03T01:15:00-00:00,2022-09-03T01:30:00-00:00,2022-09-02,19,KERCK1G2_7_B1,KERCK1G2_7_B1,KERCK1G2_7_B1,RTPD,MCC,LMP_CONG_PRC,KERCK1G2_7_B1,ALL,1,-77.33151,2,62
2022-09-03T02:15:00-00:00,2022-09-03T02:30:00-00:00,2022-09-02,20,KERCK1G2_7_B1,KERCK1G2_7_B1,KERCK1G2_7_B1,RTPD,MCC,LMP_CONG_PRC,KERCK1G2_7_B1,ALL,1,0,2,62
2022-09-03T03:15:00-00:00,2022-09-03T03:30:00-00:00,2022-09-02,21,KERCK1G2_7_B1,KERCK1G2_7_B1,KERCK1G2_7_B1,RTPD,MCC,LMP_CONG_PRC,KERCK1G2_7_B1,ALL,1,0,2,62
2022-09-03T04:15:00-00:00,2022-09-03T04:30:00-00:00,2022-09-02,22,KERCK1G2_7_B1,KERCK1G2_7_B1,KERCK1G2_7_B1,RTPD,MCC,LMP_CONG_PRC,KERCK1G2_7_B1,ALL,1,87.10829,2,62
2022-09-03T05:15:00-00:00,2022-09-03T05:30:00-00:00,2022-09-02,23,KERCK1G2_7_B1,KERCK1G2_7_B1,KERCK1G2_7_B1,RTPD,MCC,LMP_CONG_PRC,KERCK1G2_7_B1,ALL,1,-22.6595,2,62
2022-09-03T06:15:00-00:00,2022-09-03T06:30:00-00:00,2022-09-02,24,KERCK1G2_7_B1,KERCK1G2_7_B1,KERCK1G2_7_B1,RTPD,MCC,LMP_CONG_PRC,KERCK1G2_7_B1,ALL,1,-14.43586,2,62
2022-09-02T07:30:00-00:00,2022-09-02T07:45:00-00:00,2022-09-02,01,KERCK1G2_7_B1,KERCK1G2_7_B1,KERCK1G2_7_B1,RTPD,MCC,LMP_CONG_PRC,KERCK1G2_7_B1,ALL,1,10.99083,3,62
2022-09-02T08:30:00-00:00,2022-09-02T08:45:00-00:00,2022-09-02,02,KERCK1G2_7_B1,KERCK1G2_7_B1,KERCK1G2_7_B1,RTPD,MCC,LMP_CONG_PRC,KERCK1G2_7_B1,ALL,1,10.45484,3,62
2022-09-02T09:30:00-00:00,2022-09-02T09:45:00-00:00,2022-09-02,03,KERCK1G2_7_B1,KERCK1G2_7_B1,KERCK1G2_7_B1,RTPD,MCC,LMP_CONG_PRC,KERCK1G2_7_B1,ALL,1,23.73939,3,62
2022-09-02T10:30:00-00:00,2022-09-02T10:45:00-00:00,2022-09-02,04,KERCK1G2_7_B1,KERCK1G2_7_B1,KERCK1G2_7_B1,RTPD,MCC,LMP_CONG_PRC,KERCK1G2_7_B1,ALL,1,17.24627,3,62
2022-09-02T11:30:00-00:00,2022-09-02T11:45:00-00:00,2022-09-02,05,KERCK1G2_7_B1,KERCK1G2_7_B1,KERCK1G2_7_B1,RTPD,MCC,LMP_CONG_PRC,KERCK1G2_7_B1,ALL,1,8.55179,3,62
2022-09-02T12:30:00-00:00,2022-09-02T12:45:00-00:00,2022-09-02,06,KERCK1G2_7_B1,KERCK1G2_7_B1,KERCK1G2_7_B1,RTPD,MCC,LMP_CONG_PRC,KERCK1G2_7_B1,ALL,1,26.91016,3,62
2022-09-02T13:30:00-00:00,2022-09-02T13:45:00-00:00,2022-09-02,07,KERCK1G2_7_B1,KERCK1G2_7_B1,KERCK1G2_7_B1,RTPD,MCC,LMP_CONG_PRC,KERCK1G2_7_B1,ALL,1,4.95648,3,62
2022-09-02T14:30:00-00:00,2022-09-02T14:45:00-00:00,2022-09-02,08,KERCK1G2_7_B1,KERCK1G2_7_B1,KERCK1G2_7_B1,RTPD,MCC,LMP_CONG_PRC,KERCK1G2_7_B1,ALL,1,3.10097,3,62
2022-09-02T15:30:00-00:00,2022-09-02T15:45:00-00:00,2022-09-02,09,KERCK1G2_7_B1,KERCK1G2_7_B1,KERCK1G2_7_B1,RTPD,MCC,LMP_CONG_PRC,KERCK1G2_7_B1,ALL,1,48.4653,3,62
2022-09-02T16:30:00-00:00,2022-09-02T16:45:00-00:00,2022-09-02,10,KERCK1G2_7_B1,KERCK1G2_7_B1,KERCK1G2_7_B1,RTPD,MCC,LMP_CONG_PRC,KERCK1G2_7_B1,ALL,1,40.621,3,62
2022-09-02T17:30:00-00:00,2022-09-02T17:45:00-00:00,2022-09-02,11,KERCK1G2_7_B1,KERCK1G2_7_B1,KERCK1G2_7_B1,RTPD,MCC,LMP_CONG_PRC,KERCK1G2_7_B1,ALL,1,0,3,62
2022-09-02T18:30:00-00:00,2022-09-02T18:45:00-00:00,2022-09-02,12,KERCK1G2_7_B1,KERCK1G2_7_B1,KERCK1G2_7_B1,RTPD,MCC,LMP_CONG_PRC,KERCK1G2_7_B1,ALL,1,0,3,62
2022-09-02T19:30:00-00:00,2022-09-02T19:45:00-00:00,2022-09-02,13,KERCK1G2_7_B1,KERCK1G2_7_B1,KERCK1G2_7_B1,RTPD,MCC,LMP_CONG_PRC,KERCK1G2_7_B1,ALL,1,0,3,62
2022-09-02T20:30:00-00:00,2022-09-02T20:45:00-00:00,2022-09-02,14,KERCK1G2_7_B1,KERCK1G2_7_B1,KERCK1G2_7_B1,RTPD,MCC,LMP_CONG_PRC,KERCK1G2_7_B1,ALL,1,0,3,62
2022-09-02T21:30:00-00:00,2022-09-02T21:45:00-00:00,2022-09-02,15,KERCK1G2_7_B1,KERCK1G2_7_B1,KERCK1G2_7_B1,RTPD,MCC,LMP_CONG_PRC,KERCK1G2_7_B1,ALL,1,0,3,62
2022-09-02T22:30:00-00:00,2022-09-02T22:45:00-00:00,2022-09-02,16,KERCK1G2_7_B1,KERCK1G2_7_B1,KERCK1G2_7_B1,RTPD,MCC,LMP_CONG_PRC,KERCK1G2_7_B1,ALL,1,0,3,62
2022-09-02T23:30:00-00:00,2022-09-02T23:45:00-00:00,2022-09-02,17,KERCK1G2_7_B1,KERCK1G2_7_B1,KERCK1G2_7_B1,RTPD,MCC,LMP_CONG_PRC,KERCK1G2_7_B1,ALL,1,-7.40335,3,62
2022-09-03T00:30:00-00:00,2022-09-03T00:45:00-00:00,2022-09-02,18,KERCK1G2_7_B1,KERCK1G2_7_B1,KERCK1G2_7_B1,RTPD,MCC,LMP_CONG_PRC,KERCK1G2_7_B1,ALL,1,-85.67541,3,62
2022-09-03T01:30:00-00:00,2022-09-03T01:45:00-00:00,2022-09-02,19,KERCK1G2_7_B1,KERCK1G2_7_B1,KERCK1G2_7_B1,RTPD,MCC,LMP_CONG_PRC,KERCK1G2_7_B1,ALL,1,-31.39397,3,62
2022-09-03T02:30:00-00:00,2022-09-03T02:45:00-00:00,2022-09-02,20,KERCK1G2_7_B1,KERCK1G2_7_B1,KERCK1G2_7_B1,RTPD,MCC,LMP_CONG_PRC,KERCK1G2_7_B1,ALL,1,0.95097,3,62
2022-09-03T03:30:00-00:00,2022-09-03T03:45:00-00:00,2022-09-02,21,KERCK1G2_7_B1,KERCK1G2_7_B1,KERCK1G2_7_B1,RTPD,MCC,LMP_CONG_PRC,KERCK1G2_7_B1,ALL,1,0,3,62
2022-09-03T04:30:00-00:00,2022-09-03T04:45:00-00:00,2022-09-02,22,KERCK1G2_7_B1,KERCK1G2_7_B1,KERCK1G2_7_B1,RTPD,MCC,LMP_CONG_PRC,KERCK1G2_7_B1,ALL,1,-9.9794,3,62
2022-09-03T05:30:00-00:00,2022-09-03T05:45:00-00:00,2022-09-02,23,KERCK1G2_7_B1,KERCK1G2_7_B1,KERCK1G2_7_B1,RTPD,MCC,LMP_CONG_PRC,KERCK1G2_7_B1,ALL,1,-25.28721,3,62
2022-09-03T06:30:00-00:00,2022-09-03T06:45:00-00:00,2022-09-02,24,KERCK1G2_7_B1,KERCK1G2_7_B1,KERCK1G2_7_B1,RTPD,MCC,LMP_CONG_PRC,KERCK1G2_7_B1,ALL,1,-35.16917,3,62
2022-09-02T07:45:00-00:00,2022-09-02T08:00:00-00:00,2022-09-02,01,KERCK1G2_7_B1,KERCK1G2_7_B1,KERCK1G2_7_B1,RTPD,MCC,LMP_CONG_PRC,KERCK1G2_7_B1,ALL,1,8.0396,4,62
2022-09-02T08:45:00-00:00,2022-09-02T09:00:00-00:00,2022-09-02,02,KERCK1G2_7_B1,KERCK1G2_7_B1,KERCK1G2_7_B1,RTPD,MCC,LMP_CONG_PRC,KERCK1G2_7_B1,ALL,1,8.18272,4,62
2022-09-02T09:45:00-00:00,2022-09-02T10:00:00-00:00,2022-09-02,03,KERCK1G2_7_B1,KERCK1G2_7_B1,KERCK1G2_7_B1,RTPD,MCC,LMP_CONG_PRC,KERCK1G2_7_B1,ALL,1,10.2101,4,62
2022-09-02T10:45:00-00:00,2022-09-02T11:00:00-00:00,2022-09-02,04,KERCK1G2_7_B1,KERCK1G2_7_B1,KERCK1G2_7_B1,RTPD,MCC,LMP_CONG_PRC,KERCK1G2_7_B1,ALL,1,3.81487,4,62
2022-09-02T11:45:00-00:00,2022-09-02T12:00:00-00:00,2022-09-02,05,KERCK1G2_7_B1,KERCK1G2_7_B1,KERCK1G2_7_B1,RTPD,MCC,LMP_CONG_PRC,KERCK1G2_7_B1,ALL,1,38.8092,4,62
2022-09-02T12:45:00-00:00,2022-09-02T13:00:00-00:00,2022-09-02,06,KERCK1G2_7_B1,KERCK1G2_7_B1,KERCK1G2_7_B1,RTPD,MCC,LMP_CONG_PRC,KERCK1G2_7_B1,ALL,1,37.07418,4,62
2022-09-02T13:45:00-00:00,2022-09-02T14:00:00-00:00,2022-09-02,07,KERCK1G2_7_B1,KERCK1G2_7_B1,KERCK1G2_7_B1,RTPD,MCC,LMP_CONG_PRC,KERCK1G2_7_B1,ALL,1,5.14877,4,62
2022-09-02T14:45:00-00:00,2022-09-02T15:00:00-00:00,2022-09-02,08,KERCK1G2_7_B1,KERCK1G2_7_B1,KERCK1G2_7_B1,RTPD,MCC,LMP_CONG_PRC,KERCK1G2_7_B1,ALL,1,3.73398,4,62
2022-09-02T15:45:00-00:00,2022-09-02T16:00:00-00:00,2022-09-02,09,KERCK1G2_7_B1,KERCK1G2_7_B1,KERCK1G2_7_B1,RTPD,MCC,LMP_CONG_PRC,KERCK1G2_7_B1,ALL,1,37.92319,4,62
2022-09-02T16:45:00-00:00,2022-09-02T17:00:00-00:00,2022-09-02,10,KERCK1G2_7_B1,KERCK1G2_7_B1,KERCK1G2_7_B1,RTPD,MCC,LMP_CONG_PRC,KERCK1G2_7_B1,ALL,1,42.14641,4,62
2022-09-02T17:45:00-00:00,2022-09-02T18:00:00-00:00,2022-09-02,11,KERCK1G2_7_B1,KERCK1G2_7_B1,KERCK1G2_7_B1,RTPD,MCC,LMP_CONG_PRC,KERCK1G2_7_B1,ALL,1,0,4,62
2022-09-02T18:45:00-00:00,2022-09-02T19:00:00-00:00,2022-09-02,12,KERCK1G2_7_B1,KERCK1G2_7_B1,KERCK1G2_7_B1,RTPD,MCC,LMP_CONG_PRC,KERCK1G2_7_B1,ALL,1,0,4,62
2022-09-02T19:45:00-00:00,2022-09-02T20:00:00-00:00,2022-09-02,13,KERCK1G2_7_B1,KERCK1G2_7_B1,KERCK1G2_7_B1,RTPD,MCC,LMP_CONG_PRC,KERCK1G2_7_B1,ALL,1,0,4,62
2022-09-02T20:45:00-00:00,2022-09-02T21:00:00-00:00,2022-09-02,14,KERCK1G2_7_B1,KERCK1G2_7_B1,KERCK1G2_7_B1,RTPD,MCC,LMP_CONG_PRC,KERCK1G2_7_B1,ALL,1,0,4,62
2022-09-02T21:45:00-00:00,2022-09-02T22:00:00-00:00,2022-09-02,15,KERCK1G2_7_B1,KERCK1G2_7_B1,KERCK1G2_7_B1,RTPD,MCC,LMP_CONG_PRC,KERCK1G2_7_B1,ALL,1,0,4,62
2022-09-02T22:45:00-00:00,2022-09-02T23:00:00-00:00,2022-09-02,16,KERCK1G2_7_B1,KERCK1G2_7_B1,KERCK1G2_7_B1,RTPD,MCC,LMP_CONG_PRC,KERCK1G2_7_B1,ALL,1,-21.87896,4,62
2022-09-02T23:45:00-00:00,2022-09-03T00:00:00-00:00,2022-09-02,17,KERCK1G2_7_B1,KERCK1G2_7_B1,KERCK1G2_7_B1,RTPD,MCC,LMP_CONG_PRC,KERCK1G2_7_B1,ALL,1,-34.03085,4,62
2022-09-03T00:45:00-00:00,2022-09-03T01:00:00-00:00,2022-09-02,18,KERCK1G2_7_B1,KERCK1G2_7_B1,KERCK1G2_7_B1,RTPD,MCC,LMP_CONG_PRC,KERCK1G2_7_B1,ALL,1,-10.24687,4,62
2022-09-03T01:45:00-00:00,2022-09-03T02:00:00-00:00,2022-09-02,19,KERCK1G2_7_B1,KERCK1G2_7_B1,KERCK1G2_7_B1,RTPD,MCC,LMP_CONG_PRC,KERCK1G2_7_B1,ALL,1,-5.07241,4,62
2022-09-03T02:45:00-00:00,2022-09-03T03:00:00-00:00,2022-09-02,20,KERCK1G2_7_B1,KERCK1G2_7_B1,KERCK1G2_7_B1,RTPD,MCC,LMP_CONG_PRC,KERCK1G2_7_B1,ALL,1,11.8031,4,62
2022-09-03T03:45:00-00:00,2022-09-03T04:00:00-00:00,2022-09-02,21,KERCK1G2_7_B1,KERCK1G2_7_B1,KERCK1G2_7_B1,RTPD,MCC,LMP_CONG_PRC,KERCK1G2_7_B1,ALL,1,0,4,62
2022-09-03T04:45:00-00:00,2022-09-03T05:00:00-00:00,2022-09-02,22,KERCK1G2_7_B1,KERCK1G2_7_B1,KERCK1G2_7_B1,RTPD,MCC,LMP_CONG_PRC,KERCK1G2_7_B1,ALL,1,-2.75247,4,62
2022-09-03T05:45:00-00:00,2022-09-03T06:00:00-00:00,2022-09-02,23,KERCK1G2_7_B1,KERCK1G2_7_B1,KERCK1G2_7_B1,RTPD,MCC,LMP_CONG_PRC,KERCK1G2_7_B1,ALL,1,-3.36704,4,62
2022-09-03T06:45:00-00:00,2022-09-03T07:00:00-00:00,2022-09-02,24,KERCK1G2_7_B1,KERCK1G2_7_B1,KERCK1G2_7_B1,RTPD,MCC,LMP_CONG_PRC,KERCK1G2_7_B1,ALL,1,-18.51486,4,62
2022-09-02T07:00:00-00:00,2022-09-02T07:15:00-00:00,2022-09-02,01,KERCK1G2_7_B1,KERCK1G2_7_B1,KERCK1G2_7_B1,RTPD,MCE,LMP_ENE_PRC,KERCK1G2_7_B1,ALL,1,128.45242,1,63
2022-09-02T08:00:00-00:00,2022-09-02T08:15:00-00:00,2022-09-02,02,KERCK1G2_7_B1,KERCK1G2_7_B1,KERCK1G2_7_B1,RTPD,MCE,LMP_ENE_PRC,KERCK1G2_7_B1,ALL,1,119.60895,1,63
2022-09-02T09:00:00-00:00,2022-09-02T09:15:00-00:00,2022-09-02,03,KERCK1G2_7_B1,KERCK1G2_7_B1,KERCK1G2_7_B1,RTPD,MCE,LMP_ENE_PRC,KERCK1G2_7_B1,ALL,1,114.19063,1,63
2022-09-02T10:00:00-00:00,2022-09-02T10:15:00-00:00,2022-09-02,04,KERCK1G2_7_B1,KERCK1G2_7_B1,KERCK1G2_7_B1,RTPD,MCE,LMP_ENE_PRC,KERCK1G2_7_B1,ALL,1,103.99956,1,63
2022-09-02T11:00:00-00:00,2022-09-02T11:15:00-00:00,2022-09-02,05,KERCK1G2_7_B1,KERCK1G2_7_B1,KERCK1G2_7_B1,RTPD,MCE,LMP_ENE_PRC,KERCK1G2_7_B1,ALL,1,99.79609,1,63
2022-09-02T12:00:00-00:00,2022-09-02T12:15:00-00:00,2022-09-02,06,KERCK1G2_7_B1,KERCK1G2_7_B1,KERCK1G2_7_B1,RTPD,MCE,LMP_ENE_PRC,KERCK1G2_7_B1,ALL,1,103.63711,1,63
2022-09-02T13:00:00-00:00,2022-09-02T13:15:00-00:00,2022-09-02,07,KERCK1G2_7_B1,KERCK1G2_7_B1,KERCK1G2_7_B1,RTPD,MCE,LMP_ENE_PRC,KERCK1G2_7_B1,ALL,1,105.96778,1,63
2022-09-02T14:00:00-00:00,2022-09-02T14:15:00-00:00,2022-09-02,08,KERCK1G2_7_B1,KERCK1G2_7_B1,KERCK1G2_7_B1,RTPD,MCE,LMP_ENE_PRC,KERCK1G2_7_B1,ALL,1,113.93965,1,63
2022-09-02T15:00:00-00:00,2022-09-02T15:15:00-00:00,2022-09-02,09,KERCK1G2_7_B1,KERCK1G2_7_B1,KERCK1G2_7_B1,RTPD,MCE,LMP_ENE_PRC,KERCK1G2_7_B1,ALL,1,87.89648,1,63
2022-09-02T16:00:00-00:00,2022-09-02T16:15:00-00:00,2022-09-02,10,KERCK1G2_7_B1,KERCK1G2_7_B1,KERCK1G2_7_B1,RTPD,MCE,LMP_ENE_PRC,KERCK1G2_7_B1,ALL,1,86.73757,1,63
2022-09-02T17:00:00-00:00,2022-09-02T17:15:00-00:00,2022-09-02,11,KERCK1G2_7_B1,KERCK1G2_7_B1,KERCK1G2_7_B1,RTPD,MCE,LMP_ENE_PRC,KERCK1G2_7_B1,ALL,1,93.53587,1,63
2022-09-02T18:00:00-00:00,2022-09-02T18:15:00-00:00,2022-09-02,12,KERCK1G2_7_B1,KERCK1G2_7_B1,KERCK1G2_7_B1,RTPD,MCE,LMP_ENE_PRC,KERCK1G2_7_B1,ALL,1,104.54111,1,63
2022-09-02T19:00:00-00:00,2022-09-02T19:15:00-00:00,2022-09-02,13,KERCK1G2_7_B1,KERCK1G2_7_B1,KERCK1G2_7_B1,RTPD,MCE,LMP_ENE_PRC,KERCK1G2_7_B1,ALL,1,107.01684,1,63
2022-09-02T20:00:00-00:00,2022-09-02T20:15:00-00:00,2022-09-02,14,KERCK1G2_7_B1,KERCK1G2_7_B1,KERCK1G2_7_B1,RTPD,MCE,LMP_ENE_PRC,KERCK1G2_7_B1,ALL,1,113.37494,1,63
2022-09-02T21:00:00-00:00,2022-09-02T21:15:00-00:00,2022-09-02,15,KERCK1G2_7_B1,KERCK1G2_7_B1,KERCK1G2_7_B1,RTPD,MCE,LMP_ENE_PRC,KERCK1G2_7_B1,ALL,1,125.15005,1,63
2022-09-02T22:00:00-00:00,2022-09-02T22:15:00-00:00,2022-09-02,16,KERCK1G2_7_B1,KERCK1G2_7_B1,KERCK1G2_7_B1,RTPD,MCE,LMP_ENE_PRC,KERCK1G2_7_B1,ALL,1,146.08907,1,63
2022-09-02T23:00:00-00:00,2022-09-02T23:15:00-00:00,2022-09-02,17,KERCK1G2_7_B1,KERCK1G2_7_B1,KERCK1G2_7_B1,RTPD,MCE,LMP_ENE_PRC,KERCK1G2_7_B1,ALL,1,138.68256,1,63
2022-09-03T00:00:00-00:00,2022-09-03T00:15:00-00:00,2022-09-02,18,KERCK1G2_7_B1,KERCK1G2_7_B1,KERCK1G2_7_B1,RTPD,MCE,LMP_ENE_PRC,KERCK1G2_7_B1,ALL,1,229.3306,1,63
2022-09-03T01:00:00-00:00,2022-09-03T01:15:00-00:00,2022-09-02,19,KERCK1G2_7_B1,KERCK1G2_7_B1,KERCK1G2_7_B1,RTPD,MCE,LMP_ENE_PRC,KERCK1G2_7_B1,ALL,1,152.69885,1,63
2022-09-03T02:00:00-00:00,2022-09-03T02:15:00-00:00,2022-09-02,20,KERCK1G2_7_B1,KERCK1G2_7_B1,KERCK1G2_7_B1,RTPD,MCE,LMP_ENE_PRC,KERCK1G2_7_B1,ALL,1,204.37767,1,63
2022-09-03T03:00:00-00:00,2022-09-03T03:15:00-00:00,2022-09-02,21,KERCK1G2_7_B1,KERCK1G2_7_B1,KERCK1G2_7_B1,RTPD,MCE,LMP_ENE_PRC,KERCK1G2_7_B1,ALL,1,136.90031,1,63
2022-09-03T04:00:00-00:00,2022-09-03T04:15:00-00:00,2022-09-02,22,KERCK1G2_7_B1,KERCK1G2_7_B1,KERCK1G2_7_B1,RTPD,MCE,LMP_ENE_PRC,KERCK1G2_7_B1,ALL,1,155.88805,1,63
2022-09-03T05:00:00-00:00,2022-09-03T05:15:00-00:00,2022-09-02,23,KERCK1G2_7_B1,KERCK1G2_7_B1,KERCK1G2_7_B1,RTPD,MCE,LMP_ENE_PRC,KERCK1G2_7_B1,ALL,1,142.06982,1,63
2022-09-03T06:00:00-00:00,2022-09-03T06:15:00-00:00,2022-09-02,24,KERCK1G2_7_B1,KERCK1G2_7_B1,KERCK1G2_7_B1,RTPD,MCE,LMP_ENE_PRC,KERCK1G2_7_B1,ALL,1,141.54752,1,63
2022-09-02T07:15:00-00:00,2022-09-02T07:30:00-00:00,2022-09-02,01,KERCK1G2_7_B1,KERCK1G2_7_B1,KERCK1G2_7_B1,RTPD,MCE,LMP_ENE_PRC,KERCK1G2_7_B1,ALL,1,120.94146,2,63
2022-09-02T08:15:00-00:00,2022-09-02T08:30:00-00:00,2022-09-02,02,KERCK1G2_7_B1,KERCK1G2_7_B1,KERCK1G2_7_B1,RTPD,MCE,LMP_ENE_PRC,KERCK1G2_7_B1,ALL,1,113.81733,2,63
2022-09-02T09:15:00-00:00,2022-09-02T09:30:00-00:00,2022-09-02,03,KERCK1G2_7_B1,KERCK1G2_7_B1,KERCK1G2_7_B1,RTPD,MCE,LMP_ENE_PRC,KERCK1G2_7_B1,ALL,1,110.97779,2,63
2022-09-02T10:15:00-00:00,2022-09-02T10:30:00-00:00,2022-09-02,04,KERCK1G2_7_B1,KERCK1G2_7_B1,KERCK1G2_7_B1,RTPD,MCE,LMP_ENE_PRC,KERCK1G2_7_B1,ALL,1,103.79594,2,63
2022-09-02T11:15:00-00:00,2022-09-02T11:30:00-00:00,2022-09-02,05,KERCK1G2_7_B1,KERCK1G2_7_B1,KERCK1G2_7_B1,RTPD,MCE,LMP_ENE_PRC,KERCK1G2_7_B1,ALL,1,97.78757,2,63
2022-09-02T12:15:00-00:00,2022-09-02T12:30:00-00:00,2022-09-02,06,KERCK1G2_7_B1,KERCK1G2_7_B1,KERCK1G2_7_B1,RTPD,MCE,LMP_ENE_PRC,KERCK1G2_7_B1,ALL,1,103.09286,2,63
2022-09-02T13:15:00-00:00,2022-09-02T13:30:00-00:00,2022-09-02,07,KERCK1G2_7_B1,KERCK1G2_7_B1,KERCK1G2_7_B1,RTPD,MCE,LMP_ENE_PRC,KERCK1G2_7_B1,ALL,1,107.56083,2,63
2022-09-02T14:15:00-00:00,2022-09-02T14:30:00-00:00,2022-09-02,08,KERCK1G2_7_B1,KERCK1G2_7_B1,KERCK1G2_7_B1,RTPD,MCE,LMP_ENE_PRC,KERCK1G2_7_B1,ALL,1,106.05854,2,63
2022-09-02T15:15:00-00:00,2022-09-02T15:30:00-00:00,2022-09-02,09,KERCK1G2_7_B1,KERCK1G2_7_B1,KERCK1G2_7_B1,RTPD,MCE,LMP_ENE_PRC,KERCK1G2_7_B1,ALL,1,82.25366,2,63
2022-09-02T16:15:00-00:00,2022-09-02T16:30:00-00:00,2022-09-02,10,KERCK1G2_7_B1,KERCK1G2_7_B1,KERCK1G2_7_B1,RTPD,MCE,LMP_ENE_PRC,KERCK1G2_7_B1,ALL,1,90.79105,2,63
2022-09-02T17:15:00-00:00,2022-09-02T17:30:00-00:00,2022-09-02,11,KERCK1G2_7_B1,KERCK1G2_7_B1,KERCK1G2_7_B1,RTPD,MCE,LMP_ENE_PRC,KERCK1G2_7_B1,ALL,1,102.26623,2,63
2022-09-02T18:15:00-00:00,2022-09-02T18:30:00-00:00,2022-09-02,12,KERCK1G2_7_B1,KERCK1G2_7_B1,KERCK1G2_7_B1,RTPD,MCE,LMP_ENE_PRC,KERCK1G2_7_B1,ALL,1,109.04294,2,63
2022-09-02T19:15:00-00:00,2022-09-02T19:30:00-00:00,2022-09-02,13,KERCK1G2_7_B1,KERCK1G2_7_B1,KERCK1G2_7_B1,RTPD,MCE,LMP_ENE_PRC,KERCK1G2_7_B1,ALL,1,112.13756,2,63
2022-09-02T20:15:00-00:00,2022-09-02T20:30:00-00:00,2022-09-02,14,KERCK1G2_7_B1,KERCK1G2_7_B1,KERCK1G2_7_B1,RTPD,MCE,LMP_ENE_PRC,KERCK1G2_7_B1,ALL,1,116.37216,2,63
2022-09-02T21:15:00-00:00,2022-09-02T21:30:00-00:00,2022-09-02,15,KERCK1G2_7_B1,KERCK1G2_7_B1,KERCK1G2_7_B1,RTPD,MCE,LMP_ENE_PRC,KERCK1G2_7_B1,ALL,1,126.49216,2,63
2022-09-02T22:15:00-00:00,2022-09-02T22:30:00-00:00,2022-09-02,16,KERCK1G2_7_B1,KERCK1G2_7_B1,KERCK1G2_7_B1,RTPD,MCE,LMP_ENE_PRC,KERCK1G2_7_B1,ALL,1,159.30594,2,63
2022-09-02T23:15:00-00:00,2022-09-02T23:30:00-00:00,2022-09-02,17,KERCK1G2_7_B1,KERCK1G2_7_B1,KERCK1G2_7_B1,RTPD,MCE,LMP_ENE_PRC,KERCK1G2_7_B1,ALL,1,147.82425,2,63
2022-09-03T00:15:00-00:00,2022-09-03T00:30:00-00:00,2022-09-02,18,KERCK1G2_7_B1,KERCK1G2_7_B1,KERCK1G2_7_B1,RTPD,MCE,LMP_ENE_PRC,KERCK1G2_7_B1,ALL,1,158.74521,2,63
2022-09-03T01:15:00-00:00,2022-09-03T01:30:00-00:00,2022-09-02,19,KERCK1G2_7_B1,KERCK1G2_7_B1,KERCK1G2_7_B1,RTPD,MCE,LMP_ENE_PRC,KERCK1G2_7_B1,ALL,1,217.12807,2,63
2022-09-03T02:15:00-00:00,2022-09-03T02:30:00-00:00,2022-09-02,20,KERCK1G2_7_B1,KERCK1G2_7_B1,KERCK1G2_7_B1,RTPD,MCE,LMP_ENE_PRC,KERCK1G2_7_B1,ALL,1,199.75978,2,63
2022-09-03T03:15:00-00:00,2022-09-03T03:30:00-00:00,2022-09-02,21,KERCK1G2_7_B1,KERCK1G2_7_B1,KERCK1G2_7_B1,RTPD,MCE,LMP_ENE_PRC,KERCK1G2_7_B1,ALL,1,135.58563,2,63
2022-09-03T04:15:00-00:00,2022-09-03T04:30:00-00:00,2022-09-02,22,KERCK1G2_7_B1,KERCK1G2_7_B1,KERCK1G2_7_B1,RTPD,MCE,LMP_ENE_PRC,KERCK1G2_7_B1,ALL,1,141.76537,2,63
2022-09-03T05:15:00-00:00,2022-09-03T05:30:00-00:00,2022-09-02,23,KERCK1G2_7_B1,KERCK1G2_7_B1,KERCK1G2_7_B1,RTPD,MCE,LMP_ENE_PRC,KERCK1G2_7_B1,ALL,1,133.20816,2,63
2022-09-03T06:15:00-00:00,2022-09-03T06:30:00-00:00,2022-09-02,24,KERCK1G2_7_B1,KERCK1G2_7_B1,KERCK1G2_7_B1,RTPD,MCE,LMP_ENE_PRC,KERCK1G2_7_B1,ALL,1,117.98942,2,63
2022-09-02T07:30:00-00:00,2022-09-02T07:45:00-00:00,2022-09-02,01,KERCK1G2_7_B1,KERCK1G2_7_B1,KERCK1G2_7_B1,RTPD,MCE,LMP_ENE_PRC,KERCK1G2_7_B1,ALL,1,122.04731,3,63
2022-09-02T08:30:00-00:00,2022-09-02T08:45:00-00:00,2022-09-02,02,KERCK1G2_7_B1,KERCK1G2_7_B1,KERCK1G2_7_B1,RTPD,MCE,LMP_ENE_PRC,KERCK1G2_7_B1,ALL,1,110.76908,3,63
2022-09-02T09:30:00-00:00,2022-09-02T09:45:00-00:00,2022-09-02,03,KERCK1G2_7_B1,KERCK1G2_7_B1,KERCK1G2_7_B1,RTPD,MCE,LMP_ENE_PRC,KERCK1G2_7_B1,ALL,1,104.32659,3,63
2022-09-02T10:30:00-00:00,2022-09-02T10:45:00-00:00,2022-09-02,04,KERCK1G2_7_B1,KERCK1G2_7_B1,KERCK1G2_7_B1,RTPD,MCE,LMP_ENE_PRC,KERCK1G2_7_B1,ALL,1,100.57354,3,63
2022-09-02T11:30:00-00:00,2022-09-02T11:45:00-00:00,2022-09-02,05,KERCK1G2_7_B1,KERCK1G2_7_B1,KERCK1G2_7_B1,RTPD,MCE,LMP_ENE_PRC,KERCK1G2_7_B1,ALL,1,99.75045,3,63
2022-09-02T12:30:00-00:00,2022-09-02T12:45:00-00:00,2022-09-02,06,KERCK1G2_7_B1,KERCK1G2_7_B1,KERCK1G2_7_B1,RTPD,MCE,LMP_ENE_PRC,KERCK1G2_7_B1,ALL,1,109.42995,3,63
2022-09-02T13:30:00-00:00,2022-09-02T13:45:00-00:00,2022-09-02,07,KERCK1G2_7_B1,KERCK1G2_7_B1,KERCK1G2_7_B1,RTPD,MCE,LMP_ENE_PRC,KERCK1G2_7_B1,ALL,1,111.49249,3,63
2022-09-02T14:30:00-00:00,2022-09-02T14:45:00-00:00,2022-09-02,08,KERCK1G2_7_B1,KERCK1G2_7_B1,KERCK1G2_7_B1,RTPD,MCE,LMP_ENE_PRC,KERCK1G2_7_B1,ALL,1,96.69992,3,63
2022-09-02T15:30:00-00:00,2022-09-02T15:45:00-00:00,2022-09-02,09,KERCK1G2_7_B1,KERCK1G2_7_B1,KERCK1G2_7_B1,RTPD,MCE,LMP_ENE_PRC,KERCK1G2_7_B1,ALL,1,81.36,3,63
2022-09-02T16:30:00-00:00,2022-09-02T16:45:00-00:00,2022-09-02,10,KERCK1G2_7_B1,KERCK1G2_7_B1,KERCK1G2_7_B1,RTPD,MCE,LMP_ENE_PRC,KERCK1G2_7_B1,ALL,1,89.6042,3,63
2022-09-02T17:30:00-00:00,2022-09-02T17:45:00-00:00,2022-09-02,11,KERCK1G2_7_B1,KERCK1G2_7_B1,KERCK1G2_7_B1,RTPD,MCE,LMP_ENE_PRC,KERCK1G2_7_B1,ALL,1,103.81658,3,63
2022-09-02T18:30:00-00:00,2022-09-02T18:45:00-00:00,2022-09-02,12,KERCK1G2_7_B1,KERCK1G2_7_B1,KERCK1G2_7_B1,RTPD,MCE,LMP_ENE_PRC,KERCK1G2_7_B1,ALL,1,115.4661,3,63
2022-09-02T19:30:00-00:00,2022-09-02T19:45:00-00:00,2022-09-02,13,KERCK1G2_7_B1,KERCK1G2_7_B1,KERCK1G2_7_B1,RTPD,MCE,LMP_ENE_PRC,KERCK1G2_7_B1,ALL,1,119.56031,3,63
2022-09-02T20:30:00-00:00,2022-09-02T20:45:00-00:00,2022-09-02,14,KERCK1G2_7_B1,KERCK1G2_7_B1,KERCK1G2_7_B1,RTPD,MCE,LMP_ENE_PRC,KERCK1G2_7_B1,ALL,1,122.91209,3,63
2022-09-02T21:30:00-00:00,2022-09-02T21:45:00-00:00,2022-09-02,15,KERCK1G2_7_B1,KERCK1G2_7_B1,KERCK1G2_7_B1,RTPD,MCE,LMP_ENE_PRC,KERCK1G2_7_B1,ALL,1,141.03934,3,63
2022-09-02T22:30:00-00:00,2022-09-02T22:45:00-00:00,2022-09-02,16,KERCK1G2_7_B1,KERCK1G2_7_B1,KERCK1G2_7_B1,RTPD,MCE,LMP_ENE_PRC,KERCK1G2_7_B1,ALL,1,183.20744,3,63
2022-09-02T23:30:00-00:00,2022-09-02T23:45:00-00:00,2022-09-02,17,KERCK1G2_7_B1,KERCK1G2_7_B1,KERCK1G2_7_B1,RTPD,MCE,LMP_ENE_PRC,KERCK1G2_7_B1,ALL,1,155.92665,3,63
2022-09-03T00:30:00-00:00,2022-09-03T00:45:00-00:00,2022-09-02,18,KERCK1G2_7_B1,KERCK1G2_7_B1,KERCK1G2_7_B1,RTPD,MCE,LMP_ENE_PRC,KERCK1G2_7_B1,ALL,1,234.42892,3,63
2022-09-03T01:30:00-00:00,2022-09-03T01:45:00-00:00,2022-09-02,19,KERCK1G2_7_B1,KERCK1G2_7_B1,KERCK1G2_7_B1,RTPD,MCE,LMP_ENE_PRC,KERCK1G2_7_B1,ALL,1,250.41255,3,63
2022-09-03T02:30:00-00:00,2022-09-03T02:45:00-00:00,2022-09-02,20,KERCK1G2_7_B1,KERCK1G2_7_B1,KERCK1G2_7_B1,RTPD,MCE,LMP_ENE_PRC,KERCK1G2_7_B1,ALL,1,177.62263,3,63
2022-09-03T03:30:00-00:00,2022-09-03T03:45:00-00:00,2022-09-02,21,KERCK1G2_7_B1,KERCK1G2_7_B1,KERCK1G2_7_B1,RTPD,MCE,LMP_ENE_PRC,KERCK1G2_7_B1,ALL,1,128.61655,3,63
2022-09-03T04:30:00-00:00,2022-09-03T04:45:00-00:00,2022-09-02,22,KERCK1G2_7_B1,KERCK1G2_7_B1,KERCK1G2_7_B1,RTPD,MCE,LMP_ENE_PRC,KERCK1G2_7_B1,ALL,1,132.2016,3,63
2022-09-03T05:30:00-00:00,2022-09-03T05:45:00-00:00,2022-09-02,23,KERCK1G2_7_B1,KERCK1G2_7_B1,KERCK1G2_7_B1,RTPD,MCE,LMP_ENE_PRC,KERCK1G2_7_B1,ALL,1,128.32014,3,63
2022-09-03T06:30:00-00:00,2022-09-03T06:45:00-00:00,2022-09-02,24,KERCK1G2_7_B1,KERCK1G2_7_B1,KERCK1G2_7_B1,RTPD,MCE,LMP_ENE_PRC,KERCK1G2_7_B1,ALL,1,111.22985,3,63
2022-09-02T07:45:00-00:00,2022-09-02T08:00:00-00:00,2022-09-02,01,KERCK1G2_7_B1,KERCK1G2_7_B1,KERCK1G2_7_B1,RTPD,MCE,LMP_ENE_PRC,KERCK1G2_7_B1,ALL,1,101.38693,4,63
2022-09-02T08:45:00-00:00,2022-09-02T09:00:00-00:00,2022-09-02,02,KERCK1G2_7_B1,KERCK1G2_7_B1,KERCK1G2_7_B1,RTPD,MCE,LMP_ENE_PRC,KERCK1G2_7_B1,ALL,1,98.45906,4,63
2022-09-02T09:45:00-00:00,2022-09-02T10:00:00-00:00,2022-09-02,03,KERCK1G2_7_B1,KERCK1G2_7_B1,KERCK1G2_7_B1,RTPD,MCE,LMP_ENE_PRC,KERCK1G2_7_B1,ALL,1,97.29051,4,63
2022-09-02T10:45:00-00:00,2022-09-02T11:00:00-00:00,2022-09-02,04,KERCK1G2_7_B1,KERCK1G2_7_B1,KERCK1G2_7_B1,RTPD,MCE,LMP_ENE_PRC,KERCK1G2_7_B1,ALL,1,97.62383,4,63
2022-09-02T11:45:00-00:00,2022-09-02T12:00:00-00:00,2022-09-02,05,KERCK1G2_7_B1,KERCK1G2_7_B1,KERCK1G2_7_B1,RTPD,MCE,LMP_ENE_PRC,KERCK1G2_7_B1,ALL,1,97.15303,4,63
2022-09-02T12:45:00-00:00,2022-09-02T13:00:00-00:00,2022-09-02,06,KERCK1G2_7_B1,KERCK1G2_7_B1,KERCK1G2_7_B1,RTPD,MCE,LMP_ENE_PRC,KERCK1G2_7_B1,ALL,1,108.08756,4,63
2022-09-02T13:45:00-00:00,2022-09-02T14:00:00-00:00,2022-09-02,07,KERCK1G2_7_B1,KERCK1G2_7_B1,KERCK1G2_7_B1,RTPD,MCE,LMP_ENE_PRC,KERCK1G2_7_B1,ALL,1,105.08817,4,63
2022-09-02T14:45:00-00:00,2022-09-02T15:00:00-00:00,2022-09-02,08,KERCK1G2_7_B1,KERCK1G2_7_B1,KERCK1G2_7_B1,RTPD,MCE,LMP_ENE_PRC,KERCK1G2_7_B1,ALL,1,82.36478,4,63
2022-09-02T15:45:00-00:00,2022-09-02T16:00:00-00:00,2022-09-02,09,KERCK1G2_7_B1,KERCK1G2_7_B1,KERCK1G2_7_B1,RTPD,MCE,LMP_ENE_PRC,KERCK1G2_7_B1,ALL,1,81.41035,4,63
2022-09-02T16:45:00-00:00,2022-09-02T17:00:00-00:00,2022-09-02,10,KERCK1G2_7_B1,KERCK1G2_7_B1,KERCK1G2_7_B1,RTPD,MCE,LMP_ENE_PRC,KERCK1G2_7_B1,ALL,1,93.83783,4,63
2022-09-02T17:45:00-00:00,2022-09-02T18:00:00-00:00,2022-09-02,11,KERCK1G2_7_B1,KERCK1G2_7_B1,KERCK1G2_7_B1,RTPD,MCE,LMP_ENE_PRC,KERCK1G2_7_B1,ALL,1,106.61714,4,63
2022-09-02T18:45:00-00:00,2022-09-02T19:00:00-00:00,2022-09-02,12,KERCK1G2_7_B1,KERCK1G2_7_B1,KERCK1G2_7_B1,RTPD,MCE,LMP_ENE_PRC,KERCK1G2_7_B1,ALL,1,123.03125,4,63
2022-09-02T19:45:00-00:00,2022-09-02T20:00:00-00:00,2022-09-02,13,KERCK1G2_7_B1,KERCK1G2_7_B1,KERCK1G2_7_B1,RTPD,MCE,LMP_ENE_PRC,KERCK1G2_7_B1,ALL,1,135.46436,4,63
2022-09-02T20:45:00-00:00,2022-09-02T21:00:00-00:00,2022-09-02,14,KERCK1G2_7_B1,KERCK1G2_7_B1,KERCK1G2_7_B1,RTPD,MCE,LMP_ENE_PRC,KERCK1G2_7_B1,ALL,1,146.96742,4,63
2022-09-02T21:45:00-00:00,2022-09-02T22:00:00-00:00,2022-09-02,15,KERCK1G2_7_B1,KERCK1G2_7_B1,KERCK1G2_7_B1,RTPD,MCE,LMP_ENE_PRC,KERCK1G2_7_B1,ALL,1,181.80174,4,63
2022-09-02T22:45:00-00:00,2022-09-02T23:00:00-00:00,2022-09-02,16,KERCK1G2_7_B1,KERCK1G2_7_B1,KERCK1G2_7_B1,RTPD,MCE,LMP_ENE_PRC,KERCK1G2_7_B1,ALL,1,269.30835,4,63
2022-09-02T23:45:00-00:00,2022-09-03T00:00:00-00:00,2022-09-02,17,KERCK1G2_7_B1,KERCK1G2_7_B1,KERCK1G2_7_B1,RTPD,MCE,LMP_ENE_PRC,KERCK1G2_7_B1,ALL,1,287.1113,4,63
2022-09-03T00:45:00-00:00,2022-09-03T01:00:00-00:00,2022-09-02,18,KERCK1G2_7_B1,KERCK1G2_7_B1,KERCK1G2_7_B1,RTPD,MCE,LMP_ENE_PRC,KERCK1G2_7_B1,ALL,1,242.16634,4,63
2022-09-03T01:45:00-00:00,2022-09-03T02:00:00-00:00,2022-09-02,19,KERCK1G2_7_B1,KERCK1G2_7_B1,KERCK1G2_7_B1,RTPD,MCE,LMP_ENE_PRC,KERCK1G2_7_B1,ALL,1,304.55594,4,63
2022-09-03T02:45:00-00:00,2022-09-03T03:00:00-00:00,2022-09-02,20,KERCK1G2_7_B1,KERCK1G2_7_B1,KERCK1G2_7_B1,RTPD,MCE,LMP_ENE_PRC,KERCK1G2_7_B1,ALL,1,152.03519,4,63
2022-09-03T03:45:00-00:00,2022-09-03T04:00:00-00:00,2022-09-02,21,KERCK1G2_7_B1,KERCK1G2_7_B1,KERCK1G2_7_B1,RTPD,MCE,LMP_ENE_PRC,KERCK1G2_7_B1,ALL,1,120.27765,4,63
2022-09-03T04:45:00-00:00,2022-09-03T05:00:00-00:00,2022-09-02,22,KERCK1G2_7_B1,KERCK1G2_7_B1,KERCK1G2_7_B1,RTPD,MCE,LMP_ENE_PRC,KERCK1G2_7_B1,ALL,1,111.14984,4,63
2022-09-03T05:45:00-00:00,2022-09-03T06:00:00-00:00,2022-09-02,23,KERCK1G2_7_B1,KERCK1G2_7_B1,KERCK1G2_7_B1,RTPD,MCE,LMP_ENE_PRC,KERCK1G2_7_B1,ALL,1,104.16199,4,63
2022-09-03T06:45:00-00:00,2022-09-03T07:00:00-00:00,2022-09-02,24,KERCK1G2_7_B1,KERCK1G2_7_B1,KERCK1G2_7_B1,RTPD,MCE,LMP_ENE_PRC,KERCK1G2_7_B1,ALL,1,95.41536,4,63
2022-09-02T07:00:00-00:00,2022-09-02T07:15:00-00:00,2022-09-02,01,KERCK1G2_7_B1,KERCK1G2_7_B1,KERCK1G2_7_B1,RTPD,MCL,LMP_LOSS_PRC,KERCK1G2_7_B1,ALL,1,10.09636,1,64
2022-09-02T08:00:00-00:00,2022-09-02T08:15:00-00:00,2022-09-02,02,KERCK1G2_7_B1,KERCK1G2_7_B1,KERCK1G2_7_B1,RTPD,MCL,LMP_LOSS_PRC,KERCK1G2_7_B1,ALL,1,15.88407,1,64
2022-09-02T09:00:00-00:00,2022-09-02T09:15:00-00:00,2022-09-02,03,KERCK1G2_7_B1,KERCK1G2_7_B1,KERCK1G2_7_B1,RTPD,MCL,LMP_LOSS_PRC,KERCK1G2_7_B1,ALL,1,15.89534,1,64
2022-09-02T10:00:00-00:00,2022-09-02T10:15:00-00:00,2022-09-02,04,KERCK1G2_7_B1,KERCK1G2_7_B1,KERCK1G2_7_B1,RTPD,MCL,LMP_LOSS_PRC,KERCK1G2_7_B1,ALL,1,13.76954,1,64
2022-09-02T11:00:00-00:00,2022-09-02T11:15:00-00:00,2022-09-02,05,KERCK1G2_7_B1,KERCK1G2_7_B1,KERCK1G2_7_B1,RTPD,MCL,LMP_LOSS_PRC,KERCK1G2_7_B1,ALL,1,0,1,64
2022-09-02T12:00:00-00:00,2022-09-02T12:15:00-00:00,2022-09-02,06,KERCK1G2_7_B1,KERCK1G2_7_B1,KERCK1G2_7_B1,RTPD,MCL,LMP_LOSS_PRC,KERCK1G2_7_B1,ALL,1,0,1,64
2022-09-02T13:00:00-00:00,2022-09-02T13:15:00-00:00,2022-09-02,07,KERCK1G2_7_B1,KERCK1G2_7_B1,KERCK1G2_7_B1,RTPD,MCL,LMP_LOSS_PRC,KERCK1G2_7_B1,ALL,1,0,1,64
2022-09-02T14:00:00-00:00,2022-09-02T14:15:00-00:00,2022-09-02,08,KERCK1G2_7_B1,KERCK1G2_7_B1,KERCK1G2_7_B1,RTPD,MCL,LMP_LOSS_PRC,KERCK1G2_7_B1,ALL,1,16.46428,1,64
2022-09-02T15:00:00-00:00,2022-09-02T15:15:00-00:00,2022-09-02,09,KERCK1G2_7_B1,KERCK1G2_7_B1,KERCK1G2_7_B1,RTPD,MCL,LMP_LOSS_PRC,KERCK1G2_7_B1,ALL,1,10.40694,1,64
2022-09-02T16:00:00-00:00,2022-09-02T16:15:00-00:00,2022-09-02,10,KERCK1G2_7_B1,KERCK1G2_7_B1,KERCK1G2_7_B1,RTPD,MCL,LMP_LOSS_PRC,KERCK1G2_7_B1,ALL,1,11.44936,1,64
2022-09-02T17:00:00-00:00,2022-09-02T17:15:00-00:00,2022-09-02,11,KERCK1G2_7_B1,KERCK1G2_7_B1,KERCK1G2_7_B1,RTPD,MCL,LMP_LOSS_PRC,KERCK1G2_7_B1,ALL,1,11.11206,1,64
2022-09-02T18:00:00-00:00,2022-09-02T18:15:00-00:00,2022-09-02,12,KERCK1G2_7_B1,KERCK1G2_7_B1,KERCK1G2_7_B1,RTPD,MCL,LMP_LOSS_PRC,KERCK1G2_7_B1,ALL,1,7.61059,1,64
2022-09-02T19:00:00-00:00,2022-09-02T19:15:00-00:00,2022-09-02,13,KERCK1G2_7_B1,KERCK1G2_7_B1,KERCK1G2_7_B1,RTPD,MCL,LMP_LOSS_PRC,KERCK1G2_7_B1,ALL,1,2.04402,1,64
2022-09-02T20:00:00-00:00,2022-09-02T20:15:00-00:00,2022-09-02,14,KERCK1G2_7_B1,KERCK1G2_7_B1,KERCK1G2_7_B1,RTPD,MCL,LMP_LOSS_PRC,KERCK1G2_7_B1,ALL,1,-1.20177,1,64
2022-09-02T21:00:00-00:00,2022-09-02T21:15:00-00:00,2022-09-02,15,KERCK1G2_7_B1,KERCK1G2_7_B1,KERCK1G2_7_B1,RTPD,MCL,LMP_LOSS_PRC,KERCK1G2_7_B1,ALL,1,-2.07749,1,64
2022-09-02T22:00:00-00:00,2022-09-02T22:15:00-00:00,2022-09-02,16,KERCK1G2_7_B1,KERCK1G2_7_B1,KERCK1G2_7_B1,RTPD,MCL,LMP_LOSS_PRC,KERCK1G2_7_B1,ALL,1,2.64421,1,64
2022-09-02T23:00:00-00:00,2022-09-02T23:15:00-00:00,2022-09-02,17,KERCK1G2_7_B1,KERCK1G2_7_B1,KERCK1G2_7_B1,RTPD,MCL,LMP_LOSS_PRC,KERCK1G2_7_B1,ALL,1,3.12036,1,64
2022-09-03T00:00:00-00:00,2022-09-03T00:15:00-00:00,2022-09-02,18,KERCK1G2_7_B1,KERCK1G2_7_B1,KERCK1G2_7_B1,RTPD,MCL,LMP_LOSS_PRC,KERCK1G2_7_B1,ALL,1,12.15452,1,64
2022-09-03T01:00:00-00:00,2022-09-03T01:15:00-00:00,2022-09-02,19,KERCK1G2_7_B1,KERCK1G2_7_B1,KERCK1G2_7_B1,RTPD,MCL,LMP_LOSS_PRC,KERCK1G2_7_B1,ALL,1,0,1,64
2022-09-03T02:00:00-00:00,2022-09-03T02:15:00-00:00,2022-09-02,20,KERCK1G2_7_B1,KERCK1G2_7_B1,KERCK1G2_7_B1,RTPD,MCL,LMP_LOSS_PRC,KERCK1G2_7_B1,ALL,1,16.96335,1,64
2022-09-03T03:00:00-00:00,2022-09-03T03:15:00-00:00,2022-09-02,21,KERCK1G2_7_B1,KERCK1G2_7_B1,KERCK1G2_7_B1,RTPD,MCL,LMP_LOSS_PRC,KERCK1G2_7_B1,ALL,1,23.72482,1,64
2022-09-03T04:00:00-00:00,2022-09-03T04:15:00-00:00,2022-09-02,22,KERCK1G2_7_B1,KERCK1G2_7_B1,KERCK1G2_7_B1,RTPD,MCL,LMP_LOSS_PRC,KERCK1G2_7_B1,ALL,1,27.91955,1,64
2022-09-03T05:00:00-00:00,2022-09-03T05:15:00-00:00,2022-09-02,23,KERCK1G2_7_B1,KERCK1G2_7_B1,KERCK1G2_7_B1,RTPD,MCL,LMP_LOSS_PRC,KERCK1G2_7_B1,ALL,1,25.48733,1,64
2022-09-03T06:00:00-00:00,2022-09-03T06:15:00-00:00,2022-09-02,24,KERCK1G2_7_B1,KERCK1G2_7_B1,KERCK1G2_7_B1,RTPD,MCL,LMP_LOSS_PRC,KERCK1G2_7_B1,ALL,1,23.49689,1,64
2022-09-02T07:15:00-00:00,2022-09-02T07:30:00-00:00,2022-09-02,01,KERCK1G2_7_B1,KERCK1G2_7_B1,KERCK1G2_7_B1,RTPD,MCL,LMP_LOSS_PRC,KERCK1G2_7_B1,ALL,1,11.32012,2,64
2022-09-02T08:15:00-00:00,2022-09-02T08:30:00-00:00,2022-09-02,02,KERCK1G2_7_B1,KERCK1G2_7_B1,KERCK1G2_7_B1,RTPD,MCL,LMP_LOSS_PRC,KERCK1G2_7_B1,ALL,1,15.2629,2,64
2022-09-02T09:15:00-00:00,2022-09-02T09:30:00-00:00,2022-09-02,03,KERCK1G2_7_B1,KERCK1G2_7_B1,KERCK1G2_7_B1,RTPD,MCL,LMP_LOSS_PRC,KERCK1G2_7_B1,ALL,1,15.34823,2,64
2022-09-02T10:15:00-00:00,2022-09-02T10:30:00-00:00,2022-09-02,04,KERCK1G2_7_B1,KERCK1G2_7_B1,KERCK1G2_7_B1,RTPD,MCL,LMP_LOSS_PRC,KERCK1G2_7_B1,ALL,1,13.86714,2,64
2022-09-02T11:15:00-00:00,2022-09-02T11:30:00-00:00,2022-09-02,05,KERCK1G2_7_B1,KERCK1G2_7_B1,KERCK1G2_7_B1,RTPD,MCL,LMP_LOSS_PRC,KERCK1G2_7_B1,ALL,1,0,2,64
2022-09-02T12:15:00-00:00,2022-09-02T12:30:00-00:00,2022-09-02,06,KERCK1G2_7_B1,KERCK1G2_7_B1,KERCK1G2_7_B1,RTPD,MCL,LMP_LOSS_PRC,KERCK1G2_7_B1,ALL,1,0,2,64
2022-09-02T13:15:00-00:00,2022-09-02T13:30:00-00:00,2022-09-02,07,KERCK1G2_7_B1,KERCK1G2_7_B1,KERCK1G2_7_B1,RTPD,MCL,LMP_LOSS_PRC,KERCK1G2_7_B1,ALL,1,0,2,64
2022-09-02T14:15:00-00:00,2022-09-02T14:30:00-00:00,2022-09-02,08,KERCK1G2_7_B1,KERCK1G2_7_B1,KERCK1G2_7_B1,RTPD,MCL,LMP_LOSS_PRC,KERCK1G2_7_B1,ALL,1,17.11785,2,64
2022-09-02T15:15:00-00:00,2022-09-02T15:30:00-00:00,2022-09-02,09,KERCK1G2_7_B1,KERCK1G2_7_B1,KERCK1G2_7_B1,RTPD,MCL,LMP_LOSS_PRC,KERCK1G2_7_B1,ALL,1,0,2,64
2022-09-02T16:15:00-00:00,2022-09-02T16:30:00-00:00,2022-09-02,10,KERCK1G2_7_B1,KERCK1G2_7_B1,KERCK1G2_7_B1,RTPD,MCL,LMP_LOSS_PRC,KERCK1G2_7_B1,ALL,1,11.17638,2,64
2022-09-02T17:15:00-00:00,2022-09-02T17:30:00-00:00,2022-09-02,11,KERCK1G2_7_B1,KERCK1G2_7_B1,KERCK1G2_7_B1,RTPD,MCL,LMP_LOSS_PRC,KERCK1G2_7_B1,ALL,1,11.96515,2,64
2022-09-02T18:15:00-00:00,2022-09-02T18:30:00-00:00,2022-09-02,12,KERCK1G2_7_B1,KERCK1G2_7_B1,KERCK1G2_7_B1,RTPD,MCL,LMP_LOSS_PRC,KERCK1G2_7_B1,ALL,1,8.14551,2,64
2022-09-02T19:15:00-00:00,2022-09-02T19:30:00-00:00,2022-09-02,13,KERCK1G2_7_B1,KERCK1G2_7_B1,KERCK1G2_7_B1,RTPD,MCL,LMP_LOSS_PRC,KERCK1G2_7_B1,ALL,1,2.34367,2,64
2022-09-02T20:15:00-00:00,2022-09-02T20:30:00-00:00,2022-09-02,14,KERCK1G2_7_B1,KERCK1G2_7_B1,KERCK1G2_7_B1,RTPD,MCL,LMP_LOSS_PRC,KERCK1G2_7_B1,ALL,1,-0.80297,2,64
2022-09-02T21:15:00-00:00,2022-09-02T21:30:00-00:00,2022-09-02,15,KERCK1G2_7_B1,KERCK1G2_7_B1,KERCK1G2_7_B1,RTPD,MCL,LMP_LOSS_PRC,KERCK1G2_7_B1,ALL,1,-1.98593,2,64
2022-09-02T22:15:00-00:00,2022-09-02T22:30:00-00:00,2022-09-02,16,KERCK1G2_7_B1,KERCK1G2_7_B1,KERCK1G2_7_B1,RTPD,MCL,LMP_LOSS_PRC,KERCK1G2_7_B1,ALL,1,3.58438,2,64
2022-09-02T23:15:00-00:00,2022-09-02T23:30:00-00:00,2022-09-02,17,KERCK1G2_7_B1,KERCK1G2_7_B1,KERCK1G2_7_B1,RTPD,MCL,LMP_LOSS_PRC,KERCK1G2_7_B1,ALL,1,3.93212,2,64
2022-09-03T00:15:00-00:00,2022-09-03T00:30:00-00:00,2022-09-02,18,KERCK1G2_7_B1,KERCK1G2_7_B1,KERCK1G2_7_B1,RTPD,MCL,LMP_LOSS_PRC,KERCK1G2_7_B1,ALL,1,8.81036,2,64
2022-09-03T01:15:00-00:00,2022-09-03T01:30:00-00:00,2022-09-02,19,KERCK1G2_7_B1,KERCK1G2_7_B1,KERCK1G2_7_B1,RTPD,MCL,LMP_LOSS_PRC,KERCK1G2_7_B1,ALL,1,0,2,64
2022-09-03T02:15:00-00:00,2022-09-03T02:30:00-00:00,2022-09-02,20,KERCK1G2_7_B1,KERCK1G2_7_B1,KERCK1G2_7_B1,RTPD,MCL,LMP_LOSS_PRC,KERCK1G2_7_B1,ALL,1,17.97838,2,64
2022-09-03T03:15:00-00:00,2022-09-03T03:30:00-00:00,2022-09-02,21,KERCK1G2_7_B1,KERCK1G2_7_B1,KERCK1G2_7_B1,RTPD,MCL,LMP_LOSS_PRC,KERCK1G2_7_B1,ALL,1,22.57501,2,64
2022-09-03T04:15:00-00:00,2022-09-03T04:30:00-00:00,2022-09-02,22,KERCK1G2_7_B1,KERCK1G2_7_B1,KERCK1G2_7_B1,RTPD,MCL,LMP_LOSS_PRC,KERCK1G2_7_B1,ALL,1,23.87329,2,64
2022-09-03T05:15:00-00:00,2022-09-03T05:30:00-00:00,2022-09-02,23,KERCK1G2_7_B1,KERCK1G2_7_B1,KERCK1G2_7_B1,RTPD,MCL,LMP_LOSS_PRC,KERCK1G2_7_B1,ALL,1,21.48648,2,64
2022-09-03T06:15:00-00:00,2022-09-03T06:30:00-00:00,2022-09-02,24,KERCK1G2_7_B1,KERCK1G2_7_B1,KERCK1G2_7_B1,RTPD,MCL,LMP_LOSS_PRC,KERCK1G2_7_B1,ALL,1,18.71312,2,64
2022-09-02T07:30:00-00:00,2022-09-02T07:45:00-00:00,2022-09-02,01,KERCK1G2_7_B1,KERCK1G2_7_B1,KERCK1G2_7_B1,RTPD,MCL,LMP_LOSS_PRC,KERCK1G2_7_B1,ALL,1,11.06969,3,64
2022-09-02T08:30:00-00:00,2022-09-02T08:45:00-00:00,2022-09-02,02,KERCK1G2_7_B1,KERCK1G2_7_B1,KERCK1G2_7_B1,RTPD,MCL,LMP_LOSS_PRC,KERCK1G2_7_B1,ALL,1,14.75444,3,64
2022-09-02T09:30:00-00:00,2022-09-02T09:45:00-00:00,2022-09-02,03,KERCK1G2_7_B1,KERCK1G2_7_B1,KERCK1G2_7_B1,RTPD,MCL,LMP_LOSS_PRC,KERCK1G2_7_B1,ALL,1,14.27188,3,64
2022-09-02T10:30:00-00:00,2022-09-02T10:45:00-00:00,2022-09-02,04,KERCK1G2_7_B1,KERCK1G2_7_B1,KERCK1G2_7_B1,RTPD,MCL,LMP_LOSS_PRC,KERCK1G2_7_B1,ALL,1,13.29582,3,64
2022-09-02T11:30:00-00:00,2022-09-02T11:45:00-00:00,2022-09-02,05,KERCK1G2_7_B1,KERCK1G2_7_B1,KERCK1G2_7_B1,RTPD,MCL,LMP_LOSS_PRC,KERCK1G2_7_B1,ALL,1,0,3,64
2022-09-02T12:30:00-00:00,2022-09-02T12:45:00-00:00,2022-09-02,06,KERCK1G2_7_B1,KERCK1G2_7_B1,KERCK1G2_7_B1,RTPD,MCL,LMP_LOSS_PRC,KERCK1G2_7_B1,ALL,1,0,3,64
2022-09-02T13:30:00-00:00,2022-09-02T13:45:00-00:00,2022-09-02,07,KERCK1G2_7_B1,KERCK1G2_7_B1,KERCK1G2_7_B1,RTPD,MCL,LMP_LOSS_PRC,KERCK1G2_7_B1,ALL,1,0,3,64
2022-09-02T14:30:00-00:00,2022-09-02T14:45:00-00:00,2022-09-02,08,KERCK1G2_7_B1,KERCK1G2_7_B1,KERCK1G2_7_B1,RTPD,MCL,LMP_LOSS_PRC,KERCK1G2_7_B1,ALL,1,12.63868,3,64
2022-09-02T15:30:00-00:00,2022-09-02T15:45:00-00:00,2022-09-02,09,KERCK1G2_7_B1,KERCK1G2_7_B1,KERCK1G2_7_B1,RTPD,MCL,LMP_LOSS_PRC,KERCK1G2_7_B1,ALL,1,0,3,64
2022-09-02T16:30:00-00:00,2022-09-02T16:45:00-00:00,2022-09-02,10,KERCK1G2_7_B1,KERCK1G2_7_B1,KERCK1G2_7_B1,RTPD,MCL,LMP_LOSS_PRC,KERCK1G2_7_B1,ALL,1,11.093,3,64
2022-09-02T17:30:00-00:00,2022-09-02T17:45:00-00:00,2022-09-02,11,KERCK1G2_7_B1,KERCK1G2_7_B1,KERCK1G2_7_B1,RTPD,MCL,LMP_LOSS_PRC,KERCK1G2_7_B1,ALL,1,9.08395,3,64
2022-09-02T18:30:00-00:00,2022-09-02T18:45:00-00:00,2022-09-02,12,KERCK1G2_7_B1,KERCK1G2_7_B1,KERCK1G2_7_B1,RTPD,MCL,LMP_LOSS_PRC,KERCK1G2_7_B1,ALL,1,6.61621,3,64
2022-09-02T19:30:00-00:00,2022-09-02T19:45:00-00:00,2022-09-02,13,KERCK1G2_7_B1,KERCK1G2_7_B1,KERCK1G2_7_B1,RTPD,MCL,LMP_LOSS_PRC,KERCK1G2_7_B1,ALL,1,1.17169,3,64
2022-09-02T20:30:00-00:00,2022-09-02T20:45:00-00:00,2022-09-02,14,KERCK1G2_7_B1,KERCK1G2_7_B1,KERCK1G2_7_B1,RTPD,MCL,LMP_LOSS_PRC,KERCK1G2_7_B1,ALL,1,-0.03687,3,64
2022-09-02T21:30:00-00:00,2022-09-02T21:45:00-00:00,2022-09-02,15,KERCK1G2_7_B1,KERCK1G2_7_B1,KERCK1G2_7_B1,RTPD,MCL,LMP_LOSS_PRC,KERCK1G2_7_B1,ALL,1,-3.76575,3,64
2022-09-02T22:30:00-00:00,2022-09-02T22:45:00-00:00,2022-09-02,16,KERCK1G2_7_B1,KERCK1G2_7_B1,KERCK1G2_7_B1,RTPD,MCL,LMP_LOSS_PRC,KERCK1G2_7_B1,ALL,1,4.12217,3,64
2022-09-02T23:30:00-00:00,2022-09-02T23:45:00-00:00,2022-09-02,17,KERCK1G2_7_B1,KERCK1G2_7_B1,KERCK1G2_7_B1,RTPD,MCL,LMP_LOSS_PRC,KERCK1G2_7_B1,ALL,1,1.10708,3,64
2022-09-03T00:30:00-00:00,2022-09-03T00:45:00-00:00,2022-09-02,18,KERCK1G2_7_B1,KERCK1G2_7_B1,KERCK1G2_7_B1,RTPD,MCL,LMP_LOSS_PRC,KERCK1G2_7_B1,ALL,1,0,3,64
2022-09-03T01:30:00-00:00,2022-09-03T01:45:00-00:00,2022-09-02,19,KERCK1G2_7_B1,KERCK1G2_7_B1,KERCK1G2_7_B1,RTPD,MCL,LMP_LOSS_PRC,KERCK1G2_7_B1,ALL,1,0,3,64
2022-09-03T02:30:00-00:00,2022-09-03T02:45:00-00:00,2022-09-02,20,KERCK1G2_7_B1,KERCK1G2_7_B1,KERCK1G2_7_B1,RTPD,MCL,LMP_LOSS_PRC,KERCK1G2_7_B1,ALL,1,16.21695,3,64
2022-09-03T03:30:00-00:00,2022-09-03T03:45:00-00:00,2022-09-02,21,KERCK1G2_7_B1,KERCK1G2_7_B1,KERCK1G2_7_B1,RTPD,MCL,LMP_LOSS_PRC,KERCK1G2_7_B1,ALL,1,20.45003,3,64
2022-09-03T04:30:00-00:00,2022-09-03T04:45:00-00:00,2022-09-02,22,KERCK1G2_7_B1,KERCK1G2_7_B1,KERCK1G2_7_B1,RTPD,MCL,LMP_LOSS_PRC,KERCK1G2_7_B1,ALL,1,22.36851,3,64
2022-09-03T05:30:00-00:00,2022-09-03T05:45:00-00:00,2022-09-02,23,KERCK1G2_7_B1,KERCK1G2_7_B1,KERCK1G2_7_B1,RTPD,MCL,LMP_LOSS_PRC,KERCK1G2_7_B1,ALL,1,20.4414,3,64
2022-09-03T06:30:00-00:00,2022-09-03T06:45:00-00:00,2022-09-02,24,KERCK1G2_7_B1,KERCK1G2_7_B1,KERCK1G2_7_B1,RTPD,MCL,LMP_LOSS_PRC,KERCK1G2_7_B1,ALL,1,16.56213,3,64
2022-09-02T07:45:00-00:00,2022-09-02T08:00:00-00:00,2022-09-02,01,KERCK1G2_7_B1,KERCK1G2_7_B1,KERCK1G2_7_B1,RTPD,MCL,LMP_LOSS_PRC,KERCK1G2_7_B1,ALL,1,8.55706,4,64
2022-09-02T08:45:00-00:00,2022-09-02T09:00:00-00:00,2022-09-02,02,KERCK1G2_7_B1,KERCK1G2_7_B1,KERCK1G2_7_B1,RTPD,MCL,LMP_LOSS_PRC,KERCK1G2_7_B1,ALL,1,12.57322,4,64
2022-09-02T09:45:00-00:00,2022-09-02T10:00:00-00:00,2022-09-02,03,KERCK1G2_7_B1,KERCK1G2_7_B1,KERCK1G2_7_B1,RTPD,MCL,LMP_LOSS_PRC,KERCK1G2_7_B1,ALL,1,12.91045,4,64
2022-09-02T10:45:00-00:00,2022-09-02T11:00:00-00:00,2022-09-02,04,KERCK1G2_7_B1,KERCK1G2_7_B1,KERCK1G2_7_B1,RTPD,MCL,LMP_LOSS_PRC,KERCK1G2_7_B1,ALL,1,12.43728,4,64
2022-09-02T11:45:00-00:00,2022-09-02T12:00:00-00:00,2022-09-02,05,KERCK1G2_7_B1,KERCK1G2_7_B1,KERCK1G2_7_B1,RTPD,MCL,LMP_LOSS_PRC,KERCK1G2_7_B1,ALL,1,12.33843,4,64
2022-09-02T12:45:00-00:00,2022-09-02T13:00:00-00:00,2022-09-02,06,KERCK1G2_7_B1,KERCK1G2_7_B1,KERCK1G2_7_B1,RTPD,MCL,LMP_LOSS_PRC,KERCK1G2_7_B1,ALL,1,0,4,64
2022-09-02T13:45:00-00:00,2022-09-02T14:00:00-00:00,2022-09-02,07,KERCK1G2_7_B1,KERCK1G2_7_B1,KERCK1G2_7_B1,RTPD,MCL,LMP_LOSS_PRC,KERCK1G2_7_B1,ALL,1,0,4,64
2022-09-02T14:45:00-00:00,2022-09-02T15:00:00-00:00,2022-09-02,08,KERCK1G2_7_B1,KERCK1G2_7_B1,KERCK1G2_7_B1,RTPD,MCL,LMP_LOSS_PRC,KERCK1G2_7_B1,ALL,1,11.20161,4,64
2022-09-02T15:45:00-00:00,2022-09-02T16:00:00-00:00,2022-09-02,09,KERCK1G2_7_B1,KERCK1G2_7_B1,KERCK1G2_7_B1,RTPD,MCL,LMP_LOSS_PRC,KERCK1G2_7_B1,ALL,1,12.34181,4,64
2022-09-02T16:45:00-00:00,2022-09-02T17:00:00-00:00,2022-09-02,10,KERCK1G2_7_B1,KERCK1G2_7_B1,KERCK1G2_7_B1,RTPD,MCL,LMP_LOSS_PRC,KERCK1G2_7_B1,ALL,1,11.67343,4,64
2022-09-02T17:45:00-00:00,2022-09-02T18:00:00-00:00,2022-09-02,11,KERCK1G2_7_B1,KERCK1G2_7_B1,KERCK1G2_7_B1,RTPD,MCL,LMP_LOSS_PRC,KERCK1G2_7_B1,ALL,1,8.8279,4,64
2022-09-02T18:45:00-00:00,2022-09-02T19:00:00-00:00,2022-09-02,12,KERCK1G2_7_B1,KERCK1G2_7_B1,KERCK1G2_7_B1,RTPD,MCL,LMP_LOSS_PRC,KERCK1G2_7_B1,ALL,1,7.62794,4,64
2022-09-02T19:45:00-00:00,2022-09-02T20:00:00-00:00,2022-09-02,13,KERCK1G2_7_B1,KERCK1G2_7_B1,KERCK1G2_7_B1,RTPD,MCL,LMP_LOSS_PRC,KERCK1G2_7_B1,ALL,1,2.57382,4,64
2022-09-02T20:45:00-00:00,2022-09-02T21:00:00-00:00,2022-09-02,14,KERCK1G2_7_B1,KERCK1G2_7_B1,KERCK1G2_7_B1,RTPD,MCL,LMP_LOSS_PRC,KERCK1G2_7_B1,ALL,1,0.96999,4,64
2022-09-02T21:45:00-00:00,2022-09-02T22:00:00-00:00,2022-09-02,15,KERCK1G2_7_B1,KERCK1G2_7_B1,KERCK1G2_7_B1,RTPD,MCL,LMP_LOSS_PRC,KERCK1G2_7_B1,ALL,1,-4.18144,4,64
2022-09-02T22:45:00-00:00,2022-09-02T23:00:00-00:00,2022-09-02,16,KERCK1G2_7_B1,KERCK1G2_7_B1,KERCK1G2_7_B1,RTPD,MCL,LMP_LOSS_PRC,KERCK1G2_7_B1,ALL,1,0,4,64
2022-09-02T23:45:00-00:00,2022-09-03T00:00:00-00:00,2022-09-02,17,KERCK1G2_7_B1,KERCK1G2_7_B1,KERCK1G2_7_B1,RTPD,MCL,LMP_LOSS_PRC,KERCK1G2_7_B1,ALL,1,0,4,64
2022-09-03T00:45:00-00:00,2022-09-03T01:00:00-00:00,2022-09-02,18,KERCK1G2_7_B1,KERCK1G2_7_B1,KERCK1G2_7_B1,RTPD,MCL,LMP_LOSS_PRC,KERCK1G2_7_B1,ALL,1,0,4,64
2022-09-03T01:45:00-00:00,2022-09-03T02:00:00-00:00,2022-09-02,19,KERCK1G2_7_B1,KERCK1G2_7_B1,KERCK1G2_7_B1,RTPD,MCL,LMP_LOSS_PRC,KERCK1G2_7_B1,ALL,1,0,4,64
2022-09-03T02:45:00-00:00,2022-09-03T03:00:00-00:00,2022-09-02,20,KERCK1G2_7_B1,KERCK1G2_7_B1,KERCK1G2_7_B1,RTPD,MCL,LMP_LOSS_PRC,KERCK1G2_7_B1,ALL,1,17.19518,4,64
2022-09-03T03:45:00-00:00,2022-09-03T04:00:00-00:00,2022-09-02,21,KERCK1G2_7_B1,KERCK1G2_7_B1,KERCK1G2_7_B1,RTPD,MCL,LMP_LOSS_PRC,KERCK1G2_7_B1,ALL,1,19.73756,4,64
2022-09-03T04:45:00-00:00,2022-09-03T05:00:00-00:00,2022-09-02,22,KERCK1G2_7_B1,KERCK1G2_7_B1,KERCK1G2_7_B1,RTPD,MCL,LMP_LOSS_PRC,KERCK1G2_7_B1,ALL,1,18.51756,4,64
2022-09-03T05:45:00-00:00,2022-09-03T06:00:00-00:00,2022-09-02,23,KERCK1G2_7_B1,KERCK1G2_7_B1,KERCK1G2_7_B1,RTPD,MCL,LMP_LOSS_PRC,KERCK1G2_7_B1,ALL,1,16.54092,4,64
2022-09-03T06:45:00-00:00,2022-09-03T07:00:00-00:00,2022-09-02,24,KERCK1G2_7_B1,KERCK1G2_7_B1,KERCK1G2_7_B1,RTPD,MCL,LMP_LOSS_PRC,KERCK1G2_7_B1,ALL,1,13.98789,4,64
2022-09-02T07:00:00-00:00,2022-09-02T07:15:00-00:00,2022-09-02,01,KERCK1G2_7_B1,KERCK1G2_7_B1,KERCK1G2_7_B1,RTPD,MGHG,LMP_GHG_PRC,KERCK1G2_7_B1,ALL,1,0,1,65
2022-09-02T08:00:00-00:00,2022-09-02T08:15:00-00:00,2022-09-02,02,KERCK1G2_7_B1,KERCK1G2_7_B1,KERCK1G2_7_B1,RTPD,MGHG,LMP_GHG_PRC,KERCK1G2_7_B1,ALL,1,0,1,65
2022-09-02T09:00:00-00:00,2022-09-02T09:15:00-00:00,2022-09-02,03,KERCK1G2_7_B1,KERCK1G2_7_B1,KERCK1G2_7_B1,RTPD,MGHG,LMP_GHG_PRC,KERCK1G2_7_B1,ALL,1,0,1,65
2022-09-02T10:00:00-00:00,2022-09-02T10:15:00-00:00,2022-09-02,04,KERCK1G2_7_B1,KERCK1G2_7_B1,KERCK1G2_7_B1,RTPD,MGHG,LMP_GHG_PRC,KERCK1G2_7_B1,ALL,1,0,1,65
2022-09-02T11:00:00-00:00,2022-09-02T11:15:00-00:00,2022-09-02,05,KERCK1G2_7_B1,KERCK1G2_7_B1,KERCK1G2_7_B1,RTPD,MGHG,LMP_GHG_PRC,KERCK1G2_7_B1,ALL,1,0,1,65
2022-09-02T12:00:00-00:00,2022-09-02T12:15:00-00:00,2022-09-02,06,KERCK1G2_7_B1,KERCK1G2_7_B1,KERCK1G2_7_B1,RTPD,MGHG,LMP_GHG_PRC,KERCK1G2_7_B1,ALL,1,0,1,65
2022-09-02T13:00:00-00:00,2022-09-02T13:15:00-00:00,2022-09-02,07,KERCK1G2_7_B1,KERCK1G2_7_B1,KERCK1G2_7_B1,RTPD,MGHG,LMP_GHG_PRC,KERCK1G2_7_B1,ALL,1,0,1,65
2022-09-02T14:00:00-00:00,2022-09-02T14:15:00-00:00,2022-09-02,08,KERCK1G2_7_B1,KERCK1G2_7_B1,KERCK1G2_7_B1,RTPD,MGHG,LMP_GHG_PRC,KERCK1G2_7_B1,ALL,1,0,1,65
2022-09-02T15:00:00-00:00,2022-09-02T15:15:00-00:00,2022-09-02,09,KERCK1G2_7_B1,KERCK1G2_7_B1,KERCK1G2_7_B1,RTPD,MGHG,LMP_GHG_PRC,KERCK1G2_7_B1,ALL,1,0,1,65
2022-09-02T16:00:00-00:00,2022-09-02T16:15:00-00:00,2022-09-02,10,KERCK1G2_7_B1,KERCK1G2_7_B1,KERCK1G2_7_B1,RTPD,MGHG,LMP_GHG_PRC,KERCK1G2_7_B1,ALL,1,0,1,65
2022-09-02T17:00:00-00:00,2022-09-02T17:15:00-00:00,2022-09-02,11,KERCK1G2_7_B1,KERCK1G2_7_B1,KERCK1G2_7_B1,RTPD,MGHG,LMP_GHG_PRC,KERCK1G2_7_B1,ALL,1,0,1,65
2022-09-02T18:00:00-00:00,2022-09-02T18:15:00-00:00,2022-09-02,12,KERCK1G2_7_B1,KERCK1G2_7_B1,KERCK1G2_7_B1,RTPD,MGHG,LMP_GHG_PRC,KERCK1G2_7_B1,ALL,1,0,1,65
2022-09-02T19:00:00-00:00,2022-09-02T19:15:00-00:00,2022-09-02,13,KERCK1G2_7_B1,KERCK1G2_7_B1,KERCK1G2_7_B1,RTPD,MGHG,LMP_GHG_PRC,KERCK1G2_7_B1,ALL,1,0,1,65
2022-09-02T20:00:00-00:00,2022-09-02T20:15:00-00:00,2022-09-02,14,KERCK1G2_7_B1,KERCK1G2_7_B1,KERCK1G2_7_B1,RTPD,MGHG,LMP_GHG_PRC,KERCK1G2_7_B1,ALL,1,0,1,65
2022-09-02T21:00:00-00:00,2022-09-02T21:15:00-00:00,2022-09-02,15,KERCK1G2_7_B1,KERCK1G2_7_B1,KERCK1G2_7_B1,RTPD,MGHG,LMP_GHG_PRC,KERCK1G2_7_B1,ALL,1,0,1,65
2022-09-02T22:00:00-00:00,2022-09-02T22:15:00-00:00,2022-09-02,16,KERCK1G2_7_B1,KERCK1G2_7_B1,KERCK1G2_7_B1,RTPD,MGHG,LMP_GHG_PRC,KERCK1G2_7_B1,ALL,1,0,1,65
2022-09-02T23:00:00-00:00,2022-09-02T23:15:00-00:00,2022-09-02,17,KERCK1G2_7_B1,KERCK1G2_7_B1,KERCK1G2_7_B1,RTPD,MGHG,LMP_GHG_PRC,KERCK1G2_7_B1,ALL,1,0,1,65
2022-09-03T00:00:00-00:00,2022-09-03T00:15:00-00:00,2022-09-02,18,KERCK1G2_7_B1,KERCK1G2_7_B1,KERCK1G2_7_B1,RTPD,MGHG,LMP_GHG_PRC,KERCK1G2_7_B1,ALL,1,0,1,65
2022-09-03T01:00:00-00:00,2022-09-03T01:15:00-00:00,2022-09-02,19,KERCK1G2_7_B1,KERCK1G2_7_B1,KERCK1G2_7_B1,RTPD,MGHG,LMP_GHG_PRC,KERCK1G2_7_B1,ALL,1,0,1,65
2022-09-03T02:00:00-00:00,2022-09-03T02:15:00-00:00,2022-09-02,20,KERCK1G2_7_B1,KERCK1G2_7_B1,KERCK1G2_7_B1,RTPD,MGHG,LMP_GHG_PRC,KERCK1G2_7_B1,ALL,1,0,1,65
2022-09-03T03:00:00-00:00,2022-09-03T03:15:00-00:00,2022-09-02,21,KERCK1G2_7_B1,KERCK1G2_7_B1,KERCK1G2_7_B1,RTPD,MGHG,LMP_GHG_PRC,KERCK1G2_7_B1,ALL,1,0,1,65
2022-09-03T04:00:00-00:00,2022-09-03T04:15:00-00:00,2022-09-02,22,KERCK1G2_7_B1,KERCK1G2_7_B1,KERCK1G2_7_B1,RTPD,MGHG,LMP_GHG_PRC,KERCK1G2_7_B1,ALL,1,0,1,65
2022-09-03T05:00:00-00:00,2022-09-03T05:15:00-00:00,2022-09-02,23,KERCK1G2_7_B1,KERCK1G2_7_B1,KERCK1G2_7_B1,RTPD,MGHG,LMP_GHG_PRC,KERCK1G2_7_B1,ALL,1,0,1,65
2022-09-03T06:00:00-00:00,2022-09-03T06:15:00-00:00,2022-09-02,24,KERCK1G2_7_B1,KERCK1G2_7_B1,KERCK1G2_7_B1,RTPD,MGHG,LMP_GHG_PRC,KERCK1G2_7_B1,ALL,1,0,1,65
2022-09-02T07:15:00-00:00,2022-09-02T07:30:00-00:00,2022-09-02,01,KERCK1G2_7_B1,KERCK1G2_7_B1,KERCK1G2_7_B1,RTPD,MGHG,LMP_GHG_PRC,KERCK1G2_7_B1,ALL,1,0,2,65
2022-09-02T08:15:00-00:00,2022-09-02T08:30:00-00:00,2022-09-02,02,KERCK1G2_7_B1,KERCK1G2_7_B1,KERCK1G2_7_B1,RTPD,MGHG,LMP_GHG_PRC,KERCK1G2_7_B1,ALL,1,0,2,65
2022-09-02T09:15:00-00:00,2022-09-02T09:30:00-00:00,2022-09-02,03,KERCK1G2_7_B1,KERCK1G2_7_B1,KERCK1G2_7_B1,RTPD,MGHG,LMP_GHG_PRC,KERCK1G2_7_B1,ALL,1,0,2,65
2022-09-02T10:15:00-00:00,2022-09-02T10:30:00-00:00,2022-09-02,04,KERCK1G2_7_B1,KERCK1G2_7_B1,KERCK1G2_7_B1,RTPD,MGHG,LMP_GHG_PRC,KERCK1G2_7_B1,ALL,1,0,2,65
2022-09-02T11:15:00-00:00,2022-09-02T11:30:00-00:00,2022-09-02,05,KERCK1G2_7_B1,KERCK1G2_7_B1,KERCK1G2_7_B1,RTPD,MGHG,LMP_GHG_PRC,KERCK1G2_7_B1,ALL,1,0,2,65
2022-09-02T12:15:00-00:00,2022-09-02T12:30:00-00:00,2022-09-02,06,KERCK1G2_7_B1,KERCK1G2_7_B1,KERCK1G2_7_B1,RTPD,MGHG,LMP_GHG_PRC,KERCK1G2_7_B1,ALL,1,0,2,65
2022-09-02T13:15:00-00:00,2022-09-02T13:30:00-00:00,2022-09-02,07,KERCK1G2_7_B1,KERCK1G2_7_B1,KERCK1G2_7_B1,RTPD,MGHG,LMP_GHG_PRC,KERCK1G2_7_B1,ALL,1,0,2,65
2022-09-02T14:15:00-00:00,2022-09-02T14:30:00-00:00,2022-09-02,08,KERCK1G2_7_B1,KERCK1G2_7_B1,KERCK1G2_7_B1,RTPD,MGHG,LMP_GHG_PRC,KERCK1G2_7_B1,ALL,1,0,2,65
2022-09-02T15:15:00-00:00,2022-09-02T15:30:00-00:00,2022-09-02,09,KERCK1G2_7_B1,KERCK1G2_7_B1,KERCK1G2_7_B1,RTPD,MGHG,LMP_GHG_PRC,KERCK1G2_7_B1,ALL,1,0,2,65
2022-09-02T16:15:00-00:00,2022-09-02T16:30:00-00:00,2022-09-02,10,KERCK1G2_7_B1,KERCK1G2_7_B1,KERCK1G2_7_B1,RTPD,MGHG,LMP_GHG_PRC,KERCK1G2_7_B1,ALL,1,0,2,65
2022-09-02T17:15:00-00:00,2022-09-02T17:30:00-00:00,2022-09-02,11,KERCK1G2_7_B1,KERCK1G2_7_B1,KERCK1G2_7_B1,RTPD,MGHG,LMP_GHG_PRC,KERCK1G2_7_B1,ALL,1,0,2,65
2022-09-02T18:15:00-00:00,2022-09-02T18:30:00-00:00,2022-09-02,12,KERCK1G2_7_B1,KERCK1G2_7_B1,KERCK1G2_7_B1,RTPD,MGHG,LMP_GHG_PRC,KERCK1G2_7_B1,ALL,1,0,2,65
2022-09-02T19:15:00-00:00,2022-09-02T19:30:00-00:00,2022-09-02,13,KERCK1G2_7_B1,KERCK1G2_7_B1,KERCK1G2_7_B1,RTPD,MGHG,LMP_GHG_PRC,KERCK1G2_7_B1,ALL,1,0,2,65
2022-09-02T20:15:00-00:00,2022-09-02T20:30:00-00:00,2022-09-02,14,KERCK1G2_7_B1,KERCK1G2_7_B1,KERCK1G2_7_B1,RTPD,MGHG,LMP_GHG_PRC,KERCK1G2_7_B1,ALL,1,0,2,65
2022-09-02T21:15:00-00:00,2022-09-02T21:30:00-00:00,2022-09-02,15,KERCK1G2_7_B1,KERCK1G2_7_B1,KERCK1G2_7_B1,RTPD,MGHG,LMP_GHG_PRC,KERCK1G2_7_B1,ALL,1,0,2,65
2022-09-02T22:15:00-00:00,2022-09-02T22:30:00-00:00,2022-09-02,16,KERCK1G2_7_B1,KERCK1G2_7_B1,KERCK1G2_7_B1,RTPD,MGHG,LMP_GHG_PRC,KERCK1G2_7_B1,ALL,1,0,2,65
2022-09-02T23:15:00-00:00,2022-09-02T23:30:00-00:00,2022-09-02,17,KERCK1G2_7_B1,KERCK1G2_7_B1,KERCK1G2_7_B1,RTPD,MGHG,LMP_GHG_PRC,KERCK1G2_7_B1,ALL,1,0,2,65
2022-09-03T00:15:00-00:00,2022-09-03T00:30:00-00:00,2022-09-02,18,KERCK1G2_7_B1,KERCK1G2_7_B1,KERCK1G2_7_B1,RTPD,MGHG,LMP_GHG_PRC,KERCK1G2_7_B1,ALL,1,0,2,65
2022-09-03T01:15:00-00:00,2022-09-03T01:30:00-00:00,2022-09-02,19,KERCK1G2_7_B1,KERCK1G2_7_B1,KERCK1G2_7_B1,RTPD,MGHG,LMP_GHG_PRC,KERCK1G2_7_B1,ALL,1,0,2,65
2022-09-03T02:15:00-00:00,2022-09-03T02:30:00-00:00,2022-09-02,20,KERCK1G2_7_B1,KERCK1G2_7_B1,KERCK1G2_7_B1,RTPD,MGHG,LMP_GHG_PRC,KERCK1G2_7_B1,ALL,1,0,2,65
2022-09-03T03:15:00-00:00,2022-09-03T03:30:00-00:00,2022-09-02,21,KERCK1G2_7_B1,KERCK1G2_7_B1,KERCK1G2_7_B1,RTPD,MGHG,LMP_GHG_PRC,KERCK1G2_7_B1,ALL,1,0,2,65
2022-09-03T04:15:00-00:00,2022-09-03T04:30:00-00:00,2022-09-02,22,KERCK1G2_7_B1,KERCK1G2_7_B1,KERCK1G2_7_B1,RTPD,MGHG,LMP_GHG_PRC,KERCK1G2_7_B1,ALL,1,0,2,65
2022-09-03T05:15:00-00:00,2022-09-03T05:30:00-00:00,2022-09-02,23,KERCK1G2_7_B1,KERCK1G2_7_B1,KERCK1G2_7_B1,RTPD,MGHG,LMP_GHG_PRC,KERCK1G2_7_B1,ALL,1,0,2,65
2022-09-03T06:15:00-00:00,2022-09-03T06:30:00-00:00,2022-09-02,24,KERCK1G2_7_B1,KERCK1G2_7_B1,KERCK1G2_7_B1,RTPD,MGHG,LMP_GHG_PRC,KERCK1G2_7_B1,ALL,1,0,2,65
2022-09-02T07:30:00-00:00,2022-09-02T07:45:00-00:00,2022-09-02,01,KERCK1G2_7_B1,KERCK1G2_7_B1,KERCK1G2_7_B1,RTPD,MGHG,LMP_GHG_PRC,KERCK1G2_7_B1,ALL,1,0,3,65
2022-09-02T08:30:00-00:00,2022-09-02T08:45:00-00:00,2022-09-02,02,KERCK1G2_7_B1,KERCK1G2_7_B1,KERCK1G2_7_B1,RTPD,MGHG,LMP_GHG_PRC,KERCK1G2_7_B1,ALL,1,0,3,65
2022-09-02T09:30:00-00:00,2022-09-02T09:45:00-00:00,2022-09-02,03,KERCK1G2_7_B1,KERCK1G2_7_B1,KERCK1G2_7_B1,RTPD,MGHG,LMP_GHG_PRC,KERCK1G2_7_B1,ALL,1,0,3,65
2022-09-02T10:30:00-00:00,2022-09-02T10:45:00-00:00,2022-09-02,04,KERCK1G2_7_B1,KERCK1G2_7_B1,KERCK1G2_7_B1,RTPD,MGHG,LMP_GHG_PRC,KERCK1G2_7_B1,ALL,1,0,3,65
2022-09-02T11:30:00-00:00,2022-09-02T11:45:00-00:00,2022-09-02,05,KERCK1G2_7_B1,KERCK1G2_7_B1,KERCK1G2_7_B1,RTPD,MGHG,LMP_GHG_PRC,KERCK1G2_7_B1,ALL,1,0,3,65
2022-09-02T12:30:00-00:00,2022-09-02T12:45:00-00:00,2022-09-02,06,KERCK1G2_7_B1,KERCK1G2_7_B1,KERCK1G2_7_B1,RTPD,MGHG,LMP_GHG_PRC,KERCK1G2_7_B1,ALL,1,0,3,65
2022-09-02T13:30:00-00:00,2022-09-02T13:45:00-00:00,2022-09-02,07,KERCK1G2_7_B1,KERCK1G2_7_B1,KERCK1G2_7_B1,RTPD,MGHG,LMP_GHG_PRC,KERCK1G2_7_B1,ALL,1,0,3,65
2022-09-02T14:30:00-00:00,2022-09-02T14:45:00-00:00,2022-09-02,08,KERCK1G2_7_B1,KERCK1G2_7_B1,KERCK1G2_7_B1,RTPD,MGHG,LMP_GHG_PRC,KERCK1G2_7_B1,ALL,1,0,3,65
2022-09-02T15:30:00-00:00,2022-09-02T15:45:00-00:00,2022-09-02,09,KERCK1G2_7_B1,KERCK1G2_7_B1,KERCK1G2_7_B1,RTPD,MGHG,LMP_GHG_PRC,KERCK1G2_7_B1,ALL,1,0,3,65
2022-09-02T16:30:00-00:00,2022-09-02T16:45:00-00:00,2022-09-02,10,KERCK1G2_7_B1,KERCK1G2_7_B1,KERCK1G2_7_B1,RTPD,MGHG,LMP_GHG_PRC,KERCK1G2_7_B1,ALL,1,0,3,65
2022-09-02T17:30:00-00:00,2022-09-02T17:45:00-00:00,2022-09-02,11,KERCK1G2_7_B1,KERCK1G2_7_B1,KERCK1G2_7_B1,RTPD,MGHG,LMP_GHG_PRC,KERCK1G2_7_B1,ALL,1,0,3,65
2022-09-02T18:30:00-00:00,2022-09-02T18:45:00-00:00,2022-09-02,12,KERCK1G2_7_B1,KERCK1G2_7_B1,KERCK1G2_7_B1,RTPD,MGHG,LMP_GHG_PRC,KERCK1G2_7_B1,ALL,1,0,3,65
2022-09-02T19:30:00-00:00,2022-09-02T19:45:00-00:00,2022-09-02,13,KERCK1G2_7_B1,KERCK1G2_7_B1,KERCK1G2_7_B1,RTPD,MGHG,LMP_GHG_PRC,KERCK1G2_7_B1,ALL,1,0,3,65
2022-09-02T20:30:00-00:00,2022-09-02T20:45:00-00:00,2022-09-02,14,KERCK1G2_7_B1,KERCK1G2_7_B1,KERCK1G2_7_B1,RTPD,MGHG,LMP_GHG_PRC,KERCK1G2_7_B1,ALL,1,0,3,65
2022-09-02T21:30:00-00:00,2022-09-02T21:45:00-00:00,2022-09-02,15,KERCK1G2_7_B1,KERCK1G2_7_B1,KERCK1G2_7_B1,RTPD,MGHG,LMP_GHG_PRC,KERCK1G2_7_B1,ALL,1,0,3,65
2022-09-02T22:30:00-00:00,2022-09-02T22:45:00-00:00,2022-09-02,16,KERCK1G2_7_B1,KERCK1G2_7_B1,KERCK1G2_7_B1,RTPD,MGHG,LMP_GHG_PRC,KERCK1G2_7_B1,ALL,1,0,3,65
2022-09-02T23:30:00-00:00,2022-09-02T23:45:00-00:00,2022-09-02,17,KERCK1G2_7_B1,KERCK1G2_7_B1,KERCK1G2_7_B1,RTPD,MGHG,LMP_GHG_PRC,KERCK1G2_7_B1,ALL,1,0,3,65
2022-09-03T00:30:00-00:00,2022-09-03T00:45:00-00:00,2022-09-02,18,KERCK1G2_7_B1,KERCK1G2_7_B1,KERCK1G2_7_B1,RTPD,MGHG,LMP_GHG_PRC,KERCK1G2_7_B1,ALL,1,0,3,65
2022-09-03T01:30:00-00:00,2022-09-03T01:45:00-00:00,2022-09-02,19,KERCK1G2_7_B1,KERCK1G2_7_B1,KERCK1G2_7_B1,RTPD,MGHG,LMP_GHG_PRC,KERCK1G2_7_B1,ALL,1,0,3,65
2022-09-03T02:30:00-00:00,2022-09-03T02:45:00-00:00,2022-09-02,20,KERCK1G2_7_B1,KERCK1G2_7_B1,KERCK1G2_7_B1,RTPD,MGHG,LMP_GHG_PRC,KERCK1G2_7_B1,ALL,1,0,3,65
2022-09-03T03:30:00-00:00,2022-09-03T03:45:00-00:00,2022-09-02,21,KERCK1G2_7_B1,KERCK1G2_7_B1,KERCK1G2_7_B1,RTPD,MGHG,LMP_GHG_PRC,KERCK1G2_7_B1,ALL,1,0,3,65
2022-09-03T04:30:00-00:00,2022-09-03T04:45:00-00:00,2022-09-02,22,KERCK1G2_7_B1,KERCK1G2_7_B1,KERCK1G2_7_B1,RTPD,MGHG,LMP_GHG_PRC,KERCK1G2_7_B1,ALL,1,0,3,65
2022-09-03T05:30:00-00:00,2022-09-03T05:45:00-00:00,2022-09-02,23,KERCK1G2_7_B1,KERCK1G2_7_B1,KERCK1G2_7_B1,RTPD,MGHG,LMP_GHG_PRC,KERCK1G2_7_B1,ALL,1,0,3,65
2022-09-03T06:30:00-00:00,2022-09-03T06:45:00-00:00,2022-09-02,24,KERCK1G2_7_B1,KERCK1G2_7_B1,KERCK1G2_7_B1,RTPD,MGHG,LMP_GHG_PRC,KERCK1G2_7_B1,ALL,1,0,3,65
2022-09-02T07:45:00-00:00,2022-09-02T08:00:00-00:00,2022-09-02,01,KERCK1G2_7_B1,KERCK1G2_7_B1,KERCK1G2_7_B1,RTPD,MGHG,LMP_GHG_PRC,KERCK1G2_7_B1,ALL,1,0,4,65
2022-09-02T08:45:00-00:00,2022-09-02T09:00:00-00:00,2022-09-02,02,KERCK1G2_7_B1,KERCK1G2_7_B1,KERCK1G2_7_B1,RTPD,MGHG,LMP_GHG_PRC,KERCK1G2_7_B1,ALL,1,0,4,65
2022-09-02T09:45:00-00:00,2022-09-02T10:00:00-00:00,2022-09-02,03,KERCK1G2_7_B1,KERCK1G2_7_B1,KERCK1G2_7_B1,RTPD,MGHG,LMP_GHG_PRC,KERCK1G2_7_B1,ALL,1,0,4,65
2022-09-02T10:45:00-00:00,2022-09-02T11:00:00-00:00,2022-09-02,04,KERCK1G2_7_B1,KERCK1G2_7_B1,KERCK1G2_7_B1,RTPD,MGHG,LMP_GHG_PRC,KERCK1G2_7_B1,ALL,1,0,4,65
2022-09-02T11:45:00-00:00,2022-09-02T12:00:00-00:00,2022-09-02,05,KERCK1G2_7_B1,KERCK1G2_7_B1,KERCK1G2_7_B1,RTPD,MGHG,LMP_GHG_PRC,KERCK1G2_7_B1,ALL,1,0,4,65
2022-09-02T12:45:00-00:00,2022-09-02T13:00:00-00:00,2022-09-02,06,KERCK1G2_7_B1,KERCK1G2_7_B1,KERCK1G2_7_B1,RTPD,MGHG,LMP_GHG_PRC,KERCK1G2_7_B1,ALL,1,0,4,65
2022-09-02T13:45:00-00:00,2022-09-02T14:00:00-00:00,2022-09-02,07,KERCK1G2_7_B1,KERCK1G2_7_B1,KERCK1G2_7_B1,RTPD,MGHG,LMP_GHG_PRC,KERCK1G2_7_B1,ALL,1,0,4,65
2022-09-02T14:45:00-00:00,2022-09-02T15:00:00-00:00,2022-09-02,08,KERCK1G2_7_B1,KERCK1G2_7_B1,KERCK1G2_7_B1,RTPD,MGHG,LMP_GHG_PRC,KERCK1G2_7_B1,ALL,1,0,4,65
2022-09-02T15:45:00-00:00,2022-09-02T16:00:00-00:00,2022-09-02,09,KERCK1G2_7_B1,KERCK1G2_7_B1,KERCK1G2_7_B1,RTPD,MGHG,LMP_GHG_PRC,KERCK1G2_7_B1,ALL,1,0,4,65
2022-09-02T16:45:00-00:00,2022-09-02T17:00:00-00:00,2022-09-02,10,KERCK1G2_7_B1,KERCK1G2_7_B1,KERCK1G2_7_B1,RTPD,MGHG,LMP_GHG_PRC,KERCK1G2_7_B1,ALL,1,0,4,65
2022-09-02T17:45:00-00:00,2022-09-02T18:00:00-00:00,2022-09-02,11,KERCK1G2_7_B1,KERCK1G2_7_B1,KERCK1G2_7_B1,RTPD,MGHG,LMP_GHG_PRC,KERCK1G2_7_B1,ALL,1,0,4,65
2022-09-02T18:45:00-00:00,2022-09-02T19:00:00-00:00,2022-09-02,12,KERCK1G2_7_B1,KERCK1G2_7_B1,KERCK1G2_7_B1,RTPD,MGHG,LMP_GHG_PRC,KERCK1G2_7_B1,ALL,1,0,4,65
2022-09-02T19:45:00-00:00,2022-09-02T20:00:00-00:00,2022-09-02,13,KERCK1G2_7_B1,KERCK1G2_7_B1,KERCK1G2_7_B1,RTPD,MGHG,LMP_GHG_PRC,KERCK1G2_7_B1,ALL,1,0,4,65
2022-09-02T20:45:00-00:00,2022-09-02T21:00:00-00:00,2022-09-02,14,KERCK1G2_7_B1,KERCK1G2_7_B1,KERCK1G2_7_B1,RTPD,MGHG,LMP_GHG_PRC,KERCK1G2_7_B1,ALL,1,0,4,65
2022-09-02T21:45:00-00:00,2022-09-02T22:00:00-00:00,2022-09-02,15,KERCK1G2_7_B1,KERCK1G2_7_B1,KERCK1G2_7_B1,RTPD,MGHG,LMP_GHG_PRC,KERCK1G2_7_B1,ALL,1,0,4,65
2022-09-02T22:45:00-00:00,2022-09-02T23:00:00-00:00,2022-09-02,16,KERCK1G2_7_B1,KERCK1G2_7_B1,KERCK1G2_7_B1,RTPD,MGHG,LMP_GHG_PRC,KERCK1G2_7_B1,ALL,1,0,4,65
2022-09-02T23:45:00-00:00,2022-09-03T00:00:00-00:00,2022-09-02,17,KERCK1G2_7_B1,KERCK1G2_7_B1,KERCK1G2_7_B1,RTPD,MGHG,LMP_GHG_PRC,KERCK1G2_7_B1,ALL,1,0,4,65
2022-09-03T00:45:00-00:00,2022-09-03T01:00:00-00:00,2022-09-02,18,KERCK1G2_7_B1,KERCK1G2_7_B1,KERCK1G2_7_B1,RTPD,MGHG,LMP_GHG_PRC,KERCK1G2_7_B1,ALL,1,0,4,65
2022-09-03T01:45:00-00:00,2022-09-03T02:00:00-00:00,2022-09-02,19,KERCK1G2_7_B1,KERCK1G2_7_B1,KERCK1G2_7_B1,RTPD,MGHG,LMP_GHG_PRC,KERCK1G2_7_B1,ALL,1,0,4,65
2022-09-03T02:45:00-00:00,2022-09-03T03:00:00-00:00,2022-09-02,20,KERCK1G2_7_B1,KERCK1G2_7_B1,KERCK1G2_7_B1,RTPD,MGHG,LMP_GHG_PRC,KERCK1G2_7_B1,ALL,1,0,4,65
2022-09-03T03:45:00-00:00,2022-09-03T04:00:00-00:00,2022-09-02,21,KERCK1G2_7_B1,KERCK1G2_7_B1,KERCK1G2_7_B1,RTPD,MGHG,LMP_GHG_PRC,KERCK1G2_7_B1,ALL,1,0,4,65
2022-09-03T04:45:00-00:00,2022-09-03T05:00:00-00:00,2022-09-02,22,KERCK1G2_7_B1,KERCK1G2_7_B1,KERCK1G2_7_B1,RTPD,MGHG,LMP_GHG_PRC,KERCK1G2_7_B1,ALL,1,0,4,65
2022-09-03T05:45:00-00:00,2022-09-03T06:00:00-00:00,2022-09-02,23,KERCK1G2_7_B1,KERCK1G2_7_B1,KERCK1G2_7_B1,RTPD,MGHG,LMP_GHG_PRC,KERCK1G2_7_B1,ALL,1,0,4,65
2022-09-03T06:45:00-00:00,2022-09-03T07:00:00-00:00,2022-09-02,24,KERCK1G2_7_B1,KERCK1G2_7_B1,KERCK1G2_7_B1,RTPD,MGHG,LMP_GHG_PRC,KERCK1G2_7_B1,ALL,1,0,4,65
2022-09-02T07:00:00-00:00,2022-09-02T07:15:00-00:00,2022-09-02,01,KERCK1G3_7_B1,KERCK1G3_7_B1,KERCK1G3_7_B1,RTPD,LMP,LMP_PRC,KERCK1G3_7_B1,ALL,1,148.05415,1,66
2022-09-02T08:00:00-00:00,2022-09-02T08:15:00-00:00,2022-09-02,02,KERCK1G3_7_B1,KERCK1G3_7_B1,KERCK1G3_7_B1,RTPD,LMP,LMP_PRC,KERCK1G3_7_B1,ALL,1,161.47156,1,66
2022-09-02T09:00:00-00:00,2022-09-02T09:15:00-00:00,2022-09-02,03,KERCK1G3_7_B1,KERCK1G3_7_B1,KERCK1G3_7_B1,RTPD,LMP,LMP_PRC,KERCK1G3_7_B1,ALL,1,143.04161,1,66
2022-09-02T10:00:00-00:00,2022-09-02T10:15:00-00:00,2022-09-02,04,KERCK1G3_7_B1,KERCK1G3_7_B1,KERCK1G3_7_B1,RTPD,LMP,LMP_PRC,KERCK1G3_7_B1,ALL,1,128.54726,1,66
2022-09-02T11:00:00-00:00,2022-09-02T11:15:00-00:00,2022-09-02,05,KERCK1G3_7_B1,KERCK1G3_7_B1,KERCK1G3_7_B1,RTPD,LMP,LMP_PRC,KERCK1G3_7_B1,ALL,1,111.40171,1,66
2022-09-02T12:00:00-00:00,2022-09-02T12:15:00-00:00,2022-09-02,06,KERCK1G3_7_B1,KERCK1G3_7_B1,KERCK1G3_7_B1,RTPD,LMP,LMP_PRC,KERCK1G3_7_B1,ALL,1,140.52724,1,66
2022-09-02T13:00:00-00:00,2022-09-02T13:15:00-00:00,2022-09-02,07,KERCK1G3_7_B1,KERCK1G3_7_B1,KERCK1G3_7_B1,RTPD,LMP,LMP_PRC,KERCK1G3_7_B1,ALL,1,138.90157,1,66
2022-09-02T14:00:00-00:00,2022-09-02T14:15:00-00:00,2022-09-02,08,KERCK1G3_7_B1,KERCK1G3_7_B1,KERCK1G3_7_B1,RTPD,LMP,LMP_PRC,KERCK1G3_7_B1,ALL,1,132.93513,1,66
2022-09-02T15:00:00-00:00,2022-09-02T15:15:00-00:00,2022-09-02,09,KERCK1G3_7_B1,KERCK1G3_7_B1,KERCK1G3_7_B1,RTPD,LMP,LMP_PRC,KERCK1G3_7_B1,ALL,1,99.84461,1,66
2022-09-02T16:00:00-00:00,2022-09-02T16:15:00-00:00,2022-09-02,10,KERCK1G3_7_B1,KERCK1G3_7_B1,KERCK1G3_7_B1,RTPD,LMP,LMP_PRC,KERCK1G3_7_B1,ALL,1,138.80762,1,66
2022-09-02T17:00:00-00:00,2022-09-02T17:15:00-00:00,2022-09-02,11,KERCK1G3_7_B1,KERCK1G3_7_B1,KERCK1G3_7_B1,RTPD,LMP,LMP_PRC,KERCK1G3_7_B1,ALL,1,104.64793,1,66
2022-09-02T18:00:00-00:00,2022-09-02T18:15:00-00:00,2022-09-02,12,KERCK1G3_7_B1,KERCK1G3_7_B1,KERCK1G3_7_B1,RTPD,LMP,LMP_PRC,KERCK1G3_7_B1,ALL,1,112.1517,1,66
2022-09-02T19:00:00-00:00,2022-09-02T19:15:00-00:00,2022-09-02,13,KERCK1G3_7_B1,KERCK1G3_7_B1,KERCK1G3_7_B1,RTPD,LMP,LMP_PRC,KERCK1G3_7_B1,ALL,1,109.06086,1,66
2022-09-02T20:00:00-00:00,2022-09-02T20:15:00-00:00,2022-09-02,14,KERCK1G3_7_B1,KERCK1G3_7_B1,KERCK1G3_7_B1,RTPD,LMP,LMP_PRC,KERCK1G3_7_B1,ALL,1,112.17316,1,66
2022-09-02T21:00:00-00:00,2022-09-02T21:15:00-00:00,2022-09-02,15,KERCK1G3_7_B1,KERCK1G3_7_B1,KERCK1G3_7_B1,RTPD,LMP,LMP_PRC,KERCK1G3_7_B1,ALL,1,123.07256,1,66
2022-09-02T22:00:00-00:00,2022-09-02T22:15:00-00:00,2022-09-02,16,KERCK1G3_7_B1,KERCK1G3_7_B1,KERCK1G3_7_B1,RTPD,LMP,LMP_PRC,KERCK1G3_7_B1,ALL,1,148.73329,1,66
2022-09-02T23:00:00-00:00,2022-09-02T23:15:00-00:00,2022-09-02,17,KERCK1G3_7_B1,KERCK1G3_7_B1,KERCK1G3_7_B1,RTPD,LMP,LMP_PRC,KERCK1G3_7_B1,ALL,1,134.0454,1,66
2022-09-03T00:00:00-00:00,2022-09-03T00:15:00-00:00,2022-09-02,18,KERCK1G3_7_B1,KERCK1G3_7_B1,KERCK1G3_7_B1,RTPD,LMP,LMP_PRC,KERCK1G3_7_B1,ALL,1,111.67249,1,66
2022-09-03T01:00:00-00:00,2022-09-03T01:15:00-00:00,2022-09-02,19,KERCK1G3_7_B1,KERCK1G3_7_B1,KERCK1G3_7_B1,RTPD,LMP,LMP_PRC,KERCK1G3_7_B1,ALL,1,117.69881,1,66
2022-09-03T02:00:00-00:00,2022-09-03T02:15:00-00:00,2022-09-02,20,KERCK1G3_7_B1,KERCK1G3_7_B1,KERCK1G3_7_B1,RTPD,LMP,LMP_PRC,KERCK1G3_7_B1,ALL,1,221.34102,1,66
2022-09-03T03:00:00-00:00,2022-09-03T03:15:00-00:00,2022-09-02,21,KERCK1G3_7_B1,KERCK1G3_7_B1,KERCK1G3_7_B1,RTPD,LMP,LMP_PRC,KERCK1G3_7_B1,ALL,1,160.62514,1,66
2022-09-03T04:00:00-00:00,2022-09-03T04:15:00-00:00,2022-09-02,22,KERCK1G3_7_B1,KERCK1G3_7_B1,KERCK1G3_7_B1,RTPD,LMP,LMP_PRC,KERCK1G3_7_B1,ALL,1,181.69737,1,66
2022-09-03T05:00:00-00:00,2022-09-03T05:15:00-00:00,2022-09-02,23,KERCK1G3_7_B1,KERCK1G3_7_B1,KERCK1G3_7_B1,RTPD,LMP,LMP_PRC,KERCK1G3_7_B1,ALL,1,156.0678,1,66
2022-09-03T06:00:00-00:00,2022-09-03T06:15:00-00:00,2022-09-02,24,KERCK1G3_7_B1,KERCK1G3_7_B1,KERCK1G3_7_B1,RTPD,LMP,LMP_PRC,KERCK1G3_7_B1,ALL,1,608.8005,1,66
2022-09-02T07:15:00-00:00,2022-09-02T07:30:00-00:00,2022-09-02,01,KERCK1G3_7_B1,KERCK1G3_7_B1,KERCK1G3_7_B1,RTPD,LMP,LMP_PRC,KERCK1G3_7_B1,ALL,1,141.78249,2,66
2022-09-02T08:15:00-00:00,2022-09-02T08:30:00-00:00,2022-09-02,02,KERCK1G3_7_B1,KERCK1G3_7_B1,KERCK1G3_7_B1,RTPD,LMP,LMP_PRC,KERCK1G3_7_B1,ALL,1,180.1661,2,66
2022-09-02T09:15:00-00:00,2022-09-02T09:30:00-00:00,2022-09-02,03,KERCK1G3_7_B1,KERCK1G3_7_B1,KERCK1G3_7_B1,RTPD,LMP,LMP_PRC,KERCK1G3_7_B1,ALL,1,149.7082,2,66
2022-09-02T10:15:00-00:00,2022-09-02T10:30:00-00:00,2022-09-02,04,KERCK1G3_7_B1,KERCK1G3_7_B1,KERCK1G3_7_B1,RTPD,LMP,LMP_PRC,KERCK1G3_7_B1,ALL,1,125.04186,2,66
2022-09-02T11:15:00-00:00,2022-09-02T11:30:00-00:00,2022-09-02,05,KERCK1G3_7_B1,KERCK1G3_7_B1,KERCK1G3_7_B1,RTPD,LMP,LMP_PRC,KERCK1G3_7_B1,ALL,1,111.63977,2,66
2022-09-02T12:15:00-00:00,2022-09-02T12:30:00-00:00,2022-09-02,06,KERCK1G3_7_B1,KERCK1G3_7_B1,KERCK1G3_7_B1,RTPD,LMP,LMP_PRC,KERCK1G3_7_B1,ALL,1,137.53001,2,66
2022-09-02T13:15:00-00:00,2022-09-02T13:30:00-00:00,2022-09-02,07,KERCK1G3_7_B1,KERCK1G3_7_B1,KERCK1G3_7_B1,RTPD,LMP,LMP_PRC,KERCK1G3_7_B1,ALL,1,137.36086,2,66
2022-09-02T14:15:00-00:00,2022-09-02T14:30:00-00:00,2022-09-02,08,KERCK1G3_7_B1,KERCK1G3_7_B1,KERCK1G3_7_B1,RTPD,LMP,LMP_PRC,KERCK1G3_7_B1,ALL,1,126.79029,2,66
2022-09-02T15:15:00-00:00,2022-09-02T15:30:00-00:00,2022-09-02,09,KERCK1G3_7_B1,KERCK1G3_7_B1,KERCK1G3_7_B1,RTPD,LMP,LMP_PRC,KERCK1G3_7_B1,ALL,1,127.90138,2,66
2022-09-02T16:15:00-00:00,2022-09-02T16:30:00-00:00,2022-09-02,10,KERCK1G3_7_B1,KERCK1G3_7_B1,KERCK1G3_7_B1,RTPD,LMP,LMP_PRC,KERCK1G3_7_B1,ALL,1,139.52657,2,66
2022-09-02T17:15:00-00:00,2022-09-02T17:30:00-00:00,2022-09-02,11,KERCK1G3_7_B1,KERCK1G3_7_B1,KERCK1G3_7_B1,RTPD,LMP,LMP_PRC,KERCK1G3_7_B1,ALL,1,114.23138,2,66
2022-09-02T18:15:00-00:00,2022-09-02T18:30:00-00:00,2022-09-02,12,KERCK1G3_7_B1,KERCK1G3_7_B1,KERCK1G3_7_B1,RTPD,LMP,LMP_PRC,KERCK1G3_7_B1,ALL,1,117.18845,2,66
2022-09-02T19:15:00-00:00,2022-09-02T19:30:00-00:00,2022-09-02,13,KERCK1G3_7_B1,KERCK1G3_7_B1,KERCK1G3_7_B1,RTPD,LMP,LMP_PRC,KERCK1G3_7_B1,ALL,1,114.48123,2,66
2022-09-02T20:15:00-00:00,2022-09-02T20:30:00-00:00,2022-09-02,14,KERCK1G3_7_B1,KERCK1G3_7_B1,KERCK1G3_7_B1,RTPD,LMP,LMP_PRC,KERCK1G3_7_B1,ALL,1,115.56759,2,66
2022-09-02T21:15:00-00:00,2022-09-02T21:30:00-00:00,2022-09-02,15,KERCK1G3_7_B1,KERCK1G3_7_B1,KERCK1G3_7_B1,RTPD,LMP,LMP_PRC,KERCK1G3_7_B1,ALL,1,124.50624,2,66
2022-09-02T22:15:00-00:00,2022-09-02T22:30:00-00:00,2022-09-02,16,KERCK1G3_7_B1,KERCK1G3_7_B1,KERCK1G3_7_B1,RTPD,LMP,LMP_PRC,KERCK1G3_7_B1,ALL,1,162.65959,2,66
2022-09-02T23:15:00-00:00,2022-09-02T23:30:00-00:00,2022-09-02,17,KERCK1G3_7_B1,KERCK1G3_7_B1,KERCK1G3_7_B1,RTPD,LMP,LMP_PRC,KERCK1G3_7_B1,ALL,1,136.9963,2,66
2022-09-03T00:15:00-00:00,2022-09-03T00:30:00-00:00,2022-09-02,18,KERCK1G3_7_B1,KERCK1G3_7_B1,KERCK1G3_7_B1,RTPD,LMP,LMP_PRC,KERCK1G3_7_B1,ALL,1,128.7286,2,66
2022-09-03T01:15:00-00:00,2022-09-03T01:30:00-00:00,2022-09-02,19,KERCK1G3_7_B1,KERCK1G3_7_B1,KERCK1G3_7_B1,RTPD,LMP,LMP_PRC,KERCK1G3_7_B1,ALL,1,139.79655,2,66
2022-09-03T02:15:00-00:00,2022-09-03T02:30:00-00:00,2022-09-02,20,KERCK1G3_7_B1,KERCK1G3_7_B1,KERCK1G3_7_B1,RTPD,LMP,LMP_PRC,KERCK1G3_7_B1,ALL,1,217.73816,2,66
2022-09-03T03:15:00-00:00,2022-09-03T03:30:00-00:00,2022-09-02,21,KERCK1G3_7_B1,KERCK1G3_7_B1,KERCK1G3_7_B1,RTPD,LMP,LMP_PRC,KERCK1G3_7_B1,ALL,1,158.16064,2,66
2022-09-03T04:15:00-00:00,2022-09-03T04:30:00-00:00,2022-09-02,22,KERCK1G3_7_B1,KERCK1G3_7_B1,KERCK1G3_7_B1,RTPD,LMP,LMP_PRC,KERCK1G3_7_B1,ALL,1,252.74693,2,66
2022-09-03T05:15:00-00:00,2022-09-03T05:30:00-00:00,2022-09-02,23,KERCK1G3_7_B1,KERCK1G3_7_B1,KERCK1G3_7_B1,RTPD,LMP,LMP_PRC,KERCK1G3_7_B1,ALL,1,132.03513,2,66
2022-09-03T06:15:00-00:00,2022-09-03T06:30:00-00:00,2022-09-02,24,KERCK1G3_7_B1,KERCK1G3_7_B1,KERCK1G3_7_B1,RTPD,LMP,LMP_PRC,KERCK1G3_7_B1,ALL,1,122.26668,2,66
2022-09-02T07:30:00-00:00,2022-09-02T07:45:00-00:00,2022-09-02,01,KERCK1G3_7_B1,KERCK1G3_7_B1,KERCK1G3_7_B1,RTPD,LMP,LMP_PRC,KERCK1G3_7_B1,ALL,1,144.10783,3,66
2022-09-02T08:30:00-00:00,2022-09-02T08:45:00-00:00,2022-09-02,02,KERCK1G3_7_B1,KERCK1G3_7_B1,KERCK1G3_7_B1,RTPD,LMP,LMP_PRC,KERCK1G3_7_B1,ALL,1,135.97836,3,66
2022-09-02T09:30:00-00:00,2022-09-02T09:45:00-00:00,2022-09-02,03,KERCK1G3_7_B1,KERCK1G3_7_B1,KERCK1G3_7_B1,RTPD,LMP,LMP_PRC,KERCK1G3_7_B1,ALL,1,142.33784,3,66
2022-09-02T10:30:00-00:00,2022-09-02T10:45:00-00:00,2022-09-02,04,KERCK1G3_7_B1,KERCK1G3_7_B1,KERCK1G3_7_B1,RTPD,LMP,LMP_PRC,KERCK1G3_7_B1,ALL,1,131.11563,3,66
2022-09-02T11:30:00-00:00,2022-09-02T11:45:00-00:00,2022-09-02,05,KERCK1G3_7_B1,KERCK1G3_7_B1,KERCK1G3_7_B1,RTPD,LMP,LMP_PRC,KERCK1G3_7_B1,ALL,1,108.30224,3,66
2022-09-02T12:30:00-00:00,2022-09-02T12:45:00-00:00,2022-09-02,06,KERCK1G3_7_B1,KERCK1G3_7_B1,KERCK1G3_7_B1,RTPD,LMP,LMP_PRC,KERCK1G3_7_B1,ALL,1,136.3401,3,66
2022-09-02T13:30:00-00:00,2022-09-02T13:45:00-00:00,2022-09-02,07,KERCK1G3_7_B1,KERCK1G3_7_B1,KERCK1G3_7_B1,RTPD,LMP,LMP_PRC,KERCK1G3_7_B1,ALL,1,116.44897,3,66
2022-09-02T14:30:00-00:00,2022-09-02T14:45:00-00:00,2022-09-02,08,KERCK1G3_7_B1,KERCK1G3_7_B1,KERCK1G3_7_B1,RTPD,LMP,LMP_PRC,KERCK1G3_7_B1,ALL,1,112.43957,3,66
2022-09-02T15:30:00-00:00,2022-09-02T15:45:00-00:00,2022-09-02,09,KERCK1G3_7_B1,KERCK1G3_7_B1,KERCK1G3_7_B1,RTPD,LMP,LMP_PRC,KERCK1G3_7_B1,ALL,1,129.8253,3,66
2022-09-02T16:30:00-00:00,2022-09-02T16:45:00-00:00,2022-09-02,10,KERCK1G3_7_B1,KERCK1G3_7_B1,KERCK1G3_7_B1,RTPD,LMP,LMP_PRC,KERCK1G3_7_B1,ALL,1,141.3182,3,66
2022-09-02T17:30:00-00:00,2022-09-02T17:45:00-00:00,2022-09-02,11,KERCK1G3_7_B1,KERCK1G3_7_B1,KERCK1G3_7_B1,RTPD,LMP,LMP_PRC,KERCK1G3_7_B1,ALL,1,112.90053,3,66
2022-09-02T18:30:00-00:00,2022-09-02T18:45:00-00:00,2022-09-02,12,KERCK1G3_7_B1,KERCK1G3_7_B1,KERCK1G3_7_B1,RTPD,LMP,LMP_PRC,KERCK1G3_7_B1,ALL,1,122.08231,3,66
2022-09-02T19:30:00-00:00,2022-09-02T19:45:00-00:00,2022-09-02,13,KERCK1G3_7_B1,KERCK1G3_7_B1,KERCK1G3_7_B1,RTPD,LMP,LMP_PRC,KERCK1G3_7_B1,ALL,1,120.732,3,66
2022-09-02T20:30:00-00:00,2022-09-02T20:45:00-00:00,2022-09-02,14,KERCK1G3_7_B1,KERCK1G3_7_B1,KERCK1G3_7_B1,RTPD,LMP,LMP_PRC,KERCK1G3_7_B1,ALL,1,122.87521,3,66
2022-09-02T21:30:00-00:00,2022-09-02T21:45:00-00:00,2022-09-02,15,KERCK1G3_7_B1,KERCK1G3_7_B1,KERCK1G3_7_B1,RTPD,LMP,LMP_PRC,KERCK1G3_7_B1,ALL,1,137.27357,3,66
2022-09-02T22:30:00-00:00,2022-09-02T22:45:00-00:00,2022-09-02,16,KERCK1G3_7_B1,KERCK1G3_7_B1,KERCK1G3_7_B1,RTPD,LMP,LMP_PRC,KERCK1G3_7_B1,ALL,1,187.3296,3,66
2022-09-02T23:30:00-00:00,2022-09-02T23:45:00-00:00,2022-09-02,17,KERCK1G3_7_B1,KERCK1G3_7_B1,KERCK1G3_7_B1,RTPD,LMP,LMP_PRC,KERCK1G3_7_B1,ALL,1,149.63039,3,66
2022-09-03T00:30:00-00:00,2022-09-03T00:45:00-00:00,2022-09-02,18,KERCK1G3_7_B1,KERCK1G3_7_B1,KERCK1G3_7_B1,RTPD,LMP,LMP_PRC,KERCK1G3_7_B1,ALL,1,148.75351,3,66
2022-09-03T01:30:00-00:00,2022-09-03T01:45:00-00:00,2022-09-02,19,KERCK1G3_7_B1,KERCK1G3_7_B1,KERCK1G3_7_B1,RTPD,LMP,LMP_PRC,KERCK1G3_7_B1,ALL,1,219.01859,3,66
2022-09-03T02:30:00-00:00,2022-09-03T02:45:00-00:00,2022-09-02,20,KERCK1G3_7_B1,KERCK1G3_7_B1,KERCK1G3_7_B1,RTPD,LMP,LMP_PRC,KERCK1G3_7_B1,ALL,1,194.79054,3,66
2022-09-03T03:30:00-00:00,2022-09-03T03:45:00-00:00,2022-09-02,21,KERCK1G3_7_B1,KERCK1G3_7_B1,KERCK1G3_7_B1,RTPD,LMP,LMP_PRC,KERCK1G3_7_B1,ALL,1,149.06657,3,66
2022-09-03T04:30:00-00:00,2022-09-03T04:45:00-00:00,2022-09-02,22,KERCK1G3_7_B1,KERCK1G3_7_B1,KERCK1G3_7_B1,RTPD,LMP,LMP_PRC,KERCK1G3_7_B1,ALL,1,144.5907,3,66
2022-09-03T05:30:00-00:00,2022-09-03T05:45:00-00:00,2022-09-02,23,KERCK1G3_7_B1,KERCK1G3_7_B1,KERCK1G3_7_B1,RTPD,LMP,LMP_PRC,KERCK1G3_7_B1,ALL,1,123.47433,3,66
2022-09-03T06:30:00-00:00,2022-09-03T06:45:00-00:00,2022-09-02,24,KERCK1G3_7_B1,KERCK1G3_7_B1,KERCK1G3_7_B1,RTPD,LMP,LMP_PRC,KERCK1G3_7_B1,ALL,1,92.62281,3,66
2022-09-02T07:45:00-00:00,2022-09-02T08:00:00-00:00,2022-09-02,01,KERCK1G3_7_B1,KERCK1G3_7_B1,KERCK1G3_7_B1,RTPD,LMP,LMP_PRC,KERCK1G3_7_B1,ALL,1,117.98359,4,66
2022-09-02T08:45:00-00:00,2022-09-02T09:00:00-00:00,2022-09-02,02,KERCK1G3_7_B1,KERCK1G3_7_B1,KERCK1G3_7_B1,RTPD,LMP,LMP_PRC,KERCK1G3_7_B1,ALL,1,119.215,4,66
2022-09-02T09:45:00-00:00,2022-09-02T10:00:00-00:00,2022-09-02,03,KERCK1G3_7_B1,KERCK1G3_7_B1,KERCK1G3_7_B1,RTPD,LMP,LMP_PRC,KERCK1G3_7_B1,ALL,1,120.41107,4,66
2022-09-02T10:45:00-00:00,2022-09-02T11:00:00-00:00,2022-09-02,04,KERCK1G3_7_B1,KERCK1G3_7_B1,KERCK1G3_7_B1,RTPD,LMP,LMP_PRC,KERCK1G3_7_B1,ALL,1,113.87598,4,66
2022-09-02T11:45:00-00:00,2022-09-02T12:00:00-00:00,2022-09-02,05,KERCK1G3_7_B1,KERCK1G3_7_B1,KERCK1G3_7_B1,RTPD,LMP,LMP_PRC,KERCK1G3_7_B1,ALL,1,148.30066,4,66
2022-09-02T12:45:00-00:00,2022-09-02T13:00:00-00:00,2022-09-02,06,KERCK1G3_7_B1,KERCK1G3_7_B1,KERCK1G3_7_B1,RTPD,LMP,LMP_PRC,KERCK1G3_7_B1,ALL,1,145.16174,4,66
2022-09-02T13:45:00-00:00,2022-09-02T14:00:00-00:00,2022-09-02,07,KERCK1G3_7_B1,KERCK1G3_7_B1,KERCK1G3_7_B1,RTPD,LMP,LMP_PRC,KERCK1G3_7_B1,ALL,1,110.23694,4,66
2022-09-02T14:45:00-00:00,2022-09-02T15:00:00-00:00,2022-09-02,08,KERCK1G3_7_B1,KERCK1G3_7_B1,KERCK1G3_7_B1,RTPD,LMP,LMP_PRC,KERCK1G3_7_B1,ALL,1,97.30037,4,66
2022-09-02T15:45:00-00:00,2022-09-02T16:00:00-00:00,2022-09-02,09,KERCK1G3_7_B1,KERCK1G3_7_B1,KERCK1G3_7_B1,RTPD,LMP,LMP_PRC,KERCK1G3_7_B1,ALL,1,131.67535,4,66
2022-09-02T16:45:00-00:00,2022-09-02T17:00:00-00:00,2022-09-02,10,KERCK1G3_7_B1,KERCK1G3_7_B1,KERCK1G3_7_B1,RTPD,LMP,LMP_PRC,KERCK1G3_7_B1,ALL,1,147.65767,4,66
2022-09-02T17:45:00-00:00,2022-09-02T18:00:00-00:00,2022-09-02,11,KERCK1G3_7_B1,KERCK1G3_7_B1,KERCK1G3_7_B1,RTPD,LMP,LMP_PRC,KERCK1G3_7_B1,ALL,1,115.44504,4,66
2022-09-02T18:45:00-00:00,2022-09-02T19:00:00-00:00,2022-09-02,12,KERCK1G3_7_B1,KERCK1G3_7_B1,KERCK1G3_7_B1,RTPD,LMP,LMP_PRC,KERCK1G3_7_B1,ALL,1,130.6592,4,66
2022-09-02T19:45:00-00:00,2022-09-02T20:00:00-00:00,2022-09-02,13,KERCK1G3_7_B1,KERCK1G3_7_B1,KERCK1G3_7_B1,RTPD,LMP,LMP_PRC,KERCK1G3_7_B1,ALL,1,138.03818,4,66
2022-09-02T20:45:00-00:00,2022-09-02T21:00:00-00:00,2022-09-02,14,KERCK1G3_7_B1,KERCK1G3_7_B1,KERCK1G3_7_B1,RTPD,LMP,LMP_PRC,KERCK1G3_7_B1,ALL,1,147.93741,4,66
2022-09-02T21:45:00-00:00,2022-09-02T22:00:00-00:00,2022-09-02,15,KERCK1G3_7_B1,KERCK1G3_7_B1,KERCK1G3_7_B1,RTPD,LMP,LMP_PRC,KERCK1G3_7_B1,ALL,1,177.62032,4,66
2022-09-02T22:45:00-00:00,2022-09-02T23:00:00-00:00,2022-09-02,16,KERCK1G3_7_B1,KERCK1G3_7_B1,KERCK1G3_7_B1,RTPD,LMP,LMP_PRC,KERCK1G3_7_B1,ALL,1,247.4294,4,66
2022-09-02T23:45:00-00:00,2022-09-03T00:00:00-00:00,2022-09-02,17,KERCK1G3_7_B1,KERCK1G3_7_B1,KERCK1G3_7_B1,RTPD,LMP,LMP_PRC,KERCK1G3_7_B1,ALL,1,253.08046,4,66
2022-09-03T00:45:00-00:00,2022-09-03T01:00:00-00:00,2022-09-02,18,KERCK1G3_7_B1,KERCK1G3_7_B1,KERCK1G3_7_B1,RTPD,LMP,LMP_PRC,KERCK1G3_7_B1,ALL,1,231.91946,4,66
2022-09-03T01:45:00-00:00,2022-09-03T02:00:00-00:00,2022-09-02,19,KERCK1G3_7_B1,KERCK1G3_7_B1,KERCK1G3_7_B1,RTPD,LMP,LMP_PRC,KERCK1G3_7_B1,ALL,1,299.48355,4,66
2022-09-03T02:45:00-00:00,2022-09-03T03:00:00-00:00,2022-09-02,20,KERCK1G3_7_B1,KERCK1G3_7_B1,KERCK1G3_7_B1,RTPD,LMP,LMP_PRC,KERCK1G3_7_B1,ALL,1,181.03346,4,66
2022-09-03T03:45:00-00:00,2022-09-03T04:00:00-00:00,2022-09-02,21,KERCK1G3_7_B1,KERCK1G3_7_B1,KERCK1G3_7_B1,RTPD,LMP,LMP_PRC,KERCK1G3_7_B1,ALL,1,140.01521,4,66
2022-09-03T04:45:00-00:00,2022-09-03T05:00:00-00:00,2022-09-02,22,KERCK1G3_7_B1,KERCK1G3_7_B1,KERCK1G3_7_B1,RTPD,LMP,LMP_PRC,KERCK1G3_7_B1,ALL,1,126.91493,4,66
2022-09-03T05:45:00-00:00,2022-09-03T06:00:00-00:00,2022-09-02,23,KERCK1G3_7_B1,KERCK1G3_7_B1,KERCK1G3_7_B1,RTPD,LMP,LMP_PRC,KERCK1G3_7_B1,ALL,1,117.33587,4,66
2022-09-03T06:45:00-00:00,2022-09-03T07:00:00-00:00,2022-09-02,24,KERCK1G3_7_B1,KERCK1G3_7_B1,KERCK1G3_7_B1,RTPD,LMP,LMP_PRC,KERCK1G3_7_B1,ALL,1,90.88839,4,66
2022-09-02T07:00:00-00:00,2022-09-02T07:15:00-00:00,2022-09-02,01,KERCK1G3_7_B1,KERCK1G3_7_B1,KERCK1G3_7_B1,RTPD,MCC,LMP_CONG_PRC,KERCK1G3_7_B1,ALL,1,9.50537,1,67
2022-09-02T08:00:00-00:00,2022-09-02T08:15:00-00:00,2022-09-02,02,KERCK1G3_7_B1,KERCK1G3_7_B1,KERCK1G3_7_B1,RTPD,MCC,LMP_CONG_PRC,KERCK1G3_7_B1,ALL,1,25.97853,1,67
2022-09-02T09:00:00-00:00,2022-09-02T09:15:00-00:00,2022-09-02,03,KERCK1G3_7_B1,KERCK1G3_7_B1,KERCK1G3_7_B1,RTPD,MCC,LMP_CONG_PRC,KERCK1G3_7_B1,ALL,1,12.95565,1,67
2022-09-02T10:00:00-00:00,2022-09-02T10:15:00-00:00,2022-09-02,04,KERCK1G3_7_B1,KERCK1G3_7_B1,KERCK1G3_7_B1,RTPD,MCC,LMP_CONG_PRC,KERCK1G3_7_B1,ALL,1,10.77815,1,67
2022-09-02T11:00:00-00:00,2022-09-02T11:15:00-00:00,2022-09-02,05,KERCK1G3_7_B1,KERCK1G3_7_B1,KERCK1G3_7_B1,RTPD,MCC,LMP_CONG_PRC,KERCK1G3_7_B1,ALL,1,11.60562,1,67
2022-09-02T12:00:00-00:00,2022-09-02T12:15:00-00:00,2022-09-02,06,KERCK1G3_7_B1,KERCK1G3_7_B1,KERCK1G3_7_B1,RTPD,MCC,LMP_CONG_PRC,KERCK1G3_7_B1,ALL,1,36.89012,1,67
2022-09-02T13:00:00-00:00,2022-09-02T13:15:00-00:00,2022-09-02,07,KERCK1G3_7_B1,KERCK1G3_7_B1,KERCK1G3_7_B1,RTPD,MCC,LMP_CONG_PRC,KERCK1G3_7_B1,ALL,1,32.93378,1,67
2022-09-02T14:00:00-00:00,2022-09-02T14:15:00-00:00,2022-09-02,08,KERCK1G3_7_B1,KERCK1G3_7_B1,KERCK1G3_7_B1,RTPD,MCC,LMP_CONG_PRC,KERCK1G3_7_B1,ALL,1,2.53121,1,67
2022-09-02T15:00:00-00:00,2022-09-02T15:15:00-00:00,2022-09-02,09,KERCK1G3_7_B1,KERCK1G3_7_B1,KERCK1G3_7_B1,RTPD,MCC,LMP_CONG_PRC,KERCK1G3_7_B1,ALL,1,1.54119,1,67
2022-09-02T16:00:00-00:00,2022-09-02T16:15:00-00:00,2022-09-02,10,KERCK1G3_7_B1,KERCK1G3_7_B1,KERCK1G3_7_B1,RTPD,MCC,LMP_CONG_PRC,KERCK1G3_7_B1,ALL,1,40.6207,1,67
2022-09-02T17:00:00-00:00,2022-09-02T17:15:00-00:00,2022-09-02,11,KERCK1G3_7_B1,KERCK1G3_7_B1,KERCK1G3_7_B1,RTPD,MCC,LMP_CONG_PRC,KERCK1G3_7_B1,ALL,1,0,1,67
2022-09-02T18:00:00-00:00,2022-09-02T18:15:00-00:00,2022-09-02,12,KERCK1G3_7_B1,KERCK1G3_7_B1,KERCK1G3_7_B1,RTPD,MCC,LMP_CONG_PRC,KERCK1G3_7_B1,ALL,1,0,1,67
2022-09-02T19:00:00-00:00,2022-09-02T19:15:00-00:00,2022-09-02,13,KERCK1G3_7_B1,KERCK1G3_7_B1,KERCK1G3_7_B1,RTPD,MCC,LMP_CONG_PRC,KERCK1G3_7_B1,ALL,1,0,1,67
2022-09-02T20:00:00-00:00,2022-09-02T20:15:00-00:00,2022-09-02,14,KERCK1G3_7_B1,KERCK1G3_7_B1,KERCK1G3_7_B1,RTPD,MCC,LMP_CONG_PRC,KERCK1G3_7_B1,ALL,1,0,1,67
2022-09-02T21:00:00-00:00,2022-09-02T21:15:00-00:00,2022-09-02,15,KERCK1G3_7_B1,KERCK1G3_7_B1,KERCK1G3_7_B1,RTPD,MCC,LMP_CONG_PRC,KERCK1G3_7_B1,ALL,1,0,1,67
2022-09-02T22:00:00-00:00,2022-09-02T22:15:00-00:00,2022-09-02,16,KERCK1G3_7_B1,KERCK1G3_7_B1,KERCK1G3_7_B1,RTPD,MCC,LMP_CONG_PRC,KERCK1G3_7_B1,ALL,1,0,1,67
2022-09-02T23:00:00-00:00,2022-09-02T23:15:00-00:00,2022-09-02,17,KERCK1G3_7_B1,KERCK1G3_7_B1,KERCK1G3_7_B1,RTPD,MCC,LMP_CONG_PRC,KERCK1G3_7_B1,ALL,1,-7.75751,1,67
2022-09-03T00:00:00-00:00,2022-09-03T00:15:00-00:00,2022-09-02,18,KERCK1G3_7_B1,KERCK1G3_7_B1,KERCK1G3_7_B1,RTPD,MCC,LMP_CONG_PRC,KERCK1G3_7_B1,ALL,1,-129.81262,1,67
2022-09-03T01:00:00-00:00,2022-09-03T01:15:00-00:00,2022-09-02,19,KERCK1G3_7_B1,KERCK1G3_7_B1,KERCK1G3_7_B1,RTPD,MCC,LMP_CONG_PRC,KERCK1G3_7_B1,ALL,1,-35.00004,1,67
2022-09-03T02:00:00-00:00,2022-09-03T02:15:00-00:00,2022-09-02,20,KERCK1G3_7_B1,KERCK1G3_7_B1,KERCK1G3_7_B1,RTPD,MCC,LMP_CONG_PRC,KERCK1G3_7_B1,ALL,1,0,1,67
2022-09-03T03:00:00-00:00,2022-09-03T03:15:00-00:00,2022-09-02,21,KERCK1G3_7_B1,KERCK1G3_7_B1,KERCK1G3_7_B1,RTPD,MCC,LMP_CONG_PRC,KERCK1G3_7_B1,ALL,1,0,1,67
2022-09-03T04:00:00-00:00,2022-09-03T04:15:00-00:00,2022-09-02,22,KERCK1G3_7_B1,KERCK1G3_7_B1,KERCK1G3_7_B1,RTPD,MCC,LMP_CONG_PRC,KERCK1G3_7_B1,ALL,1,-2.11024,1,67
2022-09-03T05:00:00-00:00,2022-09-03T05:15:00-00:00,2022-09-02,23,KERCK1G3_7_B1,KERCK1G3_7_B1,KERCK1G3_7_B1,RTPD,MCC,LMP_CONG_PRC,KERCK1G3_7_B1,ALL,1,-11.48936,1,67
2022-09-03T06:00:00-00:00,2022-09-03T06:15:00-00:00,2022-09-02,24,KERCK1G3_7_B1,KERCK1G3_7_B1,KERCK1G3_7_B1,RTPD,MCC,LMP_CONG_PRC,KERCK1G3_7_B1,ALL,1,443.7561,1,67
2022-09-02T07:15:00-00:00,2022-09-02T07:30:00-00:00,2022-09-02,01,KERCK1G3_7_B1,KERCK1G3_7_B1,KERCK1G3_7_B1,RTPD,MCC,LMP_CONG_PRC,KERCK1G3_7_B1,ALL,1,9.52092,2,67
2022-09-02T08:15:00-00:00,2022-09-02T08:30:00-00:00,2022-09-02,02,KERCK1G3_7_B1,KERCK1G3_7_B1,KERCK1G3_7_B1,RTPD,MCC,LMP_CONG_PRC,KERCK1G3_7_B1,ALL,1,51.08586,2,67
2022-09-02T09:15:00-00:00,2022-09-02T09:30:00-00:00,2022-09-02,03,KERCK1G3_7_B1,KERCK1G3_7_B1,KERCK1G3_7_B1,RTPD,MCC,LMP_CONG_PRC,KERCK1G3_7_B1,ALL,1,23.38219,2,67
2022-09-02T10:15:00-00:00,2022-09-02T10:30:00-00:00,2022-09-02,04,KERCK1G3_7_B1,KERCK1G3_7_B1,KERCK1G3_7_B1,RTPD,MCC,LMP_CONG_PRC,KERCK1G3_7_B1,ALL,1,7.37879,2,67
2022-09-02T11:15:00-00:00,2022-09-02T11:30:00-00:00,2022-09-02,05,KERCK1G3_7_B1,KERCK1G3_7_B1,KERCK1G3_7_B1,RTPD,MCC,LMP_CONG_PRC,KERCK1G3_7_B1,ALL,1,13.8522,2,67
2022-09-02T12:15:00-00:00,2022-09-02T12:30:00-00:00,2022-09-02,06,KERCK1G3_7_B1,KERCK1G3_7_B1,KERCK1G3_7_B1,RTPD,MCC,LMP_CONG_PRC,KERCK1G3_7_B1,ALL,1,34.43716,2,67
2022-09-02T13:15:00-00:00,2022-09-02T13:30:00-00:00,2022-09-02,07,KERCK1G3_7_B1,KERCK1G3_7_B1,KERCK1G3_7_B1,RTPD,MCC,LMP_CONG_PRC,KERCK1G3_7_B1,ALL,1,29.80002,2,67
2022-09-02T14:15:00-00:00,2022-09-02T14:30:00-00:00,2022-09-02,08,KERCK1G3_7_B1,KERCK1G3_7_B1,KERCK1G3_7_B1,RTPD,MCC,LMP_CONG_PRC,KERCK1G3_7_B1,ALL,1,3.6139,2,67
2022-09-02T15:15:00-00:00,2022-09-02T15:30:00-00:00,2022-09-02,09,KERCK1G3_7_B1,KERCK1G3_7_B1,KERCK1G3_7_B1,RTPD,MCC,LMP_CONG_PRC,KERCK1G3_7_B1,ALL,1,45.64772,2,67
2022-09-02T16:15:00-00:00,2022-09-02T16:30:00-00:00,2022-09-02,10,KERCK1G3_7_B1,KERCK1G3_7_B1,KERCK1G3_7_B1,RTPD,MCC,LMP_CONG_PRC,KERCK1G3_7_B1,ALL,1,37.55915,2,67
2022-09-02T17:15:00-00:00,2022-09-02T17:30:00-00:00,2022-09-02,11,KERCK1G3_7_B1,KERCK1G3_7_B1,KERCK1G3_7_B1,RTPD,MCC,LMP_CONG_PRC,KERCK1G3_7_B1,ALL,1,0,2,67
2022-09-02T18:15:00-00:00,2022-09-02T18:30:00-00:00,2022-09-02,12,KERCK1G3_7_B1,KERCK1G3_7_B1,KERCK1G3_7_B1,RTPD,MCC,LMP_CONG_PRC,KERCK1G3_7_B1,ALL,1,0,2,67
2022-09-02T19:15:00-00:00,2022-09-02T19:30:00-00:00,2022-09-02,13,KERCK1G3_7_B1,KERCK1G3_7_B1,KERCK1G3_7_B1,RTPD,MCC,LMP_CONG_PRC,KERCK1G3_7_B1,ALL,1,0,2,67
2022-09-02T20:15:00-00:00,2022-09-02T20:30:00-00:00,2022-09-02,14,KERCK1G3_7_B1,KERCK1G3_7_B1,KERCK1G3_7_B1,RTPD,MCC,LMP_CONG_PRC,KERCK1G3_7_B1,ALL,1,-0.00161,2,67
2022-09-02T21:15:00-00:00,2022-09-02T21:30:00-00:00,2022-09-02,15,KERCK1G3_7_B1,KERCK1G3_7_B1,KERCK1G3_7_B1,RTPD,MCC,LMP_CONG_PRC,KERCK1G3_7_B1,ALL,1,0,2,67
2022-09-02T22:15:00-00:00,2022-09-02T22:30:00-00:00,2022-09-02,16,KERCK1G3_7_B1,KERCK1G3_7_B1,KERCK1G3_7_B1,RTPD,MCC,LMP_CONG_PRC,KERCK1G3_7_B1,ALL,1,-0.23073,2,67
2022-09-02T23:15:00-00:00,2022-09-02T23:30:00-00:00,2022-09-02,17,KERCK1G3_7_B1,KERCK1G3_7_B1,KERCK1G3_7_B1,RTPD,MCC,LMP_CONG_PRC,KERCK1G3_7_B1,ALL,1,-14.76006,2,67
2022-09-03T00:15:00-00:00,2022-09-03T00:30:00-00:00,2022-09-02,18,KERCK1G3_7_B1,KERCK1G3_7_B1,KERCK1G3_7_B1,RTPD,MCC,LMP_CONG_PRC,KERCK1G3_7_B1,ALL,1,-38.82696,2,67
2022-09-03T01:15:00-00:00,2022-09-03T01:30:00-00:00,2022-09-02,19,KERCK1G3_7_B1,KERCK1G3_7_B1,KERCK1G3_7_B1,RTPD,MCC,LMP_CONG_PRC,KERCK1G3_7_B1,ALL,1,-77.33151,2,67
2022-09-03T02:15:00-00:00,2022-09-03T02:30:00-00:00,2022-09-02,20,KERCK1G3_7_B1,KERCK1G3_7_B1,KERCK1G3_7_B1,RTPD,MCC,LMP_CONG_PRC,KERCK1G3_7_B1,ALL,1,0,2,67
2022-09-03T03:15:00-00:00,2022-09-03T03:30:00-00:00,2022-09-02,21,KERCK1G3_7_B1,KERCK1G3_7_B1,KERCK1G3_7_B1,RTPD,MCC,LMP_CONG_PRC,KERCK1G3_7_B1,ALL,1,0,2,67
2022-09-03T04:15:00-00:00,2022-09-03T04:30:00-00:00,2022-09-02,22,KERCK1G3_7_B1,KERCK1G3_7_B1,KERCK1G3_7_B1,RTPD,MCC,LMP_CONG_PRC,KERCK1G3_7_B1,ALL,1,87.10829,2,67
2022-09-03T05:15:00-00:00,2022-09-03T05:30:00-00:00,2022-09-02,23,KERCK1G3_7_B1,KERCK1G3_7_B1,KERCK1G3_7_B1,RTPD,MCC,LMP_CONG_PRC,KERCK1G3_7_B1,ALL,1,-22.6595,2,67
2022-09-03T06:15:00-00:00,2022-09-03T06:30:00-00:00,2022-09-02,24,KERCK1G3_7_B1,KERCK1G3_7_B1,KERCK1G3_7_B1,RTPD,MCC,LMP_CONG_PRC,KERCK1G3_7_B1,ALL,1,-14.43586,2,67
2022-09-02T07:30:00-00:00,2022-09-02T07:45:00-00:00,2022-09-02,01,KERCK1G3_7_B1,KERCK1G3_7_B1,KERCK1G3_7_B1,RTPD,MCC,LMP_CONG_PRC,KERCK1G3_7_B1,ALL,1,10.99083,3,67
2022-09-02T08:30:00-00:00,2022-09-02T08:45:00-00:00,2022-09-02,02,KERCK1G3_7_B1,KERCK1G3_7_B1,KERCK1G3_7_B1,RTPD,MCC,LMP_CONG_PRC,KERCK1G3_7_B1,ALL,1,10.45484,3,67
2022-09-02T09:30:00-00:00,2022-09-02T09:45:00-00:00,2022-09-02,03,KERCK1G3_7_B1,KERCK1G3_7_B1,KERCK1G3_7_B1,RTPD,MCC,LMP_CONG_PRC,KERCK1G3_7_B1,ALL,1,23.73939,3,67
2022-09-02T10:30:00-00:00,2022-09-02T10:45:00-00:00,2022-09-02,04,KERCK1G3_7_B1,KERCK1G3_7_B1,KERCK1G3_7_B1,RTPD,MCC,LMP_CONG_PRC,KERCK1G3_7_B1,ALL,1,17.24627,3,67
2022-09-02T11:30:00-00:00,2022-09-02T11:45:00-00:00,2022-09-02,05,KERCK1G3_7_B1,KERCK1G3_7_B1,KERCK1G3_7_B1,RTPD,MCC,LMP_CONG_PRC,KERCK1G3_7_B1,ALL,1,8.55179,3,67
2022-09-02T12:30:00-00:00,2022-09-02T12:45:00-00:00,2022-09-02,06,KERCK1G3_7_B1,KERCK1G3_7_B1,KERCK1G3_7_B1,RTPD,MCC,LMP_CONG_PRC,KERCK1G3_7_B1,ALL,1,26.91016,3,67
2022-09-02T13:30:00-00:00,2022-09-02T13:45:00-00:00,2022-09-02,07,KERCK1G3_7_B1,KERCK1G3_7_B1,KERCK1G3_7_B1,RTPD,MCC,LMP_CONG_PRC,KERCK1G3_7_B1,ALL,1,4.95648,3,67
2022-09-02T14:30:00-00:00,2022-09-02T14:45:00-00:00,2022-09-02,08,KERCK1G3_7_B1,KERCK1G3_7_B1,KERCK1G3_7_B1,RTPD,MCC,LMP_CONG_PRC,KERCK1G3_7_B1,ALL,1,3.10097,3,67
2022-09-02T15:30:00-00:00,2022-09-02T15:45:00-00:00,2022-09-02,09,KERCK1G3_7_B1,KERCK1G3_7_B1,KERCK1G3_7_B1,RTPD,MCC,LMP_CONG_PRC,KERCK1G3_7_B1,ALL,1,48.4653,3,67
2022-09-02T16:30:00-00:00,2022-09-02T16:45:00-00:00,2022-09-02,10,KERCK1G3_7_B1,KERCK1G3_7_B1,KERCK1G3_7_B1,RTPD,MCC,LMP_CONG_PRC,KERCK1G3_7_B1,ALL,1,40.621,3,67
2022-09-02T17:30:00-00:00,2022-09-02T17:45:00-00:00,2022-09-02,11,KERCK1G3_7_B1,KERCK1G3_7_B1,KERCK1G3_7_B1,RTPD,MCC,LMP_CONG_PRC,KERCK1G3_7_B1,ALL,1,0,3,67
2022-09-02T18:30:00-00:00,2022-09-02T18:45:00-00:00,2022-09-02,12,KERCK1G3_7_B1,KERCK1G3_7_B1,KERCK1G3_7_B1,RTPD,MCC,LMP_CONG_PRC,KERCK1G3_7_B1,ALL,1,0,3,67
2022-09-02T19:30:00-00:00,2022-09-02T19:45:00-00:00,2022-09-02,13,KERCK1G3_7_B1,KERCK1G3_7_B1,KERCK1G3_7_B1,RTPD,MCC,LMP_CONG_PRC,KERCK1G3_7_B1,ALL,1,0,3,67
2022-09-02T20:30:00-00:00,2022-09-02T20:45:00-00:00,2022-09-02,14,KERCK1G3_7_B1,KERCK1G3_7_B1,KERCK1G3_7_B1,RTPD,MCC,LMP_CONG_PRC,KERCK1G3_7_B1,ALL,1,0,3,67
2022-09-02T21:30:00-00:00,2022-09-02T21:45:00-00:00,2022-09-02,15,KERCK1G3_7_B1,KERCK1G3_7_B1,KERCK1G3_7_B1,RTPD,MCC,LMP_CONG_PRC,KERCK1G3_7_B1,ALL,1,0,3,67
2022-09-02T22:30:00-00:00,2022-09-02T22:45:00-00:00,2022-09-02,16,KERCK1G3_7_B1,KERCK1G3_7_B1,KERCK1G3_7_B1,RTPD,MCC,LMP_CONG_PRC,KERCK1G3_7_B1,ALL,1,0,3,67
2022-09-02T23:30:00-00:00,2022-09-02T23:45:00-00:00,2022-09-02,17,KERCK1G3_7_B1,KERCK1G3_7_B1,KERCK1G3_7_B1,RTPD,MCC,LMP_CONG_PRC,KERCK1G3_7_B1,ALL,1,-7.40335,3,67
2022-09-03T00:30:00-00:00,2022-09-03T00:45:00-00:00,2022-09-02,18,KERCK1G3_7_B1,KERCK1G3_7_B1,KERCK1G3_7_B1,RTPD,MCC,LMP_CONG_PRC,KERCK1G3_7_B1,ALL,1,-85.67541,3,67
2022-09-03T01:30:00-00:00,2022-09-03T01:45:00-00:00,2022-09-02,19,KERCK1G3_7_B1,KERCK1G3_7_B1,KERCK1G3_7_B1,RTPD,MCC,LMP_CONG_PRC,KERCK1G3_7_B1,ALL,1,-31.39397,3,67
2022-09-03T02:30:00-00:00,2022-09-03T02:45:00-00:00,2022-09-02,20,KERCK1G3_7_B1,KERCK1G3_7_B1,KERCK1G3_7_B1,RTPD,MCC,LMP_CONG_PRC,KERCK1G3_7_B1,ALL,1,0.95097,3,67
2022-09-03T03:30:00-00:00,2022-09-03T03:45:00-00:00,2022-09-02,21,KERCK1G3_7_B1,KERCK1G3_7_B1,KERCK1G3_7_B1,RTPD,MCC,LMP_CONG_PRC,KERCK1G3_7_B1,ALL,1,0,3,67
2022-09-03T04:30:00-00:00,2022-09-03T04:45:00-00:00,2022-09-02,22,KERCK1G3_7_B1,KERCK1G3_7_B1,KERCK1G3_7_B1,RTPD,MCC,LMP_CONG_PRC,KERCK1G3_7_B1,ALL,1,-9.9794,3,67
2022-09-03T05:30:00-00:00,2022-09-03T05:45:00-00:00,2022-09-02,23,KERCK1G3_7_B1,KERCK1G3_7_B1,KERCK1G3_7_B1,RTPD,MCC,LMP_CONG_PRC,KERCK1G3_7_B1,ALL,1,-25.28721,3,67
2022-09-03T06:30:00-00:00,2022-09-03T06:45:00-00:00,2022-09-02,24,KERCK1G3_7_B1,KERCK1G3_7_B1,KERCK1G3_7_B1,RTPD,MCC,LMP_CONG_PRC,KERCK1G3_7_B1,ALL,1,-35.16917,3,67
2022-09-02T07:45:00-00:00,2022-09-02T08:00:00-00:00,2022-09-02,01,KERCK1G3_7_B1,KERCK1G3_7_B1,KERCK1G3_7_B1,RTPD,MCC,LMP_CONG_PRC,KERCK1G3_7_B1,ALL,1,8.0396,4,67
2022-09-02T08:45:00-00:00,2022-09-02T09:00:00-00:00,2022-09-02,02,KERCK1G3_7_B1,KERCK1G3_7_B1,KERCK1G3_7_B1,RTPD,MCC,LMP_CONG_PRC,KERCK1G3_7_B1,ALL,1,8.18272,4,67
2022-09-02T09:45:00-00:00,2022-09-02T10:00:00-00:00,2022-09-02,03,KERCK1G3_7_B1,KERCK1G3_7_B1,KERCK1G3_7_B1,RTPD,MCC,LMP_CONG_PRC,KERCK1G3_7_B1,ALL,1,10.2101,4,67
2022-09-02T10:45:00-00:00,2022-09-02T11:00:00-00:00,2022-09-02,04,KERCK1G3_7_B1,KERCK1G3_7_B1,KERCK1G3_7_B1,RTPD,MCC,LMP_CONG_PRC,KERCK1G3_7_B1,ALL,1,3.81487,4,67
2022-09-02T11:45:00-00:00,2022-09-02T12:00:00-00:00,2022-09-02,05,KERCK1G3_7_B1,KERCK1G3_7_B1,KERCK1G3_7_B1,RTPD,MCC,LMP_CONG_PRC,KERCK1G3_7_B1,ALL,1,38.8092,4,67
2022-09-02T12:45:00-00:00,2022-09-02T13:00:00-00:00,2022-09-02,06,KERCK1G3_7_B1,KERCK1G3_7_B1,KERCK1G3_7_B1,RTPD,MCC,LMP_CONG_PRC,KERCK1G3_7_B1,ALL,1,37.07418,4,67
2022-09-02T13:45:00-00:00,2022-09-02T14:00:00-00:00,2022-09-02,07,KERCK1G3_7_B1,KERCK1G3_7_B1,KERCK1G3_7_B1,RTPD,MCC,LMP_CONG_PRC,KERCK1G3_7_B1,ALL,1,5.14877,4,67
2022-09-02T14:45:00-00:00,2022-09-02T15:00:00-00:00,2022-09-02,08,KERCK1G3_7_B1,KERCK1G3_7_B1,KERCK1G3_7_B1,RTPD,MCC,LMP_CONG_PRC,KERCK1G3_7_B1,ALL,1,3.73398,4,67
2022-09-02T15:45:00-00:00,2022-09-02T16:00:00-00:00,2022-09-02,09,KERCK1G3_7_B1,KERCK1G3_7_B1,KERCK1G3_7_B1,RTPD,MCC,LMP_CONG_PRC,KERCK1G3_7_B1,ALL,1,37.92319,4,67
2022-09-02T16:45:00-00:00,2022-09-02T17:00:00-00:00,2022-09-02,10,KERCK1G3_7_B1,KERCK1G3_7_B1,KERCK1G3_7_B1,RTPD,MCC,LMP_CONG_PRC,KERCK1G3_7_B1,ALL,1,42.14641,4,67
2022-09-02T17:45:00-00:00,2022-09-02T18:00:00-00:00,2022-09-02,11,KERCK1G3_7_B1,KERCK1G3_7_B1,KERCK1G3_7_B1,RTPD,MCC,LMP_CONG_PRC,KERCK1G3_7_B1,ALL,1,0,4,67
2022-09-02T18:45:00-00:00,2022-09-02T19:00:00-00:00,2022-09-02,12,KERCK1G3_7_B1,KERCK1G3_7_B1,KERCK1G3_7_B1,RTPD,MCC,LMP_CONG_PRC,KERCK1G3_7_B1,ALL,1,0,4,67
2022-09-02T19:45:00-00:00,2022-09-02T20:00:00-00:00,2022-09-02,13,KERCK1G3_7_B1,KERCK1G3_7_B1,KERCK1G3_7_B1,RTPD,MCC,LMP_CONG_PRC,KERCK1G3_7_B1,ALL,1,0,4,67
2022-09-02T20:45:00-00:00,2022-09-02T21:00:00-00:00,2022-09-02,14,KERCK1G3_7_B1,KERCK1G3_7_B1,KERCK1G3_7_B1,RTPD,MCC,LMP_CONG_PRC,KERCK1G3_7_B1,ALL,1,0,4,67
2022-09-02T21:45:00-00:00,2022-09-02T22:00:00-00:00,2022-09-02,15,KERCK1G3_7_B1,KERCK1G3_7_B1,KERCK1G3_7_B1,RTPD,MCC,LMP_CONG_PRC,KERCK1G3_7_B1,ALL,1,0,4,67
2022-09-02T22:45:00-00:00,2022-09-02T23:00:00-00:00,2022-09-02,16,KERCK1G3_7_B1,KERCK1G3_7_B1,KERCK1G3_7_B1,RTPD,MCC,LMP_CONG_PRC,KERCK1G3_7_B1,ALL,1,-21.87896,4,67
2022-09-02T23:45:00-00:00,2022-09-03T00:00:00-00:00,2022-09-02,17,KERCK1G3_7_B1,KERCK1G3_7_B1,KERCK1G3_7_B1,RTPD,MCC,LMP_CONG_PRC,KERCK1G3_7_B1,ALL,1,-34.03085,4,67
2022-09-03T00:45:00-00:00,2022-09-03T01:00:00-00:00,2022-09-02,18,KERCK1G3_7_B1,KERCK1G3_7_B1,KERCK1G3_7_B1,RTPD,MCC,LMP_CONG_PRC,KERCK1G3_7_B1,ALL,1,-10.24687,4,67
2022-09-03T01:45:00-00:00,2022-09-03T02:00:00-00:00,2022-09-02,19,KERCK1G3_7_B1,KERCK1G3_7_B1,KERCK1G3_7_B1,RTPD,MCC,LMP_CONG_PRC,KERCK1G3_7_B1,ALL,1,-5.07241,4,67
2022-09-03T02:45:00-00:00,2022-09-03T03:00:00-00:00,2022-09-02,20,KERCK1G3_7_B1,KERCK1G3_7_B1,KERCK1G3_7_B1,RTPD,MCC,LMP_CONG_PRC,KERCK1G3_7_B1,ALL,1,11.8031,4,67
2022-09-03T03:45:00-00:00,2022-09-03T04:00:00-00:00,2022-09-02,21,KERCK1G3_7_B1,KERCK1G3_7_B1,KERCK1G3_7_B1,RTPD,MCC,LMP_CONG_PRC,KERCK1G3_7_B1,ALL,1,0,4,67
2022-09-03T04:45:00-00:00,2022-09-03T05:00:00-00:00,2022-09-02,22,KERCK1G3_7_B1,KERCK1G3_7_B1,KERCK1G3_7_B1,RTPD,MCC,LMP_CONG_PRC,KERCK1G3_7_B1,ALL,1,-2.75247,4,67
2022-09-03T05:45:00-00:00,2022-09-03T06:00:00-00:00,2022-09-02,23,KERCK1G3_7_B1,KERCK1G3_7_B1,KERCK1G3_7_B1,RTPD,MCC,LMP_CONG_PRC,KERCK1G3_7_B1,ALL,1,-3.36704,4,67
2022-09-03T06:45:00-00:00,2022-09-03T07:00:00-00:00,2022-09-02,24,KERCK1G3_7_B1,KERCK1G3_7_B1,KERCK1G3_7_B1,RTPD,MCC,LMP_CONG_PRC,KERCK1G3_7_B1,ALL,1,-18.51486,4,67
2022-09-02T07:00:00-00:00,2022-09-02T07:15:00-00:00,2022-09-02,01,KERCK1G3_7_B1,KERCK1G3_7_B1,KERCK1G3_7_B1,RTPD,MCE,LMP_ENE_PRC,KERCK1G3_7_B1,ALL,1,128.45242,1,68
2022-09-02T08:00:00-00:00,2022-09-02T08:15:00-00:00,2022-09-02,02,KERCK1G3_7_B1,KERCK1G3_7_B1,KERCK1G3_7_B1,RTPD,MCE,LMP_ENE_PRC,KERCK1G3_7_B1,ALL,1,119.60895,1,68
2022-09-02T09:00:00-00:00,2022-09-02T09:15:00-00:00,2022-09-02,03,KERCK1G3_7_B1,KERCK1G3_7_B1,KERCK1G3_7_B1,RTPD,MCE,LMP_ENE_PRC,KERCK1G3_7_B1,ALL,1,114.19063,1,68
2022-09-02T10:00:00-00:00,2022-09-02T10:15:00-00:00,2022-09-02,04,KERCK1G3_7_B1,KERCK1G3_7_B1,KERCK1G3_7_B1,RTPD,MCE,LMP_ENE_PRC,KERCK1G3_7_B1,ALL,1,103.99956,1,68
2022-09-02T11:00:00-00:00,2022-09-02T11:15:00-00:00,2022-09-02,05,KERCK1G3_7_B1,KERCK1G3_7_B1,KERCK1G3_7_B1,RTPD,MCE,LMP_ENE_PRC,KERCK1G3_7_B1,ALL,1,99.79609,1,68
2022-09-02T12:00:00-00:00,2022-09-02T12:15:00-00:00,2022-09-02,06,KERCK1G3_7_B1,KERCK1G3_7_B1,KERCK1G3_7_B1,RTPD,MCE,LMP_ENE_PRC,KERCK1G3_7_B1,ALL,1,103.63711,1,68
2022-09-02T13:00:00-00:00,2022-09-02T13:15:00-00:00,2022-09-02,07,KERCK1G3_7_B1,KERCK1G3_7_B1,KERCK1G3_7_B1,RTPD,MCE,LMP_ENE_PRC,KERCK1G3_7_B1,ALL,1,105.96778,1,68
2022-09-02T14:00:00-00:00,2022-09-02T14:15:00-00:00,2022-09-02,08,KERCK1G3_7_B1,KERCK1G3_7_B1,KERCK1G3_7_B1,RTPD,MCE,LMP_ENE_PRC,KERCK1G3_7_B1,ALL,1,113.93965,1,68
2022-09-02T15:00:00-00:00,2022-09-02T15:15:00-00:00,2022-09-02,09,KERCK1G3_7_B1,KERCK1G3_7_B1,KERCK1G3_7_B1,RTPD,MCE,LMP_ENE_PRC,KERCK1G3_7_B1,ALL,1,87.89648,1,68
2022-09-02T16:00:00-00:00,2022-09-02T16:15:00-00:00,2022-09-02,10,KERCK1G3_7_B1,KERCK1G3_7_B1,KERCK1G3_7_B1,RTPD,MCE,LMP_ENE_PRC,KERCK1G3_7_B1,ALL,1,86.73757,1,68
2022-09-02T17:00:00-00:00,2022-09-02T17:15:00-00:00,2022-09-02,11,KERCK1G3_7_B1,KERCK1G3_7_B1,KERCK1G3_7_B1,RTPD,MCE,LMP_ENE_PRC,KERCK1G3_7_B1,ALL,1,93.53587,1,68
2022-09-02T18:00:00-00:00,2022-09-02T18:15:00-00:00,2022-09-02,12,KERCK1G3_7_B1,KERCK1G3_7_B1,KERCK1G3_7_B1,RTPD,MCE,LMP_ENE_PRC,KERCK1G3_7_B1,ALL,1,104.54111,1,68
2022-09-02T19:00:00-00:00,2022-09-02T19:15:00-00:00,2022-09-02,13,KERCK1G3_7_B1,KERCK1G3_7_B1,KERCK1G3_7_B1,RTPD,MCE,LMP_ENE_PRC,KERCK1G3_7_B1,ALL,1,107.01684,1,68
2022-09-02T20:00:00-00:00,2022-09-02T20:15:00-00:00,2022-09-02,14,KERCK1G3_7_B1,KERCK1G3_7_B1,KERCK1G3_7_B1,RTPD,MCE,LMP_ENE_PRC,KERCK1G3_7_B1,ALL,1,113.37494,1,68
2022-09-02T21:00:00-00:00,2022-09-02T21:15:00-00:00,2022-09-02,15,KERCK1G3_7_B1,KERCK1G3_7_B1,KERCK1G3_7_B1,RTPD,MCE,LMP_ENE_PRC,KERCK1G3_7_B1,ALL,1,125.15005,1,68
2022-09-02T22:00:00-00:00,2022-09-02T22:15:00-00:00,2022-09-02,16,KERCK1G3_7_B1,KERCK1G3_7_B1,KERCK1G3_7_B1,RTPD,MCE,LMP_ENE_PRC,KERCK1G3_7_B1,ALL,1,146.08907,1,68
2022-09-02T23:00:00-00:00,2022-09-02T23:15:00-00:00,2022-09-02,17,KERCK1G3_7_B1,KERCK1G3_7_B1,KERCK1G3_7_B1,RTPD,MCE,LMP_ENE_PRC,KERCK1G3_7_B1,ALL,1,138.68256,1,68
2022-09-03T00:00:00-00:00,2022-09-03T00:15:00-00:00,2022-09-02,18,KERCK1G3_7_B1,KERCK1G3_7_B1,KERCK1G3_7_B1,RTPD,MCE,LMP_ENE_PRC,KERCK1G3_7_B1,ALL,1,229.3306,1,68
2022-09-03T01:00:00-00:00,2022-09-03T01:15:00-00:00,2022-09-02,19,KERCK1G3_7_B1,KERCK1G3_7_B1,KERCK1G3_7_B1,RTPD,MCE,LMP_ENE_PRC,KERCK1G3_7_B1,ALL,1,152.69885,1,68
2022-09-03T02:00:00-00:00,2022-09-03T02:15:00-00:00,2022-09-02,20,KERCK1G3_7_B1,KERCK1G3_7_B1,KERCK1G3_7_B1,RTPD,MCE,LMP_ENE_PRC,KERCK1G3_7_B1,ALL,1,204.37767,1,68
2022-09-03T03:00:00-00:00,2022-09-03T03:15:00-00:00,2022-09-02,21,KERCK1G3_7_B1,KERCK1G3_7_B1,KERCK1G3_7_B1,RTPD,MCE,LMP_ENE_PRC,KERCK1G3_7_B1,ALL,1,136.90031,1,68
2022-09-03T04:00:00-00:00,2022-09-03T04:15:00-00:00,2022-09-02,22,KERCK1G3_7_B1,KERCK1G3_7_B1,KERCK1G3_7_B1,RTPD,MCE,LMP_ENE_PRC,KERCK1G3_7_B1,ALL,1,155.88805,1,68
2022-09-03T05:00:00-00:00,2022-09-03T05:15:00-00:00,2022-09-02,23,KERCK1G3_7_B1,KERCK1G3_7_B1,KERCK1G3_7_B1,RTPD,MCE,LMP_ENE_PRC,KERCK1G3_7_B1,ALL,1,142.06982,1,68
2022-09-03T06:00:00-00:00,2022-09-03T06:15:00-00:00,2022-09-02,24,KERCK1G3_7_B1,KERCK1G3_7_B1,KERCK1G3_7_B1,RTPD,MCE,LMP_ENE_PRC,KERCK1G3_7_B1,ALL,1,141.54752,1,68
2022-09-02T07:15:00-00:00,2022-09-02T07:30:00-00:00,2022-09-02,01,KERCK1G3_7_B1,KERCK1G3_7_B1,KERCK1G3_7_B1,RTPD,MCE,LMP_ENE_PRC,KERCK1G3_7_B1,ALL,1,120.94146,2,68
2022-09-02T08:15:00-00:00,2022-09-02T08:30:00-00:00,2022-09-02,02,KERCK1G3_7_B1,KERCK1G3_7_B1,KERCK1G3_7_B1,RTPD,MCE,LMP_ENE_PRC,KERCK1G3_7_B1,ALL,1,113.81733,2,68
2022-09-02T09:15:00-00:00,2022-09-02T09:30:00-00:00,2022-09-02,03,KERCK1G3_7_B1,KERCK1G3_7_B1,KERCK1G3_7_B1,RTPD,MCE,LMP_ENE_PRC,KERCK1G3_7_B1,ALL,1,110.97779,2,68
2022-09-02T10:15:00-00:00,2022-09-02T10:30:00-00:00,2022-09-02,04,KERCK1G3_7_B1,KERCK1G3_7_B1,KERCK1G3_7_B1,RTPD,MCE,LMP_ENE_PRC,KERCK1G3_7_B1,ALL,1,103.79594,2,68
2022-09-02T11:15:00-00:00,2022-09-02T11:30:00-00:00,2022-09-02,05,KERCK1G3_7_B1,KERCK1G3_7_B1,KERCK1G3_7_B1,RTPD,MCE,LMP_ENE_PRC,KERCK1G3_7_B1,ALL,1,97.78757,2,68
2022-09-02T12:15:00-00:00,2022-09-02T12:30:00-00:00,2022-09-02,06,KERCK1G3_7_B1,KERCK1G3_7_B1,KERCK1G3_7_B1,RTPD,MCE,LMP_ENE_PRC,KERCK1G3_7_B1,ALL,1,103.09286,2,68
2022-09-02T13:15:00-00:00,2022-09-02T13:30:00-00:00,2022-09-02,07,KERCK1G3_7_B1,KERCK1G3_7_B1,KERCK1G3_7_B1,RTPD,MCE,LMP_ENE_PRC,KERCK1G3_7_B1,ALL,1,107.56083,2,68
2022-09-02T14:15:00-00:00,2022-09-02T14:30:00-00:00,2022-09-02,08,KERCK1G3_7_B1,KERCK1G3_7_B1,KERCK1G3_7_B1,RTPD,MCE,LMP_ENE_PRC,KERCK1G3_7_B1,ALL,1,106.05854,2,68
2022-09-02T15:15:00-00:00,2022-09-02T15:30:00-00:00,2022-09-02,09,KERCK1G3_7_B1,KERCK1G3_7_B1,KERCK1G3_7_B1,RTPD,MCE,LMP_ENE_PRC,KERCK1G3_7_B1,ALL,1,82.25366,2,68
2022-09-02T16:15:00-00:00,2022-09-02T16:30:00-00:00,2022-09-02,10,KERCK1G3_7_B1,KERCK1G3_7_B1,KERCK1G3_7_B1,RTPD,MCE,LMP_ENE_PRC,KERCK1G3_7_B1,ALL,1,90.79105,2,68
2022-09-02T17:15:00-00:00,2022-09-02T17:30:00-00:00,2022-09-02,11,KERCK1G3_7_B1,KERCK1G3_7_B1,KERCK1G3_7_B1,RTPD,MCE,LMP_ENE_PRC,KERCK1G3_7_B1,ALL,1,102.26623,2,68
2022-09-02T18:15:00-00:00,2022-09-02T18:30:00-00:00,2022-09-02,12,KERCK1G3_7_B1,KERCK1G3_7_B1,KERCK1G3_7_B1,RTPD,MCE,LMP_ENE_PRC,KERCK1G3_7_B1,ALL,1,109.04294,2,68
2022-09-02T19:15:00-00:00,2022-09-02T19:30:00-00:00,2022-09-02,13,KERCK1G3_7_B1,KERCK1G3_7_B1,KERCK1G3_7_B1,RTPD,MCE,LMP_ENE_PRC,KERCK1G3_7_B1,ALL,1,112.13756,2,68
2022-09-02T20:15:00-00:00,2022-09-02T20:30:00-00:00,2022-09-02,14,KERCK1G3_7_B1,KERCK1G3_7_B1,KERCK1G3_7_B1,RTPD,MCE,LMP_ENE_PRC,KERCK1G3_7_B1,ALL,1,116.37216,2,68
2022-09-02T21:15:00-00:00,2022-09-02T21:30:00-00:00,2022-09-02,15,KERCK1G3_7_B1,KERCK1G3_7_B1,KERCK1G3_7_B1,RTPD,MCE,LMP_ENE_PRC,KERCK1G3_7_B1,ALL,1,126.49216,2,68
2022-09-02T22:15:00-00:00,2022-09-02T22:30:00-00:00,2022-09-02,16,KERCK1G3_7_B1,KERCK1G3_7_B1,KERCK1G3_7_B1,RTPD,MCE,LMP_ENE_PRC,KERCK1G3_7_B1,ALL,1,159.30594,2,68
2022-09-02T23:15:00-00:00,2022-09-02T23:30:00-00:00,2022-09-02,17,KERCK1G3_7_B1,KERCK1G3_7_B1,KERCK1G3_7_B1,RTPD,MCE,LMP_ENE_PRC,KERCK1G3_7_B1,ALL,1,147.82425,2,68
2022-09-03T00:15:00-00:00,2022-09-03T00:30:00-00:00,2022-09-02,18,KERCK1G3_7_B1,KERCK1G3_7_B1,KERCK1G3_7_B1,RTPD,MCE,LMP_ENE_PRC,KERCK1G3_7_B1,ALL,1,158.74521,2,68
2022-09-03T01:15:00-00:00,2022-09-03T01:30:00-00:00,2022-09-02,19,KERCK1G3_7_B1,KERCK1G3_7_B1,KERCK1G3_7_B1,RTPD,MCE,LMP_ENE_PRC,KERCK1G3_7_B1,ALL,1,217.12807,2,68
2022-09-03T02:15:00-00:00,2022-09-03T02:30:00-00:00,2022-09-02,20,KERCK1G3_7_B1,KERCK1G3_7_B1,KERCK1G3_7_B1,RTPD,MCE,LMP_ENE_PRC,KERCK1G3_7_B1,ALL,1,199.75978,2,68
2022-09-03T03:15:00-00:00,2022-09-03T03:30:00-00:00,2022-09-02,21,KERCK1G3_7_B1,KERCK1G3_7_B1,KERCK1G3_7_B1,RTPD,MCE,LMP_ENE_PRC,KERCK1G3_7_B1,ALL,1,135.58563,2,68
2022-09-03T04:15:00-00:00,2022-09-03T04:30:00-00:00,2022-09-02,22,KERCK1G3_7_B1,KERCK1G3_7_B1,KERCK1G3_7_B1,RTPD,MCE,LMP_ENE_PRC,KERCK1G3_7_B1,ALL,1,141.76537,2,68
2022-09-03T05:15:00-00:00,2022-09-03T05:30:00-00:00,2022-09-02,23,KERCK1G3_7_B1,KERCK1G3_7_B1,KERCK1G3_7_B1,RTPD,MCE,LMP_ENE_PRC,KERCK1G3_7_B1,ALL,1,133.20816,2,68
2022-09-03T06:15:00-00:00,2022-09-03T06:30:00-00:00,2022-09-02,24,KERCK1G3_7_B1,KERCK1G3_7_B1,KERCK1G3_7_B1,RTPD,MCE,LMP_ENE_PRC,KERCK1G3_7_B1,ALL,1,117.98942,2,68
2022-09-02T07:30:00-00:00,2022-09-02T07:45:00-00:00,2022-09-02,01,KERCK1G3_7_B1,KERCK1G3_7_B1,KERCK1G3_7_B1,RTPD,MCE,LMP_ENE_PRC,KERCK1G3_7_B1,ALL,1,122.04731,3,68
2022-09-02T08:30:00-00:00,2022-09-02T08:45:00-00:00,2022-09-02,02,KERCK1G3_7_B1,KERCK1G3_7_B1,KERCK1G3_7_B1,RTPD,MCE,LMP_ENE_PRC,KERCK1G3_7_B1,ALL,1,110.76908,3,68
2022-09-02T09:30:00-00:00,2022-09-02T09:45:00-00:00,2022-09-02,03,KERCK1G3_7_B1,KERCK1G3_7_B1,KERCK1G3_7_B1,RTPD,MCE,LMP_ENE_PRC,KERCK1G3_7_B1,ALL,1,104.32659,3,68
2022-09-02T10:30:00-00:00,2022-09-02T10:45:00-00:00,2022-09-02,04,KERCK1G3_7_B1,KERCK1G3_7_B1,KERCK1G3_7_B1,RTPD,MCE,LMP_ENE_PRC,KERCK1G3_7_B1,ALL,1,100.57354,3,68
2022-09-02T11:30:00-00:00,2022-09-02T11:45:00-00:00,2022-09-02,05,KERCK1G3_7_B1,KERCK1G3_7_B1,KERCK1G3_7_B1,RTPD,MCE,LMP_ENE_PRC,KERCK1G3_7_B1,ALL,1,99.75045,3,68
2022-09-02T12:30:00-00:00,2022-09-02T12:45:00-00:00,2022-09-02,06,KERCK1G3_7_B1,KERCK1G3_7_B1,KERCK1G3_7_B1,RTPD,MCE,LMP_ENE_PRC,KERCK1G3_7_B1,ALL,1,109.42995,3,68
2022-09-02T13:30:00-00:00,2022-09-02T13:45:00-00:00,2022-09-02,07,KERCK1G3_7_B1,KERCK1G3_7_B1,KERCK1G3_7_B1,RTPD,MCE,LMP_ENE_PRC,KERCK1G3_7_B1,ALL,1,111.49249,3,68
2022-09-02T14:30:00-00:00,2022-09-02T14:45:00-00:00,2022-09-02,08,KERCK1G3_7_B1,KERCK1G3_7_B1,KERCK1G3_7_B1,RTPD,MCE,LMP_ENE_PRC,KERCK1G3_7_B1,ALL,1,96.69992,3,68
2022-09-02T15:30:00-00:00,2022-09-02T15:45:00-00:00,2022-09-02,09,KERCK1G3_7_B1,KERCK1G3_7_B1,KERCK1G3_7_B1,RTPD,MCE,LMP_ENE_PRC,KERCK1G3_7_B1,ALL,1,81.36,3,68
2022-09-02T16:30:00-00:00,2022-09-02T16:45:00-00:00,2022-09-02,10,KERCK1G3_7_B1,KERCK1G3_7_B1,KERCK1G3_7_B1,RTPD,MCE,LMP_ENE_PRC,KERCK1G3_7_B1,ALL,1,89.6042,3,68
2022-09-02T17:30:00-00:00,2022-09-02T17:45:00-00:00,2022-09-02,11,KERCK1G3_7_B1,KERCK1G3_7_B1,KERCK1G3_7_B1,RTPD,MCE,LMP_ENE_PRC,KERCK1G3_7_B1,ALL,1,103.81658,3,68
2022-09-02T18:30:00-00:00,2022-09-02T18:45:00-00:00,2022-09-02,12,KERCK1G3_7_B1,KERCK1G3_7_B1,KERCK1G3_7_B1,RTPD,MCE,LMP_ENE_PRC,KERCK1G3_7_B1,ALL,1,115.4661,3,68
2022-09-02T19:30:00-00:00,2022-09-02T19:45:00-00:00,2022-09-02,13,KERCK1G3_7_B1,KERCK1G3_7_B1,KERCK1G3_7_B1,RTPD,MCE,LMP_ENE_PRC,KERCK1G3_7_B1,ALL,1,119.56031,3,68
2022-09-02T20:30:00-00:00,2022-09-02T20:45:00-00:00,2022-09-02,14,KERCK1G3_7_B1,KERCK1G3_7_B1,KERCK1G3_7_B1,RTPD,MCE,LMP_ENE_PRC,KERCK1G3_7_B1,ALL,1,122.91209,3,68
2022-09-02T21:30:00-00:00,2022-09-02T21:45:00-00:00,2022-09-02,15,KERCK1G3_7_B1,KERCK1G3_7_B1,KERCK1G3_7_B1,RTPD,MCE,LMP_ENE_PRC,KERCK1G3_7_B1,ALL,1,141.03934,3,68
2022-09-02T22:30:00-00:00,2022-09-02T22:45:00-00:00,2022-09-02,16,KERCK1G3_7_B1,KERCK1G3_7_B1,KERCK1G3_7_B1,RTPD,MCE,LMP_ENE_PRC,KERCK1G3_7_B1,ALL,1,183.20744,3,68
2022-09-02T23:30:00-00:00,2022-09-02T23:45:00-00:00,2022-09-02,17,KERCK1G3_7_B1,KERCK1G3_7_B1,KERCK1G3_7_B1,RTPD,MCE,LMP_ENE_PRC,KERCK1G3_7_B1,ALL,1,155.92665,3,68
2022-09-03T00:30:00-00:00,2022-09-03T00:45:00-00:00,2022-09-02,18,KERCK1G3_7_B1,KERCK1G3_7_B1,KERCK1G3_7_B1,RTPD,MCE,LMP_ENE_PRC,KERCK1G3_7_B1,ALL,1,234.42892,3,68
2022-09-03T01:30:00-00:00,2022-09-03T01:45:00-00:00,2022-09-02,19,KERCK1G3_7_B1,KERCK1G3_7_B1,KERCK1G3_7_B1,RTPD,MCE,LMP_ENE_PRC,KERCK1G3_7_B1,ALL,1,250.41255,3,68
2022-09-03T02:30:00-00:00,2022-09-03T02:45:00-00:00,2022-09-02,20,KERCK1G3_7_B1,KERCK1G3_7_B1,KERCK1G3_7_B1,RTPD,MCE,LMP_ENE_PRC,KERCK1G3_7_B1,ALL,1,177.62263,3,68
2022-09-03T03:30:00-00:00,2022-09-03T03:45:00-00:00,2022-09-02,21,KERCK1G3_7_B1,KERCK1G3_7_B1,KERCK1G3_7_B1,RTPD,MCE,LMP_ENE_PRC,KERCK1G3_7_B1,ALL,1,128.61655,3,68
2022-09-03T04:30:00-00:00,2022-09-03T04:45:00-00:00,2022-09-02,22,KERCK1G3_7_B1,KERCK1G3_7_B1,KERCK1G3_7_B1,RTPD,MCE,LMP_ENE_PRC,KERCK1G3_7_B1,ALL,1,132.2016,3,68
2022-09-03T05:30:00-00:00,2022-09-03T05:45:00-00:00,2022-09-02,23,KERCK1G3_7_B1,KERCK1G3_7_B1,KERCK1G3_7_B1,RTPD,MCE,LMP_ENE_PRC,KERCK1G3_7_B1,ALL,1,128.32014,3,68
2022-09-03T06:30:00-00:00,2022-09-03T06:45:00-00:00,2022-09-02,24,KERCK1G3_7_B1,KERCK1G3_7_B1,KERCK1G3_7_B1,RTPD,MCE,LMP_ENE_PRC,KERCK1G3_7_B1,ALL,1,111.22985,3,68
2022-09-02T07:45:00-00:00,2022-09-02T08:00:00-00:00,2022-09-02,01,KERCK1G3_7_B1,KERCK1G3_7_B1,KERCK1G3_7_B1,RTPD,MCE,LMP_ENE_PRC,KERCK1G3_7_B1,ALL,1,101.38693,4,68
2022-09-02T08:45:00-00:00,2022-09-02T09:00:00-00:00,2022-09-02,02,KERCK1G3_7_B1,KERCK1G3_7_B1,KERCK1G3_7_B1,RTPD,MCE,LMP_ENE_PRC,KERCK1G3_7_B1,ALL,1,98.45906,4,68
2022-09-02T09:45:00-00:00,2022-09-02T10:00:00-00:00,2022-09-02,03,KERCK1G3_7_B1,KERCK1G3_7_B1,KERCK1G3_7_B1,RTPD,MCE,LMP_ENE_PRC,KERCK1G3_7_B1,ALL,1,97.29051,4,68
2022-09-02T10:45:00-00:00,2022-09-02T11:00:00-00:00,2022-09-02,04,KERCK1G3_7_B1,KERCK1G3_7_B1,KERCK1G3_7_B1,RTPD,MCE,LMP_ENE_PRC,KERCK1G3_7_B1,ALL,1,97.62383,4,68
2022-09-02T11:45:00-00:00,2022-09-02T12:00:00-00:00,2022-09-02,05,KERCK1G3_7_B1,KERCK1G3_7_B1,KERCK1G3_7_B1,RTPD,MCE,LMP_ENE_PRC,KERCK1G3_7_B1,ALL,1,97.15303,4,68
2022-09-02T12:45:00-00:00,2022-09-02T13:00:00-00:00,2022-09-02,06,KERCK1G3_7_B1,KERCK1G3_7_B1,KERCK1G3_7_B1,RTPD,MCE,LMP_ENE_PRC,KERCK1G3_7_B1,ALL,1,108.08756,4,68
2022-09-02T13:45:00-00:00,2022-09-02T14:00:00-00:00,2022-09-02,07,KERCK1G3_7_B1,KERCK1G3_7_B1,KERCK1G3_7_B1,RTPD,MCE,LMP_ENE_PRC,KERCK1G3_7_B1,ALL,1,105.08817,4,68
2022-09-02T14:45:00-00:00,2022-09-02T15:00:00-00:00,2022-09-02,08,KERCK1G3_7_B1,KERCK1G3_7_B1,KERCK1G3_7_B1,RTPD,MCE,LMP_ENE_PRC,KERCK1G3_7_B1,ALL,1,82.36478,4,68
2022-09-02T15:45:00-00:00,2022-09-02T16:00:00-00:00,2022-09-02,09,KERCK1G3_7_B1,KERCK1G3_7_B1,KERCK1G3_7_B1,RTPD,MCE,LMP_ENE_PRC,KERCK1G3_7_B1,ALL,1,81.41035,4,68
2022-09-02T16:45:00-00:00,2022-09-02T17:00:00-00:00,2022-09-02,10,KERCK1G3_7_B1,KERCK1G3_7_B1,KERCK1G3_7_B1,RTPD,MCE,LMP_ENE_PRC,KERCK1G3_7_B1,ALL,1,93.83783,4,68
2022-09-02T17:45:00-00:00,2022-09-02T18:00:00-00:00,2022-09-02,11,KERCK1G3_7_B1,KERCK1G3_7_B1,KERCK1G3_7_B1,RTPD,MCE,LMP_ENE_PRC,KERCK1G3_7_B1,ALL,1,106.61714,4,68
2022-09-02T18:45:00-00:00,2022-09-02T19:00:00-00:00,2022-09-02,12,KERCK1G3_7_B1,KERCK1G3_7_B1,KERCK1G3_7_B1,RTPD,MCE,LMP_ENE_PRC,KERCK1G3_7_B1,ALL,1,123.03125,4,68
2022-09-02T19:45:00-00:00,2022-09-02T20:00:00-00:00,2022-09-02,13,KERCK1G3_7_B1,KERCK1G3_7_B1,KERCK1G3_7_B1,RTPD,MCE,LMP_ENE_PRC,KERCK1G3_7_B1,ALL,1,135.46436,4,68
2022-09-02T20:45:00-00:00,2022-09-02T21:00:00-00:00,2022-09-02,14,KERCK1G3_7_B1,KERCK1G3_7_B1,KERCK1G3_7_B1,RTPD,MCE,LMP_ENE_PRC,KERCK1G3_7_B1,ALL,1,146.96742,4,68
2022-09-02T21:45:00-00:00,2022-09-02T22:00:00-00:00,2022-09-02,15,KERCK1G3_7_B1,KERCK1G3_7_B1,KERCK1G3_7_B1,RTPD,MCE,LMP_ENE_PRC,KERCK1G3_7_B1,ALL,1,181.80174,4,68
2022-09-02T22:45:00-00:00,2022-09-02T23:00:00-00:00,2022-09-02,16,KERCK1G3_7_B1,KERCK1G3_7_B1,KERCK1G3_7_B1,RTPD,MCE,LMP_ENE_PRC,KERCK1G3_7_B1,ALL,1,269.30835,4,68
2022-09-02T23:45:00-00:00,2022-09-03T00:00:00-00:00,2022-09-02,17,KERCK1G3_7_B1,KERCK1G3_7_B1,KERCK1G3_7_B1,RTPD,MCE,LMP_ENE_PRC,KERCK1G3_7_B1,ALL,1,287.1113,4,68
2022-09-03T00:45:00-00:00,2022-09-03T01:00:00-00:00,2022-09-02,18,KERCK1G3_7_B1,KERCK1G3_7_B1,KERCK1G3_7_B1,RTPD,MCE,LMP_ENE_PRC,KERCK1G3_7_B1,ALL,1,242.16634,4,68
2022-09-03T01:45:00-00:00,2022-09-03T02:00:00-00:00,2022-09-02,19,KERCK1G3_7_B1,KERCK1G3_7_B1,KERCK1G3_7_B1,RTPD,MCE,LMP_ENE_PRC,KERCK1G3_7_B1,ALL,1,304.55594,4,68
2022-09-03T02:45:00-00:00,2022-09-03T03:00:00-00:00,2022-09-02,20,KERCK1G3_7_B1,KERCK1G3_7_B1,KERCK1G3_7_B1,RTPD,MCE,LMP_ENE_PRC,KERCK1G3_7_B1,ALL,1,152.03519,4,68
2022-09-03T03:45:00-00:00,2022-09-03T04:00:00-00:00,2022-09-02,21,KERCK1G3_7_B1,KERCK1G3_7_B1,KERCK1G3_7_B1,RTPD,MCE,LMP_ENE_PRC,KERCK1G3_7_B1,ALL,1,120.27765,4,68
2022-09-03T04:45:00-00:00,2022-09-03T05:00:00-00:00,2022-09-02,22,KERCK1G3_7_B1,KERCK1G3_7_B1,KERCK1G3_7_B1,RTPD,MCE,LMP_ENE_PRC,KERCK1G3_7_B1,ALL,1,111.14984,4,68
2022-09-03T05:45:00-00:00,2022-09-03T06:00:00-00:00,2022-09-02,23,KERCK1G3_7_B1,KERCK1G3_7_B1,KERCK1G3_7_B1,RTPD,MCE,LMP_ENE_PRC,KERCK1G3_7_B1,ALL,1,104.16199,4,68
2022-09-03T06:45:00-00:00,2022-09-03T07:00:00-00:00,2022-09-02,24,KERCK1G3_7_B1,KERCK1G3_7_B1,KERCK1G3_7_B1,RTPD,MCE,LMP_ENE_PRC,KERCK1G3_7_B1,ALL,1,95.41536,4,68
2022-09-02T07:00:00-00:00,2022-09-02T07:15:00-00:00,2022-09-02,01,KERCK1G3_7_B1,KERCK1G3_7_B1,KERCK1G3_7_B1,RTPD,MCL,LMP_LOSS_PRC,KERCK1G3_7_B1,ALL,1,10.09636,1,69
2022-09-02T08:00:00-00:00,2022-09-02T08:15:00-00:00,2022-09-02,02,KERCK1G3_7_B1,KERCK1G3_7_B1,KERCK1G3_7_B1,RTPD,MCL,LMP_LOSS_PRC,KERCK1G3_7_B1,ALL,1,15.88407,1,69
2022-09-02T09:00:00-00:00,2022-09-02T09:15:00-00:00,2022-09-02,03,KERCK1G3_7_B1,KERCK1G3_7_B1,KERCK1G3_7_B1,RTPD,MCL,LMP_LOSS_PRC,KERCK1G3_7_B1,ALL,1,15.89534,1,69
2022-09-02T10:00:00-00:00,2022-09-02T10:15:00-00:00,2022-09-02,04,KERCK1G3_7_B1,KERCK1G3_7_B1,KERCK1G3_7_B1,RTPD,MCL,LMP_LOSS_PRC,KERCK1G3_7_B1,ALL,1,13.76954,1,69
2022-09-02T11:00:00-00:00,2022-09-02T11:15:00-00:00,2022-09-02,05,KERCK1G3_7_B1,KERCK1G3_7_B1,KERCK1G3_7_B1,RTPD,MCL,LMP_LOSS_PRC,KERCK1G3_7_B1,ALL,1,0,1,69
2022-09-02T12:00:00-00:00,2022-09-02T12:15:00-00:00,2022-09-02,06,KERCK1G3_7_B1,KERCK1G3_7_B1,KERCK1G3_7_B1,RTPD,MCL,LMP_LOSS_PRC,KERCK1G3_7_B1,ALL,1,0,1,69
2022-09-02T13:00:00-00:00,2022-09-02T13:15:00-00:00,2022-09-02,07,KERCK1G3_7_B1,KERCK1G3_7_B1,KERCK1G3_7_B1,RTPD,MCL,LMP_LOSS_PRC,KERCK1G3_7_B1,ALL,1,0,1,69
2022-09-02T14:00:00-00:00,2022-09-02T14:15:00-00:00,2022-09-02,08,KERCK1G3_7_B1,KERCK1G3_7_B1,KERCK1G3_7_B1,RTPD,MCL,LMP_LOSS_PRC,KERCK1G3_7_B1,ALL,1,16.46428,1,69
2022-09-02T15:00:00-00:00,2022-09-02T15:15:00-00:00,2022-09-02,09,KERCK1G3_7_B1,KERCK1G3_7_B1,KERCK1G3_7_B1,RTPD,MCL,LMP_LOSS_PRC,KERCK1G3_7_B1,ALL,1,10.40694,1,69
2022-09-02T16:00:00-00:00,2022-09-02T16:15:00-00:00,2022-09-02,10,KERCK1G3_7_B1,KERCK1G3_7_B1,KERCK1G3_7_B1,RTPD,MCL,LMP_LOSS_PRC,KERCK1G3_7_B1,ALL,1,11.44936,1,69
2022-09-02T17:00:00-00:00,2022-09-02T17:15:00-00:00,2022-09-02,11,KERCK1G3_7_B1,KERCK1G3_7_B1,KERCK1G3_7_B1,RTPD,MCL,LMP_LOSS_PRC,KERCK1G3_7_B1,ALL,1,11.11206,1,69
2022-09-02T18:00:00-00:00,2022-09-02T18:15:00-00:00,2022-09-02,12,KERCK1G3_7_B1,KERCK1G3_7_B1,KERCK1G3_7_B1,RTPD,MCL,LMP_LOSS_PRC,KERCK1G3_7_B1,ALL,1,7.61059,1,69
2022-09-02T19:00:00-00:00,2022-09-02T19:15:00-00:00,2022-09-02,13,KERCK1G3_7_B1,KERCK1G3_7_B1,KERCK1G3_7_B1,RTPD,MCL,LMP_LOSS_PRC,KERCK1G3_7_B1,ALL,1,2.04402,1,69
2022-09-02T20:00:00-00:00,2022-09-02T20:15:00-00:00,2022-09-02,14,KERCK1G3_7_B1,KERCK1G3_7_B1,KERCK1G3_7_B1,RTPD,MCL,LMP_LOSS_PRC,KERCK1G3_7_B1,ALL,1,-1.20177,1,69
2022-09-02T21:00:00-00:00,2022-09-02T21:15:00-00:00,2022-09-02,15,KERCK1G3_7_B1,KERCK1G3_7_B1,KERCK1G3_7_B1,RTPD,MCL,LMP_LOSS_PRC,KERCK1G3_7_B1,ALL,1,-2.07749,1,69
2022-09-02T22:00:00-00:00,2022-09-02T22:15:00-00:00,2022-09-02,16,KERCK1G3_7_B1,KERCK1G3_7_B1,KERCK1G3_7_B1,RTPD,MCL,LMP_LOSS_PRC,KERCK1G3_7_B1,ALL,1,2.64421,1,69
2022-09-02T23:00:00-00:00,2022-09-02T23:15:00-00:00,2022-09-02,17,KERCK1G3_7_B1,KERCK1G3_7_B1,KERCK1G3_7_B1,RTPD,MCL,LMP_LOSS_PRC,KERCK1G3_7_B1,ALL,1,3.12036,1,69
2022-09-03T00:00:00-00:00,2022-09-03T00:15:00-00:00,2022-09-02,18,KERCK1G3_7_B1,KERCK1G3_7_B1,KERCK1G3_7_B1,RTPD,MCL,LMP_LOSS_PRC,KERCK1G3_7_B1,ALL,1,12.15452,1,69
2022-09-03T01:00:00-00:00,2022-09-03T01:15:00-00:00,2022-09-02,19,KERCK1G3_7_B1,KERCK1G3_7_B1,KERCK1G3_7_B1,RTPD,MCL,LMP_LOSS_PRC,KERCK1G3_7_B1,ALL,1,0,1,69
2022-09-03T02:00:00-00:00,2022-09-03T02:15:00-00:00,2022-09-02,20,KERCK1G3_7_B1,KERCK1G3_7_B1,KERCK1G3_7_B1,RTPD,MCL,LMP_LOSS_PRC,KERCK1G3_7_B1,ALL,1,16.96335,1,69
2022-09-03T03:00:00-00:00,2022-09-03T03:15:00-00:00,2022-09-02,21,KERCK1G3_7_B1,KERCK1G3_7_B1,KERCK1G3_7_B1,RTPD,MCL,LMP_LOSS_PRC,KERCK1G3_7_B1,ALL,1,23.72482,1,69
2022-09-03T04:00:00-00:00,2022-09-03T04:15:00-00:00,2022-09-02,22,KERCK1G3_7_B1,KERCK1G3_7_B1,KERCK1G3_7_B1,RTPD,MCL,LMP_LOSS_PRC,KERCK1G3_7_B1,ALL,1,27.91955,1,69
2022-09-03T05:00:00-00:00,2022-09-03T05:15:00-00:00,2022-09-02,23,KERCK1G3_7_B1,KERCK1G3_7_B1,KERCK1G3_7_B1,RTPD,MCL,LMP_LOSS_PRC,KERCK1G3_7_B1,ALL,1,25.48733,1,69
2022-09-03T06:00:00-00:00,2022-09-03T06:15:00-00:00,2022-09-02,24,KERCK1G3_7_B1,KERCK1G3_7_B1,KERCK1G3_7_B1,RTPD,MCL,LMP_LOSS_PRC,KERCK1G3_7_B1,ALL,1,23.49689,1,69
2022-09-02T07:15:00-00:00,2022-09-02T07:30:00-00:00,2022-09-02,01,KERCK1G3_7_B1,KERCK1G3_7_B1,KERCK1G3_7_B1,RTPD,MCL,LMP_LOSS_PRC,KERCK1G3_7_B1,ALL,1,11.32012,2,69
2022-09-02T08:15:00-00:00,2022-09-02T08:30:00-00:00,2022-09-02,02,KERCK1G3_7_B1,KERCK1G3_7_B1,KERCK1G3_7_B1,RTPD,MCL,LMP_LOSS_PRC,KERCK1G3_7_B1,ALL,1,15.2629,2,69
2022-09-02T09:15:00-00:00,2022-09-02T09:30:00-00:00,2022-09-02,03,KERCK1G3_7_B1,KERCK1G3_7_B1,KERCK1G3_7_B1,RTPD,MCL,LMP_LOSS_PRC,KERCK1G3_7_B1,ALL,1,15.34823,2,69
2022-09-02T10:15:00-00:00,2022-09-02T10:30:00-00:00,2022-09-02,04,KERCK1G3_7_B1,KERCK1G3_7_B1,KERCK1G3_7_B1,RTPD,MCL,LMP_LOSS_PRC,KERCK1G3_7_B1,ALL,1,13.86714,2,69
2022-09-02T11:15:00-00:00,2022-09-02T11:30:00-00:00,2022-09-02,05,KERCK1G3_7_B1,KERCK1G3_7_B1,KERCK1G3_7_B1,RTPD,MCL,LMP_LOSS_PRC,KERCK1G3_7_B1,ALL,1,0,2,69
2022-09-02T12:15:00-00:00,2022-09-02T12:30:00-00:00,2022-09-02,06,KERCK1G3_7_B1,KERCK1G3_7_B1,KERCK1G3_7_B1,RTPD,MCL,LMP_LOSS_PRC,KERCK1G3_7_B1,ALL,1,0,2,69
2022-09-02T13:15:00-00:00,2022-09-02T13:30:00-00:00,2022-09-02,07,KERCK1G3_7_B1,KERCK1G3_7_B1,KERCK1G3_7_B1,RTPD,MCL,LMP_LOSS_PRC,KERCK1G3_7_B1,ALL,1,0,2,69
2022-09-02T14:15:00-00:00,2022-09-02T14:30:00-00:00,2022-09-02,08,KERCK1G3_7_B1,KERCK1G3_7_B1,KERCK1G3_7_B1,RTPD,MCL,LMP_LOSS_PRC,KERCK1G3_7_B1,ALL,1,17.11785,2,69
2022-09-02T15:15:00-00:00,2022-09-02T15:30:00-00:00,2022-09-02,09,KERCK1G3_7_B1,KERCK1G3_7_B1,KERCK1G3_7_B1,RTPD,MCL,LMP_LOSS_PRC,KERCK1G3_7_B1,ALL,1,0,2,69
2022-09-02T16:15:00-00:00,2022-09-02T16:30:00-00:00,2022-09-02,10,KERCK1G3_7_B1,KERCK1G3_7_B1,KERCK1G3_7_B1,RTPD,MCL,LMP_LOSS_PRC,KERCK1G3_7_B1,ALL,1,11.17638,2,69
2022-09-02T17:15:00-00:00,2022-09-02T17:30:00-00:00,2022-09-02,11,KERCK1G3_7_B1,KERCK1G3_7_B1,KERCK1G3_7_B1,RTPD,MCL,LMP_LOSS_PRC,KERCK1G3_7_B1,ALL,1,11.96515,2,69
2022-09-02T18:15:00-00:00,2022-09-02T18:30:00-00:00,2022-09-02,12,KERCK1G3_7_B1,KERCK1G3_7_B1,KERCK1G3_7_B1,RTPD,MCL,LMP_LOSS_PRC,KERCK1G3_7_B1,ALL,1,8.14551,2,69
2022-09-02T19:15:00-00:00,2022-09-02T19:30:00-00:00,2022-09-02,13,KERCK1G3_7_B1,KERCK1G3_7_B1,KERCK1G3_7_B1,RTPD,MCL,LMP_LOSS_PRC,KERCK1G3_7_B1,ALL,1,2.34367,2,69
2022-09-02T20:15:00-00:00,2022-09-02T20:30:00-00:00,2022-09-02,14,KERCK1G3_7_B1,KERCK1G3_7_B1,KERCK1G3_7_B1,RTPD,MCL,LMP_LOSS_PRC,KERCK1G3_7_B1,ALL,1,-0.80297,2,69
2022-09-02T21:15:00-00:00,2022-09-02T21:30:00-00:00,2022-09-02,15,KERCK1G3_7_B1,KERCK1G3_7_B1,KERCK1G3_7_B1,RTPD,MCL,LMP_LOSS_PRC,KERCK1G3_7_B1,ALL,1,-1.98593,2,69
2022-09-02T22:15:00-00:00,2022-09-02T22:30:00-00:00,2022-09-02,16,KERCK1G3_7_B1,KERCK1G3_7_B1,KERCK1G3_7_B1,RTPD,MCL,LMP_LOSS_PRC,KERCK1G3_7_B1,ALL,1,3.58438,2,69
2022-09-02T23:15:00-00:00,2022-09-02T23:30:00-00:00,2022-09-02,17,KERCK1G3_7_B1,KERCK1G3_7_B1,KERCK1G3_7_B1,RTPD,MCL,LMP_LOSS_PRC,KERCK1G3_7_B1,ALL,1,3.93212,2,69
2022-09-03T00:15:00-00:00,2022-09-03T00:30:00-00:00,2022-09-02,18,KERCK1G3_7_B1,KERCK1G3_7_B1,KERCK1G3_7_B1,RTPD,MCL,LMP_LOSS_PRC,KERCK1G3_7_B1,ALL,1,8.81036,2,69
2022-09-03T01:15:00-00:00,2022-09-03T01:30:00-00:00,2022-09-02,19,KERCK1G3_7_B1,KERCK1G3_7_B1,KERCK1G3_7_B1,RTPD,MCL,LMP_LOSS_PRC,KERCK1G3_7_B1,ALL,1,0,2,69
2022-09-03T02:15:00-00:00,2022-09-03T02:30:00-00:00,2022-09-02,20,KERCK1G3_7_B1,KERCK1G3_7_B1,KERCK1G3_7_B1,RTPD,MCL,LMP_LOSS_PRC,KERCK1G3_7_B1,ALL,1,17.97838,2,69
2022-09-03T03:15:00-00:00,2022-09-03T03:30:00-00:00,2022-09-02,21,KERCK1G3_7_B1,KERCK1G3_7_B1,KERCK1G3_7_B1,RTPD,MCL,LMP_LOSS_PRC,KERCK1G3_7_B1,ALL,1,22.57501,2,69
2022-09-03T04:15:00-00:00,2022-09-03T04:30:00-00:00,2022-09-02,22,KERCK1G3_7_B1,KERCK1G3_7_B1,KERCK1G3_7_B1,RTPD,MCL,LMP_LOSS_PRC,KERCK1G3_7_B1,ALL,1,23.87329,2,69
2022-09-03T05:15:00-00:00,2022-09-03T05:30:00-00:00,2022-09-02,23,KERCK1G3_7_B1,KERCK1G3_7_B1,KERCK1G3_7_B1,RTPD,MCL,LMP_LOSS_PRC,KERCK1G3_7_B1,ALL,1,21.48648,2,69
2022-09-03T06:15:00-00:00,2022-09-03T06:30:00-00:00,2022-09-02,24,KERCK1G3_7_B1,KERCK1G3_7_B1,KERCK1G3_7_B1,RTPD,MCL,LMP_LOSS_PRC,KERCK1G3_7_B1,ALL,1,18.71312,2,69
2022-09-02T07:30:00-00:00,2022-09-02T07:45:00-00:00,2022-09-02,01,KERCK1G3_7_B1,KERCK1G3_7_B1,KERCK1G3_7_B1,RTPD,MCL,LMP_LOSS_PRC,KERCK1G3_7_B1,ALL,1,11.06969,3,69
2022-09-02T08:30:00-00:00,2022-09-02T08:45:00-00:00,2022-09-02,02,KERCK1G3_7_B1,KERCK1G3_7_B1,KERCK1G3_7_B1,RTPD,MCL,LMP_LOSS_PRC,KERCK1G3_7_B1,ALL,1,14.75444,3,69
2022-09-02T09:30:00-00:00,2022-09-02T09:45:00-00:00,2022-09-02,03,KERCK1G3_7_B1,KERCK1G3_7_B1,KERCK1G3_7_B1,RTPD,MCL,LMP_LOSS_PRC,KERCK1G3_7_B1,ALL,1,14.27188,3,69
2022-09-02T10:30:00-00:00,2022-09-02T10:45:00-00:00,2022-09-02,04,KERCK1G3_7_B1,KERCK1G3_7_B1,KERCK1G3_7_B1,RTPD,MCL,LMP_LOSS_PRC,KERCK1G3_7_B1,ALL,1,13.29582,3,69
2022-09-02T11:30:00-00:00,2022-09-02T11:45:00-00:00,2022-09-02,05,KERCK1G3_7_B1,KERCK1G3_7_B1,KERCK1G3_7_B1,RTPD,MCL,LMP_LOSS_PRC,KERCK1G3_7_B1,ALL,1,0,3,69
2022-09-02T12:30:00-00:00,2022-09-02T12:45:00-00:00,2022-09-02,06,KERCK1G3_7_B1,KERCK1G3_7_B1,KERCK1G3_7_B1,RTPD,MCL,LMP_LOSS_PRC,KERCK1G3_7_B1,ALL,1,0,3,69
2022-09-02T13:30:00-00:00,2022-09-02T13:45:00-00:00,2022-09-02,07,KERCK1G3_7_B1,KERCK1G3_7_B1,KERCK1G3_7_B1,RTPD,MCL,LMP_LOSS_PRC,KERCK1G3_7_B1,ALL,1,0,3,69
2022-09-02T14:30:00-00:00,2022-09-02T14:45:00-00:00,2022-09-02,08,KERCK1G3_7_B1,KERCK1G3_7_B1,KERCK1G3_7_B1,RTPD,MCL,LMP_LOSS_PRC,KERCK1G3_7_B1,ALL,1,12.63868,3,69
2022-09-02T15:30:00-00:00,2022-09-02T15:45:00-00:00,2022-09-02,09,KERCK1G3_7_B1,KERCK1G3_7_B1,KERCK1G3_7_B1,RTPD,MCL,LMP_LOSS_PRC,KERCK1G3_7_B1,ALL,1,0,3,69
2022-09-02T16:30:00-00:00,2022-09-02T16:45:00-00:00,2022-09-02,10,KERCK1G3_7_B1,KERCK1G3_7_B1,KERCK1G3_7_B1,RTPD,MCL,LMP_LOSS_PRC,KERCK1G3_7_B1,ALL,1,11.093,3,69
2022-09-02T17:30:00-00:00,2022-09-02T17:45:00-00:00,2022-09-02,11,KERCK1G3_7_B1,KERCK1G3_7_B1,KERCK1G3_7_B1,RTPD,MCL,LMP_LOSS_PRC,KERCK1G3_7_B1,ALL,1,9.08395,3,69
2022-09-02T18:30:00-00:00,2022-09-02T18:45:00-00:00,2022-09-02,12,KERCK1G3_7_B1,KERCK1G3_7_B1,KERCK1G3_7_B1,RTPD,MCL,LMP_LOSS_PRC,KERCK1G3_7_B1,ALL,1,6.61621,3,69
2022-09-02T19:30:00-00:00,2022-09-02T19:45:00-00:00,2022-09-02,13,KERCK1G3_7_B1,KERCK1G3_7_B1,KERCK1G3_7_B1,RTPD,MCL,LMP_LOSS_PRC,KERCK1G3_7_B1,ALL,1,1.17169,3,69
2022-09-02T20:30:00-00:00,2022-09-02T20:45:00-00:00,2022-09-02,14,KERCK1G3_7_B1,KERCK1G3_7_B1,KERCK1G3_7_B1,RTPD,MCL,LMP_LOSS_PRC,KERCK1G3_7_B1,ALL,1,-0.03687,3,69
2022-09-02T21:30:00-00:00,2022-09-02T21:45:00-00:00,2022-09-02,15,KERCK1G3_7_B1,KERCK1G3_7_B1,KERCK1G3_7_B1,RTPD,MCL,LMP_LOSS_PRC,KERCK1G3_7_B1,ALL,1,-3.76575,3,69
2022-09-02T22:30:00-00:00,2022-09-02T22:45:00-00:00,2022-09-02,16,KERCK1G3_7_B1,KERCK1G3_7_B1,KERCK1G3_7_B1,RTPD,MCL,LMP_LOSS_PRC,KERCK1G3_7_B1,ALL,1,4.12217,3,69
2022-09-02T23:30:00-00:00,2022-09-02T23:45:00-00:00,2022-09-02,17,KERCK1G3_7_B1,KERCK1G3_7_B1,KERCK1G3_7_B1,RTPD,MCL,LMP_LOSS_PRC,KERCK1G3_7_B1,ALL,1,1.10708,3,69
2022-09-03T00:30:00-00:00,2022-09-03T00:45:00-00:00,2022-09-02,18,KERCK1G3_7_B1,KERCK1G3_7_B1,KERCK1G3_7_B1,RTPD,MCL,LMP_LOSS_PRC,KERCK1G3_7_B1,ALL,1,0,3,69
2022-09-03T01:30:00-00:00,2022-09-03T01:45:00-00:00,2022-09-02,19,KERCK1G3_7_B1,KERCK1G3_7_B1,KERCK1G3_7_B1,RTPD,MCL,LMP_LOSS_PRC,KERCK1G3_7_B1,ALL,1,0,3,69
2022-09-03T02:30:00-00:00,2022-09-03T02:45:00-00:00,2022-09-02,20,KERCK1G3_7_B1,KERCK1G3_7_B1,KERCK1G3_7_B1,RTPD,MCL,LMP_LOSS_PRC,KERCK1G3_7_B1,ALL,1,16.21695,3,69
2022-09-03T03:30:00-00:00,2022-09-03T03:45:00-00:00,2022-09-02,21,KERCK1G3_7_B1,KERCK1G3_7_B1,KERCK1G3_7_B1,RTPD,MCL,LMP_LOSS_PRC,KERCK1G3_7_B1,ALL,1,20.45003,3,69
2022-09-03T04:30:00-00:00,2022-09-03T04:45:00-00:00,2022-09-02,22,KERCK1G3_7_B1,KERCK1G3_7_B1,KERCK1G3_7_B1,RTPD,MCL,LMP_LOSS_PRC,KERCK1G3_7_B1,ALL,1,22.36851,3,69
2022-09-03T05:30:00-00:00,2022-09-03T05:45:00-00:00,2022-09-02,23,KERCK1G3_7_B1,KERCK1G3_7_B1,KERCK1G3_7_B1,RTPD,MCL,LMP_LOSS_PRC,KERCK1G3_7_B1,ALL,1,20.4414,3,69
2022-09-03T06:30:00-00:00,2022-09-03T06:45:00-00:00,2022-09-02,24,KERCK1G3_7_B1,KERCK1G3_7_B1,KERCK1G3_7_B1,RTPD,MCL,LMP_LOSS_PRC,KERCK1G3_7_B1,ALL,1,16.56213,3,69
2022-09-02T07:45:00-00:00,2022-09-02T08:00:00-00:00,2022-09-02,01,KERCK1G3_7_B1,KERCK1G3_7_B1,KERCK1G3_7_B1,RTPD,MCL,LMP_LOSS_PRC,KERCK1G3_7_B1,ALL,1,8.55706,4,69
2022-09-02T08:45:00-00:00,2022-09-02T09:00:00-00:00,2022-09-02,02,KERCK1G3_7_B1,KERCK1G3_7_B1,KERCK1G3_7_B1,RTPD,MCL,LMP_LOSS_PRC,KERCK1G3_7_B1,ALL,1,12.57322,4,69
2022-09-02T09:45:00-00:00,2022-09-02T10:00:00-00:00,2022-09-02,03,KERCK1G3_7_B1,KERCK1G3_7_B1,KERCK1G3_7_B1,RTPD,MCL,LMP_LOSS_PRC,KERCK1G3_7_B1,ALL,1,12.91045,4,69
2022-09-02T10:45:00-00:00,2022-09-02T11:00:00-00:00,2022-09-02,04,KERCK1G3_7_B1,KERCK1G3_7_B1,KERCK1G3_7_B1,RTPD,MCL,LMP_LOSS_PRC,KERCK1G3_7_B1,ALL,1,12.43728,4,69
2022-09-02T11:45:00-00:00,2022-09-02T12:00:00-00:00,2022-09-02,05,KERCK1G3_7_B1,KERCK1G3_7_B1,KERCK1G3_7_B1,RTPD,MCL,LMP_LOSS_PRC,KERCK1G3_7_B1,ALL,1,12.33843,4,69
2022-09-02T12:45:00-00:00,2022-09-02T13:00:00-00:00,2022-09-02,06,KERCK1G3_7_B1,KERCK1G3_7_B1,KERCK1G3_7_B1,RTPD,MCL,LMP_LOSS_PRC,KERCK1G3_7_B1,ALL,1,0,4,69
2022-09-02T13:45:00-00:00,2022-09-02T14:00:00-00:00,2022-09-02,07,KERCK1G3_7_B1,KERCK1G3_7_B1,KERCK1G3_7_B1,RTPD,MCL,LMP_LOSS_PRC,KERCK1G3_7_B1,ALL,1,0,4,69
2022-09-02T14:45:00-00:00,2022-09-02T15:00:00-00:00,2022-09-02,08,KERCK1G3_7_B1,KERCK1G3_7_B1,KERCK1G3_7_B1,RTPD,MCL,LMP_LOSS_PRC,KERCK1G3_7_B1,ALL,1,11.20161,4,69
2022-09-02T15:45:00-00:00,2022-09-02T16:00:00-00:00,2022-09-02,09,KERCK1G3_7_B1,KERCK1G3_7_B1,KERCK1G3_7_B1,RTPD,MCL,LMP_LOSS_PRC,KERCK1G3_7_B1,ALL,1,12.34181,4,69
2022-09-02T16:45:00-00:00,2022-09-02T17:00:00-00:00,2022-09-02,10,KERCK1G3_7_B1,KERCK1G3_7_B1,KERCK1G3_7_B1,RTPD,MCL,LMP_LOSS_PRC,KERCK1G3_7_B1,ALL,1,11.67343,4,69
2022-09-02T17:45:00-00:00,2022-09-02T18:00:00-00:00,2022-09-02,11,KERCK1G3_7_B1,KERCK1G3_7_B1,KERCK1G3_7_B1,RTPD,MCL,LMP_LOSS_PRC,KERCK1G3_7_B1,ALL,1,8.8279,4,69
2022-09-02T18:45:00-00:00,2022-09-02T19:00:00-00:00,2022-09-02,12,KERCK1G3_7_B1,KERCK1G3_7_B1,KERCK1G3_7_B1,RTPD,MCL,LMP_LOSS_PRC,KERCK1G3_7_B1,ALL,1,7.62794,4,69
2022-09-02T19:45:00-00:00,2022-09-02T20:00:00-00:00,2022-09-02,13,KERCK1G3_7_B1,KERCK1G3_7_B1,KERCK1G3_7_B1,RTPD,MCL,LMP_LOSS_PRC,KERCK1G3_7_B1,ALL,1,2.57382,4,69
2022-09-02T20:45:00-00:00,2022-09-02T21:00:00-00:00,2022-09-02,14,KERCK1G3_7_B1,KERCK1G3_7_B1,KERCK1G3_7_B1,RTPD,MCL,LMP_LOSS_PRC,KERCK1G3_7_B1,ALL,1,0.96999,4,69
2022-09-02T21:45:00-00:00,2022-09-02T22:00:00-00:00,2022-09-02,15,KERCK1G3_7_B1,KERCK1G3_7_B1,KERCK1G3_7_B1,RTPD,MCL,LMP_LOSS_PRC,KERCK1G3_7_B1,ALL,1,-4.18144,4,69
2022-09-02T22:45:00-00:00,2022-09-02T23:00:00-00:00,2022-09-02,16,KERCK1G3_7_B1,KERCK1G3_7_B1,KERCK1G3_7_B1,RTPD,MCL,LMP_LOSS_PRC,KERCK1G3_7_B1,ALL,1,0,4,69
2022-09-02T23:45:00-00:00,2022-09-03T00:00:00-00:00,2022-09-02,17,KERCK1G3_7_B1,KERCK1G3_7_B1,KERCK1G3_7_B1,RTPD,MCL,LMP_LOSS_PRC,KERCK1G3_7_B1,ALL,1,0,4,69
2022-09-03T00:45:00-00:00,2022-09-03T01:00:00-00:00,2022-09-02,18,KERCK1G3_7_B1,KERCK1G3_7_B1,KERCK1G3_7_B1,RTPD,MCL,LMP_LOSS_PRC,KERCK1G3_7_B1,ALL,1,0,4,69
2022-09-03T01:45:00-00:00,2022-09-03T02:00:00-00:00,2022-09-02,19,KERCK1G3_7_B1,KERCK1G3_7_B1,KERCK1G3_7_B1,RTPD,MCL,LMP_LOSS_PRC,KERCK1G3_7_B1,ALL,1,0,4,69
2022-09-03T02:45:00-00:00,2022-09-03T03:00:00-00:00,2022-09-02,20,KERCK1G3_7_B1,KERCK1G3_7_B1,KERCK1G3_7_B1,RTPD,MCL,LMP_LOSS_PRC,KERCK1G3_7_B1,ALL,1,17.19518,4,69
2022-09-03T03:45:00-00:00,2022-09-03T04:00:00-00:00,2022-09-02,21,KERCK1G3_7_B1,KERCK1G3_7_B1,KERCK1G3_7_B1,RTPD,MCL,LMP_LOSS_PRC,KERCK1G3_7_B1,ALL,1,19.73756,4,69
2022-09-03T04:45:00-00:00,2022-09-03T05:00:00-00:00,2022-09-02,22,KERCK1G3_7_B1,KERCK1G3_7_B1,KERCK1G3_7_B1,RTPD,MCL,LMP_LOSS_PRC,KERCK1G3_7_B1,ALL,1,18.51756,4,69
2022-09-03T05:45:00-00:00,2022-09-03T06:00:00-00:00,2022-09-02,23,KERCK1G3_7_B1,KERCK1G3_7_B1,KERCK1G3_7_B1,RTPD,MCL,LMP_LOSS_PRC,KERCK1G3_7_B1,ALL,1,16.54092,4,69
2022-09-03T06:45:00-00:00,2022-09-03T07:00:00-00:00,2022-09-02,24,KERCK1G3_7_B1,KERCK1G3_7_B1,KERCK1G3_7_B1,RTPD,MCL,LMP_LOSS_PRC,KERCK1G3_7_B1,ALL,1,13.98789,4,69
2022-09-02T07:00:00-00:00,2022-09-02T07:15:00-00:00,2022-09-02,01,KERCK1G3_7_B1,KERCK1G3_7_B1,KERCK1G3_7_B1,RTPD,MGHG,LMP_GHG_PRC,KERCK1G3_7_B1,ALL,1,0,1,70
2022-09-02T08:00:00-00:00,2022-09-02T08:15:00-00:00,2022-09-02,02,KERCK1G3_7_B1,KERCK1G3_7_B1,KERCK1G3_7_B1,RTPD,MGHG,LMP_GHG_PRC,KERCK1G3_7_B1,ALL,1,0,1,70
2022-09-02T09:00:00-00:00,2022-09-02T09:15:00-00:00,2022-09-02,03,KERCK1G3_7_B1,KERCK1G3_7_B1,KERCK1G3_7_B1,RTPD,MGHG,LMP_GHG_PRC,KERCK1G3_7_B1,ALL,1,0,1,70
2022-09-02T10:00:00-00:00,2022-09-02T10:15:00-00:00,2022-09-02,04,KERCK1G3_7_B1,KERCK1G3_7_B1,KERCK1G3_7_B1,RTPD,MGHG,LMP_GHG_PRC,KERCK1G3_7_B1,ALL,1,0,1,70
2022-09-02T11:00:00-00:00,2022-09-02T11:15:00-00:00,2022-09-02,05,KERCK1G3_7_B1,KERCK1G3_7_B1,KERCK1G3_7_B1,RTPD,MGHG,LMP_GHG_PRC,KERCK1G3_7_B1,ALL,1,0,1,70
2022-09-02T12:00:00-00:00,2022-09-02T12:15:00-00:00,2022-09-02,06,KERCK1G3_7_B1,KERCK1G3_7_B1,KERCK1G3_7_B1,RTPD,MGHG,LMP_GHG_PRC,KERCK1G3_7_B1,ALL,1,0,1,70
2022-09-02T13:00:00-00:00,2022-09-02T13:15:00-00:00,2022-09-02,07,KERCK1G3_7_B1,KERCK1G3_7_B1,KERCK1G3_7_B1,RTPD,MGHG,LMP_GHG_PRC,KERCK1G3_7_B1,ALL,1,0,1,70
2022-09-02T14:00:00-00:00,2022-09-02T14:15:00-00:00,2022-09-02,08,KERCK1G3_7_B1,KERCK1G3_7_B1,KERCK1G3_7_B1,RTPD,MGHG,LMP_GHG_PRC,KERCK1G3_7_B1,ALL,1,0,1,70
2022-09-02T15:00:00-00:00,2022-09-02T15:15:00-00:00,2022-09-02,09,KERCK1G3_7_B1,KERCK1G3_7_B1,KERCK1G3_7_B1,RTPD,MGHG,LMP_GHG_PRC,KERCK1G3_7_B1,ALL,1,0,1,70
2022-09-02T16:00:00-00:00,2022-09-02T16:15:00-00:00,2022-09-02,10,KERCK1G3_7_B1,KERCK1G3_7_B1,KERCK1G3_7_B1,RTPD,MGHG,LMP_GHG_PRC,KERCK1G3_7_B1,ALL,1,0,1,70
2022-09-02T17:00:00-00:00,2022-09-02T17:15:00-00:00,2022-09-02,11,KERCK1G3_7_B1,KERCK1G3_7_B1,KERCK1G3_7_B1,RTPD,MGHG,LMP_GHG_PRC,KERCK1G3_7_B1,ALL,1,0,1,70
2022-09-02T18:00:00-00:00,2022-09-02T18:15:00-00:00,2022-09-02,12,KERCK1G3_7_B1,KERCK1G3_7_B1,KERCK1G3_7_B1,RTPD,MGHG,LMP_GHG_PRC,KERCK1G3_7_B1,ALL,1,0,1,70
2022-09-02T19:00:00-00:00,2022-09-02T19:15:00-00:00,2022-09-02,13,KERCK1G3_7_B1,KERCK1G3_7_B1,KERCK1G3_7_B1,RTPD,MGHG,LMP_GHG_PRC,KERCK1G3_7_B1,ALL,1,0,1,70
2022-09-02T20:00:00-00:00,2022-09-02T20:15:00-00:00,2022-09-02,14,KERCK1G3_7_B1,KERCK1G3_7_B1,KERCK1G3_7_B1,RTPD,MGHG,LMP_GHG_PRC,KERCK1G3_7_B1,ALL,1,0,1,70
2022-09-02T21:00:00-00:00,2022-09-02T21:15:00-00:00,2022-09-02,15,KERCK1G3_7_B1,KERCK1G3_7_B1,KERCK1G3_7_B1,RTPD,MGHG,LMP_GHG_PRC,KERCK1G3_7_B1,ALL,1,0,1,70
2022-09-02T22:00:00-00:00,2022-09-02T22:15:00-00:00,2022-09-02,16,KERCK1G3_7_B1,KERCK1G3_7_B1,KERCK1G3_7_B1,RTPD,MGHG,LMP_GHG_PRC,KERCK1G3_7_B1,ALL,1,0,1,70
2022-09-02T23:00:00-00:00,2022-09-02T23:15:00-00:00,2022-09-02,17,KERCK1G3_7_B1,KERCK1G3_7_B1,KERCK1G3_7_B1,RTPD,MGHG,LMP_GHG_PRC,KERCK1G3_7_B1,ALL,1,0,1,70
2022-09-03T00:00:00-00:00,2022-09-03T00:15:00-00:00,2022-09-02,18,KERCK1G3_7_B1,KERCK1G3_7_B1,KERCK1G3_7_B1,RTPD,MGHG,LMP_GHG_PRC,KERCK1G3_7_B1,ALL,1,0,1,70
2022-09-03T01:00:00-00:00,2022-09-03T01:15:00-00:00,2022-09-02,19,KERCK1G3_7_B1,KERCK1G3_7_B1,KERCK1G3_7_B1,RTPD,MGHG,LMP_GHG_PRC,KERCK1G3_7_B1,ALL,1,0,1,70
2022-09-03T02:00:00-00:00,2022-09-03T02:15:00-00:00,2022-09-02,20,KERCK1G3_7_B1,KERCK1G3_7_B1,KERCK1G3_7_B1,RTPD,MGHG,LMP_GHG_PRC,KERCK1G3_7_B1,ALL,1,0,1,70
2022-09-03T03:00:00-00:00,2022-09-03T03:15:00-00:00,2022-09-02,21,KERCK1G3_7_B1,KERCK1G3_7_B1,KERCK1G3_7_B1,RTPD,MGHG,LMP_GHG_PRC,KERCK1G3_7_B1,ALL,1,0,1,70
2022-09-03T04:00:00-00:00,2022-09-03T04:15:00-00:00,2022-09-02,22,KERCK1G3_7_B1,KERCK1G3_7_B1,KERCK1G3_7_B1,RTPD,MGHG,LMP_GHG_PRC,KERCK1G3_7_B1,ALL,1,0,1,70
2022-09-03T05:00:00-00:00,2022-09-03T05:15:00-00:00,2022-09-02,23,KERCK1G3_7_B1,KERCK1G3_7_B1,KERCK1G3_7_B1,RTPD,MGHG,LMP_GHG_PRC,KERCK1G3_7_B1,ALL,1,0,1,70
2022-09-03T06:00:00-00:00,2022-09-03T06:15:00-00:00,2022-09-02,24,KERCK1G3_7_B1,KERCK1G3_7_B1,KERCK1G3_7_B1,RTPD,MGHG,LMP_GHG_PRC,KERCK1G3_7_B1,ALL,1,0,1,70
2022-09-02T07:15:00-00:00,2022-09-02T07:30:00-00:00,2022-09-02,01,KERCK1G3_7_B1,KERCK1G3_7_B1,KERCK1G3_7_B1,RTPD,MGHG,LMP_GHG_PRC,KERCK1G3_7_B1,ALL,1,0,2,70
2022-09-02T08:15:00-00:00,2022-09-02T08:30:00-00:00,2022-09-02,02,KERCK1G3_7_B1,KERCK1G3_7_B1,KERCK1G3_7_B1,RTPD,MGHG,LMP_GHG_PRC,KERCK1G3_7_B1,ALL,1,0,2,70
2022-09-02T09:15:00-00:00,2022-09-02T09:30:00-00:00,2022-09-02,03,KERCK1G3_7_B1,KERCK1G3_7_B1,KERCK1G3_7_B1,RTPD,MGHG,LMP_GHG_PRC,KERCK1G3_7_B1,ALL,1,0,2,70
2022-09-02T10:15:00-00:00,2022-09-02T10:30:00-00:00,2022-09-02,04,KERCK1G3_7_B1,KERCK1G3_7_B1,KERCK1G3_7_B1,RTPD,MGHG,LMP_GHG_PRC,KERCK1G3_7_B1,ALL,1,0,2,70
2022-09-02T11:15:00-00:00,2022-09-02T11:30:00-00:00,2022-09-02,05,KERCK1G3_7_B1,KERCK1G3_7_B1,KERCK1G3_7_B1,RTPD,MGHG,LMP_GHG_PRC,KERCK1G3_7_B1,ALL,1,0,2,70
2022-09-02T12:15:00-00:00,2022-09-02T12:30:00-00:00,2022-09-02,06,KERCK1G3_7_B1,KERCK1G3_7_B1,KERCK1G3_7_B1,RTPD,MGHG,LMP_GHG_PRC,KERCK1G3_7_B1,ALL,1,0,2,70
2022-09-02T13:15:00-00:00,2022-09-02T13:30:00-00:00,2022-09-02,07,KERCK1G3_7_B1,KERCK1G3_7_B1,KERCK1G3_7_B1,RTPD,MGHG,LMP_GHG_PRC,KERCK1G3_7_B1,ALL,1,0,2,70
2022-09-02T14:15:00-00:00,2022-09-02T14:30:00-00:00,2022-09-02,08,KERCK1G3_7_B1,KERCK1G3_7_B1,KERCK1G3_7_B1,RTPD,MGHG,LMP_GHG_PRC,KERCK1G3_7_B1,ALL,1,0,2,70
2022-09-02T15:15:00-00:00,2022-09-02T15:30:00-00:00,2022-09-02,09,KERCK1G3_7_B1,KERCK1G3_7_B1,KERCK1G3_7_B1,RTPD,MGHG,LMP_GHG_PRC,KERCK1G3_7_B1,ALL,1,0,2,70
2022-09-02T16:15:00-00:00,2022-09-02T16:30:00-00:00,2022-09-02,10,KERCK1G3_7_B1,KERCK1G3_7_B1,KERCK1G3_7_B1,RTPD,MGHG,LMP_GHG_PRC,KERCK1G3_7_B1,ALL,1,0,2,70
2022-09-02T17:15:00-00:00,2022-09-02T17:30:00-00:00,2022-09-02,11,KERCK1G3_7_B1,KERCK1G3_7_B1,KERCK1G3_7_B1,RTPD,MGHG,LMP_GHG_PRC,KERCK1G3_7_B1,ALL,1,0,2,70
2022-09-02T18:15:00-00:00,2022-09-02T18:30:00-00:00,2022-09-02,12,KERCK1G3_7_B1,KERCK1G3_7_B1,KERCK1G3_7_B1,RTPD,MGHG,LMP_GHG_PRC,KERCK1G3_7_B1,ALL,1,0,2,70
2022-09-02T19:15:00-00:00,2022-09-02T19:30:00-00:00,2022-09-02,13,KERCK1G3_7_B1,KERCK1G3_7_B1,KERCK1G3_7_B1,RTPD,MGHG,LMP_GHG_PRC,KERCK1G3_7_B1,ALL,1,0,2,70
2022-09-02T20:15:00-00:00,2022-09-02T20:30:00-00:00,2022-09-02,14,KERCK1G3_7_B1,KERCK1G3_7_B1,KERCK1G3_7_B1,RTPD,MGHG,LMP_GHG_PRC,KERCK1G3_7_B1,ALL,1,0,2,70
2022-09-02T21:15:00-00:00,2022-09-02T21:30:00-00:00,2022-09-02,15,KERCK1G3_7_B1,KERCK1G3_7_B1,KERCK1G3_7_B1,RTPD,MGHG,LMP_GHG_PRC,KERCK1G3_7_B1,ALL,1,0,2,70
2022-09-02T22:15:00-00:00,2022-09-02T22:30:00-00:00,2022-09-02,16,KERCK1G3_7_B1,KERCK1G3_7_B1,KERCK1G3_7_B1,RTPD,MGHG,LMP_GHG_PRC,KERCK1G3_7_B1,ALL,1,0,2,70
2022-09-02T23:15:00-00:00,2022-09-02T23:30:00-00:00,2022-09-02,17,KERCK1G3_7_B1,KERCK1G3_7_B1,KERCK1G3_7_B1,RTPD,MGHG,LMP_GHG_PRC,KERCK1G3_7_B1,ALL,1,0,2,70
2022-09-03T00:15:00-00:00,2022-09-03T00:30:00-00:00,2022-09-02,18,KERCK1G3_7_B1,KERCK1G3_7_B1,KERCK1G3_7_B1,RTPD,MGHG,LMP_GHG_PRC,KERCK1G3_7_B1,ALL,1,0,2,70
2022-09-03T01:15:00-00:00,2022-09-03T01:30:00-00:00,2022-09-02,19,KERCK1G3_7_B1,KERCK1G3_7_B1,KERCK1G3_7_B1,RTPD,MGHG,LMP_GHG_PRC,KERCK1G3_7_B1,ALL,1,0,2,70
2022-09-03T02:15:00-00:00,2022-09-03T02:30:00-00:00,2022-09-02,20,KERCK1G3_7_B1,KERCK1G3_7_B1,KERCK1G3_7_B1,RTPD,MGHG,LMP_GHG_PRC,KERCK1G3_7_B1,ALL,1,0,2,70
2022-09-03T03:15:00-00:00,2022-09-03T03:30:00-00:00,2022-09-02,21,KERCK1G3_7_B1,KERCK1G3_7_B1,KERCK1G3_7_B1,RTPD,MGHG,LMP_GHG_PRC,KERCK1G3_7_B1,ALL,1,0,2,70
2022-09-03T04:15:00-00:00,2022-09-03T04:30:00-00:00,2022-09-02,22,KERCK1G3_7_B1,KERCK1G3_7_B1,KERCK1G3_7_B1,RTPD,MGHG,LMP_GHG_PRC,KERCK1G3_7_B1,ALL,1,0,2,70
2022-09-03T05:15:00-00:00,2022-09-03T05:30:00-00:00,2022-09-02,23,KERCK1G3_7_B1,KERCK1G3_7_B1,KERCK1G3_7_B1,RTPD,MGHG,LMP_GHG_PRC,KERCK1G3_7_B1,ALL,1,0,2,70
2022-09-03T06:15:00-00:00,2022-09-03T06:30:00-00:00,2022-09-02,24,KERCK1G3_7_B1,KERCK1G3_7_B1,KERCK1G3_7_B1,RTPD,MGHG,LMP_GHG_PRC,KERCK1G3_7_B1,ALL,1,0,2,70
2022-09-02T07:30:00-00:00,2022-09-02T07:45:00-00:00,2022-09-02,01,KERCK1G3_7_B1,KERCK1G3_7_B1,KERCK1G3_7_B1,RTPD,MGHG,LMP_GHG_PRC,KERCK1G3_7_B1,ALL,1,0,3,70
2022-09-02T08:30:00-00:00,2022-09-02T08:45:00-00:00,2022-09-02,02,KERCK1G3_7_B1,KERCK1G3_7_B1,KERCK1G3_7_B1,RTPD,MGHG,LMP_GHG_PRC,KERCK1G3_7_B1,ALL,1,0,3,70
2022-09-02T09:30:00-00:00,2022-09-02T09:45:00-00:00,2022-09-02,03,KERCK1G3_7_B1,KERCK1G3_7_B1,KERCK1G3_7_B1,RTPD,MGHG,LMP_GHG_PRC,KERCK1G3_7_B1,ALL,1,0,3,70
2022-09-02T10:30:00-00:00,2022-09-02T10:45:00-00:00,2022-09-02,04,KERCK1G3_7_B1,KERCK1G3_7_B1,KERCK1G3_7_B1,RTPD,MGHG,LMP_GHG_PRC,KERCK1G3_7_B1,ALL,1,0,3,70
2022-09-02T11:30:00-00:00,2022-09-02T11:45:00-00:00,2022-09-02,05,KERCK1G3_7_B1,KERCK1G3_7_B1,KERCK1G3_7_B1,RTPD,MGHG,LMP_GHG_PRC,KERCK1G3_7_B1,ALL,1,0,3,70
2022-09-02T12:30:00-00:00,2022-09-02T12:45:00-00:00,2022-09-02,06,KERCK1G3_7_B1,KERCK1G3_7_B1,KERCK1G3_7_B1,RTPD,MGHG,LMP_GHG_PRC,KERCK1G3_7_B1,ALL,1,0,3,70
2022-09-02T13:30:00-00:00,2022-09-02T13:45:00-00:00,2022-09-02,07,KERCK1G3_7_B1,KERCK1G3_7_B1,KERCK1G3_7_B1,RTPD,MGHG,LMP_GHG_PRC,KERCK1G3_7_B1,ALL,1,0,3,70
2022-09-02T14:30:00-00:00,2022-09-02T14:45:00-00:00,2022-09-02,08,KERCK1G3_7_B1,KERCK1G3_7_B1,KERCK1G3_7_B1,RTPD,MGHG,LMP_GHG_PRC,KERCK1G3_7_B1,ALL,1,0,3,70
2022-09-02T15:30:00-00:00,2022-09-02T15:45:00-00:00,2022-09-02,09,KERCK1G3_7_B1,KERCK1G3_7_B1,KERCK1G3_7_B1,RTPD,MGHG,LMP_GHG_PRC,KERCK1G3_7_B1,ALL,1,0,3,70
2022-09-02T16:30:00-00:00,2022-09-02T16:45:00-00:00,2022-09-02,10,KERCK1G3_7_B1,KERCK1G3_7_B1,KERCK1G3_7_B1,RTPD,MGHG,LMP_GHG_PRC,KERCK1G3_7_B1,ALL,1,0,3,70
2022-09-02T17:30:00-00:00,2022-09-02T17:45:00-00:00,2022-09-02,11,KERCK1G3_7_B1,KERCK1G3_7_B1,KERCK1G3_7_B1,RTPD,MGHG,LMP_GHG_PRC,KERCK1G3_7_B1,ALL,1,0,3,70
2022-09-02T18:30:00-00:00,2022-09-02T18:45:00-00:00,2022-09-02,12,KERCK1G3_7_B1,KERCK1G3_7_B1,KERCK1G3_7_B1,RTPD,MGHG,LMP_GHG_PRC,KERCK1G3_7_B1,ALL,1,0,3,70
2022-09-02T19:30:00-00:00,2022-09-02T19:45:00-00:00,2022-09-02,13,KERCK1G3_7_B1,KERCK1G3_7_B1,KERCK1G3_7_B1,RTPD,MGHG,LMP_GHG_PRC,KERCK1G3_7_B1,ALL,1,0,3,70
2022-09-02T20:30:00-00:00,2022-09-02T20:45:00-00:00,2022-09-02,14,KERCK1G3_7_B1,KERCK1G3_7_B1,KERCK1G3_7_B1,RTPD,MGHG,LMP_GHG_PRC,KERCK1G3_7_B1,ALL,1,0,3,70
2022-09-02T21:30:00-00:00,2022-09-02T21:45:00-00:00,2022-09-02,15,KERCK1G3_7_B1,KERCK1G3_7_B1,KERCK1G3_7_B1,RTPD,MGHG,LMP_GHG_PRC,KERCK1G3_7_B1,ALL,1,0,3,70
2022-09-02T22:30:00-00:00,2022-09-02T22:45:00-00:00,2022-09-02,16,KERCK1G3_7_B1,KERCK1G3_7_B1,KERCK1G3_7_B1,RTPD,MGHG,LMP_GHG_PRC,KERCK1G3_7_B1,ALL,1,0,3,70
2022-09-02T23:30:00-00:00,2022-09-02T23:45:00-00:00,2022-09-02,17,KERCK1G3_7_B1,KERCK1G3_7_B1,KERCK1G3_7_B1,RTPD,MGHG,LMP_GHG_PRC,KERCK1G3_7_B1,ALL,1,0,3,70
2022-09-03T00:30:00-00:00,2022-09-03T00:45:00-00:00,2022-09-02,18,KERCK1G3_7_B1,KERCK1G3_7_B1,KERCK1G3_7_B1,RTPD,MGHG,LMP_GHG_PRC,KERCK1G3_7_B1,ALL,1,0,3,70
2022-09-03T01:30:00-00:00,2022-09-03T01:45:00-00:00,2022-09-02,19,KERCK1G3_7_B1,KERCK1G3_7_B1,KERCK1G3_7_B1,RTPD,MGHG,LMP_GHG_PRC,KERCK1G3_7_B1,ALL,1,0,3,70
2022-09-03T02:30:00-00:00,2022-09-03T02:45:00-00:00,2022-09-02,20,KERCK1G3_7_B1,KERCK1G3_7_B1,KERCK1G3_7_B1,RTPD,MGHG,LMP_GHG_PRC,KERCK1G3_7_B1,ALL,1,0,3,70
2022-09-03T03:30:00-00:00,2022-09-03T03:45:00-00:00,2022-09-02,21,KERCK1G3_7_B1,KERCK1G3_7_B1,KERCK1G3_7_B1,RTPD,MGHG,LMP_GHG_PRC,KERCK1G3_7_B1,ALL,1,0,3,70
2022-09-03T04:30:00-00:00,2022-09-03T04:45:00-00:00,2022-09-02,22,KERCK1G3_7_B1,KERCK1G3_7_B1,KERCK1G3_7_B1,RTPD,MGHG,LMP_GHG_PRC,KERCK1G3_7_B1,ALL,1,0,3,70
2022-09-03T05:30:00-00:00,2022-09-03T05:45:00-00:00,2022-09-02,23,KERCK1G3_7_B1,KERCK1G3_7_B1,KERCK1G3_7_B1,RTPD,MGHG,LMP_GHG_PRC,KERCK1G3_7_B1,ALL,1,0,3,70
2022-09-03T06:30:00-00:00,2022-09-03T06:45:00-00:00,2022-09-02,24,KERCK1G3_7_B1,KERCK1G3_7_B1,KERCK1G3_7_B1,RTPD,MGHG,LMP_GHG_PRC,KERCK1G3_7_B1,ALL,1,0,3,70
2022-09-02T07:45:00-00:00,2022-09-02T08:00:00-00:00,2022-09-02,01,KERCK1G3_7_B1,KERCK1G3_7_B1,KERCK1G3_7_B1,RTPD,MGHG,LMP_GHG_PRC,KERCK1G3_7_B1,ALL,1,0,4,70
2022-09-02T08:45:00-00:00,2022-09-02T09:00:00-00:00,2022-09-02,02,KERCK1G3_7_B1,KERCK1G3_7_B1,KERCK1G3_7_B1,RTPD,MGHG,LMP_GHG_PRC,KERCK1G3_7_B1,ALL,1,0,4,70
2022-09-02T09:45:00-00:00,2022-09-02T10:00:00-00:00,2022-09-02,03,KERCK1G3_7_B1,KERCK1G3_7_B1,KERCK1G3_7_B1,RTPD,MGHG,LMP_GHG_PRC,KERCK1G3_7_B1,ALL,1,0,4,70
2022-09-02T10:45:00-00:00,2022-09-02T11:00:00-00:00,2022-09-02,04,KERCK1G3_7_B1,KERCK1G3_7_B1,KERCK1G3_7_B1,RTPD,MGHG,LMP_GHG_PRC,KERCK1G3_7_B1,ALL,1,0,4,70
2022-09-02T11:45:00-00:00,2022-09-02T12:00:00-00:00,2022-09-02,05,KERCK1G3_7_B1,KERCK1G3_7_B1,KERCK1G3_7_B1,RTPD,MGHG,LMP_GHG_PRC,KERCK1G3_7_B1,ALL,1,0,4,70
2022-09-02T12:45:00-00:00,2022-09-02T13:00:00-00:00,2022-09-02,06,KERCK1G3_7_B1,KERCK1G3_7_B1,KERCK1G3_7_B1,RTPD,MGHG,LMP_GHG_PRC,KERCK1G3_7_B1,ALL,1,0,4,70
2022-09-02T13:45:00-00:00,2022-09-02T14:00:00-00:00,2022-09-02,07,KERCK1G3_7_B1,KERCK1G3_7_B1,KERCK1G3_7_B1,RTPD,MGHG,LMP_GHG_PRC,KERCK1G3_7_B1,ALL,1,0,4,70
2022-09-02T14:45:00-00:00,2022-09-02T15:00:00-00:00,2022-09-02,08,KERCK1G3_7_B1,KERCK1G3_7_B1,KERCK1G3_7_B1,RTPD,MGHG,LMP_GHG_PRC,KERCK1G3_7_B1,ALL,1,0,4,70
2022-09-02T15:45:00-00:00,2022-09-02T16:00:00-00:00,2022-09-02,09,KERCK1G3_7_B1,KERCK1G3_7_B1,KERCK1G3_7_B1,RTPD,MGHG,LMP_GHG_PRC,KERCK1G3_7_B1,ALL,1,0,4,70
2022-09-02T16:45:00-00:00,2022-09-02T17:00:00-00:00,2022-09-02,10,KERCK1G3_7_B1,KERCK1G3_7_B1,KERCK1G3_7_B1,RTPD,MGHG,LMP_GHG_PRC,KERCK1G3_7_B1,ALL,1,0,4,70
2022-09-02T17:45:00-00:00,2022-09-02T18:00:00-00:00,2022-09-02,11,KERCK1G3_7_B1,KERCK1G3_7_B1,KERCK1G3_7_B1,RTPD,MGHG,LMP_GHG_PRC,KERCK1G3_7_B1,ALL,1,0,4,70
2022-09-02T18:45:00-00:00,2022-09-02T19:00:00-00:00,2022-09-02,12,KERCK1G3_7_B1,KERCK1G3_7_B1,KERCK1G3_7_B1,RTPD,MGHG,LMP_GHG_PRC,KERCK1G3_7_B1,ALL,1,0,4,70
2022-09-02T19:45:00-00:00,2022-09-02T20:00:00-00:00,2022-09-02,13,KERCK1G3_7_B1,KERCK1G3_7_B1,KERCK1G3_7_B1,RTPD,MGHG,LMP_GHG_PRC,KERCK1G3_7_B1,ALL,1,0,4,70
2022-09-02T20:45:00-00:00,2022-09-02T21:00:00-00:00,2022-09-02,14,KERCK1G3_7_B1,KERCK1G3_7_B1,KERCK1G3_7_B1,RTPD,MGHG,LMP_GHG_PRC,KERCK1G3_7_B1,ALL,1,0,4,70
2022-09-02T21:45:00-00:00,2022-09-02T22:00:00-00:00,2022-09-02,15,KERCK1G3_7_B1,KERCK1G3_7_B1,KERCK1G3_7_B1,RTPD,MGHG,LMP_GHG_PRC,KERCK1G3_7_B1,ALL,1,0,4,70
2022-09-02T22:45:00-00:00,2022-09-02T23:00:00-00:00,2022-09-02,16,KERCK1G3_7_B1,KERCK1G3_7_B1,KERCK1G3_7_B1,RTPD,MGHG,LMP_GHG_PRC,KERCK1G3_7_B1,ALL,1,0,4,70
2022-09-02T23:45:00-00:00,2022-09-03T00:00:00-00:00,2022-09-02,17,KERCK1G3_7_B1,KERCK1G3_7_B1,KERCK1G3_7_B1,RTPD,MGHG,LMP_GHG_PRC,KERCK1G3_7_B1,ALL,1,0,4,70
2022-09-03T00:45:00-00:00,2022-09-03T01:00:00-00:00,2022-09-02,18,KERCK1G3_7_B1,KERCK1G3_7_B1,KERCK1G3_7_B1,RTPD,MGHG,LMP_GHG_PRC,KERCK1G3_7_B1,ALL,1,0,4,70
2022-09-03T01:45:00-00:00,2022-09-03T02:00:00-00:00,2022-09-02,19,KERCK1G3_7_B1,KERCK1G3_7_B1,KERCK1G3_7_B1,RTPD,MGHG,LMP_GHG_PRC,KERCK1G3_7_B1,ALL,1,0,4,70
2022-09-03T02:45:00-00:00,2022-09-03T03:00:00-00:00,2022-09-02,20,KERCK1G3_7_B1,KERCK1G3_7_B1,KERCK1G3_7_B1,RTPD,MGHG,LMP_GHG_PRC,KERCK1G3_7_B1,ALL,1,0,4,70
2022-09-03T03:45:00-00:00,2022-09-03T04:00:00-00:00,2022-09-02,21,KERCK1G3_7_B1,KERCK1G3_7_B1,KERCK1G3_7_B1,RTPD,MGHG,LMP_GHG_PRC,KERCK1G3_7_B1,ALL,1,0,4,70
2022-09-03T04:45:00-00:00,2022-09-03T05:00:00-00:00,2022-09-02,22,KERCK1G3_7_B1,KERCK1G3_7_B1,KERCK1G3_7_B1,RTPD,MGHG,LMP_GHG_PRC,KERCK1G3_7_B1,ALL,1,0,4,70
2022-09-03T05:45:00-00:00,2022-09-03T06:00:00-00:00,2022-09-02,23,KERCK1G3_7_B1,KERCK1G3_7_B1,KERCK1G3_7_B1,RTPD,MGHG,LMP_GHG_PRC,KERCK1G3_7_B1,ALL,1,0,4,70
2022-09-03T06:45:00-00:00,2022-09-03T07:00:00-00:00,2022-09-02,24,KERCK1G3_7_B1,KERCK1G3_7_B1,KERCK1G3_7_B1,RTPD,MGHG,LMP_GHG_PRC,KERCK1G3_7_B1,ALL,1,0,4,70
2022-09-02T07:00:00-00:00,2022-09-02T07:15:00-00:00,2022-09-02,01,KERCKHOF_7_B1,KERCKHOF_7_B1,KERCKHOF_7_B1,RTPD,LMP,LMP_PRC,KERCKHOF_7_B1,ALL,1,148.01562,1,71
2022-09-02T08:00:00-00:00,2022-09-02T08:15:00-00:00,2022-09-02,02,KERCKHOF_7_B1,KERCKHOF_7_B1,KERCKHOF_7_B1,RTPD,LMP,LMP_PRC,KERCKHOF_7_B1,ALL,1,161.47156,1,71
2022-09-02T09:00:00-00:00,2022-09-02T09:15:00-00:00,2022-09-02,03,KERCKHOF_7_B1,KERCKHOF_7_B1,KERCKHOF_7_B1,RTPD,LMP,LMP_PRC,KERCKHOF_7_B1,ALL,1,143.0302,1,71
2022-09-02T10:00:00-00:00,2022-09-02T10:15:00-00:00,2022-09-02,04,KERCKHOF_7_B1,KERCKHOF_7_B1,KERCKHOF_7_B1,RTPD,LMP,LMP_PRC,KERCKHOF_7_B1,ALL,1,128.54726,1,71
2022-09-02T11:00:00-00:00,2022-09-02T11:15:00-00:00,2022-09-02,05,KERCKHOF_7_B1,KERCKHOF_7_B1,KERCKHOF_7_B1,RTPD,LMP,LMP_PRC,KERCKHOF_7_B1,ALL,1,111.40171,1,71
2022-09-02T12:00:00-00:00,2022-09-02T12:15:00-00:00,2022-09-02,06,KERCKHOF_7_B1,KERCKHOF_7_B1,KERCKHOF_7_B1,RTPD,LMP,LMP_PRC,KERCKHOF_7_B1,ALL,1,140.52724,1,71
2022-09-02T13:00:00-00:00,2022-09-02T13:15:00-00:00,2022-09-02,07,KERCKHOF_7_B1,KERCKHOF_7_B1,KERCKHOF_7_B1,RTPD,LMP,LMP_PRC,KERCKHOF_7_B1,ALL,1,138.90157,1,71
2022-09-02T14:00:00-00:00,2022-09-02T14:15:00-00:00,2022-09-02,08,KERCKHOF_7_B1,KERCKHOF_7_B1,KERCKHOF_7_B1,RTPD,LMP,LMP_PRC,KERCKHOF_7_B1,ALL,1,132.93513,1,71
2022-09-02T15:00:00-00:00,2022-09-02T15:15:00-00:00,2022-09-02,09,KERCKHOF_7_B1,KERCKHOF_7_B1,KERCKHOF_7_B1,RTPD,LMP,LMP_PRC,KERCKHOF_7_B1,ALL,1,99.84461,1,71
2022-09-02T16:00:00-00:00,2022-09-02T16:15:00-00:00,2022-09-02,10,KERCKHOF_7_B1,KERCKHOF_7_B1,KERCKHOF_7_B1,RTPD,LMP,LMP_PRC,KERCKHOF_7_B1,ALL,1,138.79895,1,71
2022-09-02T17:00:00-00:00,2022-09-02T17:15:00-00:00,2022-09-02,11,KERCKHOF_7_B1,KERCKHOF_7_B1,KERCKHOF_7_B1,RTPD,LMP,LMP_PRC,KERCKHOF_7_B1,ALL,1,104.63858,1,71
2022-09-02T18:00:00-00:00,2022-09-02T18:15:00-00:00,2022-09-02,12,KERCKHOF_7_B1,KERCKHOF_7_B1,KERCKHOF_7_B1,RTPD,LMP,LMP_PRC,KERCKHOF_7_B1,ALL,1,112.1517,1,71
2022-09-02T19:00:00-00:00,2022-09-02T19:15:00-00:00,2022-09-02,13,KERCKHOF_7_B1,KERCKHOF_7_B1,KERCKHOF_7_B1,RTPD,LMP,LMP_PRC,KERCKHOF_7_B1,ALL,1,109.06086,1,71
2022-09-02T20:00:00-00:00,2022-09-02T20:15:00-00:00,2022-09-02,14,KERCKHOF_7_B1,KERCKHOF_7_B1,KERCKHOF_7_B1,RTPD,LMP,LMP_PRC,KERCKHOF_7_B1,ALL,1,112.17316,1,71
2022-09-02T21:00:00-00:00,2022-09-02T21:15:00-00:00,2022-09-02,15,KERCKHOF_7_B1,KERCKHOF_7_B1,KERCKHOF_7_B1,RTPD,LMP,LMP_PRC,KERCKHOF_7_B1,ALL,1,123.07256,1,71
2022-09-02T22:00:00-00:00,2022-09-02T22:15:00-00:00,2022-09-02,16,KERCKHOF_7_B1,KERCKHOF_7_B1,KERCKHOF_7_B1,RTPD,LMP,LMP_PRC,KERCKHOF_7_B1,ALL,1,148.7479,1,71
2022-09-02T23:00:00-00:00,2022-09-02T23:15:00-00:00,2022-09-02,17,KERCKHOF_7_B1,KERCKHOF_7_B1,KERCKHOF_7_B1,RTPD,LMP,LMP_PRC,KERCKHOF_7_B1,ALL,1,134.0454,1,71
2022-09-03T00:00:00-00:00,2022-09-03T00:15:00-00:00,2022-09-02,18,KERCKHOF_7_B1,KERCKHOF_7_B1,KERCKHOF_7_B1,RTPD,LMP,LMP_PRC,KERCKHOF_7_B1,ALL,1,111.67249,1,71
2022-09-03T01:00:00-00:00,2022-09-03T01:15:00-00:00,2022-09-02,19,KERCKHOF_7_B1,KERCKHOF_7_B1,KERCKHOF_7_B1,RTPD,LMP,LMP_PRC,KERCKHOF_7_B1,ALL,1,117.69881,1,71
2022-09-03T02:00:00-00:00,2022-09-03T02:15:00-00:00,2022-09-02,20,KERCKHOF_7_B1,KERCKHOF_7_B1,KERCKHOF_7_B1,RTPD,LMP,LMP_PRC,KERCKHOF_7_B1,ALL,1,221.13664,1,71
2022-09-03T03:00:00-00:00,2022-09-03T03:15:00-00:00,2022-09-02,21,KERCKHOF_7_B1,KERCKHOF_7_B1,KERCKHOF_7_B1,RTPD,LMP,LMP_PRC,KERCKHOF_7_B1,ALL,1,160.57037,1,71
2022-09-03T04:00:00-00:00,2022-09-03T04:15:00-00:00,2022-09-02,22,KERCKHOF_7_B1,KERCKHOF_7_B1,KERCKHOF_7_B1,RTPD,LMP,LMP_PRC,KERCKHOF_7_B1,ALL,1,181.6506,1,71
2022-09-03T05:00:00-00:00,2022-09-03T05:15:00-00:00,2022-09-02,23,KERCKHOF_7_B1,KERCKHOF_7_B1,KERCKHOF_7_B1,RTPD,LMP,LMP_PRC,KERCKHOF_7_B1,ALL,1,156.01096,1,71
2022-09-03T06:00:00-00:00,2022-09-03T06:15:00-00:00,2022-09-02,24,KERCKHOF_7_B1,KERCKHOF_7_B1,KERCKHOF_7_B1,RTPD,LMP,LMP_PRC,KERCKHOF_7_B1,ALL,1,608.77216,1,71
2022-09-02T07:15:00-00:00,2022-09-02T07:30:00-00:00,2022-09-02,01,KERCKHOF_7_B1,KERCKHOF_7_B1,KERCKHOF_7_B1,RTPD,LMP,LMP_PRC,KERCKHOF_7_B1,ALL,1,141.7583,2,71
2022-09-02T08:15:00-00:00,2022-09-02T08:30:00-00:00,2022-09-02,02,KERCKHOF_7_B1,KERCKHOF_7_B1,KERCKHOF_7_B1,RTPD,LMP,LMP_PRC,KERCKHOF_7_B1,ALL,1,180.1661,2,71
2022-09-02T09:15:00-00:00,2022-09-02T09:30:00-00:00,2022-09-02,03,KERCKHOF_7_B1,KERCKHOF_7_B1,KERCKHOF_7_B1,RTPD,LMP,LMP_PRC,KERCKHOF_7_B1,ALL,1,149.69711,2,71
2022-09-02T10:15:00-00:00,2022-09-02T10:30:00-00:00,2022-09-02,04,KERCKHOF_7_B1,KERCKHOF_7_B1,KERCKHOF_7_B1,RTPD,LMP,LMP_PRC,KERCKHOF_7_B1,ALL,1,125.04186,2,71
2022-09-02T11:15:00-00:00,2022-09-02T11:30:00-00:00,2022-09-02,05,KERCKHOF_7_B1,KERCKHOF_7_B1,KERCKHOF_7_B1,RTPD,LMP,LMP_PRC,KERCKHOF_7_B1,ALL,1,111.63977,2,71
2022-09-02T12:15:00-00:00,2022-09-02T12:30:00-00:00,2022-09-02,06,KERCKHOF_7_B1,KERCKHOF_7_B1,KERCKHOF_7_B1,RTPD,LMP,LMP_PRC,KERCKHOF_7_B1,ALL,1,137.53001,2,71
2022-09-02T13:15:00-00:00,2022-09-02T13:30:00-00:00,2022-09-02,07,KERCKHOF_7_B1,KERCKHOF_7_B1,KERCKHOF_7_B1,RTPD,LMP,LMP_PRC,KERCKHOF_7_B1,ALL,1,137.36086,2,71
2022-09-02T14:15:00-00:00,2022-09-02T14:30:00-00:00,2022-09-02,08,KERCKHOF_7_B1,KERCKHOF_7_B1,KERCKHOF_7_B1,RTPD,LMP,LMP_PRC,KERCKHOF_7_B1,ALL,1,126.79029,2,71
2022-09-02T15:15:00-00:00,2022-09-02T15:30:00-00:00,2022-09-02,09,KERCKHOF_7_B1,KERCKHOF_7_B1,KERCKHOF_7_B1,RTPD,LMP,LMP_PRC,KERCKHOF_7_B1,ALL,1,127.90138,2,71
2022-09-02T16:15:00-00:00,2022-09-02T16:30:00-00:00,2022-09-02,10,KERCKHOF_7_B1,KERCKHOF_7_B1,KERCKHOF_7_B1,RTPD,LMP,LMP_PRC,KERCKHOF_7_B1,ALL,1,139.52657,2,71
2022-09-02T17:15:00-00:00,2022-09-02T17:30:00-00:00,2022-09-02,11,KERCKHOF_7_B1,KERCKHOF_7_B1,KERCKHOF_7_B1,RTPD,LMP,LMP_PRC,KERCKHOF_7_B1,ALL,1,114.22115,2,71
2022-09-02T18:15:00-00:00,2022-09-02T18:30:00-00:00,2022-09-02,12,KERCKHOF_7_B1,KERCKHOF_7_B1,KERCKHOF_7_B1,RTPD,LMP,LMP_PRC,KERCKHOF_7_B1,ALL,1,117.18845,2,71
2022-09-02T19:15:00-00:00,2022-09-02T19:30:00-00:00,2022-09-02,13,KERCKHOF_7_B1,KERCKHOF_7_B1,KERCKHOF_7_B1,RTPD,LMP,LMP_PRC,KERCKHOF_7_B1,ALL,1,114.49245,2,71
2022-09-02T20:15:00-00:00,2022-09-02T20:30:00-00:00,2022-09-02,14,KERCKHOF_7_B1,KERCKHOF_7_B1,KERCKHOF_7_B1,RTPD,LMP,LMP_PRC,KERCKHOF_7_B1,ALL,1,115.57922,2,71
2022-09-02T21:15:00-00:00,2022-09-02T21:30:00-00:00,2022-09-02,15,KERCKHOF_7_B1,KERCKHOF_7_B1,KERCKHOF_7_B1,RTPD,LMP,LMP_PRC,KERCKHOF_7_B1,ALL,1,124.51889,2,71
2022-09-02T22:15:00-00:00,2022-09-02T22:30:00-00:00,2022-09-02,16,KERCKHOF_7_B1,KERCKHOF_7_B1,KERCKHOF_7_B1,RTPD,LMP,LMP_PRC,KERCKHOF_7_B1,ALL,1,162.65959,2,71
2022-09-02T23:15:00-00:00,2022-09-02T23:30:00-00:00,2022-09-02,17,KERCKHOF_7_B1,KERCKHOF_7_B1,KERCKHOF_7_B1,RTPD,LMP,LMP_PRC,KERCKHOF_7_B1,ALL,1,136.9963,2,71
2022-09-03T00:15:00-00:00,2022-09-03T00:30:00-00:00,2022-09-02,18,KERCKHOF_7_B1,KERCKHOF_7_B1,KERCKHOF_7_B1,RTPD,LMP,LMP_PRC,KERCKHOF_7_B1,ALL,1,128.7286,2,71
2022-09-03T01:15:00-00:00,2022-09-03T01:30:00-00:00,2022-09-02,19,KERCKHOF_7_B1,KERCKHOF_7_B1,KERCKHOF_7_B1,RTPD,LMP,LMP_PRC,KERCKHOF_7_B1,ALL,1,139.79655,2,71
2022-09-03T02:15:00-00:00,2022-09-03T02:30:00-00:00,2022-09-02,20,KERCKHOF_7_B1,KERCKHOF_7_B1,KERCKHOF_7_B1,RTPD,LMP,LMP_PRC,KERCKHOF_7_B1,ALL,1,217.5384,2,71
2022-09-03T03:15:00-00:00,2022-09-03T03:30:00-00:00,2022-09-02,21,KERCKHOF_7_B1,KERCKHOF_7_B1,KERCKHOF_7_B1,RTPD,LMP,LMP_PRC,KERCKHOF_7_B1,ALL,1,158.1064,2,71
2022-09-03T04:15:00-00:00,2022-09-03T04:30:00-00:00,2022-09-02,22,KERCKHOF_7_B1,KERCKHOF_7_B1,KERCKHOF_7_B1,RTPD,LMP,LMP_PRC,KERCKHOF_7_B1,ALL,1,252.7044,2,71
2022-09-03T05:15:00-00:00,2022-09-03T05:30:00-00:00,2022-09-02,23,KERCKHOF_7_B1,KERCKHOF_7_B1,KERCKHOF_7_B1,RTPD,LMP,LMP_PRC,KERCKHOF_7_B1,ALL,1,132.00848,2,71
2022-09-03T06:15:00-00:00,2022-09-03T06:30:00-00:00,2022-09-02,24,KERCKHOF_7_B1,KERCKHOF_7_B1,KERCKHOF_7_B1,RTPD,LMP,LMP_PRC,KERCKHOF_7_B1,ALL,1,122.24308,2,71
2022-09-02T07:30:00-00:00,2022-09-02T07:45:00-00:00,2022-09-02,01,KERCKHOF_7_B1,KERCKHOF_7_B1,KERCKHOF_7_B1,RTPD,LMP,LMP_PRC,KERCKHOF_7_B1,ALL,1,144.08344,3,71
2022-09-02T08:30:00-00:00,2022-09-02T08:45:00-00:00,2022-09-02,02,KERCKHOF_7_B1,KERCKHOF_7_B1,KERCKHOF_7_B1,RTPD,LMP,LMP_PRC,KERCKHOF_7_B1,ALL,1,135.97836,3,71
2022-09-02T09:30:00-00:00,2022-09-02T09:45:00-00:00,2022-09-02,03,KERCKHOF_7_B1,KERCKHOF_7_B1,KERCKHOF_7_B1,RTPD,LMP,LMP_PRC,KERCKHOF_7_B1,ALL,1,142.32742,3,71
2022-09-02T10:30:00-00:00,2022-09-02T10:45:00-00:00,2022-09-02,04,KERCKHOF_7_B1,KERCKHOF_7_B1,KERCKHOF_7_B1,RTPD,LMP,LMP_PRC,KERCKHOF_7_B1,ALL,1,131.11563,3,71
2022-09-02T11:30:00-00:00,2022-09-02T11:45:00-00:00,2022-09-02,05,KERCKHOF_7_B1,KERCKHOF_7_B1,KERCKHOF_7_B1,RTPD,LMP,LMP_PRC,KERCKHOF_7_B1,ALL,1,108.30224,3,71
2022-09-02T12:30:00-00:00,2022-09-02T12:45:00-00:00,2022-09-02,06,KERCKHOF_7_B1,KERCKHOF_7_B1,KERCKHOF_7_B1,RTPD,LMP,LMP_PRC,KERCKHOF_7_B1,ALL,1,136.3401,3,71
2022-09-02T13:30:00-00:00,2022-09-02T13:45:00-00:00,2022-09-02,07,KERCKHOF_7_B1,KERCKHOF_7_B1,KERCKHOF_7_B1,RTPD,LMP,LMP_PRC,KERCKHOF_7_B1,ALL,1,116.44897,3,71
2022-09-02T14:30:00-00:00,2022-09-02T14:45:00-00:00,2022-09-02,08,KERCKHOF_7_B1,KERCKHOF_7_B1,KERCKHOF_7_B1,RTPD,LMP,LMP_PRC,KERCKHOF_7_B1,ALL,1,112.43957,3,71
2022-09-02T15:30:00-00:00,2022-09-02T15:45:00-00:00,2022-09-02,09,KERCKHOF_7_B1,KERCKHOF_7_B1,KERCKHOF_7_B1,RTPD,LMP,LMP_PRC,KERCKHOF_7_B1,ALL,1,129.8253,3,71
2022-09-02T16:30:00-00:00,2022-09-02T16:45:00-00:00,2022-09-02,10,KERCKHOF_7_B1,KERCKHOF_7_B1,KERCKHOF_7_B1,RTPD,LMP,LMP_PRC,KERCKHOF_7_B1,ALL,1,141.3182,3,71
2022-09-02T17:30:00-00:00,2022-09-02T17:45:00-00:00,2022-09-02,11,KERCKHOF_7_B1,KERCKHOF_7_B1,KERCKHOF_7_B1,RTPD,LMP,LMP_PRC,KERCKHOF_7_B1,ALL,1,112.90053,3,71
2022-09-02T18:30:00-00:00,2022-09-02T18:45:00-00:00,2022-09-02,12,KERCKHOF_7_B1,KERCKHOF_7_B1,KERCKHOF_7_B1,RTPD,LMP,LMP_PRC,KERCKHOF_7_B1,ALL,1,122.08231,3,71
2022-09-02T19:30:00-00:00,2022-09-02T19:45:00-00:00,2022-09-02,13,KERCKHOF_7_B1,KERCKHOF_7_B1,KERCKHOF_7_B1,RTPD,LMP,LMP_PRC,KERCKHOF_7_B1,ALL,1,120.732,3,71
2022-09-02T20:30:00-00:00,2022-09-02T20:45:00-00:00,2022-09-02,14,KERCKHOF_7_B1,KERCKHOF_7_B1,KERCKHOF_7_B1,RTPD,LMP,LMP_PRC,KERCKHOF_7_B1,ALL,1,122.87521,3,71
2022-09-02T21:30:00-00:00,2022-09-02T21:45:00-00:00,2022-09-02,15,KERCKHOF_7_B1,KERCKHOF_7_B1,KERCKHOF_7_B1,RTPD,LMP,LMP_PRC,KERCKHOF_7_B1,ALL,1,137.28769,3,71
2022-09-02T22:30:00-00:00,2022-09-02T22:45:00-00:00,2022-09-02,16,KERCKHOF_7_B1,KERCKHOF_7_B1,KERCKHOF_7_B1,RTPD,LMP,LMP_PRC,KERCKHOF_7_B1,ALL,1,187.34793,3,71
2022-09-02T23:30:00-00:00,2022-09-02T23:45:00-00:00,2022-09-02,17,KERCKHOF_7_B1,KERCKHOF_7_B1,KERCKHOF_7_B1,RTPD,LMP,LMP_PRC,KERCKHOF_7_B1,ALL,1,149.5836,3,71
2022-09-03T00:30:00-00:00,2022-09-03T00:45:00-00:00,2022-09-02,18,KERCKHOF_7_B1,KERCKHOF_7_B1,KERCKHOF_7_B1,RTPD,LMP,LMP_PRC,KERCKHOF_7_B1,ALL,1,148.75351,3,71
2022-09-03T01:30:00-00:00,2022-09-03T01:45:00-00:00,2022-09-02,19,KERCKHOF_7_B1,KERCKHOF_7_B1,KERCKHOF_7_B1,RTPD,LMP,LMP_PRC,KERCKHOF_7_B1,ALL,1,219.01859,3,71
2022-09-03T02:30:00-00:00,2022-09-03T02:45:00-00:00,2022-09-02,20,KERCKHOF_7_B1,KERCKHOF_7_B1,KERCKHOF_7_B1,RTPD,LMP,LMP_PRC,KERCKHOF_7_B1,ALL,1,194.59517,3,71
2022-09-03T03:30:00-00:00,2022-09-03T03:45:00-00:00,2022-09-02,21,KERCKHOF_7_B1,KERCKHOF_7_B1,KERCKHOF_7_B1,RTPD,LMP,LMP_PRC,KERCKHOF_7_B1,ALL,1,149.028,3,71
2022-09-03T04:30:00-00:00,2022-09-03T04:45:00-00:00,2022-09-02,22,KERCKHOF_7_B1,KERCKHOF_7_B1,KERCKHOF_7_B1,RTPD,LMP,LMP_PRC,KERCKHOF_7_B1,ALL,1,144.55104,3,71
2022-09-03T05:30:00-00:00,2022-09-03T05:45:00-00:00,2022-09-02,23,KERCKHOF_7_B1,KERCKHOF_7_B1,KERCKHOF_7_B1,RTPD,LMP,LMP_PRC,KERCKHOF_7_B1,ALL,1,123.44867,3,71
2022-09-03T06:30:00-00:00,2022-09-03T06:45:00-00:00,2022-09-02,24,KERCKHOF_7_B1,KERCKHOF_7_B1,KERCKHOF_7_B1,RTPD,LMP,LMP_PRC,KERCKHOF_7_B1,ALL,1,92.60056,3,71
2022-09-02T07:45:00-00:00,2022-09-02T08:00:00-00:00,2022-09-02,01,KERCKHOF_7_B1,KERCKHOF_7_B1,KERCKHOF_7_B1,RTPD,LMP,LMP_PRC,KERCKHOF_7_B1,ALL,1,117.96331,4,71
2022-09-02T08:45:00-00:00,2022-09-02T09:00:00-00:00,2022-09-02,02,KERCKHOF_7_B1,KERCKHOF_7_B1,KERCKHOF_7_B1,RTPD,LMP,LMP_PRC,KERCKHOF_7_B1,ALL,1,119.215,4,71
2022-09-02T09:45:00-00:00,2022-09-02T10:00:00-00:00,2022-09-02,03,KERCKHOF_7_B1,KERCKHOF_7_B1,KERCKHOF_7_B1,RTPD,LMP,LMP_PRC,KERCKHOF_7_B1,ALL,1,120.40134,4,71
2022-09-02T10:45:00-00:00,2022-09-02T11:00:00-00:00,2022-09-02,04,KERCKHOF_7_B1,KERCKHOF_7_B1,KERCKHOF_7_B1,RTPD,LMP,LMP_PRC,KERCKHOF_7_B1,ALL,1,113.87598,4,71
2022-09-02T11:45:00-00:00,2022-09-02T12:00:00-00:00,2022-09-02,05,KERCKHOF_7_B1,KERCKHOF_7_B1,KERCKHOF_7_B1,RTPD,LMP,LMP_PRC,KERCKHOF_7_B1,ALL,1,148.30066,4,71
2022-09-02T12:45:00-00:00,2022-09-02T13:00:00-00:00,2022-09-02,06,KERCKHOF_7_B1,KERCKHOF_7_B1,KERCKHOF_7_B1,RTPD,LMP,LMP_PRC,KERCKHOF_7_B1,ALL,1,145.16174,4,71
2022-09-02T13:45:00-00:00,2022-09-02T14:00:00-00:00,2022-09-02,07,KERCKHOF_7_B1,KERCKHOF_7_B1,KERCKHOF_7_B1,RTPD,LMP,LMP_PRC,KERCKHOF_7_B1,ALL,1,110.23694,4,71
2022-09-02T14:45:00-00:00,2022-09-02T15:00:00-00:00,2022-09-02,08,KERCKHOF_7_B1,KERCKHOF_7_B1,KERCKHOF_7_B1,RTPD,LMP,LMP_PRC,KERCKHOF_7_B1,ALL,1,97.30037,4,71
2022-09-02T15:45:00-00:00,2022-09-02T16:00:00-00:00,2022-09-02,09,KERCKHOF_7_B1,KERCKHOF_7_B1,KERCKHOF_7_B1,RTPD,LMP,LMP_PRC,KERCKHOF_7_B1,ALL,1,131.67535,4,71
2022-09-02T16:45:00-00:00,2022-09-02T17:00:00-00:00,2022-09-02,10,KERCKHOF_7_B1,KERCKHOF_7_B1,KERCKHOF_7_B1,RTPD,LMP,LMP_PRC,KERCKHOF_7_B1,ALL,1,147.64828,4,71
2022-09-02T17:45:00-00:00,2022-09-02T18:00:00-00:00,2022-09-02,11,KERCKHOF_7_B1,KERCKHOF_7_B1,KERCKHOF_7_B1,RTPD,LMP,LMP_PRC,KERCKHOF_7_B1,ALL,1,115.44504,4,71
2022-09-02T18:45:00-00:00,2022-09-02T19:00:00-00:00,2022-09-02,12,KERCKHOF_7_B1,KERCKHOF_7_B1,KERCKHOF_7_B1,RTPD,LMP,LMP_PRC,KERCKHOF_7_B1,ALL,1,130.6592,4,71
2022-09-02T19:45:00-00:00,2022-09-02T20:00:00-00:00,2022-09-02,13,KERCKHOF_7_B1,KERCKHOF_7_B1,KERCKHOF_7_B1,RTPD,LMP,LMP_PRC,KERCKHOF_7_B1,ALL,1,138.03818,4,71
2022-09-02T20:45:00-00:00,2022-09-02T21:00:00-00:00,2022-09-02,14,KERCKHOF_7_B1,KERCKHOF_7_B1,KERCKHOF_7_B1,RTPD,LMP,LMP_PRC,KERCKHOF_7_B1,ALL,1,147.9521,4,71
2022-09-02T21:45:00-00:00,2022-09-02T22:00:00-00:00,2022-09-02,15,KERCKHOF_7_B1,KERCKHOF_7_B1,KERCKHOF_7_B1,RTPD,LMP,LMP_PRC,KERCKHOF_7_B1,ALL,1,177.62032,4,71
2022-09-02T22:45:00-00:00,2022-09-02T23:00:00-00:00,2022-09-02,16,KERCKHOF_7_B1,KERCKHOF_7_B1,KERCKHOF_7_B1,RTPD,LMP,LMP_PRC,KERCKHOF_7_B1,ALL,1,247.4294,4,71
2022-09-02T23:45:00-00:00,2022-09-03T00:00:00-00:00,2022-09-02,17,KERCKHOF_7_B1,KERCKHOF_7_B1,KERCKHOF_7_B1,RTPD,LMP,LMP_PRC,KERCKHOF_7_B1,ALL,1,253.08046,4,71
2022-09-03T00:45:00-00:00,2022-09-03T01:00:00-00:00,2022-09-02,18,KERCKHOF_7_B1,KERCKHOF_7_B1,KERCKHOF_7_B1,RTPD,LMP,LMP_PRC,KERCKHOF_7_B1,ALL,1,231.91946,4,71
2022-09-03T01:45:00-00:00,2022-09-03T02:00:00-00:00,2022-09-02,19,KERCKHOF_7_B1,KERCKHOF_7_B1,KERCKHOF_7_B1,RTPD,LMP,LMP_PRC,KERCKHOF_7_B1,ALL,1,299.48355,4,71
2022-09-03T02:45:00-00:00,2022-09-03T03:00:00-00:00,2022-09-02,20,KERCKHOF_7_B1,KERCKHOF_7_B1,KERCKHOF_7_B1,RTPD,LMP,LMP_PRC,KERCKHOF_7_B1,ALL,1,180.72939,4,71
2022-09-03T03:45:00-00:00,2022-09-03T04:00:00-00:00,2022-09-02,21,KERCKHOF_7_B1,KERCKHOF_7_B1,KERCKHOF_7_B1,RTPD,LMP,LMP_PRC,KERCKHOF_7_B1,ALL,1,139.99117,4,71
2022-09-03T04:45:00-00:00,2022-09-03T05:00:00-00:00,2022-09-02,22,KERCKHOF_7_B1,KERCKHOF_7_B1,KERCKHOF_7_B1,RTPD,LMP,LMP_PRC,KERCKHOF_7_B1,ALL,1,126.8927,4,71
2022-09-03T05:45:00-00:00,2022-09-03T06:00:00-00:00,2022-09-02,23,KERCKHOF_7_B1,KERCKHOF_7_B1,KERCKHOF_7_B1,RTPD,LMP,LMP_PRC,KERCKHOF_7_B1,ALL,1,117.31504,4,71
2022-09-03T06:45:00-00:00,2022-09-03T07:00:00-00:00,2022-09-02,24,KERCKHOF_7_B1,KERCKHOF_7_B1,KERCKHOF_7_B1,RTPD,LMP,LMP_PRC,KERCKHOF_7_B1,ALL,1,90.87885,4,71
2022-09-02T07:00:00-00:00,2022-09-02T07:15:00-00:00,2022-09-02,01,KERCKHOF_7_B1,KERCKHOF_7_B1,KERCKHOF_7_B1,RTPD,MCC,LMP_CONG_PRC,KERCKHOF_7_B1,ALL,1,9.50537,1,72
2022-09-02T08:00:00-00:00,2022-09-02T08:15:00-00:00,2022-09-02,02,KERCKHOF_7_B1,KERCKHOF_7_B1,KERCKHOF_7_B1,RTPD,MCC,LMP_CONG_PRC,KERCKHOF_7_B1,ALL,1,25.97853,1,72
2022-09-02T09:00:00-00:00,2022-09-02T09:15:00-00:00,2022-09-02,03,KERCKHOF_7_B1,KERCKHOF_7_B1,KERCKHOF_7_B1,RTPD,MCC,LMP_CONG_PRC,KERCKHOF_7_B1,ALL,1,12.95565,1,72
2022-09-02T10:00:00-00:00,2022-09-02T10:15:00-00:00,2022-09-02,04,KERCKHOF_7_B1,KERCKHOF_7_B1,KERCKHOF_7_B1,RTPD,MCC,LMP_CONG_PRC,KERCKHOF_7_B1,ALL,1,10.77815,1,72
2022-09-02T11:00:00-00:00,2022-09-02T11:15:00-00:00,2022-09-02,05,KERCKHOF_7_B1,KERCKHOF_7_B1,KERCKHOF_7_B1,RTPD,MCC,LMP_CONG_PRC,KERCKHOF_7_B1,ALL,1,11.60562,1,72
2022-09-02T12:00:00-00:00,2022-09-02T12:15:00-00:00,2022-09-02,06,KERCKHOF_7_B1,KERCKHOF_7_B1,KERCKHOF_7_B1,RTPD,MCC,LMP_CONG_PRC,KERCKHOF_7_B1,ALL,1,36.89012,1,72
2022-09-02T13:00:00-00:00,2022-09-02T13:15:00-00:00,2022-09-02,07,KERCKHOF_7_B1,KERCKHOF_7_B1,KERCKHOF_7_B1,RTPD,MCC,LMP_CONG_PRC,KERCKHOF_7_B1,ALL,1,32.93378,1,72
2022-09-02T14:00:00-00:00,2022-09-02T14:15:00-00:00,2022-09-02,08,KERCKHOF_7_B1,KERCKHOF_7_B1,KERCKHOF_7_B1,RTPD,MCC,LMP_CONG_PRC,KERCKHOF_7_B1,ALL,1,2.53121,1,72
2022-09-02T15:00:00-00:00,2022-09-02T15:15:00-00:00,2022-09-02,09,KERCKHOF_7_B1,KERCKHOF_7_B1,KERCKHOF_7_B1,RTPD,MCC,LMP_CONG_PRC,KERCKHOF_7_B1,ALL,1,1.54119,1,72
2022-09-02T16:00:00-00:00,2022-09-02T16:15:00-00:00,2022-09-02,10,KERCKHOF_7_B1,KERCKHOF_7_B1,KERCKHOF_7_B1,RTPD,MCC,LMP_CONG_PRC,KERCKHOF_7_B1,ALL,1,40.6207,1,72
2022-09-02T17:00:00-00:00,2022-09-02T17:15:00-00:00,2022-09-02,11,KERCKHOF_7_B1,KERCKHOF_7_B1,KERCKHOF_7_B1,RTPD,MCC,LMP_CONG_PRC,KERCKHOF_7_B1,ALL,1,0,1,72
2022-09-02T18:00:00-00:00,2022-09-02T18:15:00-00:00,2022-09-02,12,KERCKHOF_7_B1,KERCKHOF_7_B1,KERCKHOF_7_B1,RTPD,MCC,LMP_CONG_PRC,KERCKHOF_7_B1,ALL,1,0,1,72
2022-09-02T19:00:00-00:00,2022-09-02T19:15:00-00:00,2022-09-02,13,KERCKHOF_7_B1,KERCKHOF_7_B1,KERCKHOF_7_B1,RTPD,MCC,LMP_CONG_PRC,KERCKHOF_7_B1,ALL,1,0,1,72
2022-09-02T20:00:00-00:00,2022-09-02T20:15:00-00:00,2022-09-02,14,KERCKHOF_7_B1,KERCKHOF_7_B1,KERCKHOF_7_B1,RTPD,MCC,LMP_CONG_PRC,KERCKHOF_7_B1,ALL,1,0,1,72
2022-09-02T21:00:00-00:00,2022-09-02T21:15:00-00:00,2022-09-02,15,KERCKHOF_7_B1,KERCKHOF_7_B1,KERCKHOF_7_B1,RTPD,MCC,LMP_CONG_PRC,KERCKHOF_7_B1,ALL,1,0,1,72
2022-09-02T22:00:00-00:00,2022-09-02T22:15:00-00:00,2022-09-02,16,KERCKHOF_7_B1,KERCKHOF_7_B1,KERCKHOF_7_B1,RTPD,MCC,LMP_CONG_PRC,KERCKHOF_7_B1,ALL,1,0,1,72
2022-09-02T23:00:00-00:00,2022-09-02T23:15:00-00:00,2022-09-02,17,KERCKHOF_7_B1,KERCKHOF_7_B1,KERCKHOF_7_B1,RTPD,MCC,LMP_CONG_PRC,KERCKHOF_7_B1,ALL,1,-7.75751,1,72
2022-09-03T00:00:00-00:00,2022-09-03T00:15:00-00:00,2022-09-02,18,KERCKHOF_7_B1,KERCKHOF_7_B1,KERCKHOF_7_B1,RTPD,MCC,LMP_CONG_PRC,KERCKHOF_7_B1,ALL,1,-129.81262,1,72
2022-09-03T01:00:00-00:00,2022-09-03T01:15:00-00:00,2022-09-02,19,KERCKHOF_7_B1,KERCKHOF_7_B1,KERCKHOF_7_B1,RTPD,MCC,LMP_CONG_PRC,KERCKHOF_7_B1,ALL,1,-35.00004,1,72
2022-09-03T02:00:00-00:00,2022-09-03T02:15:00-00:00,2022-09-02,20,KERCKHOF_7_B1,KERCKHOF_7_B1,KERCKHOF_7_B1,RTPD,MCC,LMP_CONG_PRC,KERCKHOF_7_B1,ALL,1,0,1,72
2022-09-03T03:00:00-00:00,2022-09-03T03:15:00-00:00,2022-09-02,21,KERCKHOF_7_B1,KERCKHOF_7_B1,KERCKHOF_7_B1,RTPD,MCC,LMP_CONG_PRC,KERCKHOF_7_B1,ALL,1,0,1,72
2022-09-03T04:00:00-00:00,2022-09-03T04:15:00-00:00,2022-09-02,22,KERCKHOF_7_B1,KERCKHOF_7_B1,KERCKHOF_7_B1,RTPD,MCC,LMP_CONG_PRC,KERCKHOF_7_B1,ALL,1,-2.11024,1,72
2022-09-03T05:00:00-00:00,2022-09-03T05:15:00-00:00,2022-09-02,23,KERCKHOF_7_B1,KERCKHOF_7_B1,KERCKHOF_7_B1,RTPD,MCC,LMP_CONG_PRC,KERCKHOF_7_B1,ALL,1,-11.48936,1,72
2022-09-03T06:00:00-00:00,2022-09-03T06:15:00-00:00,2022-09-02,24,KERCKHOF_7_B1,KERCKHOF_7_B1,KERCKHOF_7_B1,RTPD,MCC,LMP_CONG_PRC,KERCKHOF_7_B1,ALL,1,443.7561,1,72
2022-09-02T07:15:00-00:00,2022-09-02T07:30:00-00:00,2022-09-02,01,KERCKHOF_7_B1,KERCKHOF_7_B1,KERCKHOF_7_B1,RTPD,MCC,LMP_CONG_PRC,KERCKHOF_7_B1,ALL,1,9.52092,2,72
2022-09-02T08:15:00-00:00,2022-09-02T08:30:00-00:00,2022-09-02,02,KERCKHOF_7_B1,KERCKHOF_7_B1,KERCKHOF_7_B1,RTPD,MCC,LMP_CONG_PRC,KERCKHOF_7_B1,ALL,1,51.08586,2,72
2022-09-02T09:15:00-00:00,2022-09-02T09:30:00-00:00,2022-09-02,03,KERCKHOF_7_B1,KERCKHOF_7_B1,KERCKHOF_7_B1,RTPD,MCC,LMP_CONG_PRC,KERCKHOF_7_B1,ALL,1,23.38219,2,72
2022-09-02T10:15:00-00:00,2022-09-02T10:30:00-00:00,2022-09-02,04,KERCKHOF_7_B1,KERCKHOF_7_B1,KERCKHOF_7_B1,RTPD,MCC,LMP_CONG_PRC,KERCKHOF_7_B1,ALL,1,7.37879,2,72
2022-09-02T11:15:00-00:00,2022-09-02T11:30:00-00:00,2022-09-02,05,KERCKHOF_7_B1,KERCKHOF_7_B1,KERCKHOF_7_B1,RTPD,MCC,LMP_CONG_PRC,KERCKHOF_7_B1,ALL,1,13.8522,2,72
2022-09-02T12:15:00-00:00,2022-09-02T12:30:00-00:00,2022-09-02,06,KERCKHOF_7_B1,KERCKHOF_7_B1,KERCKHOF_7_B1,RTPD,MCC,LMP_CONG_PRC,KERCKHOF_7_B1,ALL,1,34.43716,2,72
2022-09-02T13:15:00-00:00,2022-09-02T13:30:00-00:00,2022-09-02,07,KERCKHOF_7_B1,KERCKHOF_7_B1,KERCKHOF_7_B1,RTPD,MCC,LMP_CONG_PRC,KERCKHOF_7_B1,ALL,1,29.80002,2,72
2022-09-02T14:15:00-00:00,2022-09-02T14:30:00-00:00,2022-09-02,08,KERCKHOF_7_B1,KERCKHOF_7_B1,KERCKHOF_7_B1,RTPD,MCC,LMP_CONG_PRC,KERCKHOF_7_B1,ALL,1,3.6139,2,72
2022-09-02T15:15:00-00:00,2022-09-02T15:30:00-00:00,2022-09-02,09,KERCKHOF_7_B1,KERCKHOF_7_B1,KERCKHOF_7_B1,RTPD,MCC,LMP_CONG_PRC,KERCKHOF_7_B1,ALL,1,45.64772,2,72
2022-09-02T16:15:00-00:00,2022-09-02T16:30:00-00:00,2022-09-02,10,KERCKHOF_7_B1,KERCKHOF_7_B1,KERCKHOF_7_B1,RTPD,MCC,LMP_CONG_PRC,KERCKHOF_7_B1,ALL,1,37.55915,2,72
2022-09-02T17:15:00-00:00,2022-09-02T17:30:00-00:00,2022-09-02,11,KERCKHOF_7_B1,KERCKHOF_7_B1,KERCKHOF_7_B1,RTPD,MCC,LMP_CONG_PRC,KERCKHOF_7_B1,ALL,1,0,2,72
2022-09-02T18:15:00-00:00,2022-09-02T18:30:00-00:00,2022-09-02,12,KERCKHOF_7_B1,KERCKHOF_7_B1,KERCKHOF_7_B1,RTPD,MCC,LMP_CONG_PRC,KERCKHOF_7_B1,ALL,1,0,2,72
2022-09-02T19:15:00-00:00,2022-09-02T19:30:00-00:00,2022-09-02,13,KERCKHOF_7_B1,KERCKHOF_7_B1,KERCKHOF_7_B1,RTPD,MCC,LMP_CONG_PRC,KERCKHOF_7_B1,ALL,1,0,2,72
2022-09-02T20:15:00-00:00,2022-09-02T20:30:00-00:00,2022-09-02,14,KERCKHOF_7_B1,KERCKHOF_7_B1,KERCKHOF_7_B1,RTPD,MCC,LMP_CONG_PRC,KERCKHOF_7_B1,ALL,1,-0.00161,2,72
2022-09-02T21:15:00-00:00,2022-09-02T21:30:00-00:00,2022-09-02,15,KERCKHOF_7_B1,KERCKHOF_7_B1,KERCKHOF_7_B1,RTPD,MCC,LMP_CONG_PRC,KERCKHOF_7_B1,ALL,1,0,2,72
2022-09-02T22:15:00-00:00,2022-09-02T22:30:00-00:00,2022-09-02,16,KERCKHOF_7_B1,KERCKHOF_7_B1,KERCKHOF_7_B1,RTPD,MCC,LMP_CONG_PRC,KERCKHOF_7_B1,ALL,1,-0.23073,2,72
2022-09-02T23:15:00-00:00,2022-09-02T23:30:00-00:00,2022-09-02,17,KERCKHOF_7_B1,KERCKHOF_7_B1,KERCKHOF_7_B1,RTPD,MCC,LMP_CONG_PRC,KERCKHOF_7_B1,ALL,1,-14.76006,2,72
2022-09-03T00:15:00-00:00,2022-09-03T00:30:00-00:00,2022-09-02,18,KERCKHOF_7_B1,KERCKHOF_7_B1,KERCKHOF_7_B1,RTPD,MCC,LMP_CONG_PRC,KERCKHOF_7_B1,ALL,1,-38.82696,2,72
2022-09-03T01:15:00-00:00,2022-09-03T01:30:00-00:00,2022-09-02,19,KERCKHOF_7_B1,KERCKHOF_7_B1,KERCKHOF_7_B1,RTPD,MCC,LMP_CONG_PRC,KERCKHOF_7_B1,ALL,1,-77.33151,2,72
2022-09-03T02:15:00-00:00,2022-09-03T02:30:00-00:00,2022-09-02,20,KERCKHOF_7_B1,KERCKHOF_7_B1,KERCKHOF_7_B1,RTPD,MCC,LMP_CONG_PRC,KERCKHOF_7_B1,ALL,1,0,2,72
2022-09-03T03:15:00-00:00,2022-09-03T03:30:00-00:00,2022-09-02,21,KERCKHOF_7_B1,KERCKHOF_7_B1,KERCKHOF_7_B1,RTPD,MCC,LMP_CONG_PRC,KERCKHOF_7_B1,ALL,1,0,2,72
2022-09-03T04:15:00-00:00,2022-09-03T04:30:00-00:00,2022-09-02,22,KERCKHOF_7_B1,KERCKHOF_7_B1,KERCKHOF_7_B1,RTPD,MCC,LMP_CONG_PRC,KERCKHOF_7_B1,ALL,1,87.10829,2,72
2022-09-03T05:15:00-00:00,2022-09-03T05:30:00-00:00,2022-09-02,23,KERCKHOF_7_B1,KERCKHOF_7_B1,KERCKHOF_7_B1,RTPD,MCC,LMP_CONG_PRC,KERCKHOF_7_B1,ALL,1,-22.6595,2,72
2022-09-03T06:15:00-00:00,2022-09-03T06:30:00-00:00,2022-09-02,24,KERCKHOF_7_B1,KERCKHOF_7_B1,KERCKHOF_7_B1,RTPD,MCC,LMP_CONG_PRC,KERCKHOF_7_B1,ALL,1,-14.43586,2,72
2022-09-02T07:30:00-00:00,2022-09-02T07:45:00-00:00,2022-09-02,01,KERCKHOF_7_B1,KERCKHOF_7_B1,KERCKHOF_7_B1,RTPD,MCC,LMP_CONG_PRC,KERCKHOF_7_B1,ALL,1,10.99083,3,72
2022-09-02T08:30:00-00:00,2022-09-02T08:45:00-00:00,2022-09-02,02,KERCKHOF_7_B1,KERCKHOF_7_B1,KERCKHOF_7_B1,RTPD,MCC,LMP_CONG_PRC,KERCKHOF_7_B1,ALL,1,10.45484,3,72
2022-09-02T09:30:00-00:00,2022-09-02T09:45:00-00:00,2022-09-02,03,KERCKHOF_7_B1,KERCKHOF_7_B1,KERCKHOF_7_B1,RTPD,MCC,LMP_CONG_PRC,KERCKHOF_7_B1,ALL,1,23.73939,3,72
2022-09-02T10:30:00-00:00,2022-09-02T10:45:00-00:00,2022-09-02,04,KERCKHOF_7_B1,KERCKHOF_7_B1,KERCKHOF_7_B1,RTPD,MCC,LMP_CONG_PRC,KERCKHOF_7_B1,ALL,1,17.24627,3,72
2022-09-02T11:30:00-00:00,2022-09-02T11:45:00-00:00,2022-09-02,05,KERCKHOF_7_B1,KERCKHOF_7_B1,KERCKHOF_7_B1,RTPD,MCC,LMP_CONG_PRC,KERCKHOF_7_B1,ALL,1,8.55179,3,72
2022-09-02T12:30:00-00:00,2022-09-02T12:45:00-00:00,2022-09-02,06,KERCKHOF_7_B1,KERCKHOF_7_B1,KERCKHOF_7_B1,RTPD,MCC,LMP_CONG_PRC,KERCKHOF_7_B1,ALL,1,26.91016,3,72
2022-09-02T13:30:00-00:00,2022-09-02T13:45:00-00:00,2022-09-02,07,KERCKHOF_7_B1,KERCKHOF_7_B1,KERCKHOF_7_B1,RTPD,MCC,LMP_CONG_PRC,KERCKHOF_7_B1,ALL,1,4.95648,3,72
2022-09-02T14:30:00-00:00,2022-09-02T14:45:00-00:00,2022-09-02,08,KERCKHOF_7_B1,KERCKHOF_7_B1,KERCKHOF_7_B1,RTPD,MCC,LMP_CONG_PRC,KERCKHOF_7_B1,ALL,1,3.10097,3,72
2022-09-02T15:30:00-00:00,2022-09-02T15:45:00-00:00,2022-09-02,09,KERCKHOF_7_B1,KERCKHOF_7_B1,KERCKHOF_7_B1,RTPD,MCC,LMP_CONG_PRC,KERCKHOF_7_B1,ALL,1,48.4653,3,72
2022-09-02T16:30:00-00:00,2022-09-02T16:45:00-00:00,2022-09-02,10,KERCKHOF_7_B1,KERCKHOF_7_B1,KERCKHOF_7_B1,RTPD,MCC,LMP_CONG_PRC,KERCKHOF_7_B1,ALL,1,40.621,3,72
2022-09-02T17:30:00-00:00,2022-09-02T17:45:00-00:00,2022-09-02,11,KERCKHOF_7_B1,KERCKHOF_7_B1,KERCKHOF_7_B1,RTPD,MCC,LMP_CONG_PRC,KERCKHOF_7_B1,ALL,1,0,3,72
2022-09-02T18:30:00-00:00,2022-09-02T18:45:00-00:00,2022-09-02,12,KERCKHOF_7_B1,KERCKHOF_7_B1,KERCKHOF_7_B1,RTPD,MCC,LMP_CONG_PRC,KERCKHOF_7_B1,ALL,1,0,3,72
2022-09-02T19:30:00-00:00,2022-09-02T19:45:00-00:00,2022-09-02,13,KERCKHOF_7_B1,KERCKHOF_7_B1,KERCKHOF_7_B1,RTPD,MCC,LMP_CONG_PRC,KERCKHOF_7_B1,ALL,1,0,3,72
2022-09-02T20:30:00-00:00,2022-09-02T20:45:00-00:00,2022-09-02,14,KERCKHOF_7_B1,KERCKHOF_7_B1,KERCKHOF_7_B1,RTPD,MCC,LMP_CONG_PRC,KERCKHOF_7_B1,ALL,1,0,3,72
2022-09-02T21:30:00-00:00,2022-09-02T21:45:00-00:00,2022-09-02,15,KERCKHOF_7_B1,KERCKHOF_7_B1,KERCKHOF_7_B1,RTPD,MCC,LMP_CONG_PRC,KERCKHOF_7_B1,ALL,1,0,3,72
2022-09-02T22:30:00-00:00,2022-09-02T22:45:00-00:00,2022-09-02,16,KERCKHOF_7_B1,KERCKHOF_7_B1,KERCKHOF_7_B1,RTPD,MCC,LMP_CONG_PRC,KERCKHOF_7_B1,ALL,1,0,3,72
2022-09-02T23:30:00-00:00,2022-09-02T23:45:00-00:00,2022-09-02,17,KERCKHOF_7_B1,KERCKHOF_7_B1,KERCKHOF_7_B1,RTPD,MCC,LMP_CONG_PRC,KERCKHOF_7_B1,ALL,1,-7.40335,3,72
2022-09-03T00:30:00-00:00,2022-09-03T00:45:00-00:00,2022-09-02,18,KERCKHOF_7_B1,KERCKHOF_7_B1,KERCKHOF_7_B1,RTPD,MCC,LMP_CONG_PRC,KERCKHOF_7_B1,ALL,1,-85.67541,3,72
2022-09-03T01:30:00-00:00,2022-09-03T01:45:00-00:00,2022-09-02,19,KERCKHOF_7_B1,KERCKHOF_7_B1,KERCKHOF_7_B1,RTPD,MCC,LMP_CONG_PRC,KERCKHOF_7_B1,ALL,1,-31.39397,3,72
2022-09-03T02:30:00-00:00,2022-09-03T02:45:00-00:00,2022-09-02,20,KERCKHOF_7_B1,KERCKHOF_7_B1,KERCKHOF_7_B1,RTPD,MCC,LMP_CONG_PRC,KERCKHOF_7_B1,ALL,1,0.95097,3,72
2022-09-03T03:30:00-00:00,2022-09-03T03:45:00-00:00,2022-09-02,21,KERCKHOF_7_B1,KERCKHOF_7_B1,KERCKHOF_7_B1,RTPD,MCC,LMP_CONG_PRC,KERCKHOF_7_B1,ALL,1,0,3,72
2022-09-03T04:30:00-00:00,2022-09-03T04:45:00-00:00,2022-09-02,22,KERCKHOF_7_B1,KERCKHOF_7_B1,KERCKHOF_7_B1,RTPD,MCC,LMP_CONG_PRC,KERCKHOF_7_B1,ALL,1,-9.9794,3,72
2022-09-03T05:30:00-00:00,2022-09-03T05:45:00-00:00,2022-09-02,23,KERCKHOF_7_B1,KERCKHOF_7_B1,KERCKHOF_7_B1,RTPD,MCC,LMP_CONG_PRC,KERCKHOF_7_B1,ALL,1,-25.28721,3,72
2022-09-03T06:30:00-00:00,2022-09-03T06:45:00-00:00,2022-09-02,24,KERCKHOF_7_B1,KERCKHOF_7_B1,KERCKHOF_7_B1,RTPD,MCC,LMP_CONG_PRC,KERCKHOF_7_B1,ALL,1,-35.16917,3,72
2022-09-02T07:45:00-00:00,2022-09-02T08:00:00-00:00,2022-09-02,01,KERCKHOF_7_B1,KERCKHOF_7_B1,KERCKHOF_7_B1,RTPD,MCC,LMP_CONG_PRC,KERCKHOF_7_B1,ALL,1,8.0396,4,72
2022-09-02T08:45:00-00:00,2022-09-02T09:00:00-00:00,2022-09-02,02,KERCKHOF_7_B1,KERCKHOF_7_B1,KERCKHOF_7_B1,RTPD,MCC,LMP_CONG_PRC,KERCKHOF_7_B1,ALL,1,8.18272,4,72
2022-09-02T09:45:00-00:00,2022-09-02T10:00:00-00:00,2022-09-02,03,KERCKHOF_7_B1,KERCKHOF_7_B1,KERCKHOF_7_B1,RTPD,MCC,LMP_CONG_PRC,KERCKHOF_7_B1,ALL,1,10.2101,4,72
2022-09-02T10:45:00-00:00,2022-09-02T11:00:00-00:00,2022-09-02,04,KERCKHOF_7_B1,KERCKHOF_7_B1,KERCKHOF_7_B1,RTPD,MCC,LMP_CONG_PRC,KERCKHOF_7_B1,ALL,1,3.81487,4,72
2022-09-02T11:45:00-00:00,2022-09-02T12:00:00-00:00,2022-09-02,05,KERCKHOF_7_B1,KERCKHOF_7_B1,KERCKHOF_7_B1,RTPD,MCC,LMP_CONG_PRC,KERCKHOF_7_B1,ALL,1,38.8092,4,72
2022-09-02T12:45:00-00:00,2022-09-02T13:00:00-00:00,2022-09-02,06,KERCKHOF_7_B1,KERCKHOF_7_B1,KERCKHOF_7_B1,RTPD,MCC,LMP_CONG_PRC,KERCKHOF_7_B1,ALL,1,37.07418,4,72
2022-09-02T13:45:00-00:00,2022-09-02T14:00:00-00:00,2022-09-02,07,KERCKHOF_7_B1,KERCKHOF_7_B1,KERCKHOF_7_B1,RTPD,MCC,LMP_CONG_PRC,KERCKHOF_7_B1,ALL,1,5.14877,4,72
2022-09-02T14:45:00-00:00,2022-09-02T15:00:00-00:00,2022-09-02,08,KERCKHOF_7_B1,KERCKHOF_7_B1,KERCKHOF_7_B1,RTPD,MCC,LMP_CONG_PRC,KERCKHOF_7_B1,ALL,1,3.73398,4,72
2022-09-02T15:45:00-00:00,2022-09-02T16:00:00-00:00,2022-09-02,09,KERCKHOF_7_B1,KERCKHOF_7_B1,KERCKHOF_7_B1,RTPD,MCC,LMP_CONG_PRC,KERCKHOF_7_B1,ALL,1,37.92319,4,72
2022-09-02T16:45:00-00:00,2022-09-02T17:00:00-00:00,2022-09-02,10,KERCKHOF_7_B1,KERCKHOF_7_B1,KERCKHOF_7_B1,RTPD,MCC,LMP_CONG_PRC,KERCKHOF_7_B1,ALL,1,42.14641,4,72
2022-09-02T17:45:00-00:00,2022-09-02T18:00:00-00:00,2022-09-02,11,KERCKHOF_7_B1,KERCKHOF_7_B1,KERCKHOF_7_B1,RTPD,MCC,LMP_CONG_PRC,KERCKHOF_7_B1,ALL,1,0,4,72
2022-09-02T18:45:00-00:00,2022-09-02T19:00:00-00:00,2022-09-02,12,KERCKHOF_7_B1,KERCKHOF_7_B1,KERCKHOF_7_B1,RTPD,MCC,LMP_CONG_PRC,KERCKHOF_7_B1,ALL,1,0,4,72
2022-09-02T19:45:00-00:00,2022-09-02T20:00:00-00:00,2022-09-02,13,KERCKHOF_7_B1,KERCKHOF_7_B1,KERCKHOF_7_B1,RTPD,MCC,LMP_CONG_PRC,KERCKHOF_7_B1,ALL,1,0,4,72
2022-09-02T20:45:00-00:00,2022-09-02T21:00:00-00:00,2022-09-02,14,KERCKHOF_7_B1,KERCKHOF_7_B1,KERCKHOF_7_B1,RTPD,MCC,LMP_CONG_PRC,KERCKHOF_7_B1,ALL,1,0,4,72
2022-09-02T21:45:00-00:00,2022-09-02T22:00:00-00:00,2022-09-02,15,KERCKHOF_7_B1,KERCKHOF_7_B1,KERCKHOF_7_B1,RTPD,MCC,LMP_CONG_PRC,KERCKHOF_7_B1,ALL,1,0,4,72
2022-09-02T22:45:00-00:00,2022-09-02T23:00:00-00:00,2022-09-02,16,KERCKHOF_7_B1,KERCKHOF_7_B1,KERCKHOF_7_B1,RTPD,MCC,LMP_CONG_PRC,KERCKHOF_7_B1,ALL,1,-21.87896,4,72
2022-09-02T23:45:00-00:00,2022-09-03T00:00:00-00:00,2022-09-02,17,KERCKHOF_7_B1,KERCKHOF_7_B1,KERCKHOF_7_B1,RTPD,MCC,LMP_CONG_PRC,KERCKHOF_7_B1,ALL,1,-34.03085,4,72
2022-09-03T00:45:00-00:00,2022-09-03T01:00:00-00:00,2022-09-02,18,KERCKHOF_7_B1,KERCKHOF_7_B1,KERCKHOF_7_B1,RTPD,MCC,LMP_CONG_PRC,KERCKHOF_7_B1,ALL,1,-10.24687,4,72
2022-09-03T01:45:00-00:00,2022-09-03T02:00:00-00:00,2022-09-02,19,KERCKHOF_7_B1,KERCKHOF_7_B1,KERCKHOF_7_B1,RTPD,MCC,LMP_CONG_PRC,KERCKHOF_7_B1,ALL,1,-5.07241,4,72
2022-09-03T02:45:00-00:00,2022-09-03T03:00:00-00:00,2022-09-02,20,KERCKHOF_7_B1,KERCKHOF_7_B1,KERCKHOF_7_B1,RTPD,MCC,LMP_CONG_PRC,KERCKHOF_7_B1,ALL,1,11.8031,4,72
2022-09-03T03:45:00-00:00,2022-09-03T04:00:00-00:00,2022-09-02,21,KERCKHOF_7_B1,KERCKHOF_7_B1,KERCKHOF_7_B1,RTPD,MCC,LMP_CONG_PRC,KERCKHOF_7_B1,ALL,1,0,4,72
2022-09-03T04:45:00-00:00,2022-09-03T05:00:00-00:00,2022-09-02,22,KERCKHOF_7_B1,KERCKHOF_7_B1,KERCKHOF_7_B1,RTPD,MCC,LMP_CONG_PRC,KERCKHOF_7_B1,ALL,1,-2.75247,4,72
2022-09-03T05:45:00-00:00,2022-09-03T06:00:00-00:00,2022-09-02,23,KERCKHOF_7_B1,KERCKHOF_7_B1,KERCKHOF_7_B1,RTPD,MCC,LMP_CONG_PRC,KERCKHOF_7_B1,ALL,1,-3.36704,4,72
2022-09-03T06:45:00-00:00,2022-09-03T07:00:00-00:00,2022-09-02,24,KERCKHOF_7_B1,KERCKHOF_7_B1,KERCKHOF_7_B1,RTPD,MCC,LMP_CONG_PRC,KERCKHOF_7_B1,ALL,1,-18.51486,4,72
2022-09-02T07:00:00-00:00,2022-09-02T07:15:00-00:00,2022-09-02,01,KERCKHOF_7_B1,KERCKHOF_7_B1,KERCKHOF_7_B1,RTPD,MCE,LMP_ENE_PRC,KERCKHOF_7_B1,ALL,1,128.45242,1,73
2022-09-02T08:00:00-00:00,2022-09-02T08:15:00-00:00,2022-09-02,02,KERCKHOF_7_B1,KERCKHOF_7_B1,KERCKHOF_7_B1,RTPD,MCE,LMP_ENE_PRC,KERCKHOF_7_B1,ALL,1,119.60895,1,73
2022-09-02T09:00:00-00:00,2022-09-02T09:15:00-00:00,2022-09-02,03,KERCKHOF_7_B1,KERCKHOF_7_B1,KERCKHOF_7_B1,RTPD,MCE,LMP_ENE_PRC,KERCKHOF_7_B1,ALL,1,114.19063,1,73
2022-09-02T10:00:00-00:00,2022-09-02T10:15:00-00:00,2022-09-02,04,KERCKHOF_7_B1,KERCKHOF_7_B1,KERCKHOF_7_B1,RTPD,MCE,LMP_ENE_PRC,KERCKHOF_7_B1,ALL,1,103.99956,1,73
2022-09-02T11:00:00-00:00,2022-09-02T11:15:00-00:00,2022-09-02,05,KERCKHOF_7_B1,KERCKHOF_7_B1,KERCKHOF_7_B1,RTPD,MCE,LMP_ENE_PRC,KERCKHOF_7_B1,ALL,1,99.79609,1,73
2022-09-02T12:00:00-00:00,2022-09-02T12:15:00-00:00,2022-09-02,06,KERCKHOF_7_B1,KERCKHOF_7_B1,KERCKHOF_7_B1,RTPD,MCE,LMP_ENE_PRC,KERCKHOF_7_B1,ALL,1,103.63711,1,73
2022-09-02T13:00:00-00:00,2022-09-02T13:15:00-00:00,2022-09-02,07,KERCKHOF_7_B1,KERCKHOF_7_B1,KERCKHOF_7_B1,RTPD,MCE,LMP_ENE_PRC,KERCKHOF_7_B1,ALL,1,105.96778,1,73
2022-09-02T14:00:00-00:00,2022-09-02T14:15:00-00:00,2022-09-02,08,KERCKHOF_7_B1,KERCKHOF_7_B1,KERCKHOF_7_B1,RTPD,MCE,LMP_ENE_PRC,KERCKHOF_7_B1,ALL,1,113.93965,1,73
2022-09-02T15:00:00-00:00,2022-09-02T15:15:00-00:00,2022-09-02,09,KERCKHOF_7_B1,KERCKHOF_7_B1,KERCKHOF_7_B1,RTPD,MCE,LMP_ENE_PRC,KERCKHOF_7_B1,ALL,1,87.89648,1,73
2022-09-02T16:00:00-00:00,2022-09-02T16:15:00-00:00,2022-09-02,10,KERCKHOF_7_B1,KERCKHOF_7_B1,KERCKHOF_7_B1,RTPD,MCE,LMP_ENE_PRC,KERCKHOF_7_B1,ALL,1,86.73757,1,73
2022-09-02T17:00:00-00:00,2022-09-02T17:15:00-00:00,2022-09-02,11,KERCKHOF_7_B1,KERCKHOF_7_B1,KERCKHOF_7_B1,RTPD,MCE,LMP_ENE_PRC,KERCKHOF_7_B1,ALL,1,93.53587,1,73
2022-09-02T18:00:00-00:00,2022-09-02T18:15:00-00:00,2022-09-02,12,KERCKHOF_7_B1,KERCKHOF_7_B1,KERCKHOF_7_B1,RTPD,MCE,LMP_ENE_PRC,KERCKHOF_7_B1,ALL,1,104.54111,1,73
2022-09-02T19:00:00-00:00,2022-09-02T19:15:00-00:00,2022-09-02,13,KERCKHOF_7_B1,KERCKHOF_7_B1,KERCKHOF_7_B1,RTPD,MCE,LMP_ENE_PRC,KERCKHOF_7_B1,ALL,1,107.01684,1,73
2022-09-02T20:00:00-00:00,2022-09-02T20:15:00-00:00,2022-09-02,14,KERCKHOF_7_B1,KERCKHOF_7_B1,KERCKHOF_7_B1,RTPD,MCE,LMP_ENE_PRC,KERCKHOF_7_B1,ALL,1,113.37494,1,73
2022-09-02T21:00:00-00:00,2022-09-02T21:15:00-00:00,2022-09-02,15,KERCKHOF_7_B1,KERCKHOF_7_B1,KERCKHOF_7_B1,RTPD,MCE,LMP_ENE_PRC,KERCKHOF_7_B1,ALL,1,125.15005,1,73
2022-09-02T22:00:00-00:00,2022-09-02T22:15:00-00:00,2022-09-02,16,KERCKHOF_7_B1,KERCKHOF_7_B1,KERCKHOF_7_B1,RTPD,MCE,LMP_ENE_PRC,KERCKHOF_7_B1,ALL,1,146.08907,1,73
2022-09-02T23:00:00-00:00,2022-09-02T23:15:00-00:00,2022-09-02,17,KERCKHOF_7_B1,KERCKHOF_7_B1,KERCKHOF_7_B1,RTPD,MCE,LMP_ENE_PRC,KERCKHOF_7_B1,ALL,1,138.68256,1,73
2022-09-03T00:00:00-00:00,2022-09-03T00:15:00-00:00,2022-09-02,18,KERCKHOF_7_B1,KERCKHOF_7_B1,KERCKHOF_7_B1,RTPD,MCE,LMP_ENE_PRC,KERCKHOF_7_B1,ALL,1,229.3306,1,73
2022-09-03T01:00:00-00:00,2022-09-03T01:15:00-00:00,2022-09-02,19,KERCKHOF_7_B1,KERCKHOF_7_B1,KERCKHOF_7_B1,RTPD,MCE,LMP_ENE_PRC,KERCKHOF_7_B1,ALL,1,152.69885,1,73
2022-09-03T02:00:00-00:00,2022-09-03T02:15:00-00:00,2022-09-02,20,KERCKHOF_7_B1,KERCKHOF_7_B1,KERCKHOF_7_B1,RTPD,MCE,LMP_ENE_PRC,KERCKHOF_7_B1,ALL,1,204.37767,1,73
2022-09-03T03:00:00-00:00,2022-09-03T03:15:00-00:00,2022-09-02,21,KERCKHOF_7_B1,KERCKHOF_7_B1,KERCKHOF_7_B1,RTPD,MCE,LMP_ENE_PRC,KERCKHOF_7_B1,ALL,1,136.90031,1,73
2022-09-03T04:00:00-00:00,2022-09-03T04:15:00-00:00,2022-09-02,22,KERCKHOF_7_B1,KERCKHOF_7_B1,KERCKHOF_7_B1,RTPD,MCE,LMP_ENE_PRC,KERCKHOF_7_B1,ALL,1,155.88805,1,73
2022-09-03T05:00:00-00:00,2022-09-03T05:15:00-00:00,2022-09-02,23,KERCKHOF_7_B1,KERCKHOF_7_B1,KERCKHOF_7_B1,RTPD,MCE,LMP_ENE_PRC,KERCKHOF_7_B1,ALL,1,142.06982,1,73
2022-09-03T06:00:00-00:00,2022-09-03T06:15:00-00:00,2022-09-02,24,KERCKHOF_7_B1,KERCKHOF_7_B1,KERCKHOF_7_B1,RTPD,MCE,LMP_ENE_PRC,KERCKHOF_7_B1,ALL,1,141.54752,1,73
2022-09-02T07:15:00-00:00,2022-09-02T07:30:00-00:00,2022-09-02,01,KERCKHOF_7_B1,KERCKHOF_7_B1,KERCKHOF_7_B1,RTPD,MCE,LMP_ENE_PRC,KERCKHOF_7_B1,ALL,1,120.94146,2,73
2022-09-02T08:15:00-00:00,2022-09-02T08:30:00-00:00,2022-09-02,02,KERCKHOF_7_B1,KERCKHOF_7_B1,KERCKHOF_7_B1,RTPD,MCE,LMP_ENE_PRC,KERCKHOF_7_B1,ALL,1,113.81733,2,73
2022-09-02T09:15:00-00:00,2022-09-02T09:30:00-00:00,2022-09-02,03,KERCKHOF_7_B1,KERCKHOF_7_B1,KERCKHOF_7_B1,RTPD,MCE,LMP_ENE_PRC,KERCKHOF_7_B1,ALL,1,110.97779,2,73
2022-09-02T10:15:00-00:00,2022-09-02T10:30:00-00:00,2022-09-02,04,KERCKHOF_7_B1,KERCKHOF_7_B1,KERCKHOF_7_B1,RTPD,MCE,LMP_ENE_PRC,KERCKHOF_7_B1,ALL,1,103.79594,2,73
2022-09-02T11:15:00-00:00,2022-09-02T11:30:00-00:00,2022-09-02,05,KERCKHOF_7_B1,KERCKHOF_7_B1,KERCKHOF_7_B1,RTPD,MCE,LMP_ENE_PRC,KERCKHOF_7_B1,ALL,1,97.78757,2,73
2022-09-02T12:15:00-00:00,2022-09-02T12:30:00-00:00,2022-09-02,06,KERCKHOF_7_B1,KERCKHOF_7_B1,KERCKHOF_7_B1,RTPD,MCE,LMP_ENE_PRC,KERCKHOF_7_B1,ALL,1,103.09286,2,73
2022-09-02T13:15:00-00:00,2022-09-02T13:30:00-00:00,2022-09-02,07,KERCKHOF_7_B1,KERCKHOF_7_B1,KERCKHOF_7_B1,RTPD,MCE,LMP_ENE_PRC,KERCKHOF_7_B1,ALL,1,107.56083,2,73
2022-09-02T14:15:00-00:00,2022-09-02T14:30:00-00:00,2022-09-02,08,KERCKHOF_7_B1,KERCKHOF_7_B1,KERCKHOF_7_B1,RTPD,MCE,LMP_ENE_PRC,KERCKHOF_7_B1,ALL,1,106.05854,2,73
2022-09-02T15:15:00-00:00,2022-09-02T15:30:00-00:00,2022-09-02,09,KERCKHOF_7_B1,KERCKHOF_7_B1,KERCKHOF_7_B1,RTPD,MCE,LMP_ENE_PRC,KERCKHOF_7_B1,ALL,1,82.25366,2,73
2022-09-02T16:15:00-00:00,2022-09-02T16:30:00-00:00,2022-09-02,10,KERCKHOF_7_B1,KERCKHOF_7_B1,KERCKHOF_7_B1,RTPD,MCE,LMP_ENE_PRC,KERCKHOF_7_B1,ALL,1,90.79105,2,73
2022-09-02T17:15:00-00:00,2022-09-02T17:30:00-00:00,2022-09-02,11,KERCKHOF_7_B1,KERCKHOF_7_B1,KERCKHOF_7_B1,RTPD,MCE,LMP_ENE_PRC,KERCKHOF_7_B1,ALL,1,102.26623,2,73
2022-09-02T18:15:00-00:00,2022-09-02T18:30:00-00:00,2022-09-02,12,KERCKHOF_7_B1,KERCKHOF_7_B1,KERCKHOF_7_B1,RTPD,MCE,LMP_ENE_PRC,KERCKHOF_7_B1,ALL,1,109.04294,2,73
2022-09-02T19:15:00-00:00,2022-09-02T19:30:00-00:00,2022-09-02,13,KERCKHOF_7_B1,KERCKHOF_7_B1,KERCKHOF_7_B1,RTPD,MCE,LMP_ENE_PRC,KERCKHOF_7_B1,ALL,1,112.13756,2,73
2022-09-02T20:15:00-00:00,2022-09-02T20:30:00-00:00,2022-09-02,14,KERCKHOF_7_B1,KERCKHOF_7_B1,KERCKHOF_7_B1,RTPD,MCE,LMP_ENE_PRC,KERCKHOF_7_B1,ALL,1,116.37216,2,73
2022-09-02T21:15:00-00:00,2022-09-02T21:30:00-00:00,2022-09-02,15,KERCKHOF_7_B1,KERCKHOF_7_B1,KERCKHOF_7_B1,RTPD,MCE,LMP_ENE_PRC,KERCKHOF_7_B1,ALL,1,126.49216,2,73
2022-09-02T22:15:00-00:00,2022-09-02T22:30:00-00:00,2022-09-02,16,KERCKHOF_7_B1,KERCKHOF_7_B1,KERCKHOF_7_B1,RTPD,MCE,LMP_ENE_PRC,KERCKHOF_7_B1,ALL,1,159.30594,2,73
2022-09-02T23:15:00-00:00,2022-09-02T23:30:00-00:00,2022-09-02,17,KERCKHOF_7_B1,KERCKHOF_7_B1,KERCKHOF_7_B1,RTPD,MCE,LMP_ENE_PRC,KERCKHOF_7_B1,ALL,1,147.82425,2,73
2022-09-03T00:15:00-00:00,2022-09-03T00:30:00-00:00,2022-09-02,18,KERCKHOF_7_B1,KERCKHOF_7_B1,KERCKHOF_7_B1,RTPD,MCE,LMP_ENE_PRC,KERCKHOF_7_B1,ALL,1,158.74521,2,73
2022-09-03T01:15:00-00:00,2022-09-03T01:30:00-00:00,2022-09-02,19,KERCKHOF_7_B1,KERCKHOF_7_B1,KERCKHOF_7_B1,RTPD,MCE,LMP_ENE_PRC,KERCKHOF_7_B1,ALL,1,217.12807,2,73
2022-09-03T02:15:00-00:00,2022-09-03T02:30:00-00:00,2022-09-02,20,KERCKHOF_7_B1,KERCKHOF_7_B1,KERCKHOF_7_B1,RTPD,MCE,LMP_ENE_PRC,KERCKHOF_7_B1,ALL,1,199.75978,2,73
2022-09-03T03:15:00-00:00,2022-09-03T03:30:00-00:00,2022-09-02,21,KERCKHOF_7_B1,KERCKHOF_7_B1,KERCKHOF_7_B1,RTPD,MCE,LMP_ENE_PRC,KERCKHOF_7_B1,ALL,1,135.58563,2,73
2022-09-03T04:15:00-00:00,2022-09-03T04:30:00-00:00,2022-09-02,22,KERCKHOF_7_B1,KERCKHOF_7_B1,KERCKHOF_7_B1,RTPD,MCE,LMP_ENE_PRC,KERCKHOF_7_B1,ALL,1,141.76537,2,73
2022-09-03T05:15:00-00:00,2022-09-03T05:30:00-00:00,2022-09-02,23,KERCKHOF_7_B1,KERCKHOF_7_B1,KERCKHOF_7_B1,RTPD,MCE,LMP_ENE_PRC,KERCKHOF_7_B1,ALL,1,133.20816,2,73
2022-09-03T06:15:00-00:00,2022-09-03T06:30:00-00:00,2022-09-02,24,KERCKHOF_7_B1,KERCKHOF_7_B1,KERCKHOF_7_B1,RTPD,MCE,LMP_ENE_PRC,KERCKHOF_7_B1,ALL,1,117.98942,2,73
2022-09-02T07:30:00-00:00,2022-09-02T07:45:00-00:00,2022-09-02,01,KERCKHOF_7_B1,KERCKHOF_7_B1,KERCKHOF_7_B1,RTPD,MCE,LMP_ENE_PRC,KERCKHOF_7_B1,ALL,1,122.04731,3,73
2022-09-02T08:30:00-00:00,2022-09-02T08:45:00-00:00,2022-09-02,02,KERCKHOF_7_B1,KERCKHOF_7_B1,KERCKHOF_7_B1,RTPD,MCE,LMP_ENE_PRC,KERCKHOF_7_B1,ALL,1,110.76908,3,73
2022-09-02T09:30:00-00:00,2022-09-02T09:45:00-00:00,2022-09-02,03,KERCKHOF_7_B1,KERCKHOF_7_B1,KERCKHOF_7_B1,RTPD,MCE,LMP_ENE_PRC,KERCKHOF_7_B1,ALL,1,104.32659,3,73
2022-09-02T10:30:00-00:00,2022-09-02T10:45:00-00:00,2022-09-02,04,KERCKHOF_7_B1,KERCKHOF_7_B1,KERCKHOF_7_B1,RTPD,MCE,LMP_ENE_PRC,KERCKHOF_7_B1,ALL,1,100.57354,3,73
2022-09-02T11:30:00-00:00,2022-09-02T11:45:00-00:00,2022-09-02,05,KERCKHOF_7_B1,KERCKHOF_7_B1,KERCKHOF_7_B1,RTPD,MCE,LMP_ENE_PRC,KERCKHOF_7_B1,ALL,1,99.75045,3,73
2022-09-02T12:30:00-00:00,2022-09-02T12:45:00-00:00,2022-09-02,06,KERCKHOF_7_B1,KERCKHOF_7_B1,KERCKHOF_7_B1,RTPD,MCE,LMP_ENE_PRC,KERCKHOF_7_B1,ALL,1,109.42995,3,73
2022-09-02T13:30:00-00:00,2022-09-02T13:45:00-00:00,2022-09-02,07,KERCKHOF_7_B1,KERCKHOF_7_B1,KERCKHOF_7_B1,RTPD,MCE,LMP_ENE_PRC,KERCKHOF_7_B1,ALL,1,111.49249,3,73
2022-09-02T14:30:00-00:00,2022-09-02T14:45:00-00:00,2022-09-02,08,KERCKHOF_7_B1,KERCKHOF_7_B1,KERCKHOF_7_B1,RTPD,MCE,LMP_ENE_PRC,KERCKHOF_7_B1,ALL,1,96.69992,3,73
2022-09-02T15:30:00-00:00,2022-09-02T15:45:00-00:00,2022-09-02,09,KERCKHOF_7_B1,KERCKHOF_7_B1,KERCKHOF_7_B1,RTPD,MCE,LMP_ENE_PRC,KERCKHOF_7_B1,ALL,1,81.36,3,73
2022-09-02T16:30:00-00:00,2022-09-02T16:45:00-00:00,2022-09-02,10,KERCKHOF_7_B1,KERCKHOF_7_B1,KERCKHOF_7_B1,RTPD,MCE,LMP_ENE_PRC,KERCKHOF_7_B1,ALL,1,89.6042,3,73
2022-09-02T17:30:00-00:00,2022-09-02T17:45:00-00:00,2022-09-02,11,KERCKHOF_7_B1,KERCKHOF_7_B1,KERCKHOF_7_B1,RTPD,MCE,LMP_ENE_PRC,KERCKHOF_7_B1,ALL,1,103.81658,3,73
2022-09-02T18:30:00-00:00,2022-09-02T18:45:00-00:00,2022-09-02,12,KERCKHOF_7_B1,KERCKHOF_7_B1,KERCKHOF_7_B1,RTPD,MCE,LMP_ENE_PRC,KERCKHOF_7_B1,ALL,1,115.4661,3,73
2022-09-02T19:30:00-00:00,2022-09-02T19:45:00-00:00,2022-09-02,13,KERCKHOF_7_B1,KERCKHOF_7_B1,KERCKHOF_7_B1,RTPD,MCE,LMP_ENE_PRC,KERCKHOF_7_B1,ALL,1,119.56031,3,73
2022-09-02T20:30:00-00:00,2022-09-02T20:45:00-00:00,2022-09-02,14,KERCKHOF_7_B1,KERCKHOF_7_B1,KERCKHOF_7_B1,RTPD,MCE,LMP_ENE_PRC,KERCKHOF_7_B1,ALL,1,122.91209,3,73
2022-09-02T21:30:00-00:00,2022-09-02T21:45:00-00:00,2022-09-02,15,KERCKHOF_7_B1,KERCKHOF_7_B1,KERCKHOF_7_B1,RTPD,MCE,LMP_ENE_PRC,KERCKHOF_7_B1,ALL,1,141.03934,3,73
2022-09-02T22:30:00-00:00,2022-09-02T22:45:00-00:00,2022-09-02,16,KERCKHOF_7_B1,KERCKHOF_7_B1,KERCKHOF_7_B1,RTPD,MCE,LMP_ENE_PRC,KERCKHOF_7_B1,ALL,1,183.20744,3,73
2022-09-02T23:30:00-00:00,2022-09-02T23:45:00-00:00,2022-09-02,17,KERCKHOF_7_B1,KERCKHOF_7_B1,KERCKHOF_7_B1,RTPD,MCE,LMP_ENE_PRC,KERCKHOF_7_B1,ALL,1,155.92665,3,73
2022-09-03T00:30:00-00:00,2022-09-03T00:45:00-00:00,2022-09-02,18,KERCKHOF_7_B1,KERCKHOF_7_B1,KERCKHOF_7_B1,RTPD,MCE,LMP_ENE_PRC,KERCKHOF_7_B1,ALL,1,234.42892,3,73
2022-09-03T01:30:00-00:00,2022-09-03T01:45:00-00:00,2022-09-02,19,KERCKHOF_7_B1,KERCKHOF_7_B1,KERCKHOF_7_B1,RTPD,MCE,LMP_ENE_PRC,KERCKHOF_7_B1,ALL,1,250.41255,3,73
2022-09-03T02:30:00-00:00,2022-09-03T02:45:00-00:00,2022-09-02,20,KERCKHOF_7_B1,KERCKHOF_7_B1,KERCKHOF_7_B1,RTPD,MCE,LMP_ENE_PRC,KERCKHOF_7_B1,ALL,1,177.62263,3,73
2022-09-03T03:30:00-00:00,2022-09-03T03:45:00-00:00,2022-09-02,21,KERCKHOF_7_B1,KERCKHOF_7_B1,KERCKHOF_7_B1,RTPD,MCE,LMP_ENE_PRC,KERCKHOF_7_B1,ALL,1,128.61655,3,73
2022-09-03T04:30:00-00:00,2022-09-03T04:45:00-00:00,2022-09-02,22,KERCKHOF_7_B1,KERCKHOF_7_B1,KERCKHOF_7_B1,RTPD,MCE,LMP_ENE_PRC,KERCKHOF_7_B1,ALL,1,132.2016,3,73
2022-09-03T05:30:00-00:00,2022-09-03T05:45:00-00:00,2022-09-02,23,KERCKHOF_7_B1,KERCKHOF_7_B1,KERCKHOF_7_B1,RTPD,MCE,LMP_ENE_PRC,KERCKHOF_7_B1,ALL,1,128.32014,3,73
2022-09-03T06:30:00-00:00,2022-09-03T06:45:00-00:00,2022-09-02,24,KERCKHOF_7_B1,KERCKHOF_7_B1,KERCKHOF_7_B1,RTPD,MCE,LMP_ENE_PRC,KERCKHOF_7_B1,ALL,1,111.22985,3,73
2022-09-02T07:45:00-00:00,2022-09-02T08:00:00-00:00,2022-09-02,01,KERCKHOF_7_B1,KERCKHOF_7_B1,KERCKHOF_7_B1,RTPD,MCE,LMP_ENE_PRC,KERCKHOF_7_B1,ALL,1,101.38693,4,73
2022-09-02T08:45:00-00:00,2022-09-02T09:00:00-00:00,2022-09-02,02,KERCKHOF_7_B1,KERCKHOF_7_B1,KERCKHOF_7_B1,RTPD,MCE,LMP_ENE_PRC,KERCKHOF_7_B1,ALL,1,98.45906,4,73
2022-09-02T09:45:00-00:00,2022-09-02T10:00:00-00:00,2022-09-02,03,KERCKHOF_7_B1,KERCKHOF_7_B1,KERCKHOF_7_B1,RTPD,MCE,LMP_ENE_PRC,KERCKHOF_7_B1,ALL,1,97.29051,4,73
2022-09-02T10:45:00-00:00,2022-09-02T11:00:00-00:00,2022-09-02,04,KERCKHOF_7_B1,KERCKHOF_7_B1,KERCKHOF_7_B1,RTPD,MCE,LMP_ENE_PRC,KERCKHOF_7_B1,ALL,1,97.62383,4,73
2022-09-02T11:45:00-00:00,2022-09-02T12:00:00-00:00,2022-09-02,05,KERCKHOF_7_B1,KERCKHOF_7_B1,KERCKHOF_7_B1,RTPD,MCE,LMP_ENE_PRC,KERCKHOF_7_B1,ALL,1,97.15303,4,73
2022-09-02T12:45:00-00:00,2022-09-02T13:00:00-00:00,2022-09-02,06,KERCKHOF_7_B1,KERCKHOF_7_B1,KERCKHOF_7_B1,RTPD,MCE,LMP_ENE_PRC,KERCKHOF_7_B1,ALL,1,108.08756,4,73
2022-09-02T13:45:00-00:00,2022-09-02T14:00:00-00:00,2022-09-02,07,KERCKHOF_7_B1,KERCKHOF_7_B1,KERCKHOF_7_B1,RTPD,MCE,LMP_ENE_PRC,KERCKHOF_7_B1,ALL,1,105.08817,4,73
2022-09-02T14:45:00-00:00,2022-09-02T15:00:00-00:00,2022-09-02,08,KERCKHOF_7_B1,KERCKHOF_7_B1,KERCKHOF_7_B1,RTPD,MCE,LMP_ENE_PRC,KERCKHOF_7_B1,ALL,1,82.36478,4,73
2022-09-02T15:45:00-00:00,2022-09-02T16:00:00-00:00,2022-09-02,09,KERCKHOF_7_B1,KERCKHOF_7_B1,KERCKHOF_7_B1,RTPD,MCE,LMP_ENE_PRC,KERCKHOF_7_B1,ALL,1,81.41035,4,73
2022-09-02T16:45:00-00:00,2022-09-02T17:00:00-00:00,2022-09-02,10,KERCKHOF_7_B1,KERCKHOF_7_B1,KERCKHOF_7_B1,RTPD,MCE,LMP_ENE_PRC,KERCKHOF_7_B1,ALL,1,93.83783,4,73
2022-09-02T17:45:00-00:00,2022-09-02T18:00:00-00:00,2022-09-02,11,KERCKHOF_7_B1,KERCKHOF_7_B1,KERCKHOF_7_B1,RTPD,MCE,LMP_ENE_PRC,KERCKHOF_7_B1,ALL,1,106.61714,4,73
2022-09-02T18:45:00-00:00,2022-09-02T19:00:00-00:00,2022-09-02,12,KERCKHOF_7_B1,KERCKHOF_7_B1,KERCKHOF_7_B1,RTPD,MCE,LMP_ENE_PRC,KERCKHOF_7_B1,ALL,1,123.03125,4,73
2022-09-02T19:45:00-00:00,2022-09-02T20:00:00-00:00,2022-09-02,13,KERCKHOF_7_B1,KERCKHOF_7_B1,KERCKHOF_7_B1,RTPD,MCE,LMP_ENE_PRC,KERCKHOF_7_B1,ALL,1,135.46436,4,73
2022-09-02T20:45:00-00:00,2022-09-02T21:00:00-00:00,2022-09-02,14,KERCKHOF_7_B1,KERCKHOF_7_B1,KERCKHOF_7_B1,RTPD,MCE,LMP_ENE_PRC,KERCKHOF_7_B1,ALL,1,146.96742,4,73
2022-09-02T21:45:00-00:00,2022-09-02T22:00:00-00:00,2022-09-02,15,KERCKHOF_7_B1,KERCKHOF_7_B1,KERCKHOF_7_B1,RTPD,MCE,LMP_ENE_PRC,KERCKHOF_7_B1,ALL,1,181.80174,4,73
2022-09-02T22:45:00-00:00,2022-09-02T23:00:00-00:00,2022-09-02,16,KERCKHOF_7_B1,KERCKHOF_7_B1,KERCKHOF_7_B1,RTPD,MCE,LMP_ENE_PRC,KERCKHOF_7_B1,ALL,1,269.30835,4,73
2022-09-02T23:45:00-00:00,2022-09-03T00:00:00-00:00,2022-09-02,17,KERCKHOF_7_B1,KERCKHOF_7_B1,KERCKHOF_7_B1,RTPD,MCE,LMP_ENE_PRC,KERCKHOF_7_B1,ALL,1,287.1113,4,73
2022-09-03T00:45:00-00:00,2022-09-03T01:00:00-00:00,2022-09-02,18,KERCKHOF_7_B1,KERCKHOF_7_B1,KERCKHOF_7_B1,RTPD,MCE,LMP_ENE_PRC,KERCKHOF_7_B1,ALL,1,242.16634,4,73
2022-09-03T01:45:00-00:00,2022-09-03T02:00:00-00:00,2022-09-02,19,KERCKHOF_7_B1,KERCKHOF_7_B1,KERCKHOF_7_B1,RTPD,MCE,LMP_ENE_PRC,KERCKHOF_7_B1,ALL,1,304.55594,4,73
2022-09-03T02:45:00-00:00,2022-09-03T03:00:00-00:00,2022-09-02,20,KERCKHOF_7_B1,KERCKHOF_7_B1,KERCKHOF_7_B1,RTPD,MCE,LMP_ENE_PRC,KERCKHOF_7_B1,ALL,1,152.03519,4,73
2022-09-03T03:45:00-00:00,2022-09-03T04:00:00-00:00,2022-09-02,21,KERCKHOF_7_B1,KERCKHOF_7_B1,KERCKHOF_7_B1,RTPD,MCE,LMP_ENE_PRC,KERCKHOF_7_B1,ALL,1,120.27765,4,73
2022-09-03T04:45:00-00:00,2022-09-03T05:00:00-00:00,2022-09-02,22,KERCKHOF_7_B1,KERCKHOF_7_B1,KERCKHOF_7_B1,RTPD,MCE,LMP_ENE_PRC,KERCKHOF_7_B1,ALL,1,111.14984,4,73
2022-09-03T05:45:00-00:00,2022-09-03T06:00:00-00:00,2022-09-02,23,KERCKHOF_7_B1,KERCKHOF_7_B1,KERCKHOF_7_B1,RTPD,MCE,LMP_ENE_PRC,KERCKHOF_7_B1,ALL,1,104.16199,4,73
2022-09-03T06:45:00-00:00,2022-09-03T07:00:00-00:00,2022-09-02,24,KERCKHOF_7_B1,KERCKHOF_7_B1,KERCKHOF_7_B1,RTPD,MCE,LMP_ENE_PRC,KERCKHOF_7_B1,ALL,1,95.41536,4,73
2022-09-02T07:00:00-00:00,2022-09-02T07:15:00-00:00,2022-09-02,01,KERCKHOF_7_B1,KERCKHOF_7_B1,KERCKHOF_7_B1,RTPD,MCL,LMP_LOSS_PRC,KERCKHOF_7_B1,ALL,1,10.05783,1,74
2022-09-02T08:00:00-00:00,2022-09-02T08:15:00-00:00,2022-09-02,02,KERCKHOF_7_B1,KERCKHOF_7_B1,KERCKHOF_7_B1,RTPD,MCL,LMP_LOSS_PRC,KERCKHOF_7_B1,ALL,1,15.88407,1,74
2022-09-02T09:00:00-00:00,2022-09-02T09:15:00-00:00,2022-09-02,03,KERCKHOF_7_B1,KERCKHOF_7_B1,KERCKHOF_7_B1,RTPD,MCL,LMP_LOSS_PRC,KERCKHOF_7_B1,ALL,1,15.88392,1,74
2022-09-02T10:00:00-00:00,2022-09-02T10:15:00-00:00,2022-09-02,04,KERCKHOF_7_B1,KERCKHOF_7_B1,KERCKHOF_7_B1,RTPD,MCL,LMP_LOSS_PRC,KERCKHOF_7_B1,ALL,1,13.76954,1,74
2022-09-02T11:00:00-00:00,2022-09-02T11:15:00-00:00,2022-09-02,05,KERCKHOF_7_B1,KERCKHOF_7_B1,KERCKHOF_7_B1,RTPD,MCL,LMP_LOSS_PRC,KERCKHOF_7_B1,ALL,1,0,1,74
2022-09-02T12:00:00-00:00,2022-09-02T12:15:00-00:00,2022-09-02,06,KERCKHOF_7_B1,KERCKHOF_7_B1,KERCKHOF_7_B1,RTPD,MCL,LMP_LOSS_PRC,KERCKHOF_7_B1,ALL,1,0,1,74
2022-09-02T13:00:00-00:00,2022-09-02T13:15:00-00:00,2022-09-02,07,KERCKHOF_7_B1,KERCKHOF_7_B1,KERCKHOF_7_B1,RTPD,MCL,LMP_LOSS_PRC,KERCKHOF_7_B1,ALL,1,0,1,74
2022-09-02T14:00:00-00:00,2022-09-02T14:15:00-00:00,2022-09-02,08,KERCKHOF_7_B1,KERCKHOF_7_B1,KERCKHOF_7_B1,RTPD,MCL,LMP_LOSS_PRC,KERCKHOF_7_B1,ALL,1,16.46428,1,74
2022-09-02T15:00:00-00:00,2022-09-02T15:15:00-00:00,2022-09-02,09,KERCKHOF_7_B1,KERCKHOF_7_B1,KERCKHOF_7_B1,RTPD,MCL,LMP_LOSS_PRC,KERCKHOF_7_B1,ALL,1,10.40694,1,74
2022-09-02T16:00:00-00:00,2022-09-02T16:15:00-00:00,2022-09-02,10,KERCKHOF_7_B1,KERCKHOF_7_B1,KERCKHOF_7_B1,RTPD,MCL,LMP_LOSS_PRC,KERCKHOF_7_B1,ALL,1,11.44068,1,74
2022-09-02T17:00:00-00:00,2022-09-02T17:15:00-00:00,2022-09-02,11,KERCKHOF_7_B1,KERCKHOF_7_B1,KERCKHOF_7_B1,RTPD,MCL,LMP_LOSS_PRC,KERCKHOF_7_B1,ALL,1,11.10271,1,74
2022-09-02T18:00:00-00:00,2022-09-02T18:15:00-00:00,2022-09-02,12,KERCKHOF_7_B1,KERCKHOF_7_B1,KERCKHOF_7_B1,RTPD,MCL,LMP_LOSS_PRC,KERCKHOF_7_B1,ALL,1,7.61059,1,74
2022-09-02T19:00:00-00:00,2022-09-02T19:15:00-00:00,2022-09-02,13,KERCKHOF_7_B1,KERCKHOF_7_B1,KERCKHOF_7_B1,RTPD,MCL,LMP_LOSS_PRC,KERCKHOF_7_B1,ALL,1,2.04402,1,74
2022-09-02T20:00:00-00:00,2022-09-02T20:15:00-00:00,2022-09-02,14,KERCKHOF_7_B1,KERCKHOF_7_B1,KERCKHOF_7_B1,RTPD,MCL,LMP_LOSS_PRC,KERCKHOF_7_B1,ALL,1,-1.20177,1,74
2022-09-02T21:00:00-00:00,2022-09-02T21:15:00-00:00,2022-09-02,15,KERCKHOF_7_B1,KERCKHOF_7_B1,KERCKHOF_7_B1,RTPD,MCL,LMP_LOSS_PRC,KERCKHOF_7_B1,ALL,1,-2.07749,1,74
2022-09-02T22:00:00-00:00,2022-09-02T22:15:00-00:00,2022-09-02,16,KERCKHOF_7_B1,KERCKHOF_7_B1,KERCKHOF_7_B1,RTPD,MCL,LMP_LOSS_PRC,KERCKHOF_7_B1,ALL,1,2.65882,1,74
2022-09-02T23:00:00-00:00,2022-09-02T23:15:00-00:00,2022-09-02,17,KERCKHOF_7_B1,KERCKHOF_7_B1,KERCKHOF_7_B1,RTPD,MCL,LMP_LOSS_PRC,KERCKHOF_7_B1,ALL,1,3.12036,1,74
2022-09-03T00:00:00-00:00,2022-09-03T00:15:00-00:00,2022-09-02,18,KERCKHOF_7_B1,KERCKHOF_7_B1,KERCKHOF_7_B1,RTPD,MCL,LMP_LOSS_PRC,KERCKHOF_7_B1,ALL,1,12.15452,1,74
2022-09-03T01:00:00-00:00,2022-09-03T01:15:00-00:00,2022-09-02,19,KERCKHOF_7_B1,KERCKHOF_7_B1,KERCKHOF_7_B1,RTPD,MCL,LMP_LOSS_PRC,KERCKHOF_7_B1,ALL,1,0,1,74
2022-09-03T02:00:00-00:00,2022-09-03T02:15:00-00:00,2022-09-02,20,KERCKHOF_7_B1,KERCKHOF_7_B1,KERCKHOF_7_B1,RTPD,MCL,LMP_LOSS_PRC,KERCKHOF_7_B1,ALL,1,16.75897,1,74
2022-09-03T03:00:00-00:00,2022-09-03T03:15:00-00:00,2022-09-02,21,KERCKHOF_7_B1,KERCKHOF_7_B1,KERCKHOF_7_B1,RTPD,MCL,LMP_LOSS_PRC,KERCKHOF_7_B1,ALL,1,23.67006,1,74
2022-09-03T04:00:00-00:00,2022-09-03T04:15:00-00:00,2022-09-02,22,KERCKHOF_7_B1,KERCKHOF_7_B1,KERCKHOF_7_B1,RTPD,MCL,LMP_LOSS_PRC,KERCKHOF_7_B1,ALL,1,27.87278,1,74
2022-09-03T05:00:00-00:00,2022-09-03T05:15:00-00:00,2022-09-02,23,KERCKHOF_7_B1,KERCKHOF_7_B1,KERCKHOF_7_B1,RTPD,MCL,LMP_LOSS_PRC,KERCKHOF_7_B1,ALL,1,25.4305,1,74
2022-09-03T06:00:00-00:00,2022-09-03T06:15:00-00:00,2022-09-02,24,KERCKHOF_7_B1,KERCKHOF_7_B1,KERCKHOF_7_B1,RTPD,MCL,LMP_LOSS_PRC,KERCKHOF_7_B1,ALL,1,23.46858,1,74
2022-09-02T07:15:00-00:00,2022-09-02T07:30:00-00:00,2022-09-02,01,KERCKHOF_7_B1,KERCKHOF_7_B1,KERCKHOF_7_B1,RTPD,MCL,LMP_LOSS_PRC,KERCKHOF_7_B1,ALL,1,11.29593,2,74
2022-09-02T08:15:00-00:00,2022-09-02T08:30:00-00:00,2022-09-02,02,KERCKHOF_7_B1,KERCKHOF_7_B1,KERCKHOF_7_B1,RTPD,MCL,LMP_LOSS_PRC,KERCKHOF_7_B1,ALL,1,15.2629,2,74
2022-09-02T09:15:00-00:00,2022-09-02T09:30:00-00:00,2022-09-02,03,KERCKHOF_7_B1,KERCKHOF_7_B1,KERCKHOF_7_B1,RTPD,MCL,LMP_LOSS_PRC,KERCKHOF_7_B1,ALL,1,15.33713,2,74
2022-09-02T10:15:00-00:00,2022-09-02T10:30:00-00:00,2022-09-02,04,KERCKHOF_7_B1,KERCKHOF_7_B1,KERCKHOF_7_B1,RTPD,MCL,LMP_LOSS_PRC,KERCKHOF_7_B1,ALL,1,13.86714,2,74
2022-09-02T11:15:00-00:00,2022-09-02T11:30:00-00:00,2022-09-02,05,KERCKHOF_7_B1,KERCKHOF_7_B1,KERCKHOF_7_B1,RTPD,MCL,LMP_LOSS_PRC,KERCKHOF_7_B1,ALL,1,0,2,74
2022-09-02T12:15:00-00:00,2022-09-02T12:30:00-00:00,2022-09-02,06,KERCKHOF_7_B1,KERCKHOF_7_B1,KERCKHOF_7_B1,RTPD,MCL,LMP_LOSS_PRC,KERCKHOF_7_B1,ALL,1,0,2,74
2022-09-02T13:15:00-00:00,2022-09-02T13:30:00-00:00,2022-09-02,07,KERCKHOF_7_B1,KERCKHOF_7_B1,KERCKHOF_7_B1,RTPD,MCL,LMP_LOSS_PRC,KERCKHOF_7_B1,ALL,1,0,2,74
2022-09-02T14:15:00-00:00,2022-09-02T14:30:00-00:00,2022-09-02,08,KERCKHOF_7_B1,KERCKHOF_7_B1,KERCKHOF_7_B1,RTPD,MCL,LMP_LOSS_PRC,KERCKHOF_7_B1,ALL,1,17.11785,2,74
2022-09-02T15:15:00-00:00,2022-09-02T15:30:00-00:00,2022-09-02,09,KERCKHOF_7_B1,KERCKHOF_7_B1,KERCKHOF_7_B1,RTPD,MCL,LMP_LOSS_PRC,KERCKHOF_7_B1,ALL,1,0,2,74
2022-09-02T16:15:00-00:00,2022-09-02T16:30:00-00:00,2022-09-02,10,KERCKHOF_7_B1,KERCKHOF_7_B1,KERCKHOF_7_B1,RTPD,MCL,LMP_LOSS_PRC,KERCKHOF_7_B1,ALL,1,11.17638,2,74
2022-09-02T17:15:00-00:00,2022-09-02T17:30:00-00:00,2022-09-02,11,KERCKHOF_7_B1,KERCKHOF_7_B1,KERCKHOF_7_B1,RTPD,MCL,LMP_LOSS_PRC,KERCKHOF_7_B1,ALL,1,11.95492,2,74
2022-09-02T18:15:00-00:00,2022-09-02T18:30:00-00:00,2022-09-02,12,KERCKHOF_7_B1,KERCKHOF_7_B1,KERCKHOF_7_B1,RTPD,MCL,LMP_LOSS_PRC,KERCKHOF_7_B1,ALL,1,8.14551,2,74
2022-09-02T19:15:00-00:00,2022-09-02T19:30:00-00:00,2022-09-02,13,KERCKHOF_7_B1,KERCKHOF_7_B1,KERCKHOF_7_B1,RTPD,MCL,LMP_LOSS_PRC,KERCKHOF_7_B1,ALL,1,2.35489,2,74
2022-09-02T20:15:00-00:00,2022-09-02T20:30:00-00:00,2022-09-02,14,KERCKHOF_7_B1,KERCKHOF_7_B1,KERCKHOF_7_B1,RTPD,MCL,LMP_LOSS_PRC,KERCKHOF_7_B1,ALL,1,-0.79133,2,74
2022-09-02T21:15:00-00:00,2022-09-02T21:30:00-00:00,2022-09-02,15,KERCKHOF_7_B1,KERCKHOF_7_B1,KERCKHOF_7_B1,RTPD,MCL,LMP_LOSS_PRC,KERCKHOF_7_B1,ALL,1,-1.97328,2,74
2022-09-02T22:15:00-00:00,2022-09-02T22:30:00-00:00,2022-09-02,16,KERCKHOF_7_B1,KERCKHOF_7_B1,KERCKHOF_7_B1,RTPD,MCL,LMP_LOSS_PRC,KERCKHOF_7_B1,ALL,1,3.58438,2,74
2022-09-02T23:15:00-00:00,2022-09-02T23:30:00-00:00,2022-09-02,17,KERCKHOF_7_B1,KERCKHOF_7_B1,KERCKHOF_7_B1,RTPD,MCL,LMP_LOSS_PRC,KERCKHOF_7_B1,ALL,1,3.93212,2,74
2022-09-03T00:15:00-00:00,2022-09-03T00:30:00-00:00,2022-09-02,18,KERCKHOF_7_B1,KERCKHOF_7_B1,KERCKHOF_7_B1,RTPD,MCL,LMP_LOSS_PRC,KERCKHOF_7_B1,ALL,1,8.81036,2,74
2022-09-03T01:15:00-00:00,2022-09-03T01:30:00-00:00,2022-09-02,19,KERCKHOF_7_B1,KERCKHOF_7_B1,KERCKHOF_7_B1,RTPD,MCL,LMP_LOSS_PRC,KERCKHOF_7_B1,ALL,1,0,2,74
2022-09-03T02:15:00-00:00,2022-09-03T02:30:00-00:00,2022-09-02,20,KERCKHOF_7_B1,KERCKHOF_7_B1,KERCKHOF_7_B1,RTPD,MCL,LMP_LOSS_PRC,KERCKHOF_7_B1,ALL,1,17.77862,2,74
2022-09-03T03:15:00-00:00,2022-09-03T03:30:00-00:00,2022-09-02,21,KERCKHOF_7_B1,KERCKHOF_7_B1,KERCKHOF_7_B1,RTPD,MCL,LMP_LOSS_PRC,KERCKHOF_7_B1,ALL,1,22.52077,2,74
2022-09-03T04:15:00-00:00,2022-09-03T04:30:00-00:00,2022-09-02,22,KERCKHOF_7_B1,KERCKHOF_7_B1,KERCKHOF_7_B1,RTPD,MCL,LMP_LOSS_PRC,KERCKHOF_7_B1,ALL,1,23.83076,2,74
2022-09-03T05:15:00-00:00,2022-09-03T05:30:00-00:00,2022-09-02,23,KERCKHOF_7_B1,KERCKHOF_7_B1,KERCKHOF_7_B1,RTPD,MCL,LMP_LOSS_PRC,KERCKHOF_7_B1,ALL,1,21.45983,2,74
2022-09-03T06:15:00-00:00,2022-09-03T06:30:00-00:00,2022-09-02,24,KERCKHOF_7_B1,KERCKHOF_7_B1,KERCKHOF_7_B1,RTPD,MCL,LMP_LOSS_PRC,KERCKHOF_7_B1,ALL,1,18.68952,2,74
2022-09-02T07:30:00-00:00,2022-09-02T07:45:00-00:00,2022-09-02,01,KERCKHOF_7_B1,KERCKHOF_7_B1,KERCKHOF_7_B1,RTPD,MCL,LMP_LOSS_PRC,KERCKHOF_7_B1,ALL,1,11.04528,3,74
2022-09-02T08:30:00-00:00,2022-09-02T08:45:00-00:00,2022-09-02,02,KERCKHOF_7_B1,KERCKHOF_7_B1,KERCKHOF_7_B1,RTPD,MCL,LMP_LOSS_PRC,KERCKHOF_7_B1,ALL,1,14.75444,3,74
2022-09-02T09:30:00-00:00,2022-09-02T09:45:00-00:00,2022-09-02,03,KERCKHOF_7_B1,KERCKHOF_7_B1,KERCKHOF_7_B1,RTPD,MCL,LMP_LOSS_PRC,KERCKHOF_7_B1,ALL,1,14.26144,3,74
2022-09-02T10:30:00-00:00,2022-09-02T10:45:00-00:00,2022-09-02,04,KERCKHOF_7_B1,KERCKHOF_7_B1,KERCKHOF_7_B1,RTPD,MCL,LMP_LOSS_PRC,KERCKHOF_7_B1,ALL,1,13.29582,3,74
2022-09-02T11:30:00-00:00,2022-09-02T11:45:00-00:00,2022-09-02,05,KERCKHOF_7_B1,KERCKHOF_7_B1,KERCKHOF_7_B1,RTPD,MCL,LMP_LOSS_PRC,KERCKHOF_7_B1,ALL,1,0,3,74
2022-09-02T12:30:00-00:00,2022-09-02T12:45:00-00:00,2022-09-02,06,KERCKHOF_7_B1,KERCKHOF_7_B1,KERCKHOF_7_B1,RTPD,MCL,LMP_LOSS_PRC,KERCKHOF_7_B1,ALL,1,0,3,74
2022-09-02T13:30:00-00:00,2022-09-02T13:45:00-00:00,2022-09-02,07,KERCKHOF_7_B1,KERCKHOF_7_B1,KERCKHOF_7_B1,RTPD,MCL,LMP_LOSS_PRC,KERCKHOF_7_B1,ALL,1,0,3,74
2022-09-02T14:30:00-00:00,2022-09-02T14:45:00-00:00,2022-09-02,08,KERCKHOF_7_B1,KERCKHOF_7_B1,KERCKHOF_7_B1,RTPD,MCL,LMP_LOSS_PRC,KERCKHOF_7_B1,ALL,1,12.63868,3,74
2022-09-02T15:30:00-00:00,2022-09-02T15:45:00-00:00,2022-09-02,09,KERCKHOF_7_B1,KERCKHOF_7_B1,KERCKHOF_7_B1,RTPD,MCL,LMP_LOSS_PRC,KERCKHOF_7_B1,ALL,1,0,3,74
2022-09-02T16:30:00-00:00,2022-09-02T16:45:00-00:00,2022-09-02,10,KERCKHOF_7_B1,KERCKHOF_7_B1,KERCKHOF_7_B1,RTPD,MCL,LMP_LOSS_PRC,KERCKHOF_7_B1,ALL,1,11.093,3,74
2022-09-02T17:30:00-00:00,2022-09-02T17:45:00-00:00,2022-09-02,11,KERCKHOF_7_B1,KERCKHOF_7_B1,KERCKHOF_7_B1,RTPD,MCL,LMP_LOSS_PRC,KERCKHOF_7_B1,ALL,1,9.08395,3,74
2022-09-02T18:30:00-00:00,2022-09-02T18:45:00-00:00,2022-09-02,12,KERCKHOF_7_B1,KERCKHOF_7_B1,KERCKHOF_7_B1,RTPD,MCL,LMP_LOSS_PRC,KERCKHOF_7_B1,ALL,1,6.61621,3,74
2022-09-02T19:30:00-00:00,2022-09-02T19:45:00-00:00,2022-09-02,13,KERCKHOF_7_B1,KERCKHOF_7_B1,KERCKHOF_7_B1,RTPD,MCL,LMP_LOSS_PRC,KERCKHOF_7_B1,ALL,1,1.17169,3,74
2022-09-02T20:30:00-00:00,2022-09-02T20:45:00-00:00,2022-09-02,14,KERCKHOF_7_B1,KERCKHOF_7_B1,KERCKHOF_7_B1,RTPD,MCL,LMP_LOSS_PRC,KERCKHOF_7_B1,ALL,1,-0.03687,3,74
2022-09-02T21:30:00-00:00,2022-09-02T21:45:00-00:00,2022-09-02,15,KERCKHOF_7_B1,KERCKHOF_7_B1,KERCKHOF_7_B1,RTPD,MCL,LMP_LOSS_PRC,KERCKHOF_7_B1,ALL,1,-3.75165,3,74
2022-09-02T22:30:00-00:00,2022-09-02T22:45:00-00:00,2022-09-02,16,KERCKHOF_7_B1,KERCKHOF_7_B1,KERCKHOF_7_B1,RTPD,MCL,LMP_LOSS_PRC,KERCKHOF_7_B1,ALL,1,4.14049,3,74
2022-09-02T23:30:00-00:00,2022-09-02T23:45:00-00:00,2022-09-02,17,KERCKHOF_7_B1,KERCKHOF_7_B1,KERCKHOF_7_B1,RTPD,MCL,LMP_LOSS_PRC,KERCKHOF_7_B1,ALL,1,1.0603,3,74
2022-09-03T00:30:00-00:00,2022-09-03T00:45:00-00:00,2022-09-02,18,KERCKHOF_7_B1,KERCKHOF_7_B1,KERCKHOF_7_B1,RTPD,MCL,LMP_LOSS_PRC,KERCKHOF_7_B1,ALL,1,0,3,74
2022-09-03T01:30:00-00:00,2022-09-03T01:45:00-00:00,2022-09-02,19,KERCKHOF_7_B1,KERCKHOF_7_B1,KERCKHOF_7_B1,RTPD,MCL,LMP_LOSS_PRC,KERCKHOF_7_B1,ALL,1,0,3,74
2022-09-03T02:30:00-00:00,2022-09-03T02:45:00-00:00,2022-09-02,20,KERCKHOF_7_B1,KERCKHOF_7_B1,KERCKHOF_7_B1,RTPD,MCL,LMP_LOSS_PRC,KERCKHOF_7_B1,ALL,1,16.02156,3,74
2022-09-03T03:30:00-00:00,2022-09-03T03:45:00-00:00,2022-09-02,21,KERCKHOF_7_B1,KERCKHOF_7_B1,KERCKHOF_7_B1,RTPD,MCL,LMP_LOSS_PRC,KERCKHOF_7_B1,ALL,1,20.41145,3,74
2022-09-03T04:30:00-00:00,2022-09-03T04:45:00-00:00,2022-09-02,22,KERCKHOF_7_B1,KERCKHOF_7_B1,KERCKHOF_7_B1,RTPD,MCL,LMP_LOSS_PRC,KERCKHOF_7_B1,ALL,1,22.32885,3,74
2022-09-03T05:30:00-00:00,2022-09-03T05:45:00-00:00,2022-09-02,23,KERCKHOF_7_B1,KERCKHOF_7_B1,KERCKHOF_7_B1,RTPD,MCL,LMP_LOSS_PRC,KERCKHOF_7_B1,ALL,1,20.41574,3,74
2022-09-03T06:30:00-00:00,2022-09-03T06:45:00-00:00,2022-09-02,24,KERCKHOF_7_B1,KERCKHOF_7_B1,KERCKHOF_7_B1,RTPD,MCL,LMP_LOSS_PRC,KERCKHOF_7_B1,ALL,1,16.53988,3,74
2022-09-02T07:45:00-00:00,2022-09-02T08:00:00-00:00,2022-09-02,01,KERCKHOF_7_B1,KERCKHOF_7_B1,KERCKHOF_7_B1,RTPD,MCL,LMP_LOSS_PRC,KERCKHOF_7_B1,ALL,1,8.53678,4,74
2022-09-02T08:45:00-00:00,2022-09-02T09:00:00-00:00,2022-09-02,02,KERCKHOF_7_B1,KERCKHOF_7_B1,KERCKHOF_7_B1,RTPD,MCL,LMP_LOSS_PRC,KERCKHOF_7_B1,ALL,1,12.57322,4,74
2022-09-02T09:45:00-00:00,2022-09-02T10:00:00-00:00,2022-09-02,03,KERCKHOF_7_B1,KERCKHOF_7_B1,KERCKHOF_7_B1,RTPD,MCL,LMP_LOSS_PRC,KERCKHOF_7_B1,ALL,1,12.90072,4,74
2022-09-02T10:45:00-00:00,2022-09-02T11:00:00-00:00,2022-09-02,04,KERCKHOF_7_B1,KERCKHOF_7_B1,KERCKHOF_7_B1,RTPD,MCL,LMP_LOSS_PRC,KERCKHOF_7_B1,ALL,1,12.43728,4,74
2022-09-02T11:45:00-00:00,2022-09-02T12:00:00-00:00,2022-09-02,05,KERCKHOF_7_B1,KERCKHOF_7_B1,KERCKHOF_7_B1,RTPD,MCL,LMP_LOSS_PRC,KERCKHOF_7_B1,ALL,1,12.33843,4,74
2022-09-02T12:45:00-00:00,2022-09-02T13:00:00-00:00,2022-09-02,06,KERCKHOF_7_B1,KERCKHOF_7_B1,KERCKHOF_7_B1,RTPD,MCL,LMP_LOSS_PRC,KERCKHOF_7_B1,ALL,1,0,4,74
2022-09-02T13:45:00-00:00,2022-09-02T14:00:00-00:00,2022-09-02,07,KERCKHOF_7_B1,KERCKHOF_7_B1,KERCKHOF_7_B1,RTPD,MCL,LMP_LOSS_PRC,KERCKHOF_7_B1,ALL,1,0,4,74
2022-09-02T14:45:00-00:00,2022-09-02T15:00:00-00:00,2022-09-02,08,KERCKHOF_7_B1,KERCKHOF_7_B1,KERCKHOF_7_B1,RTPD,MCL,LMP_LOSS_PRC,KERCKHOF_7_B1,ALL,1,11.20161,4,74
2022-09-02T15:45:00-00:00,2022-09-02T16:00:00-00:00,2022-09-02,09,KERCKHOF_7_B1,KERCKHOF_7_B1,KERCKHOF_7_B1,RTPD,MCL,LMP_LOSS_PRC,KERCKHOF_7_B1,ALL,1,12.34181,4,74
2022-09-02T16:45:00-00:00,2022-09-02T17:00:00-00:00,2022-09-02,10,KERCKHOF_7_B1,KERCKHOF_7_B1,KERCKHOF_7_B1,RTPD,MCL,LMP_LOSS_PRC,KERCKHOF_7_B1,ALL,1,11.66404,4,74
2022-09-02T17:45:00-00:00,2022-09-02T18:00:00-00:00,2022-09-02,11,KERCKHOF_7_B1,KERCKHOF_7_B1,KERCKHOF_7_B1,RTPD,MCL,LMP_LOSS_PRC,KERCKHOF_7_B1,ALL,1,8.8279,4,74
2022-09-02T18:45:00-00:00,2022-09-02T19:00:00-00:00,2022-09-02,12,KERCKHOF_7_B1,KERCKHOF_7_B1,KERCKHOF_7_B1,RTPD,MCL,LMP_LOSS_PRC,KERCKHOF_7_B1,ALL,1,7.62794,4,74
2022-09-02T19:45:00-00:00,2022-09-02T20:00:00-00:00,2022-09-02,13,KERCKHOF_7_B1,KERCKHOF_7_B1,KERCKHOF_7_B1,RTPD,MCL,LMP_LOSS_PRC,KERCKHOF_7_B1,ALL,1,2.57382,4,74
2022-09-02T20:45:00-00:00,2022-09-02T21:00:00-00:00,2022-09-02,14,KERCKHOF_7_B1,KERCKHOF_7_B1,KERCKHOF_7_B1,RTPD,MCL,LMP_LOSS_PRC,KERCKHOF_7_B1,ALL,1,0.98468,4,74
2022-09-02T21:45:00-00:00,2022-09-02T22:00:00-00:00,2022-09-02,15,KERCKHOF_7_B1,KERCKHOF_7_B1,KERCKHOF_7_B1,RTPD,MCL,LMP_LOSS_PRC,KERCKHOF_7_B1,ALL,1,-4.18144,4,74
2022-09-02T22:45:00-00:00,2022-09-02T23:00:00-00:00,2022-09-02,16,KERCKHOF_7_B1,KERCKHOF_7_B1,KERCKHOF_7_B1,RTPD,MCL,LMP_LOSS_PRC,KERCKHOF_7_B1,ALL,1,0,4,74
2022-09-02T23:45:00-00:00,2022-09-03T00:00:00-00:00,2022-09-02,17,KERCKHOF_7_B1,KERCKHOF_7_B1,KERCKHOF_7_B1,RTPD,MCL,LMP_LOSS_PRC,KERCKHOF_7_B1,ALL,1,0,4,74
2022-09-03T00:45:00-00:00,2022-09-03T01:00:00-00:00,2022-09-02,18,KERCKHOF_7_B1,KERCKHOF_7_B1,KERCKHOF_7_B1,RTPD,MCL,LMP_LOSS_PRC,KERCKHOF_7_B1,ALL,1,0,4,74
2022-09-03T01:45:00-00:00,2022-09-03T02:00:00-00:00,2022-09-02,19,KERCKHOF_7_B1,KERCKHOF_7_B1,KERCKHOF_7_B1,RTPD,MCL,LMP_LOSS_PRC,KERCKHOF_7_B1,ALL,1,0,4,74
2022-09-03T02:45:00-00:00,2022-09-03T03:00:00-00:00,2022-09-02,20,KERCKHOF_7_B1,KERCKHOF_7_B1,KERCKHOF_7_B1,RTPD,MCL,LMP_LOSS_PRC,KERCKHOF_7_B1,ALL,1,16.89111,4,74
2022-09-03T03:45:00-00:00,2022-09-03T04:00:00-00:00,2022-09-02,21,KERCKHOF_7_B1,KERCKHOF_7_B1,KERCKHOF_7_B1,RTPD,MCL,LMP_LOSS_PRC,KERCKHOF_7_B1,ALL,1,19.71351,4,74
2022-09-03T04:45:00-00:00,2022-09-03T05:00:00-00:00,2022-09-02,22,KERCKHOF_7_B1,KERCKHOF_7_B1,KERCKHOF_7_B1,RTPD,MCL,LMP_LOSS_PRC,KERCKHOF_7_B1,ALL,1,18.49533,4,74
2022-09-03T05:45:00-00:00,2022-09-03T06:00:00-00:00,2022-09-02,23,KERCKHOF_7_B1,KERCKHOF_7_B1,KERCKHOF_7_B1,RTPD,MCL,LMP_LOSS_PRC,KERCKHOF_7_B1,ALL,1,16.52009,4,74
2022-09-03T06:45:00-00:00,2022-09-03T07:00:00-00:00,2022-09-02,24,KERCKHOF_7_B1,KERCKHOF_7_B1,KERCKHOF_7_B1,RTPD,MCL,LMP_LOSS_PRC,KERCKHOF_7_B1,ALL,1,13.97835,4,74
2022-09-02T07:00:00-00:00,2022-09-02T07:15:00-00:00,2022-09-02,01,KERCKHOF_7_B1,KERCKHOF_7_B1,KERCKHOF_7_B1,RTPD,MGHG,LMP_GHG_PRC,KERCKHOF_7_B1,ALL,1,0,1,75
2022-09-02T08:00:00-00:00,2022-09-02T08:15:00-00:00,2022-09-02,02,KERCKHOF_7_B1,KERCKHOF_7_B1,KERCKHOF_7_B1,RTPD,MGHG,LMP_GHG_PRC,KERCKHOF_7_B1,ALL,1,0,1,75
2022-09-02T09:00:00-00:00,2022-09-02T09:15:00-00:00,2022-09-02,03,KERCKHOF_7_B1,KERCKHOF_7_B1,KERCKHOF_7_B1,RTPD,MGHG,LMP_GHG_PRC,KERCKHOF_7_B1,ALL,1,0,1,75
2022-09-02T10:00:00-00:00,2022-09-02T10:15:00-00:00,2022-09-02,04,KERCKHOF_7_B1,KERCKHOF_7_B1,KERCKHOF_7_B1,RTPD,MGHG,LMP_GHG_PRC,KERCKHOF_7_B1,ALL,1,0,1,75
2022-09-02T11:00:00-00:00,2022-09-02T11:15:00-00:00,2022-09-02,05,KERCKHOF_7_B1,KERCKHOF_7_B1,KERCKHOF_7_B1,RTPD,MGHG,LMP_GHG_PRC,KERCKHOF_7_B1,ALL,1,0,1,75
2022-09-02T12:00:00-00:00,2022-09-02T12:15:00-00:00,2022-09-02,06,KERCKHOF_7_B1,KERCKHOF_7_B1,KERCKHOF_7_B1,RTPD,MGHG,LMP_GHG_PRC,KERCKHOF_7_B1,ALL,1,0,1,75
2022-09-02T13:00:00-00:00,2022-09-02T13:15:00-00:00,2022-09-02,07,KERCKHOF_7_B1,KERCKHOF_7_B1,KERCKHOF_7_B1,RTPD,MGHG,LMP_GHG_PRC,KERCKHOF_7_B1,ALL,1,0,1,75
2022-09-02T14:00:00-00:00,2022-09-02T14:15:00-00:00,2022-09-02,08,KERCKHOF_7_B1,KERCKHOF_7_B1,KERCKHOF_7_B1,RTPD,MGHG,LMP_GHG_PRC,KERCKHOF_7_B1,ALL,1,0,1,75
2022-09-02T15:00:00-00:00,2022-09-02T15:15:00-00:00,2022-09-02,09,KERCKHOF_7_B1,KERCKHOF_7_B1,KERCKHOF_7_B1,RTPD,MGHG,LMP_GHG_PRC,KERCKHOF_7_B1,ALL,1,0,1,75
2022-09-02T16:00:00-00:00,2022-09-02T16:15:00-00:00,2022-09-02,10,KERCKHOF_7_B1,KERCKHOF_7_B1,KERCKHOF_7_B1,RTPD,MGHG,LMP_GHG_PRC,KERCKHOF_7_B1,ALL,1,0,1,75
2022-09-02T17:00:00-00:00,2022-09-02T17:15:00-00:00,2022-09-02,11,KERCKHOF_7_B1,KERCKHOF_7_B1,KERCKHOF_7_B1,RTPD,MGHG,LMP_GHG_PRC,KERCKHOF_7_B1,ALL,1,0,1,75
2022-09-02T18:00:00-00:00,2022-09-02T18:15:00-00:00,2022-09-02,12,KERCKHOF_7_B1,KERCKHOF_7_B1,KERCKHOF_7_B1,RTPD,MGHG,LMP_GHG_PRC,KERCKHOF_7_B1,ALL,1,0,1,75
2022-09-02T19:00:00-00:00,2022-09-02T19:15:00-00:00,2022-09-02,13,KERCKHOF_7_B1,KERCKHOF_7_B1,KERCKHOF_7_B1,RTPD,MGHG,LMP_GHG_PRC,KERCKHOF_7_B1,ALL,1,0,1,75
2022-09-02T20:00:00-00:00,2022-09-02T20:15:00-00:00,2022-09-02,14,KERCKHOF_7_B1,KERCKHOF_7_B1,KERCKHOF_7_B1,RTPD,MGHG,LMP_GHG_PRC,KERCKHOF_7_B1,ALL,1,0,1,75
2022-09-02T21:00:00-00:00,2022-09-02T21:15:00-00:00,2022-09-02,15,KERCKHOF_7_B1,KERCKHOF_7_B1,KERCKHOF_7_B1,RTPD,MGHG,LMP_GHG_PRC,KERCKHOF_7_B1,ALL,1,0,1,75
2022-09-02T22:00:00-00:00,2022-09-02T22:15:00-00:00,2022-09-02,16,KERCKHOF_7_B1,KERCKHOF_7_B1,KERCKHOF_7_B1,RTPD,MGHG,LMP_GHG_PRC,KERCKHOF_7_B1,ALL,1,0,1,75
2022-09-02T23:00:00-00:00,2022-09-02T23:15:00-00:00,2022-09-02,17,KERCKHOF_7_B1,KERCKHOF_7_B1,KERCKHOF_7_B1,RTPD,MGHG,LMP_GHG_PRC,KERCKHOF_7_B1,ALL,1,0,1,75
2022-09-03T00:00:00-00:00,2022-09-03T00:15:00-00:00,2022-09-02,18,KERCKHOF_7_B1,KERCKHOF_7_B1,KERCKHOF_7_B1,RTPD,MGHG,LMP_GHG_PRC,KERCKHOF_7_B1,ALL,1,0,1,75
2022-09-03T01:00:00-00:00,2022-09-03T01:15:00-00:00,2022-09-02,19,KERCKHOF_7_B1,KERCKHOF_7_B1,KERCKHOF_7_B1,RTPD,MGHG,LMP_GHG_PRC,KERCKHOF_7_B1,ALL,1,0,1,75
2022-09-03T02:00:00-00:00,2022-09-03T02:15:00-00:00,2022-09-02,20,KERCKHOF_7_B1,KERCKHOF_7_B1,KERCKHOF_7_B1,RTPD,MGHG,LMP_GHG_PRC,KERCKHOF_7_B1,ALL,1,0,1,75
2022-09-03T03:00:00-00:00,2022-09-03T03:15:00-00:00,2022-09-02,21,KERCKHOF_7_B1,KERCKHOF_7_B1,KERCKHOF_7_B1,RTPD,MGHG,LMP_GHG_PRC,KERCKHOF_7_B1,ALL,1,0,1,75
2022-09-03T04:00:00-00:00,2022-09-03T04:15:00-00:00,2022-09-02,22,KERCKHOF_7_B1,KERCKHOF_7_B1,KERCKHOF_7_B1,RTPD,MGHG,LMP_GHG_PRC,KERCKHOF_7_B1,ALL,1,0,1,75
2022-09-03T05:00:00-00:00,2022-09-03T05:15:00-00:00,2022-09-02,23,KERCKHOF_7_B1,KERCKHOF_7_B1,KERCKHOF_7_B1,RTPD,MGHG,LMP_GHG_PRC,KERCKHOF_7_B1,ALL,1,0,1,75
2022-09-03T06:00:00-00:00,2022-09-03T06:15:00-00:00,2022-09-02,24,KERCKHOF_7_B1,KERCKHOF_7_B1,KERCKHOF_7_B1,RTPD,MGHG,LMP_GHG_PRC,KERCKHOF_7_B1,ALL,1,0,1,75
2022-09-02T07:15:00-00:00,2022-09-02T07:30:00-00:00,2022-09-02,01,KERCKHOF_7_B1,KERCKHOF_7_B1,KERCKHOF_7_B1,RTPD,MGHG,LMP_GHG_PRC,KERCKHOF_7_B1,ALL,1,0,2,75
2022-09-02T08:15:00-00:00,2022-09-02T08:30:00-00:00,2022-09-02,02,KERCKHOF_7_B1,KERCKHOF_7_B1,KERCKHOF_7_B1,RTPD,MGHG,LMP_GHG_PRC,KERCKHOF_7_B1,ALL,1,0,2,75
2022-09-02T09:15:00-00:00,2022-09-02T09:30:00-00:00,2022-09-02,03,KERCKHOF_7_B1,KERCKHOF_7_B1,KERCKHOF_7_B1,RTPD,MGHG,LMP_GHG_PRC,KERCKHOF_7_B1,ALL,1,0,2,75
2022-09-02T10:15:00-00:00,2022-09-02T10:30:00-00:00,2022-09-02,04,KERCKHOF_7_B1,KERCKHOF_7_B1,KERCKHOF_7_B1,RTPD,MGHG,LMP_GHG_PRC,KERCKHOF_7_B1,ALL,1,0,2,75
2022-09-02T11:15:00-00:00,2022-09-02T11:30:00-00:00,2022-09-02,05,KERCKHOF_7_B1,KERCKHOF_7_B1,KERCKHOF_7_B1,RTPD,MGHG,LMP_GHG_PRC,KERCKHOF_7_B1,ALL,1,0,2,75
2022-09-02T12:15:00-00:00,2022-09-02T12:30:00-00:00,2022-09-02,06,KERCKHOF_7_B1,KERCKHOF_7_B1,KERCKHOF_7_B1,RTPD,MGHG,LMP_GHG_PRC,KERCKHOF_7_B1,ALL,1,0,2,75
2022-09-02T13:15:00-00:00,2022-09-02T13:30:00-00:00,2022-09-02,07,KERCKHOF_7_B1,KERCKHOF_7_B1,KERCKHOF_7_B1,RTPD,MGHG,LMP_GHG_PRC,KERCKHOF_7_B1,ALL,1,0,2,75
2022-09-02T14:15:00-00:00,2022-09-02T14:30:00-00:00,2022-09-02,08,KERCKHOF_7_B1,KERCKHOF_7_B1,KERCKHOF_7_B1,RTPD,MGHG,LMP_GHG_PRC,KERCKHOF_7_B1,ALL,1,0,2,75
2022-09-02T15:15:00-00:00,2022-09-02T15:30:00-00:00,2022-09-02,09,KERCKHOF_7_B1,KERCKHOF_7_B1,KERCKHOF_7_B1,RTPD,MGHG,LMP_GHG_PRC,KERCKHOF_7_B1,ALL,1,0,2,75
2022-09-02T16:15:00-00:00,2022-09-02T16:30:00-00:00,2022-09-02,10,KERCKHOF_7_B1,KERCKHOF_7_B1,KERCKHOF_7_B1,RTPD,MGHG,LMP_GHG_PRC,KERCKHOF_7_B1,ALL,1,0,2,75
2022-09-02T17:15:00-00:00,2022-09-02T17:30:00-00:00,2022-09-02,11,KERCKHOF_7_B1,KERCKHOF_7_B1,KERCKHOF_7_B1,RTPD,MGHG,LMP_GHG_PRC,KERCKHOF_7_B1,ALL,1,0,2,75
2022-09-02T18:15:00-00:00,2022-09-02T18:30:00-00:00,2022-09-02,12,KERCKHOF_7_B1,KERCKHOF_7_B1,KERCKHOF_7_B1,RTPD,MGHG,LMP_GHG_PRC,KERCKHOF_7_B1,ALL,1,0,2,75
2022-09-02T19:15:00-00:00,2022-09-02T19:30:00-00:00,2022-09-02,13,KERCKHOF_7_B1,KERCKHOF_7_B1,KERCKHOF_7_B1,RTPD,MGHG,LMP_GHG_PRC,KERCKHOF_7_B1,ALL,1,0,2,75
2022-09-02T20:15:00-00:00,2022-09-02T20:30:00-00:00,2022-09-02,14,KERCKHOF_7_B1,KERCKHOF_7_B1,KERCKHOF_7_B1,RTPD,MGHG,LMP_GHG_PRC,KERCKHOF_7_B1,ALL,1,0,2,75
2022-09-02T21:15:00-00:00,2022-09-02T21:30:00-00:00,2022-09-02,15,KERCKHOF_7_B1,KERCKHOF_7_B1,KERCKHOF_7_B1,RTPD,MGHG,LMP_GHG_PRC,KERCKHOF_7_B1,ALL,1,0,2,75
2022-09-02T22:15:00-00:00,2022-09-02T22:30:00-00:00,2022-09-02,16,KERCKHOF_7_B1,KERCKHOF_7_B1,KERCKHOF_7_B1,RTPD,MGHG,LMP_GHG_PRC,KERCKHOF_7_B1,ALL,1,0,2,75
2022-09-02T23:15:00-00:00,2022-09-02T23:30:00-00:00,2022-09-02,17,KERCKHOF_7_B1,KERCKHOF_7_B1,KERCKHOF_7_B1,RTPD,MGHG,LMP_GHG_PRC,KERCKHOF_7_B1,ALL,1,0,2,75
2022-09-03T00:15:00-00:00,2022-09-03T00:30:00-00:00,2022-09-02,18,KERCKHOF_7_B1,KERCKHOF_7_B1,KERCKHOF_7_B1,RTPD,MGHG,LMP_GHG_PRC,KERCKHOF_7_B1,ALL,1,0,2,75
2022-09-03T01:15:00-00:00,2022-09-03T01:30:00-00:00,2022-09-02,19,KERCKHOF_7_B1,KERCKHOF_7_B1,KERCKHOF_7_B1,RTPD,MGHG,LMP_GHG_PRC,KERCKHOF_7_B1,ALL,1,0,2,75
2022-09-03T02:15:00-00:00,2022-09-03T02:30:00-00:00,2022-09-02,20,KERCKHOF_7_B1,KERCKHOF_7_B1,KERCKHOF_7_B1,RTPD,MGHG,LMP_GHG_PRC,KERCKHOF_7_B1,ALL,1,0,2,75
2022-09-03T03:15:00-00:00,2022-09-03T03:30:00-00:00,2022-09-02,21,KERCKHOF_7_B1,KERCKHOF_7_B1,KERCKHOF_7_B1,RTPD,MGHG,LMP_GHG_PRC,KERCKHOF_7_B1,ALL,1,0,2,75
2022-09-03T04:15:00-00:00,2022-09-03T04:30:00-00:00,2022-09-02,22,KERCKHOF_7_B1,KERCKHOF_7_B1,KERCKHOF_7_B1,RTPD,MGHG,LMP_GHG_PRC,KERCKHOF_7_B1,ALL,1,0,2,75
2022-09-03T05:15:00-00:00,2022-09-03T05:30:00-00:00,2022-09-02,23,KERCKHOF_7_B1,KERCKHOF_7_B1,KERCKHOF_7_B1,RTPD,MGHG,LMP_GHG_PRC,KERCKHOF_7_B1,ALL,1,0,2,75
2022-09-03T06:15:00-00:00,2022-09-03T06:30:00-00:00,2022-09-02,24,KERCKHOF_7_B1,KERCKHOF_7_B1,KERCKHOF_7_B1,RTPD,MGHG,LMP_GHG_PRC,KERCKHOF_7_B1,ALL,1,0,2,75
2022-09-02T07:30:00-00:00,2022-09-02T07:45:00-00:00,2022-09-02,01,KERCKHOF_7_B1,KERCKHOF_7_B1,KERCKHOF_7_B1,RTPD,MGHG,LMP_GHG_PRC,KERCKHOF_7_B1,ALL,1,0,3,75
2022-09-02T08:30:00-00:00,2022-09-02T08:45:00-00:00,2022-09-02,02,KERCKHOF_7_B1,KERCKHOF_7_B1,KERCKHOF_7_B1,RTPD,MGHG,LMP_GHG_PRC,KERCKHOF_7_B1,ALL,1,0,3,75
2022-09-02T09:30:00-00:00,2022-09-02T09:45:00-00:00,2022-09-02,03,KERCKHOF_7_B1,KERCKHOF_7_B1,KERCKHOF_7_B1,RTPD,MGHG,LMP_GHG_PRC,KERCKHOF_7_B1,ALL,1,0,3,75
2022-09-02T10:30:00-00:00,2022-09-02T10:45:00-00:00,2022-09-02,04,KERCKHOF_7_B1,KERCKHOF_7_B1,KERCKHOF_7_B1,RTPD,MGHG,LMP_GHG_PRC,KERCKHOF_7_B1,ALL,1,0,3,75
2022-09-02T11:30:00-00:00,2022-09-02T11:45:00-00:00,2022-09-02,05,KERCKHOF_7_B1,KERCKHOF_7_B1,KERCKHOF_7_B1,RTPD,MGHG,LMP_GHG_PRC,KERCKHOF_7_B1,ALL,1,0,3,75
2022-09-02T12:30:00-00:00,2022-09-02T12:45:00-00:00,2022-09-02,06,KERCKHOF_7_B1,KERCKHOF_7_B1,KERCKHOF_7_B1,RTPD,MGHG,LMP_GHG_PRC,KERCKHOF_7_B1,ALL,1,0,3,75
2022-09-02T13:30:00-00:00,2022-09-02T13:45:00-00:00,2022-09-02,07,KERCKHOF_7_B1,KERCKHOF_7_B1,KERCKHOF_7_B1,RTPD,MGHG,LMP_GHG_PRC,KERCKHOF_7_B1,ALL,1,0,3,75
2022-09-02T14:30:00-00:00,2022-09-02T14:45:00-00:00,2022-09-02,08,KERCKHOF_7_B1,KERCKHOF_7_B1,KERCKHOF_7_B1,RTPD,MGHG,LMP_GHG_PRC,KERCKHOF_7_B1,ALL,1,0,3,75
2022-09-02T15:30:00-00:00,2022-09-02T15:45:00-00:00,2022-09-02,09,KERCKHOF_7_B1,KERCKHOF_7_B1,KERCKHOF_7_B1,RTPD,MGHG,LMP_GHG_PRC,KERCKHOF_7_B1,ALL,1,0,3,75
2022-09-02T16:30:00-00:00,2022-09-02T16:45:00-00:00,2022-09-02,10,KERCKHOF_7_B1,KERCKHOF_7_B1,KERCKHOF_7_B1,RTPD,MGHG,LMP_GHG_PRC,KERCKHOF_7_B1,ALL,1,0,3,75
2022-09-02T17:30:00-00:00,2022-09-02T17:45:00-00:00,2022-09-02,11,KERCKHOF_7_B1,KERCKHOF_7_B1,KERCKHOF_7_B1,RTPD,MGHG,LMP_GHG_PRC,KERCKHOF_7_B1,ALL,1,0,3,75
2022-09-02T18:30:00-00:00,2022-09-02T18:45:00-00:00,2022-09-02,12,KERCKHOF_7_B1,KERCKHOF_7_B1,KERCKHOF_7_B1,RTPD,MGHG,LMP_GHG_PRC,KERCKHOF_7_B1,ALL,1,0,3,75
2022-09-02T19:30:00-00:00,2022-09-02T19:45:00-00:00,2022-09-02,13,KERCKHOF_7_B1,KERCKHOF_7_B1,KERCKHOF_7_B1,RTPD,MGHG,LMP_GHG_PRC,KERCKHOF_7_B1,ALL,1,0,3,75
2022-09-02T20:30:00-00:00,2022-09-02T20:45:00-00:00,2022-09-02,14,KERCKHOF_7_B1,KERCKHOF_7_B1,KERCKHOF_7_B1,RTPD,MGHG,LMP_GHG_PRC,KERCKHOF_7_B1,ALL,1,0,3,75
2022-09-02T21:30:00-00:00,2022-09-02T21:45:00-00:00,2022-09-02,15,KERCKHOF_7_B1,KERCKHOF_7_B1,KERCKHOF_7_B1,RTPD,MGHG,LMP_GHG_PRC,KERCKHOF_7_B1,ALL,1,0,3,75
2022-09-02T22:30:00-00:00,2022-09-02T22:45:00-00:00,2022-09-02,16,KERCKHOF_7_B1,KERCKHOF_7_B1,KERCKHOF_7_B1,RTPD,MGHG,LMP_GHG_PRC,KERCKHOF_7_B1,ALL,1,0,3,75
2022-09-02T23:30:00-00:00,2022-09-02T23:45:00-00:00,2022-09-02,17,KERCKHOF_7_B1,KERCKHOF_7_B1,KERCKHOF_7_B1,RTPD,MGHG,LMP_GHG_PRC,KERCKHOF_7_B1,ALL,1,0,3,75
2022-09-03T00:30:00-00:00,2022-09-03T00:45:00-00:00,2022-09-02,18,KERCKHOF_7_B1,KERCKHOF_7_B1,KERCKHOF_7_B1,RTPD,MGHG,LMP_GHG_PRC,KERCKHOF_7_B1,ALL,1,0,3,75
2022-09-03T01:30:00-00:00,2022-09-03T01:45:00-00:00,2022-09-02,19,KERCKHOF_7_B1,KERCKHOF_7_B1,KERCKHOF_7_B1,RTPD,MGHG,LMP_GHG_PRC,KERCKHOF_7_B1,ALL,1,0,3,75
2022-09-03T02:30:00-00:00,2022-09-03T02:45:00-00:00,2022-09-02,20,KERCKHOF_7_B1,KERCKHOF_7_B1,KERCKHOF_7_B1,RTPD,MGHG,LMP_GHG_PRC,KERCKHOF_7_B1,ALL,1,0,3,75
2022-09-03T03:30:00-00:00,2022-09-03T03:45:00-00:00,2022-09-02,21,KERCKHOF_7_B1,KERCKHOF_7_B1,KERCKHOF_7_B1,RTPD,MGHG,LMP_GHG_PRC,KERCKHOF_7_B1,ALL,1,0,3,75
2022-09-03T04:30:00-00:00,2022-09-03T04:45:00-00:00,2022-09-02,22,KERCKHOF_7_B1,KERCKHOF_7_B1,KERCKHOF_7_B1,RTPD,MGHG,LMP_GHG_PRC,KERCKHOF_7_B1,ALL,1,0,3,75
2022-09-03T05:30:00-00:00,2022-09-03T05:45:00-00:00,2022-09-02,23,KERCKHOF_7_B1,KERCKHOF_7_B1,KERCKHOF_7_B1,RTPD,MGHG,LMP_GHG_PRC,KERCKHOF_7_B1,ALL,1,0,3,75
2022-09-03T06:30:00-00:00,2022-09-03T06:45:00-00:00,2022-09-02,24,KERCKHOF_7_B1,KERCKHOF_7_B1,KERCKHOF_7_B1,RTPD,MGHG,LMP_GHG_PRC,KERCKHOF_7_B1,ALL,1,0,3,75
2022-09-02T07:45:00-00:00,2022-09-02T08:00:00-00:00,2022-09-02,01,KERCKHOF_7_B1,KERCKHOF_7_B1,KERCKHOF_7_B1,RTPD,MGHG,LMP_GHG_PRC,KERCKHOF_7_B1,ALL,1,0,4,75
2022-09-02T08:45:00-00:00,2022-09-02T09:00:00-00:00,2022-09-02,02,KERCKHOF_7_B1,KERCKHOF_7_B1,KERCKHOF_7_B1,RTPD,MGHG,LMP_GHG_PRC,KERCKHOF_7_B1,ALL,1,0,4,75
2022-09-02T09:45:00-00:00,2022-09-02T10:00:00-00:00,2022-09-02,03,KERCKHOF_7_B1,KERCKHOF_7_B1,KERCKHOF_7_B1,RTPD,MGHG,LMP_GHG_PRC,KERCKHOF_7_B1,ALL,1,0,4,75
2022-09-02T10:45:00-00:00,2022-09-02T11:00:00-00:00,2022-09-02,04,KERCKHOF_7_B1,KERCKHOF_7_B1,KERCKHOF_7_B1,RTPD,MGHG,LMP_GHG_PRC,KERCKHOF_7_B1,ALL,1,0,4,75
2022-09-02T11:45:00-00:00,2022-09-02T12:00:00-00:00,2022-09-02,05,KERCKHOF_7_B1,KERCKHOF_7_B1,KERCKHOF_7_B1,RTPD,MGHG,LMP_GHG_PRC,KERCKHOF_7_B1,ALL,1,0,4,75
2022-09-02T12:45:00-00:00,2022-09-02T13:00:00-00:00,2022-09-02,06,KERCKHOF_7_B1,KERCKHOF_7_B1,KERCKHOF_7_B1,RTPD,MGHG,LMP_GHG_PRC,KERCKHOF_7_B1,ALL,1,0,4,75
2022-09-02T13:45:00-00:00,2022-09-02T14:00:00-00:00,2022-09-02,07,KERCKHOF_7_B1,KERCKHOF_7_B1,KERCKHOF_7_B1,RTPD,MGHG,LMP_GHG_PRC,KERCKHOF_7_B1,ALL,1,0,4,75
2022-09-02T14:45:00-00:00,2022-09-02T15:00:00-00:00,2022-09-02,08,KERCKHOF_7_B1,KERCKHOF_7_B1,KERCKHOF_7_B1,RTPD,MGHG,LMP_GHG_PRC,KERCKHOF_7_B1,ALL,1,0,4,75
2022-09-02T15:45:00-00:00,2022-09-02T16:00:00-00:00,2022-09-02,09,KERCKHOF_7_B1,KERCKHOF_7_B1,KERCKHOF_7_B1,RTPD,MGHG,LMP_GHG_PRC,KERCKHOF_7_B1,ALL,1,0,4,75
2022-09-02T16:45:00-00:00,2022-09-02T17:00:00-00:00,2022-09-02,10,KERCKHOF_7_B1,KERCKHOF_7_B1,KERCKHOF_7_B1,RTPD,MGHG,LMP_GHG_PRC,KERCKHOF_7_B1,ALL,1,0,4,75
2022-09-02T17:45:00-00:00,2022-09-02T18:00:00-00:00,2022-09-02,11,KERCKHOF_7_B1,KERCKHOF_7_B1,KERCKHOF_7_B1,RTPD,MGHG,LMP_GHG_PRC,KERCKHOF_7_B1,ALL,1,0,4,75
2022-09-02T18:45:00-00:00,2022-09-02T19:00:00-00:00,2022-09-02,12,KERCKHOF_7_B1,KERCKHOF_7_B1,KERCKHOF_7_B1,RTPD,MGHG,LMP_GHG_PRC,KERCKHOF_7_B1,ALL,1,0,4,75
2022-09-02T19:45:00-00:00,2022-09-02T20:00:00-00:00,2022-09-02,13,KERCKHOF_7_B1,KERCKHOF_7_B1,KERCKHOF_7_B1,RTPD,MGHG,LMP_GHG_PRC,KERCKHOF_7_B1,ALL,1,0,4,75
2022-09-02T20:45:00-00:00,2022-09-02T21:00:00-00:00,2022-09-02,14,KERCKHOF_7_B1,KERCKHOF_7_B1,KERCKHOF_7_B1,RTPD,MGHG,LMP_GHG_PRC,KERCKHOF_7_B1,ALL,1,0,4,75
2022-09-02T21:45:00-00:00,2022-09-02T22:00:00-00:00,2022-09-02,15,KERCKHOF_7_B1,KERCKHOF_7_B1,KERCKHOF_7_B1,RTPD,MGHG,LMP_GHG_PRC,KERCKHOF_7_B1,ALL,1,0,4,75
2022-09-02T22:45:00-00:00,2022-09-02T23:00:00-00:00,2022-09-02,16,KERCKHOF_7_B1,KERCKHOF_7_B1,KERCKHOF_7_B1,RTPD,MGHG,LMP_GHG_PRC,KERCKHOF_7_B1,ALL,1,0,4,75
2022-09-02T23:45:00-00:00,2022-09-03T00:00:00-00:00,2022-09-02,17,KERCKHOF_7_B1,KERCKHOF_7_B1,KERCKHOF_7_B1,RTPD,MGHG,LMP_GHG_PRC,KERCKHOF_7_B1,ALL,1,0,4,75
2022-09-03T00:45:00-00:00,2022-09-03T01:00:00-00:00,2022-09-02,18,KERCKHOF_7_B1,KERCKHOF_7_B1,KERCKHOF_7_B1,RTPD,MGHG,LMP_GHG_PRC,KERCKHOF_7_B1,ALL,1,0,4,75
2022-09-03T01:45:00-00:00,2022-09-03T02:00:00-00:00,2022-09-02,19,KERCKHOF_7_B1,KERCKHOF_7_B1,KERCKHOF_7_B1,RTPD,MGHG,LMP_GHG_PRC,KERCKHOF_7_B1,ALL,1,0,4,75
2022-09-03T02:45:00-00:00,2022-09-03T03:00:00-00:00,2022-09-02,20,KERCKHOF_7_B1,KERCKHOF_7_B1,KERCKHOF_7_B1,RTPD,MGHG,LMP_GHG_PRC,KERCKHOF_7_B1,ALL,1,0,4,75
2022-09-03T03:45:00-00:00,2022-09-03T04:00:00-00:00,2022-09-02,21,KERCKHOF_7_B1,KERCKHOF_7_B1,KERCKHOF_7_B1,RTPD,MGHG,LMP_GHG_PRC,KERCKHOF_7_B1,ALL,1,0,4,75
2022-09-03T04:45:00-00:00,2022-09-03T05:00:00-00:00,2022-09-02,22,KERCKHOF_7_B1,KERCKHOF_7_B1,KERCKHOF_7_B1,RTPD,MGHG,LMP_GHG_PRC,KERCKHOF_7_B1,ALL,1,0,4,75
2022-09-03T05:45:00-00:00,2022-09-03T06:00:00-00:00,2022-09-02,23,KERCKHOF_7_B1,KERCKHOF_7_B1,KERCKHOF_7_B1,RTPD,MGHG,LMP_GHG_PRC,KERCKHOF_7_B1,ALL,1,0,4,75
2022-09-03T06:45:00-00:00,2022-09-03T07:00:00-00:00,2022-09-02,24,KERCKHOF_7_B1,KERCKHOF_7_B1,KERCKHOF_7_B1,RTPD,MGHG,LMP_GHG_PRC,KERCKHOF_7_B1,ALL,1,0,4,75
2022-09-02T07:00:00-00:00,2022-09-02T07:15:00-00:00,2022-09-02,01,KERMAN_6_N001,KERMAN_6_N001,KERMAN_6_N001,RTPD,LMP,LMP_PRC,KERMAN_6_N001,ALL,1,138.7543,1,76
2022-09-02T08:00:00-00:00,2022-09-02T08:15:00-00:00,2022-09-02,02,KERMAN_6_N001,KERMAN_6_N001,KERMAN_6_N001,RTPD,LMP,LMP_PRC,KERMAN_6_N001,ALL,1,155.36064,1,76
2022-09-02T09:00:00-00:00,2022-09-02T09:15:00-00:00,2022-09-02,03,KERMAN_6_N001,KERMAN_6_N001,KERMAN_6_N001,RTPD,LMP,LMP_PRC,KERMAN_6_N001,ALL,1,138.09795,1,76
2022-09-02T10:00:00-00:00,2022-09-02T10:15:00-00:00,2022-09-02,04,KERMAN_6_N001,KERMAN_6_N001,KERMAN_6_N001,RTPD,LMP,LMP_PRC,KERMAN_6_N001,ALL,1,123.91896,1,76
2022-09-02T11:00:00-00:00,2022-09-02T11:15:00-00:00,2022-09-02,05,KERMAN_6_N001,KERMAN_6_N001,KERMAN_6_N001,RTPD,LMP,LMP_PRC,KERMAN_6_N001,ALL,1,111.08836,1,76
2022-09-02T12:00:00-00:00,2022-09-02T12:15:00-00:00,2022-09-02,06,KERMAN_6_N001,KERMAN_6_N001,KERMAN_6_N001,RTPD,LMP,LMP_PRC,KERMAN_6_N001,ALL,1,135.40034,1,76
2022-09-02T13:00:00-00:00,2022-09-02T13:15:00-00:00,2022-09-02,07,KERMAN_6_N001,KERMAN_6_N001,KERMAN_6_N001,RTPD,LMP,LMP_PRC,KERMAN_6_N001,ALL,1,134.03777,1,76
2022-09-02T14:00:00-00:00,2022-09-02T14:15:00-00:00,2022-09-02,08,KERMAN_6_N001,KERMAN_6_N001,KERMAN_6_N001,RTPD,LMP,LMP_PRC,KERMAN_6_N001,ALL,1,128.04712,1,76
2022-09-02T15:00:00-00:00,2022-09-02T15:15:00-00:00,2022-09-02,09,KERMAN_6_N001,KERMAN_6_N001,KERMAN_6_N001,RTPD,LMP,LMP_PRC,KERMAN_6_N001,ALL,1,94.44776,1,76
2022-09-02T16:00:00-00:00,2022-09-02T16:15:00-00:00,2022-09-02,10,KERMAN_6_N001,KERMAN_6_N001,KERMAN_6_N001,RTPD,LMP,LMP_PRC,KERMAN_6_N001,ALL,1,93.91212,1,76
2022-09-02T17:00:00-00:00,2022-09-02T17:15:00-00:00,2022-09-02,11,KERMAN_6_N001,KERMAN_6_N001,KERMAN_6_N001,RTPD,LMP,LMP_PRC,KERMAN_6_N001,ALL,1,99.03578,1,76
2022-09-02T18:00:00-00:00,2022-09-02T18:15:00-00:00,2022-09-02,12,KERMAN_6_N001,KERMAN_6_N001,KERMAN_6_N001,RTPD,LMP,LMP_PRC,KERMAN_6_N001,ALL,1,106.02559,1,76
2022-09-02T19:00:00-00:00,2022-09-02T19:15:00-00:00,2022-09-02,13,KERMAN_6_N001,KERMAN_6_N001,KERMAN_6_N001,RTPD,LMP,LMP_PRC,KERMAN_6_N001,ALL,1,105.68983,1,76
2022-09-02T20:00:00-00:00,2022-09-02T20:15:00-00:00,2022-09-02,14,KERMAN_6_N001,KERMAN_6_N001,KERMAN_6_N001,RTPD,LMP,LMP_PRC,KERMAN_6_N001,ALL,1,108.63586,1,76
2022-09-02T21:00:00-00:00,2022-09-02T21:15:00-00:00,2022-09-02,15,KERMAN_6_N001,KERMAN_6_N001,KERMAN_6_N001,RTPD,LMP,LMP_PRC,KERMAN_6_N001,ALL,1,124.13634,1,76
2022-09-02T22:00:00-00:00,2022-09-02T22:15:00-00:00,2022-09-02,16,KERMAN_6_N001,KERMAN_6_N001,KERMAN_6_N001,RTPD,LMP,LMP_PRC,KERMAN_6_N001,ALL,1,145.57776,1,76
2022-09-02T23:00:00-00:00,2022-09-02T23:15:00-00:00,2022-09-02,17,KERMAN_6_N001,KERMAN_6_N001,KERMAN_6_N001,RTPD,LMP,LMP_PRC,KERMAN_6_N001,ALL,1,133.90659,1,76
2022-09-03T00:00:00-00:00,2022-09-03T00:15:00-00:00,2022-09-02,18,KERMAN_6_N001,KERMAN_6_N001,KERMAN_6_N001,RTPD,LMP,LMP_PRC,KERMAN_6_N001,ALL,1,119.1716,1,76
2022-09-03T01:00:00-00:00,2022-09-03T01:15:00-00:00,2022-09-02,19,KERMAN_6_N001,KERMAN_6_N001,KERMAN_6_N001,RTPD,LMP,LMP_PRC,KERMAN_6_N001,ALL,1,117.69881,1,76
2022-09-03T02:00:00-00:00,2022-09-03T02:15:00-00:00,2022-09-02,20,KERMAN_6_N001,KERMAN_6_N001,KERMAN_6_N001,RTPD,LMP,LMP_PRC,KERMAN_6_N001,ALL,1,226.02127,1,76
2022-09-03T03:00:00-00:00,2022-09-03T03:15:00-00:00,2022-09-02,21,KERMAN_6_N001,KERMAN_6_N001,KERMAN_6_N001,RTPD,LMP,LMP_PRC,KERMAN_6_N001,ALL,1,155.99791,1,76
2022-09-03T04:00:00-00:00,2022-09-03T04:15:00-00:00,2022-09-02,22,KERMAN_6_N001,KERMAN_6_N001,KERMAN_6_N001,RTPD,LMP,LMP_PRC,KERMAN_6_N001,ALL,1,176.50629,1,76
2022-09-03T05:00:00-00:00,2022-09-03T05:15:00-00:00,2022-09-02,23,KERMAN_6_N001,KERMAN_6_N001,KERMAN_6_N001,RTPD,LMP,LMP_PRC,KERMAN_6_N001,ALL,1,150.49866,1,76
2022-09-03T06:00:00-00:00,2022-09-03T06:15:00-00:00,2022-09-02,24,KERMAN_6_N001,KERMAN_6_N001,KERMAN_6_N001,RTPD,LMP,LMP_PRC,KERMAN_6_N001,ALL,1,394.1222,1,76
2022-09-02T07:15:00-00:00,2022-09-02T07:30:00-00:00,2022-09-02,01,KERMAN_6_N001,KERMAN_6_N001,KERMAN_6_N001,RTPD,LMP,LMP_PRC,KERMAN_6_N001,ALL,1,141.60728,2,76
2022-09-02T08:15:00-00:00,2022-09-02T08:30:00-00:00,2022-09-02,02,KERMAN_6_N001,KERMAN_6_N001,KERMAN_6_N001,RTPD,LMP,LMP_PRC,KERMAN_6_N001,ALL,1,172.28848,2,76
2022-09-02T09:15:00-00:00,2022-09-02T09:30:00-00:00,2022-09-02,03,KERMAN_6_N001,KERMAN_6_N001,KERMAN_6_N001,RTPD,LMP,LMP_PRC,KERMAN_6_N001,ALL,1,144.21938,2,76
2022-09-02T10:15:00-00:00,2022-09-02T10:30:00-00:00,2022-09-02,04,KERMAN_6_N001,KERMAN_6_N001,KERMAN_6_N001,RTPD,LMP,LMP_PRC,KERMAN_6_N001,ALL,1,119.95489,2,76
2022-09-02T11:15:00-00:00,2022-09-02T11:30:00-00:00,2022-09-02,05,KERMAN_6_N001,KERMAN_6_N001,KERMAN_6_N001,RTPD,LMP,LMP_PRC,KERMAN_6_N001,ALL,1,111.26248,2,76
2022-09-02T12:15:00-00:00,2022-09-02T12:30:00-00:00,2022-09-02,06,KERMAN_6_N001,KERMAN_6_N001,KERMAN_6_N001,RTPD,LMP,LMP_PRC,KERMAN_6_N001,ALL,1,133.36424,2,76
2022-09-02T13:15:00-00:00,2022-09-02T13:30:00-00:00,2022-09-02,07,KERMAN_6_N001,KERMAN_6_N001,KERMAN_6_N001,RTPD,LMP,LMP_PRC,KERMAN_6_N001,ALL,1,133.16216,2,76
2022-09-02T14:15:00-00:00,2022-09-02T14:30:00-00:00,2022-09-02,08,KERMAN_6_N001,KERMAN_6_N001,KERMAN_6_N001,RTPD,LMP,LMP_PRC,KERMAN_6_N001,ALL,1,121.14797,2,76
2022-09-02T15:15:00-00:00,2022-09-02T15:30:00-00:00,2022-09-02,09,KERMAN_6_N001,KERMAN_6_N001,KERMAN_6_N001,RTPD,LMP,LMP_PRC,KERMAN_6_N001,ALL,1,83.47292,2,76
2022-09-02T16:15:00-00:00,2022-09-02T16:30:00-00:00,2022-09-02,10,KERMAN_6_N001,KERMAN_6_N001,KERMAN_6_N001,RTPD,LMP,LMP_PRC,KERMAN_6_N001,ALL,1,98.33534,2,76
2022-09-02T17:15:00-00:00,2022-09-02T17:30:00-00:00,2022-09-02,11,KERMAN_6_N001,KERMAN_6_N001,KERMAN_6_N001,RTPD,LMP,LMP_PRC,KERMAN_6_N001,ALL,1,108.09541,2,76
2022-09-02T18:15:00-00:00,2022-09-02T18:30:00-00:00,2022-09-02,12,KERMAN_6_N001,KERMAN_6_N001,KERMAN_6_N001,RTPD,LMP,LMP_PRC,KERMAN_6_N001,ALL,1,110.65677,2,76
2022-09-02T19:15:00-00:00,2022-09-02T19:30:00-00:00,2022-09-02,13,KERMAN_6_N001,KERMAN_6_N001,KERMAN_6_N001,RTPD,LMP,LMP_PRC,KERMAN_6_N001,ALL,1,110.73584,2,76
2022-09-02T20:15:00-00:00,2022-09-02T20:30:00-00:00,2022-09-02,14,KERMAN_6_N001,KERMAN_6_N001,KERMAN_6_N001,RTPD,LMP,LMP_PRC,KERMAN_6_N001,ALL,1,111.7855,2,76
2022-09-02T21:15:00-00:00,2022-09-02T21:30:00-00:00,2022-09-02,15,KERMAN_6_N001,KERMAN_6_N001,KERMAN_6_N001,RTPD,LMP,LMP_PRC,KERMAN_6_N001,ALL,1,125.60672,2,76
2022-09-02T22:15:00-00:00,2022-09-02T22:30:00-00:00,2022-09-02,16,KERMAN_6_N001,KERMAN_6_N001,KERMAN_6_N001,RTPD,LMP,LMP_PRC,KERMAN_6_N001,ALL,1,159.09114,2,76
2022-09-02T23:15:00-00:00,2022-09-02T23:30:00-00:00,2022-09-02,17,KERMAN_6_N001,KERMAN_6_N001,KERMAN_6_N001,RTPD,LMP,LMP_PRC,KERMAN_6_N001,ALL,1,136.77458,2,76
2022-09-03T00:15:00-00:00,2022-09-03T00:30:00-00:00,2022-09-02,18,KERMAN_6_N001,KERMAN_6_N001,KERMAN_6_N001,RTPD,LMP,LMP_PRC,KERMAN_6_N001,ALL,1,134.09099,2,76
2022-09-03T01:15:00-00:00,2022-09-03T01:30:00-00:00,2022-09-02,19,KERMAN_6_N001,KERMAN_6_N001,KERMAN_6_N001,RTPD,LMP,LMP_PRC,KERMAN_6_N001,ALL,1,139.80403,2,76
2022-09-03T02:15:00-00:00,2022-09-03T02:30:00-00:00,2022-09-02,20,KERMAN_6_N001,KERMAN_6_N001,KERMAN_6_N001,RTPD,LMP,LMP_PRC,KERMAN_6_N001,ALL,1,222.23276,2,76
2022-09-03T03:15:00-00:00,2022-09-03T03:30:00-00:00,2022-09-02,21,KERMAN_6_N001,KERMAN_6_N001,KERMAN_6_N001,RTPD,LMP,LMP_PRC,KERMAN_6_N001,ALL,1,153.8219,2,76
2022-09-03T04:15:00-00:00,2022-09-03T04:30:00-00:00,2022-09-02,22,KERMAN_6_N001,KERMAN_6_N001,KERMAN_6_N001,RTPD,LMP,LMP_PRC,KERMAN_6_N001,ALL,1,199.92677,2,76
2022-09-03T05:15:00-00:00,2022-09-03T05:30:00-00:00,2022-09-02,23,KERMAN_6_N001,KERMAN_6_N001,KERMAN_6_N001,RTPD,LMP,LMP_PRC,KERMAN_6_N001,ALL,1,127.61262,2,76
2022-09-03T06:15:00-00:00,2022-09-03T06:30:00-00:00,2022-09-02,24,KERMAN_6_N001,KERMAN_6_N001,KERMAN_6_N001,RTPD,LMP,LMP_PRC,KERMAN_6_N001,ALL,1,105.36079,2,76
2022-09-02T07:30:00-00:00,2022-09-02T07:45:00-00:00,2022-09-02,01,KERMAN_6_N001,KERMAN_6_N001,KERMAN_6_N001,RTPD,LMP,LMP_PRC,KERMAN_6_N001,ALL,1,143.91399,3,76
2022-09-02T08:30:00-00:00,2022-09-02T08:45:00-00:00,2022-09-02,02,KERMAN_6_N001,KERMAN_6_N001,KERMAN_6_N001,RTPD,LMP,LMP_PRC,KERMAN_6_N001,ALL,1,131.2159,3,76
2022-09-02T09:30:00-00:00,2022-09-02T09:45:00-00:00,2022-09-02,03,KERMAN_6_N001,KERMAN_6_N001,KERMAN_6_N001,RTPD,LMP,LMP_PRC,KERMAN_6_N001,ALL,1,132.68735,3,76
2022-09-02T10:30:00-00:00,2022-09-02T10:45:00-00:00,2022-09-02,04,KERMAN_6_N001,KERMAN_6_N001,KERMAN_6_N001,RTPD,LMP,LMP_PRC,KERMAN_6_N001,ALL,1,124.79135,3,76
2022-09-02T11:30:00-00:00,2022-09-02T11:45:00-00:00,2022-09-02,05,KERMAN_6_N001,KERMAN_6_N001,KERMAN_6_N001,RTPD,LMP,LMP_PRC,KERMAN_6_N001,ALL,1,108.30224,3,76
2022-09-02T12:30:00-00:00,2022-09-02T12:45:00-00:00,2022-09-02,06,KERMAN_6_N001,KERMAN_6_N001,KERMAN_6_N001,RTPD,LMP,LMP_PRC,KERMAN_6_N001,ALL,1,132.84515,3,76
2022-09-02T13:30:00-00:00,2022-09-02T13:45:00-00:00,2022-09-02,07,KERMAN_6_N001,KERMAN_6_N001,KERMAN_6_N001,RTPD,LMP,LMP_PRC,KERMAN_6_N001,ALL,1,116.44897,3,76
2022-09-02T14:30:00-00:00,2022-09-02T14:45:00-00:00,2022-09-02,08,KERMAN_6_N001,KERMAN_6_N001,KERMAN_6_N001,RTPD,LMP,LMP_PRC,KERMAN_6_N001,ALL,1,108.58124,3,76
2022-09-02T15:30:00-00:00,2022-09-02T15:45:00-00:00,2022-09-02,09,KERMAN_6_N001,KERMAN_6_N001,KERMAN_6_N001,RTPD,LMP,LMP_PRC,KERMAN_6_N001,ALL,1,84.83027,3,76
2022-09-02T16:30:00-00:00,2022-09-02T16:45:00-00:00,2022-09-02,10,KERMAN_6_N001,KERMAN_6_N001,KERMAN_6_N001,RTPD,LMP,LMP_PRC,KERMAN_6_N001,ALL,1,95.26718,3,76
2022-09-02T17:30:00-00:00,2022-09-02T17:45:00-00:00,2022-09-02,11,KERMAN_6_N001,KERMAN_6_N001,KERMAN_6_N001,RTPD,LMP,LMP_PRC,KERMAN_6_N001,ALL,1,108.2184,3,76
2022-09-02T18:30:00-00:00,2022-09-02T18:45:00-00:00,2022-09-02,12,KERMAN_6_N001,KERMAN_6_N001,KERMAN_6_N001,RTPD,LMP,LMP_PRC,KERMAN_6_N001,ALL,1,115.87024,3,76
2022-09-02T19:30:00-00:00,2022-09-02T19:45:00-00:00,2022-09-02,13,KERMAN_6_N001,KERMAN_6_N001,KERMAN_6_N001,RTPD,LMP,LMP_PRC,KERMAN_6_N001,ALL,1,116.06915,3,76
2022-09-02T20:30:00-00:00,2022-09-02T20:45:00-00:00,2022-09-02,14,KERMAN_6_N001,KERMAN_6_N001,KERMAN_6_N001,RTPD,LMP,LMP_PRC,KERMAN_6_N001,ALL,1,118.68391,3,76
2022-09-02T21:30:00-00:00,2022-09-02T21:45:00-00:00,2022-09-02,15,KERMAN_6_N001,KERMAN_6_N001,KERMAN_6_N001,RTPD,LMP,LMP_PRC,KERMAN_6_N001,ALL,1,138.83913,3,76
2022-09-02T22:30:00-00:00,2022-09-02T22:45:00-00:00,2022-09-02,16,KERMAN_6_N001,KERMAN_6_N001,KERMAN_6_N001,RTPD,LMP,LMP_PRC,KERMAN_6_N001,ALL,1,183.29904,3,76
2022-09-02T23:30:00-00:00,2022-09-02T23:45:00-00:00,2022-09-02,17,KERMAN_6_N001,KERMAN_6_N001,KERMAN_6_N001,RTPD,LMP,LMP_PRC,KERMAN_6_N001,ALL,1,151.84454,3,76
2022-09-03T00:30:00-00:00,2022-09-03T00:45:00-00:00,2022-09-02,18,KERMAN_6_N001,KERMAN_6_N001,KERMAN_6_N001,RTPD,LMP,LMP_PRC,KERMAN_6_N001,ALL,1,149.0628,3,76
2022-09-03T01:30:00-00:00,2022-09-03T01:45:00-00:00,2022-09-02,19,KERMAN_6_N001,KERMAN_6_N001,KERMAN_6_N001,RTPD,LMP,LMP_PRC,KERMAN_6_N001,ALL,1,219.01859,3,76
2022-09-03T02:30:00-00:00,2022-09-03T02:45:00-00:00,2022-09-02,20,KERMAN_6_N001,KERMAN_6_N001,KERMAN_6_N001,RTPD,LMP,LMP_PRC,KERMAN_6_N001,ALL,1,199.17783,3,76
2022-09-03T03:30:00-00:00,2022-09-03T03:45:00-00:00,2022-09-02,21,KERMAN_6_N001,KERMAN_6_N001,KERMAN_6_N001,RTPD,LMP,LMP_PRC,KERMAN_6_N001,ALL,1,145.31097,3,76
2022-09-03T04:30:00-00:00,2022-09-03T04:45:00-00:00,2022-09-02,22,KERMAN_6_N001,KERMAN_6_N001,KERMAN_6_N001,RTPD,LMP,LMP_PRC,KERMAN_6_N001,ALL,1,140.34703,3,76
2022-09-03T05:30:00-00:00,2022-09-03T05:45:00-00:00,2022-09-02,23,KERMAN_6_N001,KERMAN_6_N001,KERMAN_6_N001,RTPD,LMP,LMP_PRC,KERMAN_6_N001,ALL,1,119.47074,3,76
2022-09-03T06:30:00-00:00,2022-09-03T06:45:00-00:00,2022-09-02,24,KERMAN_6_N001,KERMAN_6_N001,KERMAN_6_N001,RTPD,LMP,LMP_PRC,KERMAN_6_N001,ALL,1,89.73083,3,76
2022-09-02T07:45:00-00:00,2022-09-02T08:00:00-00:00,2022-09-02,01,KERMAN_6_N001,KERMAN_6_N001,KERMAN_6_N001,RTPD,LMP,LMP_PRC,KERMAN_6_N001,ALL,1,117.98602,4,76
2022-09-02T08:45:00-00:00,2022-09-02T09:00:00-00:00,2022-09-02,02,KERMAN_6_N001,KERMAN_6_N001,KERMAN_6_N001,RTPD,LMP,LMP_PRC,KERMAN_6_N001,ALL,1,115.33005,4,76
2022-09-02T09:45:00-00:00,2022-09-02T10:00:00-00:00,2022-09-02,03,KERMAN_6_N001,KERMAN_6_N001,KERMAN_6_N001,RTPD,LMP,LMP_PRC,KERMAN_6_N001,ALL,1,116.3109,4,76
2022-09-02T10:45:00-00:00,2022-09-02T11:00:00-00:00,2022-09-02,04,KERMAN_6_N001,KERMAN_6_N001,KERMAN_6_N001,RTPD,LMP,LMP_PRC,KERMAN_6_N001,ALL,1,109.92453,4,76
2022-09-02T11:45:00-00:00,2022-09-02T12:00:00-00:00,2022-09-02,05,KERMAN_6_N001,KERMAN_6_N001,KERMAN_6_N001,RTPD,LMP,LMP_PRC,KERMAN_6_N001,ALL,1,139.06421,4,76
2022-09-02T12:45:00-00:00,2022-09-02T13:00:00-00:00,2022-09-02,06,KERMAN_6_N001,KERMAN_6_N001,KERMAN_6_N001,RTPD,LMP,LMP_PRC,KERMAN_6_N001,ALL,1,142.90067,4,76
2022-09-02T13:45:00-00:00,2022-09-02T14:00:00-00:00,2022-09-02,07,KERMAN_6_N001,KERMAN_6_N001,KERMAN_6_N001,RTPD,LMP,LMP_PRC,KERMAN_6_N001,ALL,1,110.23694,4,76
2022-09-02T14:45:00-00:00,2022-09-02T15:00:00-00:00,2022-09-02,08,KERMAN_6_N001,KERMAN_6_N001,KERMAN_6_N001,RTPD,LMP,LMP_PRC,KERMAN_6_N001,ALL,1,93.51982,4,76
2022-09-02T15:45:00-00:00,2022-09-02T16:00:00-00:00,2022-09-02,09,KERMAN_6_N001,KERMAN_6_N001,KERMAN_6_N001,RTPD,LMP,LMP_PRC,KERMAN_6_N001,ALL,1,87.1335,4,76
2022-09-02T16:45:00-00:00,2022-09-02T17:00:00-00:00,2022-09-02,10,KERMAN_6_N001,KERMAN_6_N001,KERMAN_6_N001,RTPD,LMP,LMP_PRC,KERMAN_6_N001,ALL,1,99.43056,4,76
2022-09-02T17:45:00-00:00,2022-09-02T18:00:00-00:00,2022-09-02,11,KERMAN_6_N001,KERMAN_6_N001,KERMAN_6_N001,RTPD,LMP,LMP_PRC,KERMAN_6_N001,ALL,1,110.41271,4,76
2022-09-02T18:45:00-00:00,2022-09-02T19:00:00-00:00,2022-09-02,12,KERMAN_6_N001,KERMAN_6_N001,KERMAN_6_N001,RTPD,LMP,LMP_PRC,KERMAN_6_N001,ALL,1,124.0155,4,76
2022-09-02T19:45:00-00:00,2022-09-02T20:00:00-00:00,2022-09-02,13,KERMAN_6_N001,KERMAN_6_N001,KERMAN_6_N001,RTPD,LMP,LMP_PRC,KERMAN_6_N001,ALL,1,132.15903,4,76
2022-09-02T20:45:00-00:00,2022-09-02T21:00:00-00:00,2022-09-02,14,KERMAN_6_N001,KERMAN_6_N001,KERMAN_6_N001,RTPD,LMP,LMP_PRC,KERMAN_6_N001,ALL,1,142.47021,4,76
2022-09-02T21:45:00-00:00,2022-09-02T22:00:00-00:00,2022-09-02,15,KERMAN_6_N001,KERMAN_6_N001,KERMAN_6_N001,RTPD,LMP,LMP_PRC,KERMAN_6_N001,ALL,1,179.34743,4,76
2022-09-02T22:45:00-00:00,2022-09-02T23:00:00-00:00,2022-09-02,16,KERMAN_6_N001,KERMAN_6_N001,KERMAN_6_N001,RTPD,LMP,LMP_PRC,KERMAN_6_N001,ALL,1,247.4294,4,76
2022-09-02T23:45:00-00:00,2022-09-03T00:00:00-00:00,2022-09-02,17,KERMAN_6_N001,KERMAN_6_N001,KERMAN_6_N001,RTPD,LMP,LMP_PRC,KERMAN_6_N001,ALL,1,253.08046,4,76
2022-09-03T00:45:00-00:00,2022-09-03T01:00:00-00:00,2022-09-02,18,KERMAN_6_N001,KERMAN_6_N001,KERMAN_6_N001,RTPD,LMP,LMP_PRC,KERMAN_6_N001,ALL,1,231.91946,4,76
2022-09-03T01:45:00-00:00,2022-09-03T02:00:00-00:00,2022-09-02,19,KERMAN_6_N001,KERMAN_6_N001,KERMAN_6_N001,RTPD,LMP,LMP_PRC,KERMAN_6_N001,ALL,1,299.48355,4,76
2022-09-03T02:45:00-00:00,2022-09-03T03:00:00-00:00,2022-09-02,20,KERMAN_6_N001,KERMAN_6_N001,KERMAN_6_N001,RTPD,LMP,LMP_PRC,KERMAN_6_N001,ALL,1,184.87994,4,76
2022-09-03T03:45:00-00:00,2022-09-03T04:00:00-00:00,2022-09-02,21,KERMAN_6_N001,KERMAN_6_N001,KERMAN_6_N001,RTPD,LMP,LMP_PRC,KERMAN_6_N001,ALL,1,136.20242,4,76
2022-09-03T04:45:00-00:00,2022-09-03T05:00:00-00:00,2022-09-02,22,KERMAN_6_N001,KERMAN_6_N001,KERMAN_6_N001,RTPD,LMP,LMP_PRC,KERMAN_6_N001,ALL,1,122.55681,4,76
2022-09-03T05:45:00-00:00,2022-09-03T06:00:00-00:00,2022-09-02,23,KERMAN_6_N001,KERMAN_6_N001,KERMAN_6_N001,RTPD,LMP,LMP_PRC,KERMAN_6_N001,ALL,1,113.76311,4,76
2022-09-03T06:45:00-00:00,2022-09-03T07:00:00-00:00,2022-09-02,24,KERMAN_6_N001,KERMAN_6_N001,KERMAN_6_N001,RTPD,LMP,LMP_PRC,KERMAN_6_N001,ALL,1,88.4553,4,76
2022-09-02T07:00:00-00:00,2022-09-02T07:15:00-00:00,2022-09-02,01,KERMAN_6_N001,KERMAN_6_N001,KERMAN_6_N001,RTPD,MCC,LMP_CONG_PRC,KERMAN_6_N001,ALL,1,0,1,77
2022-09-02T08:00:00-00:00,2022-09-02T08:15:00-00:00,2022-09-02,02,KERMAN_6_N001,KERMAN_6_N001,KERMAN_6_N001,RTPD,MCC,LMP_CONG_PRC,KERMAN_6_N001,ALL,1,24.2453,1,77
2022-09-02T09:00:00-00:00,2022-09-02T09:15:00-00:00,2022-09-02,03,KERMAN_6_N001,KERMAN_6_N001,KERMAN_6_N001,RTPD,MCC,LMP_CONG_PRC,KERMAN_6_N001,ALL,1,12.60244,1,77
2022-09-02T10:00:00-00:00,2022-09-02T10:15:00-00:00,2022-09-02,04,KERMAN_6_N001,KERMAN_6_N001,KERMAN_6_N001,RTPD,MCC,LMP_CONG_PRC,KERMAN_6_N001,ALL,1,10.53863,1,77
2022-09-02T11:00:00-00:00,2022-09-02T11:15:00-00:00,2022-09-02,05,KERMAN_6_N001,KERMAN_6_N001,KERMAN_6_N001,RTPD,MCC,LMP_CONG_PRC,KERMAN_6_N001,ALL,1,11.29227,1,77
2022-09-02T12:00:00-00:00,2022-09-02T12:15:00-00:00,2022-09-02,06,KERMAN_6_N001,KERMAN_6_N001,KERMAN_6_N001,RTPD,MCC,LMP_CONG_PRC,KERMAN_6_N001,ALL,1,31.76323,1,77
2022-09-02T13:00:00-00:00,2022-09-02T13:15:00-00:00,2022-09-02,07,KERMAN_6_N001,KERMAN_6_N001,KERMAN_6_N001,RTPD,MCC,LMP_CONG_PRC,KERMAN_6_N001,ALL,1,28.06997,1,77
2022-09-02T14:00:00-00:00,2022-09-02T14:15:00-00:00,2022-09-02,08,KERMAN_6_N001,KERMAN_6_N001,KERMAN_6_N001,RTPD,MCC,LMP_CONG_PRC,KERMAN_6_N001,ALL,1,2.53121,1,77
2022-09-02T15:00:00-00:00,2022-09-02T15:15:00-00:00,2022-09-02,09,KERMAN_6_N001,KERMAN_6_N001,KERMAN_6_N001,RTPD,MCC,LMP_CONG_PRC,KERMAN_6_N001,ALL,1,1.54119,1,77
2022-09-02T16:00:00-00:00,2022-09-02T16:15:00-00:00,2022-09-02,10,KERMAN_6_N001,KERMAN_6_N001,KERMAN_6_N001,RTPD,MCC,LMP_CONG_PRC,KERMAN_6_N001,ALL,1,0.95547,1,77
2022-09-02T17:00:00-00:00,2022-09-02T17:15:00-00:00,2022-09-02,11,KERMAN_6_N001,KERMAN_6_N001,KERMAN_6_N001,RTPD,MCC,LMP_CONG_PRC,KERMAN_6_N001,ALL,1,0,1,77
2022-09-02T18:00:00-00:00,2022-09-02T18:15:00-00:00,2022-09-02,12,KERMAN_6_N001,KERMAN_6_N001,KERMAN_6_N001,RTPD,MCC,LMP_CONG_PRC,KERMAN_6_N001,ALL,1,0,1,77
2022-09-02T19:00:00-00:00,2022-09-02T19:15:00-00:00,2022-09-02,13,KERMAN_6_N001,KERMAN_6_N001,KERMAN_6_N001,RTPD,MCC,LMP_CONG_PRC,KERMAN_6_N001,ALL,1,0,1,77
2022-09-02T20:00:00-00:00,2022-09-02T20:15:00-00:00,2022-09-02,14,KERMAN_6_N001,KERMAN_6_N001,KERMAN_6_N001,RTPD,MCC,LMP_CONG_PRC,KERMAN_6_N001,ALL,1,0,1,77
2022-09-02T21:00:00-00:00,2022-09-02T21:15:00-00:00,2022-09-02,15,KERMAN_6_N001,KERMAN_6_N001,KERMAN_6_N001,RTPD,MCC,LMP_CONG_PRC,KERMAN_6_N001,ALL,1,0,1,77
2022-09-02T22:00:00-00:00,2022-09-02T22:15:00-00:00,2022-09-02,16,KERMAN_6_N001,KERMAN_6_N001,KERMAN_6_N001,RTPD,MCC,LMP_CONG_PRC,KERMAN_6_N001,ALL,1,0,1,77
2022-09-02T23:00:00-00:00,2022-09-02T23:15:00-00:00,2022-09-02,17,KERMAN_6_N001,KERMAN_6_N001,KERMAN_6_N001,RTPD,MCC,LMP_CONG_PRC,KERMAN_6_N001,ALL,1,-7.72991,1,77
2022-09-03T00:00:00-00:00,2022-09-03T00:15:00-00:00,2022-09-02,18,KERMAN_6_N001,KERMAN_6_N001,KERMAN_6_N001,RTPD,MCC,LMP_CONG_PRC,KERMAN_6_N001,ALL,1,-129.81262,1,77
2022-09-03T01:00:00-00:00,2022-09-03T01:15:00-00:00,2022-09-02,19,KERMAN_6_N001,KERMAN_6_N001,KERMAN_6_N001,RTPD,MCC,LMP_CONG_PRC,KERMAN_6_N001,ALL,1,-35.00004,1,77
2022-09-03T02:00:00-00:00,2022-09-03T02:15:00-00:00,2022-09-02,20,KERMAN_6_N001,KERMAN_6_N001,KERMAN_6_N001,RTPD,MCC,LMP_CONG_PRC,KERMAN_6_N001,ALL,1,0,1,77
2022-09-03T03:00:00-00:00,2022-09-03T03:15:00-00:00,2022-09-02,21,KERMAN_6_N001,KERMAN_6_N001,KERMAN_6_N001,RTPD,MCC,LMP_CONG_PRC,KERMAN_6_N001,ALL,1,0,1,77
2022-09-03T04:00:00-00:00,2022-09-03T04:15:00-00:00,2022-09-02,22,KERMAN_6_N001,KERMAN_6_N001,KERMAN_6_N001,RTPD,MCC,LMP_CONG_PRC,KERMAN_6_N001,ALL,1,-2.11024,1,77
2022-09-03T05:00:00-00:00,2022-09-03T05:15:00-00:00,2022-09-02,23,KERMAN_6_N001,KERMAN_6_N001,KERMAN_6_N001,RTPD,MCC,LMP_CONG_PRC,KERMAN_6_N001,ALL,1,-11.48936,1,77
2022-09-03T06:00:00-00:00,2022-09-03T06:15:00-00:00,2022-09-02,24,KERMAN_6_N001,KERMAN_6_N001,KERMAN_6_N001,RTPD,MCC,LMP_CONG_PRC,KERMAN_6_N001,ALL,1,233.97533,1,77
2022-09-02T07:15:00-00:00,2022-09-02T07:30:00-00:00,2022-09-02,01,KERMAN_6_N001,KERMAN_6_N001,KERMAN_6_N001,RTPD,MCC,LMP_CONG_PRC,KERMAN_6_N001,ALL,1,9.06754,2,77
2022-09-02T08:15:00-00:00,2022-09-02T08:30:00-00:00,2022-09-02,02,KERMAN_6_N001,KERMAN_6_N001,KERMAN_6_N001,RTPD,MCC,LMP_CONG_PRC,KERMAN_6_N001,ALL,1,47.36259,2,77
2022-09-02T09:15:00-00:00,2022-09-02T09:30:00-00:00,2022-09-02,03,KERMAN_6_N001,KERMAN_6_N001,KERMAN_6_N001,RTPD,MCC,LMP_CONG_PRC,KERMAN_6_N001,ALL,1,22.2326,2,77
2022-09-02T10:15:00-00:00,2022-09-02T10:30:00-00:00,2022-09-02,04,KERMAN_6_N001,KERMAN_6_N001,KERMAN_6_N001,RTPD,MCC,LMP_CONG_PRC,KERMAN_6_N001,ALL,1,6.75504,2,77
2022-09-02T11:15:00-00:00,2022-09-02T11:30:00-00:00,2022-09-02,05,KERMAN_6_N001,KERMAN_6_N001,KERMAN_6_N001,RTPD,MCC,LMP_CONG_PRC,KERMAN_6_N001,ALL,1,13.47491,2,77
2022-09-02T12:15:00-00:00,2022-09-02T12:30:00-00:00,2022-09-02,06,KERMAN_6_N001,KERMAN_6_N001,KERMAN_6_N001,RTPD,MCC,LMP_CONG_PRC,KERMAN_6_N001,ALL,1,30.27139,2,77
2022-09-02T13:15:00-00:00,2022-09-02T13:30:00-00:00,2022-09-02,07,KERMAN_6_N001,KERMAN_6_N001,KERMAN_6_N001,RTPD,MCC,LMP_CONG_PRC,KERMAN_6_N001,ALL,1,25.60133,2,77
2022-09-02T14:15:00-00:00,2022-09-02T14:30:00-00:00,2022-09-02,08,KERMAN_6_N001,KERMAN_6_N001,KERMAN_6_N001,RTPD,MCC,LMP_CONG_PRC,KERMAN_6_N001,ALL,1,3.6139,2,77
2022-09-02T15:15:00-00:00,2022-09-02T15:30:00-00:00,2022-09-02,09,KERMAN_6_N001,KERMAN_6_N001,KERMAN_6_N001,RTPD,MCC,LMP_CONG_PRC,KERMAN_6_N001,ALL,1,1.21925,2,77
2022-09-02T16:15:00-00:00,2022-09-02T16:30:00-00:00,2022-09-02,10,KERMAN_6_N001,KERMAN_6_N001,KERMAN_6_N001,RTPD,MCC,LMP_CONG_PRC,KERMAN_6_N001,ALL,1,1.63379,2,77
2022-09-02T17:15:00-00:00,2022-09-02T17:30:00-00:00,2022-09-02,11,KERMAN_6_N001,KERMAN_6_N001,KERMAN_6_N001,RTPD,MCC,LMP_CONG_PRC,KERMAN_6_N001,ALL,1,0,2,77
2022-09-02T18:15:00-00:00,2022-09-02T18:30:00-00:00,2022-09-02,12,KERMAN_6_N001,KERMAN_6_N001,KERMAN_6_N001,RTPD,MCC,LMP_CONG_PRC,KERMAN_6_N001,ALL,1,0,2,77
2022-09-02T19:15:00-00:00,2022-09-02T19:30:00-00:00,2022-09-02,13,KERMAN_6_N001,KERMAN_6_N001,KERMAN_6_N001,RTPD,MCC,LMP_CONG_PRC,KERMAN_6_N001,ALL,1,0,2,77
2022-09-02T20:15:00-00:00,2022-09-02T20:30:00-00:00,2022-09-02,14,KERMAN_6_N001,KERMAN_6_N001,KERMAN_6_N001,RTPD,MCC,LMP_CONG_PRC,KERMAN_6_N001,ALL,1,-0.0016,2,77
2022-09-02T21:15:00-00:00,2022-09-02T21:30:00-00:00,2022-09-02,15,KERMAN_6_N001,KERMAN_6_N001,KERMAN_6_N001,RTPD,MCC,LMP_CONG_PRC,KERMAN_6_N001,ALL,1,0,2,77
2022-09-02T22:15:00-00:00,2022-09-02T22:30:00-00:00,2022-09-02,16,KERMAN_6_N001,KERMAN_6_N001,KERMAN_6_N001,RTPD,MCC,LMP_CONG_PRC,KERMAN_6_N001,ALL,1,-0.23073,2,77
2022-09-02T23:15:00-00:00,2022-09-02T23:30:00-00:00,2022-09-02,17,KERMAN_6_N001,KERMAN_6_N001,KERMAN_6_N001,RTPD,MCC,LMP_CONG_PRC,KERMAN_6_N001,ALL,1,-14.76006,2,77
2022-09-03T00:15:00-00:00,2022-09-03T00:30:00-00:00,2022-09-02,18,KERMAN_6_N001,KERMAN_6_N001,KERMAN_6_N001,RTPD,MCC,LMP_CONG_PRC,KERMAN_6_N001,ALL,1,-38.68729,2,77
2022-09-03T01:15:00-00:00,2022-09-03T01:30:00-00:00,2022-09-02,19,KERMAN_6_N001,KERMAN_6_N001,KERMAN_6_N001,RTPD,MCC,LMP_CONG_PRC,KERMAN_6_N001,ALL,1,-77.32403,2,77
2022-09-03T02:15:00-00:00,2022-09-03T02:30:00-00:00,2022-09-02,20,KERMAN_6_N001,KERMAN_6_N001,KERMAN_6_N001,RTPD,MCC,LMP_CONG_PRC,KERMAN_6_N001,ALL,1,0,2,77
2022-09-03T03:15:00-00:00,2022-09-03T03:30:00-00:00,2022-09-02,21,KERMAN_6_N001,KERMAN_6_N001,KERMAN_6_N001,RTPD,MCC,LMP_CONG_PRC,KERMAN_6_N001,ALL,1,0,2,77
2022-09-03T04:15:00-00:00,2022-09-03T04:30:00-00:00,2022-09-02,22,KERMAN_6_N001,KERMAN_6_N001,KERMAN_6_N001,RTPD,MCC,LMP_CONG_PRC,KERMAN_6_N001,ALL,1,38.41349,2,77
2022-09-03T05:15:00-00:00,2022-09-03T05:30:00-00:00,2022-09-02,23,KERMAN_6_N001,KERMAN_6_N001,KERMAN_6_N001,RTPD,MCC,LMP_CONG_PRC,KERMAN_6_N001,ALL,1,-22.6595,2,77
2022-09-03T06:15:00-00:00,2022-09-03T06:30:00-00:00,2022-09-02,24,KERMAN_6_N001,KERMAN_6_N001,KERMAN_6_N001,RTPD,MCC,LMP_CONG_PRC,KERMAN_6_N001,ALL,1,-27.74308,2,77
2022-09-02T07:30:00-00:00,2022-09-02T07:45:00-00:00,2022-09-02,01,KERMAN_6_N001,KERMAN_6_N001,KERMAN_6_N001,RTPD,MCC,LMP_CONG_PRC,KERMAN_6_N001,ALL,1,10.46746,3,77
2022-09-02T08:30:00-00:00,2022-09-02T08:45:00-00:00,2022-09-02,02,KERMAN_6_N001,KERMAN_6_N001,KERMAN_6_N001,RTPD,MCC,LMP_CONG_PRC,KERMAN_6_N001,ALL,1,9.95699,3,77
2022-09-02T09:30:00-00:00,2022-09-02T09:45:00-00:00,2022-09-02,03,KERMAN_6_N001,KERMAN_6_N001,KERMAN_6_N001,RTPD,MCC,LMP_CONG_PRC,KERMAN_6_N001,ALL,1,18.10545,3,77
2022-09-02T10:30:00-00:00,2022-09-02T10:45:00-00:00,2022-09-02,04,KERMAN_6_N001,KERMAN_6_N001,KERMAN_6_N001,RTPD,MCC,LMP_CONG_PRC,KERMAN_6_N001,ALL,1,15.14608,3,77
2022-09-02T11:30:00-00:00,2022-09-02T11:45:00-00:00,2022-09-02,05,KERMAN_6_N001,KERMAN_6_N001,KERMAN_6_N001,RTPD,MCC,LMP_CONG_PRC,KERMAN_6_N001,ALL,1,8.55179,3,77
2022-09-02T12:30:00-00:00,2022-09-02T12:45:00-00:00,2022-09-02,06,KERMAN_6_N001,KERMAN_6_N001,KERMAN_6_N001,RTPD,MCC,LMP_CONG_PRC,KERMAN_6_N001,ALL,1,23.4152,3,77
2022-09-02T13:30:00-00:00,2022-09-02T13:45:00-00:00,2022-09-02,07,KERMAN_6_N001,KERMAN_6_N001,KERMAN_6_N001,RTPD,MCC,LMP_CONG_PRC,KERMAN_6_N001,ALL,1,4.95648,3,77
2022-09-02T14:30:00-00:00,2022-09-02T14:45:00-00:00,2022-09-02,08,KERMAN_6_N001,KERMAN_6_N001,KERMAN_6_N001,RTPD,MCC,LMP_CONG_PRC,KERMAN_6_N001,ALL,1,3.10097,3,77
2022-09-02T15:30:00-00:00,2022-09-02T15:45:00-00:00,2022-09-02,09,KERMAN_6_N001,KERMAN_6_N001,KERMAN_6_N001,RTPD,MCC,LMP_CONG_PRC,KERMAN_6_N001,ALL,1,3.47027,3,77
2022-09-02T16:30:00-00:00,2022-09-02T16:45:00-00:00,2022-09-02,10,KERMAN_6_N001,KERMAN_6_N001,KERMAN_6_N001,RTPD,MCC,LMP_CONG_PRC,KERMAN_6_N001,ALL,1,0,3,77
2022-09-02T17:30:00-00:00,2022-09-02T17:45:00-00:00,2022-09-02,11,KERMAN_6_N001,KERMAN_6_N001,KERMAN_6_N001,RTPD,MCC,LMP_CONG_PRC,KERMAN_6_N001,ALL,1,0,3,77
2022-09-02T18:30:00-00:00,2022-09-02T18:45:00-00:00,2022-09-02,12,KERMAN_6_N001,KERMAN_6_N001,KERMAN_6_N001,RTPD,MCC,LMP_CONG_PRC,KERMAN_6_N001,ALL,1,0,3,77
2022-09-02T19:30:00-00:00,2022-09-02T19:45:00-00:00,2022-09-02,13,KERMAN_6_N001,KERMAN_6_N001,KERMAN_6_N001,RTPD,MCC,LMP_CONG_PRC,KERMAN_6_N001,ALL,1,0,3,77
2022-09-02T20:30:00-00:00,2022-09-02T20:45:00-00:00,2022-09-02,14,KERMAN_6_N001,KERMAN_6_N001,KERMAN_6_N001,RTPD,MCC,LMP_CONG_PRC,KERMAN_6_N001,ALL,1,0,3,77
2022-09-02T21:30:00-00:00,2022-09-02T21:45:00-00:00,2022-09-02,15,KERMAN_6_N001,KERMAN_6_N001,KERMAN_6_N001,RTPD,MCC,LMP_CONG_PRC,KERMAN_6_N001,ALL,1,0,3,77
2022-09-02T22:30:00-00:00,2022-09-02T22:45:00-00:00,2022-09-02,16,KERMAN_6_N001,KERMAN_6_N001,KERMAN_6_N001,RTPD,MCC,LMP_CONG_PRC,KERMAN_6_N001,ALL,1,0,3,77
2022-09-02T23:30:00-00:00,2022-09-02T23:45:00-00:00,2022-09-02,17,KERMAN_6_N001,KERMAN_6_N001,KERMAN_6_N001,RTPD,MCC,LMP_CONG_PRC,KERMAN_6_N001,ALL,1,-7.40335,3,77
2022-09-03T00:30:00-00:00,2022-09-03T00:45:00-00:00,2022-09-02,18,KERMAN_6_N001,KERMAN_6_N001,KERMAN_6_N001,RTPD,MCC,LMP_CONG_PRC,KERMAN_6_N001,ALL,1,-85.36612,3,77
2022-09-03T01:30:00-00:00,2022-09-03T01:45:00-00:00,2022-09-02,19,KERMAN_6_N001,KERMAN_6_N001,KERMAN_6_N001,RTPD,MCC,LMP_CONG_PRC,KERMAN_6_N001,ALL,1,-31.39397,3,77
2022-09-03T02:30:00-00:00,2022-09-03T02:45:00-00:00,2022-09-02,20,KERMAN_6_N001,KERMAN_6_N001,KERMAN_6_N001,RTPD,MCC,LMP_CONG_PRC,KERMAN_6_N001,ALL,1,0.95097,3,77
2022-09-03T03:30:00-00:00,2022-09-03T03:45:00-00:00,2022-09-02,21,KERMAN_6_N001,KERMAN_6_N001,KERMAN_6_N001,RTPD,MCC,LMP_CONG_PRC,KERMAN_6_N001,ALL,1,0,3,77
2022-09-03T04:30:00-00:00,2022-09-03T04:45:00-00:00,2022-09-02,22,KERMAN_6_N001,KERMAN_6_N001,KERMAN_6_N001,RTPD,MCC,LMP_CONG_PRC,KERMAN_6_N001,ALL,1,-9.9794,3,77
2022-09-03T05:30:00-00:00,2022-09-03T05:45:00-00:00,2022-09-02,23,KERMAN_6_N001,KERMAN_6_N001,KERMAN_6_N001,RTPD,MCC,LMP_CONG_PRC,KERMAN_6_N001,ALL,1,-25.28721,3,77
2022-09-03T06:30:00-00:00,2022-09-03T06:45:00-00:00,2022-09-02,24,KERMAN_6_N001,KERMAN_6_N001,KERMAN_6_N001,RTPD,MCC,LMP_CONG_PRC,KERMAN_6_N001,ALL,1,-35.16917,3,77
2022-09-02T07:45:00-00:00,2022-09-02T08:00:00-00:00,2022-09-02,01,KERMAN_6_N001,KERMAN_6_N001,KERMAN_6_N001,RTPD,MCC,LMP_CONG_PRC,KERMAN_6_N001,ALL,1,7.65677,4,77
2022-09-02T08:45:00-00:00,2022-09-02T09:00:00-00:00,2022-09-02,02,KERMAN_6_N001,KERMAN_6_N001,KERMAN_6_N001,RTPD,MCC,LMP_CONG_PRC,KERMAN_6_N001,ALL,1,7.79307,4,77
2022-09-02T09:45:00-00:00,2022-09-02T10:00:00-00:00,2022-09-02,03,KERMAN_6_N001,KERMAN_6_N001,KERMAN_6_N001,RTPD,MCC,LMP_CONG_PRC,KERMAN_6_N001,ALL,1,9.59294,4,77
2022-09-02T10:45:00-00:00,2022-09-02T11:00:00-00:00,2022-09-02,04,KERMAN_6_N001,KERMAN_6_N001,KERMAN_6_N001,RTPD,MCC,LMP_CONG_PRC,KERMAN_6_N001,ALL,1,3.64147,4,77
2022-09-02T11:45:00-00:00,2022-09-02T12:00:00-00:00,2022-09-02,05,KERMAN_6_N001,KERMAN_6_N001,KERMAN_6_N001,RTPD,MCC,LMP_CONG_PRC,KERMAN_6_N001,ALL,1,33.05083,4,77
2022-09-02T12:45:00-00:00,2022-09-02T13:00:00-00:00,2022-09-02,06,KERMAN_6_N001,KERMAN_6_N001,KERMAN_6_N001,RTPD,MCC,LMP_CONG_PRC,KERMAN_6_N001,ALL,1,34.81311,4,77
2022-09-02T13:45:00-00:00,2022-09-02T14:00:00-00:00,2022-09-02,07,KERMAN_6_N001,KERMAN_6_N001,KERMAN_6_N001,RTPD,MCC,LMP_CONG_PRC,KERMAN_6_N001,ALL,1,5.14877,4,77
2022-09-02T14:45:00-00:00,2022-09-02T15:00:00-00:00,2022-09-02,08,KERMAN_6_N001,KERMAN_6_N001,KERMAN_6_N001,RTPD,MCC,LMP_CONG_PRC,KERMAN_6_N001,ALL,1,3.73398,4,77
2022-09-02T15:45:00-00:00,2022-09-02T16:00:00-00:00,2022-09-02,09,KERMAN_6_N001,KERMAN_6_N001,KERMAN_6_N001,RTPD,MCC,LMP_CONG_PRC,KERMAN_6_N001,ALL,1,0,4,77
2022-09-02T16:45:00-00:00,2022-09-02T17:00:00-00:00,2022-09-02,10,KERMAN_6_N001,KERMAN_6_N001,KERMAN_6_N001,RTPD,MCC,LMP_CONG_PRC,KERMAN_6_N001,ALL,1,0,4,77
2022-09-02T17:45:00-00:00,2022-09-02T18:00:00-00:00,2022-09-02,11,KERMAN_6_N001,KERMAN_6_N001,KERMAN_6_N001,RTPD,MCC,LMP_CONG_PRC,KERMAN_6_N001,ALL,1,0,4,77
2022-09-02T18:45:00-00:00,2022-09-02T19:00:00-00:00,2022-09-02,12,KERMAN_6_N001,KERMAN_6_N001,KERMAN_6_N001,RTPD,MCC,LMP_CONG_PRC,KERMAN_6_N001,ALL,1,0,4,77
2022-09-02T19:45:00-00:00,2022-09-02T20:00:00-00:00,2022-09-02,13,KERMAN_6_N001,KERMAN_6_N001,KERMAN_6_N001,RTPD,MCC,LMP_CONG_PRC,KERMAN_6_N001,ALL,1,0,4,77
2022-09-02T20:45:00-00:00,2022-09-02T21:00:00-00:00,2022-09-02,14,KERMAN_6_N001,KERMAN_6_N001,KERMAN_6_N001,RTPD,MCC,LMP_CONG_PRC,KERMAN_6_N001,ALL,1,0,4,77
2022-09-02T21:45:00-00:00,2022-09-02T22:00:00-00:00,2022-09-02,15,KERMAN_6_N001,KERMAN_6_N001,KERMAN_6_N001,RTPD,MCC,LMP_CONG_PRC,KERMAN_6_N001,ALL,1,0,4,77
2022-09-02T22:45:00-00:00,2022-09-02T23:00:00-00:00,2022-09-02,16,KERMAN_6_N001,KERMAN_6_N001,KERMAN_6_N001,RTPD,MCC,LMP_CONG_PRC,KERMAN_6_N001,ALL,1,-21.87896,4,77
2022-09-02T23:45:00-00:00,2022-09-03T00:00:00-00:00,2022-09-02,17,KERMAN_6_N001,KERMAN_6_N001,KERMAN_6_N001,RTPD,MCC,LMP_CONG_PRC,KERMAN_6_N001,ALL,1,-34.03085,4,77
2022-09-03T00:45:00-00:00,2022-09-03T01:00:00-00:00,2022-09-02,18,KERMAN_6_N001,KERMAN_6_N001,KERMAN_6_N001,RTPD,MCC,LMP_CONG_PRC,KERMAN_6_N001,ALL,1,-10.24687,4,77
2022-09-03T01:45:00-00:00,2022-09-03T02:00:00-00:00,2022-09-02,19,KERMAN_6_N001,KERMAN_6_N001,KERMAN_6_N001,RTPD,MCC,LMP_CONG_PRC,KERMAN_6_N001,ALL,1,-5.07241,4,77
2022-09-03T02:45:00-00:00,2022-09-03T03:00:00-00:00,2022-09-02,20,KERMAN_6_N001,KERMAN_6_N001,KERMAN_6_N001,RTPD,MCC,LMP_CONG_PRC,KERMAN_6_N001,ALL,1,11.8031,4,77
2022-09-03T03:45:00-00:00,2022-09-03T04:00:00-00:00,2022-09-02,21,KERMAN_6_N001,KERMAN_6_N001,KERMAN_6_N001,RTPD,MCC,LMP_CONG_PRC,KERMAN_6_N001,ALL,1,0,4,77
2022-09-03T04:45:00-00:00,2022-09-03T05:00:00-00:00,2022-09-02,22,KERMAN_6_N001,KERMAN_6_N001,KERMAN_6_N001,RTPD,MCC,LMP_CONG_PRC,KERMAN_6_N001,ALL,1,-3.54267,4,77
2022-09-03T05:45:00-00:00,2022-09-03T06:00:00-00:00,2022-09-02,23,KERMAN_6_N001,KERMAN_6_N001,KERMAN_6_N001,RTPD,MCC,LMP_CONG_PRC,KERMAN_6_N001,ALL,1,-3.36704,4,77
2022-09-03T06:45:00-00:00,2022-09-03T07:00:00-00:00,2022-09-02,24,KERMAN_6_N001,KERMAN_6_N001,KERMAN_6_N001,RTPD,MCC,LMP_CONG_PRC,KERMAN_6_N001,ALL,1,-18.51486,4,77
2022-09-02T07:00:00-00:00,2022-09-02T07:15:00-00:00,2022-09-02,01,KERMAN_6_N001,KERMAN_6_N001,KERMAN_6_N001,RTPD,MCE,LMP_ENE_PRC,KERMAN_6_N001,ALL,1,128.45242,1,78
2022-09-02T08:00:00-00:00,2022-09-02T08:15:00-00:00,2022-09-02,02,KERMAN_6_N001,KERMAN_6_N001,KERMAN_6_N001,RTPD,MCE,LMP_ENE_PRC,KERMAN_6_N001,ALL,1,119.60895,1,78
2022-09-02T09:00:00-00:00,2022-09-02T09:15:00-00:00,2022-09-02,03,KERMAN_6_N001,KERMAN_6_N001,KERMAN_6_N001,RTPD,MCE,LMP_ENE_PRC,KERMAN_6_N001,ALL,1,114.19063,1,78
2022-09-02T10:00:00-00:00,2022-09-02T10:15:00-00:00,2022-09-02,04,KERMAN_6_N001,KERMAN_6_N001,KERMAN_6_N001,RTPD,MCE,LMP_ENE_PRC,KERMAN_6_N001,ALL,1,103.99956,1,78
2022-09-02T11:00:00-00:00,2022-09-02T11:15:00-00:00,2022-09-02,05,KERMAN_6_N001,KERMAN_6_N001,KERMAN_6_N001,RTPD,MCE,LMP_ENE_PRC,KERMAN_6_N001,ALL,1,99.79609,1,78
2022-09-02T12:00:00-00:00,2022-09-02T12:15:00-00:00,2022-09-02,06,KERMAN_6_N001,KERMAN_6_N001,KERMAN_6_N001,RTPD,MCE,LMP_ENE_PRC,KERMAN_6_N001,ALL,1,103.63711,1,78
2022-09-02T13:00:00-00:00,2022-09-02T13:15:00-00:00,2022-09-02,07,KERMAN_6_N001,KERMAN_6_N001,KERMAN_6_N001,RTPD,MCE,LMP_ENE_PRC,KERMAN_6_N001,ALL,1,105.96778,1,78
2022-09-02T14:00:00-00:00,2022-09-02T14:15:00-00:00,2022-09-02,08,KERMAN_6_N001,KERMAN_6_N001,KERMAN_6_N001,RTPD,MCE,LMP_ENE_PRC,KERMAN_6_N001,ALL,1,113.93965,1,78
2022-09-02T15:00:00-00:00,2022-09-02T15:15:00-00:00,2022-09-02,09,KERMAN_6_N001,KERMAN_6_N001,KERMAN_6_N001,RTPD,MCE,LMP_ENE_PRC,KERMAN_6_N001,ALL,1,87.89648,1,78
2022-09-02T16:00:00-00:00,2022-09-02T16:15:00-00:00,2022-09-02,10,KERMAN_6_N001,KERMAN_6_N001,KERMAN_6_N001,RTPD,MCE,LMP_ENE_PRC,KERMAN_6_N001,ALL,1,86.73757,1,78
2022-09-02T17:00:00-00:00,2022-09-02T17:15:00-00:00,2022-09-02,11,KERMAN_6_N001,KERMAN_6_N001,KERMAN_6_N001,RTPD,MCE,LMP_ENE_PRC,KERMAN_6_N001,ALL,1,93.53587,1,78
2022-09-02T18:00:00-00:00,2022-09-02T18:15:00-00:00,2022-09-02,12,KERMAN_6_N001,KERMAN_6_N001,KERMAN_6_N001,RTPD,MCE,LMP_ENE_PRC,KERMAN_6_N001,ALL,1,104.54111,1,78
2022-09-02T19:00:00-00:00,2022-09-02T19:15:00-00:00,2022-09-02,13,KERMAN_6_N001,KERMAN_6_N001,KERMAN_6_N001,RTPD,MCE,LMP_ENE_PRC,KERMAN_6_N001,ALL,1,107.01684,1,78
2022-09-02T20:00:00-00:00,2022-09-02T20:15:00-00:00,2022-09-02,14,KERMAN_6_N001,KERMAN_6_N001,KERMAN_6_N001,RTPD,MCE,LMP_ENE_PRC,KERMAN_6_N001,ALL,1,113.37494,1,78
2022-09-02T21:00:00-00:00,2022-09-02T21:15:00-00:00,2022-09-02,15,KERMAN_6_N001,KERMAN_6_N001,KERMAN_6_N001,RTPD,MCE,LMP_ENE_PRC,KERMAN_6_N001,ALL,1,125.15005,1,78
2022-09-02T22:00:00-00:00,2022-09-02T22:15:00-00:00,2022-09-02,16,KERMAN_6_N001,KERMAN_6_N001,KERMAN_6_N001,RTPD,MCE,LMP_ENE_PRC,KERMAN_6_N001,ALL,1,146.08907,1,78
2022-09-02T23:00:00-00:00,2022-09-02T23:15:00-00:00,2022-09-02,17,KERMAN_6_N001,KERMAN_6_N001,KERMAN_6_N001,RTPD,MCE,LMP_ENE_PRC,KERMAN_6_N001,ALL,1,138.68256,1,78
2022-09-03T00:00:00-00:00,2022-09-03T00:15:00-00:00,2022-09-02,18,KERMAN_6_N001,KERMAN_6_N001,KERMAN_6_N001,RTPD,MCE,LMP_ENE_PRC,KERMAN_6_N001,ALL,1,229.3306,1,78
2022-09-03T01:00:00-00:00,2022-09-03T01:15:00-00:00,2022-09-02,19,KERMAN_6_N001,KERMAN_6_N001,KERMAN_6_N001,RTPD,MCE,LMP_ENE_PRC,KERMAN_6_N001,ALL,1,152.69885,1,78
2022-09-03T02:00:00-00:00,2022-09-03T02:15:00-00:00,2022-09-02,20,KERMAN_6_N001,KERMAN_6_N001,KERMAN_6_N001,RTPD,MCE,LMP_ENE_PRC,KERMAN_6_N001,ALL,1,204.37767,1,78
2022-09-03T03:00:00-00:00,2022-09-03T03:15:00-00:00,2022-09-02,21,KERMAN_6_N001,KERMAN_6_N001,KERMAN_6_N001,RTPD,MCE,LMP_ENE_PRC,KERMAN_6_N001,ALL,1,136.90031,1,78
2022-09-03T04:00:00-00:00,2022-09-03T04:15:00-00:00,2022-09-02,22,KERMAN_6_N001,KERMAN_6_N001,KERMAN_6_N001,RTPD,MCE,LMP_ENE_PRC,KERMAN_6_N001,ALL,1,155.88805,1,78
2022-09-03T05:00:00-00:00,2022-09-03T05:15:00-00:00,2022-09-02,23,KERMAN_6_N001,KERMAN_6_N001,KERMAN_6_N001,RTPD,MCE,LMP_ENE_PRC,KERMAN_6_N001,ALL,1,142.06982,1,78
2022-09-03T06:00:00-00:00,2022-09-03T06:15:00-00:00,2022-09-02,24,KERMAN_6_N001,KERMAN_6_N001,KERMAN_6_N001,RTPD,MCE,LMP_ENE_PRC,KERMAN_6_N001,ALL,1,141.54752,1,78
2022-09-02T07:15:00-00:00,2022-09-02T07:30:00-00:00,2022-09-02,01,KERMAN_6_N001,KERMAN_6_N001,KERMAN_6_N001,RTPD,MCE,LMP_ENE_PRC,KERMAN_6_N001,ALL,1,120.94146,2,78
2022-09-02T08:15:00-00:00,2022-09-02T08:30:00-00:00,2022-09-02,02,KERMAN_6_N001,KERMAN_6_N001,KERMAN_6_N001,RTPD,MCE,LMP_ENE_PRC,KERMAN_6_N001,ALL,1,113.81733,2,78
2022-09-02T09:15:00-00:00,2022-09-02T09:30:00-00:00,2022-09-02,03,KERMAN_6_N001,KERMAN_6_N001,KERMAN_6_N001,RTPD,MCE,LMP_ENE_PRC,KERMAN_6_N001,ALL,1,110.97779,2,78
2022-09-02T10:15:00-00:00,2022-09-02T10:30:00-00:00,2022-09-02,04,KERMAN_6_N001,KERMAN_6_N001,KERMAN_6_N001,RTPD,MCE,LMP_ENE_PRC,KERMAN_6_N001,ALL,1,103.79594,2,78
2022-09-02T11:15:00-00:00,2022-09-02T11:30:00-00:00,2022-09-02,05,KERMAN_6_N001,KERMAN_6_N001,KERMAN_6_N001,RTPD,MCE,LMP_ENE_PRC,KERMAN_6_N001,ALL,1,97.78757,2,78
2022-09-02T12:15:00-00:00,2022-09-02T12:30:00-00:00,2022-09-02,06,KERMAN_6_N001,KERMAN_6_N001,KERMAN_6_N001,RTPD,MCE,LMP_ENE_PRC,KERMAN_6_N001,ALL,1,103.09286,2,78
2022-09-02T13:15:00-00:00,2022-09-02T13:30:00-00:00,2022-09-02,07,KERMAN_6_N001,KERMAN_6_N001,KERMAN_6_N001,RTPD,MCE,LMP_ENE_PRC,KERMAN_6_N001,ALL,1,107.56083,2,78
2022-09-02T14:15:00-00:00,2022-09-02T14:30:00-00:00,2022-09-02,08,KERMAN_6_N001,KERMAN_6_N001,KERMAN_6_N001,RTPD,MCE,LMP_ENE_PRC,KERMAN_6_N001,ALL,1,106.05854,2,78
2022-09-02T15:15:00-00:00,2022-09-02T15:30:00-00:00,2022-09-02,09,KERMAN_6_N001,KERMAN_6_N001,KERMAN_6_N001,RTPD,MCE,LMP_ENE_PRC,KERMAN_6_N001,ALL,1,82.25366,2,78
2022-09-02T16:15:00-00:00,2022-09-02T16:30:00-00:00,2022-09-02,10,KERMAN_6_N001,KERMAN_6_N001,KERMAN_6_N001,RTPD,MCE,LMP_ENE_PRC,KERMAN_6_N001,ALL,1,90.79105,2,78
2022-09-02T17:15:00-00:00,2022-09-02T17:30:00-00:00,2022-09-02,11,KERMAN_6_N001,KERMAN_6_N001,KERMAN_6_N001,RTPD,MCE,LMP_ENE_PRC,KERMAN_6_N001,ALL,1,102.26623,2,78
2022-09-02T18:15:00-00:00,2022-09-02T18:30:00-00:00,2022-09-02,12,KERMAN_6_N001,KERMAN_6_N001,KERMAN_6_N001,RTPD,MCE,LMP_ENE_PRC,KERMAN_6_N001,ALL,1,109.04294,2,78
2022-09-02T19:15:00-00:00,2022-09-02T19:30:00-00:00,2022-09-02,13,KERMAN_6_N001,KERMAN_6_N001,KERMAN_6_N001,RTPD,MCE,LMP_ENE_PRC,KERMAN_6_N001,ALL,1,112.13756,2,78
2022-09-02T20:15:00-00:00,2022-09-02T20:30:00-00:00,2022-09-02,14,KERMAN_6_N001,KERMAN_6_N001,KERMAN_6_N001,RTPD,MCE,LMP_ENE_PRC,KERMAN_6_N001,ALL,1,116.37216,2,78
2022-09-02T21:15:00-00:00,2022-09-02T21:30:00-00:00,2022-09-02,15,KERMAN_6_N001,KERMAN_6_N001,KERMAN_6_N001,RTPD,MCE,LMP_ENE_PRC,KERMAN_6_N001,ALL,1,126.49216,2,78
2022-09-02T22:15:00-00:00,2022-09-02T22:30:00-00:00,2022-09-02,16,KERMAN_6_N001,KERMAN_6_N001,KERMAN_6_N001,RTPD,MCE,LMP_ENE_PRC,KERMAN_6_N001,ALL,1,159.30594,2,78
2022-09-02T23:15:00-00:00,2022-09-02T23:30:00-00:00,2022-09-02,17,KERMAN_6_N001,KERMAN_6_N001,KERMAN_6_N001,RTPD,MCE,LMP_ENE_PRC,KERMAN_6_N001,ALL,1,147.82425,2,78
2022-09-03T00:15:00-00:00,2022-09-03T00:30:00-00:00,2022-09-02,18,KERMAN_6_N001,KERMAN_6_N001,KERMAN_6_N001,RTPD,MCE,LMP_ENE_PRC,KERMAN_6_N001,ALL,1,158.74521,2,78
2022-09-03T01:15:00-00:00,2022-09-03T01:30:00-00:00,2022-09-02,19,KERMAN_6_N001,KERMAN_6_N001,KERMAN_6_N001,RTPD,MCE,LMP_ENE_PRC,KERMAN_6_N001,ALL,1,217.12807,2,78
2022-09-03T02:15:00-00:00,2022-09-03T02:30:00-00:00,2022-09-02,20,KERMAN_6_N001,KERMAN_6_N001,KERMAN_6_N001,RTPD,MCE,LMP_ENE_PRC,KERMAN_6_N001,ALL,1,199.75978,2,78
2022-09-03T03:15:00-00:00,2022-09-03T03:30:00-00:00,2022-09-02,21,KERMAN_6_N001,KERMAN_6_N001,KERMAN_6_N001,RTPD,MCE,LMP_ENE_PRC,KERMAN_6_N001,ALL,1,135.58563,2,78
2022-09-03T04:15:00-00:00,2022-09-03T04:30:00-00:00,2022-09-02,22,KERMAN_6_N001,KERMAN_6_N001,KERMAN_6_N001,RTPD,MCE,LMP_ENE_PRC,KERMAN_6_N001,ALL,1,141.76537,2,78
2022-09-03T05:15:00-00:00,2022-09-03T05:30:00-00:00,2022-09-02,23,KERMAN_6_N001,KERMAN_6_N001,KERMAN_6_N001,RTPD,MCE,LMP_ENE_PRC,KERMAN_6_N001,ALL,1,133.20816,2,78
2022-09-03T06:15:00-00:00,2022-09-03T06:30:00-00:00,2022-09-02,24,KERMAN_6_N001,KERMAN_6_N001,KERMAN_6_N001,RTPD,MCE,LMP_ENE_PRC,KERMAN_6_N001,ALL,1,117.98942,2,78
2022-09-02T07:30:00-00:00,2022-09-02T07:45:00-00:00,2022-09-02,01,KERMAN_6_N001,KERMAN_6_N001,KERMAN_6_N001,RTPD,MCE,LMP_ENE_PRC,KERMAN_6_N001,ALL,1,122.04731,3,78
2022-09-02T08:30:00-00:00,2022-09-02T08:45:00-00:00,2022-09-02,02,KERMAN_6_N001,KERMAN_6_N001,KERMAN_6_N001,RTPD,MCE,LMP_ENE_PRC,KERMAN_6_N001,ALL,1,110.76908,3,78
2022-09-02T09:30:00-00:00,2022-09-02T09:45:00-00:00,2022-09-02,03,KERMAN_6_N001,KERMAN_6_N001,KERMAN_6_N001,RTPD,MCE,LMP_ENE_PRC,KERMAN_6_N001,ALL,1,104.32659,3,78
2022-09-02T10:30:00-00:00,2022-09-02T10:45:00-00:00,2022-09-02,04,KERMAN_6_N001,KERMAN_6_N001,KERMAN_6_N001,RTPD,MCE,LMP_ENE_PRC,KERMAN_6_N001,ALL,1,100.57354,3,78
2022-09-02T11:30:00-00:00,2022-09-02T11:45:00-00:00,2022-09-02,05,KERMAN_6_N001,KERMAN_6_N001,KERMAN_6_N001,RTPD,MCE,LMP_ENE_PRC,KERMAN_6_N001,ALL,1,99.75045,3,78
2022-09-02T12:30:00-00:00,2022-09-02T12:45:00-00:00,2022-09-02,06,KERMAN_6_N001,KERMAN_6_N001,KERMAN_6_N001,RTPD,MCE,LMP_ENE_PRC,KERMAN_6_N001,ALL,1,109.42995,3,78
2022-09-02T13:30:00-00:00,2022-09-02T13:45:00-00:00,2022-09-02,07,KERMAN_6_N001,KERMAN_6_N001,KERMAN_6_N001,RTPD,MCE,LMP_ENE_PRC,KERMAN_6_N001,ALL,1,111.49249,3,78
2022-09-02T14:30:00-00:00,2022-09-02T14:45:00-00:00,2022-09-02,08,KERMAN_6_N001,KERMAN_6_N001,KERMAN_6_N001,RTPD,MCE,LMP_ENE_PRC,KERMAN_6_N001,ALL,1,96.69992,3,78
2022-09-02T15:30:00-00:00,2022-09-02T15:45:00-00:00,2022-09-02,09,KERMAN_6_N001,KERMAN_6_N001,KERMAN_6_N001,RTPD,MCE,LMP_ENE_PRC,KERMAN_6_N001,ALL,1,81.36,3,78
2022-09-02T16:30:00-00:00,2022-09-02T16:45:00-00:00,2022-09-02,10,KERMAN_6_N001,KERMAN_6_N001,KERMAN_6_N001,RTPD,MCE,LMP_ENE_PRC,KERMAN_6_N001,ALL,1,89.6042,3,78
2022-09-02T17:30:00-00:00,2022-09-02T17:45:00-00:00,2022-09-02,11,KERMAN_6_N001,KERMAN_6_N001,KERMAN_6_N001,RTPD,MCE,LMP_ENE_PRC,KERMAN_6_N001,ALL,1,103.81658,3,78
2022-09-02T18:30:00-00:00,2022-09-02T18:45:00-00:00,2022-09-02,12,KERMAN_6_N001,KERMAN_6_N001,KERMAN_6_N001,RTPD,MCE,LMP_ENE_PRC,KERMAN_6_N001,ALL,1,115.4661,3,78
2022-09-02T19:30:00-00:00,2022-09-02T19:45:00-00:00,2022-09-02,13,KERMAN_6_N001,KERMAN_6_N001,KERMAN_6_N001,RTPD,MCE,LMP_ENE_PRC,KERMAN_6_N001,ALL,1,119.56031,3,78
2022-09-02T20:30:00-00:00,2022-09-02T20:45:00-00:00,2022-09-02,14,KERMAN_6_N001,KERMAN_6_N001,KERMAN_6_N001,RTPD,MCE,LMP_ENE_PRC,KERMAN_6_N001,ALL,1,122.91209,3,78
2022-09-02T21:30:00-00:00,2022-09-02T21:45:00-00:00,2022-09-02,15,KERMAN_6_N001,KERMAN_6_N001,KERMAN_6_N001,RTPD,MCE,LMP_ENE_PRC,KERMAN_6_N001,ALL,1,141.03934,3,78
2022-09-02T22:30:00-00:00,2022-09-02T22:45:00-00:00,2022-09-02,16,KERMAN_6_N001,KERMAN_6_N001,KERMAN_6_N001,RTPD,MCE,LMP_ENE_PRC,KERMAN_6_N001,ALL,1,183.20744,3,78
2022-09-02T23:30:00-00:00,2022-09-02T23:45:00-00:00,2022-09-02,17,KERMAN_6_N001,KERMAN_6_N001,KERMAN_6_N001,RTPD,MCE,LMP_ENE_PRC,KERMAN_6_N001,ALL,1,155.92665,3,78
2022-09-03T00:30:00-00:00,2022-09-03T00:45:00-00:00,2022-09-02,18,KERMAN_6_N001,KERMAN_6_N001,KERMAN_6_N001,RTPD,MCE,LMP_ENE_PRC,KERMAN_6_N001,ALL,1,234.42892,3,78
2022-09-03T01:30:00-00:00,2022-09-03T01:45:00-00:00,2022-09-02,19,KERMAN_6_N001,KERMAN_6_N001,KERMAN_6_N001,RTPD,MCE,LMP_ENE_PRC,KERMAN_6_N001,ALL,1,250.41255,3,78
2022-09-03T02:30:00-00:00,2022-09-03T02:45:00-00:00,2022-09-02,20,KERMAN_6_N001,KERMAN_6_N001,KERMAN_6_N001,RTPD,MCE,LMP_ENE_PRC,KERMAN_6_N001,ALL,1,177.62263,3,78
2022-09-03T03:30:00-00:00,2022-09-03T03:45:00-00:00,2022-09-02,21,KERMAN_6_N001,KERMAN_6_N001,KERMAN_6_N001,RTPD,MCE,LMP_ENE_PRC,KERMAN_6_N001,ALL,1,128.61655,3,78
2022-09-03T04:30:00-00:00,2022-09-03T04:45:00-00:00,2022-09-02,22,KERMAN_6_N001,KERMAN_6_N001,KERMAN_6_N001,RTPD,MCE,LMP_ENE_PRC,KERMAN_6_N001,ALL,1,132.2016,3,78
2022-09-03T05:30:00-00:00,2022-09-03T05:45:00-00:00,2022-09-02,23,KERMAN_6_N001,KERMAN_6_N001,KERMAN_6_N001,RTPD,MCE,LMP_ENE_PRC,KERMAN_6_N001,ALL,1,128.32014,3,78
2022-09-03T06:30:00-00:00,2022-09-03T06:45:00-00:00,2022-09-02,24,KERMAN_6_N001,KERMAN_6_N001,KERMAN_6_N001,RTPD,MCE,LMP_ENE_PRC,KERMAN_6_N001,ALL,1,111.22985,3,78
2022-09-02T07:45:00-00:00,2022-09-02T08:00:00-00:00,2022-09-02,01,KERMAN_6_N001,KERMAN_6_N001,KERMAN_6_N001,RTPD,MCE,LMP_ENE_PRC,KERMAN_6_N001,ALL,1,101.38693,4,78
2022-09-02T08:45:00-00:00,2022-09-02T09:00:00-00:00,2022-09-02,02,KERMAN_6_N001,KERMAN_6_N001,KERMAN_6_N001,RTPD,MCE,LMP_ENE_PRC,KERMAN_6_N001,ALL,1,98.45906,4,78
2022-09-02T09:45:00-00:00,2022-09-02T10:00:00-00:00,2022-09-02,03,KERMAN_6_N001,KERMAN_6_N001,KERMAN_6_N001,RTPD,MCE,LMP_ENE_PRC,KERMAN_6_N001,ALL,1,97.29051,4,78
2022-09-02T10:45:00-00:00,2022-09-02T11:00:00-00:00,2022-09-02,04,KERMAN_6_N001,KERMAN_6_N001,KERMAN_6_N001,RTPD,MCE,LMP_ENE_PRC,KERMAN_6_N001,ALL,1,97.62383,4,78
2022-09-02T11:45:00-00:00,2022-09-02T12:00:00-00:00,2022-09-02,05,KERMAN_6_N001,KERMAN_6_N001,KERMAN_6_N001,RTPD,MCE,LMP_ENE_PRC,KERMAN_6_N001,ALL,1,97.15303,4,78
2022-09-02T12:45:00-00:00,2022-09-02T13:00:00-00:00,2022-09-02,06,KERMAN_6_N001,KERMAN_6_N001,KERMAN_6_N001,RTPD,MCE,LMP_ENE_PRC,KERMAN_6_N001,ALL,1,108.08756,4,78
2022-09-02T13:45:00-00:00,2022-09-02T14:00:00-00:00,2022-09-02,07,KERMAN_6_N001,KERMAN_6_N001,KERMAN_6_N001,RTPD,MCE,LMP_ENE_PRC,KERMAN_6_N001,ALL,1,105.08817,4,78
2022-09-02T14:45:00-00:00,2022-09-02T15:00:00-00:00,2022-09-02,08,KERMAN_6_N001,KERMAN_6_N001,KERMAN_6_N001,RTPD,MCE,LMP_ENE_PRC,KERMAN_6_N001,ALL,1,82.36478,4,78
2022-09-02T15:45:00-00:00,2022-09-02T16:00:00-00:00,2022-09-02,09,KERMAN_6_N001,KERMAN_6_N001,KERMAN_6_N001,RTPD,MCE,LMP_ENE_PRC,KERMAN_6_N001,ALL,1,81.41035,4,78
2022-09-02T16:45:00-00:00,2022-09-02T17:00:00-00:00,2022-09-02,10,KERMAN_6_N001,KERMAN_6_N001,KERMAN_6_N001,RTPD,MCE,LMP_ENE_PRC,KERMAN_6_N001,ALL,1,93.83783,4,78
2022-09-02T17:45:00-00:00,2022-09-02T18:00:00-00:00,2022-09-02,11,KERMAN_6_N001,KERMAN_6_N001,KERMAN_6_N001,RTPD,MCE,LMP_ENE_PRC,KERMAN_6_N001,ALL,1,106.61714,4,78
2022-09-02T18:45:00-00:00,2022-09-02T19:00:00-00:00,2022-09-02,12,KERMAN_6_N001,KERMAN_6_N001,KERMAN_6_N001,RTPD,MCE,LMP_ENE_PRC,KERMAN_6_N001,ALL,1,123.03125,4,78
2022-09-02T19:45:00-00:00,2022-09-02T20:00:00-00:00,2022-09-02,13,KERMAN_6_N001,KERMAN_6_N001,KERMAN_6_N001,RTPD,MCE,LMP_ENE_PRC,KERMAN_6_N001,ALL,1,135.46436,4,78
2022-09-02T20:45:00-00:00,2022-09-02T21:00:00-00:00,2022-09-02,14,KERMAN_6_N001,KERMAN_6_N001,KERMAN_6_N001,RTPD,MCE,LMP_ENE_PRC,KERMAN_6_N001,ALL,1,146.96742,4,78
2022-09-02T21:45:00-00:00,2022-09-02T22:00:00-00:00,2022-09-02,15,KERMAN_6_N001,KERMAN_6_N001,KERMAN_6_N001,RTPD,MCE,LMP_ENE_PRC,KERMAN_6_N001,ALL,1,181.80174,4,78
2022-09-02T22:45:00-00:00,2022-09-02T23:00:00-00:00,2022-09-02,16,KERMAN_6_N001,KERMAN_6_N001,KERMAN_6_N001,RTPD,MCE,LMP_ENE_PRC,KERMAN_6_N001,ALL,1,269.30835,4,78
2022-09-02T23:45:00-00:00,2022-09-03T00:00:00-00:00,2022-09-02,17,KERMAN_6_N001,KERMAN_6_N001,KERMAN_6_N001,RTPD,MCE,LMP_ENE_PRC,KERMAN_6_N001,ALL,1,287.1113,4,78
2022-09-03T00:45:00-00:00,2022-09-03T01:00:00-00:00,2022-09-02,18,KERMAN_6_N001,KERMAN_6_N001,KERMAN_6_N001,RTPD,MCE,LMP_ENE_PRC,KERMAN_6_N001,ALL,1,242.16634,4,78
2022-09-03T01:45:00-00:00,2022-09-03T02:00:00-00:00,2022-09-02,19,KERMAN_6_N001,KERMAN_6_N001,KERMAN_6_N001,RTPD,MCE,LMP_ENE_PRC,KERMAN_6_N001,ALL,1,304.55594,4,78
2022-09-03T02:45:00-00:00,2022-09-03T03:00:00-00:00,2022-09-02,20,KERMAN_6_N001,KERMAN_6_N001,KERMAN_6_N001,RTPD,MCE,LMP_ENE_PRC,KERMAN_6_N001,ALL,1,152.03519,4,78
2022-09-03T03:45:00-00:00,2022-09-03T04:00:00-00:00,2022-09-02,21,KERMAN_6_N001,KERMAN_6_N001,KERMAN_6_N001,RTPD,MCE,LMP_ENE_PRC,KERMAN_6_N001,ALL,1,120.27765,4,78
2022-09-03T04:45:00-00:00,2022-09-03T05:00:00-00:00,2022-09-02,22,KERMAN_6_N001,KERMAN_6_N001,KERMAN_6_N001,RTPD,MCE,LMP_ENE_PRC,KERMAN_6_N001,ALL,1,111.14984,4,78
2022-09-03T05:45:00-00:00,2022-09-03T06:00:00-00:00,2022-09-02,23,KERMAN_6_N001,KERMAN_6_N001,KERMAN_6_N001,RTPD,MCE,LMP_ENE_PRC,KERMAN_6_N001,ALL,1,104.16199,4,78
2022-09-03T06:45:00-00:00,2022-09-03T07:00:00-00:00,2022-09-02,24,KERMAN_6_N001,KERMAN_6_N001,KERMAN_6_N001,RTPD,MCE,LMP_ENE_PRC,KERMAN_6_N001,ALL,1,95.41536,4,78
2022-09-02T07:00:00-00:00,2022-09-02T07:15:00-00:00,2022-09-02,01,KERMAN_6_N001,KERMAN_6_N001,KERMAN_6_N001,RTPD,MCL,LMP_LOSS_PRC,KERMAN_6_N001,ALL,1,10.30188,1,79
2022-09-02T08:00:00-00:00,2022-09-02T08:15:00-00:00,2022-09-02,02,KERMAN_6_N001,KERMAN_6_N001,KERMAN_6_N001,RTPD,MCL,LMP_LOSS_PRC,KERMAN_6_N001,ALL,1,11.50638,1,79
2022-09-02T09:00:00-00:00,2022-09-02T09:15:00-00:00,2022-09-02,03,KERMAN_6_N001,KERMAN_6_N001,KERMAN_6_N001,RTPD,MCL,LMP_LOSS_PRC,KERMAN_6_N001,ALL,1,11.30487,1,79
2022-09-02T10:00:00-00:00,2022-09-02T10:15:00-00:00,2022-09-02,04,KERMAN_6_N001,KERMAN_6_N001,KERMAN_6_N001,RTPD,MCL,LMP_LOSS_PRC,KERMAN_6_N001,ALL,1,9.38076,1,79
2022-09-02T11:00:00-00:00,2022-09-02T11:15:00-00:00,2022-09-02,05,KERMAN_6_N001,KERMAN_6_N001,KERMAN_6_N001,RTPD,MCL,LMP_LOSS_PRC,KERMAN_6_N001,ALL,1,0,1,79
2022-09-02T12:00:00-00:00,2022-09-02T12:15:00-00:00,2022-09-02,06,KERMAN_6_N001,KERMAN_6_N001,KERMAN_6_N001,RTPD,MCL,LMP_LOSS_PRC,KERMAN_6_N001,ALL,1,0,1,79
2022-09-02T13:00:00-00:00,2022-09-02T13:15:00-00:00,2022-09-02,07,KERMAN_6_N001,KERMAN_6_N001,KERMAN_6_N001,RTPD,MCL,LMP_LOSS_PRC,KERMAN_6_N001,ALL,1,0,1,79
2022-09-02T14:00:00-00:00,2022-09-02T14:15:00-00:00,2022-09-02,08,KERMAN_6_N001,KERMAN_6_N001,KERMAN_6_N001,RTPD,MCL,LMP_LOSS_PRC,KERMAN_6_N001,ALL,1,11.57627,1,79
2022-09-02T15:00:00-00:00,2022-09-02T15:15:00-00:00,2022-09-02,09,KERMAN_6_N001,KERMAN_6_N001,KERMAN_6_N001,RTPD,MCL,LMP_LOSS_PRC,KERMAN_6_N001,ALL,1,5.0101,1,79
2022-09-02T16:00:00-00:00,2022-09-02T16:15:00-00:00,2022-09-02,10,KERMAN_6_N001,KERMAN_6_N001,KERMAN_6_N001,RTPD,MCL,LMP_LOSS_PRC,KERMAN_6_N001,ALL,1,6.21908,1,79
2022-09-02T17:00:00-00:00,2022-09-02T17:15:00-00:00,2022-09-02,11,KERMAN_6_N001,KERMAN_6_N001,KERMAN_6_N001,RTPD,MCL,LMP_LOSS_PRC,KERMAN_6_N001,ALL,1,5.49991,1,79
2022-09-02T18:00:00-00:00,2022-09-02T18:15:00-00:00,2022-09-02,12,KERMAN_6_N001,KERMAN_6_N001,KERMAN_6_N001,RTPD,MCL,LMP_LOSS_PRC,KERMAN_6_N001,ALL,1,1.48448,1,79
2022-09-02T19:00:00-00:00,2022-09-02T19:15:00-00:00,2022-09-02,13,KERMAN_6_N001,KERMAN_6_N001,KERMAN_6_N001,RTPD,MCL,LMP_LOSS_PRC,KERMAN_6_N001,ALL,1,-1.32701,1,79
2022-09-02T20:00:00-00:00,2022-09-02T20:15:00-00:00,2022-09-02,14,KERMAN_6_N001,KERMAN_6_N001,KERMAN_6_N001,RTPD,MCL,LMP_LOSS_PRC,KERMAN_6_N001,ALL,1,-4.73907,1,79
2022-09-02T21:00:00-00:00,2022-09-02T21:15:00-00:00,2022-09-02,15,KERMAN_6_N001,KERMAN_6_N001,KERMAN_6_N001,RTPD,MCL,LMP_LOSS_PRC,KERMAN_6_N001,ALL,1,-1.01372,1,79
2022-09-02T22:00:00-00:00,2022-09-02T22:15:00-00:00,2022-09-02,16,KERMAN_6_N001,KERMAN_6_N001,KERMAN_6_N001,RTPD,MCL,LMP_LOSS_PRC,KERMAN_6_N001,ALL,1,-0.51131,1,79
2022-09-02T23:00:00-00:00,2022-09-02T23:15:00-00:00,2022-09-02,17,KERMAN_6_N001,KERMAN_6_N001,KERMAN_6_N001,RTPD,MCL,LMP_LOSS_PRC,KERMAN_6_N001,ALL,1,2.95394,1,79
2022-09-03T00:00:00-00:00,2022-09-03T00:15:00-00:00,2022-09-02,18,KERMAN_6_N001,KERMAN_6_N001,KERMAN_6_N001,RTPD,MCL,LMP_LOSS_PRC,KERMAN_6_N001,ALL,1,19.65363,1,79
2022-09-03T01:00:00-00:00,2022-09-03T01:15:00-00:00,2022-09-02,19,KERMAN_6_N001,KERMAN_6_N001,KERMAN_6_N001,RTPD,MCL,LMP_LOSS_PRC,KERMAN_6_N001,ALL,1,0,1,79
2022-09-03T02:00:00-00:00,2022-09-03T02:15:00-00:00,2022-09-02,20,KERMAN_6_N001,KERMAN_6_N001,KERMAN_6_N001,RTPD,MCL,LMP_LOSS_PRC,KERMAN_6_N001,ALL,1,21.6436,1,79
2022-09-03T03:00:00-00:00,2022-09-03T03:15:00-00:00,2022-09-02,21,KERMAN_6_N001,KERMAN_6_N001,KERMAN_6_N001,RTPD,MCL,LMP_LOSS_PRC,KERMAN_6_N001,ALL,1,19.09759,1,79
2022-09-03T04:00:00-00:00,2022-09-03T04:15:00-00:00,2022-09-02,22,KERMAN_6_N001,KERMAN_6_N001,KERMAN_6_N001,RTPD,MCL,LMP_LOSS_PRC,KERMAN_6_N001,ALL,1,22.72848,1,79
2022-09-03T05:00:00-00:00,2022-09-03T05:15:00-00:00,2022-09-02,23,KERMAN_6_N001,KERMAN_6_N001,KERMAN_6_N001,RTPD,MCL,LMP_LOSS_PRC,KERMAN_6_N001,ALL,1,19.91819,1,79
2022-09-03T06:00:00-00:00,2022-09-03T06:15:00-00:00,2022-09-02,24,KERMAN_6_N001,KERMAN_6_N001,KERMAN_6_N001,RTPD,MCL,LMP_LOSS_PRC,KERMAN_6_N001,ALL,1,18.59934,1,79
2022-09-02T07:15:00-00:00,2022-09-02T07:30:00-00:00,2022-09-02,01,KERMAN_6_N001,KERMAN_6_N001,KERMAN_6_N001,RTPD,MCL,LMP_LOSS_PRC,KERMAN_6_N001,ALL,1,11.59829,2,79
2022-09-02T08:15:00-00:00,2022-09-02T08:30:00-00:00,2022-09-02,02,KERMAN_6_N001,KERMAN_6_N001,KERMAN_6_N001,RTPD,MCL,LMP_LOSS_PRC,KERMAN_6_N001,ALL,1,11.10857,2,79
2022-09-02T09:15:00-00:00,2022-09-02T09:30:00-00:00,2022-09-02,03,KERMAN_6_N001,KERMAN_6_N001,KERMAN_6_N001,RTPD,MCL,LMP_LOSS_PRC,KERMAN_6_N001,ALL,1,11.009,2,79
2022-09-02T10:15:00-00:00,2022-09-02T10:30:00-00:00,2022-09-02,04,KERMAN_6_N001,KERMAN_6_N001,KERMAN_6_N001,RTPD,MCL,LMP_LOSS_PRC,KERMAN_6_N001,ALL,1,9.40391,2,79
2022-09-02T11:15:00-00:00,2022-09-02T11:30:00-00:00,2022-09-02,05,KERMAN_6_N001,KERMAN_6_N001,KERMAN_6_N001,RTPD,MCL,LMP_LOSS_PRC,KERMAN_6_N001,ALL,1,0,2,79
2022-09-02T12:15:00-00:00,2022-09-02T12:30:00-00:00,2022-09-02,06,KERMAN_6_N001,KERMAN_6_N001,KERMAN_6_N001,RTPD,MCL,LMP_LOSS_PRC,KERMAN_6_N001,ALL,1,0,2,79
2022-09-02T13:15:00-00:00,2022-09-02T13:30:00-00:00,2022-09-02,07,KERMAN_6_N001,KERMAN_6_N001,KERMAN_6_N001,RTPD,MCL,LMP_LOSS_PRC,KERMAN_6_N001,ALL,1,0,2,79
2022-09-02T14:15:00-00:00,2022-09-02T14:30:00-00:00,2022-09-02,08,KERMAN_6_N001,KERMAN_6_N001,KERMAN_6_N001,RTPD,MCL,LMP_LOSS_PRC,KERMAN_6_N001,ALL,1,11.47553,2,79
2022-09-02T15:15:00-00:00,2022-09-02T15:30:00-00:00,2022-09-02,09,KERMAN_6_N001,KERMAN_6_N001,KERMAN_6_N001,RTPD,MCL,LMP_LOSS_PRC,KERMAN_6_N001,ALL,1,0,2,79
2022-09-02T16:15:00-00:00,2022-09-02T16:30:00-00:00,2022-09-02,10,KERMAN_6_N001,KERMAN_6_N001,KERMAN_6_N001,RTPD,MCL,LMP_LOSS_PRC,KERMAN_6_N001,ALL,1,5.9105,2,79
2022-09-02T17:15:00-00:00,2022-09-02T17:30:00-00:00,2022-09-02,11,KERMAN_6_N001,KERMAN_6_N001,KERMAN_6_N001,RTPD,MCL,LMP_LOSS_PRC,KERMAN_6_N001,ALL,1,5.82918,2,79
2022-09-02T18:15:00-00:00,2022-09-02T18:30:00-00:00,2022-09-02,12,KERMAN_6_N001,KERMAN_6_N001,KERMAN_6_N001,RTPD,MCL,LMP_LOSS_PRC,KERMAN_6_N001,ALL,1,1.61384,2,79
2022-09-02T19:15:00-00:00,2022-09-02T19:30:00-00:00,2022-09-02,13,KERMAN_6_N001,KERMAN_6_N001,KERMAN_6_N001,RTPD,MCL,LMP_LOSS_PRC,KERMAN_6_N001,ALL,1,-1.40172,2,79
2022-09-02T20:15:00-00:00,2022-09-02T20:30:00-00:00,2022-09-02,14,KERMAN_6_N001,KERMAN_6_N001,KERMAN_6_N001,RTPD,MCL,LMP_LOSS_PRC,KERMAN_6_N001,ALL,1,-4.58506,2,79
2022-09-02T21:15:00-00:00,2022-09-02T21:30:00-00:00,2022-09-02,15,KERMAN_6_N001,KERMAN_6_N001,KERMAN_6_N001,RTPD,MCL,LMP_LOSS_PRC,KERMAN_6_N001,ALL,1,-0.88545,2,79
2022-09-02T22:15:00-00:00,2022-09-02T22:30:00-00:00,2022-09-02,16,KERMAN_6_N001,KERMAN_6_N001,KERMAN_6_N001,RTPD,MCL,LMP_LOSS_PRC,KERMAN_6_N001,ALL,1,0.01593,2,79
2022-09-02T23:15:00-00:00,2022-09-02T23:30:00-00:00,2022-09-02,17,KERMAN_6_N001,KERMAN_6_N001,KERMAN_6_N001,RTPD,MCL,LMP_LOSS_PRC,KERMAN_6_N001,ALL,1,3.71039,2,79
2022-09-03T00:15:00-00:00,2022-09-03T00:30:00-00:00,2022-09-02,18,KERMAN_6_N001,KERMAN_6_N001,KERMAN_6_N001,RTPD,MCL,LMP_LOSS_PRC,KERMAN_6_N001,ALL,1,14.03308,2,79
2022-09-03T01:15:00-00:00,2022-09-03T01:30:00-00:00,2022-09-02,19,KERMAN_6_N001,KERMAN_6_N001,KERMAN_6_N001,RTPD,MCL,LMP_LOSS_PRC,KERMAN_6_N001,ALL,1,0,2,79
2022-09-03T02:15:00-00:00,2022-09-03T02:30:00-00:00,2022-09-02,20,KERMAN_6_N001,KERMAN_6_N001,KERMAN_6_N001,RTPD,MCL,LMP_LOSS_PRC,KERMAN_6_N001,ALL,1,22.47297,2,79
2022-09-03T03:15:00-00:00,2022-09-03T03:30:00-00:00,2022-09-02,21,KERMAN_6_N001,KERMAN_6_N001,KERMAN_6_N001,RTPD,MCL,LMP_LOSS_PRC,KERMAN_6_N001,ALL,1,18.23627,2,79
2022-09-03T04:15:00-00:00,2022-09-03T04:30:00-00:00,2022-09-02,22,KERMAN_6_N001,KERMAN_6_N001,KERMAN_6_N001,RTPD,MCL,LMP_LOSS_PRC,KERMAN_6_N001,ALL,1,19.74792,2,79
2022-09-03T05:15:00-00:00,2022-09-03T05:30:00-00:00,2022-09-02,23,KERMAN_6_N001,KERMAN_6_N001,KERMAN_6_N001,RTPD,MCL,LMP_LOSS_PRC,KERMAN_6_N001,ALL,1,17.06397,2,79
2022-09-03T06:15:00-00:00,2022-09-03T06:30:00-00:00,2022-09-02,24,KERMAN_6_N001,KERMAN_6_N001,KERMAN_6_N001,RTPD,MCL,LMP_LOSS_PRC,KERMAN_6_N001,ALL,1,15.11444,2,79
2022-09-02T07:30:00-00:00,2022-09-02T07:45:00-00:00,2022-09-02,01,KERMAN_6_N001,KERMAN_6_N001,KERMAN_6_N001,RTPD,MCL,LMP_LOSS_PRC,KERMAN_6_N001,ALL,1,11.39922,3,79
2022-09-02T08:30:00-00:00,2022-09-02T08:45:00-00:00,2022-09-02,02,KERMAN_6_N001,KERMAN_6_N001,KERMAN_6_N001,RTPD,MCL,LMP_LOSS_PRC,KERMAN_6_N001,ALL,1,10.48983,3,79
2022-09-02T09:30:00-00:00,2022-09-02T09:45:00-00:00,2022-09-02,03,KERMAN_6_N001,KERMAN_6_N001,KERMAN_6_N001,RTPD,MCL,LMP_LOSS_PRC,KERMAN_6_N001,ALL,1,10.2553,3,79
2022-09-02T10:30:00-00:00,2022-09-02T10:45:00-00:00,2022-09-02,04,KERMAN_6_N001,KERMAN_6_N001,KERMAN_6_N001,RTPD,MCL,LMP_LOSS_PRC,KERMAN_6_N001,ALL,1,9.07173,3,79
2022-09-02T11:30:00-00:00,2022-09-02T11:45:00-00:00,2022-09-02,05,KERMAN_6_N001,KERMAN_6_N001,KERMAN_6_N001,RTPD,MCL,LMP_LOSS_PRC,KERMAN_6_N001,ALL,1,0,3,79
2022-09-02T12:30:00-00:00,2022-09-02T12:45:00-00:00,2022-09-02,06,KERMAN_6_N001,KERMAN_6_N001,KERMAN_6_N001,RTPD,MCL,LMP_LOSS_PRC,KERMAN_6_N001,ALL,1,0,3,79
2022-09-02T13:30:00-00:00,2022-09-02T13:45:00-00:00,2022-09-02,07,KERMAN_6_N001,KERMAN_6_N001,KERMAN_6_N001,RTPD,MCL,LMP_LOSS_PRC,KERMAN_6_N001,ALL,1,0,3,79
2022-09-02T14:30:00-00:00,2022-09-02T14:45:00-00:00,2022-09-02,08,KERMAN_6_N001,KERMAN_6_N001,KERMAN_6_N001,RTPD,MCL,LMP_LOSS_PRC,KERMAN_6_N001,ALL,1,8.78035,3,79
2022-09-02T15:30:00-00:00,2022-09-02T15:45:00-00:00,2022-09-02,09,KERMAN_6_N001,KERMAN_6_N001,KERMAN_6_N001,RTPD,MCL,LMP_LOSS_PRC,KERMAN_6_N001,ALL,1,0,3,79
2022-09-02T16:30:00-00:00,2022-09-02T16:45:00-00:00,2022-09-02,10,KERMAN_6_N001,KERMAN_6_N001,KERMAN_6_N001,RTPD,MCL,LMP_LOSS_PRC,KERMAN_6_N001,ALL,1,5.66299,3,79
2022-09-02T17:30:00-00:00,2022-09-02T17:45:00-00:00,2022-09-02,11,KERMAN_6_N001,KERMAN_6_N001,KERMAN_6_N001,RTPD,MCL,LMP_LOSS_PRC,KERMAN_6_N001,ALL,1,4.40182,3,79
2022-09-02T18:30:00-00:00,2022-09-02T18:45:00-00:00,2022-09-02,12,KERMAN_6_N001,KERMAN_6_N001,KERMAN_6_N001,RTPD,MCL,LMP_LOSS_PRC,KERMAN_6_N001,ALL,1,0.40413,3,79
2022-09-02T19:30:00-00:00,2022-09-02T19:45:00-00:00,2022-09-02,13,KERMAN_6_N001,KERMAN_6_N001,KERMAN_6_N001,RTPD,MCL,LMP_LOSS_PRC,KERMAN_6_N001,ALL,1,-3.49116,3,79
2022-09-02T20:30:00-00:00,2022-09-02T20:45:00-00:00,2022-09-02,14,KERMAN_6_N001,KERMAN_6_N001,KERMAN_6_N001,RTPD,MCL,LMP_LOSS_PRC,KERMAN_6_N001,ALL,1,-4.22818,3,79
2022-09-02T21:30:00-00:00,2022-09-02T21:45:00-00:00,2022-09-02,15,KERMAN_6_N001,KERMAN_6_N001,KERMAN_6_N001,RTPD,MCL,LMP_LOSS_PRC,KERMAN_6_N001,ALL,1,-2.20021,3,79
2022-09-02T22:30:00-00:00,2022-09-02T22:45:00-00:00,2022-09-02,16,KERMAN_6_N001,KERMAN_6_N001,KERMAN_6_N001,RTPD,MCL,LMP_LOSS_PRC,KERMAN_6_N001,ALL,1,0.0916,3,79
2022-09-02T23:30:00-00:00,2022-09-02T23:45:00-00:00,2022-09-02,17,KERMAN_6_N001,KERMAN_6_N001,KERMAN_6_N001,RTPD,MCL,LMP_LOSS_PRC,KERMAN_6_N001,ALL,1,3.32124,3,79
2022-09-03T00:30:00-00:00,2022-09-03T00:45:00-00:00,2022-09-02,18,KERMAN_6_N001,KERMAN_6_N001,KERMAN_6_N001,RTPD,MCL,LMP_LOSS_PRC,KERMAN_6_N001,ALL,1,0,3,79
2022-09-03T01:30:00-00:00,2022-09-03T01:45:00-00:00,2022-09-02,19,KERMAN_6_N001,KERMAN_6_N001,KERMAN_6_N001,RTPD,MCL,LMP_LOSS_PRC,KERMAN_6_N001,ALL,1,0,3,79
2022-09-03T02:30:00-00:00,2022-09-03T02:45:00-00:00,2022-09-02,20,KERMAN_6_N001,KERMAN_6_N001,KERMAN_6_N001,RTPD,MCL,LMP_LOSS_PRC,KERMAN_6_N001,ALL,1,20.60423,3,79
2022-09-03T03:30:00-00:00,2022-09-03T03:45:00-00:00,2022-09-02,21,KERMAN_6_N001,KERMAN_6_N001,KERMAN_6_N001,RTPD,MCL,LMP_LOSS_PRC,KERMAN_6_N001,ALL,1,16.69443,3,79
2022-09-03T04:30:00-00:00,2022-09-03T04:45:00-00:00,2022-09-02,22,KERMAN_6_N001,KERMAN_6_N001,KERMAN_6_N001,RTPD,MCL,LMP_LOSS_PRC,KERMAN_6_N001,ALL,1,18.12484,3,79
2022-09-03T05:30:00-00:00,2022-09-03T05:45:00-00:00,2022-09-02,23,KERMAN_6_N001,KERMAN_6_N001,KERMAN_6_N001,RTPD,MCL,LMP_LOSS_PRC,KERMAN_6_N001,ALL,1,16.43781,3,79
2022-09-03T06:30:00-00:00,2022-09-03T06:45:00-00:00,2022-09-02,24,KERMAN_6_N001,KERMAN_6_N001,KERMAN_6_N001,RTPD,MCL,LMP_LOSS_PRC,KERMAN_6_N001,ALL,1,13.67015,3,79
2022-09-02T07:45:00-00:00,2022-09-02T08:00:00-00:00,2022-09-02,01,KERMAN_6_N001,KERMAN_6_N001,KERMAN_6_N001,RTPD,MCL,LMP_LOSS_PRC,KERMAN_6_N001,ALL,1,8.94233,4,79
2022-09-02T08:45:00-00:00,2022-09-02T09:00:00-00:00,2022-09-02,02,KERMAN_6_N001,KERMAN_6_N001,KERMAN_6_N001,RTPD,MCL,LMP_LOSS_PRC,KERMAN_6_N001,ALL,1,9.07793,4,79
2022-09-02T09:45:00-00:00,2022-09-02T10:00:00-00:00,2022-09-02,03,KERMAN_6_N001,KERMAN_6_N001,KERMAN_6_N001,RTPD,MCL,LMP_LOSS_PRC,KERMAN_6_N001,ALL,1,9.42745,4,79
2022-09-02T10:45:00-00:00,2022-09-02T11:00:00-00:00,2022-09-02,04,KERMAN_6_N001,KERMAN_6_N001,KERMAN_6_N001,RTPD,MCL,LMP_LOSS_PRC,KERMAN_6_N001,ALL,1,8.65923,4,79
2022-09-02T11:45:00-00:00,2022-09-02T12:00:00-00:00,2022-09-02,05,KERMAN_6_N001,KERMAN_6_N001,KERMAN_6_N001,RTPD,MCL,LMP_LOSS_PRC,KERMAN_6_N001,ALL,1,8.86036,4,79
2022-09-02T12:45:00-00:00,2022-09-02T13:00:00-00:00,2022-09-02,06,KERMAN_6_N001,KERMAN_6_N001,KERMAN_6_N001,RTPD,MCL,LMP_LOSS_PRC,KERMAN_6_N001,ALL,1,0,4,79
2022-09-02T13:45:00-00:00,2022-09-02T14:00:00-00:00,2022-09-02,07,KERMAN_6_N001,KERMAN_6_N001,KERMAN_6_N001,RTPD,MCL,LMP_LOSS_PRC,KERMAN_6_N001,ALL,1,0,4,79
2022-09-02T14:45:00-00:00,2022-09-02T15:00:00-00:00,2022-09-02,08,KERMAN_6_N001,KERMAN_6_N001,KERMAN_6_N001,RTPD,MCL,LMP_LOSS_PRC,KERMAN_6_N001,ALL,1,7.42107,4,79
2022-09-02T15:45:00-00:00,2022-09-02T16:00:00-00:00,2022-09-02,09,KERMAN_6_N001,KERMAN_6_N001,KERMAN_6_N001,RTPD,MCL,LMP_LOSS_PRC,KERMAN_6_N001,ALL,1,5.72315,4,79
2022-09-02T16:45:00-00:00,2022-09-02T17:00:00-00:00,2022-09-02,10,KERMAN_6_N001,KERMAN_6_N001,KERMAN_6_N001,RTPD,MCL,LMP_LOSS_PRC,KERMAN_6_N001,ALL,1,5.59273,4,79
2022-09-02T17:45:00-00:00,2022-09-02T18:00:00-00:00,2022-09-02,11,KERMAN_6_N001,KERMAN_6_N001,KERMAN_6_N001,RTPD,MCL,LMP_LOSS_PRC,KERMAN_6_N001,ALL,1,3.79557,4,79
2022-09-02T18:45:00-00:00,2022-09-02T19:00:00-00:00,2022-09-02,12,KERMAN_6_N001,KERMAN_6_N001,KERMAN_6_N001,RTPD,MCL,LMP_LOSS_PRC,KERMAN_6_N001,ALL,1,0.98425,4,79
2022-09-02T19:45:00-00:00,2022-09-02T20:00:00-00:00,2022-09-02,13,KERMAN_6_N001,KERMAN_6_N001,KERMAN_6_N001,RTPD,MCL,LMP_LOSS_PRC,KERMAN_6_N001,ALL,1,-3.30533,4,79
2022-09-02T20:45:00-00:00,2022-09-02T21:00:00-00:00,2022-09-02,14,KERMAN_6_N001,KERMAN_6_N001,KERMAN_6_N001,RTPD,MCL,LMP_LOSS_PRC,KERMAN_6_N001,ALL,1,-4.4972,4,79
2022-09-02T21:45:00-00:00,2022-09-02T22:00:00-00:00,2022-09-02,15,KERMAN_6_N001,KERMAN_6_N001,KERMAN_6_N001,RTPD,MCL,LMP_LOSS_PRC,KERMAN_6_N001,ALL,1,-2.45432,4,79
2022-09-02T22:45:00-00:00,2022-09-02T23:00:00-00:00,2022-09-02,16,KERMAN_6_N001,KERMAN_6_N001,KERMAN_6_N001,RTPD,MCL,LMP_LOSS_PRC,KERMAN_6_N001,ALL,1,0,4,79
2022-09-02T23:45:00-00:00,2022-09-03T00:00:00-00:00,2022-09-02,17,KERMAN_6_N001,KERMAN_6_N001,KERMAN_6_N001,RTPD,MCL,LMP_LOSS_PRC,KERMAN_6_N001,ALL,1,0,4,79
2022-09-03T00:45:00-00:00,2022-09-03T01:00:00-00:00,2022-09-02,18,KERMAN_6_N001,KERMAN_6_N001,KERMAN_6_N001,RTPD,MCL,LMP_LOSS_PRC,KERMAN_6_N001,ALL,1,0,4,79
2022-09-03T01:45:00-00:00,2022-09-03T02:00:00-00:00,2022-09-02,19,KERMAN_6_N001,KERMAN_6_N001,KERMAN_6_N001,RTPD,MCL,LMP_LOSS_PRC,KERMAN_6_N001,ALL,1,0,4,79
2022-09-03T02:45:00-00:00,2022-09-03T03:00:00-00:00,2022-09-02,20,KERMAN_6_N001,KERMAN_6_N001,KERMAN_6_N001,RTPD,MCL,LMP_LOSS_PRC,KERMAN_6_N001,ALL,1,21.04167,4,79
2022-09-03T03:45:00-00:00,2022-09-03T04:00:00-00:00,2022-09-02,21,KERMAN_6_N001,KERMAN_6_N001,KERMAN_6_N001,RTPD,MCL,LMP_LOSS_PRC,KERMAN_6_N001,ALL,1,15.92476,4,79
2022-09-03T04:45:00-00:00,2022-09-03T05:00:00-00:00,2022-09-02,22,KERMAN_6_N001,KERMAN_6_N001,KERMAN_6_N001,RTPD,MCL,LMP_LOSS_PRC,KERMAN_6_N001,ALL,1,14.94965,4,79
2022-09-03T05:45:00-00:00,2022-09-03T06:00:00-00:00,2022-09-02,23,KERMAN_6_N001,KERMAN_6_N001,KERMAN_6_N001,RTPD,MCL,LMP_LOSS_PRC,KERMAN_6_N001,ALL,1,12.96817,4,79
2022-09-03T06:45:00-00:00,2022-09-03T07:00:00-00:00,2022-09-02,24,KERMAN_6_N001,KERMAN_6_N001,KERMAN_6_N001,RTPD,MCL,LMP_LOSS_PRC,KERMAN_6_N001,ALL,1,11.5548,4,79
2022-09-02T07:00:00-00:00,2022-09-02T07:15:00-00:00,2022-09-02,01,KERMAN_6_N001,KERMAN_6_N001,KERMAN_6_N001,RTPD,MGHG,LMP_GHG_PRC,KERMAN_6_N001,ALL,1,0,1,80
2022-09-02T08:00:00-00:00,2022-09-02T08:15:00-00:00,2022-09-02,02,KERMAN_6_N001,KERMAN_6_N001,KERMAN_6_N001,RTPD,MGHG,LMP_GHG_PRC,KERMAN_6_N001,ALL,1,0,1,80
2022-09-02T09:00:00-00:00,2022-09-02T09:15:00-00:00,2022-09-02,03,KERMAN_6_N001,KERMAN_6_N001,KERMAN_6_N001,RTPD,MGHG,LMP_GHG_PRC,KERMAN_6_N001,ALL,1,0,1,80
2022-09-02T10:00:00-00:00,2022-09-02T10:15:00-00:00,2022-09-02,04,KERMAN_6_N001,KERMAN_6_N001,KERMAN_6_N001,RTPD,MGHG,LMP_GHG_PRC,KERMAN_6_N001,ALL,1,0,1,80
2022-09-02T11:00:00-00:00,2022-09-02T11:15:00-00:00,2022-09-02,05,KERMAN_6_N001,KERMAN_6_N001,KERMAN_6_N001,RTPD,MGHG,LMP_GHG_PRC,KERMAN_6_N001,ALL,1,0,1,80
2022-09-02T12:00:00-00:00,2022-09-02T12:15:00-00:00,2022-09-02,06,KERMAN_6_N001,KERMAN_6_N001,KERMAN_6_N001,RTPD,MGHG,LMP_GHG_PRC,KERMAN_6_N001,ALL,1,0,1,80
2022-09-02T13:00:00-00:00,2022-09-02T13:15:00-00:00,2022-09-02,07,KERMAN_6_N001,KERMAN_6_N001,KERMAN_6_N001,RTPD,MGHG,LMP_GHG_PRC,KERMAN_6_N001,ALL,1,0,1,80
2022-09-02T14:00:00-00:00,2022-09-02T14:15:00-00:00,2022-09-02,08,KERMAN_6_N001,KERMAN_6_N001,KERMAN_6_N001,RTPD,MGHG,LMP_GHG_PRC,KERMAN_6_N001,ALL,1,0,1,80
2022-09-02T15:00:00-00:00,2022-09-02T15:15:00-00:00,2022-09-02,09,KERMAN_6_N001,KERMAN_6_N001,KERMAN_6_N001,RTPD,MGHG,LMP_GHG_PRC,KERMAN_6_N001,ALL,1,0,1,80
2022-09-02T16:00:00-00:00,2022-09-02T16:15:00-00:00,2022-09-02,10,KERMAN_6_N001,KERMAN_6_N001,KERMAN_6_N001,RTPD,MGHG,LMP_GHG_PRC,KERMAN_6_N001,ALL,1,0,1,80
2022-09-02T17:00:00-00:00,2022-09-02T17:15:00-00:00,2022-09-02,11,KERMAN_6_N001,KERMAN_6_N001,KERMAN_6_N001,RTPD,MGHG,LMP_GHG_PRC,KERMAN_6_N001,ALL,1,0,1,80
2022-09-02T18:00:00-00:00,2022-09-02T18:15:00-00:00,2022-09-02,12,KERMAN_6_N001,KERMAN_6_N001,KERMAN_6_N001,RTPD,MGHG,LMP_GHG_PRC,KERMAN_6_N001,ALL,1,0,1,80
2022-09-02T19:00:00-00:00,2022-09-02T19:15:00-00:00,2022-09-02,13,KERMAN_6_N001,KERMAN_6_N001,KERMAN_6_N001,RTPD,MGHG,LMP_GHG_PRC,KERMAN_6_N001,ALL,1,0,1,80
2022-09-02T20:00:00-00:00,2022-09-02T20:15:00-00:00,2022-09-02,14,KERMAN_6_N001,KERMAN_6_N001,KERMAN_6_N001,RTPD,MGHG,LMP_GHG_PRC,KERMAN_6_N001,ALL,1,0,1,80
2022-09-02T21:00:00-00:00,2022-09-02T21:15:00-00:00,2022-09-02,15,KERMAN_6_N001,KERMAN_6_N001,KERMAN_6_N001,RTPD,MGHG,LMP_GHG_PRC,KERMAN_6_N001,ALL,1,0,1,80
2022-09-02T22:00:00-00:00,2022-09-02T22:15:00-00:00,2022-09-02,16,KERMAN_6_N001,KERMAN_6_N001,KERMAN_6_N001,RTPD,MGHG,LMP_GHG_PRC,KERMAN_6_N001,ALL,1,0,1,80
2022-09-02T23:00:00-00:00,2022-09-02T23:15:00-00:00,2022-09-02,17,KERMAN_6_N001,KERMAN_6_N001,KERMAN_6_N001,RTPD,MGHG,LMP_GHG_PRC,KERMAN_6_N001,ALL,1,0,1,80
2022-09-03T00:00:00-00:00,2022-09-03T00:15:00-00:00,2022-09-02,18,KERMAN_6_N001,KERMAN_6_N001,KERMAN_6_N001,RTPD,MGHG,LMP_GHG_PRC,KERMAN_6_N001,ALL,1,0,1,80
2022-09-03T01:00:00-00:00,2022-09-03T01:15:00-00:00,2022-09-02,19,KERMAN_6_N001,KERMAN_6_N001,KERMAN_6_N001,RTPD,MGHG,LMP_GHG_PRC,KERMAN_6_N001,ALL,1,0,1,80
2022-09-03T02:00:00-00:00,2022-09-03T02:15:00-00:00,2022-09-02,20,KERMAN_6_N001,KERMAN_6_N001,KERMAN_6_N001,RTPD,MGHG,LMP_GHG_PRC,KERMAN_6_N001,ALL,1,0,1,80
2022-09-03T03:00:00-00:00,2022-09-03T03:15:00-00:00,2022-09-02,21,KERMAN_6_N001,KERMAN_6_N001,KERMAN_6_N001,RTPD,MGHG,LMP_GHG_PRC,KERMAN_6_N001,ALL,1,0,1,80
2022-09-03T04:00:00-00:00,2022-09-03T04:15:00-00:00,2022-09-02,22,KERMAN_6_N001,KERMAN_6_N001,KERMAN_6_N001,RTPD,MGHG,LMP_GHG_PRC,KERMAN_6_N001,ALL,1,0,1,80
2022-09-03T05:00:00-00:00,2022-09-03T05:15:00-00:00,2022-09-02,23,KERMAN_6_N001,KERMAN_6_N001,KERMAN_6_N001,RTPD,MGHG,LMP_GHG_PRC,KERMAN_6_N001,ALL,1,0,1,80
2022-09-03T06:00:00-00:00,2022-09-03T06:15:00-00:00,2022-09-02,24,KERMAN_6_N001,KERMAN_6_N001,KERMAN_6_N001,RTPD,MGHG,LMP_GHG_PRC,KERMAN_6_N001,ALL,1,0,1,80
2022-09-02T07:15:00-00:00,2022-09-02T07:30:00-00:00,2022-09-02,01,KERMAN_6_N001,KERMAN_6_N001,KERMAN_6_N001,RTPD,MGHG,LMP_GHG_PRC,KERMAN_6_N001,ALL,1,0,2,80
2022-09-02T08:15:00-00:00,2022-09-02T08:30:00-00:00,2022-09-02,02,KERMAN_6_N001,KERMAN_6_N001,KERMAN_6_N001,RTPD,MGHG,LMP_GHG_PRC,KERMAN_6_N001,ALL,1,0,2,80
2022-09-02T09:15:00-00:00,2022-09-02T09:30:00-00:00,2022-09-02,03,KERMAN_6_N001,KERMAN_6_N001,KERMAN_6_N001,RTPD,MGHG,LMP_GHG_PRC,KERMAN_6_N001,ALL,1,0,2,80
2022-09-02T10:15:00-00:00,2022-09-02T10:30:00-00:00,2022-09-02,04,KERMAN_6_N001,KERMAN_6_N001,KERMAN_6_N001,RTPD,MGHG,LMP_GHG_PRC,KERMAN_6_N001,ALL,1,0,2,80
2022-09-02T11:15:00-00:00,2022-09-02T11:30:00-00:00,2022-09-02,05,KERMAN_6_N001,KERMAN_6_N001,KERMAN_6_N001,RTPD,MGHG,LMP_GHG_PRC,KERMAN_6_N001,ALL,1,0,2,80
2022-09-02T12:15:00-00:00,2022-09-02T12:30:00-00:00,2022-09-02,06,KERMAN_6_N001,KERMAN_6_N001,KERMAN_6_N001,RTPD,MGHG,LMP_GHG_PRC,KERMAN_6_N001,ALL,1,0,2,80
2022-09-02T13:15:00-00:00,2022-09-02T13:30:00-00:00,2022-09-02,07,KERMAN_6_N001,KERMAN_6_N001,KERMAN_6_N001,RTPD,MGHG,LMP_GHG_PRC,KERMAN_6_N001,ALL,1,0,2,80
2022-09-02T14:15:00-00:00,2022-09-02T14:30:00-00:00,2022-09-02,08,KERMAN_6_N001,KERMAN_6_N001,KERMAN_6_N001,RTPD,MGHG,LMP_GHG_PRC,KERMAN_6_N001,ALL,1,0,2,80
2022-09-02T15:15:00-00:00,2022-09-02T15:30:00-00:00,2022-09-02,09,KERMAN_6_N001,KERMAN_6_N001,KERMAN_6_N001,RTPD,MGHG,LMP_GHG_PRC,KERMAN_6_N001,ALL,1,0,2,80
2022-09-02T16:15:00-00:00,2022-09-02T16:30:00-00:00,2022-09-02,10,KERMAN_6_N001,KERMAN_6_N001,KERMAN_6_N001,RTPD,MGHG,LMP_GHG_PRC,KERMAN_6_N001,ALL,1,0,2,80
2022-09-02T17:15:00-00:00,2022-09-02T17:30:00-00:00,2022-09-02,11,KERMAN_6_N001,KERMAN_6_N001,KERMAN_6_N001,RTPD,MGHG,LMP_GHG_PRC,KERMAN_6_N001,ALL,1,0,2,80
2022-09-02T18:15:00-00:00,2022-09-02T18:30:00-00:00,2022-09-02,12,KERMAN_6_N001,KERMAN_6_N001,KERMAN_6_N001,RTPD,MGHG,LMP_GHG_PRC,KERMAN_6_N001,ALL,1,0,2,80
2022-09-02T19:15:00-00:00,2022-09-02T19:30:00-00:00,2022-09-02,13,KERMAN_6_N001,KERMAN_6_N001,KERMAN_6_N001,RTPD,MGHG,LMP_GHG_PRC,KERMAN_6_N001,ALL,1,0,2,80
2022-09-02T20:15:00-00:00,2022-09-02T20:30:00-00:00,2022-09-02,14,KERMAN_6_N001,KERMAN_6_N001,KERMAN_6_N001,RTPD,MGHG,LMP_GHG_PRC,KERMAN_6_N001,ALL,1,0,2,80
2022-09-02T21:15:00-00:00,2022-09-02T21:30:00-00:00,2022-09-02,15,KERMAN_6_N001,KERMAN_6_N001,KERMAN_6_N001,RTPD,MGHG,LMP_GHG_PRC,KERMAN_6_N001,ALL,1,0,2,80
2022-09-02T22:15:00-00:00,2022-09-02T22:30:00-00:00,2022-09-02,16,KERMAN_6_N001,KERMAN_6_N001,KERMAN_6_N001,RTPD,MGHG,LMP_GHG_PRC,KERMAN_6_N001,ALL,1,0,2,80
2022-09-02T23:15:00-00:00,2022-09-02T23:30:00-00:00,2022-09-02,17,KERMAN_6_N001,KERMAN_6_N001,KERMAN_6_N001,RTPD,MGHG,LMP_GHG_PRC,KERMAN_6_N001,ALL,1,0,2,80
2022-09-03T00:15:00-00:00,2022-09-03T00:30:00-00:00,2022-09-02,18,KERMAN_6_N001,KERMAN_6_N001,KERMAN_6_N001,RTPD,MGHG,LMP_GHG_PRC,KERMAN_6_N001,ALL,1,0,2,80
2022-09-03T01:15:00-00:00,2022-09-03T01:30:00-00:00,2022-09-02,19,KERMAN_6_N001,KERMAN_6_N001,KERMAN_6_N001,RTPD,MGHG,LMP_GHG_PRC,KERMAN_6_N001,ALL,1,0,2,80
2022-09-03T02:15:00-00:00,2022-09-03T02:30:00-00:00,2022-09-02,20,KERMAN_6_N001,KERMAN_6_N001,KERMAN_6_N001,RTPD,MGHG,LMP_GHG_PRC,KERMAN_6_N001,ALL,1,0,2,80
2022-09-03T03:15:00-00:00,2022-09-03T03:30:00-00:00,2022-09-02,21,KERMAN_6_N001,KERMAN_6_N001,KERMAN_6_N001,RTPD,MGHG,LMP_GHG_PRC,KERMAN_6_N001,ALL,1,0,2,80
2022-09-03T04:15:00-00:00,2022-09-03T04:30:00-00:00,2022-09-02,22,KERMAN_6_N001,KERMAN_6_N001,KERMAN_6_N001,RTPD,MGHG,LMP_GHG_PRC,KERMAN_6_N001,ALL,1,0,2,80
2022-09-03T05:15:00-00:00,2022-09-03T05:30:00-00:00,2022-09-02,23,KERMAN_6_N001,KERMAN_6_N001,KERMAN_6_N001,RTPD,MGHG,LMP_GHG_PRC,KERMAN_6_N001,ALL,1,0,2,80
2022-09-03T06:15:00-00:00,2022-09-03T06:30:00-00:00,2022-09-02,24,KERMAN_6_N001,KERMAN_6_N001,KERMAN_6_N001,RTPD,MGHG,LMP_GHG_PRC,KERMAN_6_N001,ALL,1,0,2,80
2022-09-02T07:30:00-00:00,2022-09-02T07:45:00-00:00,2022-09-02,01,KERMAN_6_N001,KERMAN_6_N001,KERMAN_6_N001,RTPD,MGHG,LMP_GHG_PRC,KERMAN_6_N001,ALL,1,0,3,80
2022-09-02T08:30:00-00:00,2022-09-02T08:45:00-00:00,2022-09-02,02,KERMAN_6_N001,KERMAN_6_N001,KERMAN_6_N001,RTPD,MGHG,LMP_GHG_PRC,KERMAN_6_N001,ALL,1,0,3,80
2022-09-02T09:30:00-00:00,2022-09-02T09:45:00-00:00,2022-09-02,03,KERMAN_6_N001,KERMAN_6_N001,KERMAN_6_N001,RTPD,MGHG,LMP_GHG_PRC,KERMAN_6_N001,ALL,1,0,3,80
2022-09-02T10:30:00-00:00,2022-09-02T10:45:00-00:00,2022-09-02,04,KERMAN_6_N001,KERMAN_6_N001,KERMAN_6_N001,RTPD,MGHG,LMP_GHG_PRC,KERMAN_6_N001,ALL,1,0,3,80
2022-09-02T11:30:00-00:00,2022-09-02T11:45:00-00:00,2022-09-02,05,KERMAN_6_N001,KERMAN_6_N001,KERMAN_6_N001,RTPD,MGHG,LMP_GHG_PRC,KERMAN_6_N001,ALL,1,0,3,80
2022-09-02T12:30:00-00:00,2022-09-02T12:45:00-00:00,2022-09-02,06,KERMAN_6_N001,KERMAN_6_N001,KERMAN_6_N001,RTPD,MGHG,LMP_GHG_PRC,KERMAN_6_N001,ALL,1,0,3,80
2022-09-02T13:30:00-00:00,2022-09-02T13:45:00-00:00,2022-09-02,07,KERMAN_6_N001,KERMAN_6_N001,KERMAN_6_N001,RTPD,MGHG,LMP_GHG_PRC,KERMAN_6_N001,ALL,1,0,3,80
2022-09-02T14:30:00-00:00,2022-09-02T14:45:00-00:00,2022-09-02,08,KERMAN_6_N001,KERMAN_6_N001,KERMAN_6_N001,RTPD,MGHG,LMP_GHG_PRC,KERMAN_6_N001,ALL,1,0,3,80
2022-09-02T15:30:00-00:00,2022-09-02T15:45:00-00:00,2022-09-02,09,KERMAN_6_N001,KERMAN_6_N001,KERMAN_6_N001,RTPD,MGHG,LMP_GHG_PRC,KERMAN_6_N001,ALL,1,0,3,80
2022-09-02T16:30:00-00:00,2022-09-02T16:45:00-00:00,2022-09-02,10,KERMAN_6_N001,KERMAN_6_N001,KERMAN_6_N001,RTPD,MGHG,LMP_GHG_PRC,KERMAN_6_N001,ALL,1,0,3,80
2022-09-02T17:30:00-00:00,2022-09-02T17:45:00-00:00,2022-09-02,11,KERMAN_6_N001,KERMAN_6_N001,KERMAN_6_N001,RTPD,MGHG,LMP_GHG_PRC,KERMAN_6_N001,ALL,1,0,3,80
2022-09-02T18:30:00-00:00,2022-09-02T18:45:00-00:00,2022-09-02,12,KERMAN_6_N001,KERMAN_6_N001,KERMAN_6_N001,RTPD,MGHG,LMP_GHG_PRC,KERMAN_6_N001,ALL,1,0,3,80
2022-09-02T19:30:00-00:00,2022-09-02T19:45:00-00:00,2022-09-02,13,KERMAN_6_N001,KERMAN_6_N001,KERMAN_6_N001,RTPD,MGHG,LMP_GHG_PRC,KERMAN_6_N001,ALL,1,0,3,80
2022-09-02T20:30:00-00:00,2022-09-02T20:45:00-00:00,2022-09-02,14,KERMAN_6_N001,KERMAN_6_N001,KERMAN_6_N001,RTPD,MGHG,LMP_GHG_PRC,KERMAN_6_N001,ALL,1,0,3,80
2022-09-02T21:30:00-00:00,2022-09-02T21:45:00-00:00,2022-09-02,15,KERMAN_6_N001,KERMAN_6_N001,KERMAN_6_N001,RTPD,MGHG,LMP_GHG_PRC,KERMAN_6_N001,ALL,1,0,3,80
2022-09-02T22:30:00-00:00,2022-09-02T22:45:00-00:00,2022-09-02,16,KERMAN_6_N001,KERMAN_6_N001,KERMAN_6_N001,RTPD,MGHG,LMP_GHG_PRC,KERMAN_6_N001,ALL,1,0,3,80
2022-09-02T23:30:00-00:00,2022-09-02T23:45:00-00:00,2022-09-02,17,KERMAN_6_N001,KERMAN_6_N001,KERMAN_6_N001,RTPD,MGHG,LMP_GHG_PRC,KERMAN_6_N001,ALL,1,0,3,80
2022-09-03T00:30:00-00:00,2022-09-03T00:45:00-00:00,2022-09-02,18,KERMAN_6_N001,KERMAN_6_N001,KERMAN_6_N001,RTPD,MGHG,LMP_GHG_PRC,KERMAN_6_N001,ALL,1,0,3,80
2022-09-03T01:30:00-00:00,2022-09-03T01:45:00-00:00,2022-09-02,19,KERMAN_6_N001,KERMAN_6_N001,KERMAN_6_N001,RTPD,MGHG,LMP_GHG_PRC,KERMAN_6_N001,ALL,1,0,3,80
2022-09-03T02:30:00-00:00,2022-09-03T02:45:00-00:00,2022-09-02,20,KERMAN_6_N001,KERMAN_6_N001,KERMAN_6_N001,RTPD,MGHG,LMP_GHG_PRC,KERMAN_6_N001,ALL,1,0,3,80
2022-09-03T03:30:00-00:00,2022-09-03T03:45:00-00:00,2022-09-02,21,KERMAN_6_N001,KERMAN_6_N001,KERMAN_6_N001,RTPD,MGHG,LMP_GHG_PRC,KERMAN_6_N001,ALL,1,0,3,80
2022-09-03T04:30:00-00:00,2022-09-03T04:45:00-00:00,2022-09-02,22,KERMAN_6_N001,KERMAN_6_N001,KERMAN_6_N001,RTPD,MGHG,LMP_GHG_PRC,KERMAN_6_N001,ALL,1,0,3,80
2022-09-03T05:30:00-00:00,2022-09-03T05:45:00-00:00,2022-09-02,23,KERMAN_6_N001,KERMAN_6_N001,KERMAN_6_N001,RTPD,MGHG,LMP_GHG_PRC,KERMAN_6_N001,ALL,1,0,3,80
2022-09-03T06:30:00-00:00,2022-09-03T06:45:00-00:00,2022-09-02,24,KERMAN_6_N001,KERMAN_6_N001,KERMAN_6_N001,RTPD,MGHG,LMP_GHG_PRC,KERMAN_6_N001,ALL,1,0,3,80
2022-09-02T07:45:00-00:00,2022-09-02T08:00:00-00:00,2022-09-02,01,KERMAN_6_N001,KERMAN_6_N001,KERMAN_6_N001,RTPD,MGHG,LMP_GHG_PRC,KERMAN_6_N001,ALL,1,0,4,80
2022-09-02T08:45:00-00:00,2022-09-02T09:00:00-00:00,2022-09-02,02,KERMAN_6_N001,KERMAN_6_N001,KERMAN_6_N001,RTPD,MGHG,LMP_GHG_PRC,KERMAN_6_N001,ALL,1,0,4,80
2022-09-02T09:45:00-00:00,2022-09-02T10:00:00-00:00,2022-09-02,03,KERMAN_6_N001,KERMAN_6_N001,KERMAN_6_N001,RTPD,MGHG,LMP_GHG_PRC,KERMAN_6_N001,ALL,1,0,4,80
2022-09-02T10:45:00-00:00,2022-09-02T11:00:00-00:00,2022-09-02,04,KERMAN_6_N001,KERMAN_6_N001,KERMAN_6_N001,RTPD,MGHG,LMP_GHG_PRC,KERMAN_6_N001,ALL,1,0,4,80
2022-09-02T11:45:00-00:00,2022-09-02T12:00:00-00:00,2022-09-02,05,KERMAN_6_N001,KERMAN_6_N001,KERMAN_6_N001,RTPD,MGHG,LMP_GHG_PRC,KERMAN_6_N001,ALL,1,0,4,80
2022-09-02T12:45:00-00:00,2022-09-02T13:00:00-00:00,2022-09-02,06,KERMAN_6_N001,KERMAN_6_N001,KERMAN_6_N001,RTPD,MGHG,LMP_GHG_PRC,KERMAN_6_N001,ALL,1,0,4,80
2022-09-02T13:45:00-00:00,2022-09-02T14:00:00-00:00,2022-09-02,07,KERMAN_6_N001,KERMAN_6_N001,KERMAN_6_N001,RTPD,MGHG,LMP_GHG_PRC,KERMAN_6_N001,ALL,1,0,4,80
2022-09-02T14:45:00-00:00,2022-09-02T15:00:00-00:00,2022-09-02,08,KERMAN_6_N001,KERMAN_6_N001,KERMAN_6_N001,RTPD,MGHG,LMP_GHG_PRC,KERMAN_6_N001,ALL,1,0,4,80
2022-09-02T15:45:00-00:00,2022-09-02T16:00:00-00:00,2022-09-02,09,KERMAN_6_N001,KERMAN_6_N001,KERMAN_6_N001,RTPD,MGHG,LMP_GHG_PRC,KERMAN_6_N001,ALL,1,0,4,80
2022-09-02T16:45:00-00:00,2022-09-02T17:00:00-00:00,2022-09-02,10,KERMAN_6_N001,KERMAN_6_N001,KERMAN_6_N001,RTPD,MGHG,LMP_GHG_PRC,KERMAN_6_N001,ALL,1,0,4,80
2022-09-02T17:45:00-00:00,2022-09-02T18:00:00-00:00,2022-09-02,11,KERMAN_6_N001,KERMAN_6_N001,KERMAN_6_N001,RTPD,MGHG,LMP_GHG_PRC,KERMAN_6_N001,ALL,1,0,4,80
2022-09-02T18:45:00-00:00,2022-09-02T19:00:00-00:00,2022-09-02,12,KERMAN_6_N001,KERMAN_6_N001,KERMAN_6_N001,RTPD,MGHG,LMP_GHG_PRC,KERMAN_6_N001,ALL,1,0,4,80
2022-09-02T19:45:00-00:00,2022-09-02T20:00:00-00:00,2022-09-02,13,KERMAN_6_N001,KERMAN_6_N001,KERMAN_6_N001,RTPD,MGHG,LMP_GHG_PRC,KERMAN_6_N001,ALL,1,0,4,80
2022-09-02T20:45:00-00:00,2022-09-02T21:00:00-00:00,2022-09-02,14,KERMAN_6_N001,KERMAN_6_N001,KERMAN_6_N001,RTPD,MGHG,LMP_GHG_PRC,KERMAN_6_N001,ALL,1,0,4,80
2022-09-02T21:45:00-00:00,2022-09-02T22:00:00-00:00,2022-09-02,15,KERMAN_6_N001,KERMAN_6_N001,KERMAN_6_N001,RTPD,MGHG,LMP_GHG_PRC,KERMAN_6_N001,ALL,1,0,4,80
2022-09-02T22:45:00-00:00,2022-09-02T23:00:00-00:00,2022-09-02,16,KERMAN_6_N001,KERMAN_6_N001,KERMAN_6_N001,RTPD,MGHG,LMP_GHG_PRC,KERMAN_6_N001,ALL,1,0,4,80
2022-09-02T23:45:00-00:00,2022-09-03T00:00:00-00:00,2022-09-02,17,KERMAN_6_N001,KERMAN_6_N001,KERMAN_6_N001,RTPD,MGHG,LMP_GHG_PRC,KERMAN_6_N001,ALL,1,0,4,80
2022-09-03T00:45:00-00:00,2022-09-03T01:00:00-00:00,2022-09-02,18,KERMAN_6_N001,KERMAN_6_N001,KERMAN_6_N001,RTPD,MGHG,LMP_GHG_PRC,KERMAN_6_N001,ALL,1,0,4,80
2022-09-03T01:45:00-00:00,2022-09-03T02:00:00-00:00,2022-09-02,19,KERMAN_6_N001,KERMAN_6_N001,KERMAN_6_N001,RTPD,MGHG,LMP_GHG_PRC,KERMAN_6_N001,ALL,1,0,4,80
2022-09-03T02:45:00-00:00,2022-09-03T03:00:00-00:00,2022-09-02,20,KERMAN_6_N001,KERMAN_6_N001,KERMAN_6_N001,RTPD,MGHG,LMP_GHG_PRC,KERMAN_6_N001,ALL,1,0,4,80
2022-09-03T03:45:00-00:00,2022-09-03T04:00:00-00:00,2022-09-02,21,KERMAN_6_N001,KERMAN_6_N001,KERMAN_6_N001,RTPD,MGHG,LMP_GHG_PRC,KERMAN_6_N001,ALL,1,0,4,80
2022-09-03T04:45:00-00:00,2022-09-03T05:00:00-00:00,2022-09-02,22,KERMAN_6_N001,KERMAN_6_N001,KERMAN_6_N001,RTPD,MGHG,LMP_GHG_PRC,KERMAN_6_N001,ALL,1,0,4,80
2022-09-03T05:45:00-00:00,2022-09-03T06:00:00-00:00,2022-09-02,23,KERMAN_6_N001,KERMAN_6_N001,KERMAN_6_N001,RTPD,MGHG,LMP_GHG_PRC,KERMAN_6_N001,ALL,1,0,4,80
2022-09-03T06:45:00-00:00,2022-09-03T07:00:00-00:00,2022-09-02,24,KERMAN_6_N001,KERMAN_6_N001,KERMAN_6_N001,RTPD,MGHG,LMP_GHG_PRC,KERMAN_6_N001,ALL,1,0,4,80
2022-09-02T07:00:00-00:00,2022-09-02T07:15:00-00:00,2022-09-02,01,KERMAN_6_N002,KERMAN_6_N002,KERMAN_6_N002,RTPD,LMP,LMP_PRC,KERMAN_6_N002,ALL,1,138.76717,1,81
2022-09-02T08:00:00-00:00,2022-09-02T08:15:00-00:00,2022-09-02,02,KERMAN_6_N002,KERMAN_6_N002,KERMAN_6_N002,RTPD,LMP,LMP_PRC,KERMAN_6_N002,ALL,1,155.3726,1,81
2022-09-02T09:00:00-00:00,2022-09-02T09:15:00-00:00,2022-09-02,03,KERMAN_6_N002,KERMAN_6_N002,KERMAN_6_N002,RTPD,LMP,LMP_PRC,KERMAN_6_N002,ALL,1,138.10936,1,81
2022-09-02T10:00:00-00:00,2022-09-02T10:15:00-00:00,2022-09-02,04,KERMAN_6_N002,KERMAN_6_N002,KERMAN_6_N002,RTPD,LMP,LMP_PRC,KERMAN_6_N002,ALL,1,123.92936,1,81
2022-09-02T11:00:00-00:00,2022-09-02T11:15:00-00:00,2022-09-02,05,KERMAN_6_N002,KERMAN_6_N002,KERMAN_6_N002,RTPD,LMP,LMP_PRC,KERMAN_6_N002,ALL,1,111.08836,1,81
2022-09-02T12:00:00-00:00,2022-09-02T12:15:00-00:00,2022-09-02,06,KERMAN_6_N002,KERMAN_6_N002,KERMAN_6_N002,RTPD,LMP,LMP_PRC,KERMAN_6_N002,ALL,1,135.40034,1,81
2022-09-02T13:00:00-00:00,2022-09-02T13:15:00-00:00,2022-09-02,07,KERMAN_6_N002,KERMAN_6_N002,KERMAN_6_N002,RTPD,LMP,LMP_PRC,KERMAN_6_N002,ALL,1,134.03777,1,81
2022-09-02T14:00:00-00:00,2022-09-02T14:15:00-00:00,2022-09-02,08,KERMAN_6_N002,KERMAN_6_N002,KERMAN_6_N002,RTPD,LMP,LMP_PRC,KERMAN_6_N002,ALL,1,128.04712,1,81
2022-09-02T15:00:00-00:00,2022-09-02T15:15:00-00:00,2022-09-02,09,KERMAN_6_N002,KERMAN_6_N002,KERMAN_6_N002,RTPD,LMP,LMP_PRC,KERMAN_6_N002,ALL,1,94.44776,1,81
2022-09-02T16:00:00-00:00,2022-09-02T16:15:00-00:00,2022-09-02,10,KERMAN_6_N002,KERMAN_6_N002,KERMAN_6_N002,RTPD,LMP,LMP_PRC,KERMAN_6_N002,ALL,1,93.94682,1,81
2022-09-02T17:00:00-00:00,2022-09-02T17:15:00-00:00,2022-09-02,11,KERMAN_6_N002,KERMAN_6_N002,KERMAN_6_N002,RTPD,LMP,LMP_PRC,KERMAN_6_N002,ALL,1,99.07319,1,81
2022-09-02T18:00:00-00:00,2022-09-02T18:15:00-00:00,2022-09-02,12,KERMAN_6_N002,KERMAN_6_N002,KERMAN_6_N002,RTPD,LMP,LMP_PRC,KERMAN_6_N002,ALL,1,106.02559,1,81
2022-09-02T19:00:00-00:00,2022-09-02T19:15:00-00:00,2022-09-02,13,KERMAN_6_N002,KERMAN_6_N002,KERMAN_6_N002,RTPD,LMP,LMP_PRC,KERMAN_6_N002,ALL,1,105.68983,1,81
2022-09-02T20:00:00-00:00,2022-09-02T20:15:00-00:00,2022-09-02,14,KERMAN_6_N002,KERMAN_6_N002,KERMAN_6_N002,RTPD,LMP,LMP_PRC,KERMAN_6_N002,ALL,1,108.63586,1,81
2022-09-02T21:00:00-00:00,2022-09-02T21:15:00-00:00,2022-09-02,15,KERMAN_6_N002,KERMAN_6_N002,KERMAN_6_N002,RTPD,LMP,LMP_PRC,KERMAN_6_N002,ALL,1,124.1864,1,81
2022-09-02T22:00:00-00:00,2022-09-02T22:15:00-00:00,2022-09-02,16,KERMAN_6_N002,KERMAN_6_N002,KERMAN_6_N002,RTPD,LMP,LMP_PRC,KERMAN_6_N002,ALL,1,145.6508,1,81
2022-09-02T23:00:00-00:00,2022-09-02T23:15:00-00:00,2022-09-02,17,KERMAN_6_N002,KERMAN_6_N002,KERMAN_6_N002,RTPD,LMP,LMP_PRC,KERMAN_6_N002,ALL,1,133.90659,1,81
2022-09-03T00:00:00-00:00,2022-09-03T00:15:00-00:00,2022-09-02,18,KERMAN_6_N002,KERMAN_6_N002,KERMAN_6_N002,RTPD,LMP,LMP_PRC,KERMAN_6_N002,ALL,1,119.5844,1,81
2022-09-03T01:00:00-00:00,2022-09-03T01:15:00-00:00,2022-09-02,19,KERMAN_6_N002,KERMAN_6_N002,KERMAN_6_N002,RTPD,LMP,LMP_PRC,KERMAN_6_N002,ALL,1,117.69881,1,81
2022-09-03T02:00:00-00:00,2022-09-03T02:15:00-00:00,2022-09-02,20,KERMAN_6_N002,KERMAN_6_N002,KERMAN_6_N002,RTPD,LMP,LMP_PRC,KERMAN_6_N002,ALL,1,226.06213,1,81
2022-09-03T03:00:00-00:00,2022-09-03T03:15:00-00:00,2022-09-02,21,KERMAN_6_N002,KERMAN_6_N002,KERMAN_6_N002,RTPD,LMP,LMP_PRC,KERMAN_6_N002,ALL,1,156.03899,1,81
2022-09-03T04:00:00-00:00,2022-09-03T04:15:00-00:00,2022-09-02,22,KERMAN_6_N002,KERMAN_6_N002,KERMAN_6_N002,RTPD,LMP,LMP_PRC,KERMAN_6_N002,ALL,1,176.55305,1,81
2022-09-03T05:00:00-00:00,2022-09-03T05:15:00-00:00,2022-09-02,23,KERMAN_6_N002,KERMAN_6_N002,KERMAN_6_N002,RTPD,LMP,LMP_PRC,KERMAN_6_N002,ALL,1,150.52707,1,81
2022-09-03T06:00:00-00:00,2022-09-03T06:15:00-00:00,2022-09-02,24,KERMAN_6_N002,KERMAN_6_N002,KERMAN_6_N002,RTPD,LMP,LMP_PRC,KERMAN_6_N002,ALL,1,394.1505,1,81
2022-09-02T07:15:00-00:00,2022-09-02T07:30:00-00:00,2022-09-02,01,KERMAN_6_N002,KERMAN_6_N002,KERMAN_6_N002,RTPD,LMP,LMP_PRC,KERMAN_6_N002,ALL,1,141.61937,2,81
2022-09-02T08:15:00-00:00,2022-09-02T08:30:00-00:00,2022-09-02,02,KERMAN_6_N002,KERMAN_6_N002,KERMAN_6_N002,RTPD,LMP,LMP_PRC,KERMAN_6_N002,ALL,1,172.29987,2,81
2022-09-02T09:15:00-00:00,2022-09-02T09:30:00-00:00,2022-09-02,03,KERMAN_6_N002,KERMAN_6_N002,KERMAN_6_N002,RTPD,LMP,LMP_PRC,KERMAN_6_N002,ALL,1,144.23048,2,81
2022-09-02T10:15:00-00:00,2022-09-02T10:30:00-00:00,2022-09-02,04,KERMAN_6_N002,KERMAN_6_N002,KERMAN_6_N002,RTPD,LMP,LMP_PRC,KERMAN_6_N002,ALL,1,119.96527,2,81
2022-09-02T11:15:00-00:00,2022-09-02T11:30:00-00:00,2022-09-02,05,KERMAN_6_N002,KERMAN_6_N002,KERMAN_6_N002,RTPD,LMP,LMP_PRC,KERMAN_6_N002,ALL,1,111.26248,2,81
2022-09-02T12:15:00-00:00,2022-09-02T12:30:00-00:00,2022-09-02,06,KERMAN_6_N002,KERMAN_6_N002,KERMAN_6_N002,RTPD,LMP,LMP_PRC,KERMAN_6_N002,ALL,1,133.36424,2,81
2022-09-02T13:15:00-00:00,2022-09-02T13:30:00-00:00,2022-09-02,07,KERMAN_6_N002,KERMAN_6_N002,KERMAN_6_N002,RTPD,LMP,LMP_PRC,KERMAN_6_N002,ALL,1,133.16216,2,81
2022-09-02T14:15:00-00:00,2022-09-02T14:30:00-00:00,2022-09-02,08,KERMAN_6_N002,KERMAN_6_N002,KERMAN_6_N002,RTPD,LMP,LMP_PRC,KERMAN_6_N002,ALL,1,121.14797,2,81
2022-09-02T15:15:00-00:00,2022-09-02T15:30:00-00:00,2022-09-02,09,KERMAN_6_N002,KERMAN_6_N002,KERMAN_6_N002,RTPD,LMP,LMP_PRC,KERMAN_6_N002,ALL,1,83.47292,2,81
2022-09-02T16:15:00-00:00,2022-09-02T16:30:00-00:00,2022-09-02,10,KERMAN_6_N002,KERMAN_6_N002,KERMAN_6_N002,RTPD,LMP,LMP_PRC,KERMAN_6_N002,ALL,1,98.36257,2,81
2022-09-02T17:15:00-00:00,2022-09-02T17:30:00-00:00,2022-09-02,11,KERMAN_6_N002,KERMAN_6_N002,KERMAN_6_N002,RTPD,LMP,LMP_PRC,KERMAN_6_N002,ALL,1,108.13631,2,81
2022-09-02T18:15:00-00:00,2022-09-02T18:30:00-00:00,2022-09-02,12,KERMAN_6_N002,KERMAN_6_N002,KERMAN_6_N002,RTPD,LMP,LMP_PRC,KERMAN_6_N002,ALL,1,110.65677,2,81
2022-09-02T19:15:00-00:00,2022-09-02T19:30:00-00:00,2022-09-02,13,KERMAN_6_N002,KERMAN_6_N002,KERMAN_6_N002,RTPD,LMP,LMP_PRC,KERMAN_6_N002,ALL,1,110.73584,2,81
2022-09-02T20:15:00-00:00,2022-09-02T20:30:00-00:00,2022-09-02,14,KERMAN_6_N002,KERMAN_6_N002,KERMAN_6_N002,RTPD,LMP,LMP_PRC,KERMAN_6_N002,ALL,1,111.7855,2,81
2022-09-02T21:15:00-00:00,2022-09-02T21:30:00-00:00,2022-09-02,15,KERMAN_6_N002,KERMAN_6_N002,KERMAN_6_N002,RTPD,LMP,LMP_PRC,KERMAN_6_N002,ALL,1,125.65732,2,81
2022-09-02T22:15:00-00:00,2022-09-02T22:30:00-00:00,2022-09-02,16,KERMAN_6_N002,KERMAN_6_N002,KERMAN_6_N002,RTPD,LMP,LMP_PRC,KERMAN_6_N002,ALL,1,159.17079,2,81
2022-09-02T23:15:00-00:00,2022-09-02T23:30:00-00:00,2022-09-02,17,KERMAN_6_N002,KERMAN_6_N002,KERMAN_6_N002,RTPD,LMP,LMP_PRC,KERMAN_6_N002,ALL,1,136.77458,2,81
2022-09-03T00:15:00-00:00,2022-09-03T00:30:00-00:00,2022-09-02,18,KERMAN_6_N002,KERMAN_6_N002,KERMAN_6_N002,RTPD,LMP,LMP_PRC,KERMAN_6_N002,ALL,1,134.40848,2,81
2022-09-03T01:15:00-00:00,2022-09-03T01:30:00-00:00,2022-09-02,19,KERMAN_6_N002,KERMAN_6_N002,KERMAN_6_N002,RTPD,LMP,LMP_PRC,KERMAN_6_N002,ALL,1,139.80403,2,81
2022-09-03T02:15:00-00:00,2022-09-03T02:30:00-00:00,2022-09-02,20,KERMAN_6_N002,KERMAN_6_N002,KERMAN_6_N002,RTPD,LMP,LMP_PRC,KERMAN_6_N002,ALL,1,222.2727,2,81
2022-09-03T03:15:00-00:00,2022-09-03T03:30:00-00:00,2022-09-02,21,KERMAN_6_N002,KERMAN_6_N002,KERMAN_6_N002,RTPD,LMP,LMP_PRC,KERMAN_6_N002,ALL,1,153.84901,2,81
2022-09-03T04:15:00-00:00,2022-09-03T04:30:00-00:00,2022-09-02,22,KERMAN_6_N002,KERMAN_6_N002,KERMAN_6_N002,RTPD,LMP,LMP_PRC,KERMAN_6_N002,ALL,1,199.9693,2,81
2022-09-03T05:15:00-00:00,2022-09-03T05:30:00-00:00,2022-09-02,23,KERMAN_6_N002,KERMAN_6_N002,KERMAN_6_N002,RTPD,LMP,LMP_PRC,KERMAN_6_N002,ALL,1,127.62594,2,81
2022-09-03T06:15:00-00:00,2022-09-03T06:30:00-00:00,2022-09-02,24,KERMAN_6_N002,KERMAN_6_N002,KERMAN_6_N002,RTPD,LMP,LMP_PRC,KERMAN_6_N002,ALL,1,105.38438,2,81
2022-09-02T07:30:00-00:00,2022-09-02T07:45:00-00:00,2022-09-02,01,KERMAN_6_N002,KERMAN_6_N002,KERMAN_6_N002,RTPD,LMP,LMP_PRC,KERMAN_6_N002,ALL,1,143.9262,3,81
2022-09-02T08:30:00-00:00,2022-09-02T08:45:00-00:00,2022-09-02,02,KERMAN_6_N002,KERMAN_6_N002,KERMAN_6_N002,RTPD,LMP,LMP_PRC,KERMAN_6_N002,ALL,1,131.2159,3,81
2022-09-02T09:30:00-00:00,2022-09-02T09:45:00-00:00,2022-09-02,03,KERMAN_6_N002,KERMAN_6_N002,KERMAN_6_N002,RTPD,LMP,LMP_PRC,KERMAN_6_N002,ALL,1,132.69778,3,81
2022-09-02T10:30:00-00:00,2022-09-02T10:45:00-00:00,2022-09-02,04,KERMAN_6_N002,KERMAN_6_N002,KERMAN_6_N002,RTPD,LMP,LMP_PRC,KERMAN_6_N002,ALL,1,124.80141,3,81
2022-09-02T11:30:00-00:00,2022-09-02T11:45:00-00:00,2022-09-02,05,KERMAN_6_N002,KERMAN_6_N002,KERMAN_6_N002,RTPD,LMP,LMP_PRC,KERMAN_6_N002,ALL,1,108.30224,3,81
2022-09-02T12:30:00-00:00,2022-09-02T12:45:00-00:00,2022-09-02,06,KERMAN_6_N002,KERMAN_6_N002,KERMAN_6_N002,RTPD,LMP,LMP_PRC,KERMAN_6_N002,ALL,1,132.84515,3,81
2022-09-02T13:30:00-00:00,2022-09-02T13:45:00-00:00,2022-09-02,07,KERMAN_6_N002,KERMAN_6_N002,KERMAN_6_N002,RTPD,LMP,LMP_PRC,KERMAN_6_N002,ALL,1,116.44897,3,81
2022-09-02T14:30:00-00:00,2022-09-02T14:45:00-00:00,2022-09-02,08,KERMAN_6_N002,KERMAN_6_N002,KERMAN_6_N002,RTPD,LMP,LMP_PRC,KERMAN_6_N002,ALL,1,108.58124,3,81
2022-09-02T15:30:00-00:00,2022-09-02T15:45:00-00:00,2022-09-02,09,KERMAN_6_N002,KERMAN_6_N002,KERMAN_6_N002,RTPD,LMP,LMP_PRC,KERMAN_6_N002,ALL,1,84.83027,3,81
2022-09-02T16:30:00-00:00,2022-09-02T16:45:00-00:00,2022-09-02,10,KERMAN_6_N002,KERMAN_6_N002,KERMAN_6_N002,RTPD,LMP,LMP_PRC,KERMAN_6_N002,ALL,1,95.29406,3,81
2022-09-02T17:30:00-00:00,2022-09-02T17:45:00-00:00,2022-09-02,11,KERMAN_6_N002,KERMAN_6_N002,KERMAN_6_N002,RTPD,LMP,LMP_PRC,KERMAN_6_N002,ALL,1,108.23916,3,81
2022-09-02T18:30:00-00:00,2022-09-02T18:45:00-00:00,2022-09-02,12,KERMAN_6_N002,KERMAN_6_N002,KERMAN_6_N002,RTPD,LMP,LMP_PRC,KERMAN_6_N002,ALL,1,115.87024,3,81
2022-09-02T19:30:00-00:00,2022-09-02T19:45:00-00:00,2022-09-02,13,KERMAN_6_N002,KERMAN_6_N002,KERMAN_6_N002,RTPD,LMP,LMP_PRC,KERMAN_6_N002,ALL,1,116.06915,3,81
2022-09-02T20:30:00-00:00,2022-09-02T20:45:00-00:00,2022-09-02,14,KERMAN_6_N002,KERMAN_6_N002,KERMAN_6_N002,RTPD,LMP,LMP_PRC,KERMAN_6_N002,ALL,1,118.68391,3,81
2022-09-02T21:30:00-00:00,2022-09-02T21:45:00-00:00,2022-09-02,15,KERMAN_6_N002,KERMAN_6_N002,KERMAN_6_N002,RTPD,LMP,LMP_PRC,KERMAN_6_N002,ALL,1,138.90964,3,81
2022-09-02T22:30:00-00:00,2022-09-02T22:45:00-00:00,2022-09-02,16,KERMAN_6_N002,KERMAN_6_N002,KERMAN_6_N002,RTPD,LMP,LMP_PRC,KERMAN_6_N002,ALL,1,183.39066,3,81
2022-09-02T23:30:00-00:00,2022-09-02T23:45:00-00:00,2022-09-02,17,KERMAN_6_N002,KERMAN_6_N002,KERMAN_6_N002,RTPD,LMP,LMP_PRC,KERMAN_6_N002,ALL,1,151.84454,3,81
2022-09-03T00:30:00-00:00,2022-09-03T00:45:00-00:00,2022-09-02,18,KERMAN_6_N002,KERMAN_6_N002,KERMAN_6_N002,RTPD,LMP,LMP_PRC,KERMAN_6_N002,ALL,1,149.0628,3,81
2022-09-03T01:30:00-00:00,2022-09-03T01:45:00-00:00,2022-09-02,19,KERMAN_6_N002,KERMAN_6_N002,KERMAN_6_N002,RTPD,LMP,LMP_PRC,KERMAN_6_N002,ALL,1,219.01859,3,81
2022-09-03T02:30:00-00:00,2022-09-03T02:45:00-00:00,2022-09-02,20,KERMAN_6_N002,KERMAN_6_N002,KERMAN_6_N002,RTPD,LMP,LMP_PRC,KERMAN_6_N002,ALL,1,199.21335,3,81
2022-09-03T03:30:00-00:00,2022-09-03T03:45:00-00:00,2022-09-02,21,KERMAN_6_N002,KERMAN_6_N002,KERMAN_6_N002,RTPD,LMP,LMP_PRC,KERMAN_6_N002,ALL,1,145.3367,3,81
2022-09-03T04:30:00-00:00,2022-09-03T04:45:00-00:00,2022-09-02,22,KERMAN_6_N002,KERMAN_6_N002,KERMAN_6_N002,RTPD,LMP,LMP_PRC,KERMAN_6_N002,ALL,1,140.37347,3,81
2022-09-03T05:30:00-00:00,2022-09-03T05:45:00-00:00,2022-09-02,23,KERMAN_6_N002,KERMAN_6_N002,KERMAN_6_N002,RTPD,LMP,LMP_PRC,KERMAN_6_N002,ALL,1,119.48358,3,81
2022-09-03T06:30:00-00:00,2022-09-03T06:45:00-00:00,2022-09-02,24,KERMAN_6_N002,KERMAN_6_N002,KERMAN_6_N002,RTPD,LMP,LMP_PRC,KERMAN_6_N002,ALL,1,89.74195,3,81
2022-09-02T07:45:00-00:00,2022-09-02T08:00:00-00:00,2022-09-02,01,KERMAN_6_N002,KERMAN_6_N002,KERMAN_6_N002,RTPD,LMP,LMP_PRC,KERMAN_6_N002,ALL,1,117.98602,4,81
2022-09-02T08:45:00-00:00,2022-09-02T09:00:00-00:00,2022-09-02,02,KERMAN_6_N002,KERMAN_6_N002,KERMAN_6_N002,RTPD,LMP,LMP_PRC,KERMAN_6_N002,ALL,1,115.33005,4,81
2022-09-02T09:45:00-00:00,2022-09-02T10:00:00-00:00,2022-09-02,03,KERMAN_6_N002,KERMAN_6_N002,KERMAN_6_N002,RTPD,LMP,LMP_PRC,KERMAN_6_N002,ALL,1,116.32063,4,81
2022-09-02T10:45:00-00:00,2022-09-02T11:00:00-00:00,2022-09-02,04,KERMAN_6_N002,KERMAN_6_N002,KERMAN_6_N002,RTPD,LMP,LMP_PRC,KERMAN_6_N002,ALL,1,109.93429,4,81
2022-09-02T11:45:00-00:00,2022-09-02T12:00:00-00:00,2022-09-02,05,KERMAN_6_N002,KERMAN_6_N002,KERMAN_6_N002,RTPD,LMP,LMP_PRC,KERMAN_6_N002,ALL,1,139.07393,4,81
2022-09-02T12:45:00-00:00,2022-09-02T13:00:00-00:00,2022-09-02,06,KERMAN_6_N002,KERMAN_6_N002,KERMAN_6_N002,RTPD,LMP,LMP_PRC,KERMAN_6_N002,ALL,1,142.90067,4,81
2022-09-02T13:45:00-00:00,2022-09-02T14:00:00-00:00,2022-09-02,07,KERMAN_6_N002,KERMAN_6_N002,KERMAN_6_N002,RTPD,LMP,LMP_PRC,KERMAN_6_N002,ALL,1,110.23694,4,81
2022-09-02T14:45:00-00:00,2022-09-02T15:00:00-00:00,2022-09-02,08,KERMAN_6_N002,KERMAN_6_N002,KERMAN_6_N002,RTPD,LMP,LMP_PRC,KERMAN_6_N002,ALL,1,93.51982,4,81
2022-09-02T15:45:00-00:00,2022-09-02T16:00:00-00:00,2022-09-02,09,KERMAN_6_N002,KERMAN_6_N002,KERMAN_6_N002,RTPD,LMP,LMP_PRC,KERMAN_6_N002,ALL,1,87.1335,4,81
2022-09-02T16:45:00-00:00,2022-09-02T17:00:00-00:00,2022-09-02,10,KERMAN_6_N002,KERMAN_6_N002,KERMAN_6_N002,RTPD,LMP,LMP_PRC,KERMAN_6_N002,ALL,1,99.45871,4,81
2022-09-02T17:45:00-00:00,2022-09-02T18:00:00-00:00,2022-09-02,11,KERMAN_6_N002,KERMAN_6_N002,KERMAN_6_N002,RTPD,LMP,LMP_PRC,KERMAN_6_N002,ALL,1,110.43404,4,81
2022-09-02T18:45:00-00:00,2022-09-02T19:00:00-00:00,2022-09-02,12,KERMAN_6_N002,KERMAN_6_N002,KERMAN_6_N002,RTPD,LMP,LMP_PRC,KERMAN_6_N002,ALL,1,124.0155,4,81
2022-09-02T19:45:00-00:00,2022-09-02T20:00:00-00:00,2022-09-02,13,KERMAN_6_N002,KERMAN_6_N002,KERMAN_6_N002,RTPD,LMP,LMP_PRC,KERMAN_6_N002,ALL,1,132.15903,4,81
2022-09-02T20:45:00-00:00,2022-09-02T21:00:00-00:00,2022-09-02,14,KERMAN_6_N002,KERMAN_6_N002,KERMAN_6_N002,RTPD,LMP,LMP_PRC,KERMAN_6_N002,ALL,1,142.47021,4,81
2022-09-02T21:45:00-00:00,2022-09-02T22:00:00-00:00,2022-09-02,15,KERMAN_6_N002,KERMAN_6_N002,KERMAN_6_N002,RTPD,LMP,LMP_PRC,KERMAN_6_N002,ALL,1,179.43832,4,81
2022-09-02T22:45:00-00:00,2022-09-02T23:00:00-00:00,2022-09-02,16,KERMAN_6_N002,KERMAN_6_N002,KERMAN_6_N002,RTPD,LMP,LMP_PRC,KERMAN_6_N002,ALL,1,247.4294,4,81
2022-09-02T23:45:00-00:00,2022-09-03T00:00:00-00:00,2022-09-02,17,KERMAN_6_N002,KERMAN_6_N002,KERMAN_6_N002,RTPD,LMP,LMP_PRC,KERMAN_6_N002,ALL,1,253.08046,4,81
2022-09-03T00:45:00-00:00,2022-09-03T01:00:00-00:00,2022-09-02,18,KERMAN_6_N002,KERMAN_6_N002,KERMAN_6_N002,RTPD,LMP,LMP_PRC,KERMAN_6_N002,ALL,1,231.91946,4,81
2022-09-03T01:45:00-00:00,2022-09-03T02:00:00-00:00,2022-09-02,19,KERMAN_6_N002,KERMAN_6_N002,KERMAN_6_N002,RTPD,LMP,LMP_PRC,KERMAN_6_N002,ALL,1,299.48355,4,81
2022-09-03T02:45:00-00:00,2022-09-03T03:00:00-00:00,2022-09-02,20,KERMAN_6_N002,KERMAN_6_N002,KERMAN_6_N002,RTPD,LMP,LMP_PRC,KERMAN_6_N002,ALL,1,184.92557,4,81
2022-09-03T03:45:00-00:00,2022-09-03T04:00:00-00:00,2022-09-02,21,KERMAN_6_N002,KERMAN_6_N002,KERMAN_6_N002,RTPD,LMP,LMP_PRC,KERMAN_6_N002,ALL,1,136.22647,4,81
2022-09-03T04:45:00-00:00,2022-09-03T05:00:00-00:00,2022-09-02,22,KERMAN_6_N002,KERMAN_6_N002,KERMAN_6_N002,RTPD,LMP,LMP_PRC,KERMAN_6_N002,ALL,1,122.57904,4,81
2022-09-03T05:45:00-00:00,2022-09-03T06:00:00-00:00,2022-09-02,23,KERMAN_6_N002,KERMAN_6_N002,KERMAN_6_N002,RTPD,LMP,LMP_PRC,KERMAN_6_N002,ALL,1,113.78395,4,81
2022-09-03T06:45:00-00:00,2022-09-03T07:00:00-00:00,2022-09-02,24,KERMAN_6_N002,KERMAN_6_N002,KERMAN_6_N002,RTPD,LMP,LMP_PRC,KERMAN_6_N002,ALL,1,88.46484,4,81
2022-09-02T07:00:00-00:00,2022-09-02T07:15:00-00:00,2022-09-02,01,KERMAN_6_N002,KERMAN_6_N002,KERMAN_6_N002,RTPD,MCC,LMP_CONG_PRC,KERMAN_6_N002,ALL,1,0,1,82
2022-09-02T08:00:00-00:00,2022-09-02T08:15:00-00:00,2022-09-02,02,KERMAN_6_N002,KERMAN_6_N002,KERMAN_6_N002,RTPD,MCC,LMP_CONG_PRC,KERMAN_6_N002,ALL,1,24.2453,1,82
2022-09-02T09:00:00-00:00,2022-09-02T09:15:00-00:00,2022-09-02,03,KERMAN_6_N002,KERMAN_6_N002,KERMAN_6_N002,RTPD,MCC,LMP_CONG_PRC,KERMAN_6_N002,ALL,1,12.60244,1,82
2022-09-02T10:00:00-00:00,2022-09-02T10:15:00-00:00,2022-09-02,04,KERMAN_6_N002,KERMAN_6_N002,KERMAN_6_N002,RTPD,MCC,LMP_CONG_PRC,KERMAN_6_N002,ALL,1,10.53863,1,82
2022-09-02T11:00:00-00:00,2022-09-02T11:15:00-00:00,2022-09-02,05,KERMAN_6_N002,KERMAN_6_N002,KERMAN_6_N002,RTPD,MCC,LMP_CONG_PRC,KERMAN_6_N002,ALL,1,11.29227,1,82
2022-09-02T12:00:00-00:00,2022-09-02T12:15:00-00:00,2022-09-02,06,KERMAN_6_N002,KERMAN_6_N002,KERMAN_6_N002,RTPD,MCC,LMP_CONG_PRC,KERMAN_6_N002,ALL,1,31.76323,1,82
2022-09-02T13:00:00-00:00,2022-09-02T13:15:00-00:00,2022-09-02,07,KERMAN_6_N002,KERMAN_6_N002,KERMAN_6_N002,RTPD,MCC,LMP_CONG_PRC,KERMAN_6_N002,ALL,1,28.06997,1,82
2022-09-02T14:00:00-00:00,2022-09-02T14:15:00-00:00,2022-09-02,08,KERMAN_6_N002,KERMAN_6_N002,KERMAN_6_N002,RTPD,MCC,LMP_CONG_PRC,KERMAN_6_N002,ALL,1,2.53121,1,82
2022-09-02T15:00:00-00:00,2022-09-02T15:15:00-00:00,2022-09-02,09,KERMAN_6_N002,KERMAN_6_N002,KERMAN_6_N002,RTPD,MCC,LMP_CONG_PRC,KERMAN_6_N002,ALL,1,1.54119,1,82
2022-09-02T16:00:00-00:00,2022-09-02T16:15:00-00:00,2022-09-02,10,KERMAN_6_N002,KERMAN_6_N002,KERMAN_6_N002,RTPD,MCC,LMP_CONG_PRC,KERMAN_6_N002,ALL,1,0.95547,1,82
2022-09-02T17:00:00-00:00,2022-09-02T17:15:00-00:00,2022-09-02,11,KERMAN_6_N002,KERMAN_6_N002,KERMAN_6_N002,RTPD,MCC,LMP_CONG_PRC,KERMAN_6_N002,ALL,1,0,1,82
2022-09-02T18:00:00-00:00,2022-09-02T18:15:00-00:00,2022-09-02,12,KERMAN_6_N002,KERMAN_6_N002,KERMAN_6_N002,RTPD,MCC,LMP_CONG_PRC,KERMAN_6_N002,ALL,1,0,1,82
2022-09-02T19:00:00-00:00,2022-09-02T19:15:00-00:00,2022-09-02,13,KERMAN_6_N002,KERMAN_6_N002,KERMAN_6_N002,RTPD,MCC,LMP_CONG_PRC,KERMAN_6_N002,ALL,1,0,1,82
2022-09-02T20:00:00-00:00,2022-09-02T20:15:00-00:00,2022-09-02,14,KERMAN_6_N002,KERMAN_6_N002,KERMAN_6_N002,RTPD,MCC,LMP_CONG_PRC,KERMAN_6_N002,ALL,1,0,1,82
2022-09-02T21:00:00-00:00,2022-09-02T21:15:00-00:00,2022-09-02,15,KERMAN_6_N002,KERMAN_6_N002,KERMAN_6_N002,RTPD,MCC,LMP_CONG_PRC,KERMAN_6_N002,ALL,1,0,1,82
2022-09-02T22:00:00-00:00,2022-09-02T22:15:00-00:00,2022-09-02,16,KERMAN_6_N002,KERMAN_6_N002,KERMAN_6_N002,RTPD,MCC,LMP_CONG_PRC,KERMAN_6_N002,ALL,1,0,1,82
2022-09-02T23:00:00-00:00,2022-09-02T23:15:00-00:00,2022-09-02,17,KERMAN_6_N002,KERMAN_6_N002,KERMAN_6_N002,RTPD,MCC,LMP_CONG_PRC,KERMAN_6_N002,ALL,1,-7.72991,1,82
2022-09-03T00:00:00-00:00,2022-09-03T00:15:00-00:00,2022-09-02,18,KERMAN_6_N002,KERMAN_6_N002,KERMAN_6_N002,RTPD,MCC,LMP_CONG_PRC,KERMAN_6_N002,ALL,1,-129.81262,1,82
2022-09-03T01:00:00-00:00,2022-09-03T01:15:00-00:00,2022-09-02,19,KERMAN_6_N002,KERMAN_6_N002,KERMAN_6_N002,RTPD,MCC,LMP_CONG_PRC,KERMAN_6_N002,ALL,1,-35.00004,1,82
2022-09-03T02:00:00-00:00,2022-09-03T02:15:00-00:00,2022-09-02,20,KERMAN_6_N002,KERMAN_6_N002,KERMAN_6_N002,RTPD,MCC,LMP_CONG_PRC,KERMAN_6_N002,ALL,1,0,1,82
2022-09-03T03:00:00-00:00,2022-09-03T03:15:00-00:00,2022-09-02,21,KERMAN_6_N002,KERMAN_6_N002,KERMAN_6_N002,RTPD,MCC,LMP_CONG_PRC,KERMAN_6_N002,ALL,1,0,1,82
2022-09-03T04:00:00-00:00,2022-09-03T04:15:00-00:00,2022-09-02,22,KERMAN_6_N002,KERMAN_6_N002,KERMAN_6_N002,RTPD,MCC,LMP_CONG_PRC,KERMAN_6_N002,ALL,1,-2.11024,1,82
2022-09-03T05:00:00-00:00,2022-09-03T05:15:00-00:00,2022-09-02,23,KERMAN_6_N002,KERMAN_6_N002,KERMAN_6_N002,RTPD,MCC,LMP_CONG_PRC,KERMAN_6_N002,ALL,1,-11.48936,1,82
2022-09-03T06:00:00-00:00,2022-09-03T06:15:00-00:00,2022-09-02,24,KERMAN_6_N002,KERMAN_6_N002,KERMAN_6_N002,RTPD,MCC,LMP_CONG_PRC,KERMAN_6_N002,ALL,1,233.97533,1,82
2022-09-02T07:15:00-00:00,2022-09-02T07:30:00-00:00,2022-09-02,01,KERMAN_6_N002,KERMAN_6_N002,KERMAN_6_N002,RTPD,MCC,LMP_CONG_PRC,KERMAN_6_N002,ALL,1,9.06754,2,82
2022-09-02T08:15:00-00:00,2022-09-02T08:30:00-00:00,2022-09-02,02,KERMAN_6_N002,KERMAN_6_N002,KERMAN_6_N002,RTPD,MCC,LMP_CONG_PRC,KERMAN_6_N002,ALL,1,47.36259,2,82
2022-09-02T09:15:00-00:00,2022-09-02T09:30:00-00:00,2022-09-02,03,KERMAN_6_N002,KERMAN_6_N002,KERMAN_6_N002,RTPD,MCC,LMP_CONG_PRC,KERMAN_6_N002,ALL,1,22.2326,2,82
2022-09-02T10:15:00-00:00,2022-09-02T10:30:00-00:00,2022-09-02,04,KERMAN_6_N002,KERMAN_6_N002,KERMAN_6_N002,RTPD,MCC,LMP_CONG_PRC,KERMAN_6_N002,ALL,1,6.75504,2,82
2022-09-02T11:15:00-00:00,2022-09-02T11:30:00-00:00,2022-09-02,05,KERMAN_6_N002,KERMAN_6_N002,KERMAN_6_N002,RTPD,MCC,LMP_CONG_PRC,KERMAN_6_N002,ALL,1,13.47491,2,82
2022-09-02T12:15:00-00:00,2022-09-02T12:30:00-00:00,2022-09-02,06,KERMAN_6_N002,KERMAN_6_N002,KERMAN_6_N002,RTPD,MCC,LMP_CONG_PRC,KERMAN_6_N002,ALL,1,30.27139,2,82
2022-09-02T13:15:00-00:00,2022-09-02T13:30:00-00:00,2022-09-02,07,KERMAN_6_N002,KERMAN_6_N002,KERMAN_6_N002,RTPD,MCC,LMP_CONG_PRC,KERMAN_6_N002,ALL,1,25.60133,2,82
2022-09-02T14:15:00-00:00,2022-09-02T14:30:00-00:00,2022-09-02,08,KERMAN_6_N002,KERMAN_6_N002,KERMAN_6_N002,RTPD,MCC,LMP_CONG_PRC,KERMAN_6_N002,ALL,1,3.6139,2,82
2022-09-02T15:15:00-00:00,2022-09-02T15:30:00-00:00,2022-09-02,09,KERMAN_6_N002,KERMAN_6_N002,KERMAN_6_N002,RTPD,MCC,LMP_CONG_PRC,KERMAN_6_N002,ALL,1,1.21925,2,82
2022-09-02T16:15:00-00:00,2022-09-02T16:30:00-00:00,2022-09-02,10,KERMAN_6_N002,KERMAN_6_N002,KERMAN_6_N002,RTPD,MCC,LMP_CONG_PRC,KERMAN_6_N002,ALL,1,1.63379,2,82
2022-09-02T17:15:00-00:00,2022-09-02T17:30:00-00:00,2022-09-02,11,KERMAN_6_N002,KERMAN_6_N002,KERMAN_6_N002,RTPD,MCC,LMP_CONG_PRC,KERMAN_6_N002,ALL,1,0,2,82
2022-09-02T18:15:00-00:00,2022-09-02T18:30:00-00:00,2022-09-02,12,KERMAN_6_N002,KERMAN_6_N002,KERMAN_6_N002,RTPD,MCC,LMP_CONG_PRC,KERMAN_6_N002,ALL,1,0,2,82
2022-09-02T19:15:00-00:00,2022-09-02T19:30:00-00:00,2022-09-02,13,KERMAN_6_N002,KERMAN_6_N002,KERMAN_6_N002,RTPD,MCC,LMP_CONG_PRC,KERMAN_6_N002,ALL,1,0,2,82
2022-09-02T20:15:00-00:00,2022-09-02T20:30:00-00:00,2022-09-02,14,KERMAN_6_N002,KERMAN_6_N002,KERMAN_6_N002,RTPD,MCC,LMP_CONG_PRC,KERMAN_6_N002,ALL,1,-0.0016,2,82
2022-09-02T21:15:00-00:00,2022-09-02T21:30:00-00:00,2022-09-02,15,KERMAN_6_N002,KERMAN_6_N002,KERMAN_6_N002,RTPD,MCC,LMP_CONG_PRC,KERMAN_6_N002,ALL,1,0,2,82
2022-09-02T22:15:00-00:00,2022-09-02T22:30:00-00:00,2022-09-02,16,KERMAN_6_N002,KERMAN_6_N002,KERMAN_6_N002,RTPD,MCC,LMP_CONG_PRC,KERMAN_6_N002,ALL,1,-0.23073,2,82
2022-09-02T23:15:00-00:00,2022-09-02T23:30:00-00:00,2022-09-02,17,KERMAN_6_N002,KERMAN_6_N002,KERMAN_6_N002,RTPD,MCC,LMP_CONG_PRC,KERMAN_6_N002,ALL,1,-14.76006,2,82
2022-09-03T00:15:00-00:00,2022-09-03T00:30:00-00:00,2022-09-02,18,KERMAN_6_N002,KERMAN_6_N002,KERMAN_6_N002,RTPD,MCC,LMP_CONG_PRC,KERMAN_6_N002,ALL,1,-38.68729,2,82
2022-09-03T01:15:00-00:00,2022-09-03T01:30:00-00:00,2022-09-02,19,KERMAN_6_N002,KERMAN_6_N002,KERMAN_6_N002,RTPD,MCC,LMP_CONG_PRC,KERMAN_6_N002,ALL,1,-77.32403,2,82
2022-09-03T02:15:00-00:00,2022-09-03T02:30:00-00:00,2022-09-02,20,KERMAN_6_N002,KERMAN_6_N002,KERMAN_6_N002,RTPD,MCC,LMP_CONG_PRC,KERMAN_6_N002,ALL,1,0,2,82
2022-09-03T03:15:00-00:00,2022-09-03T03:30:00-00:00,2022-09-02,21,KERMAN_6_N002,KERMAN_6_N002,KERMAN_6_N002,RTPD,MCC,LMP_CONG_PRC,KERMAN_6_N002,ALL,1,0,2,82
2022-09-03T04:15:00-00:00,2022-09-03T04:30:00-00:00,2022-09-02,22,KERMAN_6_N002,KERMAN_6_N002,KERMAN_6_N002,RTPD,MCC,LMP_CONG_PRC,KERMAN_6_N002,ALL,1,38.41349,2,82
2022-09-03T05:15:00-00:00,2022-09-03T05:30:00-00:00,2022-09-02,23,KERMAN_6_N002,KERMAN_6_N002,KERMAN_6_N002,RTPD,MCC,LMP_CONG_PRC,KERMAN_6_N002,ALL,1,-22.6595,2,82
2022-09-03T06:15:00-00:00,2022-09-03T06:30:00-00:00,2022-09-02,24,KERMAN_6_N002,KERMAN_6_N002,KERMAN_6_N002,RTPD,MCC,LMP_CONG_PRC,KERMAN_6_N002,ALL,1,-27.74308,2,82
2022-09-02T07:30:00-00:00,2022-09-02T07:45:00-00:00,2022-09-02,01,KERMAN_6_N002,KERMAN_6_N002,KERMAN_6_N002,RTPD,MCC,LMP_CONG_PRC,KERMAN_6_N002,ALL,1,10.46746,3,82
2022-09-02T08:30:00-00:00,2022-09-02T08:45:00-00:00,2022-09-02,02,KERMAN_6_N002,KERMAN_6_N002,KERMAN_6_N002,RTPD,MCC,LMP_CONG_PRC,KERMAN_6_N002,ALL,1,9.95699,3,82
2022-09-02T09:30:00-00:00,2022-09-02T09:45:00-00:00,2022-09-02,03,KERMAN_6_N002,KERMAN_6_N002,KERMAN_6_N002,RTPD,MCC,LMP_CONG_PRC,KERMAN_6_N002,ALL,1,18.10545,3,82
2022-09-02T10:30:00-00:00,2022-09-02T10:45:00-00:00,2022-09-02,04,KERMAN_6_N002,KERMAN_6_N002,KERMAN_6_N002,RTPD,MCC,LMP_CONG_PRC,KERMAN_6_N002,ALL,1,15.14608,3,82
2022-09-02T11:30:00-00:00,2022-09-02T11:45:00-00:00,2022-09-02,05,KERMAN_6_N002,KERMAN_6_N002,KERMAN_6_N002,RTPD,MCC,LMP_CONG_PRC,KERMAN_6_N002,ALL,1,8.55179,3,82
2022-09-02T12:30:00-00:00,2022-09-02T12:45:00-00:00,2022-09-02,06,KERMAN_6_N002,KERMAN_6_N002,KERMAN_6_N002,RTPD,MCC,LMP_CONG_PRC,KERMAN_6_N002,ALL,1,23.4152,3,82
2022-09-02T13:30:00-00:00,2022-09-02T13:45:00-00:00,2022-09-02,07,KERMAN_6_N002,KERMAN_6_N002,KERMAN_6_N002,RTPD,MCC,LMP_CONG_PRC,KERMAN_6_N002,ALL,1,4.95648,3,82
2022-09-02T14:30:00-00:00,2022-09-02T14:45:00-00:00,2022-09-02,08,KERMAN_6_N002,KERMAN_6_N002,KERMAN_6_N002,RTPD,MCC,LMP_CONG_PRC,KERMAN_6_N002,ALL,1,3.10097,3,82
2022-09-02T15:30:00-00:00,2022-09-02T15:45:00-00:00,2022-09-02,09,KERMAN_6_N002,KERMAN_6_N002,KERMAN_6_N002,RTPD,MCC,LMP_CONG_PRC,KERMAN_6_N002,ALL,1,3.47027,3,82
2022-09-02T16:30:00-00:00,2022-09-02T16:45:00-00:00,2022-09-02,10,KERMAN_6_N002,KERMAN_6_N002,KERMAN_6_N002,RTPD,MCC,LMP_CONG_PRC,KERMAN_6_N002,ALL,1,0,3,82
2022-09-02T17:30:00-00:00,2022-09-02T17:45:00-00:00,2022-09-02,11,KERMAN_6_N002,KERMAN_6_N002,KERMAN_6_N002,RTPD,MCC,LMP_CONG_PRC,KERMAN_6_N002,ALL,1,0,3,82
2022-09-02T18:30:00-00:00,2022-09-02T18:45:00-00:00,2022-09-02,12,KERMAN_6_N002,KERMAN_6_N002,KERMAN_6_N002,RTPD,MCC,LMP_CONG_PRC,KERMAN_6_N002,ALL,1,0,3,82
2022-09-02T19:30:00-00:00,2022-09-02T19:45:00-00:00,2022-09-02,13,KERMAN_6_N002,KERMAN_6_N002,KERMAN_6_N002,RTPD,MCC,LMP_CONG_PRC,KERMAN_6_N002,ALL,1,0,3,82
2022-09-02T20:30:00-00:00,2022-09-02T20:45:00-00:00,2022-09-02,14,KERMAN_6_N002,KERMAN_6_N002,KERMAN_6_N002,RTPD,MCC,LMP_CONG_PRC,KERMAN_6_N002,ALL,1,0,3,82
2022-09-02T21:30:00-00:00,2022-09-02T21:45:00-00:00,2022-09-02,15,KERMAN_6_N002,KERMAN_6_N002,KERMAN_6_N002,RTPD,MCC,LMP_CONG_PRC,KERMAN_6_N002,ALL,1,0,3,82
2022-09-02T22:30:00-00:00,2022-09-02T22:45:00-00:00,2022-09-02,16,KERMAN_6_N002,KERMAN_6_N002,KERMAN_6_N002,RTPD,MCC,LMP_CONG_PRC,KERMAN_6_N002,ALL,1,0,3,82
2022-09-02T23:30:00-00:00,2022-09-02T23:45:00-00:00,2022-09-02,17,KERMAN_6_N002,KERMAN_6_N002,KERMAN_6_N002,RTPD,MCC,LMP_CONG_PRC,KERMAN_6_N002,ALL,1,-7.40335,3,82
2022-09-03T00:30:00-00:00,2022-09-03T00:45:00-00:00,2022-09-02,18,KERMAN_6_N002,KERMAN_6_N002,KERMAN_6_N002,RTPD,MCC,LMP_CONG_PRC,KERMAN_6_N002,ALL,1,-85.36612,3,82
2022-09-03T01:30:00-00:00,2022-09-03T01:45:00-00:00,2022-09-02,19,KERMAN_6_N002,KERMAN_6_N002,KERMAN_6_N002,RTPD,MCC,LMP_CONG_PRC,KERMAN_6_N002,ALL,1,-31.39397,3,82
2022-09-03T02:30:00-00:00,2022-09-03T02:45:00-00:00,2022-09-02,20,KERMAN_6_N002,KERMAN_6_N002,KERMAN_6_N002,RTPD,MCC,LMP_CONG_PRC,KERMAN_6_N002,ALL,1,0.95097,3,82
2022-09-03T03:30:00-00:00,2022-09-03T03:45:00-00:00,2022-09-02,21,KERMAN_6_N002,KERMAN_6_N002,KERMAN_6_N002,RTPD,MCC,LMP_CONG_PRC,KERMAN_6_N002,ALL,1,0,3,82
2022-09-03T04:30:00-00:00,2022-09-03T04:45:00-00:00,2022-09-02,22,KERMAN_6_N002,KERMAN_6_N002,KERMAN_6_N002,RTPD,MCC,LMP_CONG_PRC,KERMAN_6_N002,ALL,1,-9.9794,3,82
2022-09-03T05:30:00-00:00,2022-09-03T05:45:00-00:00,2022-09-02,23,KERMAN_6_N002,KERMAN_6_N002,KERMAN_6_N002,RTPD,MCC,LMP_CONG_PRC,KERMAN_6_N002,ALL,1,-25.28721,3,82
2022-09-03T06:30:00-00:00,2022-09-03T06:45:00-00:00,2022-09-02,24,KERMAN_6_N002,KERMAN_6_N002,KERMAN_6_N002,RTPD,MCC,LMP_CONG_PRC,KERMAN_6_N002,ALL,1,-35.16917,3,82
2022-09-02T07:45:00-00:00,2022-09-02T08:00:00-00:00,2022-09-02,01,KERMAN_6_N002,KERMAN_6_N002,KERMAN_6_N002,RTPD,MCC,LMP_CONG_PRC,KERMAN_6_N002,ALL,1,7.65677,4,82
2022-09-02T08:45:00-00:00,2022-09-02T09:00:00-00:00,2022-09-02,02,KERMAN_6_N002,KERMAN_6_N002,KERMAN_6_N002,RTPD,MCC,LMP_CONG_PRC,KERMAN_6_N002,ALL,1,7.79307,4,82
2022-09-02T09:45:00-00:00,2022-09-02T10:00:00-00:00,2022-09-02,03,KERMAN_6_N002,KERMAN_6_N002,KERMAN_6_N002,RTPD,MCC,LMP_CONG_PRC,KERMAN_6_N002,ALL,1,9.59294,4,82
2022-09-02T10:45:00-00:00,2022-09-02T11:00:00-00:00,2022-09-02,04,KERMAN_6_N002,KERMAN_6_N002,KERMAN_6_N002,RTPD,MCC,LMP_CONG_PRC,KERMAN_6_N002,ALL,1,3.64147,4,82
2022-09-02T11:45:00-00:00,2022-09-02T12:00:00-00:00,2022-09-02,05,KERMAN_6_N002,KERMAN_6_N002,KERMAN_6_N002,RTPD,MCC,LMP_CONG_PRC,KERMAN_6_N002,ALL,1,33.05083,4,82
2022-09-02T12:45:00-00:00,2022-09-02T13:00:00-00:00,2022-09-02,06,KERMAN_6_N002,KERMAN_6_N002,KERMAN_6_N002,RTPD,MCC,LMP_CONG_PRC,KERMAN_6_N002,ALL,1,34.81311,4,82
2022-09-02T13:45:00-00:00,2022-09-02T14:00:00-00:00,2022-09-02,07,KERMAN_6_N002,KERMAN_6_N002,KERMAN_6_N002,RTPD,MCC,LMP_CONG_PRC,KERMAN_6_N002,ALL,1,5.14877,4,82
2022-09-02T14:45:00-00:00,2022-09-02T15:00:00-00:00,2022-09-02,08,KERMAN_6_N002,KERMAN_6_N002,KERMAN_6_N002,RTPD,MCC,LMP_CONG_PRC,KERMAN_6_N002,ALL,1,3.73398,4,82
2022-09-02T15:45:00-00:00,2022-09-02T16:00:00-00:00,2022-09-02,09,KERMAN_6_N002,KERMAN_6_N002,KERMAN_6_N002,RTPD,MCC,LMP_CONG_PRC,KERMAN_6_N002,ALL,1,0,4,82
2022-09-02T16:45:00-00:00,2022-09-02T17:00:00-00:00,2022-09-02,10,KERMAN_6_N002,KERMAN_6_N002,KERMAN_6_N002,RTPD,MCC,LMP_CONG_PRC,KERMAN_6_N002,ALL,1,0,4,82
2022-09-02T17:45:00-00:00,2022-09-02T18:00:00-00:00,2022-09-02,11,KERMAN_6_N002,KERMAN_6_N002,KERMAN_6_N002,RTPD,MCC,LMP_CONG_PRC,KERMAN_6_N002,ALL,1,0,4,82
2022-09-02T18:45:00-00:00,2022-09-02T19:00:00-00:00,2022-09-02,12,KERMAN_6_N002,KERMAN_6_N002,KERMAN_6_N002,RTPD,MCC,LMP_CONG_PRC,KERMAN_6_N002,ALL,1,0,4,82
2022-09-02T19:45:00-00:00,2022-09-02T20:00:00-00:00,2022-09-02,13,KERMAN_6_N002,KERMAN_6_N002,KERMAN_6_N002,RTPD,MCC,LMP_CONG_PRC,KERMAN_6_N002,ALL,1,0,4,82
2022-09-02T20:45:00-00:00,2022-09-02T21:00:00-00:00,2022-09-02,14,KERMAN_6_N002,KERMAN_6_N002,KERMAN_6_N002,RTPD,MCC,LMP_CONG_PRC,KERMAN_6_N002,ALL,1,0,4,82
2022-09-02T21:45:00-00:00,2022-09-02T22:00:00-00:00,2022-09-02,15,KERMAN_6_N002,KERMAN_6_N002,KERMAN_6_N002,RTPD,MCC,LMP_CONG_PRC,KERMAN_6_N002,ALL,1,0,4,82
2022-09-02T22:45:00-00:00,2022-09-02T23:00:00-00:00,2022-09-02,16,KERMAN_6_N002,KERMAN_6_N002,KERMAN_6_N002,RTPD,MCC,LMP_CONG_PRC,KERMAN_6_N002,ALL,1,-21.87896,4,82
2022-09-02T23:45:00-00:00,2022-09-03T00:00:00-00:00,2022-09-02,17,KERMAN_6_N002,KERMAN_6_N002,KERMAN_6_N002,RTPD,MCC,LMP_CONG_PRC,KERMAN_6_N002,ALL,1,-34.03085,4,82
2022-09-03T00:45:00-00:00,2022-09-03T01:00:00-00:00,2022-09-02,18,KERMAN_6_N002,KERMAN_6_N002,KERMAN_6_N002,RTPD,MCC,LMP_CONG_PRC,KERMAN_6_N002,ALL,1,-10.24687,4,82
2022-09-03T01:45:00-00:00,2022-09-03T02:00:00-00:00,2022-09-02,19,KERMAN_6_N002,KERMAN_6_N002,KERMAN_6_N002,RTPD,MCC,LMP_CONG_PRC,KERMAN_6_N002,ALL,1,-5.07241,4,82
2022-09-03T02:45:00-00:00,2022-09-03T03:00:00-00:00,2022-09-02,20,KERMAN_6_N002,KERMAN_6_N002,KERMAN_6_N002,RTPD,MCC,LMP_CONG_PRC,KERMAN_6_N002,ALL,1,11.8031,4,82
2022-09-03T03:45:00-00:00,2022-09-03T04:00:00-00:00,2022-09-02,21,KERMAN_6_N002,KERMAN_6_N002,KERMAN_6_N002,RTPD,MCC,LMP_CONG_PRC,KERMAN_6_N002,ALL,1,0,4,82
2022-09-03T04:45:00-00:00,2022-09-03T05:00:00-00:00,2022-09-02,22,KERMAN_6_N002,KERMAN_6_N002,KERMAN_6_N002,RTPD,MCC,LMP_CONG_PRC,KERMAN_6_N002,ALL,1,-3.54267,4,82
2022-09-03T05:45:00-00:00,2022-09-03T06:00:00-00:00,2022-09-02,23,KERMAN_6_N002,KERMAN_6_N002,KERMAN_6_N002,RTPD,MCC,LMP_CONG_PRC,KERMAN_6_N002,ALL,1,-3.36704,4,82
2022-09-03T06:45:00-00:00,2022-09-03T07:00:00-00:00,2022-09-02,24,KERMAN_6_N002,KERMAN_6_N002,KERMAN_6_N002,RTPD,MCC,LMP_CONG_PRC,KERMAN_6_N002,ALL,1,-18.51486,4,82
2022-09-02T07:00:00-00:00,2022-09-02T07:15:00-00:00,2022-09-02,01,KERMAN_6_N002,KERMAN_6_N002,KERMAN_6_N002,RTPD,MCE,LMP_ENE_PRC,KERMAN_6_N002,ALL,1,128.45242,1,83
2022-09-02T08:00:00-00:00,2022-09-02T08:15:00-00:00,2022-09-02,02,KERMAN_6_N002,KERMAN_6_N002,KERMAN_6_N002,RTPD,MCE,LMP_ENE_PRC,KERMAN_6_N002,ALL,1,119.60895,1,83
2022-09-02T09:00:00-00:00,2022-09-02T09:15:00-00:00,2022-09-02,03,KERMAN_6_N002,KERMAN_6_N002,KERMAN_6_N002,RTPD,MCE,LMP_ENE_PRC,KERMAN_6_N002,ALL,1,114.19063,1,83
2022-09-02T10:00:00-00:00,2022-09-02T10:15:00-00:00,2022-09-02,04,KERMAN_6_N002,KERMAN_6_N002,KERMAN_6_N002,RTPD,MCE,LMP_ENE_PRC,KERMAN_6_N002,ALL,1,103.99956,1,83
2022-09-02T11:00:00-00:00,2022-09-02T11:15:00-00:00,2022-09-02,05,KERMAN_6_N002,KERMAN_6_N002,KERMAN_6_N002,RTPD,MCE,LMP_ENE_PRC,KERMAN_6_N002,ALL,1,99.79609,1,83
2022-09-02T12:00:00-00:00,2022-09-02T12:15:00-00:00,2022-09-02,06,KERMAN_6_N002,KERMAN_6_N002,KERMAN_6_N002,RTPD,MCE,LMP_ENE_PRC,KERMAN_6_N002,ALL,1,103.63711,1,83
2022-09-02T13:00:00-00:00,2022-09-02T13:15:00-00:00,2022-09-02,07,KERMAN_6_N002,KERMAN_6_N002,KERMAN_6_N002,RTPD,MCE,LMP_ENE_PRC,KERMAN_6_N002,ALL,1,105.96778,1,83
2022-09-02T14:00:00-00:00,2022-09-02T14:15:00-00:00,2022-09-02,08,KERMAN_6_N002,KERMAN_6_N002,KERMAN_6_N002,RTPD,MCE,LMP_ENE_PRC,KERMAN_6_N002,ALL,1,113.93965,1,83
2022-09-02T15:00:00-00:00,2022-09-02T15:15:00-00:00,2022-09-02,09,KERMAN_6_N002,KERMAN_6_N002,KERMAN_6_N002,RTPD,MCE,LMP_ENE_PRC,KERMAN_6_N002,ALL,1,87.89648,1,83
2022-09-02T16:00:00-00:00,2022-09-02T16:15:00-00:00,2022-09-02,10,KERMAN_6_N002,KERMAN_6_N002,KERMAN_6_N002,RTPD,MCE,LMP_ENE_PRC,KERMAN_6_N002,ALL,1,86.73757,1,83
2022-09-02T17:00:00-00:00,2022-09-02T17:15:00-00:00,2022-09-02,11,KERMAN_6_N002,KERMAN_6_N002,KERMAN_6_N002,RTPD,MCE,LMP_ENE_PRC,KERMAN_6_N002,ALL,1,93.53587,1,83
2022-09-02T18:00:00-00:00,2022-09-02T18:15:00-00:00,2022-09-02,12,KERMAN_6_N002,KERMAN_6_N002,KERMAN_6_N002,RTPD,MCE,LMP_ENE_PRC,KERMAN_6_N002,ALL,1,104.54111,1,83
2022-09-02T19:00:00-00:00,2022-09-02T19:15:00-00:00,2022-09-02,13,KERMAN_6_N002,KERMAN_6_N002,KERMAN_6_N002,RTPD,MCE,LMP_ENE_PRC,KERMAN_6_N002,ALL,1,107.01684,1,83
2022-09-02T20:00:00-00:00,2022-09-02T20:15:00-00:00,2022-09-02,14,KERMAN_6_N002,KERMAN_6_N002,KERMAN_6_N002,RTPD,MCE,LMP_ENE_PRC,KERMAN_6_N002,ALL,1,113.37494,1,83
2022-09-02T21:00:00-00:00,2022-09-02T21:15:00-00:00,2022-09-02,15,KERMAN_6_N002,KERMAN_6_N002,KERMAN_6_N002,RTPD,MCE,LMP_ENE_PRC,KERMAN_6_N002,ALL,1,125.15005,1,83
2022-09-02T22:00:00-00:00,2022-09-02T22:15:00-00:00,2022-09-02,16,KERMAN_6_N002,KERMAN_6_N002,KERMAN_6_N002,RTPD,MCE,LMP_ENE_PRC,KERMAN_6_N002,ALL,1,146.08907,1,83
2022-09-02T23:00:00-00:00,2022-09-02T23:15:00-00:00,2022-09-02,17,KERMAN_6_N002,KERMAN_6_N002,KERMAN_6_N002,RTPD,MCE,LMP_ENE_PRC,KERMAN_6_N002,ALL,1,138.68256,1,83
2022-09-03T00:00:00-00:00,2022-09-03T00:15:00-00:00,2022-09-02,18,KERMAN_6_N002,KERMAN_6_N002,KERMAN_6_N002,RTPD,MCE,LMP_ENE_PRC,KERMAN_6_N002,ALL,1,229.3306,1,83
2022-09-03T01:00:00-00:00,2022-09-03T01:15:00-00:00,2022-09-02,19,KERMAN_6_N002,KERMAN_6_N002,KERMAN_6_N002,RTPD,MCE,LMP_ENE_PRC,KERMAN_6_N002,ALL,1,152.69885,1,83
2022-09-03T02:00:00-00:00,2022-09-03T02:15:00-00:00,2022-09-02,20,KERMAN_6_N002,KERMAN_6_N002,KERMAN_6_N002,RTPD,MCE,LMP_ENE_PRC,KERMAN_6_N002,ALL,1,204.37767,1,83
2022-09-03T03:00:00-00:00,2022-09-03T03:15:00-00:00,2022-09-02,21,KERMAN_6_N002,KERMAN_6_N002,KERMAN_6_N002,RTPD,MCE,LMP_ENE_PRC,KERMAN_6_N002,ALL,1,136.90031,1,83
2022-09-03T04:00:00-00:00,2022-09-03T04:15:00-00:00,2022-09-02,22,KERMAN_6_N002,KERMAN_6_N002,KERMAN_6_N002,RTPD,MCE,LMP_ENE_PRC,KERMAN_6_N002,ALL,1,155.88805,1,83
2022-09-03T05:00:00-00:00,2022-09-03T05:15:00-00:00,2022-09-02,23,KERMAN_6_N002,KERMAN_6_N002,KERMAN_6_N002,RTPD,MCE,LMP_ENE_PRC,KERMAN_6_N002,ALL,1,142.06982,1,83
2022-09-03T06:00:00-00:00,2022-09-03T06:15:00-00:00,2022-09-02,24,KERMAN_6_N002,KERMAN_6_N002,KERMAN_6_N002,RTPD,MCE,LMP_ENE_PRC,KERMAN_6_N002,ALL,1,141.54752,1,83
2022-09-02T07:15:00-00:00,2022-09-02T07:30:00-00:00,2022-09-02,01,KERMAN_6_N002,KERMAN_6_N002,KERMAN_6_N002,RTPD,MCE,LMP_ENE_PRC,KERMAN_6_N002,ALL,1,120.94146,2,83
2022-09-02T08:15:00-00:00,2022-09-02T08:30:00-00:00,2022-09-02,02,KERMAN_6_N002,KERMAN_6_N002,KERMAN_6_N002,RTPD,MCE,LMP_ENE_PRC,KERMAN_6_N002,ALL,1,113.81733,2,83
2022-09-02T09:15:00-00:00,2022-09-02T09:30:00-00:00,2022-09-02,03,KERMAN_6_N002,KERMAN_6_N002,KERMAN_6_N002,RTPD,MCE,LMP_ENE_PRC,KERMAN_6_N002,ALL,1,110.97779,2,83
2022-09-02T10:15:00-00:00,2022-09-02T10:30:00-00:00,2022-09-02,04,KERMAN_6_N002,KERMAN_6_N002,KERMAN_6_N002,RTPD,MCE,LMP_ENE_PRC,KERMAN_6_N002,ALL,1,103.79594,2,83
2022-09-02T11:15:00-00:00,2022-09-02T11:30:00-00:00,2022-09-02,05,KERMAN_6_N002,KERMAN_6_N002,KERMAN_6_N002,RTPD,MCE,LMP_ENE_PRC,KERMAN_6_N002,ALL,1,97.78757,2,83
2022-09-02T12:15:00-00:00,2022-09-02T12:30:00-00:00,2022-09-02,06,KERMAN_6_N002,KERMAN_6_N002,KERMAN_6_N002,RTPD,MCE,LMP_ENE_PRC,KERMAN_6_N002,ALL,1,103.09286,2,83
2022-09-02T13:15:00-00:00,2022-09-02T13:30:00-00:00,2022-09-02,07,KERMAN_6_N002,KERMAN_6_N002,KERMAN_6_N002,RTPD,MCE,LMP_ENE_PRC,KERMAN_6_N002,ALL,1,107.56083,2,83
2022-09-02T14:15:00-00:00,2022-09-02T14:30:00-00:00,2022-09-02,08,KERMAN_6_N002,KERMAN_6_N002,KERMAN_6_N002,RTPD,MCE,LMP_ENE_PRC,KERMAN_6_N002,ALL,1,106.05854,2,83
2022-09-02T15:15:00-00:00,2022-09-02T15:30:00-00:00,2022-09-02,09,KERMAN_6_N002,KERMAN_6_N002,KERMAN_6_N002,RTPD,MCE,LMP_ENE_PRC,KERMAN_6_N002,ALL,1,82.25366,2,83
2022-09-02T16:15:00-00:00,2022-09-02T16:30:00-00:00,2022-09-02,10,KERMAN_6_N002,KERMAN_6_N002,KERMAN_6_N002,RTPD,MCE,LMP_ENE_PRC,KERMAN_6_N002,ALL,1,90.79105,2,83
2022-09-02T17:15:00-00:00,2022-09-02T17:30:00-00:00,2022-09-02,11,KERMAN_6_N002,KERMAN_6_N002,KERMAN_6_N002,RTPD,MCE,LMP_ENE_PRC,KERMAN_6_N002,ALL,1,102.26623,2,83
2022-09-02T18:15:00-00:00,2022-09-02T18:30:00-00:00,2022-09-02,12,KERMAN_6_N002,KERMAN_6_N002,KERMAN_6_N002,RTPD,MCE,LMP_ENE_PRC,KERMAN_6_N002,ALL,1,109.04294,2,83
2022-09-02T19:15:00-00:00,2022-09-02T19:30:00-00:00,2022-09-02,13,KERMAN_6_N002,KERMAN_6_N002,KERMAN_6_N002,RTPD,MCE,LMP_ENE_PRC,KERMAN_6_N002,ALL,1,112.13756,2,83
2022-09-02T20:15:00-00:00,2022-09-02T20:30:00-00:00,2022-09-02,14,KERMAN_6_N002,KERMAN_6_N002,KERMAN_6_N002,RTPD,MCE,LMP_ENE_PRC,KERMAN_6_N002,ALL,1,116.37216,2,83
2022-09-02T21:15:00-00:00,2022-09-02T21:30:00-00:00,2022-09-02,15,KERMAN_6_N002,KERMAN_6_N002,KERMAN_6_N002,RTPD,MCE,LMP_ENE_PRC,KERMAN_6_N002,ALL,1,126.49216,2,83
2022-09-02T22:15:00-00:00,2022-09-02T22:30:00-00:00,2022-09-02,16,KERMAN_6_N002,KERMAN_6_N002,KERMAN_6_N002,RTPD,MCE,LMP_ENE_PRC,KERMAN_6_N002,ALL,1,159.30594,2,83
2022-09-02T23:15:00-00:00,2022-09-02T23:30:00-00:00,2022-09-02,17,KERMAN_6_N002,KERMAN_6_N002,KERMAN_6_N002,RTPD,MCE,LMP_ENE_PRC,KERMAN_6_N002,ALL,1,147.82425,2,83
2022-09-03T00:15:00-00:00,2022-09-03T00:30:00-00:00,2022-09-02,18,KERMAN_6_N002,KERMAN_6_N002,KERMAN_6_N002,RTPD,MCE,LMP_ENE_PRC,KERMAN_6_N002,ALL,1,158.74521,2,83
2022-09-03T01:15:00-00:00,2022-09-03T01:30:00-00:00,2022-09-02,19,KERMAN_6_N002,KERMAN_6_N002,KERMAN_6_N002,RTPD,MCE,LMP_ENE_PRC,KERMAN_6_N002,ALL,1,217.12807,2,83
2022-09-03T02:15:00-00:00,2022-09-03T02:30:00-00:00,2022-09-02,20,KERMAN_6_N002,KERMAN_6_N002,KERMAN_6_N002,RTPD,MCE,LMP_ENE_PRC,KERMAN_6_N002,ALL,1,199.75978,2,83
2022-09-03T03:15:00-00:00,2022-09-03T03:30:00-00:00,2022-09-02,21,KERMAN_6_N002,KERMAN_6_N002,KERMAN_6_N002,RTPD,MCE,LMP_ENE_PRC,KERMAN_6_N002,ALL,1,135.58563,2,83
2022-09-03T04:15:00-00:00,2022-09-03T04:30:00-00:00,2022-09-02,22,KERMAN_6_N002,KERMAN_6_N002,KERMAN_6_N002,RTPD,MCE,LMP_ENE_PRC,KERMAN_6_N002,ALL,1,141.76537,2,83
2022-09-03T05:15:00-00:00,2022-09-03T05:30:00-00:00,2022-09-02,23,KERMAN_6_N002,KERMAN_6_N002,KERMAN_6_N002,RTPD,MCE,LMP_ENE_PRC,KERMAN_6_N002,ALL,1,133.20816,2,83
2022-09-03T06:15:00-00:00,2022-09-03T06:30:00-00:00,2022-09-02,24,KERMAN_6_N002,KERMAN_6_N002,KERMAN_6_N002,RTPD,MCE,LMP_ENE_PRC,KERMAN_6_N002,ALL,1,117.98942,2,83
2022-09-02T07:30:00-00:00,2022-09-02T07:45:00-00:00,2022-09-02,01,KERMAN_6_N002,KERMAN_6_N002,KERMAN_6_N002,RTPD,MCE,LMP_ENE_PRC,KERMAN_6_N002,ALL,1,122.04731,3,83
2022-09-02T08:30:00-00:00,2022-09-02T08:45:00-00:00,2022-09-02,02,KERMAN_6_N002,KERMAN_6_N002,KERMAN_6_N002,RTPD,MCE,LMP_ENE_PRC,KERMAN_6_N002,ALL,1,110.76908,3,83
2022-09-02T09:30:00-00:00,2022-09-02T09:45:00-00:00,2022-09-02,03,KERMAN_6_N002,KERMAN_6_N002,KERMAN_6_N002,RTPD,MCE,LMP_ENE_PRC,KERMAN_6_N002,ALL,1,104.32659,3,83
2022-09-02T10:30:00-00:00,2022-09-02T10:45:00-00:00,2022-09-02,04,KERMAN_6_N002,KERMAN_6_N002,KERMAN_6_N002,RTPD,MCE,LMP_ENE_PRC,KERMAN_6_N002,ALL,1,100.57354,3,83
2022-09-02T11:30:00-00:00,2022-09-02T11:45:00-00:00,2022-09-02,05,KERMAN_6_N002,KERMAN_6_N002,KERMAN_6_N002,RTPD,MCE,LMP_ENE_PRC,KERMAN_6_N002,ALL,1,99.75045,3,83
2022-09-02T12:30:00-00:00,2022-09-02T12:45:00-00:00,2022-09-02,06,KERMAN_6_N002,KERMAN_6_N002,KERMAN_6_N002,RTPD,MCE,LMP_ENE_PRC,KERMAN_6_N002,ALL,1,109.42995,3,83
2022-09-02T13:30:00-00:00,2022-09-02T13:45:00-00:00,2022-09-02,07,KERMAN_6_N002,KERMAN_6_N002,KERMAN_6_N002,RTPD,MCE,LMP_ENE_PRC,KERMAN_6_N002,ALL,1,111.49249,3,83
2022-09-02T14:30:00-00:00,2022-09-02T14:45:00-00:00,2022-09-02,08,KERMAN_6_N002,KERMAN_6_N002,KERMAN_6_N002,RTPD,MCE,LMP_ENE_PRC,KERMAN_6_N002,ALL,1,96.69992,3,83
2022-09-02T15:30:00-00:00,2022-09-02T15:45:00-00:00,2022-09-02,09,KERMAN_6_N002,KERMAN_6_N002,KERMAN_6_N002,RTPD,MCE,LMP_ENE_PRC,KERMAN_6_N002,ALL,1,81.36,3,83
2022-09-02T16:30:00-00:00,2022-09-02T16:45:00-00:00,2022-09-02,10,KERMAN_6_N002,KERMAN_6_N002,KERMAN_6_N002,RTPD,MCE,LMP_ENE_PRC,KERMAN_6_N002,ALL,1,89.6042,3,83
2022-09-02T17:30:00-00:00,2022-09-02T17:45:00-00:00,2022-09-02,11,KERMAN_6_N002,KERMAN_6_N002,KERMAN_6_N002,RTPD,MCE,LMP_ENE_PRC,KERMAN_6_N002,ALL,1,103.81658,3,83
2022-09-02T18:30:00-00:00,2022-09-02T18:45:00-00:00,2022-09-02,12,KERMAN_6_N002,KERMAN_6_N002,KERMAN_6_N002,RTPD,MCE,LMP_ENE_PRC,KERMAN_6_N002,ALL,1,115.4661,3,83
2022-09-02T19:30:00-00:00,2022-09-02T19:45:00-00:00,2022-09-02,13,KERMAN_6_N002,KERMAN_6_N002,KERMAN_6_N002,RTPD,MCE,LMP_ENE_PRC,KERMAN_6_N002,ALL,1,119.56031,3,83
2022-09-02T20:30:00-00:00,2022-09-02T20:45:00-00:00,2022-09-02,14,KERMAN_6_N002,KERMAN_6_N002,KERMAN_6_N002,RTPD,MCE,LMP_ENE_PRC,KERMAN_6_N002,ALL,1,122.91209,3,83
2022-09-02T21:30:00-00:00,2022-09-02T21:45:00-00:00,2022-09-02,15,KERMAN_6_N002,KERMAN_6_N002,KERMAN_6_N002,RTPD,MCE,LMP_ENE_PRC,KERMAN_6_N002,ALL,1,141.03934,3,83
2022-09-02T22:30:00-00:00,2022-09-02T22:45:00-00:00,2022-09-02,16,KERMAN_6_N002,KERMAN_6_N002,KERMAN_6_N002,RTPD,MCE,LMP_ENE_PRC,KERMAN_6_N002,ALL,1,183.20744,3,83
2022-09-02T23:30:00-00:00,2022-09-02T23:45:00-00:00,2022-09-02,17,KERMAN_6_N002,KERMAN_6_N002,KERMAN_6_N002,RTPD,MCE,LMP_ENE_PRC,KERMAN_6_N002,ALL,1,155.92665,3,83
2022-09-03T00:30:00-00:00,2022-09-03T00:45:00-00:00,2022-09-02,18,KERMAN_6_N002,KERMAN_6_N002,KERMAN_6_N002,RTPD,MCE,LMP_ENE_PRC,KERMAN_6_N002,ALL,1,234.42892,3,83
2022-09-03T01:30:00-00:00,2022-09-03T01:45:00-00:00,2022-09-02,19,KERMAN_6_N002,KERMAN_6_N002,KERMAN_6_N002,RTPD,MCE,LMP_ENE_PRC,KERMAN_6_N002,ALL,1,250.41255,3,83
2022-09-03T02:30:00-00:00,2022-09-03T02:45:00-00:00,2022-09-02,20,KERMAN_6_N002,KERMAN_6_N002,KERMAN_6_N002,RTPD,MCE,LMP_ENE_PRC,KERMAN_6_N002,ALL,1,177.62263,3,83
2022-09-03T03:30:00-00:00,2022-09-03T03:45:00-00:00,2022-09-02,21,KERMAN_6_N002,KERMAN_6_N002,KERMAN_6_N002,RTPD,MCE,LMP_ENE_PRC,KERMAN_6_N002,ALL,1,128.61655,3,83
2022-09-03T04:30:00-00:00,2022-09-03T04:45:00-00:00,2022-09-02,22,KERMAN_6_N002,KERMAN_6_N002,KERMAN_6_N002,RTPD,MCE,LMP_ENE_PRC,KERMAN_6_N002,ALL,1,132.2016,3,83
2022-09-03T05:30:00-00:00,2022-09-03T05:45:00-00:00,2022-09-02,23,KERMAN_6_N002,KERMAN_6_N002,KERMAN_6_N002,RTPD,MCE,LMP_ENE_PRC,KERMAN_6_N002,ALL,1,128.32014,3,83
2022-09-03T06:30:00-00:00,2022-09-03T06:45:00-00:00,2022-09-02,24,KERMAN_6_N002,KERMAN_6_N002,KERMAN_6_N002,RTPD,MCE,LMP_ENE_PRC,KERMAN_6_N002,ALL,1,111.22985,3,83
2022-09-02T07:45:00-00:00,2022-09-02T08:00:00-00:00,2022-09-02,01,KERMAN_6_N002,KERMAN_6_N002,KERMAN_6_N002,RTPD,MCE,LMP_ENE_PRC,KERMAN_6_N002,ALL,1,101.38693,4,83
2022-09-02T08:45:00-00:00,2022-09-02T09:00:00-00:00,2022-09-02,02,KERMAN_6_N002,KERMAN_6_N002,KERMAN_6_N002,RTPD,MCE,LMP_ENE_PRC,KERMAN_6_N002,ALL,1,98.45906,4,83
2022-09-02T09:45:00-00:00,2022-09-02T10:00:00-00:00,2022-09-02,03,KERMAN_6_N002,KERMAN_6_N002,KERMAN_6_N002,RTPD,MCE,LMP_ENE_PRC,KERMAN_6_N002,ALL,1,97.29051,4,83
2022-09-02T10:45:00-00:00,2022-09-02T11:00:00-00:00,2022-09-02,04,KERMAN_6_N002,KERMAN_6_N002,KERMAN_6_N002,RTPD,MCE,LMP_ENE_PRC,KERMAN_6_N002,ALL,1,97.62383,4,83
2022-09-02T11:45:00-00:00,2022-09-02T12:00:00-00:00,2022-09-02,05,KERMAN_6_N002,KERMAN_6_N002,KERMAN_6_N002,RTPD,MCE,LMP_ENE_PRC,KERMAN_6_N002,ALL,1,97.15303,4,83
2022-09-02T12:45:00-00:00,2022-09-02T13:00:00-00:00,2022-09-02,06,KERMAN_6_N002,KERMAN_6_N002,KERMAN_6_N002,RTPD,MCE,LMP_ENE_PRC,KERMAN_6_N002,ALL,1,108.08756,4,83
2022-09-02T13:45:00-00:00,2022-09-02T14:00:00-00:00,2022-09-02,07,KERMAN_6_N002,KERMAN_6_N002,KERMAN_6_N002,RTPD,MCE,LMP_ENE_PRC,KERMAN_6_N002,ALL,1,105.08817,4,83
2022-09-02T14:45:00-00:00,2022-09-02T15:00:00-00:00,2022-09-02,08,KERMAN_6_N002,KERMAN_6_N002,KERMAN_6_N002,RTPD,MCE,LMP_ENE_PRC,KERMAN_6_N002,ALL,1,82.36478,4,83
2022-09-02T15:45:00-00:00,2022-09-02T16:00:00-00:00,2022-09-02,09,KERMAN_6_N002,KERMAN_6_N002,KERMAN_6_N002,RTPD,MCE,LMP_ENE_PRC,KERMAN_6_N002,ALL,1,81.41035,4,83
2022-09-02T16:45:00-00:00,2022-09-02T17:00:00-00:00,2022-09-02,10,KERMAN_6_N002,KERMAN_6_N002,KERMAN_6_N002,RTPD,MCE,LMP_ENE_PRC,KERMAN_6_N002,ALL,1,93.83783,4,83
2022-09-02T17:45:00-00:00,2022-09-02T18:00:00-00:00,2022-09-02,11,KERMAN_6_N002,KERMAN_6_N002,KERMAN_6_N002,RTPD,MCE,LMP_ENE_PRC,KERMAN_6_N002,ALL,1,106.61714,4,83
2022-09-02T18:45:00-00:00,2022-09-02T19:00:00-00:00,2022-09-02,12,KERMAN_6_N002,KERMAN_6_N002,KERMAN_6_N002,RTPD,MCE,LMP_ENE_PRC,KERMAN_6_N002,ALL,1,123.03125,4,83
2022-09-02T19:45:00-00:00,2022-09-02T20:00:00-00:00,2022-09-02,13,KERMAN_6_N002,KERMAN_6_N002,KERMAN_6_N002,RTPD,MCE,LMP_ENE_PRC,KERMAN_6_N002,ALL,1,135.46436,4,83
2022-09-02T20:45:00-00:00,2022-09-02T21:00:00-00:00,2022-09-02,14,KERMAN_6_N002,KERMAN_6_N002,KERMAN_6_N002,RTPD,MCE,LMP_ENE_PRC,KERMAN_6_N002,ALL,1,146.96742,4,83
2022-09-02T21:45:00-00:00,2022-09-02T22:00:00-00:00,2022-09-02,15,KERMAN_6_N002,KERMAN_6_N002,KERMAN_6_N002,RTPD,MCE,LMP_ENE_PRC,KERMAN_6_N002,ALL,1,181.80174,4,83
2022-09-02T22:45:00-00:00,2022-09-02T23:00:00-00:00,2022-09-02,16,KERMAN_6_N002,KERMAN_6_N002,KERMAN_6_N002,RTPD,MCE,LMP_ENE_PRC,KERMAN_6_N002,ALL,1,269.30835,4,83
2022-09-02T23:45:00-00:00,2022-09-03T00:00:00-00:00,2022-09-02,17,KERMAN_6_N002,KERMAN_6_N002,KERMAN_6_N002,RTPD,MCE,LMP_ENE_PRC,KERMAN_6_N002,ALL,1,287.1113,4,83
2022-09-03T00:45:00-00:00,2022-09-03T01:00:00-00:00,2022-09-02,18,KERMAN_6_N002,KERMAN_6_N002,KERMAN_6_N002,RTPD,MCE,LMP_ENE_PRC,KERMAN_6_N002,ALL,1,242.16634,4,83
2022-09-03T01:45:00-00:00,2022-09-03T02:00:00-00:00,2022-09-02,19,KERMAN_6_N002,KERMAN_6_N002,KERMAN_6_N002,RTPD,MCE,LMP_ENE_PRC,KERMAN_6_N002,ALL,1,304.55594,4,83
2022-09-03T02:45:00-00:00,2022-09-03T03:00:00-00:00,2022-09-02,20,KERMAN_6_N002,KERMAN_6_N002,KERMAN_6_N002,RTPD,MCE,LMP_ENE_PRC,KERMAN_6_N002,ALL,1,152.03519,4,83
2022-09-03T03:45:00-00:00,2022-09-03T04:00:00-00:00,2022-09-02,21,KERMAN_6_N002,KERMAN_6_N002,KERMAN_6_N002,RTPD,MCE,LMP_ENE_PRC,KERMAN_6_N002,ALL,1,120.27765,4,83
2022-09-03T04:45:00-00:00,2022-09-03T05:00:00-00:00,2022-09-02,22,KERMAN_6_N002,KERMAN_6_N002,KERMAN_6_N002,RTPD,MCE,LMP_ENE_PRC,KERMAN_6_N002,ALL,1,111.14984,4,83
2022-09-03T05:45:00-00:00,2022-09-03T06:00:00-00:00,2022-09-02,23,KERMAN_6_N002,KERMAN_6_N002,KERMAN_6_N002,RTPD,MCE,LMP_ENE_PRC,KERMAN_6_N002,ALL,1,104.16199,4,83
2022-09-03T06:45:00-00:00,2022-09-03T07:00:00-00:00,2022-09-02,24,KERMAN_6_N002,KERMAN_6_N002,KERMAN_6_N002,RTPD,MCE,LMP_ENE_PRC,KERMAN_6_N002,ALL,1,95.41536,4,83
2022-09-02T07:00:00-00:00,2022-09-02T07:15:00-00:00,2022-09-02,01,KERMAN_6_N002,KERMAN_6_N002,KERMAN_6_N002,RTPD,MCL,LMP_LOSS_PRC,KERMAN_6_N002,ALL,1,10.31473,1,84
2022-09-02T08:00:00-00:00,2022-09-02T08:15:00-00:00,2022-09-02,02,KERMAN_6_N002,KERMAN_6_N002,KERMAN_6_N002,RTPD,MCL,LMP_LOSS_PRC,KERMAN_6_N002,ALL,1,11.51834,1,84
2022-09-02T09:00:00-00:00,2022-09-02T09:15:00-00:00,2022-09-02,03,KERMAN_6_N002,KERMAN_6_N002,KERMAN_6_N002,RTPD,MCL,LMP_LOSS_PRC,KERMAN_6_N002,ALL,1,11.31629,1,84
2022-09-02T10:00:00-00:00,2022-09-02T10:15:00-00:00,2022-09-02,04,KERMAN_6_N002,KERMAN_6_N002,KERMAN_6_N002,RTPD,MCL,LMP_LOSS_PRC,KERMAN_6_N002,ALL,1,9.39116,1,84
2022-09-02T11:00:00-00:00,2022-09-02T11:15:00-00:00,2022-09-02,05,KERMAN_6_N002,KERMAN_6_N002,KERMAN_6_N002,RTPD,MCL,LMP_LOSS_PRC,KERMAN_6_N002,ALL,1,0,1,84
2022-09-02T12:00:00-00:00,2022-09-02T12:15:00-00:00,2022-09-02,06,KERMAN_6_N002,KERMAN_6_N002,KERMAN_6_N002,RTPD,MCL,LMP_LOSS_PRC,KERMAN_6_N002,ALL,1,0,1,84
2022-09-02T13:00:00-00:00,2022-09-02T13:15:00-00:00,2022-09-02,07,KERMAN_6_N002,KERMAN_6_N002,KERMAN_6_N002,RTPD,MCL,LMP_LOSS_PRC,KERMAN_6_N002,ALL,1,0,1,84
2022-09-02T14:00:00-00:00,2022-09-02T14:15:00-00:00,2022-09-02,08,KERMAN_6_N002,KERMAN_6_N002,KERMAN_6_N002,RTPD,MCL,LMP_LOSS_PRC,KERMAN_6_N002,ALL,1,11.57627,1,84
2022-09-02T15:00:00-00:00,2022-09-02T15:15:00-00:00,2022-09-02,09,KERMAN_6_N002,KERMAN_6_N002,KERMAN_6_N002,RTPD,MCL,LMP_LOSS_PRC,KERMAN_6_N002,ALL,1,5.0101,1,84
2022-09-02T16:00:00-00:00,2022-09-02T16:15:00-00:00,2022-09-02,10,KERMAN_6_N002,KERMAN_6_N002,KERMAN_6_N002,RTPD,MCL,LMP_LOSS_PRC,KERMAN_6_N002,ALL,1,6.25378,1,84
2022-09-02T17:00:00-00:00,2022-09-02T17:15:00-00:00,2022-09-02,11,KERMAN_6_N002,KERMAN_6_N002,KERMAN_6_N002,RTPD,MCL,LMP_LOSS_PRC,KERMAN_6_N002,ALL,1,5.53732,1,84
2022-09-02T18:00:00-00:00,2022-09-02T18:15:00-00:00,2022-09-02,12,KERMAN_6_N002,KERMAN_6_N002,KERMAN_6_N002,RTPD,MCL,LMP_LOSS_PRC,KERMAN_6_N002,ALL,1,1.48448,1,84
2022-09-02T19:00:00-00:00,2022-09-02T19:15:00-00:00,2022-09-02,13,KERMAN_6_N002,KERMAN_6_N002,KERMAN_6_N002,RTPD,MCL,LMP_LOSS_PRC,KERMAN_6_N002,ALL,1,-1.32701,1,84
2022-09-02T20:00:00-00:00,2022-09-02T20:15:00-00:00,2022-09-02,14,KERMAN_6_N002,KERMAN_6_N002,KERMAN_6_N002,RTPD,MCL,LMP_LOSS_PRC,KERMAN_6_N002,ALL,1,-4.73907,1,84
2022-09-02T21:00:00-00:00,2022-09-02T21:15:00-00:00,2022-09-02,15,KERMAN_6_N002,KERMAN_6_N002,KERMAN_6_N002,RTPD,MCL,LMP_LOSS_PRC,KERMAN_6_N002,ALL,1,-0.96366,1,84
2022-09-02T22:00:00-00:00,2022-09-02T22:15:00-00:00,2022-09-02,16,KERMAN_6_N002,KERMAN_6_N002,KERMAN_6_N002,RTPD,MCL,LMP_LOSS_PRC,KERMAN_6_N002,ALL,1,-0.43827,1,84
2022-09-02T23:00:00-00:00,2022-09-02T23:15:00-00:00,2022-09-02,17,KERMAN_6_N002,KERMAN_6_N002,KERMAN_6_N002,RTPD,MCL,LMP_LOSS_PRC,KERMAN_6_N002,ALL,1,2.95394,1,84
2022-09-03T00:00:00-00:00,2022-09-03T00:15:00-00:00,2022-09-02,18,KERMAN_6_N002,KERMAN_6_N002,KERMAN_6_N002,RTPD,MCL,LMP_LOSS_PRC,KERMAN_6_N002,ALL,1,20.06643,1,84
2022-09-03T01:00:00-00:00,2022-09-03T01:15:00-00:00,2022-09-02,19,KERMAN_6_N002,KERMAN_6_N002,KERMAN_6_N002,RTPD,MCL,LMP_LOSS_PRC,KERMAN_6_N002,ALL,1,0,1,84
2022-09-03T02:00:00-00:00,2022-09-03T02:15:00-00:00,2022-09-02,20,KERMAN_6_N002,KERMAN_6_N002,KERMAN_6_N002,RTPD,MCL,LMP_LOSS_PRC,KERMAN_6_N002,ALL,1,21.68447,1,84
2022-09-03T03:00:00-00:00,2022-09-03T03:15:00-00:00,2022-09-02,21,KERMAN_6_N002,KERMAN_6_N002,KERMAN_6_N002,RTPD,MCL,LMP_LOSS_PRC,KERMAN_6_N002,ALL,1,19.13866,1,84
2022-09-03T04:00:00-00:00,2022-09-03T04:15:00-00:00,2022-09-02,22,KERMAN_6_N002,KERMAN_6_N002,KERMAN_6_N002,RTPD,MCL,LMP_LOSS_PRC,KERMAN_6_N002,ALL,1,22.77524,1,84
2022-09-03T05:00:00-00:00,2022-09-03T05:15:00-00:00,2022-09-02,23,KERMAN_6_N002,KERMAN_6_N002,KERMAN_6_N002,RTPD,MCL,LMP_LOSS_PRC,KERMAN_6_N002,ALL,1,19.9466,1,84
2022-09-03T06:00:00-00:00,2022-09-03T06:15:00-00:00,2022-09-02,24,KERMAN_6_N002,KERMAN_6_N002,KERMAN_6_N002,RTPD,MCL,LMP_LOSS_PRC,KERMAN_6_N002,ALL,1,18.62765,1,84
2022-09-02T07:15:00-00:00,2022-09-02T07:30:00-00:00,2022-09-02,01,KERMAN_6_N002,KERMAN_6_N002,KERMAN_6_N002,RTPD,MCL,LMP_LOSS_PRC,KERMAN_6_N002,ALL,1,11.61038,2,84
2022-09-02T08:15:00-00:00,2022-09-02T08:30:00-00:00,2022-09-02,02,KERMAN_6_N002,KERMAN_6_N002,KERMAN_6_N002,RTPD,MCL,LMP_LOSS_PRC,KERMAN_6_N002,ALL,1,11.11995,2,84
2022-09-02T09:15:00-00:00,2022-09-02T09:30:00-00:00,2022-09-02,03,KERMAN_6_N002,KERMAN_6_N002,KERMAN_6_N002,RTPD,MCL,LMP_LOSS_PRC,KERMAN_6_N002,ALL,1,11.02009,2,84
2022-09-02T10:15:00-00:00,2022-09-02T10:30:00-00:00,2022-09-02,04,KERMAN_6_N002,KERMAN_6_N002,KERMAN_6_N002,RTPD,MCL,LMP_LOSS_PRC,KERMAN_6_N002,ALL,1,9.41429,2,84
2022-09-02T11:15:00-00:00,2022-09-02T11:30:00-00:00,2022-09-02,05,KERMAN_6_N002,KERMAN_6_N002,KERMAN_6_N002,RTPD,MCL,LMP_LOSS_PRC,KERMAN_6_N002,ALL,1,0,2,84
2022-09-02T12:15:00-00:00,2022-09-02T12:30:00-00:00,2022-09-02,06,KERMAN_6_N002,KERMAN_6_N002,KERMAN_6_N002,RTPD,MCL,LMP_LOSS_PRC,KERMAN_6_N002,ALL,1,0,2,84
2022-09-02T13:15:00-00:00,2022-09-02T13:30:00-00:00,2022-09-02,07,KERMAN_6_N002,KERMAN_6_N002,KERMAN_6_N002,RTPD,MCL,LMP_LOSS_PRC,KERMAN_6_N002,ALL,1,0,2,84
2022-09-02T14:15:00-00:00,2022-09-02T14:30:00-00:00,2022-09-02,08,KERMAN_6_N002,KERMAN_6_N002,KERMAN_6_N002,RTPD,MCL,LMP_LOSS_PRC,KERMAN_6_N002,ALL,1,11.47553,2,84
2022-09-02T15:15:00-00:00,2022-09-02T15:30:00-00:00,2022-09-02,09,KERMAN_6_N002,KERMAN_6_N002,KERMAN_6_N002,RTPD,MCL,LMP_LOSS_PRC,KERMAN_6_N002,ALL,1,0,2,84
2022-09-02T16:15:00-00:00,2022-09-02T16:30:00-00:00,2022-09-02,10,KERMAN_6_N002,KERMAN_6_N002,KERMAN_6_N002,RTPD,MCL,LMP_LOSS_PRC,KERMAN_6_N002,ALL,1,5.93773,2,84
2022-09-02T17:15:00-00:00,2022-09-02T17:30:00-00:00,2022-09-02,11,KERMAN_6_N002,KERMAN_6_N002,KERMAN_6_N002,RTPD,MCL,LMP_LOSS_PRC,KERMAN_6_N002,ALL,1,5.87008,2,84
2022-09-02T18:15:00-00:00,2022-09-02T18:30:00-00:00,2022-09-02,12,KERMAN_6_N002,KERMAN_6_N002,KERMAN_6_N002,RTPD,MCL,LMP_LOSS_PRC,KERMAN_6_N002,ALL,1,1.61384,2,84
2022-09-02T19:15:00-00:00,2022-09-02T19:30:00-00:00,2022-09-02,13,KERMAN_6_N002,KERMAN_6_N002,KERMAN_6_N002,RTPD,MCL,LMP_LOSS_PRC,KERMAN_6_N002,ALL,1,-1.40172,2,84
2022-09-02T20:15:00-00:00,2022-09-02T20:30:00-00:00,2022-09-02,14,KERMAN_6_N002,KERMAN_6_N002,KERMAN_6_N002,RTPD,MCL,LMP_LOSS_PRC,KERMAN_6_N002,ALL,1,-4.58506,2,84
2022-09-02T21:15:00-00:00,2022-09-02T21:30:00-00:00,2022-09-02,15,KERMAN_6_N002,KERMAN_6_N002,KERMAN_6_N002,RTPD,MCL,LMP_LOSS_PRC,KERMAN_6_N002,ALL,1,-0.83485,2,84
2022-09-02T22:15:00-00:00,2022-09-02T22:30:00-00:00,2022-09-02,16,KERMAN_6_N002,KERMAN_6_N002,KERMAN_6_N002,RTPD,MCL,LMP_LOSS_PRC,KERMAN_6_N002,ALL,1,0.09558,2,84
2022-09-02T23:15:00-00:00,2022-09-02T23:30:00-00:00,2022-09-02,17,KERMAN_6_N002,KERMAN_6_N002,KERMAN_6_N002,RTPD,MCL,LMP_LOSS_PRC,KERMAN_6_N002,ALL,1,3.71039,2,84
2022-09-03T00:15:00-00:00,2022-09-03T00:30:00-00:00,2022-09-02,18,KERMAN_6_N002,KERMAN_6_N002,KERMAN_6_N002,RTPD,MCL,LMP_LOSS_PRC,KERMAN_6_N002,ALL,1,14.35057,2,84
2022-09-03T01:15:00-00:00,2022-09-03T01:30:00-00:00,2022-09-02,19,KERMAN_6_N002,KERMAN_6_N002,KERMAN_6_N002,RTPD,MCL,LMP_LOSS_PRC,KERMAN_6_N002,ALL,1,0,2,84
2022-09-03T02:15:00-00:00,2022-09-03T02:30:00-00:00,2022-09-02,20,KERMAN_6_N002,KERMAN_6_N002,KERMAN_6_N002,RTPD,MCL,LMP_LOSS_PRC,KERMAN_6_N002,ALL,1,22.51293,2,84
2022-09-03T03:15:00-00:00,2022-09-03T03:30:00-00:00,2022-09-02,21,KERMAN_6_N002,KERMAN_6_N002,KERMAN_6_N002,RTPD,MCL,LMP_LOSS_PRC,KERMAN_6_N002,ALL,1,18.26338,2,84
2022-09-03T04:15:00-00:00,2022-09-03T04:30:00-00:00,2022-09-02,22,KERMAN_6_N002,KERMAN_6_N002,KERMAN_6_N002,RTPD,MCL,LMP_LOSS_PRC,KERMAN_6_N002,ALL,1,19.79045,2,84
2022-09-03T05:15:00-00:00,2022-09-03T05:30:00-00:00,2022-09-02,23,KERMAN_6_N002,KERMAN_6_N002,KERMAN_6_N002,RTPD,MCL,LMP_LOSS_PRC,KERMAN_6_N002,ALL,1,17.07729,2,84
2022-09-03T06:15:00-00:00,2022-09-03T06:30:00-00:00,2022-09-02,24,KERMAN_6_N002,KERMAN_6_N002,KERMAN_6_N002,RTPD,MCL,LMP_LOSS_PRC,KERMAN_6_N002,ALL,1,15.13804,2,84
2022-09-02T07:30:00-00:00,2022-09-02T07:45:00-00:00,2022-09-02,01,KERMAN_6_N002,KERMAN_6_N002,KERMAN_6_N002,RTPD,MCL,LMP_LOSS_PRC,KERMAN_6_N002,ALL,1,11.41142,3,84
2022-09-02T08:30:00-00:00,2022-09-02T08:45:00-00:00,2022-09-02,02,KERMAN_6_N002,KERMAN_6_N002,KERMAN_6_N002,RTPD,MCL,LMP_LOSS_PRC,KERMAN_6_N002,ALL,1,10.48983,3,84
2022-09-02T09:30:00-00:00,2022-09-02T09:45:00-00:00,2022-09-02,03,KERMAN_6_N002,KERMAN_6_N002,KERMAN_6_N002,RTPD,MCL,LMP_LOSS_PRC,KERMAN_6_N002,ALL,1,10.26574,3,84
2022-09-02T10:30:00-00:00,2022-09-02T10:45:00-00:00,2022-09-02,04,KERMAN_6_N002,KERMAN_6_N002,KERMAN_6_N002,RTPD,MCL,LMP_LOSS_PRC,KERMAN_6_N002,ALL,1,9.08179,3,84
2022-09-02T11:30:00-00:00,2022-09-02T11:45:00-00:00,2022-09-02,05,KERMAN_6_N002,KERMAN_6_N002,KERMAN_6_N002,RTPD,MCL,LMP_LOSS_PRC,KERMAN_6_N002,ALL,1,0,3,84
2022-09-02T12:30:00-00:00,2022-09-02T12:45:00-00:00,2022-09-02,06,KERMAN_6_N002,KERMAN_6_N002,KERMAN_6_N002,RTPD,MCL,LMP_LOSS_PRC,KERMAN_6_N002,ALL,1,0,3,84
2022-09-02T13:30:00-00:00,2022-09-02T13:45:00-00:00,2022-09-02,07,KERMAN_6_N002,KERMAN_6_N002,KERMAN_6_N002,RTPD,MCL,LMP_LOSS_PRC,KERMAN_6_N002,ALL,1,0,3,84
2022-09-02T14:30:00-00:00,2022-09-02T14:45:00-00:00,2022-09-02,08,KERMAN_6_N002,KERMAN_6_N002,KERMAN_6_N002,RTPD,MCL,LMP_LOSS_PRC,KERMAN_6_N002,ALL,1,8.78035,3,84
2022-09-02T15:30:00-00:00,2022-09-02T15:45:00-00:00,2022-09-02,09,KERMAN_6_N002,KERMAN_6_N002,KERMAN_6_N002,RTPD,MCL,LMP_LOSS_PRC,KERMAN_6_N002,ALL,1,0,3,84
2022-09-02T16:30:00-00:00,2022-09-02T16:45:00-00:00,2022-09-02,10,KERMAN_6_N002,KERMAN_6_N002,KERMAN_6_N002,RTPD,MCL,LMP_LOSS_PRC,KERMAN_6_N002,ALL,1,5.68987,3,84
2022-09-02T17:30:00-00:00,2022-09-02T17:45:00-00:00,2022-09-02,11,KERMAN_6_N002,KERMAN_6_N002,KERMAN_6_N002,RTPD,MCL,LMP_LOSS_PRC,KERMAN_6_N002,ALL,1,4.42259,3,84
2022-09-02T18:30:00-00:00,2022-09-02T18:45:00-00:00,2022-09-02,12,KERMAN_6_N002,KERMAN_6_N002,KERMAN_6_N002,RTPD,MCL,LMP_LOSS_PRC,KERMAN_6_N002,ALL,1,0.40413,3,84
2022-09-02T19:30:00-00:00,2022-09-02T19:45:00-00:00,2022-09-02,13,KERMAN_6_N002,KERMAN_6_N002,KERMAN_6_N002,RTPD,MCL,LMP_LOSS_PRC,KERMAN_6_N002,ALL,1,-3.49116,3,84
2022-09-02T20:30:00-00:00,2022-09-02T20:45:00-00:00,2022-09-02,14,KERMAN_6_N002,KERMAN_6_N002,KERMAN_6_N002,RTPD,MCL,LMP_LOSS_PRC,KERMAN_6_N002,ALL,1,-4.22818,3,84
2022-09-02T21:30:00-00:00,2022-09-02T21:45:00-00:00,2022-09-02,15,KERMAN_6_N002,KERMAN_6_N002,KERMAN_6_N002,RTPD,MCL,LMP_LOSS_PRC,KERMAN_6_N002,ALL,1,-2.12969,3,84
2022-09-02T22:30:00-00:00,2022-09-02T22:45:00-00:00,2022-09-02,16,KERMAN_6_N002,KERMAN_6_N002,KERMAN_6_N002,RTPD,MCL,LMP_LOSS_PRC,KERMAN_6_N002,ALL,1,0.18321,3,84
2022-09-02T23:30:00-00:00,2022-09-02T23:45:00-00:00,2022-09-02,17,KERMAN_6_N002,KERMAN_6_N002,KERMAN_6_N002,RTPD,MCL,LMP_LOSS_PRC,KERMAN_6_N002,ALL,1,3.32124,3,84
2022-09-03T00:30:00-00:00,2022-09-03T00:45:00-00:00,2022-09-02,18,KERMAN_6_N002,KERMAN_6_N002,KERMAN_6_N002,RTPD,MCL,LMP_LOSS_PRC,KERMAN_6_N002,ALL,1,0,3,84
2022-09-03T01:30:00-00:00,2022-09-03T01:45:00-00:00,2022-09-02,19,KERMAN_6_N002,KERMAN_6_N002,KERMAN_6_N002,RTPD,MCL,LMP_LOSS_PRC,KERMAN_6_N002,ALL,1,0,3,84
2022-09-03T02:30:00-00:00,2022-09-03T02:45:00-00:00,2022-09-02,20,KERMAN_6_N002,KERMAN_6_N002,KERMAN_6_N002,RTPD,MCL,LMP_LOSS_PRC,KERMAN_6_N002,ALL,1,20.63975,3,84
2022-09-03T03:30:00-00:00,2022-09-03T03:45:00-00:00,2022-09-02,21,KERMAN_6_N002,KERMAN_6_N002,KERMAN_6_N002,RTPD,MCL,LMP_LOSS_PRC,KERMAN_6_N002,ALL,1,16.72015,3,84
2022-09-03T04:30:00-00:00,2022-09-03T04:45:00-00:00,2022-09-02,22,KERMAN_6_N002,KERMAN_6_N002,KERMAN_6_N002,RTPD,MCL,LMP_LOSS_PRC,KERMAN_6_N002,ALL,1,18.15128,3,84
2022-09-03T05:30:00-00:00,2022-09-03T05:45:00-00:00,2022-09-02,23,KERMAN_6_N002,KERMAN_6_N002,KERMAN_6_N002,RTPD,MCL,LMP_LOSS_PRC,KERMAN_6_N002,ALL,1,16.45064,3,84
2022-09-03T06:30:00-00:00,2022-09-03T06:45:00-00:00,2022-09-02,24,KERMAN_6_N002,KERMAN_6_N002,KERMAN_6_N002,RTPD,MCL,LMP_LOSS_PRC,KERMAN_6_N002,ALL,1,13.68127,3,84
2022-09-02T07:45:00-00:00,2022-09-02T08:00:00-00:00,2022-09-02,01,KERMAN_6_N002,KERMAN_6_N002,KERMAN_6_N002,RTPD,MCL,LMP_LOSS_PRC,KERMAN_6_N002,ALL,1,8.94233,4,84
2022-09-02T08:45:00-00:00,2022-09-02T09:00:00-00:00,2022-09-02,02,KERMAN_6_N002,KERMAN_6_N002,KERMAN_6_N002,RTPD,MCL,LMP_LOSS_PRC,KERMAN_6_N002,ALL,1,9.07793,4,84
2022-09-02T09:45:00-00:00,2022-09-02T10:00:00-00:00,2022-09-02,03,KERMAN_6_N002,KERMAN_6_N002,KERMAN_6_N002,RTPD,MCL,LMP_LOSS_PRC,KERMAN_6_N002,ALL,1,9.43718,4,84
2022-09-02T10:45:00-00:00,2022-09-02T11:00:00-00:00,2022-09-02,04,KERMAN_6_N002,KERMAN_6_N002,KERMAN_6_N002,RTPD,MCL,LMP_LOSS_PRC,KERMAN_6_N002,ALL,1,8.669,4,84
2022-09-02T11:45:00-00:00,2022-09-02T12:00:00-00:00,2022-09-02,05,KERMAN_6_N002,KERMAN_6_N002,KERMAN_6_N002,RTPD,MCL,LMP_LOSS_PRC,KERMAN_6_N002,ALL,1,8.87007,4,84
2022-09-02T12:45:00-00:00,2022-09-02T13:00:00-00:00,2022-09-02,06,KERMAN_6_N002,KERMAN_6_N002,KERMAN_6_N002,RTPD,MCL,LMP_LOSS_PRC,KERMAN_6_N002,ALL,1,0,4,84
2022-09-02T13:45:00-00:00,2022-09-02T14:00:00-00:00,2022-09-02,07,KERMAN_6_N002,KERMAN_6_N002,KERMAN_6_N002,RTPD,MCL,LMP_LOSS_PRC,KERMAN_6_N002,ALL,1,0,4,84
2022-09-02T14:45:00-00:00,2022-09-02T15:00:00-00:00,2022-09-02,08,KERMAN_6_N002,KERMAN_6_N002,KERMAN_6_N002,RTPD,MCL,LMP_LOSS_PRC,KERMAN_6_N002,ALL,1,7.42107,4,84
2022-09-02T15:45:00-00:00,2022-09-02T16:00:00-00:00,2022-09-02,09,KERMAN_6_N002,KERMAN_6_N002,KERMAN_6_N002,RTPD,MCL,LMP_LOSS_PRC,KERMAN_6_N002,ALL,1,5.72315,4,84
2022-09-02T16:45:00-00:00,2022-09-02T17:00:00-00:00,2022-09-02,10,KERMAN_6_N002,KERMAN_6_N002,KERMAN_6_N002,RTPD,MCL,LMP_LOSS_PRC,KERMAN_6_N002,ALL,1,5.62089,4,84
2022-09-02T17:45:00-00:00,2022-09-02T18:00:00-00:00,2022-09-02,11,KERMAN_6_N002,KERMAN_6_N002,KERMAN_6_N002,RTPD,MCL,LMP_LOSS_PRC,KERMAN_6_N002,ALL,1,3.81689,4,84
2022-09-02T18:45:00-00:00,2022-09-02T19:00:00-00:00,2022-09-02,12,KERMAN_6_N002,KERMAN_6_N002,KERMAN_6_N002,RTPD,MCL,LMP_LOSS_PRC,KERMAN_6_N002,ALL,1,0.98425,4,84
2022-09-02T19:45:00-00:00,2022-09-02T20:00:00-00:00,2022-09-02,13,KERMAN_6_N002,KERMAN_6_N002,KERMAN_6_N002,RTPD,MCL,LMP_LOSS_PRC,KERMAN_6_N002,ALL,1,-3.30533,4,84
2022-09-02T20:45:00-00:00,2022-09-02T21:00:00-00:00,2022-09-02,14,KERMAN_6_N002,KERMAN_6_N002,KERMAN_6_N002,RTPD,MCL,LMP_LOSS_PRC,KERMAN_6_N002,ALL,1,-4.4972,4,84
2022-09-02T21:45:00-00:00,2022-09-02T22:00:00-00:00,2022-09-02,15,KERMAN_6_N002,KERMAN_6_N002,KERMAN_6_N002,RTPD,MCL,LMP_LOSS_PRC,KERMAN_6_N002,ALL,1,-2.36342,4,84
2022-09-02T22:45:00-00:00,2022-09-02T23:00:00-00:00,2022-09-02,16,KERMAN_6_N002,KERMAN_6_N002,KERMAN_6_N002,RTPD,MCL,LMP_LOSS_PRC,KERMAN_6_N002,ALL,1,0,4,84
2022-09-02T23:45:00-00:00,2022-09-03T00:00:00-00:00,2022-09-02,17,KERMAN_6_N002,KERMAN_6_N002,KERMAN_6_N002,RTPD,MCL,LMP_LOSS_PRC,KERMAN_6_N002,ALL,1,0,4,84
2022-09-03T00:45:00-00:00,2022-09-03T01:00:00-00:00,2022-09-02,18,KERMAN_6_N002,KERMAN_6_N002,KERMAN_6_N002,RTPD,MCL,LMP_LOSS_PRC,KERMAN_6_N002,ALL,1,0,4,84
2022-09-03T01:45:00-00:00,2022-09-03T02:00:00-00:00,2022-09-02,19,KERMAN_6_N002,KERMAN_6_N002,KERMAN_6_N002,RTPD,MCL,LMP_LOSS_PRC,KERMAN_6_N002,ALL,1,0,4,84
2022-09-03T02:45:00-00:00,2022-09-03T03:00:00-00:00,2022-09-02,20,KERMAN_6_N002,KERMAN_6_N002,KERMAN_6_N002,RTPD,MCL,LMP_LOSS_PRC,KERMAN_6_N002,ALL,1,21.08728,4,84
2022-09-03T03:45:00-00:00,2022-09-03T04:00:00-00:00,2022-09-02,21,KERMAN_6_N002,KERMAN_6_N002,KERMAN_6_N002,RTPD,MCL,LMP_LOSS_PRC,KERMAN_6_N002,ALL,1,15.94882,4,84
2022-09-03T04:45:00-00:00,2022-09-03T05:00:00-00:00,2022-09-02,22,KERMAN_6_N002,KERMAN_6_N002,KERMAN_6_N002,RTPD,MCL,LMP_LOSS_PRC,KERMAN_6_N002,ALL,1,14.97188,4,84
2022-09-03T05:45:00-00:00,2022-09-03T06:00:00-00:00,2022-09-02,23,KERMAN_6_N002,KERMAN_6_N002,KERMAN_6_N002,RTPD,MCL,LMP_LOSS_PRC,KERMAN_6_N002,ALL,1,12.989,4,84
2022-09-03T06:45:00-00:00,2022-09-03T07:00:00-00:00,2022-09-02,24,KERMAN_6_N002,KERMAN_6_N002,KERMAN_6_N002,RTPD,MCL,LMP_LOSS_PRC,KERMAN_6_N002,ALL,1,11.56434,4,84
2022-09-02T07:00:00-00:00,2022-09-02T07:15:00-00:00,2022-09-02,01,KERMAN_6_N002,KERMAN_6_N002,KERMAN_6_N002,RTPD,MGHG,LMP_GHG_PRC,KERMAN_6_N002,ALL,1,0,1,85
2022-09-02T08:00:00-00:00,2022-09-02T08:15:00-00:00,2022-09-02,02,KERMAN_6_N002,KERMAN_6_N002,KERMAN_6_N002,RTPD,MGHG,LMP_GHG_PRC,KERMAN_6_N002,ALL,1,0,1,85
2022-09-02T09:00:00-00:00,2022-09-02T09:15:00-00:00,2022-09-02,03,KERMAN_6_N002,KERMAN_6_N002,KERMAN_6_N002,RTPD,MGHG,LMP_GHG_PRC,KERMAN_6_N002,ALL,1,0,1,85
2022-09-02T10:00:00-00:00,2022-09-02T10:15:00-00:00,2022-09-02,04,KERMAN_6_N002,KERMAN_6_N002,KERMAN_6_N002,RTPD,MGHG,LMP_GHG_PRC,KERMAN_6_N002,ALL,1,0,1,85
2022-09-02T11:00:00-00:00,2022-09-02T11:15:00-00:00,2022-09-02,05,KERMAN_6_N002,KERMAN_6_N002,KERMAN_6_N002,RTPD,MGHG,LMP_GHG_PRC,KERMAN_6_N002,ALL,1,0,1,85
2022-09-02T12:00:00-00:00,2022-09-02T12:15:00-00:00,2022-09-02,06,KERMAN_6_N002,KERMAN_6_N002,KERMAN_6_N002,RTPD,MGHG,LMP_GHG_PRC,KERMAN_6_N002,ALL,1,0,1,85
2022-09-02T13:00:00-00:00,2022-09-02T13:15:00-00:00,2022-09-02,07,KERMAN_6_N002,KERMAN_6_N002,KERMAN_6_N002,RTPD,MGHG,LMP_GHG_PRC,KERMAN_6_N002,ALL,1,0,1,85
2022-09-02T14:00:00-00:00,2022-09-02T14:15:00-00:00,2022-09-02,08,KERMAN_6_N002,KERMAN_6_N002,KERMAN_6_N002,RTPD,MGHG,LMP_GHG_PRC,KERMAN_6_N002,ALL,1,0,1,85
2022-09-02T15:00:00-00:00,2022-09-02T15:15:00-00:00,2022-09-02,09,KERMAN_6_N002,KERMAN_6_N002,KERMAN_6_N002,RTPD,MGHG,LMP_GHG_PRC,KERMAN_6_N002,ALL,1,0,1,85
2022-09-02T16:00:00-00:00,2022-09-02T16:15:00-00:00,2022-09-02,10,KERMAN_6_N002,KERMAN_6_N002,KERMAN_6_N002,RTPD,MGHG,LMP_GHG_PRC,KERMAN_6_N002,ALL,1,0,1,85
2022-09-02T17:00:00-00:00,2022-09-02T17:15:00-00:00,2022-09-02,11,KERMAN_6_N002,KERMAN_6_N002,KERMAN_6_N002,RTPD,MGHG,LMP_GHG_PRC,KERMAN_6_N002,ALL,1,0,1,85
2022-09-02T18:00:00-00:00,2022-09-02T18:15:00-00:00,2022-09-02,12,KERMAN_6_N002,KERMAN_6_N002,KERMAN_6_N002,RTPD,MGHG,LMP_GHG_PRC,KERMAN_6_N002,ALL,1,0,1,85
2022-09-02T19:00:00-00:00,2022-09-02T19:15:00-00:00,2022-09-02,13,KERMAN_6_N002,KERMAN_6_N002,KERMAN_6_N002,RTPD,MGHG,LMP_GHG_PRC,KERMAN_6_N002,ALL,1,0,1,85
2022-09-02T20:00:00-00:00,2022-09-02T20:15:00-00:00,2022-09-02,14,KERMAN_6_N002,KERMAN_6_N002,KERMAN_6_N002,RTPD,MGHG,LMP_GHG_PRC,KERMAN_6_N002,ALL,1,0,1,85
2022-09-02T21:00:00-00:00,2022-09-02T21:15:00-00:00,2022-09-02,15,KERMAN_6_N002,KERMAN_6_N002,KERMAN_6_N002,RTPD,MGHG,LMP_GHG_PRC,KERMAN_6_N002,ALL,1,0,1,85
2022-09-02T22:00:00-00:00,2022-09-02T22:15:00-00:00,2022-09-02,16,KERMAN_6_N002,KERMAN_6_N002,KERMAN_6_N002,RTPD,MGHG,LMP_GHG_PRC,KERMAN_6_N002,ALL,1,0,1,85
2022-09-02T23:00:00-00:00,2022-09-02T23:15:00-00:00,2022-09-02,17,KERMAN_6_N002,KERMAN_6_N002,KERMAN_6_N002,RTPD,MGHG,LMP_GHG_PRC,KERMAN_6_N002,ALL,1,0,1,85
2022-09-03T00:00:00-00:00,2022-09-03T00:15:00-00:00,2022-09-02,18,KERMAN_6_N002,KERMAN_6_N002,KERMAN_6_N002,RTPD,MGHG,LMP_GHG_PRC,KERMAN_6_N002,ALL,1,0,1,85
2022-09-03T01:00:00-00:00,2022-09-03T01:15:00-00:00,2022-09-02,19,KERMAN_6_N002,KERMAN_6_N002,KERMAN_6_N002,RTPD,MGHG,LMP_GHG_PRC,KERMAN_6_N002,ALL,1,0,1,85
2022-09-03T02:00:00-00:00,2022-09-03T02:15:00-00:00,2022-09-02,20,KERMAN_6_N002,KERMAN_6_N002,KERMAN_6_N002,RTPD,MGHG,LMP_GHG_PRC,KERMAN_6_N002,ALL,1,0,1,85
2022-09-03T03:00:00-00:00,2022-09-03T03:15:00-00:00,2022-09-02,21,KERMAN_6_N002,KERMAN_6_N002,KERMAN_6_N002,RTPD,MGHG,LMP_GHG_PRC,KERMAN_6_N002,ALL,1,0,1,85
2022-09-03T04:00:00-00:00,2022-09-03T04:15:00-00:00,2022-09-02,22,KERMAN_6_N002,KERMAN_6_N002,KERMAN_6_N002,RTPD,MGHG,LMP_GHG_PRC,KERMAN_6_N002,ALL,1,0,1,85
2022-09-03T05:00:00-00:00,2022-09-03T05:15:00-00:00,2022-09-02,23,KERMAN_6_N002,KERMAN_6_N002,KERMAN_6_N002,RTPD,MGHG,LMP_GHG_PRC,KERMAN_6_N002,ALL,1,0,1,85
2022-09-03T06:00:00-00:00,2022-09-03T06:15:00-00:00,2022-09-02,24,KERMAN_6_N002,KERMAN_6_N002,KERMAN_6_N002,RTPD,MGHG,LMP_GHG_PRC,KERMAN_6_N002,ALL,1,0,1,85
2022-09-02T07:15:00-00:00,2022-09-02T07:30:00-00:00,2022-09-02,01,KERMAN_6_N002,KERMAN_6_N002,KERMAN_6_N002,RTPD,MGHG,LMP_GHG_PRC,KERMAN_6_N002,ALL,1,0,2,85
2022-09-02T08:15:00-00:00,2022-09-02T08:30:00-00:00,2022-09-02,02,KERMAN_6_N002,KERMAN_6_N002,KERMAN_6_N002,RTPD,MGHG,LMP_GHG_PRC,KERMAN_6_N002,ALL,1,0,2,85
2022-09-02T09:15:00-00:00,2022-09-02T09:30:00-00:00,2022-09-02,03,KERMAN_6_N002,KERMAN_6_N002,KERMAN_6_N002,RTPD,MGHG,LMP_GHG_PRC,KERMAN_6_N002,ALL,1,0,2,85
2022-09-02T10:15:00-00:00,2022-09-02T10:30:00-00:00,2022-09-02,04,KERMAN_6_N002,KERMAN_6_N002,KERMAN_6_N002,RTPD,MGHG,LMP_GHG_PRC,KERMAN_6_N002,ALL,1,0,2,85
2022-09-02T11:15:00-00:00,2022-09-02T11:30:00-00:00,2022-09-02,05,KERMAN_6_N002,KERMAN_6_N002,KERMAN_6_N002,RTPD,MGHG,LMP_GHG_PRC,KERMAN_6_N002,ALL,1,0,2,85
2022-09-02T12:15:00-00:00,2022-09-02T12:30:00-00:00,2022-09-02,06,KERMAN_6_N002,KERMAN_6_N002,KERMAN_6_N002,RTPD,MGHG,LMP_GHG_PRC,KERMAN_6_N002,ALL,1,0,2,85
2022-09-02T13:15:00-00:00,2022-09-02T13:30:00-00:00,2022-09-02,07,KERMAN_6_N002,KERMAN_6_N002,KERMAN_6_N002,RTPD,MGHG,LMP_GHG_PRC,KERMAN_6_N002,ALL,1,0,2,85
2022-09-02T14:15:00-00:00,2022-09-02T14:30:00-00:00,2022-09-02,08,KERMAN_6_N002,KERMAN_6_N002,KERMAN_6_N002,RTPD,MGHG,LMP_GHG_PRC,KERMAN_6_N002,ALL,1,0,2,85
2022-09-02T15:15:00-00:00,2022-09-02T15:30:00-00:00,2022-09-02,09,KERMAN_6_N002,KERMAN_6_N002,KERMAN_6_N002,RTPD,MGHG,LMP_GHG_PRC,KERMAN_6_N002,ALL,1,0,2,85
2022-09-02T16:15:00-00:00,2022-09-02T16:30:00-00:00,2022-09-02,10,KERMAN_6_N002,KERMAN_6_N002,KERMAN_6_N002,RTPD,MGHG,LMP_GHG_PRC,KERMAN_6_N002,ALL,1,0,2,85
2022-09-02T17:15:00-00:00,2022-09-02T17:30:00-00:00,2022-09-02,11,KERMAN_6_N002,KERMAN_6_N002,KERMAN_6_N002,RTPD,MGHG,LMP_GHG_PRC,KERMAN_6_N002,ALL,1,0,2,85
2022-09-02T18:15:00-00:00,2022-09-02T18:30:00-00:00,2022-09-02,12,KERMAN_6_N002,KERMAN_6_N002,KERMAN_6_N002,RTPD,MGHG,LMP_GHG_PRC,KERMAN_6_N002,ALL,1,0,2,85
2022-09-02T19:15:00-00:00,2022-09-02T19:30:00-00:00,2022-09-02,13,KERMAN_6_N002,KERMAN_6_N002,KERMAN_6_N002,RTPD,MGHG,LMP_GHG_PRC,KERMAN_6_N002,ALL,1,0,2,85
2022-09-02T20:15:00-00:00,2022-09-02T20:30:00-00:00,2022-09-02,14,KERMAN_6_N002,KERMAN_6_N002,KERMAN_6_N002,RTPD,MGHG,LMP_GHG_PRC,KERMAN_6_N002,ALL,1,0,2,85
2022-09-02T21:15:00-00:00,2022-09-02T21:30:00-00:00,2022-09-02,15,KERMAN_6_N002,KERMAN_6_N002,KERMAN_6_N002,RTPD,MGHG,LMP_GHG_PRC,KERMAN_6_N002,ALL,1,0,2,85
2022-09-02T22:15:00-00:00,2022-09-02T22:30:00-00:00,2022-09-02,16,KERMAN_6_N002,KERMAN_6_N002,KERMAN_6_N002,RTPD,MGHG,LMP_GHG_PRC,KERMAN_6_N002,ALL,1,0,2,85
2022-09-02T23:15:00-00:00,2022-09-02T23:30:00-00:00,2022-09-02,17,KERMAN_6_N002,KERMAN_6_N002,KERMAN_6_N002,RTPD,MGHG,LMP_GHG_PRC,KERMAN_6_N002,ALL,1,0,2,85
2022-09-03T00:15:00-00:00,2022-09-03T00:30:00-00:00,2022-09-02,18,KERMAN_6_N002,KERMAN_6_N002,KERMAN_6_N002,RTPD,MGHG,LMP_GHG_PRC,KERMAN_6_N002,ALL,1,0,2,85
2022-09-03T01:15:00-00:00,2022-09-03T01:30:00-00:00,2022-09-02,19,KERMAN_6_N002,KERMAN_6_N002,KERMAN_6_N002,RTPD,MGHG,LMP_GHG_PRC,KERMAN_6_N002,ALL,1,0,2,85
2022-09-03T02:15:00-00:00,2022-09-03T02:30:00-00:00,2022-09-02,20,KERMAN_6_N002,KERMAN_6_N002,KERMAN_6_N002,RTPD,MGHG,LMP_GHG_PRC,KERMAN_6_N002,ALL,1,0,2,85
2022-09-03T03:15:00-00:00,2022-09-03T03:30:00-00:00,2022-09-02,21,KERMAN_6_N002,KERMAN_6_N002,KERMAN_6_N002,RTPD,MGHG,LMP_GHG_PRC,KERMAN_6_N002,ALL,1,0,2,85
2022-09-03T04:15:00-00:00,2022-09-03T04:30:00-00:00,2022-09-02,22,KERMAN_6_N002,KERMAN_6_N002,KERMAN_6_N002,RTPD,MGHG,LMP_GHG_PRC,KERMAN_6_N002,ALL,1,0,2,85
2022-09-03T05:15:00-00:00,2022-09-03T05:30:00-00:00,2022-09-02,23,KERMAN_6_N002,KERMAN_6_N002,KERMAN_6_N002,RTPD,MGHG,LMP_GHG_PRC,KERMAN_6_N002,ALL,1,0,2,85
2022-09-03T06:15:00-00:00,2022-09-03T06:30:00-00:00,2022-09-02,24,KERMAN_6_N002,KERMAN_6_N002,KERMAN_6_N002,RTPD,MGHG,LMP_GHG_PRC,KERMAN_6_N002,ALL,1,0,2,85
2022-09-02T07:30:00-00:00,2022-09-02T07:45:00-00:00,2022-09-02,01,KERMAN_6_N002,KERMAN_6_N002,KERMAN_6_N002,RTPD,MGHG,LMP_GHG_PRC,KERMAN_6_N002,ALL,1,0,3,85
2022-09-02T08:30:00-00:00,2022-09-02T08:45:00-00:00,2022-09-02,02,KERMAN_6_N002,KERMAN_6_N002,KERMAN_6_N002,RTPD,MGHG,LMP_GHG_PRC,KERMAN_6_N002,ALL,1,0,3,85
2022-09-02T09:30:00-00:00,2022-09-02T09:45:00-00:00,2022-09-02,03,KERMAN_6_N002,KERMAN_6_N002,KERMAN_6_N002,RTPD,MGHG,LMP_GHG_PRC,KERMAN_6_N002,ALL,1,0,3,85
2022-09-02T10:30:00-00:00,2022-09-02T10:45:00-00:00,2022-09-02,04,KERMAN_6_N002,KERMAN_6_N002,KERMAN_6_N002,RTPD,MGHG,LMP_GHG_PRC,KERMAN_6_N002,ALL,1,0,3,85
2022-09-02T11:30:00-00:00,2022-09-02T11:45:00-00:00,2022-09-02,05,KERMAN_6_N002,KERMAN_6_N002,KERMAN_6_N002,RTPD,MGHG,LMP_GHG_PRC,KERMAN_6_N002,ALL,1,0,3,85
2022-09-02T12:30:00-00:00,2022-09-02T12:45:00-00:00,2022-09-02,06,KERMAN_6_N002,KERMAN_6_N002,KERMAN_6_N002,RTPD,MGHG,LMP_GHG_PRC,KERMAN_6_N002,ALL,1,0,3,85
2022-09-02T13:30:00-00:00,2022-09-02T13:45:00-00:00,2022-09-02,07,KERMAN_6_N002,KERMAN_6_N002,KERMAN_6_N002,RTPD,MGHG,LMP_GHG_PRC,KERMAN_6_N002,ALL,1,0,3,85
2022-09-02T14:30:00-00:00,2022-09-02T14:45:00-00:00,2022-09-02,08,KERMAN_6_N002,KERMAN_6_N002,KERMAN_6_N002,RTPD,MGHG,LMP_GHG_PRC,KERMAN_6_N002,ALL,1,0,3,85
2022-09-02T15:30:00-00:00,2022-09-02T15:45:00-00:00,2022-09-02,09,KERMAN_6_N002,KERMAN_6_N002,KERMAN_6_N002,RTPD,MGHG,LMP_GHG_PRC,KERMAN_6_N002,ALL,1,0,3,85
2022-09-02T16:30:00-00:00,2022-09-02T16:45:00-00:00,2022-09-02,10,KERMAN_6_N002,KERMAN_6_N002,KERMAN_6_N002,RTPD,MGHG,LMP_GHG_PRC,KERMAN_6_N002,ALL,1,0,3,85
2022-09-02T17:30:00-00:00,2022-09-02T17:45:00-00:00,2022-09-02,11,KERMAN_6_N002,KERMAN_6_N002,KERMAN_6_N002,RTPD,MGHG,LMP_GHG_PRC,KERMAN_6_N002,ALL,1,0,3,85
2022-09-02T18:30:00-00:00,2022-09-02T18:45:00-00:00,2022-09-02,12,KERMAN_6_N002,KERMAN_6_N002,KERMAN_6_N002,RTPD,MGHG,LMP_GHG_PRC,KERMAN_6_N002,ALL,1,0,3,85
2022-09-02T19:30:00-00:00,2022-09-02T19:45:00-00:00,2022-09-02,13,KERMAN_6_N002,KERMAN_6_N002,KERMAN_6_N002,RTPD,MGHG,LMP_GHG_PRC,KERMAN_6_N002,ALL,1,0,3,85
2022-09-02T20:30:00-00:00,2022-09-02T20:45:00-00:00,2022-09-02,14,KERMAN_6_N002,KERMAN_6_N002,KERMAN_6_N002,RTPD,MGHG,LMP_GHG_PRC,KERMAN_6_N002,ALL,1,0,3,85
2022-09-02T21:30:00-00:00,2022-09-02T21:45:00-00:00,2022-09-02,15,KERMAN_6_N002,KERMAN_6_N002,KERMAN_6_N002,RTPD,MGHG,LMP_GHG_PRC,KERMAN_6_N002,ALL,1,0,3,85
2022-09-02T22:30:00-00:00,2022-09-02T22:45:00-00:00,2022-09-02,16,KERMAN_6_N002,KERMAN_6_N002,KERMAN_6_N002,RTPD,MGHG,LMP_GHG_PRC,KERMAN_6_N002,ALL,1,0,3,85
2022-09-02T23:30:00-00:00,2022-09-02T23:45:00-00:00,2022-09-02,17,KERMAN_6_N002,KERMAN_6_N002,KERMAN_6_N002,RTPD,MGHG,LMP_GHG_PRC,KERMAN_6_N002,ALL,1,0,3,85
2022-09-03T00:30:00-00:00,2022-09-03T00:45:00-00:00,2022-09-02,18,KERMAN_6_N002,KERMAN_6_N002,KERMAN_6_N002,RTPD,MGHG,LMP_GHG_PRC,KERMAN_6_N002,ALL,1,0,3,85
2022-09-03T01:30:00-00:00,2022-09-03T01:45:00-00:00,2022-09-02,19,KERMAN_6_N002,KERMAN_6_N002,KERMAN_6_N002,RTPD,MGHG,LMP_GHG_PRC,KERMAN_6_N002,ALL,1,0,3,85
2022-09-03T02:30:00-00:00,2022-09-03T02:45:00-00:00,2022-09-02,20,KERMAN_6_N002,KERMAN_6_N002,KERMAN_6_N002,RTPD,MGHG,LMP_GHG_PRC,KERMAN_6_N002,ALL,1,0,3,85
2022-09-03T03:30:00-00:00,2022-09-03T03:45:00-00:00,2022-09-02,21,KERMAN_6_N002,KERMAN_6_N002,KERMAN_6_N002,RTPD,MGHG,LMP_GHG_PRC,KERMAN_6_N002,ALL,1,0,3,85
2022-09-03T04:30:00-00:00,2022-09-03T04:45:00-00:00,2022-09-02,22,KERMAN_6_N002,KERMAN_6_N002,KERMAN_6_N002,RTPD,MGHG,LMP_GHG_PRC,KERMAN_6_N002,ALL,1,0,3,85
2022-09-03T05:30:00-00:00,2022-09-03T05:45:00-00:00,2022-09-02,23,KERMAN_6_N002,KERMAN_6_N002,KERMAN_6_N002,RTPD,MGHG,LMP_GHG_PRC,KERMAN_6_N002,ALL,1,0,3,85
2022-09-03T06:30:00-00:00,2022-09-03T06:45:00-00:00,2022-09-02,24,KERMAN_6_N002,KERMAN_6_N002,KERMAN_6_N002,RTPD,MGHG,LMP_GHG_PRC,KERMAN_6_N002,ALL,1,0,3,85
2022-09-02T07:45:00-00:00,2022-09-02T08:00:00-00:00,2022-09-02,01,KERMAN_6_N002,KERMAN_6_N002,KERMAN_6_N002,RTPD,MGHG,LMP_GHG_PRC,KERMAN_6_N002,ALL,1,0,4,85
2022-09-02T08:45:00-00:00,2022-09-02T09:00:00-00:00,2022-09-02,02,KERMAN_6_N002,KERMAN_6_N002,KERMAN_6_N002,RTPD,MGHG,LMP_GHG_PRC,KERMAN_6_N002,ALL,1,0,4,85
2022-09-02T09:45:00-00:00,2022-09-02T10:00:00-00:00,2022-09-02,03,KERMAN_6_N002,KERMAN_6_N002,KERMAN_6_N002,RTPD,MGHG,LMP_GHG_PRC,KERMAN_6_N002,ALL,1,0,4,85
2022-09-02T10:45:00-00:00,2022-09-02T11:00:00-00:00,2022-09-02,04,KERMAN_6_N002,KERMAN_6_N002,KERMAN_6_N002,RTPD,MGHG,LMP_GHG_PRC,KERMAN_6_N002,ALL,1,0,4,85
2022-09-02T11:45:00-00:00,2022-09-02T12:00:00-00:00,2022-09-02,05,KERMAN_6_N002,KERMAN_6_N002,KERMAN_6_N002,RTPD,MGHG,LMP_GHG_PRC,KERMAN_6_N002,ALL,1,0,4,85
2022-09-02T12:45:00-00:00,2022-09-02T13:00:00-00:00,2022-09-02,06,KERMAN_6_N002,KERMAN_6_N002,KERMAN_6_N002,RTPD,MGHG,LMP_GHG_PRC,KERMAN_6_N002,ALL,1,0,4,85
2022-09-02T13:45:00-00:00,2022-09-02T14:00:00-00:00,2022-09-02,07,KERMAN_6_N002,KERMAN_6_N002,KERMAN_6_N002,RTPD,MGHG,LMP_GHG_PRC,KERMAN_6_N002,ALL,1,0,4,85
2022-09-02T14:45:00-00:00,2022-09-02T15:00:00-00:00,2022-09-02,08,KERMAN_6_N002,KERMAN_6_N002,KERMAN_6_N002,RTPD,MGHG,LMP_GHG_PRC,KERMAN_6_N002,ALL,1,0,4,85
2022-09-02T15:45:00-00:00,2022-09-02T16:00:00-00:00,2022-09-02,09,KERMAN_6_N002,KERMAN_6_N002,KERMAN_6_N002,RTPD,MGHG,LMP_GHG_PRC,KERMAN_6_N002,ALL,1,0,4,85
2022-09-02T16:45:00-00:00,2022-09-02T17:00:00-00:00,2022-09-02,10,KERMAN_6_N002,KERMAN_6_N002,KERMAN_6_N002,RTPD,MGHG,LMP_GHG_PRC,KERMAN_6_N002,ALL,1,0,4,85
2022-09-02T17:45:00-00:00,2022-09-02T18:00:00-00:00,2022-09-02,11,KERMAN_6_N002,KERMAN_6_N002,KERMAN_6_N002,RTPD,MGHG,LMP_GHG_PRC,KERMAN_6_N002,ALL,1,0,4,85
2022-09-02T18:45:00-00:00,2022-09-02T19:00:00-00:00,2022-09-02,12,KERMAN_6_N002,KERMAN_6_N002,KERMAN_6_N002,RTPD,MGHG,LMP_GHG_PRC,KERMAN_6_N002,ALL,1,0,4,85
2022-09-02T19:45:00-00:00,2022-09-02T20:00:00-00:00,2022-09-02,13,KERMAN_6_N002,KERMAN_6_N002,KERMAN_6_N002,RTPD,MGHG,LMP_GHG_PRC,KERMAN_6_N002,ALL,1,0,4,85
2022-09-02T20:45:00-00:00,2022-09-02T21:00:00-00:00,2022-09-02,14,KERMAN_6_N002,KERMAN_6_N002,KERMAN_6_N002,RTPD,MGHG,LMP_GHG_PRC,KERMAN_6_N002,ALL,1,0,4,85
2022-09-02T21:45:00-00:00,2022-09-02T22:00:00-00:00,2022-09-02,15,KERMAN_6_N002,KERMAN_6_N002,KERMAN_6_N002,RTPD,MGHG,LMP_GHG_PRC,KERMAN_6_N002,ALL,1,0,4,85
2022-09-02T22:45:00-00:00,2022-09-02T23:00:00-00:00,2022-09-02,16,KERMAN_6_N002,KERMAN_6_N002,KERMAN_6_N002,RTPD,MGHG,LMP_GHG_PRC,KERMAN_6_N002,ALL,1,0,4,85
2022-09-02T23:45:00-00:00,2022-09-03T00:00:00-00:00,2022-09-02,17,KERMAN_6_N002,KERMAN_6_N002,KERMAN_6_N002,RTPD,MGHG,LMP_GHG_PRC,KERMAN_6_N002,ALL,1,0,4,85
2022-09-03T00:45:00-00:00,2022-09-03T01:00:00-00:00,2022-09-02,18,KERMAN_6_N002,KERMAN_6_N002,KERMAN_6_N002,RTPD,MGHG,LMP_GHG_PRC,KERMAN_6_N002,ALL,1,0,4,85
2022-09-03T01:45:00-00:00,2022-09-03T02:00:00-00:00,2022-09-02,19,KERMAN_6_N002,KERMAN_6_N002,KERMAN_6_N002,RTPD,MGHG,LMP_GHG_PRC,KERMAN_6_N002,ALL,1,0,4,85
2022-09-03T02:45:00-00:00,2022-09-03T03:00:00-00:00,2022-09-02,20,KERMAN_6_N002,KERMAN_6_N002,KERMAN_6_N002,RTPD,MGHG,LMP_GHG_PRC,KERMAN_6_N002,ALL,1,0,4,85
2022-09-03T03:45:00-00:00,2022-09-03T04:00:00-00:00,2022-09-02,21,KERMAN_6_N002,KERMAN_6_N002,KERMAN_6_N002,RTPD,MGHG,LMP_GHG_PRC,KERMAN_6_N002,ALL,1,0,4,85
2022-09-03T04:45:00-00:00,2022-09-03T05:00:00-00:00,2022-09-02,22,KERMAN_6_N002,KERMAN_6_N002,KERMAN_6_N002,RTPD,MGHG,LMP_GHG_PRC,KERMAN_6_N002,ALL,1,0,4,85
2022-09-03T05:45:00-00:00,2022-09-03T06:00:00-00:00,2022-09-02,23,KERMAN_6_N002,KERMAN_6_N002,KERMAN_6_N002,RTPD,MGHG,LMP_GHG_PRC,KERMAN_6_N002,ALL,1,0,4,85
2022-09-03T06:45:00-00:00,2022-09-03T07:00:00-00:00,2022-09-02,24,KERMAN_6_N002,KERMAN_6_N002,KERMAN_6_N002,RTPD,MGHG,LMP_GHG_PRC,KERMAN_6_N002,ALL,1,0,4,85
2022-09-02T07:00:00-00:00,2022-09-02T07:15:00-00:00,2022-09-02,01,KERNFRNT_7_B1,KERNFRNT_7_B1,KERNFRNT_7_B1,RTPD,LMP,LMP_PRC,KERNFRNT_7_B1,ALL,1,143.77666,1,86
2022-09-02T08:00:00-00:00,2022-09-02T08:15:00-00:00,2022-09-02,02,KERNFRNT_7_B1,KERNFRNT_7_B1,KERNFRNT_7_B1,RTPD,LMP,LMP_PRC,KERNFRNT_7_B1,ALL,1,138.04807,1,86
2022-09-02T09:00:00-00:00,2022-09-02T09:15:00-00:00,2022-09-02,03,KERNFRNT_7_B1,KERNFRNT_7_B1,KERNFRNT_7_B1,RTPD,LMP,LMP_PRC,KERNFRNT_7_B1,ALL,1,129.87508,1,86
2022-09-02T10:00:00-00:00,2022-09-02T10:15:00-00:00,2022-09-02,04,KERNFRNT_7_B1,KERNFRNT_7_B1,KERNFRNT_7_B1,RTPD,LMP,LMP_PRC,KERNFRNT_7_B1,ALL,1,118.48064,1,86
2022-09-02T11:00:00-00:00,2022-09-02T11:15:00-00:00,2022-09-02,05,KERNFRNT_7_B1,KERNFRNT_7_B1,KERNFRNT_7_B1,RTPD,LMP,LMP_PRC,KERNFRNT_7_B1,ALL,1,112.67355,1,86
2022-09-02T12:00:00-00:00,2022-09-02T12:15:00-00:00,2022-09-02,06,KERNFRNT_7_B1,KERNFRNT_7_B1,KERNFRNT_7_B1,RTPD,LMP,LMP_PRC,KERNFRNT_7_B1,ALL,1,119.07263,1,86
2022-09-02T13:00:00-00:00,2022-09-02T13:15:00-00:00,2022-09-02,07,KERNFRNT_7_B1,KERNFRNT_7_B1,KERNFRNT_7_B1,RTPD,LMP,LMP_PRC,KERNFRNT_7_B1,ALL,1,118.4954,1,86
2022-09-02T14:00:00-00:00,2022-09-02T14:15:00-00:00,2022-09-02,08,KERNFRNT_7_B1,KERNFRNT_7_B1,KERNFRNT_7_B1,RTPD,LMP,LMP_PRC,KERNFRNT_7_B1,ALL,1,121.86689,1,86
2022-09-02T15:00:00-00:00,2022-09-02T15:15:00-00:00,2022-09-02,09,KERNFRNT_7_B1,KERNFRNT_7_B1,KERNFRNT_7_B1,RTPD,LMP,LMP_PRC,KERNFRNT_7_B1,ALL,1,92.2224,1,86
2022-09-02T16:00:00-00:00,2022-09-02T16:15:00-00:00,2022-09-02,10,KERNFRNT_7_B1,KERNFRNT_7_B1,KERNFRNT_7_B1,RTPD,LMP,LMP_PRC,KERNFRNT_7_B1,ALL,1,89.37118,1,86
2022-09-02T17:00:00-00:00,2022-09-02T17:15:00-00:00,2022-09-02,11,KERNFRNT_7_B1,KERNFRNT_7_B1,KERNFRNT_7_B1,RTPD,LMP,LMP_PRC,KERNFRNT_7_B1,ALL,1,94.19062,1,86
2022-09-02T18:00:00-00:00,2022-09-02T18:15:00-00:00,2022-09-02,12,KERNFRNT_7_B1,KERNFRNT_7_B1,KERNFRNT_7_B1,RTPD,LMP,LMP_PRC,KERNFRNT_7_B1,ALL,1,104.75019,1,86
2022-09-02T19:00:00-00:00,2022-09-02T19:15:00-00:00,2022-09-02,13,KERNFRNT_7_B1,KERNFRNT_7_B1,KERNFRNT_7_B1,RTPD,LMP,LMP_PRC,KERNFRNT_7_B1,ALL,1,105.96807,1,86
2022-09-02T20:00:00-00:00,2022-09-02T20:15:00-00:00,2022-09-02,14,KERNFRNT_7_B1,KERNFRNT_7_B1,KERNFRNT_7_B1,RTPD,LMP,LMP_PRC,KERNFRNT_7_B1,ALL,1,110.60859,1,86
2022-09-02T21:00:00-00:00,2022-09-02T21:15:00-00:00,2022-09-02,15,KERNFRNT_7_B1,KERNFRNT_7_B1,KERNFRNT_7_B1,RTPD,LMP,LMP_PRC,KERNFRNT_7_B1,ALL,1,122.95993,1,86
2022-09-02T22:00:00-00:00,2022-09-02T22:15:00-00:00,2022-09-02,16,KERNFRNT_7_B1,KERNFRNT_7_B1,KERNFRNT_7_B1,RTPD,LMP,LMP_PRC,KERNFRNT_7_B1,ALL,1,144.07304,1,86
2022-09-02T23:00:00-00:00,2022-09-02T23:15:00-00:00,2022-09-02,17,KERNFRNT_7_B1,KERNFRNT_7_B1,KERNFRNT_7_B1,RTPD,LMP,LMP_PRC,KERNFRNT_7_B1,ALL,1,129.98538,1,86
2022-09-03T00:00:00-00:00,2022-09-03T00:15:00-00:00,2022-09-02,18,KERNFRNT_7_B1,KERNFRNT_7_B1,KERNFRNT_7_B1,RTPD,LMP,LMP_PRC,KERNFRNT_7_B1,ALL,1,114.59048,1,86
2022-09-03T01:00:00-00:00,2022-09-03T01:15:00-00:00,2022-09-02,19,KERNFRNT_7_B1,KERNFRNT_7_B1,KERNFRNT_7_B1,RTPD,LMP,LMP_PRC,KERNFRNT_7_B1,ALL,1,132.06949,1,86
2022-09-03T02:00:00-00:00,2022-09-03T02:15:00-00:00,2022-09-02,20,KERNFRNT_7_B1,KERNFRNT_7_B1,KERNFRNT_7_B1,RTPD,LMP,LMP_PRC,KERNFRNT_7_B1,ALL,1,227.21046,1,86
2022-09-03T03:00:00-00:00,2022-09-03T03:15:00-00:00,2022-09-02,21,KERNFRNT_7_B1,KERNFRNT_7_B1,KERNFRNT_7_B1,RTPD,LMP,LMP_PRC,KERNFRNT_7_B1,ALL,1,151.93867,1,86
2022-09-03T04:00:00-00:00,2022-09-03T04:15:00-00:00,2022-09-02,22,KERNFRNT_7_B1,KERNFRNT_7_B1,KERNFRNT_7_B1,RTPD,LMP,LMP_PRC,KERNFRNT_7_B1,ALL,1,172.87975,1,86
2022-09-03T05:00:00-00:00,2022-09-03T05:15:00-00:00,2022-09-02,23,KERNFRNT_7_B1,KERNFRNT_7_B1,KERNFRNT_7_B1,RTPD,LMP,LMP_PRC,KERNFRNT_7_B1,ALL,1,156.91753,1,86
2022-09-03T06:00:00-00:00,2022-09-03T06:15:00-00:00,2022-09-02,24,KERNFRNT_7_B1,KERNFRNT_7_B1,KERNFRNT_7_B1,RTPD,LMP,LMP_PRC,KERNFRNT_7_B1,ALL,1,114.41828,1,86
2022-09-02T07:15:00-00:00,2022-09-02T07:30:00-00:00,2022-09-02,01,KERNFRNT_7_B1,KERNFRNT_7_B1,KERNFRNT_7_B1,RTPD,LMP,LMP_PRC,KERNFRNT_7_B1,ALL,1,135.45044,2,86
2022-09-02T08:15:00-00:00,2022-09-02T08:30:00-00:00,2022-09-02,02,KERNFRNT_7_B1,KERNFRNT_7_B1,KERNFRNT_7_B1,RTPD,LMP,LMP_PRC,KERNFRNT_7_B1,ALL,1,135.34058,2,86
2022-09-02T09:15:00-00:00,2022-09-02T09:30:00-00:00,2022-09-02,03,KERNFRNT_7_B1,KERNFRNT_7_B1,KERNFRNT_7_B1,RTPD,LMP,LMP_PRC,KERNFRNT_7_B1,ALL,1,128.63367,2,86
2022-09-02T10:15:00-00:00,2022-09-02T10:30:00-00:00,2022-09-02,04,KERNFRNT_7_B1,KERNFRNT_7_B1,KERNFRNT_7_B1,RTPD,LMP,LMP_PRC,KERNFRNT_7_B1,ALL,1,114.73246,2,86
2022-09-02T11:15:00-00:00,2022-09-02T11:30:00-00:00,2022-09-02,05,KERNFRNT_7_B1,KERNFRNT_7_B1,KERNFRNT_7_B1,RTPD,LMP,LMP_PRC,KERNFRNT_7_B1,ALL,1,113.13798,2,86
2022-09-02T12:15:00-00:00,2022-09-02T12:30:00-00:00,2022-09-02,06,KERNFRNT_7_B1,KERNFRNT_7_B1,KERNFRNT_7_B1,RTPD,LMP,LMP_PRC,KERNFRNT_7_B1,ALL,1,121.75153,2,86
2022-09-02T13:15:00-00:00,2022-09-02T13:30:00-00:00,2022-09-02,07,KERNFRNT_7_B1,KERNFRNT_7_B1,KERNFRNT_7_B1,RTPD,LMP,LMP_PRC,KERNFRNT_7_B1,ALL,1,120.11874,2,86
2022-09-02T14:15:00-00:00,2022-09-02T14:30:00-00:00,2022-09-02,08,KERNFRNT_7_B1,KERNFRNT_7_B1,KERNFRNT_7_B1,RTPD,LMP,LMP_PRC,KERNFRNT_7_B1,ALL,1,114.80494,2,86
2022-09-02T15:15:00-00:00,2022-09-02T15:30:00-00:00,2022-09-02,09,KERNFRNT_7_B1,KERNFRNT_7_B1,KERNFRNT_7_B1,RTPD,LMP,LMP_PRC,KERNFRNT_7_B1,ALL,1,83.80544,2,86
2022-09-02T16:15:00-00:00,2022-09-02T16:30:00-00:00,2022-09-02,10,KERNFRNT_7_B1,KERNFRNT_7_B1,KERNFRNT_7_B1,RTPD,LMP,LMP_PRC,KERNFRNT_7_B1,ALL,1,94.0356,2,86
2022-09-02T17:15:00-00:00,2022-09-02T17:30:00-00:00,2022-09-02,11,KERNFRNT_7_B1,KERNFRNT_7_B1,KERNFRNT_7_B1,RTPD,LMP,LMP_PRC,KERNFRNT_7_B1,ALL,1,102.77756,2,86
2022-09-02T18:15:00-00:00,2022-09-02T18:30:00-00:00,2022-09-02,12,KERNFRNT_7_B1,KERNFRNT_7_B1,KERNFRNT_7_B1,RTPD,LMP,LMP_PRC,KERNFRNT_7_B1,ALL,1,109.27193,2,86
2022-09-02T19:15:00-00:00,2022-09-02T19:30:00-00:00,2022-09-02,13,KERNFRNT_7_B1,KERNFRNT_7_B1,KERNFRNT_7_B1,RTPD,LMP,LMP_PRC,KERNFRNT_7_B1,ALL,1,110.74705,2,86
2022-09-02T20:15:00-00:00,2022-09-02T20:30:00-00:00,2022-09-02,14,KERNFRNT_7_B1,KERNFRNT_7_B1,KERNFRNT_7_B1,RTPD,LMP,LMP_PRC,KERNFRNT_7_B1,ALL,1,113.18181,2,86
2022-09-02T21:15:00-00:00,2022-09-02T21:30:00-00:00,2022-09-02,15,KERNFRNT_7_B1,KERNFRNT_7_B1,KERNFRNT_7_B1,RTPD,LMP,LMP_PRC,KERNFRNT_7_B1,ALL,1,123.92437,2,86
2022-09-02T22:15:00-00:00,2022-09-02T22:30:00-00:00,2022-09-02,16,KERNFRNT_7_B1,KERNFRNT_7_B1,KERNFRNT_7_B1,RTPD,LMP,LMP_PRC,KERNFRNT_7_B1,ALL,1,157.19006,2,86
2022-09-02T23:15:00-00:00,2022-09-02T23:30:00-00:00,2022-09-02,17,KERNFRNT_7_B1,KERNFRNT_7_B1,KERNFRNT_7_B1,RTPD,LMP,LMP_PRC,KERNFRNT_7_B1,ALL,1,131.47186,2,86
2022-09-03T00:15:00-00:00,2022-09-03T00:30:00-00:00,2022-09-02,18,KERNFRNT_7_B1,KERNFRNT_7_B1,KERNFRNT_7_B1,RTPD,LMP,LMP_PRC,KERNFRNT_7_B1,ALL,1,117.53783,2,86
2022-09-03T01:15:00-00:00,2022-09-03T01:30:00-00:00,2022-09-02,19,KERNFRNT_7_B1,KERNFRNT_7_B1,KERNFRNT_7_B1,RTPD,LMP,LMP_PRC,KERNFRNT_7_B1,ALL,1,159.24776,2,86
2022-09-03T02:15:00-00:00,2022-09-03T02:30:00-00:00,2022-09-02,20,KERNFRNT_7_B1,KERNFRNT_7_B1,KERNFRNT_7_B1,RTPD,LMP,LMP_PRC,KERNFRNT_7_B1,ALL,1,221.555,2,86
2022-09-03T03:15:00-00:00,2022-09-03T03:30:00-00:00,2022-09-02,21,KERNFRNT_7_B1,KERNFRNT_7_B1,KERNFRNT_7_B1,RTPD,LMP,LMP_PRC,KERNFRNT_7_B1,ALL,1,150.80833,2,86
2022-09-03T04:15:00-00:00,2022-09-03T04:30:00-00:00,2022-09-02,22,KERNFRNT_7_B1,KERNFRNT_7_B1,KERNFRNT_7_B1,RTPD,LMP,LMP_PRC,KERNFRNT_7_B1,ALL,1,140.72159,2,86
2022-09-03T05:15:00-00:00,2022-09-03T05:30:00-00:00,2022-09-02,23,KERNFRNT_7_B1,KERNFRNT_7_B1,KERNFRNT_7_B1,RTPD,LMP,LMP_PRC,KERNFRNT_7_B1,ALL,1,146.5368,2,86
2022-09-03T06:15:00-00:00,2022-09-03T06:30:00-00:00,2022-09-02,24,KERNFRNT_7_B1,KERNFRNT_7_B1,KERNFRNT_7_B1,RTPD,LMP,LMP_PRC,KERNFRNT_7_B1,ALL,1,119.6309,2,86
2022-09-02T07:30:00-00:00,2022-09-02T07:45:00-00:00,2022-09-02,01,KERNFRNT_7_B1,KERNFRNT_7_B1,KERNFRNT_7_B1,RTPD,LMP,LMP_PRC,KERNFRNT_7_B1,ALL,1,138.48651,3,86
2022-09-02T08:30:00-00:00,2022-09-02T08:45:00-00:00,2022-09-02,02,KERNFRNT_7_B1,KERNFRNT_7_B1,KERNFRNT_7_B1,RTPD,LMP,LMP_PRC,KERNFRNT_7_B1,ALL,1,127.75624,3,86
2022-09-02T09:30:00-00:00,2022-09-02T09:45:00-00:00,2022-09-02,03,KERNFRNT_7_B1,KERNFRNT_7_B1,KERNFRNT_7_B1,RTPD,LMP,LMP_PRC,KERNFRNT_7_B1,ALL,1,116.58627,3,86
2022-09-02T10:30:00-00:00,2022-09-02T10:45:00-00:00,2022-09-02,04,KERNFRNT_7_B1,KERNFRNT_7_B1,KERNFRNT_7_B1,RTPD,LMP,LMP_PRC,KERNFRNT_7_B1,ALL,1,112.6049,3,86
2022-09-02T11:30:00-00:00,2022-09-02T11:45:00-00:00,2022-09-02,05,KERNFRNT_7_B1,KERNFRNT_7_B1,KERNFRNT_7_B1,RTPD,LMP,LMP_PRC,KERNFRNT_7_B1,ALL,1,110.63454,3,86
2022-09-02T12:30:00-00:00,2022-09-02T12:45:00-00:00,2022-09-02,06,KERNFRNT_7_B1,KERNFRNT_7_B1,KERNFRNT_7_B1,RTPD,LMP,LMP_PRC,KERNFRNT_7_B1,ALL,1,122.56199,3,86
2022-09-02T13:30:00-00:00,2022-09-02T13:45:00-00:00,2022-09-02,07,KERNFRNT_7_B1,KERNFRNT_7_B1,KERNFRNT_7_B1,RTPD,LMP,LMP_PRC,KERNFRNT_7_B1,ALL,1,117.80073,3,86
2022-09-02T14:30:00-00:00,2022-09-02T14:45:00-00:00,2022-09-02,08,KERNFRNT_7_B1,KERNFRNT_7_B1,KERNFRNT_7_B1,RTPD,LMP,LMP_PRC,KERNFRNT_7_B1,ALL,1,103.99243,3,86
2022-09-02T15:30:00-00:00,2022-09-02T15:45:00-00:00,2022-09-02,09,KERNFRNT_7_B1,KERNFRNT_7_B1,KERNFRNT_7_B1,RTPD,LMP,LMP_PRC,KERNFRNT_7_B1,ALL,1,85.77671,3,86
2022-09-02T16:30:00-00:00,2022-09-02T16:45:00-00:00,2022-09-02,10,KERNFRNT_7_B1,KERNFRNT_7_B1,KERNFRNT_7_B1,RTPD,LMP,LMP_PRC,KERNFRNT_7_B1,ALL,1,90.63465,3,86
2022-09-02T17:30:00-00:00,2022-09-02T17:45:00-00:00,2022-09-02,11,KERNFRNT_7_B1,KERNFRNT_7_B1,KERNFRNT_7_B1,RTPD,LMP,LMP_PRC,KERNFRNT_7_B1,ALL,1,104.12803,3,86
2022-09-02T18:30:00-00:00,2022-09-02T18:45:00-00:00,2022-09-02,12,KERNFRNT_7_B1,KERNFRNT_7_B1,KERNFRNT_7_B1,RTPD,LMP,LMP_PRC,KERNFRNT_7_B1,ALL,1,115.51229,3,86
2022-09-02T19:30:00-00:00,2022-09-02T19:45:00-00:00,2022-09-02,13,KERNFRNT_7_B1,KERNFRNT_7_B1,KERNFRNT_7_B1,RTPD,LMP,LMP_PRC,KERNFRNT_7_B1,ALL,1,117.33649,3,86
2022-09-02T20:30:00-00:00,2022-09-02T20:45:00-00:00,2022-09-02,14,KERNFRNT_7_B1,KERNFRNT_7_B1,KERNFRNT_7_B1,RTPD,LMP,LMP_PRC,KERNFRNT_7_B1,ALL,1,119.9622,3,86
2022-09-02T21:30:00-00:00,2022-09-02T21:45:00-00:00,2022-09-02,15,KERNFRNT_7_B1,KERNFRNT_7_B1,KERNFRNT_7_B1,RTPD,LMP,LMP_PRC,KERNFRNT_7_B1,ALL,1,137.79543,3,86
2022-09-02T22:30:00-00:00,2022-09-02T22:45:00-00:00,2022-09-02,16,KERNFRNT_7_B1,KERNFRNT_7_B1,KERNFRNT_7_B1,RTPD,LMP,LMP_PRC,KERNFRNT_7_B1,ALL,1,180.42268,3,86
2022-09-02T23:30:00-00:00,2022-09-02T23:45:00-00:00,2022-09-02,17,KERNFRNT_7_B1,KERNFRNT_7_B1,KERNFRNT_7_B1,RTPD,LMP,LMP_PRC,KERNFRNT_7_B1,ALL,1,146.9446,3,86
2022-09-03T00:30:00-00:00,2022-09-03T00:45:00-00:00,2022-09-02,18,KERNFRNT_7_B1,KERNFRNT_7_B1,KERNFRNT_7_B1,RTPD,LMP,LMP_PRC,KERNFRNT_7_B1,ALL,1,141.02107,3,86
2022-09-03T01:30:00-00:00,2022-09-03T01:45:00-00:00,2022-09-02,19,KERNFRNT_7_B1,KERNFRNT_7_B1,KERNFRNT_7_B1,RTPD,LMP,LMP_PRC,KERNFRNT_7_B1,ALL,1,242.20596,3,86
2022-09-03T02:30:00-00:00,2022-09-03T02:45:00-00:00,2022-09-02,20,KERNFRNT_7_B1,KERNFRNT_7_B1,KERNFRNT_7_B1,RTPD,LMP,LMP_PRC,KERNFRNT_7_B1,ALL,1,198.04982,3,86
2022-09-03T03:30:00-00:00,2022-09-03T03:45:00-00:00,2022-09-02,21,KERNFRNT_7_B1,KERNFRNT_7_B1,KERNFRNT_7_B1,RTPD,LMP,LMP_PRC,KERNFRNT_7_B1,ALL,1,143.36656,3,86
2022-09-03T04:30:00-00:00,2022-09-03T04:45:00-00:00,2022-09-02,22,KERNFRNT_7_B1,KERNFRNT_7_B1,KERNFRNT_7_B1,RTPD,LMP,LMP_PRC,KERNFRNT_7_B1,ALL,1,149.81541,3,86
2022-09-03T05:30:00-00:00,2022-09-03T05:45:00-00:00,2022-09-02,23,KERNFRNT_7_B1,KERNFRNT_7_B1,KERNFRNT_7_B1,RTPD,LMP,LMP_PRC,KERNFRNT_7_B1,ALL,1,144.32892,3,86
2022-09-03T06:30:00-00:00,2022-09-03T06:45:00-00:00,2022-09-02,24,KERNFRNT_7_B1,KERNFRNT_7_B1,KERNFRNT_7_B1,RTPD,LMP,LMP_PRC,KERNFRNT_7_B1,ALL,1,117.63864,3,86
2022-09-02T07:45:00-00:00,2022-09-02T08:00:00-00:00,2022-09-02,01,KERNFRNT_7_B1,KERNFRNT_7_B1,KERNFRNT_7_B1,RTPD,LMP,LMP_PRC,KERNFRNT_7_B1,ALL,1,114.04775,4,86
2022-09-02T08:45:00-00:00,2022-09-02T09:00:00-00:00,2022-09-02,02,KERNFRNT_7_B1,KERNFRNT_7_B1,KERNFRNT_7_B1,RTPD,LMP,LMP_PRC,KERNFRNT_7_B1,ALL,1,111.96719,4,86
2022-09-02T09:45:00-00:00,2022-09-02T10:00:00-00:00,2022-09-02,03,KERNFRNT_7_B1,KERNFRNT_7_B1,KERNFRNT_7_B1,RTPD,LMP,LMP_PRC,KERNFRNT_7_B1,ALL,1,108.42584,4,86
2022-09-02T10:45:00-00:00,2022-09-02T11:00:00-00:00,2022-09-02,04,KERNFRNT_7_B1,KERNFRNT_7_B1,KERNFRNT_7_B1,RTPD,LMP,LMP_PRC,KERNFRNT_7_B1,ALL,1,105.9959,4,86
2022-09-02T11:45:00-00:00,2022-09-02T12:00:00-00:00,2022-09-02,05,KERNFRNT_7_B1,KERNFRNT_7_B1,KERNFRNT_7_B1,RTPD,LMP,LMP_PRC,KERNFRNT_7_B1,ALL,1,115.45642,4,86
2022-09-02T12:45:00-00:00,2022-09-02T13:00:00-00:00,2022-09-02,06,KERNFRNT_7_B1,KERNFRNT_7_B1,KERNFRNT_7_B1,RTPD,LMP,LMP_PRC,KERNFRNT_7_B1,ALL,1,122.60771,4,86
2022-09-02T13:45:00-00:00,2022-09-02T14:00:00-00:00,2022-09-02,07,KERNFRNT_7_B1,KERNFRNT_7_B1,KERNFRNT_7_B1,RTPD,LMP,LMP_PRC,KERNFRNT_7_B1,ALL,1,111.64115,4,86
2022-09-02T14:45:00-00:00,2022-09-02T15:00:00-00:00,2022-09-02,08,KERNFRNT_7_B1,KERNFRNT_7_B1,KERNFRNT_7_B1,RTPD,LMP,LMP_PRC,KERNFRNT_7_B1,ALL,1,89.56335,4,86
2022-09-02T15:45:00-00:00,2022-09-02T16:00:00-00:00,2022-09-02,09,KERNFRNT_7_B1,KERNFRNT_7_B1,KERNFRNT_7_B1,RTPD,LMP,LMP_PRC,KERNFRNT_7_B1,ALL,1,82.76991,4,86
2022-09-02T16:45:00-00:00,2022-09-02T17:00:00-00:00,2022-09-02,10,KERNFRNT_7_B1,KERNFRNT_7_B1,KERNFRNT_7_B1,RTPD,LMP,LMP_PRC,KERNFRNT_7_B1,ALL,1,94.51346,4,86
2022-09-02T17:45:00-00:00,2022-09-02T18:00:00-00:00,2022-09-02,11,KERNFRNT_7_B1,KERNFRNT_7_B1,KERNFRNT_7_B1,RTPD,LMP,LMP_PRC,KERNFRNT_7_B1,ALL,1,106.64913,4,86
2022-09-02T18:45:00-00:00,2022-09-02T19:00:00-00:00,2022-09-02,12,KERNFRNT_7_B1,KERNFRNT_7_B1,KERNFRNT_7_B1,RTPD,LMP,LMP_PRC,KERNFRNT_7_B1,ALL,1,123.09277,4,86
2022-09-02T19:45:00-00:00,2022-09-02T20:00:00-00:00,2022-09-02,13,KERNFRNT_7_B1,KERNFRNT_7_B1,KERNFRNT_7_B1,RTPD,LMP,LMP_PRC,KERNFRNT_7_B1,ALL,1,132.55186,4,86
2022-09-02T20:45:00-00:00,2022-09-02T21:00:00-00:00,2022-09-02,14,KERNFRNT_7_B1,KERNFRNT_7_B1,KERNFRNT_7_B1,RTPD,LMP,LMP_PRC,KERNFRNT_7_B1,ALL,1,143.9105,4,86
2022-09-02T21:45:00-00:00,2022-09-02T22:00:00-00:00,2022-09-02,15,KERNFRNT_7_B1,KERNFRNT_7_B1,KERNFRNT_7_B1,RTPD,LMP,LMP_PRC,KERNFRNT_7_B1,ALL,1,178.11118,4,86
2022-09-02T22:45:00-00:00,2022-09-02T23:00:00-00:00,2022-09-02,16,KERNFRNT_7_B1,KERNFRNT_7_B1,KERNFRNT_7_B1,RTPD,LMP,LMP_PRC,KERNFRNT_7_B1,ALL,1,245.405,4,86
2022-09-02T23:45:00-00:00,2022-09-03T00:00:00-00:00,2022-09-02,17,KERNFRNT_7_B1,KERNFRNT_7_B1,KERNFRNT_7_B1,RTPD,LMP,LMP_PRC,KERNFRNT_7_B1,ALL,1,297.90912,4,86
2022-09-03T00:45:00-00:00,2022-09-03T01:00:00-00:00,2022-09-02,18,KERNFRNT_7_B1,KERNFRNT_7_B1,KERNFRNT_7_B1,RTPD,LMP,LMP_PRC,KERNFRNT_7_B1,ALL,1,248.56082,4,86
2022-09-03T01:45:00-00:00,2022-09-03T02:00:00-00:00,2022-09-02,19,KERNFRNT_7_B1,KERNFRNT_7_B1,KERNFRNT_7_B1,RTPD,LMP,LMP_PRC,KERNFRNT_7_B1,ALL,1,330.1521,4,86
2022-09-03T02:45:00-00:00,2022-09-03T03:00:00-00:00,2022-09-02,20,KERNFRNT_7_B1,KERNFRNT_7_B1,KERNFRNT_7_B1,RTPD,LMP,LMP_PRC,KERNFRNT_7_B1,ALL,1,180.20888,4,86
2022-09-03T03:45:00-00:00,2022-09-03T04:00:00-00:00,2022-09-02,21,KERNFRNT_7_B1,KERNFRNT_7_B1,KERNFRNT_7_B1,RTPD,LMP,LMP_PRC,KERNFRNT_7_B1,ALL,1,136.48125,4,86
2022-09-03T04:45:00-00:00,2022-09-03T05:00:00-00:00,2022-09-02,22,KERNFRNT_7_B1,KERNFRNT_7_B1,KERNFRNT_7_B1,RTPD,LMP,LMP_PRC,KERNFRNT_7_B1,ALL,1,128.44122,4,86
2022-09-03T05:45:00-00:00,2022-09-03T06:00:00-00:00,2022-09-02,23,KERNFRNT_7_B1,KERNFRNT_7_B1,KERNFRNT_7_B1,RTPD,LMP,LMP_PRC,KERNFRNT_7_B1,ALL,1,127.50093,4,86
2022-09-03T06:45:00-00:00,2022-09-03T07:00:00-00:00,2022-09-02,24,KERNFRNT_7_B1,KERNFRNT_7_B1,KERNFRNT_7_B1,RTPD,LMP,LMP_PRC,KERNFRNT_7_B1,ALL,1,100.70797,4,86
2022-09-02T07:00:00-00:00,2022-09-02T07:15:00-00:00,2022-09-02,01,KERNFRNT_7_B1,KERNFRNT_7_B1,KERNFRNT_7_B1,RTPD,MCC,LMP_CONG_PRC,KERNFRNT_7_B1,ALL,1,12.35698,1,87
2022-09-02T08:00:00-00:00,2022-09-02T08:15:00-00:00,2022-09-02,02,KERNFRNT_7_B1,KERNFRNT_7_B1,KERNFRNT_7_B1,RTPD,MCC,LMP_CONG_PRC,KERNFRNT_7_B1,ALL,1,14.63554,1,87
2022-09-02T09:00:00-00:00,2022-09-02T09:15:00-00:00,2022-09-02,03,KERNFRNT_7_B1,KERNFRNT_7_B1,KERNFRNT_7_B1,RTPD,MCC,LMP_CONG_PRC,KERNFRNT_7_B1,ALL,1,11.53933,1,87
2022-09-02T10:00:00-00:00,2022-09-02T10:15:00-00:00,2022-09-02,04,KERNFRNT_7_B1,KERNFRNT_7_B1,KERNFRNT_7_B1,RTPD,MCC,LMP_CONG_PRC,KERNFRNT_7_B1,ALL,1,10.39389,1,87
2022-09-02T11:00:00-00:00,2022-09-02T11:15:00-00:00,2022-09-02,05,KERNFRNT_7_B1,KERNFRNT_7_B1,KERNFRNT_7_B1,RTPD,MCC,LMP_CONG_PRC,KERNFRNT_7_B1,ALL,1,12.87746,1,87
2022-09-02T12:00:00-00:00,2022-09-02T12:15:00-00:00,2022-09-02,06,KERNFRNT_7_B1,KERNFRNT_7_B1,KERNFRNT_7_B1,RTPD,MCC,LMP_CONG_PRC,KERNFRNT_7_B1,ALL,1,15.43552,1,87
2022-09-02T13:00:00-00:00,2022-09-02T13:15:00-00:00,2022-09-02,07,KERNFRNT_7_B1,KERNFRNT_7_B1,KERNFRNT_7_B1,RTPD,MCC,LMP_CONG_PRC,KERNFRNT_7_B1,ALL,1,12.52762,1,87
2022-09-02T14:00:00-00:00,2022-09-02T14:15:00-00:00,2022-09-02,08,KERNFRNT_7_B1,KERNFRNT_7_B1,KERNFRNT_7_B1,RTPD,MCC,LMP_CONG_PRC,KERNFRNT_7_B1,ALL,1,3.22154,1,87
2022-09-02T15:00:00-00:00,2022-09-02T15:15:00-00:00,2022-09-02,09,KERNFRNT_7_B1,KERNFRNT_7_B1,KERNFRNT_7_B1,RTPD,MCC,LMP_CONG_PRC,KERNFRNT_7_B1,ALL,1,1.96151,1,87
2022-09-02T16:00:00-00:00,2022-09-02T16:15:00-00:00,2022-09-02,10,KERNFRNT_7_B1,KERNFRNT_7_B1,KERNFRNT_7_B1,RTPD,MCC,LMP_CONG_PRC,KERNFRNT_7_B1,ALL,1,1.22847,1,87
2022-09-02T17:00:00-00:00,2022-09-02T17:15:00-00:00,2022-09-02,11,KERNFRNT_7_B1,KERNFRNT_7_B1,KERNFRNT_7_B1,RTPD,MCC,LMP_CONG_PRC,KERNFRNT_7_B1,ALL,1,0,1,87
2022-09-02T18:00:00-00:00,2022-09-02T18:15:00-00:00,2022-09-02,12,KERNFRNT_7_B1,KERNFRNT_7_B1,KERNFRNT_7_B1,RTPD,MCC,LMP_CONG_PRC,KERNFRNT_7_B1,ALL,1,0,1,87
2022-09-02T19:00:00-00:00,2022-09-02T19:15:00-00:00,2022-09-02,13,KERNFRNT_7_B1,KERNFRNT_7_B1,KERNFRNT_7_B1,RTPD,MCC,LMP_CONG_PRC,KERNFRNT_7_B1,ALL,1,0,1,87
2022-09-02T20:00:00-00:00,2022-09-02T20:15:00-00:00,2022-09-02,14,KERNFRNT_7_B1,KERNFRNT_7_B1,KERNFRNT_7_B1,RTPD,MCC,LMP_CONG_PRC,KERNFRNT_7_B1,ALL,1,0,1,87
2022-09-02T21:00:00-00:00,2022-09-02T21:15:00-00:00,2022-09-02,15,KERNFRNT_7_B1,KERNFRNT_7_B1,KERNFRNT_7_B1,RTPD,MCC,LMP_CONG_PRC,KERNFRNT_7_B1,ALL,1,0,1,87
2022-09-02T22:00:00-00:00,2022-09-02T22:15:00-00:00,2022-09-02,16,KERNFRNT_7_B1,KERNFRNT_7_B1,KERNFRNT_7_B1,RTPD,MCC,LMP_CONG_PRC,KERNFRNT_7_B1,ALL,1,0,1,87
2022-09-02T23:00:00-00:00,2022-09-02T23:15:00-00:00,2022-09-02,17,KERNFRNT_7_B1,KERNFRNT_7_B1,KERNFRNT_7_B1,RTPD,MCC,LMP_CONG_PRC,KERNFRNT_7_B1,ALL,1,-8.47529,1,87
2022-09-03T00:00:00-00:00,2022-09-03T00:15:00-00:00,2022-09-02,18,KERNFRNT_7_B1,KERNFRNT_7_B1,KERNFRNT_7_B1,RTPD,MCC,LMP_CONG_PRC,KERNFRNT_7_B1,ALL,1,-116.50596,1,87
2022-09-03T01:00:00-00:00,2022-09-03T01:15:00-00:00,2022-09-02,19,KERNFRNT_7_B1,KERNFRNT_7_B1,KERNFRNT_7_B1,RTPD,MCC,LMP_CONG_PRC,KERNFRNT_7_B1,ALL,1,-20.62936,1,87
2022-09-03T02:00:00-00:00,2022-09-03T02:15:00-00:00,2022-09-02,20,KERNFRNT_7_B1,KERNFRNT_7_B1,KERNFRNT_7_B1,RTPD,MCC,LMP_CONG_PRC,KERNFRNT_7_B1,ALL,1,19.29706,1,87
2022-09-03T03:00:00-00:00,2022-09-03T03:15:00-00:00,2022-09-02,21,KERNFRNT_7_B1,KERNFRNT_7_B1,KERNFRNT_7_B1,RTPD,MCC,LMP_CONG_PRC,KERNFRNT_7_B1,ALL,1,13.94316,1,87
2022-09-03T04:00:00-00:00,2022-09-03T04:15:00-00:00,2022-09-02,22,KERNFRNT_7_B1,KERNFRNT_7_B1,KERNFRNT_7_B1,RTPD,MCC,LMP_CONG_PRC,KERNFRNT_7_B1,ALL,1,15.37045,1,87
2022-09-03T05:00:00-00:00,2022-09-03T05:15:00-00:00,2022-09-02,23,KERNFRNT_7_B1,KERNFRNT_7_B1,KERNFRNT_7_B1,RTPD,MCC,LMP_CONG_PRC,KERNFRNT_7_B1,ALL,1,10.79871,1,87
2022-09-03T06:00:00-00:00,2022-09-03T06:15:00-00:00,2022-09-02,24,KERNFRNT_7_B1,KERNFRNT_7_B1,KERNFRNT_7_B1,RTPD,MCC,LMP_CONG_PRC,KERNFRNT_7_B1,ALL,1,-31.89938,1,87
2022-09-02T07:15:00-00:00,2022-09-02T07:30:00-00:00,2022-09-02,01,KERNFRNT_7_B1,KERNFRNT_7_B1,KERNFRNT_7_B1,RTPD,MCC,LMP_CONG_PRC,KERNFRNT_7_B1,ALL,1,11.7878,2,87
2022-09-02T08:15:00-00:00,2022-09-02T08:30:00-00:00,2022-09-02,02,KERNFRNT_7_B1,KERNFRNT_7_B1,KERNFRNT_7_B1,RTPD,MCC,LMP_CONG_PRC,KERNFRNT_7_B1,ALL,1,17.65345,2,87
2022-09-02T09:15:00-00:00,2022-09-02T09:30:00-00:00,2022-09-02,03,KERNFRNT_7_B1,KERNFRNT_7_B1,KERNFRNT_7_B1,RTPD,MCC,LMP_CONG_PRC,KERNFRNT_7_B1,ALL,1,13.40543,2,87
2022-09-02T10:15:00-00:00,2022-09-02T10:30:00-00:00,2022-09-02,04,KERNFRNT_7_B1,KERNFRNT_7_B1,KERNFRNT_7_B1,RTPD,MCC,LMP_CONG_PRC,KERNFRNT_7_B1,ALL,1,6.78468,2,87
2022-09-02T11:15:00-00:00,2022-09-02T11:30:00-00:00,2022-09-02,05,KERNFRNT_7_B1,KERNFRNT_7_B1,KERNFRNT_7_B1,RTPD,MCC,LMP_CONG_PRC,KERNFRNT_7_B1,ALL,1,15.35041,2,87
2022-09-02T12:15:00-00:00,2022-09-02T12:30:00-00:00,2022-09-02,06,KERNFRNT_7_B1,KERNFRNT_7_B1,KERNFRNT_7_B1,RTPD,MCC,LMP_CONG_PRC,KERNFRNT_7_B1,ALL,1,18.65867,2,87
2022-09-02T13:15:00-00:00,2022-09-02T13:30:00-00:00,2022-09-02,07,KERNFRNT_7_B1,KERNFRNT_7_B1,KERNFRNT_7_B1,RTPD,MCC,LMP_CONG_PRC,KERNFRNT_7_B1,ALL,1,12.5579,2,87
2022-09-02T14:15:00-00:00,2022-09-02T14:30:00-00:00,2022-09-02,08,KERNFRNT_7_B1,KERNFRNT_7_B1,KERNFRNT_7_B1,RTPD,MCC,LMP_CONG_PRC,KERNFRNT_7_B1,ALL,1,4.59951,2,87
2022-09-02T15:15:00-00:00,2022-09-02T15:30:00-00:00,2022-09-02,09,KERNFRNT_7_B1,KERNFRNT_7_B1,KERNFRNT_7_B1,RTPD,MCC,LMP_CONG_PRC,KERNFRNT_7_B1,ALL,1,1.55178,2,87
2022-09-02T16:15:00-00:00,2022-09-02T16:30:00-00:00,2022-09-02,10,KERNFRNT_7_B1,KERNFRNT_7_B1,KERNFRNT_7_B1,RTPD,MCC,LMP_CONG_PRC,KERNFRNT_7_B1,ALL,1,2.10059,2,87
2022-09-02T17:15:00-00:00,2022-09-02T17:30:00-00:00,2022-09-02,11,KERNFRNT_7_B1,KERNFRNT_7_B1,KERNFRNT_7_B1,RTPD,MCC,LMP_CONG_PRC,KERNFRNT_7_B1,ALL,1,0,2,87
2022-09-02T18:15:00-00:00,2022-09-02T18:30:00-00:00,2022-09-02,12,KERNFRNT_7_B1,KERNFRNT_7_B1,KERNFRNT_7_B1,RTPD,MCC,LMP_CONG_PRC,KERNFRNT_7_B1,ALL,1,0,2,87
2022-09-02T19:15:00-00:00,2022-09-02T19:30:00-00:00,2022-09-02,13,KERNFRNT_7_B1,KERNFRNT_7_B1,KERNFRNT_7_B1,RTPD,MCC,LMP_CONG_PRC,KERNFRNT_7_B1,ALL,1,0,2,87
2022-09-02T20:15:00-00:00,2022-09-02T20:30:00-00:00,2022-09-02,14,KERNFRNT_7_B1,KERNFRNT_7_B1,KERNFRNT_7_B1,RTPD,MCC,LMP_CONG_PRC,KERNFRNT_7_B1,ALL,1,-0.00175,2,87
2022-09-02T21:15:00-00:00,2022-09-02T21:30:00-00:00,2022-09-02,15,KERNFRNT_7_B1,KERNFRNT_7_B1,KERNFRNT_7_B1,RTPD,MCC,LMP_CONG_PRC,KERNFRNT_7_B1,ALL,1,0,2,87
2022-09-02T22:15:00-00:00,2022-09-02T22:30:00-00:00,2022-09-02,16,KERNFRNT_7_B1,KERNFRNT_7_B1,KERNFRNT_7_B1,RTPD,MCC,LMP_CONG_PRC,KERNFRNT_7_B1,ALL,1,-0.252,2,87
2022-09-02T23:15:00-00:00,2022-09-02T23:30:00-00:00,2022-09-02,17,KERNFRNT_7_B1,KERNFRNT_7_B1,KERNFRNT_7_B1,RTPD,MCC,LMP_CONG_PRC,KERNFRNT_7_B1,ALL,1,-16.13064,2,87
2022-09-03T00:15:00-00:00,2022-09-03T00:30:00-00:00,2022-09-02,18,KERNFRNT_7_B1,KERNFRNT_7_B1,KERNFRNT_7_B1,RTPD,MCC,LMP_CONG_PRC,KERNFRNT_7_B1,ALL,1,-42.31859,2,87
2022-09-03T01:15:00-00:00,2022-09-03T01:30:00-00:00,2022-09-02,19,KERNFRNT_7_B1,KERNFRNT_7_B1,KERNFRNT_7_B1,RTPD,MCC,LMP_CONG_PRC,KERNFRNT_7_B1,ALL,1,-57.88031,2,87
2022-09-03T02:15:00-00:00,2022-09-03T02:30:00-00:00,2022-09-02,20,KERNFRNT_7_B1,KERNFRNT_7_B1,KERNFRNT_7_B1,RTPD,MCC,LMP_CONG_PRC,KERNFRNT_7_B1,ALL,1,18.25946,2,87
2022-09-03T03:15:00-00:00,2022-09-03T03:30:00-00:00,2022-09-02,21,KERNFRNT_7_B1,KERNFRNT_7_B1,KERNFRNT_7_B1,RTPD,MCC,LMP_CONG_PRC,KERNFRNT_7_B1,ALL,1,14.19225,2,87
2022-09-03T04:15:00-00:00,2022-09-03T04:30:00-00:00,2022-09-02,22,KERNFRNT_7_B1,KERNFRNT_7_B1,KERNFRNT_7_B1,RTPD,MCC,LMP_CONG_PRC,KERNFRNT_7_B1,ALL,1,-2.40473,2,87
2022-09-03T05:15:00-00:00,2022-09-03T05:30:00-00:00,2022-09-02,23,KERNFRNT_7_B1,KERNFRNT_7_B1,KERNFRNT_7_B1,RTPD,MCC,LMP_CONG_PRC,KERNFRNT_7_B1,ALL,1,9.58549,2,87
2022-09-03T06:15:00-00:00,2022-09-03T06:30:00-00:00,2022-09-02,24,KERNFRNT_7_B1,KERNFRNT_7_B1,KERNFRNT_7_B1,RTPD,MCC,LMP_CONG_PRC,KERNFRNT_7_B1,ALL,1,-2.41735,2,87
2022-09-02T07:30:00-00:00,2022-09-02T07:45:00-00:00,2022-09-02,01,KERNFRNT_7_B1,KERNFRNT_7_B1,KERNFRNT_7_B1,RTPD,MCC,LMP_CONG_PRC,KERNFRNT_7_B1,ALL,1,13.6077,3,87
2022-09-02T08:30:00-00:00,2022-09-02T08:45:00-00:00,2022-09-02,02,KERNFRNT_7_B1,KERNFRNT_7_B1,KERNFRNT_7_B1,RTPD,MCC,LMP_CONG_PRC,KERNFRNT_7_B1,ALL,1,12.94409,3,87
2022-09-02T09:30:00-00:00,2022-09-02T09:45:00-00:00,2022-09-02,03,KERNFRNT_7_B1,KERNFRNT_7_B1,KERNFRNT_7_B1,RTPD,MCC,LMP_CONG_PRC,KERNFRNT_7_B1,ALL,1,8.21182,3,87
2022-09-02T10:30:00-00:00,2022-09-02T10:45:00-00:00,2022-09-02,04,KERNFRNT_7_B1,KERNFRNT_7_B1,KERNFRNT_7_B1,RTPD,MCC,LMP_CONG_PRC,KERNFRNT_7_B1,ALL,1,8.01848,3,87
2022-09-02T11:30:00-00:00,2022-09-02T11:45:00-00:00,2022-09-02,05,KERNFRNT_7_B1,KERNFRNT_7_B1,KERNFRNT_7_B1,RTPD,MCC,LMP_CONG_PRC,KERNFRNT_7_B1,ALL,1,10.88409,3,87
2022-09-02T12:30:00-00:00,2022-09-02T12:45:00-00:00,2022-09-02,06,KERNFRNT_7_B1,KERNFRNT_7_B1,KERNFRNT_7_B1,RTPD,MCC,LMP_CONG_PRC,KERNFRNT_7_B1,ALL,1,13.13204,3,87
2022-09-02T13:30:00-00:00,2022-09-02T13:45:00-00:00,2022-09-02,07,KERNFRNT_7_B1,KERNFRNT_7_B1,KERNFRNT_7_B1,RTPD,MCC,LMP_CONG_PRC,KERNFRNT_7_B1,ALL,1,6.30824,3,87
2022-09-02T14:30:00-00:00,2022-09-02T14:45:00-00:00,2022-09-02,08,KERNFRNT_7_B1,KERNFRNT_7_B1,KERNFRNT_7_B1,RTPD,MCC,LMP_CONG_PRC,KERNFRNT_7_B1,ALL,1,3.94669,3,87
2022-09-02T15:30:00-00:00,2022-09-02T15:45:00-00:00,2022-09-02,09,KERNFRNT_7_B1,KERNFRNT_7_B1,KERNFRNT_7_B1,RTPD,MCC,LMP_CONG_PRC,KERNFRNT_7_B1,ALL,1,4.41671,3,87
2022-09-02T16:30:00-00:00,2022-09-02T16:45:00-00:00,2022-09-02,10,KERNFRNT_7_B1,KERNFRNT_7_B1,KERNFRNT_7_B1,RTPD,MCC,LMP_CONG_PRC,KERNFRNT_7_B1,ALL,1,0,3,87
2022-09-02T17:30:00-00:00,2022-09-02T17:45:00-00:00,2022-09-02,11,KERNFRNT_7_B1,KERNFRNT_7_B1,KERNFRNT_7_B1,RTPD,MCC,LMP_CONG_PRC,KERNFRNT_7_B1,ALL,1,0,3,87
2022-09-02T18:30:00-00:00,2022-09-02T18:45:00-00:00,2022-09-02,12,KERNFRNT_7_B1,KERNFRNT_7_B1,KERNFRNT_7_B1,RTPD,MCC,LMP_CONG_PRC,KERNFRNT_7_B1,ALL,1,0,3,87
2022-09-02T19:30:00-00:00,2022-09-02T19:45:00-00:00,2022-09-02,13,KERNFRNT_7_B1,KERNFRNT_7_B1,KERNFRNT_7_B1,RTPD,MCC,LMP_CONG_PRC,KERNFRNT_7_B1,ALL,1,0,3,87
2022-09-02T20:30:00-00:00,2022-09-02T20:45:00-00:00,2022-09-02,14,KERNFRNT_7_B1,KERNFRNT_7_B1,KERNFRNT_7_B1,RTPD,MCC,LMP_CONG_PRC,KERNFRNT_7_B1,ALL,1,0,3,87
2022-09-02T21:30:00-00:00,2022-09-02T21:45:00-00:00,2022-09-02,15,KERNFRNT_7_B1,KERNFRNT_7_B1,KERNFRNT_7_B1,RTPD,MCC,LMP_CONG_PRC,KERNFRNT_7_B1,ALL,1,0,3,87
2022-09-02T22:30:00-00:00,2022-09-02T22:45:00-00:00,2022-09-02,16,KERNFRNT_7_B1,KERNFRNT_7_B1,KERNFRNT_7_B1,RTPD,MCC,LMP_CONG_PRC,KERNFRNT_7_B1,ALL,1,0,3,87
2022-09-02T23:30:00-00:00,2022-09-02T23:45:00-00:00,2022-09-02,17,KERNFRNT_7_B1,KERNFRNT_7_B1,KERNFRNT_7_B1,RTPD,MCC,LMP_CONG_PRC,KERNFRNT_7_B1,ALL,1,-8.09327,3,87
2022-09-03T00:30:00-00:00,2022-09-03T00:45:00-00:00,2022-09-02,18,KERNFRNT_7_B1,KERNFRNT_7_B1,KERNFRNT_7_B1,RTPD,MCC,LMP_CONG_PRC,KERNFRNT_7_B1,ALL,1,-93.40785,3,87
2022-09-03T01:30:00-00:00,2022-09-03T01:45:00-00:00,2022-09-02,19,KERNFRNT_7_B1,KERNFRNT_7_B1,KERNFRNT_7_B1,RTPD,MCC,LMP_CONG_PRC,KERNFRNT_7_B1,ALL,1,-8.20658,3,87
2022-09-03T02:30:00-00:00,2022-09-03T02:45:00-00:00,2022-09-02,20,KERNFRNT_7_B1,KERNFRNT_7_B1,KERNFRNT_7_B1,RTPD,MCC,LMP_CONG_PRC,KERNFRNT_7_B1,ALL,1,17.21222,3,87
2022-09-03T03:30:00-00:00,2022-09-03T03:45:00-00:00,2022-09-02,21,KERNFRNT_7_B1,KERNFRNT_7_B1,KERNFRNT_7_B1,RTPD,MCC,LMP_CONG_PRC,KERNFRNT_7_B1,ALL,1,13.79824,3,87
2022-09-03T04:30:00-00:00,2022-09-03T04:45:00-00:00,2022-09-02,22,KERNFRNT_7_B1,KERNFRNT_7_B1,KERNFRNT_7_B1,RTPD,MCC,LMP_CONG_PRC,KERNFRNT_7_B1,ALL,1,16.5562,3,87
2022-09-03T05:30:00-00:00,2022-09-03T05:45:00-00:00,2022-09-02,23,KERNFRNT_7_B1,KERNFRNT_7_B1,KERNFRNT_7_B1,RTPD,MCC,LMP_CONG_PRC,KERNFRNT_7_B1,ALL,1,12.04368,3,87
2022-09-03T06:30:00-00:00,2022-09-03T06:45:00-00:00,2022-09-02,24,KERNFRNT_7_B1,KERNFRNT_7_B1,KERNFRNT_7_B1,RTPD,MCC,LMP_CONG_PRC,KERNFRNT_7_B1,ALL,1,1.6259,3,87
2022-09-02T07:45:00-00:00,2022-09-02T08:00:00-00:00,2022-09-02,01,KERNFRNT_7_B1,KERNFRNT_7_B1,KERNFRNT_7_B1,RTPD,MCC,LMP_CONG_PRC,KERNFRNT_7_B1,ALL,1,9.9538,4,87
2022-09-02T08:45:00-00:00,2022-09-02T09:00:00-00:00,2022-09-02,02,KERNFRNT_7_B1,KERNFRNT_7_B1,KERNFRNT_7_B1,RTPD,MCC,LMP_CONG_PRC,KERNFRNT_7_B1,ALL,1,10.13099,4,87
2022-09-02T09:45:00-00:00,2022-09-02T10:00:00-00:00,2022-09-02,03,KERNFRNT_7_B1,KERNFRNT_7_B1,KERNFRNT_7_B1,RTPD,MCC,LMP_CONG_PRC,KERNFRNT_7_B1,ALL,1,7.54531,4,87
2022-09-02T10:45:00-00:00,2022-09-02T11:00:00-00:00,2022-09-02,04,KERNFRNT_7_B1,KERNFRNT_7_B1,KERNFRNT_7_B1,RTPD,MCC,LMP_CONG_PRC,KERNFRNT_7_B1,ALL,1,4.68188,4,87
2022-09-02T11:45:00-00:00,2022-09-02T12:00:00-00:00,2022-09-02,05,KERNFRNT_7_B1,KERNFRNT_7_B1,KERNFRNT_7_B1,RTPD,MCC,LMP_CONG_PRC,KERNFRNT_7_B1,ALL,1,14.80589,4,87
2022-09-02T12:45:00-00:00,2022-09-02T13:00:00-00:00,2022-09-02,06,KERNFRNT_7_B1,KERNFRNT_7_B1,KERNFRNT_7_B1,RTPD,MCC,LMP_CONG_PRC,KERNFRNT_7_B1,ALL,1,14.52015,4,87
2022-09-02T13:45:00-00:00,2022-09-02T14:00:00-00:00,2022-09-02,07,KERNFRNT_7_B1,KERNFRNT_7_B1,KERNFRNT_7_B1,RTPD,MCC,LMP_CONG_PRC,KERNFRNT_7_B1,ALL,1,6.55298,4,87
2022-09-02T14:45:00-00:00,2022-09-02T15:00:00-00:00,2022-09-02,08,KERNFRNT_7_B1,KERNFRNT_7_B1,KERNFRNT_7_B1,RTPD,MCC,LMP_CONG_PRC,KERNFRNT_7_B1,ALL,1,4.75234,4,87
2022-09-02T15:45:00-00:00,2022-09-02T16:00:00-00:00,2022-09-02,09,KERNFRNT_7_B1,KERNFRNT_7_B1,KERNFRNT_7_B1,RTPD,MCC,LMP_CONG_PRC,KERNFRNT_7_B1,ALL,1,0,4,87
2022-09-02T16:45:00-00:00,2022-09-02T17:00:00-00:00,2022-09-02,10,KERNFRNT_7_B1,KERNFRNT_7_B1,KERNFRNT_7_B1,RTPD,MCC,LMP_CONG_PRC,KERNFRNT_7_B1,ALL,1,0,4,87
2022-09-02T17:45:00-00:00,2022-09-02T18:00:00-00:00,2022-09-02,11,KERNFRNT_7_B1,KERNFRNT_7_B1,KERNFRNT_7_B1,RTPD,MCC,LMP_CONG_PRC,KERNFRNT_7_B1,ALL,1,0,4,87
2022-09-02T18:45:00-00:00,2022-09-02T19:00:00-00:00,2022-09-02,12,KERNFRNT_7_B1,KERNFRNT_7_B1,KERNFRNT_7_B1,RTPD,MCC,LMP_CONG_PRC,KERNFRNT_7_B1,ALL,1,0,4,87
2022-09-02T19:45:00-00:00,2022-09-02T20:00:00-00:00,2022-09-02,13,KERNFRNT_7_B1,KERNFRNT_7_B1,KERNFRNT_7_B1,RTPD,MCC,LMP_CONG_PRC,KERNFRNT_7_B1,ALL,1,0,4,87
2022-09-02T20:45:00-00:00,2022-09-02T21:00:00-00:00,2022-09-02,14,KERNFRNT_7_B1,KERNFRNT_7_B1,KERNFRNT_7_B1,RTPD,MCC,LMP_CONG_PRC,KERNFRNT_7_B1,ALL,1,0,4,87
2022-09-02T21:45:00-00:00,2022-09-02T22:00:00-00:00,2022-09-02,15,KERNFRNT_7_B1,KERNFRNT_7_B1,KERNFRNT_7_B1,RTPD,MCC,LMP_CONG_PRC,KERNFRNT_7_B1,ALL,1,0,4,87
2022-09-02T22:45:00-00:00,2022-09-02T23:00:00-00:00,2022-09-02,16,KERNFRNT_7_B1,KERNFRNT_7_B1,KERNFRNT_7_B1,RTPD,MCC,LMP_CONG_PRC,KERNFRNT_7_B1,ALL,1,-23.90334,4,87
2022-09-02T23:45:00-00:00,2022-09-03T00:00:00-00:00,2022-09-02,17,KERNFRNT_7_B1,KERNFRNT_7_B1,KERNFRNT_7_B1,RTPD,MCC,LMP_CONG_PRC,KERNFRNT_7_B1,ALL,1,10.79782,4,87
2022-09-03T00:45:00-00:00,2022-09-03T01:00:00-00:00,2022-09-02,18,KERNFRNT_7_B1,KERNFRNT_7_B1,KERNFRNT_7_B1,RTPD,MCC,LMP_CONG_PRC,KERNFRNT_7_B1,ALL,1,6.39448,4,87
2022-09-03T01:45:00-00:00,2022-09-03T02:00:00-00:00,2022-09-02,19,KERNFRNT_7_B1,KERNFRNT_7_B1,KERNFRNT_7_B1,RTPD,MCC,LMP_CONG_PRC,KERNFRNT_7_B1,ALL,1,25.59616,4,87
2022-09-03T02:45:00-00:00,2022-09-03T03:00:00-00:00,2022-09-02,20,KERNFRNT_7_B1,KERNFRNT_7_B1,KERNFRNT_7_B1,RTPD,MCC,LMP_CONG_PRC,KERNFRNT_7_B1,ALL,1,25.31544,4,87
2022-09-03T03:45:00-00:00,2022-09-03T04:00:00-00:00,2022-09-02,21,KERNFRNT_7_B1,KERNFRNT_7_B1,KERNFRNT_7_B1,RTPD,MCC,LMP_CONG_PRC,KERNFRNT_7_B1,ALL,1,14.96473,4,87
2022-09-03T04:45:00-00:00,2022-09-03T05:00:00-00:00,2022-09-02,22,KERNFRNT_7_B1,KERNFRNT_7_B1,KERNFRNT_7_B1,RTPD,MCC,LMP_CONG_PRC,KERNFRNT_7_B1,ALL,1,15.75751,4,87
2022-09-03T05:45:00-00:00,2022-09-03T06:00:00-00:00,2022-09-02,23,KERNFRNT_7_B1,KERNFRNT_7_B1,KERNFRNT_7_B1,RTPD,MCC,LMP_CONG_PRC,KERNFRNT_7_B1,ALL,1,20.26617,4,87
2022-09-03T06:45:00-00:00,2022-09-03T07:00:00-00:00,2022-09-02,24,KERNFRNT_7_B1,KERNFRNT_7_B1,KERNFRNT_7_B1,RTPD,MCC,LMP_CONG_PRC,KERNFRNT_7_B1,ALL,1,0.60772,4,87
2022-09-02T07:00:00-00:00,2022-09-02T07:15:00-00:00,2022-09-02,01,KERNFRNT_7_B1,KERNFRNT_7_B1,KERNFRNT_7_B1,RTPD,MCE,LMP_ENE_PRC,KERNFRNT_7_B1,ALL,1,128.45242,1,88
2022-09-02T08:00:00-00:00,2022-09-02T08:15:00-00:00,2022-09-02,02,KERNFRNT_7_B1,KERNFRNT_7_B1,KERNFRNT_7_B1,RTPD,MCE,LMP_ENE_PRC,KERNFRNT_7_B1,ALL,1,119.60895,1,88
2022-09-02T09:00:00-00:00,2022-09-02T09:15:00-00:00,2022-09-02,03,KERNFRNT_7_B1,KERNFRNT_7_B1,KERNFRNT_7_B1,RTPD,MCE,LMP_ENE_PRC,KERNFRNT_7_B1,ALL,1,114.19063,1,88
2022-09-02T10:00:00-00:00,2022-09-02T10:15:00-00:00,2022-09-02,04,KERNFRNT_7_B1,KERNFRNT_7_B1,KERNFRNT_7_B1,RTPD,MCE,LMP_ENE_PRC,KERNFRNT_7_B1,ALL,1,103.99956,1,88
2022-09-02T11:00:00-00:00,2022-09-02T11:15:00-00:00,2022-09-02,05,KERNFRNT_7_B1,KERNFRNT_7_B1,KERNFRNT_7_B1,RTPD,MCE,LMP_ENE_PRC,KERNFRNT_7_B1,ALL,1,99.79609,1,88
2022-09-02T12:00:00-00:00,2022-09-02T12:15:00-00:00,2022-09-02,06,KERNFRNT_7_B1,KERNFRNT_7_B1,KERNFRNT_7_B1,RTPD,MCE,LMP_ENE_PRC,KERNFRNT_7_B1,ALL,1,103.63711,1,88
2022-09-02T13:00:00-00:00,2022-09-02T13:15:00-00:00,2022-09-02,07,KERNFRNT_7_B1,KERNFRNT_7_B1,KERNFRNT_7_B1,RTPD,MCE,LMP_ENE_PRC,KERNFRNT_7_B1,ALL,1,105.96778,1,88
2022-09-02T14:00:00-00:00,2022-09-02T14:15:00-00:00,2022-09-02,08,KERNFRNT_7_B1,KERNFRNT_7_B1,KERNFRNT_7_B1,RTPD,MCE,LMP_ENE_PRC,KERNFRNT_7_B1,ALL,1,113.93965,1,88
2022-09-02T15:00:00-00:00,2022-09-02T15:15:00-00:00,2022-09-02,09,KERNFRNT_7_B1,KERNFRNT_7_B1,KERNFRNT_7_B1,RTPD,MCE,LMP_ENE_PRC,KERNFRNT_7_B1,ALL,1,87.89648,1,88
2022-09-02T16:00:00-00:00,2022-09-02T16:15:00-00:00,2022-09-02,10,KERNFRNT_7_B1,KERNFRNT_7_B1,KERNFRNT_7_B1,RTPD,MCE,LMP_ENE_PRC,KERNFRNT_7_B1,ALL,1,86.73757,1,88
2022-09-02T17:00:00-00:00,2022-09-02T17:15:00-00:00,2022-09-02,11,KERNFRNT_7_B1,KERNFRNT_7_B1,KERNFRNT_7_B1,RTPD,MCE,LMP_ENE_PRC,KERNFRNT_7_B1,ALL,1,93.53587,1,88
2022-09-02T18:00:00-00:00,2022-09-02T18:15:00-00:00,2022-09-02,12,KERNFRNT_7_B1,KERNFRNT_7_B1,KERNFRNT_7_B1,RTPD,MCE,LMP_ENE_PRC,KERNFRNT_7_B1,ALL,1,104.54111,1,88
2022-09-02T19:00:00-00:00,2022-09-02T19:15:00-00:00,2022-09-02,13,KERNFRNT_7_B1,KERNFRNT_7_B1,KERNFRNT_7_B1,RTPD,MCE,LMP_ENE_PRC,KERNFRNT_7_B1,ALL,1,107.01684,1,88
2022-09-02T20:00:00-00:00,2022-09-02T20:15:00-00:00,2022-09-02,14,KERNFRNT_7_B1,KERNFRNT_7_B1,KERNFRNT_7_B1,RTPD,MCE,LMP_ENE_PRC,KERNFRNT_7_B1,ALL,1,113.37494,1,88
2022-09-02T21:00:00-00:00,2022-09-02T21:15:00-00:00,2022-09-02,15,KERNFRNT_7_B1,KERNFRNT_7_B1,KERNFRNT_7_B1,RTPD,MCE,LMP_ENE_PRC,KERNFRNT_7_B1,ALL,1,125.15005,1,88
2022-09-02T22:00:00-00:00,2022-09-02T22:15:00-00:00,2022-09-02,16,KERNFRNT_7_B1,KERNFRNT_7_B1,KERNFRNT_7_B1,RTPD,MCE,LMP_ENE_PRC,KERNFRNT_7_B1,ALL,1,146.08907,1,88
2022-09-02T23:00:00-00:00,2022-09-02T23:15:00-00:00,2022-09-02,17,KERNFRNT_7_B1,KERNFRNT_7_B1,KERNFRNT_7_B1,RTPD,MCE,LMP_ENE_PRC,KERNFRNT_7_B1,ALL,1,138.68256,1,88
2022-09-03T00:00:00-00:00,2022-09-03T00:15:00-00:00,2022-09-02,18,KERNFRNT_7_B1,KERNFRNT_7_B1,KERNFRNT_7_B1,RTPD,MCE,LMP_ENE_PRC,KERNFRNT_7_B1,ALL,1,229.3306,1,88
2022-09-03T01:00:00-00:00,2022-09-03T01:15:00-00:00,2022-09-02,19,KERNFRNT_7_B1,KERNFRNT_7_B1,KERNFRNT_7_B1,RTPD,MCE,LMP_ENE_PRC,KERNFRNT_7_B1,ALL,1,152.69885,1,88
2022-09-03T02:00:00-00:00,2022-09-03T02:15:00-00:00,2022-09-02,20,KERNFRNT_7_B1,KERNFRNT_7_B1,KERNFRNT_7_B1,RTPD,MCE,LMP_ENE_PRC,KERNFRNT_7_B1,ALL,1,204.37767,1,88
2022-09-03T03:00:00-00:00,2022-09-03T03:15:00-00:00,2022-09-02,21,KERNFRNT_7_B1,KERNFRNT_7_B1,KERNFRNT_7_B1,RTPD,MCE,LMP_ENE_PRC,KERNFRNT_7_B1,ALL,1,136.90031,1,88
2022-09-03T04:00:00-00:00,2022-09-03T04:15:00-00:00,2022-09-02,22,KERNFRNT_7_B1,KERNFRNT_7_B1,KERNFRNT_7_B1,RTPD,MCE,LMP_ENE_PRC,KERNFRNT_7_B1,ALL,1,155.88805,1,88
2022-09-03T05:00:00-00:00,2022-09-03T05:15:00-00:00,2022-09-02,23,KERNFRNT_7_B1,KERNFRNT_7_B1,KERNFRNT_7_B1,RTPD,MCE,LMP_ENE_PRC,KERNFRNT_7_B1,ALL,1,142.06982,1,88
2022-09-03T06:00:00-00:00,2022-09-03T06:15:00-00:00,2022-09-02,24,KERNFRNT_7_B1,KERNFRNT_7_B1,KERNFRNT_7_B1,RTPD,MCE,LMP_ENE_PRC,KERNFRNT_7_B1,ALL,1,141.54752,1,88
2022-09-02T07:15:00-00:00,2022-09-02T07:30:00-00:00,2022-09-02,01,KERNFRNT_7_B1,KERNFRNT_7_B1,KERNFRNT_7_B1,RTPD,MCE,LMP_ENE_PRC,KERNFRNT_7_B1,ALL,1,120.94146,2,88
2022-09-02T08:15:00-00:00,2022-09-02T08:30:00-00:00,2022-09-02,02,KERNFRNT_7_B1,KERNFRNT_7_B1,KERNFRNT_7_B1,RTPD,MCE,LMP_ENE_PRC,KERNFRNT_7_B1,ALL,1,113.81733,2,88
2022-09-02T09:15:00-00:00,2022-09-02T09:30:00-00:00,2022-09-02,03,KERNFRNT_7_B1,KERNFRNT_7_B1,KERNFRNT_7_B1,RTPD,MCE,LMP_ENE_PRC,KERNFRNT_7_B1,ALL,1,110.97779,2,88
2022-09-02T10:15:00-00:00,2022-09-02T10:30:00-00:00,2022-09-02,04,KERNFRNT_7_B1,KERNFRNT_7_B1,KERNFRNT_7_B1,RTPD,MCE,LMP_ENE_PRC,KERNFRNT_7_B1,ALL,1,103.79594,2,88
2022-09-02T11:15:00-00:00,2022-09-02T11:30:00-00:00,2022-09-02,05,KERNFRNT_7_B1,KERNFRNT_7_B1,KERNFRNT_7_B1,RTPD,MCE,LMP_ENE_PRC,KERNFRNT_7_B1,ALL,1,97.78757,2,88
2022-09-02T12:15:00-00:00,2022-09-02T12:30:00-00:00,2022-09-02,06,KERNFRNT_7_B1,KERNFRNT_7_B1,KERNFRNT_7_B1,RTPD,MCE,LMP_ENE_PRC,KERNFRNT_7_B1,ALL,1,103.09286,2,88
2022-09-02T13:15:00-00:00,2022-09-02T13:30:00-00:00,2022-09-02,07,KERNFRNT_7_B1,KERNFRNT_7_B1,KERNFRNT_7_B1,RTPD,MCE,LMP_ENE_PRC,KERNFRNT_7_B1,ALL,1,107.56083,2,88
2022-09-02T14:15:00-00:00,2022-09-02T14:30:00-00:00,2022-09-02,08,KERNFRNT_7_B1,KERNFRNT_7_B1,KERNFRNT_7_B1,RTPD,MCE,LMP_ENE_PRC,KERNFRNT_7_B1,ALL,1,106.05854,2,88
2022-09-02T15:15:00-00:00,2022-09-02T15:30:00-00:00,2022-09-02,09,KERNFRNT_7_B1,KERNFRNT_7_B1,KERNFRNT_7_B1,RTPD,MCE,LMP_ENE_PRC,KERNFRNT_7_B1,ALL,1,82.25366,2,88
2022-09-02T16:15:00-00:00,2022-09-02T16:30:00-00:00,2022-09-02,10,KERNFRNT_7_B1,KERNFRNT_7_B1,KERNFRNT_7_B1,RTPD,MCE,LMP_ENE_PRC,KERNFRNT_7_B1,ALL,1,90.79105,2,88
2022-09-02T17:15:00-00:00,2022-09-02T17:30:00-00:00,2022-09-02,11,KERNFRNT_7_B1,KERNFRNT_7_B1,KERNFRNT_7_B1,RTPD,MCE,LMP_ENE_PRC,KERNFRNT_7_B1,ALL,1,102.26623,2,88
2022-09-02T18:15:00-00:00,2022-09-02T18:30:00-00:00,2022-09-02,12,KERNFRNT_7_B1,KERNFRNT_7_B1,KERNFRNT_7_B1,RTPD,MCE,LMP_ENE_PRC,KERNFRNT_7_B1,ALL,1,109.04294,2,88
2022-09-02T19:15:00-00:00,2022-09-02T19:30:00-00:00,2022-09-02,13,KERNFRNT_7_B1,KERNFRNT_7_B1,KERNFRNT_7_B1,RTPD,MCE,LMP_ENE_PRC,KERNFRNT_7_B1,ALL,1,112.13756,2,88
2022-09-02T20:15:00-00:00,2022-09-02T20:30:00-00:00,2022-09-02,14,KERNFRNT_7_B1,KERNFRNT_7_B1,KERNFRNT_7_B1,RTPD,MCE,LMP_ENE_PRC,KERNFRNT_7_B1,ALL,1,116.37216,2,88
2022-09-02T21:15:00-00:00,2022-09-02T21:30:00-00:00,2022-09-02,15,KERNFRNT_7_B1,KERNFRNT_7_B1,KERNFRNT_7_B1,RTPD,MCE,LMP_ENE_PRC,KERNFRNT_7_B1,ALL,1,126.49216,2,88
2022-09-02T22:15:00-00:00,2022-09-02T22:30:00-00:00,2022-09-02,16,KERNFRNT_7_B1,KERNFRNT_7_B1,KERNFRNT_7_B1,RTPD,MCE,LMP_ENE_PRC,KERNFRNT_7_B1,ALL,1,159.30594,2,88
2022-09-02T23:15:00-00:00,2022-09-02T23:30:00-00:00,2022-09-02,17,KERNFRNT_7_B1,KERNFRNT_7_B1,KERNFRNT_7_B1,RTPD,MCE,LMP_ENE_PRC,KERNFRNT_7_B1,ALL,1,147.82425,2,88
2022-09-03T00:15:00-00:00,2022-09-03T00:30:00-00:00,2022-09-02,18,KERNFRNT_7_B1,KERNFRNT_7_B1,KERNFRNT_7_B1,RTPD,MCE,LMP_ENE_PRC,KERNFRNT_7_B1,ALL,1,158.74521,2,88
2022-09-03T01:15:00-00:00,2022-09-03T01:30:00-00:00,2022-09-02,19,KERNFRNT_7_B1,KERNFRNT_7_B1,KERNFRNT_7_B1,RTPD,MCE,LMP_ENE_PRC,KERNFRNT_7_B1,ALL,1,217.12807,2,88
2022-09-03T02:15:00-00:00,2022-09-03T02:30:00-00:00,2022-09-02,20,KERNFRNT_7_B1,KERNFRNT_7_B1,KERNFRNT_7_B1,RTPD,MCE,LMP_ENE_PRC,KERNFRNT_7_B1,ALL,1,199.75978,2,88
2022-09-03T03:15:00-00:00,2022-09-03T03:30:00-00:00,2022-09-02,21,KERNFRNT_7_B1,KERNFRNT_7_B1,KERNFRNT_7_B1,RTPD,MCE,LMP_ENE_PRC,KERNFRNT_7_B1,ALL,1,135.58563,2,88
2022-09-03T04:15:00-00:00,2022-09-03T04:30:00-00:00,2022-09-02,22,KERNFRNT_7_B1,KERNFRNT_7_B1,KERNFRNT_7_B1,RTPD,MCE,LMP_ENE_PRC,KERNFRNT_7_B1,ALL,1,141.76537,2,88
2022-09-03T05:15:00-00:00,2022-09-03T05:30:00-00:00,2022-09-02,23,KERNFRNT_7_B1,KERNFRNT_7_B1,KERNFRNT_7_B1,RTPD,MCE,LMP_ENE_PRC,KERNFRNT_7_B1,ALL,1,133.20816,2,88
2022-09-03T06:15:00-00:00,2022-09-03T06:30:00-00:00,2022-09-02,24,KERNFRNT_7_B1,KERNFRNT_7_B1,KERNFRNT_7_B1,RTPD,MCE,LMP_ENE_PRC,KERNFRNT_7_B1,ALL,1,117.98942,2,88
2022-09-02T07:30:00-00:00,2022-09-02T07:45:00-00:00,2022-09-02,01,KERNFRNT_7_B1,KERNFRNT_7_B1,KERNFRNT_7_B1,RTPD,MCE,LMP_ENE_PRC,KERNFRNT_7_B1,ALL,1,122.04731,3,88
2022-09-02T08:30:00-00:00,2022-09-02T08:45:00-00:00,2022-09-02,02,KERNFRNT_7_B1,KERNFRNT_7_B1,KERNFRNT_7_B1,RTPD,MCE,LMP_ENE_PRC,KERNFRNT_7_B1,ALL,1,110.76908,3,88
2022-09-02T09:30:00-00:00,2022-09-02T09:45:00-00:00,2022-09-02,03,KERNFRNT_7_B1,KERNFRNT_7_B1,KERNFRNT_7_B1,RTPD,MCE,LMP_ENE_PRC,KERNFRNT_7_B1,ALL,1,104.32659,3,88
2022-09-02T10:30:00-00:00,2022-09-02T10:45:00-00:00,2022-09-02,04,KERNFRNT_7_B1,KERNFRNT_7_B1,KERNFRNT_7_B1,RTPD,MCE,LMP_ENE_PRC,KERNFRNT_7_B1,ALL,1,100.57354,3,88
2022-09-02T11:30:00-00:00,2022-09-02T11:45:00-00:00,2022-09-02,05,KERNFRNT_7_B1,KERNFRNT_7_B1,KERNFRNT_7_B1,RTPD,MCE,LMP_ENE_PRC,KERNFRNT_7_B1,ALL,1,99.75045,3,88
2022-09-02T12:30:00-00:00,2022-09-02T12:45:00-00:00,2022-09-02,06,KERNFRNT_7_B1,KERNFRNT_7_B1,KERNFRNT_7_B1,RTPD,MCE,LMP_ENE_PRC,KERNFRNT_7_B1,ALL,1,109.42995,3,88
2022-09-02T13:30:00-00:00,2022-09-02T13:45:00-00:00,2022-09-02,07,KERNFRNT_7_B1,KERNFRNT_7_B1,KERNFRNT_7_B1,RTPD,MCE,LMP_ENE_PRC,KERNFRNT_7_B1,ALL,1,111.49249,3,88
2022-09-02T14:30:00-00:00,2022-09-02T14:45:00-00:00,2022-09-02,08,KERNFRNT_7_B1,KERNFRNT_7_B1,KERNFRNT_7_B1,RTPD,MCE,LMP_ENE_PRC,KERNFRNT_7_B1,ALL,1,96.69992,3,88
2022-09-02T15:30:00-00:00,2022-09-02T15:45:00-00:00,2022-09-02,09,KERNFRNT_7_B1,KERNFRNT_7_B1,KERNFRNT_7_B1,RTPD,MCE,LMP_ENE_PRC,KERNFRNT_7_B1,ALL,1,81.36,3,88
2022-09-02T16:30:00-00:00,2022-09-02T16:45:00-00:00,2022-09-02,10,KERNFRNT_7_B1,KERNFRNT_7_B1,KERNFRNT_7_B1,RTPD,MCE,LMP_ENE_PRC,KERNFRNT_7_B1,ALL,1,89.6042,3,88
2022-09-02T17:30:00-00:00,2022-09-02T17:45:00-00:00,2022-09-02,11,KERNFRNT_7_B1,KERNFRNT_7_B1,KERNFRNT_7_B1,RTPD,MCE,LMP_ENE_PRC,KERNFRNT_7_B1,ALL,1,103.81658,3,88
2022-09-02T18:30:00-00:00,2022-09-02T18:45:00-00:00,2022-09-02,12,KERNFRNT_7_B1,KERNFRNT_7_B1,KERNFRNT_7_B1,RTPD,MCE,LMP_ENE_PRC,KERNFRNT_7_B1,ALL,1,115.4661,3,88
2022-09-02T19:30:00-00:00,2022-09-02T19:45:00-00:00,2022-09-02,13,KERNFRNT_7_B1,KERNFRNT_7_B1,KERNFRNT_7_B1,RTPD,MCE,LMP_ENE_PRC,KERNFRNT_7_B1,ALL,1,119.56031,3,88
2022-09-02T20:30:00-00:00,2022-09-02T20:45:00-00:00,2022-09-02,14,KERNFRNT_7_B1,KERNFRNT_7_B1,KERNFRNT_7_B1,RTPD,MCE,LMP_ENE_PRC,KERNFRNT_7_B1,ALL,1,122.91209,3,88
2022-09-02T21:30:00-00:00,2022-09-02T21:45:00-00:00,2022-09-02,15,KERNFRNT_7_B1,KERNFRNT_7_B1,KERNFRNT_7_B1,RTPD,MCE,LMP_ENE_PRC,KERNFRNT_7_B1,ALL,1,141.03934,3,88
2022-09-02T22:30:00-00:00,2022-09-02T22:45:00-00:00,2022-09-02,16,KERNFRNT_7_B1,KERNFRNT_7_B1,KERNFRNT_7_B1,RTPD,MCE,LMP_ENE_PRC,KERNFRNT_7_B1,ALL,1,183.20744,3,88
2022-09-02T23:30:00-00:00,2022-09-02T23:45:00-00:00,2022-09-02,17,KERNFRNT_7_B1,KERNFRNT_7_B1,KERNFRNT_7_B1,RTPD,MCE,LMP_ENE_PRC,KERNFRNT_7_B1,ALL,1,155.92665,3,88
2022-09-03T00:30:00-00:00,2022-09-03T00:45:00-00:00,2022-09-02,18,KERNFRNT_7_B1,KERNFRNT_7_B1,KERNFRNT_7_B1,RTPD,MCE,LMP_ENE_PRC,KERNFRNT_7_B1,ALL,1,234.42892,3,88
2022-09-03T01:30:00-00:00,2022-09-03T01:45:00-00:00,2022-09-02,19,KERNFRNT_7_B1,KERNFRNT_7_B1,KERNFRNT_7_B1,RTPD,MCE,LMP_ENE_PRC,KERNFRNT_7_B1,ALL,1,250.41255,3,88
2022-09-03T02:30:00-00:00,2022-09-03T02:45:00-00:00,2022-09-02,20,KERNFRNT_7_B1,KERNFRNT_7_B1,KERNFRNT_7_B1,RTPD,MCE,LMP_ENE_PRC,KERNFRNT_7_B1,ALL,1,177.62263,3,88
2022-09-03T03:30:00-00:00,2022-09-03T03:45:00-00:00,2022-09-02,21,KERNFRNT_7_B1,KERNFRNT_7_B1,KERNFRNT_7_B1,RTPD,MCE,LMP_ENE_PRC,KERNFRNT_7_B1,ALL,1,128.61655,3,88
2022-09-03T04:30:00-00:00,2022-09-03T04:45:00-00:00,2022-09-02,22,KERNFRNT_7_B1,KERNFRNT_7_B1,KERNFRNT_7_B1,RTPD,MCE,LMP_ENE_PRC,KERNFRNT_7_B1,ALL,1,132.2016,3,88
2022-09-03T05:30:00-00:00,2022-09-03T05:45:00-00:00,2022-09-02,23,KERNFRNT_7_B1,KERNFRNT_7_B1,KERNFRNT_7_B1,RTPD,MCE,LMP_ENE_PRC,KERNFRNT_7_B1,ALL,1,128.32014,3,88
2022-09-03T06:30:00-00:00,2022-09-03T06:45:00-00:00,2022-09-02,24,KERNFRNT_7_B1,KERNFRNT_7_B1,KERNFRNT_7_B1,RTPD,MCE,LMP_ENE_PRC,KERNFRNT_7_B1,ALL,1,111.22985,3,88
2022-09-02T07:45:00-00:00,2022-09-02T08:00:00-00:00,2022-09-02,01,KERNFRNT_7_B1,KERNFRNT_7_B1,KERNFRNT_7_B1,RTPD,MCE,LMP_ENE_PRC,KERNFRNT_7_B1,ALL,1,101.38693,4,88
2022-09-02T08:45:00-00:00,2022-09-02T09:00:00-00:00,2022-09-02,02,KERNFRNT_7_B1,KERNFRNT_7_B1,KERNFRNT_7_B1,RTPD,MCE,LMP_ENE_PRC,KERNFRNT_7_B1,ALL,1,98.45906,4,88
2022-09-02T09:45:00-00:00,2022-09-02T10:00:00-00:00,2022-09-02,03,KERNFRNT_7_B1,KERNFRNT_7_B1,KERNFRNT_7_B1,RTPD,MCE,LMP_ENE_PRC,KERNFRNT_7_B1,ALL,1,97.29051,4,88
2022-09-02T10:45:00-00:00,2022-09-02T11:00:00-00:00,2022-09-02,04,KERNFRNT_7_B1,KERNFRNT_7_B1,KERNFRNT_7_B1,RTPD,MCE,LMP_ENE_PRC,KERNFRNT_7_B1,ALL,1,97.62383,4,88
2022-09-02T11:45:00-00:00,2022-09-02T12:00:00-00:00,2022-09-02,05,KERNFRNT_7_B1,KERNFRNT_7_B1,KERNFRNT_7_B1,RTPD,MCE,LMP_ENE_PRC,KERNFRNT_7_B1,ALL,1,97.15303,4,88
2022-09-02T12:45:00-00:00,2022-09-02T13:00:00-00:00,2022-09-02,06,KERNFRNT_7_B1,KERNFRNT_7_B1,KERNFRNT_7_B1,RTPD,MCE,LMP_ENE_PRC,KERNFRNT_7_B1,ALL,1,108.08756,4,88
2022-09-02T13:45:00-00:00,2022-09-02T14:00:00-00:00,2022-09-02,07,KERNFRNT_7_B1,KERNFRNT_7_B1,KERNFRNT_7_B1,RTPD,MCE,LMP_ENE_PRC,KERNFRNT_7_B1,ALL,1,105.08817,4,88
2022-09-02T14:45:00-00:00,2022-09-02T15:00:00-00:00,2022-09-02,08,KERNFRNT_7_B1,KERNFRNT_7_B1,KERNFRNT_7_B1,RTPD,MCE,LMP_ENE_PRC,KERNFRNT_7_B1,ALL,1,82.36478,4,88
2022-09-02T15:45:00-00:00,2022-09-02T16:00:00-00:00,2022-09-02,09,KERNFRNT_7_B1,KERNFRNT_7_B1,KERNFRNT_7_B1,RTPD,MCE,LMP_ENE_PRC,KERNFRNT_7_B1,ALL,1,81.41035,4,88
2022-09-02T16:45:00-00:00,2022-09-02T17:00:00-00:00,2022-09-02,10,KERNFRNT_7_B1,KERNFRNT_7_B1,KERNFRNT_7_B1,RTPD,MCE,LMP_ENE_PRC,KERNFRNT_7_B1,ALL,1,93.83783,4,88
2022-09-02T17:45:00-00:00,2022-09-02T18:00:00-00:00,2022-09-02,11,KERNFRNT_7_B1,KERNFRNT_7_B1,KERNFRNT_7_B1,RTPD,MCE,LMP_ENE_PRC,KERNFRNT_7_B1,ALL,1,106.61714,4,88
2022-09-02T18:45:00-00:00,2022-09-02T19:00:00-00:00,2022-09-02,12,KERNFRNT_7_B1,KERNFRNT_7_B1,KERNFRNT_7_B1,RTPD,MCE,LMP_ENE_PRC,KERNFRNT_7_B1,ALL,1,123.03125,4,88
2022-09-02T19:45:00-00:00,2022-09-02T20:00:00-00:00,2022-09-02,13,KERNFRNT_7_B1,KERNFRNT_7_B1,KERNFRNT_7_B1,RTPD,MCE,LMP_ENE_PRC,KERNFRNT_7_B1,ALL,1,135.46436,4,88
2022-09-02T20:45:00-00:00,2022-09-02T21:00:00-00:00,2022-09-02,14,KERNFRNT_7_B1,KERNFRNT_7_B1,KERNFRNT_7_B1,RTPD,MCE,LMP_ENE_PRC,KERNFRNT_7_B1,ALL,1,146.96742,4,88
2022-09-02T21:45:00-00:00,2022-09-02T22:00:00-00:00,2022-09-02,15,KERNFRNT_7_B1,KERNFRNT_7_B1,KERNFRNT_7_B1,RTPD,MCE,LMP_ENE_PRC,KERNFRNT_7_B1,ALL,1,181.80174,4,88
2022-09-02T22:45:00-00:00,2022-09-02T23:00:00-00:00,2022-09-02,16,KERNFRNT_7_B1,KERNFRNT_7_B1,KERNFRNT_7_B1,RTPD,MCE,LMP_ENE_PRC,KERNFRNT_7_B1,ALL,1,269.30835,4,88
2022-09-02T23:45:00-00:00,2022-09-03T00:00:00-00:00,2022-09-02,17,KERNFRNT_7_B1,KERNFRNT_7_B1,KERNFRNT_7_B1,RTPD,MCE,LMP_ENE_PRC,KERNFRNT_7_B1,ALL,1,287.1113,4,88
2022-09-03T00:45:00-00:00,2022-09-03T01:00:00-00:00,2022-09-02,18,KERNFRNT_7_B1,KERNFRNT_7_B1,KERNFRNT_7_B1,RTPD,MCE,LMP_ENE_PRC,KERNFRNT_7_B1,ALL,1,242.16634,4,88
2022-09-03T01:45:00-00:00,2022-09-03T02:00:00-00:00,2022-09-02,19,KERNFRNT_7_B1,KERNFRNT_7_B1,KERNFRNT_7_B1,RTPD,MCE,LMP_ENE_PRC,KERNFRNT_7_B1,ALL,1,304.55594,4,88
2022-09-03T02:45:00-00:00,2022-09-03T03:00:00-00:00,2022-09-02,20,KERNFRNT_7_B1,KERNFRNT_7_B1,KERNFRNT_7_B1,RTPD,MCE,LMP_ENE_PRC,KERNFRNT_7_B1,ALL,1,152.03519,4,88
2022-09-03T03:45:00-00:00,2022-09-03T04:00:00-00:00,2022-09-02,21,KERNFRNT_7_B1,KERNFRNT_7_B1,KERNFRNT_7_B1,RTPD,MCE,LMP_ENE_PRC,KERNFRNT_7_B1,ALL,1,120.27765,4,88
2022-09-03T04:45:00-00:00,2022-09-03T05:00:00-00:00,2022-09-02,22,KERNFRNT_7_B1,KERNFRNT_7_B1,KERNFRNT_7_B1,RTPD,MCE,LMP_ENE_PRC,KERNFRNT_7_B1,ALL,1,111.14984,4,88
2022-09-03T05:45:00-00:00,2022-09-03T06:00:00-00:00,2022-09-02,23,KERNFRNT_7_B1,KERNFRNT_7_B1,KERNFRNT_7_B1,RTPD,MCE,LMP_ENE_PRC,KERNFRNT_7_B1,ALL,1,104.16199,4,88
2022-09-03T06:45:00-00:00,2022-09-03T07:00:00-00:00,2022-09-02,24,KERNFRNT_7_B1,KERNFRNT_7_B1,KERNFRNT_7_B1,RTPD,MCE,LMP_ENE_PRC,KERNFRNT_7_B1,ALL,1,95.41536,4,88
2022-09-02T07:00:00-00:00,2022-09-02T07:15:00-00:00,2022-09-02,01,KERNFRNT_7_B1,KERNFRNT_7_B1,KERNFRNT_7_B1,RTPD,MCL,LMP_LOSS_PRC,KERNFRNT_7_B1,ALL,1,2.96725,1,89
2022-09-02T08:00:00-00:00,2022-09-02T08:15:00-00:00,2022-09-02,02,KERNFRNT_7_B1,KERNFRNT_7_B1,KERNFRNT_7_B1,RTPD,MCL,LMP_LOSS_PRC,KERNFRNT_7_B1,ALL,1,3.80356,1,89
2022-09-02T09:00:00-00:00,2022-09-02T09:15:00-00:00,2022-09-02,03,KERNFRNT_7_B1,KERNFRNT_7_B1,KERNFRNT_7_B1,RTPD,MCL,LMP_LOSS_PRC,KERNFRNT_7_B1,ALL,1,4.14512,1,89
2022-09-02T10:00:00-00:00,2022-09-02T10:15:00-00:00,2022-09-02,04,KERNFRNT_7_B1,KERNFRNT_7_B1,KERNFRNT_7_B1,RTPD,MCL,LMP_LOSS_PRC,KERNFRNT_7_B1,ALL,1,4.08718,1,89
2022-09-02T11:00:00-00:00,2022-09-02T11:15:00-00:00,2022-09-02,05,KERNFRNT_7_B1,KERNFRNT_7_B1,KERNFRNT_7_B1,RTPD,MCL,LMP_LOSS_PRC,KERNFRNT_7_B1,ALL,1,0,1,89
2022-09-02T12:00:00-00:00,2022-09-02T12:15:00-00:00,2022-09-02,06,KERNFRNT_7_B1,KERNFRNT_7_B1,KERNFRNT_7_B1,RTPD,MCL,LMP_LOSS_PRC,KERNFRNT_7_B1,ALL,1,0,1,89
2022-09-02T13:00:00-00:00,2022-09-02T13:15:00-00:00,2022-09-02,07,KERNFRNT_7_B1,KERNFRNT_7_B1,KERNFRNT_7_B1,RTPD,MCL,LMP_LOSS_PRC,KERNFRNT_7_B1,ALL,1,0,1,89
2022-09-02T14:00:00-00:00,2022-09-02T14:15:00-00:00,2022-09-02,08,KERNFRNT_7_B1,KERNFRNT_7_B1,KERNFRNT_7_B1,RTPD,MCL,LMP_LOSS_PRC,KERNFRNT_7_B1,ALL,1,4.70571,1,89
2022-09-02T15:00:00-00:00,2022-09-02T15:15:00-00:00,2022-09-02,09,KERNFRNT_7_B1,KERNFRNT_7_B1,KERNFRNT_7_B1,RTPD,MCL,LMP_LOSS_PRC,KERNFRNT_7_B1,ALL,1,2.36442,1,89
2022-09-02T16:00:00-00:00,2022-09-02T16:15:00-00:00,2022-09-02,10,KERNFRNT_7_B1,KERNFRNT_7_B1,KERNFRNT_7_B1,RTPD,MCL,LMP_LOSS_PRC,KERNFRNT_7_B1,ALL,1,1.40515,1,89
2022-09-02T17:00:00-00:00,2022-09-02T17:15:00-00:00,2022-09-02,11,KERNFRNT_7_B1,KERNFRNT_7_B1,KERNFRNT_7_B1,RTPD,MCL,LMP_LOSS_PRC,KERNFRNT_7_B1,ALL,1,0.65475,1,89
2022-09-02T18:00:00-00:00,2022-09-02T18:15:00-00:00,2022-09-02,12,KERNFRNT_7_B1,KERNFRNT_7_B1,KERNFRNT_7_B1,RTPD,MCL,LMP_LOSS_PRC,KERNFRNT_7_B1,ALL,1,0.20908,1,89
2022-09-02T19:00:00-00:00,2022-09-02T19:15:00-00:00,2022-09-02,13,KERNFRNT_7_B1,KERNFRNT_7_B1,KERNFRNT_7_B1,RTPD,MCL,LMP_LOSS_PRC,KERNFRNT_7_B1,ALL,1,-1.04876,1,89
2022-09-02T20:00:00-00:00,2022-09-02T20:15:00-00:00,2022-09-02,14,KERNFRNT_7_B1,KERNFRNT_7_B1,KERNFRNT_7_B1,RTPD,MCL,LMP_LOSS_PRC,KERNFRNT_7_B1,ALL,1,-2.76635,1,89
2022-09-02T21:00:00-00:00,2022-09-02T21:15:00-00:00,2022-09-02,15,KERNFRNT_7_B1,KERNFRNT_7_B1,KERNFRNT_7_B1,RTPD,MCL,LMP_LOSS_PRC,KERNFRNT_7_B1,ALL,1,-2.19013,1,89
2022-09-02T22:00:00-00:00,2022-09-02T22:15:00-00:00,2022-09-02,16,KERNFRNT_7_B1,KERNFRNT_7_B1,KERNFRNT_7_B1,RTPD,MCL,LMP_LOSS_PRC,KERNFRNT_7_B1,ALL,1,-2.01603,1,89
2022-09-02T23:00:00-00:00,2022-09-02T23:15:00-00:00,2022-09-02,17,KERNFRNT_7_B1,KERNFRNT_7_B1,KERNFRNT_7_B1,RTPD,MCL,LMP_LOSS_PRC,KERNFRNT_7_B1,ALL,1,-0.22189,1,89
2022-09-03T00:00:00-00:00,2022-09-03T00:15:00-00:00,2022-09-02,18,KERNFRNT_7_B1,KERNFRNT_7_B1,KERNFRNT_7_B1,RTPD,MCL,LMP_LOSS_PRC,KERNFRNT_7_B1,ALL,1,1.76585,1,89
2022-09-03T01:00:00-00:00,2022-09-03T01:15:00-00:00,2022-09-02,19,KERNFRNT_7_B1,KERNFRNT_7_B1,KERNFRNT_7_B1,RTPD,MCL,LMP_LOSS_PRC,KERNFRNT_7_B1,ALL,1,0,1,89
2022-09-03T02:00:00-00:00,2022-09-03T02:15:00-00:00,2022-09-02,20,KERNFRNT_7_B1,KERNFRNT_7_B1,KERNFRNT_7_B1,RTPD,MCL,LMP_LOSS_PRC,KERNFRNT_7_B1,ALL,1,3.53573,1,89
2022-09-03T03:00:00-00:00,2022-09-03T03:15:00-00:00,2022-09-02,21,KERNFRNT_7_B1,KERNFRNT_7_B1,KERNFRNT_7_B1,RTPD,MCL,LMP_LOSS_PRC,KERNFRNT_7_B1,ALL,1,1.0952,1,89
2022-09-03T04:00:00-00:00,2022-09-03T04:15:00-00:00,2022-09-02,22,KERNFRNT_7_B1,KERNFRNT_7_B1,KERNFRNT_7_B1,RTPD,MCL,LMP_LOSS_PRC,KERNFRNT_7_B1,ALL,1,1.62124,1,89
2022-09-03T05:00:00-00:00,2022-09-03T05:15:00-00:00,2022-09-02,23,KERNFRNT_7_B1,KERNFRNT_7_B1,KERNFRNT_7_B1,RTPD,MCL,LMP_LOSS_PRC,KERNFRNT_7_B1,ALL,1,4.04899,1,89
2022-09-03T06:00:00-00:00,2022-09-03T06:15:00-00:00,2022-09-02,24,KERNFRNT_7_B1,KERNFRNT_7_B1,KERNFRNT_7_B1,RTPD,MCL,LMP_LOSS_PRC,KERNFRNT_7_B1,ALL,1,4.77015,1,89
2022-09-02T07:15:00-00:00,2022-09-02T07:30:00-00:00,2022-09-02,01,KERNFRNT_7_B1,KERNFRNT_7_B1,KERNFRNT_7_B1,RTPD,MCL,LMP_LOSS_PRC,KERNFRNT_7_B1,ALL,1,2.72118,2,89
2022-09-02T08:15:00-00:00,2022-09-02T08:30:00-00:00,2022-09-02,02,KERNFRNT_7_B1,KERNFRNT_7_B1,KERNFRNT_7_B1,RTPD,MCL,LMP_LOSS_PRC,KERNFRNT_7_B1,ALL,1,3.86979,2,89
2022-09-02T09:15:00-00:00,2022-09-02T09:30:00-00:00,2022-09-02,03,KERNFRNT_7_B1,KERNFRNT_7_B1,KERNFRNT_7_B1,RTPD,MCL,LMP_LOSS_PRC,KERNFRNT_7_B1,ALL,1,4.25045,2,89
2022-09-02T10:15:00-00:00,2022-09-02T10:30:00-00:00,2022-09-02,04,KERNFRNT_7_B1,KERNFRNT_7_B1,KERNFRNT_7_B1,RTPD,MCL,LMP_LOSS_PRC,KERNFRNT_7_B1,ALL,1,4.15184,2,89
2022-09-02T11:15:00-00:00,2022-09-02T11:30:00-00:00,2022-09-02,05,KERNFRNT_7_B1,KERNFRNT_7_B1,KERNFRNT_7_B1,RTPD,MCL,LMP_LOSS_PRC,KERNFRNT_7_B1,ALL,1,0,2,89
2022-09-02T12:15:00-00:00,2022-09-02T12:30:00-00:00,2022-09-02,06,KERNFRNT_7_B1,KERNFRNT_7_B1,KERNFRNT_7_B1,RTPD,MCL,LMP_LOSS_PRC,KERNFRNT_7_B1,ALL,1,0,2,89
2022-09-02T13:15:00-00:00,2022-09-02T13:30:00-00:00,2022-09-02,07,KERNFRNT_7_B1,KERNFRNT_7_B1,KERNFRNT_7_B1,RTPD,MCL,LMP_LOSS_PRC,KERNFRNT_7_B1,ALL,1,0,2,89
2022-09-02T14:15:00-00:00,2022-09-02T14:30:00-00:00,2022-09-02,08,KERNFRNT_7_B1,KERNFRNT_7_B1,KERNFRNT_7_B1,RTPD,MCL,LMP_LOSS_PRC,KERNFRNT_7_B1,ALL,1,4.14689,2,89
2022-09-02T15:15:00-00:00,2022-09-02T15:30:00-00:00,2022-09-02,09,KERNFRNT_7_B1,KERNFRNT_7_B1,KERNFRNT_7_B1,RTPD,MCL,LMP_LOSS_PRC,KERNFRNT_7_B1,ALL,1,0,2,89
2022-09-02T16:15:00-00:00,2022-09-02T16:30:00-00:00,2022-09-02,10,KERNFRNT_7_B1,KERNFRNT_7_B1,KERNFRNT_7_B1,RTPD,MCL,LMP_LOSS_PRC,KERNFRNT_7_B1,ALL,1,1.14397,2,89
2022-09-02T17:15:00-00:00,2022-09-02T17:30:00-00:00,2022-09-02,11,KERNFRNT_7_B1,KERNFRNT_7_B1,KERNFRNT_7_B1,RTPD,MCL,LMP_LOSS_PRC,KERNFRNT_7_B1,ALL,1,0.51133,2,89
2022-09-02T18:15:00-00:00,2022-09-02T18:30:00-00:00,2022-09-02,12,KERNFRNT_7_B1,KERNFRNT_7_B1,KERNFRNT_7_B1,RTPD,MCL,LMP_LOSS_PRC,KERNFRNT_7_B1,ALL,1,0.22899,2,89
2022-09-02T19:15:00-00:00,2022-09-02T19:30:00-00:00,2022-09-02,13,KERNFRNT_7_B1,KERNFRNT_7_B1,KERNFRNT_7_B1,RTPD,MCL,LMP_LOSS_PRC,KERNFRNT_7_B1,ALL,1,-1.39051,2,89
2022-09-02T20:15:00-00:00,2022-09-02T20:30:00-00:00,2022-09-02,14,KERNFRNT_7_B1,KERNFRNT_7_B1,KERNFRNT_7_B1,RTPD,MCL,LMP_LOSS_PRC,KERNFRNT_7_B1,ALL,1,-3.1886,2,89
2022-09-02T21:15:00-00:00,2022-09-02T21:30:00-00:00,2022-09-02,15,KERNFRNT_7_B1,KERNFRNT_7_B1,KERNFRNT_7_B1,RTPD,MCL,LMP_LOSS_PRC,KERNFRNT_7_B1,ALL,1,-2.56779,2,89
2022-09-02T22:15:00-00:00,2022-09-02T22:30:00-00:00,2022-09-02,16,KERNFRNT_7_B1,KERNFRNT_7_B1,KERNFRNT_7_B1,RTPD,MCL,LMP_LOSS_PRC,KERNFRNT_7_B1,ALL,1,-1.86388,2,89
2022-09-02T23:15:00-00:00,2022-09-02T23:30:00-00:00,2022-09-02,17,KERNFRNT_7_B1,KERNFRNT_7_B1,KERNFRNT_7_B1,RTPD,MCL,LMP_LOSS_PRC,KERNFRNT_7_B1,ALL,1,-0.22174,2,89
2022-09-03T00:15:00-00:00,2022-09-03T00:30:00-00:00,2022-09-02,18,KERNFRNT_7_B1,KERNFRNT_7_B1,KERNFRNT_7_B1,RTPD,MCL,LMP_LOSS_PRC,KERNFRNT_7_B1,ALL,1,1.11122,2,89
2022-09-03T01:15:00-00:00,2022-09-03T01:30:00-00:00,2022-09-02,19,KERNFRNT_7_B1,KERNFRNT_7_B1,KERNFRNT_7_B1,RTPD,MCL,LMP_LOSS_PRC,KERNFRNT_7_B1,ALL,1,0,2,89
2022-09-03T02:15:00-00:00,2022-09-03T02:30:00-00:00,2022-09-02,20,KERNFRNT_7_B1,KERNFRNT_7_B1,KERNFRNT_7_B1,RTPD,MCL,LMP_LOSS_PRC,KERNFRNT_7_B1,ALL,1,3.53575,2,89
2022-09-03T03:15:00-00:00,2022-09-03T03:30:00-00:00,2022-09-02,21,KERNFRNT_7_B1,KERNFRNT_7_B1,KERNFRNT_7_B1,RTPD,MCL,LMP_LOSS_PRC,KERNFRNT_7_B1,ALL,1,1.03045,2,89
2022-09-03T04:15:00-00:00,2022-09-03T04:30:00-00:00,2022-09-02,22,KERNFRNT_7_B1,KERNFRNT_7_B1,KERNFRNT_7_B1,RTPD,MCL,LMP_LOSS_PRC,KERNFRNT_7_B1,ALL,1,1.36095,2,89
2022-09-03T05:15:00-00:00,2022-09-03T05:30:00-00:00,2022-09-02,23,KERNFRNT_7_B1,KERNFRNT_7_B1,KERNFRNT_7_B1,RTPD,MCL,LMP_LOSS_PRC,KERNFRNT_7_B1,ALL,1,3.74315,2,89
2022-09-03T06:15:00-00:00,2022-09-03T06:30:00-00:00,2022-09-02,24,KERNFRNT_7_B1,KERNFRNT_7_B1,KERNFRNT_7_B1,RTPD,MCL,LMP_LOSS_PRC,KERNFRNT_7_B1,ALL,1,4.05884,2,89
2022-09-02T07:30:00-00:00,2022-09-02T07:45:00-00:00,2022-09-02,01,KERNFRNT_7_B1,KERNFRNT_7_B1,KERNFRNT_7_B1,RTPD,MCL,LMP_LOSS_PRC,KERNFRNT_7_B1,ALL,1,2.8315,3,89
2022-09-02T08:30:00-00:00,2022-09-02T08:45:00-00:00,2022-09-02,02,KERNFRNT_7_B1,KERNFRNT_7_B1,KERNFRNT_7_B1,RTPD,MCL,LMP_LOSS_PRC,KERNFRNT_7_B1,ALL,1,4.04307,3,89
2022-09-02T09:30:00-00:00,2022-09-02T09:45:00-00:00,2022-09-02,03,KERNFRNT_7_B1,KERNFRNT_7_B1,KERNFRNT_7_B1,RTPD,MCL,LMP_LOSS_PRC,KERNFRNT_7_B1,ALL,1,4.04787,3,89
2022-09-02T10:30:00-00:00,2022-09-02T10:45:00-00:00,2022-09-02,04,KERNFRNT_7_B1,KERNFRNT_7_B1,KERNFRNT_7_B1,RTPD,MCL,LMP_LOSS_PRC,KERNFRNT_7_B1,ALL,1,4.01288,3,89
2022-09-02T11:30:00-00:00,2022-09-02T11:45:00-00:00,2022-09-02,05,KERNFRNT_7_B1,KERNFRNT_7_B1,KERNFRNT_7_B1,RTPD,MCL,LMP_LOSS_PRC,KERNFRNT_7_B1,ALL,1,0,3,89
2022-09-02T12:30:00-00:00,2022-09-02T12:45:00-00:00,2022-09-02,06,KERNFRNT_7_B1,KERNFRNT_7_B1,KERNFRNT_7_B1,RTPD,MCL,LMP_LOSS_PRC,KERNFRNT_7_B1,ALL,1,0,3,89
2022-09-02T13:30:00-00:00,2022-09-02T13:45:00-00:00,2022-09-02,07,KERNFRNT_7_B1,KERNFRNT_7_B1,KERNFRNT_7_B1,RTPD,MCL,LMP_LOSS_PRC,KERNFRNT_7_B1,ALL,1,0,3,89
2022-09-02T14:30:00-00:00,2022-09-02T14:45:00-00:00,2022-09-02,08,KERNFRNT_7_B1,KERNFRNT_7_B1,KERNFRNT_7_B1,RTPD,MCL,LMP_LOSS_PRC,KERNFRNT_7_B1,ALL,1,3.34582,3,89
2022-09-02T15:30:00-00:00,2022-09-02T15:45:00-00:00,2022-09-02,09,KERNFRNT_7_B1,KERNFRNT_7_B1,KERNFRNT_7_B1,RTPD,MCL,LMP_LOSS_PRC,KERNFRNT_7_B1,ALL,1,0,3,89
2022-09-02T16:30:00-00:00,2022-09-02T16:45:00-00:00,2022-09-02,10,KERNFRNT_7_B1,KERNFRNT_7_B1,KERNFRNT_7_B1,RTPD,MCL,LMP_LOSS_PRC,KERNFRNT_7_B1,ALL,1,1.03045,3,89
2022-09-02T17:30:00-00:00,2022-09-02T17:45:00-00:00,2022-09-02,11,KERNFRNT_7_B1,KERNFRNT_7_B1,KERNFRNT_7_B1,RTPD,MCL,LMP_LOSS_PRC,KERNFRNT_7_B1,ALL,1,0.31145,3,89
2022-09-02T18:30:00-00:00,2022-09-02T18:45:00-00:00,2022-09-02,12,KERNFRNT_7_B1,KERNFRNT_7_B1,KERNFRNT_7_B1,RTPD,MCL,LMP_LOSS_PRC,KERNFRNT_7_B1,ALL,1,0.04619,3,89
2022-09-02T19:30:00-00:00,2022-09-02T19:45:00-00:00,2022-09-02,13,KERNFRNT_7_B1,KERNFRNT_7_B1,KERNFRNT_7_B1,RTPD,MCL,LMP_LOSS_PRC,KERNFRNT_7_B1,ALL,1,-2.22382,3,89
2022-09-02T20:30:00-00:00,2022-09-02T20:45:00-00:00,2022-09-02,14,KERNFRNT_7_B1,KERNFRNT_7_B1,KERNFRNT_7_B1,RTPD,MCL,LMP_LOSS_PRC,KERNFRNT_7_B1,ALL,1,-2.94989,3,89
2022-09-02T21:30:00-00:00,2022-09-02T21:45:00-00:00,2022-09-02,15,KERNFRNT_7_B1,KERNFRNT_7_B1,KERNFRNT_7_B1,RTPD,MCL,LMP_LOSS_PRC,KERNFRNT_7_B1,ALL,1,-3.2439,3,89
2022-09-02T22:30:00-00:00,2022-09-02T22:45:00-00:00,2022-09-02,16,KERNFRNT_7_B1,KERNFRNT_7_B1,KERNFRNT_7_B1,RTPD,MCL,LMP_LOSS_PRC,KERNFRNT_7_B1,ALL,1,-2.78475,3,89
2022-09-02T23:30:00-00:00,2022-09-02T23:45:00-00:00,2022-09-02,17,KERNFRNT_7_B1,KERNFRNT_7_B1,KERNFRNT_7_B1,RTPD,MCL,LMP_LOSS_PRC,KERNFRNT_7_B1,ALL,1,-0.88878,3,89
2022-09-03T00:30:00-00:00,2022-09-03T00:45:00-00:00,2022-09-02,18,KERNFRNT_7_B1,KERNFRNT_7_B1,KERNFRNT_7_B1,RTPD,MCL,LMP_LOSS_PRC,KERNFRNT_7_B1,ALL,1,0,3,89
2022-09-03T01:30:00-00:00,2022-09-03T01:45:00-00:00,2022-09-02,19,KERNFRNT_7_B1,KERNFRNT_7_B1,KERNFRNT_7_B1,RTPD,MCL,LMP_LOSS_PRC,KERNFRNT_7_B1,ALL,1,0,3,89
2022-09-03T02:30:00-00:00,2022-09-03T02:45:00-00:00,2022-09-02,20,KERNFRNT_7_B1,KERNFRNT_7_B1,KERNFRNT_7_B1,RTPD,MCL,LMP_LOSS_PRC,KERNFRNT_7_B1,ALL,1,3.21497,3,89
2022-09-03T03:30:00-00:00,2022-09-03T03:45:00-00:00,2022-09-02,21,KERNFRNT_7_B1,KERNFRNT_7_B1,KERNFRNT_7_B1,RTPD,MCL,LMP_LOSS_PRC,KERNFRNT_7_B1,ALL,1,0.95176,3,89
2022-09-03T04:30:00-00:00,2022-09-03T04:45:00-00:00,2022-09-02,22,KERNFRNT_7_B1,KERNFRNT_7_B1,KERNFRNT_7_B1,RTPD,MCL,LMP_LOSS_PRC,KERNFRNT_7_B1,ALL,1,1.05761,3,89
2022-09-03T05:30:00-00:00,2022-09-03T05:45:00-00:00,2022-09-02,23,KERNFRNT_7_B1,KERNFRNT_7_B1,KERNFRNT_7_B1,RTPD,MCL,LMP_LOSS_PRC,KERNFRNT_7_B1,ALL,1,3.96509,3,89
2022-09-03T06:30:00-00:00,2022-09-03T06:45:00-00:00,2022-09-02,24,KERNFRNT_7_B1,KERNFRNT_7_B1,KERNFRNT_7_B1,RTPD,MCL,LMP_LOSS_PRC,KERNFRNT_7_B1,ALL,1,4.78288,3,89
2022-09-02T07:45:00-00:00,2022-09-02T08:00:00-00:00,2022-09-02,01,KERNFRNT_7_B1,KERNFRNT_7_B1,KERNFRNT_7_B1,RTPD,MCL,LMP_LOSS_PRC,KERNFRNT_7_B1,ALL,1,2.70703,4,89
2022-09-02T08:45:00-00:00,2022-09-02T09:00:00-00:00,2022-09-02,02,KERNFRNT_7_B1,KERNFRNT_7_B1,KERNFRNT_7_B1,RTPD,MCL,LMP_LOSS_PRC,KERNFRNT_7_B1,ALL,1,3.37715,4,89
2022-09-02T09:45:00-00:00,2022-09-02T10:00:00-00:00,2022-09-02,03,KERNFRNT_7_B1,KERNFRNT_7_B1,KERNFRNT_7_B1,RTPD,MCL,LMP_LOSS_PRC,KERNFRNT_7_B1,ALL,1,3.59002,4,89
2022-09-02T10:45:00-00:00,2022-09-02T11:00:00-00:00,2022-09-02,04,KERNFRNT_7_B1,KERNFRNT_7_B1,KERNFRNT_7_B1,RTPD,MCL,LMP_LOSS_PRC,KERNFRNT_7_B1,ALL,1,3.69018,4,89
2022-09-02T11:45:00-00:00,2022-09-02T12:00:00-00:00,2022-09-02,05,KERNFRNT_7_B1,KERNFRNT_7_B1,KERNFRNT_7_B1,RTPD,MCL,LMP_LOSS_PRC,KERNFRNT_7_B1,ALL,1,3.49751,4,89
2022-09-02T12:45:00-00:00,2022-09-02T13:00:00-00:00,2022-09-02,06,KERNFRNT_7_B1,KERNFRNT_7_B1,KERNFRNT_7_B1,RTPD,MCL,LMP_LOSS_PRC,KERNFRNT_7_B1,ALL,1,0,4,89
2022-09-02T13:45:00-00:00,2022-09-02T14:00:00-00:00,2022-09-02,07,KERNFRNT_7_B1,KERNFRNT_7_B1,KERNFRNT_7_B1,RTPD,MCL,LMP_LOSS_PRC,KERNFRNT_7_B1,ALL,1,0,4,89
2022-09-02T14:45:00-00:00,2022-09-02T15:00:00-00:00,2022-09-02,08,KERNFRNT_7_B1,KERNFRNT_7_B1,KERNFRNT_7_B1,RTPD,MCL,LMP_LOSS_PRC,KERNFRNT_7_B1,ALL,1,2.44623,4,89
2022-09-02T15:45:00-00:00,2022-09-02T16:00:00-00:00,2022-09-02,09,KERNFRNT_7_B1,KERNFRNT_7_B1,KERNFRNT_7_B1,RTPD,MCL,LMP_LOSS_PRC,KERNFRNT_7_B1,ALL,1,1.35955,4,89
2022-09-02T16:45:00-00:00,2022-09-02T17:00:00-00:00,2022-09-02,10,KERNFRNT_7_B1,KERNFRNT_7_B1,KERNFRNT_7_B1,RTPD,MCL,LMP_LOSS_PRC,KERNFRNT_7_B1,ALL,1,0.67563,4,89
2022-09-02T17:45:00-00:00,2022-09-02T18:00:00-00:00,2022-09-02,11,KERNFRNT_7_B1,KERNFRNT_7_B1,KERNFRNT_7_B1,RTPD,MCL,LMP_LOSS_PRC,KERNFRNT_7_B1,ALL,1,0.03199,4,89
2022-09-02T18:45:00-00:00,2022-09-02T19:00:00-00:00,2022-09-02,12,KERNFRNT_7_B1,KERNFRNT_7_B1,KERNFRNT_7_B1,RTPD,MCL,LMP_LOSS_PRC,KERNFRNT_7_B1,ALL,1,0.06152,4,89
2022-09-02T19:45:00-00:00,2022-09-02T20:00:00-00:00,2022-09-02,13,KERNFRNT_7_B1,KERNFRNT_7_B1,KERNFRNT_7_B1,RTPD,MCL,LMP_LOSS_PRC,KERNFRNT_7_B1,ALL,1,-2.91248,4,89
2022-09-02T20:45:00-00:00,2022-09-02T21:00:00-00:00,2022-09-02,14,KERNFRNT_7_B1,KERNFRNT_7_B1,KERNFRNT_7_B1,RTPD,MCL,LMP_LOSS_PRC,KERNFRNT_7_B1,ALL,1,-3.05692,4,89
2022-09-02T21:45:00-00:00,2022-09-02T22:00:00-00:00,2022-09-02,15,KERNFRNT_7_B1,KERNFRNT_7_B1,KERNFRNT_7_B1,RTPD,MCL,LMP_LOSS_PRC,KERNFRNT_7_B1,ALL,1,-3.69058,4,89
2022-09-02T22:45:00-00:00,2022-09-02T23:00:00-00:00,2022-09-02,16,KERNFRNT_7_B1,KERNFRNT_7_B1,KERNFRNT_7_B1,RTPD,MCL,LMP_LOSS_PRC,KERNFRNT_7_B1,ALL,1,0,4,89
2022-09-02T23:45:00-00:00,2022-09-03T00:00:00-00:00,2022-09-02,17,KERNFRNT_7_B1,KERNFRNT_7_B1,KERNFRNT_7_B1,RTPD,MCL,LMP_LOSS_PRC,KERNFRNT_7_B1,ALL,1,0,4,89
2022-09-03T00:45:00-00:00,2022-09-03T01:00:00-00:00,2022-09-02,18,KERNFRNT_7_B1,KERNFRNT_7_B1,KERNFRNT_7_B1,RTPD,MCL,LMP_LOSS_PRC,KERNFRNT_7_B1,ALL,1,0,4,89
2022-09-03T01:45:00-00:00,2022-09-03T02:00:00-00:00,2022-09-02,19,KERNFRNT_7_B1,KERNFRNT_7_B1,KERNFRNT_7_B1,RTPD,MCL,LMP_LOSS_PRC,KERNFRNT_7_B1,ALL,1,0,4,89
2022-09-03T02:45:00-00:00,2022-09-03T03:00:00-00:00,2022-09-02,20,KERNFRNT_7_B1,KERNFRNT_7_B1,KERNFRNT_7_B1,RTPD,MCL,LMP_LOSS_PRC,KERNFRNT_7_B1,ALL,1,2.85826,4,89
2022-09-03T03:45:00-00:00,2022-09-03T04:00:00-00:00,2022-09-02,21,KERNFRNT_7_B1,KERNFRNT_7_B1,KERNFRNT_7_B1,RTPD,MCL,LMP_LOSS_PRC,KERNFRNT_7_B1,ALL,1,1.23886,4,89
2022-09-03T04:45:00-00:00,2022-09-03T05:00:00-00:00,2022-09-02,22,KERNFRNT_7_B1,KERNFRNT_7_B1,KERNFRNT_7_B1,RTPD,MCL,LMP_LOSS_PRC,KERNFRNT_7_B1,ALL,1,1.53387,4,89
2022-09-03T05:45:00-00:00,2022-09-03T06:00:00-00:00,2022-09-02,23,KERNFRNT_7_B1,KERNFRNT_7_B1,KERNFRNT_7_B1,RTPD,MCL,LMP_LOSS_PRC,KERNFRNT_7_B1,ALL,1,3.07278,4,89
2022-09-03T06:45:00-00:00,2022-09-03T07:00:00-00:00,2022-09-02,24,KERNFRNT_7_B1,KERNFRNT_7_B1,KERNFRNT_7_B1,RTPD,MCL,LMP_LOSS_PRC,KERNFRNT_7_B1,ALL,1,4.68489,4,89
2022-09-02T07:00:00-00:00,2022-09-02T07:15:00-00:00,2022-09-02,01,KERNFRNT_7_B1,KERNFRNT_7_B1,KERNFRNT_7_B1,RTPD,MGHG,LMP_GHG_PRC,KERNFRNT_7_B1,ALL,1,0,1,90
2022-09-02T08:00:00-00:00,2022-09-02T08:15:00-00:00,2022-09-02,02,KERNFRNT_7_B1,KERNFRNT_7_B1,KERNFRNT_7_B1,RTPD,MGHG,LMP_GHG_PRC,KERNFRNT_7_B1,ALL,1,0,1,90
2022-09-02T09:00:00-00:00,2022-09-02T09:15:00-00:00,2022-09-02,03,KERNFRNT_7_B1,KERNFRNT_7_B1,KERNFRNT_7_B1,RTPD,MGHG,LMP_GHG_PRC,KERNFRNT_7_B1,ALL,1,0,1,90
2022-09-02T10:00:00-00:00,2022-09-02T10:15:00-00:00,2022-09-02,04,KERNFRNT_7_B1,KERNFRNT_7_B1,KERNFRNT_7_B1,RTPD,MGHG,LMP_GHG_PRC,KERNFRNT_7_B1,ALL,1,0,1,90
2022-09-02T11:00:00-00:00,2022-09-02T11:15:00-00:00,2022-09-02,05,KERNFRNT_7_B1,KERNFRNT_7_B1,KERNFRNT_7_B1,RTPD,MGHG,LMP_GHG_PRC,KERNFRNT_7_B1,ALL,1,0,1,90
2022-09-02T12:00:00-00:00,2022-09-02T12:15:00-00:00,2022-09-02,06,KERNFRNT_7_B1,KERNFRNT_7_B1,KERNFRNT_7_B1,RTPD,MGHG,LMP_GHG_PRC,KERNFRNT_7_B1,ALL,1,0,1,90
2022-09-02T13:00:00-00:00,2022-09-02T13:15:00-00:00,2022-09-02,07,KERNFRNT_7_B1,KERNFRNT_7_B1,KERNFRNT_7_B1,RTPD,MGHG,LMP_GHG_PRC,KERNFRNT_7_B1,ALL,1,0,1,90
2022-09-02T14:00:00-00:00,2022-09-02T14:15:00-00:00,2022-09-02,08,KERNFRNT_7_B1,KERNFRNT_7_B1,KERNFRNT_7_B1,RTPD,MGHG,LMP_GHG_PRC,KERNFRNT_7_B1,ALL,1,0,1,90
2022-09-02T15:00:00-00:00,2022-09-02T15:15:00-00:00,2022-09-02,09,KERNFRNT_7_B1,KERNFRNT_7_B1,KERNFRNT_7_B1,RTPD,MGHG,LMP_GHG_PRC,KERNFRNT_7_B1,ALL,1,0,1,90
2022-09-02T16:00:00-00:00,2022-09-02T16:15:00-00:00,2022-09-02,10,KERNFRNT_7_B1,KERNFRNT_7_B1,KERNFRNT_7_B1,RTPD,MGHG,LMP_GHG_PRC,KERNFRNT_7_B1,ALL,1,0,1,90
2022-09-02T17:00:00-00:00,2022-09-02T17:15:00-00:00,2022-09-02,11,KERNFRNT_7_B1,KERNFRNT_7_B1,KERNFRNT_7_B1,RTPD,MGHG,LMP_GHG_PRC,KERNFRNT_7_B1,ALL,1,0,1,90
2022-09-02T18:00:00-00:00,2022-09-02T18:15:00-00:00,2022-09-02,12,KERNFRNT_7_B1,KERNFRNT_7_B1,KERNFRNT_7_B1,RTPD,MGHG,LMP_GHG_PRC,KERNFRNT_7_B1,ALL,1,0,1,90
2022-09-02T19:00:00-00:00,2022-09-02T19:15:00-00:00,2022-09-02,13,KERNFRNT_7_B1,KERNFRNT_7_B1,KERNFRNT_7_B1,RTPD,MGHG,LMP_GHG_PRC,KERNFRNT_7_B1,ALL,1,0,1,90
2022-09-02T20:00:00-00:00,2022-09-02T20:15:00-00:00,2022-09-02,14,KERNFRNT_7_B1,KERNFRNT_7_B1,KERNFRNT_7_B1,RTPD,MGHG,LMP_GHG_PRC,KERNFRNT_7_B1,ALL,1,0,1,90
2022-09-02T21:00:00-00:00,2022-09-02T21:15:00-00:00,2022-09-02,15,KERNFRNT_7_B1,KERNFRNT_7_B1,KERNFRNT_7_B1,RTPD,MGHG,LMP_GHG_PRC,KERNFRNT_7_B1,ALL,1,0,1,90
2022-09-02T22:00:00-00:00,2022-09-02T22:15:00-00:00,2022-09-02,16,KERNFRNT_7_B1,KERNFRNT_7_B1,KERNFRNT_7_B1,RTPD,MGHG,LMP_GHG_PRC,KERNFRNT_7_B1,ALL,1,0,1,90
2022-09-02T23:00:00-00:00,2022-09-02T23:15:00-00:00,2022-09-02,17,KERNFRNT_7_B1,KERNFRNT_7_B1,KERNFRNT_7_B1,RTPD,MGHG,LMP_GHG_PRC,KERNFRNT_7_B1,ALL,1,0,1,90
2022-09-03T00:00:00-00:00,2022-09-03T00:15:00-00:00,2022-09-02,18,KERNFRNT_7_B1,KERNFRNT_7_B1,KERNFRNT_7_B1,RTPD,MGHG,LMP_GHG_PRC,KERNFRNT_7_B1,ALL,1,0,1,90
2022-09-03T01:00:00-00:00,2022-09-03T01:15:00-00:00,2022-09-02,19,KERNFRNT_7_B1,KERNFRNT_7_B1,KERNFRNT_7_B1,RTPD,MGHG,LMP_GHG_PRC,KERNFRNT_7_B1,ALL,1,0,1,90
2022-09-03T02:00:00-00:00,2022-09-03T02:15:00-00:00,2022-09-02,20,KERNFRNT_7_B1,KERNFRNT_7_B1,KERNFRNT_7_B1,RTPD,MGHG,LMP_GHG_PRC,KERNFRNT_7_B1,ALL,1,0,1,90
2022-09-03T03:00:00-00:00,2022-09-03T03:15:00-00:00,2022-09-02,21,KERNFRNT_7_B1,KERNFRNT_7_B1,KERNFRNT_7_B1,RTPD,MGHG,LMP_GHG_PRC,KERNFRNT_7_B1,ALL,1,0,1,90
2022-09-03T04:00:00-00:00,2022-09-03T04:15:00-00:00,2022-09-02,22,KERNFRNT_7_B1,KERNFRNT_7_B1,KERNFRNT_7_B1,RTPD,MGHG,LMP_GHG_PRC,KERNFRNT_7_B1,ALL,1,0,1,90
2022-09-03T05:00:00-00:00,2022-09-03T05:15:00-00:00,2022-09-02,23,KERNFRNT_7_B1,KERNFRNT_7_B1,KERNFRNT_7_B1,RTPD,MGHG,LMP_GHG_PRC,KERNFRNT_7_B1,ALL,1,0,1,90
2022-09-03T06:00:00-00:00,2022-09-03T06:15:00-00:00,2022-09-02,24,KERNFRNT_7_B1,KERNFRNT_7_B1,KERNFRNT_7_B1,RTPD,MGHG,LMP_GHG_PRC,KERNFRNT_7_B1,ALL,1,0,1,90
2022-09-02T07:15:00-00:00,2022-09-02T07:30:00-00:00,2022-09-02,01,KERNFRNT_7_B1,KERNFRNT_7_B1,KERNFRNT_7_B1,RTPD,MGHG,LMP_GHG_PRC,KERNFRNT_7_B1,ALL,1,0,2,90
2022-09-02T08:15:00-00:00,2022-09-02T08:30:00-00:00,2022-09-02,02,KERNFRNT_7_B1,KERNFRNT_7_B1,KERNFRNT_7_B1,RTPD,MGHG,LMP_GHG_PRC,KERNFRNT_7_B1,ALL,1,0,2,90
2022-09-02T09:15:00-00:00,2022-09-02T09:30:00-00:00,2022-09-02,03,KERNFRNT_7_B1,KERNFRNT_7_B1,KERNFRNT_7_B1,RTPD,MGHG,LMP_GHG_PRC,KERNFRNT_7_B1,ALL,1,0,2,90
2022-09-02T10:15:00-00:00,2022-09-02T10:30:00-00:00,2022-09-02,04,KERNFRNT_7_B1,KERNFRNT_7_B1,KERNFRNT_7_B1,RTPD,MGHG,LMP_GHG_PRC,KERNFRNT_7_B1,ALL,1,0,2,90
2022-09-02T11:15:00-00:00,2022-09-02T11:30:00-00:00,2022-09-02,05,KERNFRNT_7_B1,KERNFRNT_7_B1,KERNFRNT_7_B1,RTPD,MGHG,LMP_GHG_PRC,KERNFRNT_7_B1,ALL,1,0,2,90
2022-09-02T12:15:00-00:00,2022-09-02T12:30:00-00:00,2022-09-02,06,KERNFRNT_7_B1,KERNFRNT_7_B1,KERNFRNT_7_B1,RTPD,MGHG,LMP_GHG_PRC,KERNFRNT_7_B1,ALL,1,0,2,90
2022-09-02T13:15:00-00:00,2022-09-02T13:30:00-00:00,2022-09-02,07,KERNFRNT_7_B1,KERNFRNT_7_B1,KERNFRNT_7_B1,RTPD,MGHG,LMP_GHG_PRC,KERNFRNT_7_B1,ALL,1,0,2,90
2022-09-02T14:15:00-00:00,2022-09-02T14:30:00-00:00,2022-09-02,08,KERNFRNT_7_B1,KERNFRNT_7_B1,KERNFRNT_7_B1,RTPD,MGHG,LMP_GHG_PRC,KERNFRNT_7_B1,ALL,1,0,2,90
2022-09-02T15:15:00-00:00,2022-09-02T15:30:00-00:00,2022-09-02,09,KERNFRNT_7_B1,KERNFRNT_7_B1,KERNFRNT_7_B1,RTPD,MGHG,LMP_GHG_PRC,KERNFRNT_7_B1,ALL,1,0,2,90
2022-09-02T16:15:00-00:00,2022-09-02T16:30:00-00:00,2022-09-02,10,KERNFRNT_7_B1,KERNFRNT_7_B1,KERNFRNT_7_B1,RTPD,MGHG,LMP_GHG_PRC,KERNFRNT_7_B1,ALL,1,0,2,90
2022-09-02T17:15:00-00:00,2022-09-02T17:30:00-00:00,2022-09-02,11,KERNFRNT_7_B1,KERNFRNT_7_B1,KERNFRNT_7_B1,RTPD,MGHG,LMP_GHG_PRC,KERNFRNT_7_B1,ALL,1,0,2,90
2022-09-02T18:15:00-00:00,2022-09-02T18:30:00-00:00,2022-09-02,12,KERNFRNT_7_B1,KERNFRNT_7_B1,KERNFRNT_7_B1,RTPD,MGHG,LMP_GHG_PRC,KERNFRNT_7_B1,ALL,1,0,2,90
2022-09-02T19:15:00-00:00,2022-09-02T19:30:00-00:00,2022-09-02,13,KERNFRNT_7_B1,KERNFRNT_7_B1,KERNFRNT_7_B1,RTPD,MGHG,LMP_GHG_PRC,KERNFRNT_7_B1,ALL,1,0,2,90
2022-09-02T20:15:00-00:00,2022-09-02T20:30:00-00:00,2022-09-02,14,KERNFRNT_7_B1,KERNFRNT_7_B1,KERNFRNT_7_B1,RTPD,MGHG,LMP_GHG_PRC,KERNFRNT_7_B1,ALL,1,0,2,90
2022-09-02T21:15:00-00:00,2022-09-02T21:30:00-00:00,2022-09-02,15,KERNFRNT_7_B1,KERNFRNT_7_B1,KERNFRNT_7_B1,RTPD,MGHG,LMP_GHG_PRC,KERNFRNT_7_B1,ALL,1,0,2,90
2022-09-02T22:15:00-00:00,2022-09-02T22:30:00-00:00,2022-09-02,16,KERNFRNT_7_B1,KERNFRNT_7_B1,KERNFRNT_7_B1,RTPD,MGHG,LMP_GHG_PRC,KERNFRNT_7_B1,ALL,1,0,2,90
2022-09-02T23:15:00-00:00,2022-09-02T23:30:00-00:00,2022-09-02,17,KERNFRNT_7_B1,KERNFRNT_7_B1,KERNFRNT_7_B1,RTPD,MGHG,LMP_GHG_PRC,KERNFRNT_7_B1,ALL,1,0,2,90
2022-09-03T00:15:00-00:00,2022-09-03T00:30:00-00:00,2022-09-02,18,KERNFRNT_7_B1,KERNFRNT_7_B1,KERNFRNT_7_B1,RTPD,MGHG,LMP_GHG_PRC,KERNFRNT_7_B1,ALL,1,0,2,90
2022-09-03T01:15:00-00:00,2022-09-03T01:30:00-00:00,2022-09-02,19,KERNFRNT_7_B1,KERNFRNT_7_B1,KERNFRNT_7_B1,RTPD,MGHG,LMP_GHG_PRC,KERNFRNT_7_B1,ALL,1,0,2,90
2022-09-03T02:15:00-00:00,2022-09-03T02:30:00-00:00,2022-09-02,20,KERNFRNT_7_B1,KERNFRNT_7_B1,KERNFRNT_7_B1,RTPD,MGHG,LMP_GHG_PRC,KERNFRNT_7_B1,ALL,1,0,2,90
2022-09-03T03:15:00-00:00,2022-09-03T03:30:00-00:00,2022-09-02,21,KERNFRNT_7_B1,KERNFRNT_7_B1,KERNFRNT_7_B1,RTPD,MGHG,LMP_GHG_PRC,KERNFRNT_7_B1,ALL,1,0,2,90
2022-09-03T04:15:00-00:00,2022-09-03T04:30:00-00:00,2022-09-02,22,KERNFRNT_7_B1,KERNFRNT_7_B1,KERNFRNT_7_B1,RTPD,MGHG,LMP_GHG_PRC,KERNFRNT_7_B1,ALL,1,0,2,90
2022-09-03T05:15:00-00:00,2022-09-03T05:30:00-00:00,2022-09-02,23,KERNFRNT_7_B1,KERNFRNT_7_B1,KERNFRNT_7_B1,RTPD,MGHG,LMP_GHG_PRC,KERNFRNT_7_B1,ALL,1,0,2,90
2022-09-03T06:15:00-00:00,2022-09-03T06:30:00-00:00,2022-09-02,24,KERNFRNT_7_B1,KERNFRNT_7_B1,KERNFRNT_7_B1,RTPD,MGHG,LMP_GHG_PRC,KERNFRNT_7_B1,ALL,1,0,2,90
2022-09-02T07:30:00-00:00,2022-09-02T07:45:00-00:00,2022-09-02,01,KERNFRNT_7_B1,KERNFRNT_7_B1,KERNFRNT_7_B1,RTPD,MGHG,LMP_GHG_PRC,KERNFRNT_7_B1,ALL,1,0,3,90
2022-09-02T08:30:00-00:00,2022-09-02T08:45:00-00:00,2022-09-02,02,KERNFRNT_7_B1,KERNFRNT_7_B1,KERNFRNT_7_B1,RTPD,MGHG,LMP_GHG_PRC,KERNFRNT_7_B1,ALL,1,0,3,90
2022-09-02T09:30:00-00:00,2022-09-02T09:45:00-00:00,2022-09-02,03,KERNFRNT_7_B1,KERNFRNT_7_B1,KERNFRNT_7_B1,RTPD,MGHG,LMP_GHG_PRC,KERNFRNT_7_B1,ALL,1,0,3,90
2022-09-02T10:30:00-00:00,2022-09-02T10:45:00-00:00,2022-09-02,04,KERNFRNT_7_B1,KERNFRNT_7_B1,KERNFRNT_7_B1,RTPD,MGHG,LMP_GHG_PRC,KERNFRNT_7_B1,ALL,1,0,3,90
2022-09-02T11:30:00-00:00,2022-09-02T11:45:00-00:00,2022-09-02,05,KERNFRNT_7_B1,KERNFRNT_7_B1,KERNFRNT_7_B1,RTPD,MGHG,LMP_GHG_PRC,KERNFRNT_7_B1,ALL,1,0,3,90
2022-09-02T12:30:00-00:00,2022-09-02T12:45:00-00:00,2022-09-02,06,KERNFRNT_7_B1,KERNFRNT_7_B1,KERNFRNT_7_B1,RTPD,MGHG,LMP_GHG_PRC,KERNFRNT_7_B1,ALL,1,0,3,90
2022-09-02T13:30:00-00:00,2022-09-02T13:45:00-00:00,2022-09-02,07,KERNFRNT_7_B1,KERNFRNT_7_B1,KERNFRNT_7_B1,RTPD,MGHG,LMP_GHG_PRC,KERNFRNT_7_B1,ALL,1,0,3,90
2022-09-02T14:30:00-00:00,2022-09-02T14:45:00-00:00,2022-09-02,08,KERNFRNT_7_B1,KERNFRNT_7_B1,KERNFRNT_7_B1,RTPD,MGHG,LMP_GHG_PRC,KERNFRNT_7_B1,ALL,1,0,3,90
2022-09-02T15:30:00-00:00,2022-09-02T15:45:00-00:00,2022-09-02,09,KERNFRNT_7_B1,KERNFRNT_7_B1,KERNFRNT_7_B1,RTPD,MGHG,LMP_GHG_PRC,KERNFRNT_7_B1,ALL,1,0,3,90
2022-09-02T16:30:00-00:00,2022-09-02T16:45:00-00:00,2022-09-02,10,KERNFRNT_7_B1,KERNFRNT_7_B1,KERNFRNT_7_B1,RTPD,MGHG,LMP_GHG_PRC,KERNFRNT_7_B1,ALL,1,0,3,90
2022-09-02T17:30:00-00:00,2022-09-02T17:45:00-00:00,2022-09-02,11,KERNFRNT_7_B1,KERNFRNT_7_B1,KERNFRNT_7_B1,RTPD,MGHG,LMP_GHG_PRC,KERNFRNT_7_B1,ALL,1,0,3,90
2022-09-02T18:30:00-00:00,2022-09-02T18:45:00-00:00,2022-09-02,12,KERNFRNT_7_B1,KERNFRNT_7_B1,KERNFRNT_7_B1,RTPD,MGHG,LMP_GHG_PRC,KERNFRNT_7_B1,ALL,1,0,3,90
2022-09-02T19:30:00-00:00,2022-09-02T19:45:00-00:00,2022-09-02,13,KERNFRNT_7_B1,KERNFRNT_7_B1,KERNFRNT_7_B1,RTPD,MGHG,LMP_GHG_PRC,KERNFRNT_7_B1,ALL,1,0,3,90
2022-09-02T20:30:00-00:00,2022-09-02T20:45:00-00:00,2022-09-02,14,KERNFRNT_7_B1,KERNFRNT_7_B1,KERNFRNT_7_B1,RTPD,MGHG,LMP_GHG_PRC,KERNFRNT_7_B1,ALL,1,0,3,90
2022-09-02T21:30:00-00:00,2022-09-02T21:45:00-00:00,2022-09-02,15,KERNFRNT_7_B1,KERNFRNT_7_B1,KERNFRNT_7_B1,RTPD,MGHG,LMP_GHG_PRC,KERNFRNT_7_B1,ALL,1,0,3,90
2022-09-02T22:30:00-00:00,2022-09-02T22:45:00-00:00,2022-09-02,16,KERNFRNT_7_B1,KERNFRNT_7_B1,KERNFRNT_7_B1,RTPD,MGHG,LMP_GHG_PRC,KERNFRNT_7_B1,ALL,1,0,3,90
2022-09-02T23:30:00-00:00,2022-09-02T23:45:00-00:00,2022-09-02,17,KERNFRNT_7_B1,KERNFRNT_7_B1,KERNFRNT_7_B1,RTPD,MGHG,LMP_GHG_PRC,KERNFRNT_7_B1,ALL,1,0,3,90
2022-09-03T00:30:00-00:00,2022-09-03T00:45:00-00:00,2022-09-02,18,KERNFRNT_7_B1,KERNFRNT_7_B1,KERNFRNT_7_B1,RTPD,MGHG,LMP_GHG_PRC,KERNFRNT_7_B1,ALL,1,0,3,90
2022-09-03T01:30:00-00:00,2022-09-03T01:45:00-00:00,2022-09-02,19,KERNFRNT_7_B1,KERNFRNT_7_B1,KERNFRNT_7_B1,RTPD,MGHG,LMP_GHG_PRC,KERNFRNT_7_B1,ALL,1,0,3,90
2022-09-03T02:30:00-00:00,2022-09-03T02:45:00-00:00,2022-09-02,20,KERNFRNT_7_B1,KERNFRNT_7_B1,KERNFRNT_7_B1,RTPD,MGHG,LMP_GHG_PRC,KERNFRNT_7_B1,ALL,1,0,3,90
2022-09-03T03:30:00-00:00,2022-09-03T03:45:00-00:00,2022-09-02,21,KERNFRNT_7_B1,KERNFRNT_7_B1,KERNFRNT_7_B1,RTPD,MGHG,LMP_GHG_PRC,KERNFRNT_7_B1,ALL,1,0,3,90
2022-09-03T04:30:00-00:00,2022-09-03T04:45:00-00:00,2022-09-02,22,KERNFRNT_7_B1,KERNFRNT_7_B1,KERNFRNT_7_B1,RTPD,MGHG,LMP_GHG_PRC,KERNFRNT_7_B1,ALL,1,0,3,90
2022-09-03T05:30:00-00:00,2022-09-03T05:45:00-00:00,2022-09-02,23,KERNFRNT_7_B1,KERNFRNT_7_B1,KERNFRNT_7_B1,RTPD,MGHG,LMP_GHG_PRC,KERNFRNT_7_B1,ALL,1,0,3,90
2022-09-03T06:30:00-00:00,2022-09-03T06:45:00-00:00,2022-09-02,24,KERNFRNT_7_B1,KERNFRNT_7_B1,KERNFRNT_7_B1,RTPD,MGHG,LMP_GHG_PRC,KERNFRNT_7_B1,ALL,1,0,3,90
2022-09-02T07:45:00-00:00,2022-09-02T08:00:00-00:00,2022-09-02,01,KERNFRNT_7_B1,KERNFRNT_7_B1,KERNFRNT_7_B1,RTPD,MGHG,LMP_GHG_PRC,KERNFRNT_7_B1,ALL,1,0,4,90
2022-09-02T08:45:00-00:00,2022-09-02T09:00:00-00:00,2022-09-02,02,KERNFRNT_7_B1,KERNFRNT_7_B1,KERNFRNT_7_B1,RTPD,MGHG,LMP_GHG_PRC,KERNFRNT_7_B1,ALL,1,0,4,90
2022-09-02T09:45:00-00:00,2022-09-02T10:00:00-00:00,2022-09-02,03,KERNFRNT_7_B1,KERNFRNT_7_B1,KERNFRNT_7_B1,RTPD,MGHG,LMP_GHG_PRC,KERNFRNT_7_B1,ALL,1,0,4,90
2022-09-02T10:45:00-00:00,2022-09-02T11:00:00-00:00,2022-09-02,04,KERNFRNT_7_B1,KERNFRNT_7_B1,KERNFRNT_7_B1,RTPD,MGHG,LMP_GHG_PRC,KERNFRNT_7_B1,ALL,1,0,4,90
2022-09-02T11:45:00-00:00,2022-09-02T12:00:00-00:00,2022-09-02,05,KERNFRNT_7_B1,KERNFRNT_7_B1,KERNFRNT_7_B1,RTPD,MGHG,LMP_GHG_PRC,KERNFRNT_7_B1,ALL,1,0,4,90
2022-09-02T12:45:00-00:00,2022-09-02T13:00:00-00:00,2022-09-02,06,KERNFRNT_7_B1,KERNFRNT_7_B1,KERNFRNT_7_B1,RTPD,MGHG,LMP_GHG_PRC,KERNFRNT_7_B1,ALL,1,0,4,90
2022-09-02T13:45:00-00:00,2022-09-02T14:00:00-00:00,2022-09-02,07,KERNFRNT_7_B1,KERNFRNT_7_B1,KERNFRNT_7_B1,RTPD,MGHG,LMP_GHG_PRC,KERNFRNT_7_B1,ALL,1,0,4,90
2022-09-02T14:45:00-00:00,2022-09-02T15:00:00-00:00,2022-09-02,08,KERNFRNT_7_B1,KERNFRNT_7_B1,KERNFRNT_7_B1,RTPD,MGHG,LMP_GHG_PRC,KERNFRNT_7_B1,ALL,1,0,4,90
2022-09-02T15:45:00-00:00,2022-09-02T16:00:00-00:00,2022-09-02,09,KERNFRNT_7_B1,KERNFRNT_7_B1,KERNFRNT_7_B1,RTPD,MGHG,LMP_GHG_PRC,KERNFRNT_7_B1,ALL,1,0,4,90
2022-09-02T16:45:00-00:00,2022-09-02T17:00:00-00:00,2022-09-02,10,KERNFRNT_7_B1,KERNFRNT_7_B1,KERNFRNT_7_B1,RTPD,MGHG,LMP_GHG_PRC,KERNFRNT_7_B1,ALL,1,0,4,90
2022-09-02T17:45:00-00:00,2022-09-02T18:00:00-00:00,2022-09-02,11,KERNFRNT_7_B1,KERNFRNT_7_B1,KERNFRNT_7_B1,RTPD,MGHG,LMP_GHG_PRC,KERNFRNT_7_B1,ALL,1,0,4,90
2022-09-02T18:45:00-00:00,2022-09-02T19:00:00-00:00,2022-09-02,12,KERNFRNT_7_B1,KERNFRNT_7_B1,KERNFRNT_7_B1,RTPD,MGHG,LMP_GHG_PRC,KERNFRNT_7_B1,ALL,1,0,4,90
2022-09-02T19:45:00-00:00,2022-09-02T20:00:00-00:00,2022-09-02,13,KERNFRNT_7_B1,KERNFRNT_7_B1,KERNFRNT_7_B1,RTPD,MGHG,LMP_GHG_PRC,KERNFRNT_7_B1,ALL,1,0,4,90
2022-09-02T20:45:00-00:00,2022-09-02T21:00:00-00:00,2022-09-02,14,KERNFRNT_7_B1,KERNFRNT_7_B1,KERNFRNT_7_B1,RTPD,MGHG,LMP_GHG_PRC,KERNFRNT_7_B1,ALL,1,0,4,90
2022-09-02T21:45:00-00:00,2022-09-02T22:00:00-00:00,2022-09-02,15,KERNFRNT_7_B1,KERNFRNT_7_B1,KERNFRNT_7_B1,RTPD,MGHG,LMP_GHG_PRC,KERNFRNT_7_B1,ALL,1,0,4,90
2022-09-02T22:45:00-00:00,2022-09-02T23:00:00-00:00,2022-09-02,16,KERNFRNT_7_B1,KERNFRNT_7_B1,KERNFRNT_7_B1,RTPD,MGHG,LMP_GHG_PRC,KERNFRNT_7_B1,ALL,1,0,4,90
2022-09-02T23:45:00-00:00,2022-09-03T00:00:00-00:00,2022-09-02,17,KERNFRNT_7_B1,KERNFRNT_7_B1,KERNFRNT_7_B1,RTPD,MGHG,LMP_GHG_PRC,KERNFRNT_7_B1,ALL,1,0,4,90
2022-09-03T00:45:00-00:00,2022-09-03T01:00:00-00:00,2022-09-02,18,KERNFRNT_7_B1,KERNFRNT_7_B1,KERNFRNT_7_B1,RTPD,MGHG,LMP_GHG_PRC,KERNFRNT_7_B1,ALL,1,0,4,90
2022-09-03T01:45:00-00:00,2022-09-03T02:00:00-00:00,2022-09-02,19,KERNFRNT_7_B1,KERNFRNT_7_B1,KERNFRNT_7_B1,RTPD,MGHG,LMP_GHG_PRC,KERNFRNT_7_B1,ALL,1,0,4,90
2022-09-03T02:45:00-00:00,2022-09-03T03:00:00-00:00,2022-09-02,20,KERNFRNT_7_B1,KERNFRNT_7_B1,KERNFRNT_7_B1,RTPD,MGHG,LMP_GHG_PRC,KERNFRNT_7_B1,ALL,1,0,4,90
2022-09-03T03:45:00-00:00,2022-09-03T04:00:00-00:00,2022-09-02,21,KERNFRNT_7_B1,KERNFRNT_7_B1,KERNFRNT_7_B1,RTPD,MGHG,LMP_GHG_PRC,KERNFRNT_7_B1,ALL,1,0,4,90
2022-09-03T04:45:00-00:00,2022-09-03T05:00:00-00:00,2022-09-02,22,KERNFRNT_7_B1,KERNFRNT_7_B1,KERNFRNT_7_B1,RTPD,MGHG,LMP_GHG_PRC,KERNFRNT_7_B1,ALL,1,0,4,90
2022-09-03T05:45:00-00:00,2022-09-03T06:00:00-00:00,2022-09-02,23,KERNFRNT_7_B1,KERNFRNT_7_B1,KERNFRNT_7_B1,RTPD,MGHG,LMP_GHG_PRC,KERNFRNT_7_B1,ALL,1,0,4,90
2022-09-03T06:45:00-00:00,2022-09-03T07:00:00-00:00,2022-09-02,24,KERNFRNT_7_B1,KERNFRNT_7_B1,KERNFRNT_7_B1,RTPD,MGHG,LMP_GHG_PRC,KERNFRNT_7_B1,ALL,1,0,4,90
2022-09-02T07:00:00-00:00,2022-09-02T07:15:00-00:00,2022-09-02,01,KERNOIL_1_N001,KERNOIL_1_N001,KERNOIL_1_N001,RTPD,LMP,LMP_PRC,KERNOIL_1_N001,ALL,1,145.74197,1,91
2022-09-02T08:00:00-00:00,2022-09-02T08:15:00-00:00,2022-09-02,02,KERNOIL_1_N001,KERNOIL_1_N001,KERNOIL_1_N001,RTPD,LMP,LMP_PRC,KERNOIL_1_N001,ALL,1,140.14122,1,91
2022-09-02T09:00:00-00:00,2022-09-02T09:15:00-00:00,2022-09-02,03,KERNOIL_1_N001,KERNOIL_1_N001,KERNOIL_1_N001,RTPD,LMP,LMP_PRC,KERNOIL_1_N001,ALL,1,131.89493,1,91
2022-09-02T10:00:00-00:00,2022-09-02T10:15:00-00:00,2022-09-02,04,KERNOIL_1_N001,KERNOIL_1_N001,KERNOIL_1_N001,RTPD,LMP,LMP_PRC,KERNOIL_1_N001,ALL,1,120.48783,1,91
2022-09-02T11:00:00-00:00,2022-09-02T11:15:00-00:00,2022-09-02,05,KERNOIL_1_N001,KERNOIL_1_N001,KERNOIL_1_N001,RTPD,LMP,LMP_PRC,KERNOIL_1_N001,ALL,1,112.67355,1,91
2022-09-02T12:00:00-00:00,2022-09-02T12:15:00-00:00,2022-09-02,06,KERNOIL_1_N001,KERNOIL_1_N001,KERNOIL_1_N001,RTPD,LMP,LMP_PRC,KERNOIL_1_N001,ALL,1,119.07263,1,91
2022-09-02T13:00:00-00:00,2022-09-02T13:15:00-00:00,2022-09-02,07,KERNOIL_1_N001,KERNOIL_1_N001,KERNOIL_1_N001,RTPD,LMP,LMP_PRC,KERNOIL_1_N001,ALL,1,118.4954,1,91
2022-09-02T14:00:00-00:00,2022-09-02T14:15:00-00:00,2022-09-02,08,KERNOIL_1_N001,KERNOIL_1_N001,KERNOIL_1_N001,RTPD,LMP,LMP_PRC,KERNOIL_1_N001,ALL,1,123.96338,1,91
2022-09-02T15:00:00-00:00,2022-09-02T15:15:00-00:00,2022-09-02,09,KERNOIL_1_N001,KERNOIL_1_N001,KERNOIL_1_N001,RTPD,LMP,LMP_PRC,KERNOIL_1_N001,ALL,1,93.74301,1,91
2022-09-02T16:00:00-00:00,2022-09-02T16:15:00-00:00,2022-09-02,10,KERNOIL_1_N001,KERNOIL_1_N001,KERNOIL_1_N001,RTPD,LMP,LMP_PRC,KERNOIL_1_N001,ALL,1,90.41203,1,91
2022-09-02T17:00:00-00:00,2022-09-02T17:15:00-00:00,2022-09-02,11,KERNOIL_1_N001,KERNOIL_1_N001,KERNOIL_1_N001,RTPD,LMP,LMP_PRC,KERNOIL_1_N001,ALL,1,95.24758,1,91
2022-09-02T18:00:00-00:00,2022-09-02T18:15:00-00:00,2022-09-02,12,KERNOIL_1_N001,KERNOIL_1_N001,KERNOIL_1_N001,RTPD,LMP,LMP_PRC,KERNOIL_1_N001,ALL,1,106.1824,1,91
2022-09-02T19:00:00-00:00,2022-09-02T19:15:00-00:00,2022-09-02,13,KERNOIL_1_N001,KERNOIL_1_N001,KERNOIL_1_N001,RTPD,LMP,LMP_PRC,KERNOIL_1_N001,ALL,1,107.4128,1,91
2022-09-02T20:00:00-00:00,2022-09-02T20:15:00-00:00,2022-09-02,14,KERNOIL_1_N001,KERNOIL_1_N001,KERNOIL_1_N001,RTPD,LMP,LMP_PRC,KERNOIL_1_N001,ALL,1,114.2706,1,91
2022-09-02T21:00:00-00:00,2022-09-02T21:15:00-00:00,2022-09-02,15,KERNOIL_1_N001,KERNOIL_1_N001,KERNOIL_1_N001,RTPD,LMP,LMP_PRC,KERNOIL_1_N001,ALL,1,127.47785,1,91
2022-09-02T22:00:00-00:00,2022-09-02T22:15:00-00:00,2022-09-02,16,KERNOIL_1_N001,KERNOIL_1_N001,KERNOIL_1_N001,RTPD,LMP,LMP_PRC,KERNOIL_1_N001,ALL,1,149.46373,1,91
2022-09-02T23:00:00-00:00,2022-09-02T23:15:00-00:00,2022-09-02,17,KERNOIL_1_N001,KERNOIL_1_N001,KERNOIL_1_N001,RTPD,LMP,LMP_PRC,KERNOIL_1_N001,ALL,1,242.03513,1,91
2022-09-03T00:00:00-00:00,2022-09-03T00:15:00-00:00,2022-09-02,18,KERNOIL_1_N001,KERNOIL_1_N001,KERNOIL_1_N001,RTPD,LMP,LMP_PRC,KERNOIL_1_N001,ALL,1,122.45652,1,91
2022-09-03T01:00:00-00:00,2022-09-03T01:15:00-00:00,2022-09-02,19,KERNOIL_1_N001,KERNOIL_1_N001,KERNOIL_1_N001,RTPD,LMP,LMP_PRC,KERNOIL_1_N001,ALL,1,132.06949,1,91
2022-09-03T02:00:00-00:00,2022-09-03T02:15:00-00:00,2022-09-02,20,KERNOIL_1_N001,KERNOIL_1_N001,KERNOIL_1_N001,RTPD,LMP,LMP_PRC,KERNOIL_1_N001,ALL,1,233.8323,1,91
2022-09-03T03:00:00-00:00,2022-09-03T03:15:00-00:00,2022-09-02,21,KERNOIL_1_N001,KERNOIL_1_N001,KERNOIL_1_N001,RTPD,LMP,LMP_PRC,KERNOIL_1_N001,ALL,1,156.10045,1,91
2022-09-03T04:00:00-00:00,2022-09-03T04:15:00-00:00,2022-09-02,22,KERNOIL_1_N001,KERNOIL_1_N001,KERNOIL_1_N001,RTPD,LMP,LMP_PRC,KERNOIL_1_N001,ALL,1,175.96867,1,91
2022-09-03T05:00:00-00:00,2022-09-03T05:15:00-00:00,2022-09-02,23,KERNOIL_1_N001,KERNOIL_1_N001,KERNOIL_1_N001,RTPD,LMP,LMP_PRC,KERNOIL_1_N001,ALL,1,150.66914,1,91
2022-09-03T06:00:00-00:00,2022-09-03T06:15:00-00:00,2022-09-02,24,KERNOIL_1_N001,KERNOIL_1_N001,KERNOIL_1_N001,RTPD,LMP,LMP_PRC,KERNOIL_1_N001,ALL,1,93.181,1,91
2022-09-02T07:15:00-00:00,2022-09-02T07:30:00-00:00,2022-09-02,01,KERNOIL_1_N001,KERNOIL_1_N001,KERNOIL_1_N001,RTPD,LMP,LMP_PRC,KERNOIL_1_N001,ALL,1,137.21619,2,91
2022-09-02T08:15:00-00:00,2022-09-02T08:30:00-00:00,2022-09-02,02,KERNOIL_1_N001,KERNOIL_1_N001,KERNOIL_1_N001,RTPD,LMP,LMP_PRC,KERNOIL_1_N001,ALL,1,137.33238,2,91
2022-09-02T09:15:00-00:00,2022-09-02T09:30:00-00:00,2022-09-02,03,KERNOIL_1_N001,KERNOIL_1_N001,KERNOIL_1_N001,RTPD,LMP,LMP_PRC,KERNOIL_1_N001,ALL,1,130.60907,2,91
2022-09-02T10:15:00-00:00,2022-09-02T10:30:00-00:00,2022-09-02,04,KERNOIL_1_N001,KERNOIL_1_N001,KERNOIL_1_N001,RTPD,LMP,LMP_PRC,KERNOIL_1_N001,ALL,1,116.72534,2,91
2022-09-02T11:15:00-00:00,2022-09-02T11:30:00-00:00,2022-09-02,05,KERNOIL_1_N001,KERNOIL_1_N001,KERNOIL_1_N001,RTPD,LMP,LMP_PRC,KERNOIL_1_N001,ALL,1,113.13798,2,91
2022-09-02T12:15:00-00:00,2022-09-02T12:30:00-00:00,2022-09-02,06,KERNOIL_1_N001,KERNOIL_1_N001,KERNOIL_1_N001,RTPD,LMP,LMP_PRC,KERNOIL_1_N001,ALL,1,121.75153,2,91
2022-09-02T13:15:00-00:00,2022-09-02T13:30:00-00:00,2022-09-02,07,KERNOIL_1_N001,KERNOIL_1_N001,KERNOIL_1_N001,RTPD,LMP,LMP_PRC,KERNOIL_1_N001,ALL,1,120.11874,2,91
2022-09-02T14:15:00-00:00,2022-09-02T14:30:00-00:00,2022-09-02,08,KERNOIL_1_N001,KERNOIL_1_N001,KERNOIL_1_N001,RTPD,LMP,LMP_PRC,KERNOIL_1_N001,ALL,1,116.77762,2,91
2022-09-02T15:15:00-00:00,2022-09-02T15:30:00-00:00,2022-09-02,09,KERNOIL_1_N001,KERNOIL_1_N001,KERNOIL_1_N001,RTPD,LMP,LMP_PRC,KERNOIL_1_N001,ALL,1,83.80544,2,91
2022-09-02T16:15:00-00:00,2022-09-02T16:30:00-00:00,2022-09-02,10,KERNOIL_1_N001,KERNOIL_1_N001,KERNOIL_1_N001,RTPD,LMP,LMP_PRC,KERNOIL_1_N001,ALL,1,95.09786,2,91
2022-09-02T17:15:00-00:00,2022-09-02T17:30:00-00:00,2022-09-02,11,KERNOIL_1_N001,KERNOIL_1_N001,KERNOIL_1_N001,RTPD,LMP,LMP_PRC,KERNOIL_1_N001,ALL,1,103.9434,2,91
2022-09-02T18:15:00-00:00,2022-09-02T18:30:00-00:00,2022-09-02,12,KERNOIL_1_N001,KERNOIL_1_N001,KERNOIL_1_N001,RTPD,LMP,LMP_PRC,KERNOIL_1_N001,ALL,1,110.87486,2,91
2022-09-02T19:15:00-00:00,2022-09-02T19:30:00-00:00,2022-09-02,13,KERNOIL_1_N001,KERNOIL_1_N001,KERNOIL_1_N001,RTPD,LMP,LMP_PRC,KERNOIL_1_N001,ALL,1,112.18241,2,91
2022-09-02T20:15:00-00:00,2022-09-02T20:30:00-00:00,2022-09-02,14,KERNOIL_1_N001,KERNOIL_1_N001,KERNOIL_1_N001,RTPD,LMP,LMP_PRC,KERNOIL_1_N001,ALL,1,117.05701,2,91
2022-09-02T21:15:00-00:00,2022-09-02T21:30:00-00:00,2022-09-02,15,KERNOIL_1_N001,KERNOIL_1_N001,KERNOIL_1_N001,RTPD,LMP,LMP_PRC,KERNOIL_1_N001,ALL,1,128.54134,2,91
2022-09-02T22:15:00-00:00,2022-09-02T22:30:00-00:00,2022-09-02,16,KERNOIL_1_N001,KERNOIL_1_N001,KERNOIL_1_N001,RTPD,LMP,LMP_PRC,KERNOIL_1_N001,ALL,1,163.16403,2,91
2022-09-02T23:15:00-00:00,2022-09-02T23:30:00-00:00,2022-09-02,17,KERNOIL_1_N001,KERNOIL_1_N001,KERNOIL_1_N001,RTPD,LMP,LMP_PRC,KERNOIL_1_N001,ALL,1,245.52724,2,91
2022-09-03T00:15:00-00:00,2022-09-03T00:30:00-00:00,2022-09-02,18,KERNOIL_1_N001,KERNOIL_1_N001,KERNOIL_1_N001,RTPD,LMP,LMP_PRC,KERNOIL_1_N001,ALL,1,123.10979,2,91
2022-09-03T01:15:00-00:00,2022-09-03T01:30:00-00:00,2022-09-02,19,KERNOIL_1_N001,KERNOIL_1_N001,KERNOIL_1_N001,RTPD,LMP,LMP_PRC,KERNOIL_1_N001,ALL,1,159.24776,2,91
2022-09-03T02:15:00-00:00,2022-09-03T02:30:00-00:00,2022-09-02,20,KERNOIL_1_N001,KERNOIL_1_N001,KERNOIL_1_N001,RTPD,LMP,LMP_PRC,KERNOIL_1_N001,ALL,1,228.30687,2,91
2022-09-03T03:15:00-00:00,2022-09-03T03:30:00-00:00,2022-09-02,21,KERNOIL_1_N001,KERNOIL_1_N001,KERNOIL_1_N001,RTPD,LMP,LMP_PRC,KERNOIL_1_N001,ALL,1,154.88947,2,91
2022-09-03T04:15:00-00:00,2022-09-03T04:30:00-00:00,2022-09-02,22,KERNOIL_1_N001,KERNOIL_1_N001,KERNOIL_1_N001,RTPD,LMP,LMP_PRC,KERNOIL_1_N001,ALL,1,138.13701,2,91
2022-09-03T05:15:00-00:00,2022-09-03T05:30:00-00:00,2022-09-02,23,KERNOIL_1_N001,KERNOIL_1_N001,KERNOIL_1_N001,RTPD,LMP,LMP_PRC,KERNOIL_1_N001,ALL,1,130.49577,2,91
2022-09-03T06:15:00-00:00,2022-09-03T06:30:00-00:00,2022-09-02,24,KERNOIL_1_N001,KERNOIL_1_N001,KERNOIL_1_N001,RTPD,LMP,LMP_PRC,KERNOIL_1_N001,ALL,1,87.85013,2,91
2022-09-02T07:30:00-00:00,2022-09-02T07:45:00-00:00,2022-09-02,01,KERNOIL_1_N001,KERNOIL_1_N001,KERNOIL_1_N001,RTPD,LMP,LMP_PRC,KERNOIL_1_N001,ALL,1,140.2684,3,91
2022-09-02T08:30:00-00:00,2022-09-02T08:45:00-00:00,2022-09-02,02,KERNOIL_1_N001,KERNOIL_1_N001,KERNOIL_1_N001,RTPD,LMP,LMP_PRC,KERNOIL_1_N001,ALL,1,129.66145,3,91
2022-09-02T09:30:00-00:00,2022-09-02T09:45:00-00:00,2022-09-02,03,KERNOIL_1_N001,KERNOIL_1_N001,KERNOIL_1_N001,RTPD,LMP,LMP_PRC,KERNOIL_1_N001,ALL,1,118.40156,3,91
2022-09-02T10:30:00-00:00,2022-09-02T10:45:00-00:00,2022-09-02,04,KERNOIL_1_N001,KERNOIL_1_N001,KERNOIL_1_N001,RTPD,LMP,LMP_PRC,KERNOIL_1_N001,ALL,1,114.5158,3,91
2022-09-02T11:30:00-00:00,2022-09-02T11:45:00-00:00,2022-09-02,05,KERNOIL_1_N001,KERNOIL_1_N001,KERNOIL_1_N001,RTPD,LMP,LMP_PRC,KERNOIL_1_N001,ALL,1,110.63454,3,91
2022-09-02T12:30:00-00:00,2022-09-02T12:45:00-00:00,2022-09-02,06,KERNOIL_1_N001,KERNOIL_1_N001,KERNOIL_1_N001,RTPD,LMP,LMP_PRC,KERNOIL_1_N001,ALL,1,122.56199,3,91
2022-09-02T13:30:00-00:00,2022-09-02T13:45:00-00:00,2022-09-02,07,KERNOIL_1_N001,KERNOIL_1_N001,KERNOIL_1_N001,RTPD,LMP,LMP_PRC,KERNOIL_1_N001,ALL,1,117.80073,3,91
2022-09-02T14:30:00-00:00,2022-09-02T14:45:00-00:00,2022-09-02,08,KERNOIL_1_N001,KERNOIL_1_N001,KERNOIL_1_N001,RTPD,LMP,LMP_PRC,KERNOIL_1_N001,ALL,1,105.75236,3,91
2022-09-02T15:30:00-00:00,2022-09-02T15:45:00-00:00,2022-09-02,09,KERNOIL_1_N001,KERNOIL_1_N001,KERNOIL_1_N001,RTPD,LMP,LMP_PRC,KERNOIL_1_N001,ALL,1,85.77671,3,91
2022-09-02T16:30:00-00:00,2022-09-02T16:45:00-00:00,2022-09-02,10,KERNOIL_1_N001,KERNOIL_1_N001,KERNOIL_1_N001,RTPD,LMP,LMP_PRC,KERNOIL_1_N001,ALL,1,91.65613,3,91
2022-09-02T17:30:00-00:00,2022-09-02T17:45:00-00:00,2022-09-02,11,KERNOIL_1_N001,KERNOIL_1_N001,KERNOIL_1_N001,RTPD,LMP,LMP_PRC,KERNOIL_1_N001,ALL,1,105.32192,3,91
2022-09-02T18:30:00-00:00,2022-09-02T18:45:00-00:00,2022-09-02,12,KERNOIL_1_N001,KERNOIL_1_N001,KERNOIL_1_N001,RTPD,LMP,LMP_PRC,KERNOIL_1_N001,ALL,1,117.26738,3,91
2022-09-02T19:30:00-00:00,2022-09-02T19:45:00-00:00,2022-09-02,13,KERNOIL_1_N001,KERNOIL_1_N001,KERNOIL_1_N001,RTPD,LMP,LMP_PRC,KERNOIL_1_N001,ALL,1,119.01033,3,91
2022-09-02T20:30:00-00:00,2022-09-02T20:45:00-00:00,2022-09-02,14,KERNOIL_1_N001,KERNOIL_1_N001,KERNOIL_1_N001,RTPD,LMP,LMP_PRC,KERNOIL_1_N001,ALL,1,124.12892,3,91
2022-09-02T21:30:00-00:00,2022-09-02T21:45:00-00:00,2022-09-02,15,KERNOIL_1_N001,KERNOIL_1_N001,KERNOIL_1_N001,RTPD,LMP,LMP_PRC,KERNOIL_1_N001,ALL,1,142.99979,3,91
2022-09-02T22:30:00-00:00,2022-09-02T22:45:00-00:00,2022-09-02,16,KERNOIL_1_N001,KERNOIL_1_N001,KERNOIL_1_N001,RTPD,LMP,LMP_PRC,KERNOIL_1_N001,ALL,1,187.64107,3,91
2022-09-02T23:30:00-00:00,2022-09-02T23:45:00-00:00,2022-09-02,17,KERNOIL_1_N001,KERNOIL_1_N001,KERNOIL_1_N001,RTPD,LMP,LMP_PRC,KERNOIL_1_N001,ALL,1,266.23978,3,91
2022-09-03T00:30:00-00:00,2022-09-03T00:45:00-00:00,2022-09-02,18,KERNOIL_1_N001,KERNOIL_1_N001,KERNOIL_1_N001,RTPD,LMP,LMP_PRC,KERNOIL_1_N001,ALL,1,141.02107,3,91
2022-09-03T01:30:00-00:00,2022-09-03T01:45:00-00:00,2022-09-02,19,KERNOIL_1_N001,KERNOIL_1_N001,KERNOIL_1_N001,RTPD,LMP,LMP_PRC,KERNOIL_1_N001,ALL,1,242.20596,3,91
2022-09-03T02:30:00-00:00,2022-09-03T02:45:00-00:00,2022-09-02,20,KERNOIL_1_N001,KERNOIL_1_N001,KERNOIL_1_N001,RTPD,LMP,LMP_PRC,KERNOIL_1_N001,ALL,1,204.21333,3,91
2022-09-03T03:30:00-00:00,2022-09-03T03:45:00-00:00,2022-09-02,21,KERNOIL_1_N001,KERNOIL_1_N001,KERNOIL_1_N001,RTPD,LMP,LMP_PRC,KERNOIL_1_N001,ALL,1,147.18646,3,91
2022-09-03T04:30:00-00:00,2022-09-03T04:45:00-00:00,2022-09-02,22,KERNOIL_1_N001,KERNOIL_1_N001,KERNOIL_1_N001,RTPD,LMP,LMP_PRC,KERNOIL_1_N001,ALL,1,145.36765,3,91
2022-09-03T05:30:00-00:00,2022-09-03T05:45:00-00:00,2022-09-02,23,KERNOIL_1_N001,KERNOIL_1_N001,KERNOIL_1_N001,RTPD,LMP,LMP_PRC,KERNOIL_1_N001,ALL,1,125.9032,3,91
2022-09-03T06:30:00-00:00,2022-09-03T06:45:00-00:00,2022-09-02,24,KERNOIL_1_N001,KERNOIL_1_N001,KERNOIL_1_N001,RTPD,LMP,LMP_PRC,KERNOIL_1_N001,ALL,1,89.91915,3,91
2022-09-02T07:45:00-00:00,2022-09-02T08:00:00-00:00,2022-09-02,01,KERNOIL_1_N001,KERNOIL_1_N001,KERNOIL_1_N001,RTPD,LMP,LMP_PRC,KERNOIL_1_N001,ALL,1,115.2137,4,91
2022-09-02T08:45:00-00:00,2022-09-02T09:00:00-00:00,2022-09-02,02,KERNOIL_1_N001,KERNOIL_1_N001,KERNOIL_1_N001,RTPD,LMP,LMP_PRC,KERNOIL_1_N001,ALL,1,113.19793,4,91
2022-09-02T09:45:00-00:00,2022-09-02T10:00:00-00:00,2022-09-02,03,KERNOIL_1_N001,KERNOIL_1_N001,KERNOIL_1_N001,RTPD,LMP,LMP_PRC,KERNOIL_1_N001,ALL,1,109.808,4,91
2022-09-02T10:45:00-00:00,2022-09-02T11:00:00-00:00,2022-09-02,04,KERNOIL_1_N001,KERNOIL_1_N001,KERNOIL_1_N001,RTPD,LMP,LMP_PRC,KERNOIL_1_N001,ALL,1,107.4993,4,91
2022-09-02T11:45:00-00:00,2022-09-02T12:00:00-00:00,2022-09-02,05,KERNOIL_1_N001,KERNOIL_1_N001,KERNOIL_1_N001,RTPD,LMP,LMP_PRC,KERNOIL_1_N001,ALL,1,116.89429,4,91
2022-09-02T12:45:00-00:00,2022-09-02T13:00:00-00:00,2022-09-02,06,KERNOIL_1_N001,KERNOIL_1_N001,KERNOIL_1_N001,RTPD,LMP,LMP_PRC,KERNOIL_1_N001,ALL,1,122.60771,4,91
2022-09-02T13:45:00-00:00,2022-09-02T14:00:00-00:00,2022-09-02,07,KERNOIL_1_N001,KERNOIL_1_N001,KERNOIL_1_N001,RTPD,LMP,LMP_PRC,KERNOIL_1_N001,ALL,1,111.64115,4,91
2022-09-02T14:45:00-00:00,2022-09-02T15:00:00-00:00,2022-09-02,08,KERNOIL_1_N001,KERNOIL_1_N001,KERNOIL_1_N001,RTPD,LMP,LMP_PRC,KERNOIL_1_N001,ALL,1,90.84,4,91
2022-09-02T15:45:00-00:00,2022-09-02T16:00:00-00:00,2022-09-02,09,KERNOIL_1_N001,KERNOIL_1_N001,KERNOIL_1_N001,RTPD,LMP,LMP_PRC,KERNOIL_1_N001,ALL,1,83.93408,4,91
2022-09-02T16:45:00-00:00,2022-09-02T17:00:00-00:00,2022-09-02,10,KERNOIL_1_N001,KERNOIL_1_N001,KERNOIL_1_N001,RTPD,LMP,LMP_PRC,KERNOIL_1_N001,ALL,1,95.52691,4,91
2022-09-02T17:45:00-00:00,2022-09-02T18:00:00-00:00,2022-09-02,11,KERNOIL_1_N001,KERNOIL_1_N001,KERNOIL_1_N001,RTPD,LMP,LMP_PRC,KERNOIL_1_N001,ALL,1,107.89655,4,91
2022-09-02T18:45:00-00:00,2022-09-02T19:00:00-00:00,2022-09-02,12,KERNOIL_1_N001,KERNOIL_1_N001,KERNOIL_1_N001,RTPD,LMP,LMP_PRC,KERNOIL_1_N001,ALL,1,124.98745,4,91
2022-09-02T19:45:00-00:00,2022-09-02T20:00:00-00:00,2022-09-02,13,KERNOIL_1_N001,KERNOIL_1_N001,KERNOIL_1_N001,RTPD,LMP,LMP_PRC,KERNOIL_1_N001,ALL,1,134.43481,4,91
2022-09-02T20:45:00-00:00,2022-09-02T21:00:00-00:00,2022-09-02,14,KERNOIL_1_N001,KERNOIL_1_N001,KERNOIL_1_N001,RTPD,LMP,LMP_PRC,KERNOIL_1_N001,ALL,1,149.21603,4,91
2022-09-02T21:45:00-00:00,2022-09-02T22:00:00-00:00,2022-09-02,15,KERNOIL_1_N001,KERNOIL_1_N001,KERNOIL_1_N001,RTPD,LMP,LMP_PRC,KERNOIL_1_N001,ALL,1,185.27417,4,91
2022-09-02T22:45:00-00:00,2022-09-02T23:00:00-00:00,2022-09-02,16,KERNOIL_1_N001,KERNOIL_1_N001,KERNOIL_1_N001,RTPD,LMP,LMP_PRC,KERNOIL_1_N001,ALL,1,245.405,4,91
2022-09-02T23:45:00-00:00,2022-09-03T00:00:00-00:00,2022-09-02,17,KERNOIL_1_N001,KERNOIL_1_N001,KERNOIL_1_N001,RTPD,LMP,LMP_PRC,KERNOIL_1_N001,ALL,1,333.90912,4,91
2022-09-03T00:45:00-00:00,2022-09-03T01:00:00-00:00,2022-09-02,18,KERNOIL_1_N001,KERNOIL_1_N001,KERNOIL_1_N001,RTPD,LMP,LMP_PRC,KERNOIL_1_N001,ALL,1,248.56082,4,91
2022-09-03T01:45:00-00:00,2022-09-03T02:00:00-00:00,2022-09-02,19,KERNOIL_1_N001,KERNOIL_1_N001,KERNOIL_1_N001,RTPD,LMP,LMP_PRC,KERNOIL_1_N001,ALL,1,330.1521,4,91
2022-09-03T02:45:00-00:00,2022-09-03T03:00:00-00:00,2022-09-02,20,KERNOIL_1_N001,KERNOIL_1_N001,KERNOIL_1_N001,RTPD,LMP,LMP_PRC,KERNOIL_1_N001,ALL,1,185.62132,4,91
2022-09-03T03:45:00-00:00,2022-09-03T04:00:00-00:00,2022-09-02,21,KERNOIL_1_N001,KERNOIL_1_N001,KERNOIL_1_N001,RTPD,LMP,LMP_PRC,KERNOIL_1_N001,ALL,1,140.02943,4,91
2022-09-03T04:45:00-00:00,2022-09-03T05:00:00-00:00,2022-09-02,22,KERNOIL_1_N001,KERNOIL_1_N001,KERNOIL_1_N001,RTPD,LMP,LMP_PRC,KERNOIL_1_N001,ALL,1,124.45696,4,91
2022-09-03T05:45:00-00:00,2022-09-03T06:00:00-00:00,2022-09-02,23,KERNOIL_1_N001,KERNOIL_1_N001,KERNOIL_1_N001,RTPD,LMP,LMP_PRC,KERNOIL_1_N001,ALL,1,127.165,4,91
2022-09-03T06:45:00-00:00,2022-09-03T07:00:00-00:00,2022-09-02,24,KERNOIL_1_N001,KERNOIL_1_N001,KERNOIL_1_N001,RTPD,LMP,LMP_PRC,KERNOIL_1_N001,ALL,1,86.83268,4,91
2022-09-02T07:00:00-00:00,2022-09-02T07:15:00-00:00,2022-09-02,01,KERNOIL_1_N001,KERNOIL_1_N001,KERNOIL_1_N001,RTPD,MCC,LMP_CONG_PRC,KERNOIL_1_N001,ALL,1,12.35698,1,92
2022-09-02T08:00:00-00:00,2022-09-02T08:15:00-00:00,2022-09-02,02,KERNOIL_1_N001,KERNOIL_1_N001,KERNOIL_1_N001,RTPD,MCC,LMP_CONG_PRC,KERNOIL_1_N001,ALL,1,14.63554,1,92
2022-09-02T09:00:00-00:00,2022-09-02T09:15:00-00:00,2022-09-02,03,KERNOIL_1_N001,KERNOIL_1_N001,KERNOIL_1_N001,RTPD,MCC,LMP_CONG_PRC,KERNOIL_1_N001,ALL,1,11.54942,1,92
2022-09-02T10:00:00-00:00,2022-09-02T10:15:00-00:00,2022-09-02,04,KERNOIL_1_N001,KERNOIL_1_N001,KERNOIL_1_N001,RTPD,MCC,LMP_CONG_PRC,KERNOIL_1_N001,ALL,1,10.39389,1,92
2022-09-02T11:00:00-00:00,2022-09-02T11:15:00-00:00,2022-09-02,05,KERNOIL_1_N001,KERNOIL_1_N001,KERNOIL_1_N001,RTPD,MCC,LMP_CONG_PRC,KERNOIL_1_N001,ALL,1,12.87746,1,92
2022-09-02T12:00:00-00:00,2022-09-02T12:15:00-00:00,2022-09-02,06,KERNOIL_1_N001,KERNOIL_1_N001,KERNOIL_1_N001,RTPD,MCC,LMP_CONG_PRC,KERNOIL_1_N001,ALL,1,15.43552,1,92
2022-09-02T13:00:00-00:00,2022-09-02T13:15:00-00:00,2022-09-02,07,KERNOIL_1_N001,KERNOIL_1_N001,KERNOIL_1_N001,RTPD,MCC,LMP_CONG_PRC,KERNOIL_1_N001,ALL,1,12.52762,1,92
2022-09-02T14:00:00-00:00,2022-09-02T14:15:00-00:00,2022-09-02,08,KERNOIL_1_N001,KERNOIL_1_N001,KERNOIL_1_N001,RTPD,MCC,LMP_CONG_PRC,KERNOIL_1_N001,ALL,1,3.22154,1,92
2022-09-02T15:00:00-00:00,2022-09-02T15:15:00-00:00,2022-09-02,09,KERNOIL_1_N001,KERNOIL_1_N001,KERNOIL_1_N001,RTPD,MCC,LMP_CONG_PRC,KERNOIL_1_N001,ALL,1,1.96151,1,92
2022-09-02T16:00:00-00:00,2022-09-02T16:15:00-00:00,2022-09-02,10,KERNOIL_1_N001,KERNOIL_1_N001,KERNOIL_1_N001,RTPD,MCC,LMP_CONG_PRC,KERNOIL_1_N001,ALL,1,1.22847,1,92
2022-09-02T17:00:00-00:00,2022-09-02T17:15:00-00:00,2022-09-02,11,KERNOIL_1_N001,KERNOIL_1_N001,KERNOIL_1_N001,RTPD,MCC,LMP_CONG_PRC,KERNOIL_1_N001,ALL,1,0,1,92
2022-09-02T18:00:00-00:00,2022-09-02T18:15:00-00:00,2022-09-02,12,KERNOIL_1_N001,KERNOIL_1_N001,KERNOIL_1_N001,RTPD,MCC,LMP_CONG_PRC,KERNOIL_1_N001,ALL,1,0,1,92
2022-09-02T19:00:00-00:00,2022-09-02T19:15:00-00:00,2022-09-02,13,KERNOIL_1_N001,KERNOIL_1_N001,KERNOIL_1_N001,RTPD,MCC,LMP_CONG_PRC,KERNOIL_1_N001,ALL,1,0,1,92
2022-09-02T20:00:00-00:00,2022-09-02T20:15:00-00:00,2022-09-02,14,KERNOIL_1_N001,KERNOIL_1_N001,KERNOIL_1_N001,RTPD,MCC,LMP_CONG_PRC,KERNOIL_1_N001,ALL,1,0,1,92
2022-09-02T21:00:00-00:00,2022-09-02T21:15:00-00:00,2022-09-02,15,KERNOIL_1_N001,KERNOIL_1_N001,KERNOIL_1_N001,RTPD,MCC,LMP_CONG_PRC,KERNOIL_1_N001,ALL,1,0,1,92
2022-09-02T22:00:00-00:00,2022-09-02T22:15:00-00:00,2022-09-02,16,KERNOIL_1_N001,KERNOIL_1_N001,KERNOIL_1_N001,RTPD,MCC,LMP_CONG_PRC,KERNOIL_1_N001,ALL,1,0,1,92
2022-09-02T23:00:00-00:00,2022-09-02T23:15:00-00:00,2022-09-02,17,KERNOIL_1_N001,KERNOIL_1_N001,KERNOIL_1_N001,RTPD,MCC,LMP_CONG_PRC,KERNOIL_1_N001,ALL,1,98.27678,1,92
2022-09-03T00:00:00-00:00,2022-09-03T00:15:00-00:00,2022-09-02,18,KERNOIL_1_N001,KERNOIL_1_N001,KERNOIL_1_N001,RTPD,MCC,LMP_CONG_PRC,KERNOIL_1_N001,ALL,1,-116.50596,1,92
2022-09-03T01:00:00-00:00,2022-09-03T01:15:00-00:00,2022-09-02,19,KERNOIL_1_N001,KERNOIL_1_N001,KERNOIL_1_N001,RTPD,MCC,LMP_CONG_PRC,KERNOIL_1_N001,ALL,1,-20.62936,1,92
2022-09-03T02:00:00-00:00,2022-09-03T02:15:00-00:00,2022-09-02,20,KERNOIL_1_N001,KERNOIL_1_N001,KERNOIL_1_N001,RTPD,MCC,LMP_CONG_PRC,KERNOIL_1_N001,ALL,1,19.29706,1,92
2022-09-03T03:00:00-00:00,2022-09-03T03:15:00-00:00,2022-09-02,21,KERNOIL_1_N001,KERNOIL_1_N001,KERNOIL_1_N001,RTPD,MCC,LMP_CONG_PRC,KERNOIL_1_N001,ALL,1,13.94316,1,92
2022-09-03T04:00:00-00:00,2022-09-03T04:15:00-00:00,2022-09-02,22,KERNOIL_1_N001,KERNOIL_1_N001,KERNOIL_1_N001,RTPD,MCC,LMP_CONG_PRC,KERNOIL_1_N001,ALL,1,13.58009,1,92
2022-09-03T05:00:00-00:00,2022-09-03T05:15:00-00:00,2022-09-02,23,KERNOIL_1_N001,KERNOIL_1_N001,KERNOIL_1_N001,RTPD,MCC,LMP_CONG_PRC,KERNOIL_1_N001,ALL,1,1.0412,1,92
2022-09-03T06:00:00-00:00,2022-09-03T06:15:00-00:00,2022-09-02,24,KERNOIL_1_N001,KERNOIL_1_N001,KERNOIL_1_N001,RTPD,MCC,LMP_CONG_PRC,KERNOIL_1_N001,ALL,1,-56.33564,1,92
2022-09-02T07:15:00-00:00,2022-09-02T07:30:00-00:00,2022-09-02,01,KERNOIL_1_N001,KERNOIL_1_N001,KERNOIL_1_N001,RTPD,MCC,LMP_CONG_PRC,KERNOIL_1_N001,ALL,1,11.7878,2,92
2022-09-02T08:15:00-00:00,2022-09-02T08:30:00-00:00,2022-09-02,02,KERNOIL_1_N001,KERNOIL_1_N001,KERNOIL_1_N001,RTPD,MCC,LMP_CONG_PRC,KERNOIL_1_N001,ALL,1,17.65345,2,92
2022-09-02T09:15:00-00:00,2022-09-02T09:30:00-00:00,2022-09-02,03,KERNOIL_1_N001,KERNOIL_1_N001,KERNOIL_1_N001,RTPD,MCC,LMP_CONG_PRC,KERNOIL_1_N001,ALL,1,13.40543,2,92
2022-09-02T10:15:00-00:00,2022-09-02T10:30:00-00:00,2022-09-02,04,KERNOIL_1_N001,KERNOIL_1_N001,KERNOIL_1_N001,RTPD,MCC,LMP_CONG_PRC,KERNOIL_1_N001,ALL,1,6.78468,2,92
2022-09-02T11:15:00-00:00,2022-09-02T11:30:00-00:00,2022-09-02,05,KERNOIL_1_N001,KERNOIL_1_N001,KERNOIL_1_N001,RTPD,MCC,LMP_CONG_PRC,KERNOIL_1_N001,ALL,1,15.35041,2,92
2022-09-02T12:15:00-00:00,2022-09-02T12:30:00-00:00,2022-09-02,06,KERNOIL_1_N001,KERNOIL_1_N001,KERNOIL_1_N001,RTPD,MCC,LMP_CONG_PRC,KERNOIL_1_N001,ALL,1,18.65867,2,92
2022-09-02T13:15:00-00:00,2022-09-02T13:30:00-00:00,2022-09-02,07,KERNOIL_1_N001,KERNOIL_1_N001,KERNOIL_1_N001,RTPD,MCC,LMP_CONG_PRC,KERNOIL_1_N001,ALL,1,12.5579,2,92
2022-09-02T14:15:00-00:00,2022-09-02T14:30:00-00:00,2022-09-02,08,KERNOIL_1_N001,KERNOIL_1_N001,KERNOIL_1_N001,RTPD,MCC,LMP_CONG_PRC,KERNOIL_1_N001,ALL,1,4.59951,2,92
2022-09-02T15:15:00-00:00,2022-09-02T15:30:00-00:00,2022-09-02,09,KERNOIL_1_N001,KERNOIL_1_N001,KERNOIL_1_N001,RTPD,MCC,LMP_CONG_PRC,KERNOIL_1_N001,ALL,1,1.55178,2,92
2022-09-02T16:15:00-00:00,2022-09-02T16:30:00-00:00,2022-09-02,10,KERNOIL_1_N001,KERNOIL_1_N001,KERNOIL_1_N001,RTPD,MCC,LMP_CONG_PRC,KERNOIL_1_N001,ALL,1,2.10059,2,92
2022-09-02T17:15:00-00:00,2022-09-02T17:30:00-00:00,2022-09-02,11,KERNOIL_1_N001,KERNOIL_1_N001,KERNOIL_1_N001,RTPD,MCC,LMP_CONG_PRC,KERNOIL_1_N001,ALL,1,0,2,92
2022-09-02T18:15:00-00:00,2022-09-02T18:30:00-00:00,2022-09-02,12,KERNOIL_1_N001,KERNOIL_1_N001,KERNOIL_1_N001,RTPD,MCC,LMP_CONG_PRC,KERNOIL_1_N001,ALL,1,0,2,92
2022-09-02T19:15:00-00:00,2022-09-02T19:30:00-00:00,2022-09-02,13,KERNOIL_1_N001,KERNOIL_1_N001,KERNOIL_1_N001,RTPD,MCC,LMP_CONG_PRC,KERNOIL_1_N001,ALL,1,0,2,92
2022-09-02T20:15:00-00:00,2022-09-02T20:30:00-00:00,2022-09-02,14,KERNOIL_1_N001,KERNOIL_1_N001,KERNOIL_1_N001,RTPD,MCC,LMP_CONG_PRC,KERNOIL_1_N001,ALL,1,-0.00175,2,92
2022-09-02T21:15:00-00:00,2022-09-02T21:30:00-00:00,2022-09-02,15,KERNOIL_1_N001,KERNOIL_1_N001,KERNOIL_1_N001,RTPD,MCC,LMP_CONG_PRC,KERNOIL_1_N001,ALL,1,0,2,92
2022-09-02T22:15:00-00:00,2022-09-02T22:30:00-00:00,2022-09-02,16,KERNOIL_1_N001,KERNOIL_1_N001,KERNOIL_1_N001,RTPD,MCC,LMP_CONG_PRC,KERNOIL_1_N001,ALL,1,-0.252,2,92
2022-09-02T23:15:00-00:00,2022-09-02T23:30:00-00:00,2022-09-02,17,KERNOIL_1_N001,KERNOIL_1_N001,KERNOIL_1_N001,RTPD,MCC,LMP_CONG_PRC,KERNOIL_1_N001,ALL,1,92.21871,2,92
2022-09-03T00:15:00-00:00,2022-09-03T00:30:00-00:00,2022-09-02,18,KERNOIL_1_N001,KERNOIL_1_N001,KERNOIL_1_N001,RTPD,MCC,LMP_CONG_PRC,KERNOIL_1_N001,ALL,1,-42.31859,2,92
2022-09-03T01:15:00-00:00,2022-09-03T01:30:00-00:00,2022-09-02,19,KERNOIL_1_N001,KERNOIL_1_N001,KERNOIL_1_N001,RTPD,MCC,LMP_CONG_PRC,KERNOIL_1_N001,ALL,1,-57.88031,2,92
2022-09-03T02:15:00-00:00,2022-09-03T02:30:00-00:00,2022-09-02,20,KERNOIL_1_N001,KERNOIL_1_N001,KERNOIL_1_N001,RTPD,MCC,LMP_CONG_PRC,KERNOIL_1_N001,ALL,1,18.25946,2,92
2022-09-03T03:15:00-00:00,2022-09-03T03:30:00-00:00,2022-09-02,21,KERNOIL_1_N001,KERNOIL_1_N001,KERNOIL_1_N001,RTPD,MCC,LMP_CONG_PRC,KERNOIL_1_N001,ALL,1,14.19225,2,92
2022-09-03T04:15:00-00:00,2022-09-03T04:30:00-00:00,2022-09-02,22,KERNOIL_1_N001,KERNOIL_1_N001,KERNOIL_1_N001,RTPD,MCC,LMP_CONG_PRC,KERNOIL_1_N001,ALL,1,-9.22809,2,92
2022-09-03T05:15:00-00:00,2022-09-03T05:30:00-00:00,2022-09-02,23,KERNOIL_1_N001,KERNOIL_1_N001,KERNOIL_1_N001,RTPD,MCC,LMP_CONG_PRC,KERNOIL_1_N001,ALL,1,-9.63921,2,92
2022-09-03T06:15:00-00:00,2022-09-03T06:30:00-00:00,2022-09-02,24,KERNOIL_1_N001,KERNOIL_1_N001,KERNOIL_1_N001,RTPD,MCC,LMP_CONG_PRC,KERNOIL_1_N001,ALL,1,-36.77029,2,92
2022-09-02T07:30:00-00:00,2022-09-02T07:45:00-00:00,2022-09-02,01,KERNOIL_1_N001,KERNOIL_1_N001,KERNOIL_1_N001,RTPD,MCC,LMP_CONG_PRC,KERNOIL_1_N001,ALL,1,13.6077,3,92
2022-09-02T08:30:00-00:00,2022-09-02T08:45:00-00:00,2022-09-02,02,KERNOIL_1_N001,KERNOIL_1_N001,KERNOIL_1_N001,RTPD,MCC,LMP_CONG_PRC,KERNOIL_1_N001,ALL,1,12.94409,3,92
2022-09-02T09:30:00-00:00,2022-09-02T09:45:00-00:00,2022-09-02,03,KERNOIL_1_N001,KERNOIL_1_N001,KERNOIL_1_N001,RTPD,MCC,LMP_CONG_PRC,KERNOIL_1_N001,ALL,1,8.21182,3,92
2022-09-02T10:30:00-00:00,2022-09-02T10:45:00-00:00,2022-09-02,04,KERNOIL_1_N001,KERNOIL_1_N001,KERNOIL_1_N001,RTPD,MCC,LMP_CONG_PRC,KERNOIL_1_N001,ALL,1,8.01848,3,92
2022-09-02T11:30:00-00:00,2022-09-02T11:45:00-00:00,2022-09-02,05,KERNOIL_1_N001,KERNOIL_1_N001,KERNOIL_1_N001,RTPD,MCC,LMP_CONG_PRC,KERNOIL_1_N001,ALL,1,10.88409,3,92
2022-09-02T12:30:00-00:00,2022-09-02T12:45:00-00:00,2022-09-02,06,KERNOIL_1_N001,KERNOIL_1_N001,KERNOIL_1_N001,RTPD,MCC,LMP_CONG_PRC,KERNOIL_1_N001,ALL,1,13.13204,3,92
2022-09-02T13:30:00-00:00,2022-09-02T13:45:00-00:00,2022-09-02,07,KERNOIL_1_N001,KERNOIL_1_N001,KERNOIL_1_N001,RTPD,MCC,LMP_CONG_PRC,KERNOIL_1_N001,ALL,1,6.30824,3,92
2022-09-02T14:30:00-00:00,2022-09-02T14:45:00-00:00,2022-09-02,08,KERNOIL_1_N001,KERNOIL_1_N001,KERNOIL_1_N001,RTPD,MCC,LMP_CONG_PRC,KERNOIL_1_N001,ALL,1,3.94669,3,92
2022-09-02T15:30:00-00:00,2022-09-02T15:45:00-00:00,2022-09-02,09,KERNOIL_1_N001,KERNOIL_1_N001,KERNOIL_1_N001,RTPD,MCC,LMP_CONG_PRC,KERNOIL_1_N001,ALL,1,4.41671,3,92
2022-09-02T16:30:00-00:00,2022-09-02T16:45:00-00:00,2022-09-02,10,KERNOIL_1_N001,KERNOIL_1_N001,KERNOIL_1_N001,RTPD,MCC,LMP_CONG_PRC,KERNOIL_1_N001,ALL,1,0,3,92
2022-09-02T17:30:00-00:00,2022-09-02T17:45:00-00:00,2022-09-02,11,KERNOIL_1_N001,KERNOIL_1_N001,KERNOIL_1_N001,RTPD,MCC,LMP_CONG_PRC,KERNOIL_1_N001,ALL,1,0,3,92
2022-09-02T18:30:00-00:00,2022-09-02T18:45:00-00:00,2022-09-02,12,KERNOIL_1_N001,KERNOIL_1_N001,KERNOIL_1_N001,RTPD,MCC,LMP_CONG_PRC,KERNOIL_1_N001,ALL,1,0,3,92
2022-09-02T19:30:00-00:00,2022-09-02T19:45:00-00:00,2022-09-02,13,KERNOIL_1_N001,KERNOIL_1_N001,KERNOIL_1_N001,RTPD,MCC,LMP_CONG_PRC,KERNOIL_1_N001,ALL,1,0,3,92
2022-09-02T20:30:00-00:00,2022-09-02T20:45:00-00:00,2022-09-02,14,KERNOIL_1_N001,KERNOIL_1_N001,KERNOIL_1_N001,RTPD,MCC,LMP_CONG_PRC,KERNOIL_1_N001,ALL,1,0,3,92
2022-09-02T21:30:00-00:00,2022-09-02T21:45:00-00:00,2022-09-02,15,KERNOIL_1_N001,KERNOIL_1_N001,KERNOIL_1_N001,RTPD,MCC,LMP_CONG_PRC,KERNOIL_1_N001,ALL,1,0,3,92
2022-09-02T22:30:00-00:00,2022-09-02T22:45:00-00:00,2022-09-02,16,KERNOIL_1_N001,KERNOIL_1_N001,KERNOIL_1_N001,RTPD,MCC,LMP_CONG_PRC,KERNOIL_1_N001,ALL,1,0,3,92
2022-09-02T23:30:00-00:00,2022-09-02T23:45:00-00:00,2022-09-02,17,KERNOIL_1_N001,KERNOIL_1_N001,KERNOIL_1_N001,RTPD,MCC,LMP_CONG_PRC,KERNOIL_1_N001,ALL,1,105.01161,3,92
2022-09-03T00:30:00-00:00,2022-09-03T00:45:00-00:00,2022-09-02,18,KERNOIL_1_N001,KERNOIL_1_N001,KERNOIL_1_N001,RTPD,MCC,LMP_CONG_PRC,KERNOIL_1_N001,ALL,1,-93.40785,3,92
2022-09-03T01:30:00-00:00,2022-09-03T01:45:00-00:00,2022-09-02,19,KERNOIL_1_N001,KERNOIL_1_N001,KERNOIL_1_N001,RTPD,MCC,LMP_CONG_PRC,KERNOIL_1_N001,ALL,1,-8.20658,3,92
2022-09-03T02:30:00-00:00,2022-09-03T02:45:00-00:00,2022-09-02,20,KERNOIL_1_N001,KERNOIL_1_N001,KERNOIL_1_N001,RTPD,MCC,LMP_CONG_PRC,KERNOIL_1_N001,ALL,1,17.21222,3,92
2022-09-03T03:30:00-00:00,2022-09-03T03:45:00-00:00,2022-09-02,21,KERNOIL_1_N001,KERNOIL_1_N001,KERNOIL_1_N001,RTPD,MCC,LMP_CONG_PRC,KERNOIL_1_N001,ALL,1,13.79824,3,92
2022-09-03T04:30:00-00:00,2022-09-03T04:45:00-00:00,2022-09-02,22,KERNOIL_1_N001,KERNOIL_1_N001,KERNOIL_1_N001,RTPD,MCC,LMP_CONG_PRC,KERNOIL_1_N001,ALL,1,8.08952,3,92
2022-09-03T05:30:00-00:00,2022-09-03T05:45:00-00:00,2022-09-02,23,KERNOIL_1_N001,KERNOIL_1_N001,KERNOIL_1_N001,RTPD,MCC,LMP_CONG_PRC,KERNOIL_1_N001,ALL,1,-9.4104,3,92
2022-09-03T06:30:00-00:00,2022-09-03T06:45:00-00:00,2022-09-02,24,KERNOIL_1_N001,KERNOIL_1_N001,KERNOIL_1_N001,RTPD,MCC,LMP_CONG_PRC,KERNOIL_1_N001,ALL,1,-28.02898,3,92
2022-09-02T07:45:00-00:00,2022-09-02T08:00:00-00:00,2022-09-02,01,KERNOIL_1_N001,KERNOIL_1_N001,KERNOIL_1_N001,RTPD,MCC,LMP_CONG_PRC,KERNOIL_1_N001,ALL,1,9.9538,4,92
2022-09-02T08:45:00-00:00,2022-09-02T09:00:00-00:00,2022-09-02,02,KERNOIL_1_N001,KERNOIL_1_N001,KERNOIL_1_N001,RTPD,MCC,LMP_CONG_PRC,KERNOIL_1_N001,ALL,1,10.13099,4,92
2022-09-02T09:45:00-00:00,2022-09-02T10:00:00-00:00,2022-09-02,03,KERNOIL_1_N001,KERNOIL_1_N001,KERNOIL_1_N001,RTPD,MCC,LMP_CONG_PRC,KERNOIL_1_N001,ALL,1,7.55567,4,92
2022-09-02T10:45:00-00:00,2022-09-02T11:00:00-00:00,2022-09-02,04,KERNOIL_1_N001,KERNOIL_1_N001,KERNOIL_1_N001,RTPD,MCC,LMP_CONG_PRC,KERNOIL_1_N001,ALL,1,4.68188,4,92
2022-09-02T11:45:00-00:00,2022-09-02T12:00:00-00:00,2022-09-02,05,KERNOIL_1_N001,KERNOIL_1_N001,KERNOIL_1_N001,RTPD,MCC,LMP_CONG_PRC,KERNOIL_1_N001,ALL,1,14.80589,4,92
2022-09-02T12:45:00-00:00,2022-09-02T13:00:00-00:00,2022-09-02,06,KERNOIL_1_N001,KERNOIL_1_N001,KERNOIL_1_N001,RTPD,MCC,LMP_CONG_PRC,KERNOIL_1_N001,ALL,1,14.52015,4,92
2022-09-02T13:45:00-00:00,2022-09-02T14:00:00-00:00,2022-09-02,07,KERNOIL_1_N001,KERNOIL_1_N001,KERNOIL_1_N001,RTPD,MCC,LMP_CONG_PRC,KERNOIL_1_N001,ALL,1,6.55298,4,92
2022-09-02T14:45:00-00:00,2022-09-02T15:00:00-00:00,2022-09-02,08,KERNOIL_1_N001,KERNOIL_1_N001,KERNOIL_1_N001,RTPD,MCC,LMP_CONG_PRC,KERNOIL_1_N001,ALL,1,4.75234,4,92
2022-09-02T15:45:00-00:00,2022-09-02T16:00:00-00:00,2022-09-02,09,KERNOIL_1_N001,KERNOIL_1_N001,KERNOIL_1_N001,RTPD,MCC,LMP_CONG_PRC,KERNOIL_1_N001,ALL,1,0,4,92
2022-09-02T16:45:00-00:00,2022-09-02T17:00:00-00:00,2022-09-02,10,KERNOIL_1_N001,KERNOIL_1_N001,KERNOIL_1_N001,RTPD,MCC,LMP_CONG_PRC,KERNOIL_1_N001,ALL,1,0,4,92
2022-09-02T17:45:00-00:00,2022-09-02T18:00:00-00:00,2022-09-02,11,KERNOIL_1_N001,KERNOIL_1_N001,KERNOIL_1_N001,RTPD,MCC,LMP_CONG_PRC,KERNOIL_1_N001,ALL,1,0,4,92
2022-09-02T18:45:00-00:00,2022-09-02T19:00:00-00:00,2022-09-02,12,KERNOIL_1_N001,KERNOIL_1_N001,KERNOIL_1_N001,RTPD,MCC,LMP_CONG_PRC,KERNOIL_1_N001,ALL,1,0,4,92
2022-09-02T19:45:00-00:00,2022-09-02T20:00:00-00:00,2022-09-02,13,KERNOIL_1_N001,KERNOIL_1_N001,KERNOIL_1_N001,RTPD,MCC,LMP_CONG_PRC,KERNOIL_1_N001,ALL,1,0,4,92
2022-09-02T20:45:00-00:00,2022-09-02T21:00:00-00:00,2022-09-02,14,KERNOIL_1_N001,KERNOIL_1_N001,KERNOIL_1_N001,RTPD,MCC,LMP_CONG_PRC,KERNOIL_1_N001,ALL,1,0,4,92
2022-09-02T21:45:00-00:00,2022-09-02T22:00:00-00:00,2022-09-02,15,KERNOIL_1_N001,KERNOIL_1_N001,KERNOIL_1_N001,RTPD,MCC,LMP_CONG_PRC,KERNOIL_1_N001,ALL,1,0,4,92
2022-09-02T22:45:00-00:00,2022-09-02T23:00:00-00:00,2022-09-02,16,KERNOIL_1_N001,KERNOIL_1_N001,KERNOIL_1_N001,RTPD,MCC,LMP_CONG_PRC,KERNOIL_1_N001,ALL,1,-23.90334,4,92
2022-09-02T23:45:00-00:00,2022-09-03T00:00:00-00:00,2022-09-02,17,KERNOIL_1_N001,KERNOIL_1_N001,KERNOIL_1_N001,RTPD,MCC,LMP_CONG_PRC,KERNOIL_1_N001,ALL,1,46.79782,4,92
2022-09-03T00:45:00-00:00,2022-09-03T01:00:00-00:00,2022-09-02,18,KERNOIL_1_N001,KERNOIL_1_N001,KERNOIL_1_N001,RTPD,MCC,LMP_CONG_PRC,KERNOIL_1_N001,ALL,1,6.39448,4,92
2022-09-03T01:45:00-00:00,2022-09-03T02:00:00-00:00,2022-09-02,19,KERNOIL_1_N001,KERNOIL_1_N001,KERNOIL_1_N001,RTPD,MCC,LMP_CONG_PRC,KERNOIL_1_N001,ALL,1,25.59616,4,92
2022-09-03T02:45:00-00:00,2022-09-03T03:00:00-00:00,2022-09-02,20,KERNOIL_1_N001,KERNOIL_1_N001,KERNOIL_1_N001,RTPD,MCC,LMP_CONG_PRC,KERNOIL_1_N001,ALL,1,25.31544,4,92
2022-09-03T03:45:00-00:00,2022-09-03T04:00:00-00:00,2022-09-02,21,KERNOIL_1_N001,KERNOIL_1_N001,KERNOIL_1_N001,RTPD,MCC,LMP_CONG_PRC,KERNOIL_1_N001,ALL,1,14.96473,4,92
2022-09-03T04:45:00-00:00,2022-09-03T05:00:00-00:00,2022-09-02,22,KERNOIL_1_N001,KERNOIL_1_N001,KERNOIL_1_N001,RTPD,MCC,LMP_CONG_PRC,KERNOIL_1_N001,ALL,1,8.42765,4,92
2022-09-03T05:45:00-00:00,2022-09-03T06:00:00-00:00,2022-09-02,23,KERNOIL_1_N001,KERNOIL_1_N001,KERNOIL_1_N001,RTPD,MCC,LMP_CONG_PRC,KERNOIL_1_N001,ALL,1,17.40951,4,92
2022-09-03T06:45:00-00:00,2022-09-03T07:00:00-00:00,2022-09-02,24,KERNOIL_1_N001,KERNOIL_1_N001,KERNOIL_1_N001,RTPD,MCC,LMP_CONG_PRC,KERNOIL_1_N001,ALL,1,-15.00413,4,92
2022-09-02T07:00:00-00:00,2022-09-02T07:15:00-00:00,2022-09-02,01,KERNOIL_1_N001,KERNOIL_1_N001,KERNOIL_1_N001,RTPD,MCE,LMP_ENE_PRC,KERNOIL_1_N001,ALL,1,128.45242,1,93
2022-09-02T08:00:00-00:00,2022-09-02T08:15:00-00:00,2022-09-02,02,KERNOIL_1_N001,KERNOIL_1_N001,KERNOIL_1_N001,RTPD,MCE,LMP_ENE_PRC,KERNOIL_1_N001,ALL,1,119.60895,1,93
2022-09-02T09:00:00-00:00,2022-09-02T09:15:00-00:00,2022-09-02,03,KERNOIL_1_N001,KERNOIL_1_N001,KERNOIL_1_N001,RTPD,MCE,LMP_ENE_PRC,KERNOIL_1_N001,ALL,1,114.19063,1,93
2022-09-02T10:00:00-00:00,2022-09-02T10:15:00-00:00,2022-09-02,04,KERNOIL_1_N001,KERNOIL_1_N001,KERNOIL_1_N001,RTPD,MCE,LMP_ENE_PRC,KERNOIL_1_N001,ALL,1,103.99956,1,93
2022-09-02T11:00:00-00:00,2022-09-02T11:15:00-00:00,2022-09-02,05,KERNOIL_1_N001,KERNOIL_1_N001,KERNOIL_1_N001,RTPD,MCE,LMP_ENE_PRC,KERNOIL_1_N001,ALL,1,99.79609,1,93
2022-09-02T12:00:00-00:00,2022-09-02T12:15:00-00:00,2022-09-02,06,KERNOIL_1_N001,KERNOIL_1_N001,KERNOIL_1_N001,RTPD,MCE,LMP_ENE_PRC,KERNOIL_1_N001,ALL,1,103.63711,1,93
2022-09-02T13:00:00-00:00,2022-09-02T13:15:00-00:00,2022-09-02,07,KERNOIL_1_N001,KERNOIL_1_N001,KERNOIL_1_N001,RTPD,MCE,LMP_ENE_PRC,KERNOIL_1_N001,ALL,1,105.96778,1,93
2022-09-02T14:00:00-00:00,2022-09-02T14:15:00-00:00,2022-09-02,08,KERNOIL_1_N001,KERNOIL_1_N001,KERNOIL_1_N001,RTPD,MCE,LMP_ENE_PRC,KERNOIL_1_N001,ALL,1,113.93965,1,93
2022-09-02T15:00:00-00:00,2022-09-02T15:15:00-00:00,2022-09-02,09,KERNOIL_1_N001,KERNOIL_1_N001,KERNOIL_1_N001,RTPD,MCE,LMP_ENE_PRC,KERNOIL_1_N001,ALL,1,87.89648,1,93
2022-09-02T16:00:00-00:00,2022-09-02T16:15:00-00:00,2022-09-02,10,KERNOIL_1_N001,KERNOIL_1_N001,KERNOIL_1_N001,RTPD,MCE,LMP_ENE_PRC,KERNOIL_1_N001,ALL,1,86.73757,1,93
2022-09-02T17:00:00-00:00,2022-09-02T17:15:00-00:00,2022-09-02,11,KERNOIL_1_N001,KERNOIL_1_N001,KERNOIL_1_N001,RTPD,MCE,LMP_ENE_PRC,KERNOIL_1_N001,ALL,1,93.53587,1,93
2022-09-02T18:00:00-00:00,2022-09-02T18:15:00-00:00,2022-09-02,12,KERNOIL_1_N001,KERNOIL_1_N001,KERNOIL_1_N001,RTPD,MCE,LMP_ENE_PRC,KERNOIL_1_N001,ALL,1,104.54111,1,93
2022-09-02T19:00:00-00:00,2022-09-02T19:15:00-00:00,2022-09-02,13,KERNOIL_1_N001,KERNOIL_1_N001,KERNOIL_1_N001,RTPD,MCE,LMP_ENE_PRC,KERNOIL_1_N001,ALL,1,107.01684,1,93
2022-09-02T20:00:00-00:00,2022-09-02T20:15:00-00:00,2022-09-02,14,KERNOIL_1_N001,KERNOIL_1_N001,KERNOIL_1_N001,RTPD,MCE,LMP_ENE_PRC,KERNOIL_1_N001,ALL,1,113.37494,1,93
2022-09-02T21:00:00-00:00,2022-09-02T21:15:00-00:00,2022-09-02,15,KERNOIL_1_N001,KERNOIL_1_N001,KERNOIL_1_N001,RTPD,MCE,LMP_ENE_PRC,KERNOIL_1_N001,ALL,1,125.15005,1,93
2022-09-02T22:00:00-00:00,2022-09-02T22:15:00-00:00,2022-09-02,16,KERNOIL_1_N001,KERNOIL_1_N001,KERNOIL_1_N001,RTPD,MCE,LMP_ENE_PRC,KERNOIL_1_N001,ALL,1,146.08907,1,93
2022-09-02T23:00:00-00:00,2022-09-02T23:15:00-00:00,2022-09-02,17,KERNOIL_1_N001,KERNOIL_1_N001,KERNOIL_1_N001,RTPD,MCE,LMP_ENE_PRC,KERNOIL_1_N001,ALL,1,138.68256,1,93
2022-09-03T00:00:00-00:00,2022-09-03T00:15:00-00:00,2022-09-02,18,KERNOIL_1_N001,KERNOIL_1_N001,KERNOIL_1_N001,RTPD,MCE,LMP_ENE_PRC,KERNOIL_1_N001,ALL,1,229.3306,1,93
2022-09-03T01:00:00-00:00,2022-09-03T01:15:00-00:00,2022-09-02,19,KERNOIL_1_N001,KERNOIL_1_N001,KERNOIL_1_N001,RTPD,MCE,LMP_ENE_PRC,KERNOIL_1_N001,ALL,1,152.69885,1,93
2022-09-03T02:00:00-00:00,2022-09-03T02:15:00-00:00,2022-09-02,20,KERNOIL_1_N001,KERNOIL_1_N001,KERNOIL_1_N001,RTPD,MCE,LMP_ENE_PRC,KERNOIL_1_N001,ALL,1,204.37767,1,93
2022-09-03T03:00:00-00:00,2022-09-03T03:15:00-00:00,2022-09-02,21,KERNOIL_1_N001,KERNOIL_1_N001,KERNOIL_1_N001,RTPD,MCE,LMP_ENE_PRC,KERNOIL_1_N001,ALL,1,136.90031,1,93
2022-09-03T04:00:00-00:00,2022-09-03T04:15:00-00:00,2022-09-02,22,KERNOIL_1_N001,KERNOIL_1_N001,KERNOIL_1_N001,RTPD,MCE,LMP_ENE_PRC,KERNOIL_1_N001,ALL,1,155.88805,1,93
2022-09-03T05:00:00-00:00,2022-09-03T05:15:00-00:00,2022-09-02,23,KERNOIL_1_N001,KERNOIL_1_N001,KERNOIL_1_N001,RTPD,MCE,LMP_ENE_PRC,KERNOIL_1_N001,ALL,1,142.06982,1,93
2022-09-03T06:00:00-00:00,2022-09-03T06:15:00-00:00,2022-09-02,24,KERNOIL_1_N001,KERNOIL_1_N001,KERNOIL_1_N001,RTPD,MCE,LMP_ENE_PRC,KERNOIL_1_N001,ALL,1,141.54752,1,93
2022-09-02T07:15:00-00:00,2022-09-02T07:30:00-00:00,2022-09-02,01,KERNOIL_1_N001,KERNOIL_1_N001,KERNOIL_1_N001,RTPD,MCE,LMP_ENE_PRC,KERNOIL_1_N001,ALL,1,120.94146,2,93
2022-09-02T08:15:00-00:00,2022-09-02T08:30:00-00:00,2022-09-02,02,KERNOIL_1_N001,KERNOIL_1_N001,KERNOIL_1_N001,RTPD,MCE,LMP_ENE_PRC,KERNOIL_1_N001,ALL,1,113.81733,2,93
2022-09-02T09:15:00-00:00,2022-09-02T09:30:00-00:00,2022-09-02,03,KERNOIL_1_N001,KERNOIL_1_N001,KERNOIL_1_N001,RTPD,MCE,LMP_ENE_PRC,KERNOIL_1_N001,ALL,1,110.97779,2,93
2022-09-02T10:15:00-00:00,2022-09-02T10:30:00-00:00,2022-09-02,04,KERNOIL_1_N001,KERNOIL_1_N001,KERNOIL_1_N001,RTPD,MCE,LMP_ENE_PRC,KERNOIL_1_N001,ALL,1,103.79594,2,93
2022-09-02T11:15:00-00:00,2022-09-02T11:30:00-00:00,2022-09-02,05,KERNOIL_1_N001,KERNOIL_1_N001,KERNOIL_1_N001,RTPD,MCE,LMP_ENE_PRC,KERNOIL_1_N001,ALL,1,97.78757,2,93
2022-09-02T12:15:00-00:00,2022-09-02T12:30:00-00:00,2022-09-02,06,KERNOIL_1_N001,KERNOIL_1_N001,KERNOIL_1_N001,RTPD,MCE,LMP_ENE_PRC,KERNOIL_1_N001,ALL,1,103.09286,2,93
2022-09-02T13:15:00-00:00,2022-09-02T13:30:00-00:00,2022-09-02,07,KERNOIL_1_N001,KERNOIL_1_N001,KERNOIL_1_N001,RTPD,MCE,LMP_ENE_PRC,KERNOIL_1_N001,ALL,1,107.56083,2,93
2022-09-02T14:15:00-00:00,2022-09-02T14:30:00-00:00,2022-09-02,08,KERNOIL_1_N001,KERNOIL_1_N001,KERNOIL_1_N001,RTPD,MCE,LMP_ENE_PRC,KERNOIL_1_N001,ALL,1,106.05854,2,93
2022-09-02T15:15:00-00:00,2022-09-02T15:30:00-00:00,2022-09-02,09,KERNOIL_1_N001,KERNOIL_1_N001,KERNOIL_1_N001,RTPD,MCE,LMP_ENE_PRC,KERNOIL_1_N001,ALL,1,82.25366,2,93
2022-09-02T16:15:00-00:00,2022-09-02T16:30:00-00:00,2022-09-02,10,KERNOIL_1_N001,KERNOIL_1_N001,KERNOIL_1_N001,RTPD,MCE,LMP_ENE_PRC,KERNOIL_1_N001,ALL,1,90.79105,2,93
2022-09-02T17:15:00-00:00,2022-09-02T17:30:00-00:00,2022-09-02,11,KERNOIL_1_N001,KERNOIL_1_N001,KERNOIL_1_N001,RTPD,MCE,LMP_ENE_PRC,KERNOIL_1_N001,ALL,1,102.26623,2,93
2022-09-02T18:15:00-00:00,2022-09-02T18:30:00-00:00,2022-09-02,12,KERNOIL_1_N001,KERNOIL_1_N001,KERNOIL_1_N001,RTPD,MCE,LMP_ENE_PRC,KERNOIL_1_N001,ALL,1,109.04294,2,93
2022-09-02T19:15:00-00:00,2022-09-02T19:30:00-00:00,2022-09-02,13,KERNOIL_1_N001,KERNOIL_1_N001,KERNOIL_1_N001,RTPD,MCE,LMP_ENE_PRC,KERNOIL_1_N001,ALL,1,112.13756,2,93
2022-09-02T20:15:00-00:00,2022-09-02T20:30:00-00:00,2022-09-02,14,KERNOIL_1_N001,KERNOIL_1_N001,KERNOIL_1_N001,RTPD,MCE,LMP_ENE_PRC,KERNOIL_1_N001,ALL,1,116.37216,2,93
2022-09-02T21:15:00-00:00,2022-09-02T21:30:00-00:00,2022-09-02,15,KERNOIL_1_N001,KERNOIL_1_N001,KERNOIL_1_N001,RTPD,MCE,LMP_ENE_PRC,KERNOIL_1_N001,ALL,1,126.49216,2,93
2022-09-02T22:15:00-00:00,2022-09-02T22:30:00-00:00,2022-09-02,16,KERNOIL_1_N001,KERNOIL_1_N001,KERNOIL_1_N001,RTPD,MCE,LMP_ENE_PRC,KERNOIL_1_N001,ALL,1,159.30594,2,93
2022-09-02T23:15:00-00:00,2022-09-02T23:30:00-00:00,2022-09-02,17,KERNOIL_1_N001,KERNOIL_1_N001,KERNOIL_1_N001,RTPD,MCE,LMP_ENE_PRC,KERNOIL_1_N001,ALL,1,147.82425,2,93
2022-09-03T00:15:00-00:00,2022-09-03T00:30:00-00:00,2022-09-02,18,KERNOIL_1_N001,KERNOIL_1_N001,KERNOIL_1_N001,RTPD,MCE,LMP_ENE_PRC,KERNOIL_1_N001,ALL,1,158.74521,2,93
2022-09-03T01:15:00-00:00,2022-09-03T01:30:00-00:00,2022-09-02,19,KERNOIL_1_N001,KERNOIL_1_N001,KERNOIL_1_N001,RTPD,MCE,LMP_ENE_PRC,KERNOIL_1_N001,ALL,1,217.12807,2,93
2022-09-03T02:15:00-00:00,2022-09-03T02:30:00-00:00,2022-09-02,20,KERNOIL_1_N001,KERNOIL_1_N001,KERNOIL_1_N001,RTPD,MCE,LMP_ENE_PRC,KERNOIL_1_N001,ALL,1,199.75978,2,93
2022-09-03T03:15:00-00:00,2022-09-03T03:30:00-00:00,2022-09-02,21,KERNOIL_1_N001,KERNOIL_1_N001,KERNOIL_1_N001,RTPD,MCE,LMP_ENE_PRC,KERNOIL_1_N001,ALL,1,135.58563,2,93
2022-09-03T04:15:00-00:00,2022-09-03T04:30:00-00:00,2022-09-02,22,KERNOIL_1_N001,KERNOIL_1_N001,KERNOIL_1_N001,RTPD,MCE,LMP_ENE_PRC,KERNOIL_1_N001,ALL,1,141.76537,2,93
2022-09-03T05:15:00-00:00,2022-09-03T05:30:00-00:00,2022-09-02,23,KERNOIL_1_N001,KERNOIL_1_N001,KERNOIL_1_N001,RTPD,MCE,LMP_ENE_PRC,KERNOIL_1_N001,ALL,1,133.20816,2,93
2022-09-03T06:15:00-00:00,2022-09-03T06:30:00-00:00,2022-09-02,24,KERNOIL_1_N001,KERNOIL_1_N001,KERNOIL_1_N001,RTPD,MCE,LMP_ENE_PRC,KERNOIL_1_N001,ALL,1,117.98942,2,93
2022-09-02T07:30:00-00:00,2022-09-02T07:45:00-00:00,2022-09-02,01,KERNOIL_1_N001,KERNOIL_1_N001,KERNOIL_1_N001,RTPD,MCE,LMP_ENE_PRC,KERNOIL_1_N001,ALL,1,122.04731,3,93
2022-09-02T08:30:00-00:00,2022-09-02T08:45:00-00:00,2022-09-02,02,KERNOIL_1_N001,KERNOIL_1_N001,KERNOIL_1_N001,RTPD,MCE,LMP_ENE_PRC,KERNOIL_1_N001,ALL,1,110.76908,3,93
2022-09-02T09:30:00-00:00,2022-09-02T09:45:00-00:00,2022-09-02,03,KERNOIL_1_N001,KERNOIL_1_N001,KERNOIL_1_N001,RTPD,MCE,LMP_ENE_PRC,KERNOIL_1_N001,ALL,1,104.32659,3,93
2022-09-02T10:30:00-00:00,2022-09-02T10:45:00-00:00,2022-09-02,04,KERNOIL_1_N001,KERNOIL_1_N001,KERNOIL_1_N001,RTPD,MCE,LMP_ENE_PRC,KERNOIL_1_N001,ALL,1,100.57354,3,93
2022-09-02T11:30:00-00:00,2022-09-02T11:45:00-00:00,2022-09-02,05,KERNOIL_1_N001,KERNOIL_1_N001,KERNOIL_1_N001,RTPD,MCE,LMP_ENE_PRC,KERNOIL_1_N001,ALL,1,99.75045,3,93
2022-09-02T12:30:00-00:00,2022-09-02T12:45:00-00:00,2022-09-02,06,KERNOIL_1_N001,KERNOIL_1_N001,KERNOIL_1_N001,RTPD,MCE,LMP_ENE_PRC,KERNOIL_1_N001,ALL,1,109.42995,3,93
2022-09-02T13:30:00-00:00,2022-09-02T13:45:00-00:00,2022-09-02,07,KERNOIL_1_N001,KERNOIL_1_N001,KERNOIL_1_N001,RTPD,MCE,LMP_ENE_PRC,KERNOIL_1_N001,ALL,1,111.49249,3,93
2022-09-02T14:30:00-00:00,2022-09-02T14:45:00-00:00,2022-09-02,08,KERNOIL_1_N001,KERNOIL_1_N001,KERNOIL_1_N001,RTPD,MCE,LMP_ENE_PRC,KERNOIL_1_N001,ALL,1,96.69992,3,93
2022-09-02T15:30:00-00:00,2022-09-02T15:45:00-00:00,2022-09-02,09,KERNOIL_1_N001,KERNOIL_1_N001,KERNOIL_1_N001,RTPD,MCE,LMP_ENE_PRC,KERNOIL_1_N001,ALL,1,81.36,3,93
2022-09-02T16:30:00-00:00,2022-09-02T16:45:00-00:00,2022-09-02,10,KERNOIL_1_N001,KERNOIL_1_N001,KERNOIL_1_N001,RTPD,MCE,LMP_ENE_PRC,KERNOIL_1_N001,ALL,1,89.6042,3,93
2022-09-02T17:30:00-00:00,2022-09-02T17:45:00-00:00,2022-09-02,11,KERNOIL_1_N001,KERNOIL_1_N001,KERNOIL_1_N001,RTPD,MCE,LMP_ENE_PRC,KERNOIL_1_N001,ALL,1,103.81658,3,93
2022-09-02T18:30:00-00:00,2022-09-02T18:45:00-00:00,2022-09-02,12,KERNOIL_1_N001,KERNOIL_1_N001,KERNOIL_1_N001,RTPD,MCE,LMP_ENE_PRC,KERNOIL_1_N001,ALL,1,115.4661,3,93
2022-09-02T19:30:00-00:00,2022-09-02T19:45:00-00:00,2022-09-02,13,KERNOIL_1_N001,KERNOIL_1_N001,KERNOIL_1_N001,RTPD,MCE,LMP_ENE_PRC,KERNOIL_1_N001,ALL,1,119.56031,3,93
2022-09-02T20:30:00-00:00,2022-09-02T20:45:00-00:00,2022-09-02,14,KERNOIL_1_N001,KERNOIL_1_N001,KERNOIL_1_N001,RTPD,MCE,LMP_ENE_PRC,KERNOIL_1_N001,ALL,1,122.91209,3,93
2022-09-02T21:30:00-00:00,2022-09-02T21:45:00-00:00,2022-09-02,15,KERNOIL_1_N001,KERNOIL_1_N001,KERNOIL_1_N001,RTPD,MCE,LMP_ENE_PRC,KERNOIL_1_N001,ALL,1,141.03934,3,93
2022-09-02T22:30:00-00:00,2022-09-02T22:45:00-00:00,2022-09-02,16,KERNOIL_1_N001,KERNOIL_1_N001,KERNOIL_1_N001,RTPD,MCE,LMP_ENE_PRC,KERNOIL_1_N001,ALL,1,183.20744,3,93
2022-09-02T23:30:00-00:00,2022-09-02T23:45:00-00:00,2022-09-02,17,KERNOIL_1_N001,KERNOIL_1_N001,KERNOIL_1_N001,RTPD,MCE,LMP_ENE_PRC,KERNOIL_1_N001,ALL,1,155.92665,3,93
2022-09-03T00:30:00-00:00,2022-09-03T00:45:00-00:00,2022-09-02,18,KERNOIL_1_N001,KERNOIL_1_N001,KERNOIL_1_N001,RTPD,MCE,LMP_ENE_PRC,KERNOIL_1_N001,ALL,1,234.42892,3,93
2022-09-03T01:30:00-00:00,2022-09-03T01:45:00-00:00,2022-09-02,19,KERNOIL_1_N001,KERNOIL_1_N001,KERNOIL_1_N001,RTPD,MCE,LMP_ENE_PRC,KERNOIL_1_N001,ALL,1,250.41255,3,93
2022-09-03T02:30:00-00:00,2022-09-03T02:45:00-00:00,2022-09-02,20,KERNOIL_1_N001,KERNOIL_1_N001,KERNOIL_1_N001,RTPD,MCE,LMP_ENE_PRC,KERNOIL_1_N001,ALL,1,177.62263,3,93
2022-09-03T03:30:00-00:00,2022-09-03T03:45:00-00:00,2022-09-02,21,KERNOIL_1_N001,KERNOIL_1_N001,KERNOIL_1_N001,RTPD,MCE,LMP_ENE_PRC,KERNOIL_1_N001,ALL,1,128.61655,3,93
2022-09-03T04:30:00-00:00,2022-09-03T04:45:00-00:00,2022-09-02,22,KERNOIL_1_N001,KERNOIL_1_N001,KERNOIL_1_N001,RTPD,MCE,LMP_ENE_PRC,KERNOIL_1_N001,ALL,1,132.2016,3,93
2022-09-03T05:30:00-00:00,2022-09-03T05:45:00-00:00,2022-09-02,23,KERNOIL_1_N001,KERNOIL_1_N001,KERNOIL_1_N001,RTPD,MCE,LMP_ENE_PRC,KERNOIL_1_N001,ALL,1,128.32014,3,93
2022-09-03T06:30:00-00:00,2022-09-03T06:45:00-00:00,2022-09-02,24,KERNOIL_1_N001,KERNOIL_1_N001,KERNOIL_1_N001,RTPD,MCE,LMP_ENE_PRC,KERNOIL_1_N001,ALL,1,111.22985,3,93
2022-09-02T07:45:00-00:00,2022-09-02T08:00:00-00:00,2022-09-02,01,KERNOIL_1_N001,KERNOIL_1_N001,KERNOIL_1_N001,RTPD,MCE,LMP_ENE_PRC,KERNOIL_1_N001,ALL,1,101.38693,4,93
2022-09-02T08:45:00-00:00,2022-09-02T09:00:00-00:00,2022-09-02,02,KERNOIL_1_N001,KERNOIL_1_N001,KERNOIL_1_N001,RTPD,MCE,LMP_ENE_PRC,KERNOIL_1_N001,ALL,1,98.45906,4,93
2022-09-02T09:45:00-00:00,2022-09-02T10:00:00-00:00,2022-09-02,03,KERNOIL_1_N001,KERNOIL_1_N001,KERNOIL_1_N001,RTPD,MCE,LMP_ENE_PRC,KERNOIL_1_N001,ALL,1,97.29051,4,93
2022-09-02T10:45:00-00:00,2022-09-02T11:00:00-00:00,2022-09-02,04,KERNOIL_1_N001,KERNOIL_1_N001,KERNOIL_1_N001,RTPD,MCE,LMP_ENE_PRC,KERNOIL_1_N001,ALL,1,97.62383,4,93
2022-09-02T11:45:00-00:00,2022-09-02T12:00:00-00:00,2022-09-02,05,KERNOIL_1_N001,KERNOIL_1_N001,KERNOIL_1_N001,RTPD,MCE,LMP_ENE_PRC,KERNOIL_1_N001,ALL,1,97.15303,4,93
2022-09-02T12:45:00-00:00,2022-09-02T13:00:00-00:00,2022-09-02,06,KERNOIL_1_N001,KERNOIL_1_N001,KERNOIL_1_N001,RTPD,MCE,LMP_ENE_PRC,KERNOIL_1_N001,ALL,1,108.08756,4,93
2022-09-02T13:45:00-00:00,2022-09-02T14:00:00-00:00,2022-09-02,07,KERNOIL_1_N001,KERNOIL_1_N001,KERNOIL_1_N001,RTPD,MCE,LMP_ENE_PRC,KERNOIL_1_N001,ALL,1,105.08817,4,93
2022-09-02T14:45:00-00:00,2022-09-02T15:00:00-00:00,2022-09-02,08,KERNOIL_1_N001,KERNOIL_1_N001,KERNOIL_1_N001,RTPD,MCE,LMP_ENE_PRC,KERNOIL_1_N001,ALL,1,82.36478,4,93
2022-09-02T15:45:00-00:00,2022-09-02T16:00:00-00:00,2022-09-02,09,KERNOIL_1_N001,KERNOIL_1_N001,KERNOIL_1_N001,RTPD,MCE,LMP_ENE_PRC,KERNOIL_1_N001,ALL,1,81.41035,4,93
2022-09-02T16:45:00-00:00,2022-09-02T17:00:00-00:00,2022-09-02,10,KERNOIL_1_N001,KERNOIL_1_N001,KERNOIL_1_N001,RTPD,MCE,LMP_ENE_PRC,KERNOIL_1_N001,ALL,1,93.83783,4,93
2022-09-02T17:45:00-00:00,2022-09-02T18:00:00-00:00,2022-09-02,11,KERNOIL_1_N001,KERNOIL_1_N001,KERNOIL_1_N001,RTPD,MCE,LMP_ENE_PRC,KERNOIL_1_N001,ALL,1,106.61714,4,93
2022-09-02T18:45:00-00:00,2022-09-02T19:00:00-00:00,2022-09-02,12,KERNOIL_1_N001,KERNOIL_1_N001,KERNOIL_1_N001,RTPD,MCE,LMP_ENE_PRC,KERNOIL_1_N001,ALL,1,123.03125,4,93
2022-09-02T19:45:00-00:00,2022-09-02T20:00:00-00:00,2022-09-02,13,KERNOIL_1_N001,KERNOIL_1_N001,KERNOIL_1_N001,RTPD,MCE,LMP_ENE_PRC,KERNOIL_1_N001,ALL,1,135.46436,4,93
2022-09-02T20:45:00-00:00,2022-09-02T21:00:00-00:00,2022-09-02,14,KERNOIL_1_N001,KERNOIL_1_N001,KERNOIL_1_N001,RTPD,MCE,LMP_ENE_PRC,KERNOIL_1_N001,ALL,1,146.96742,4,93
2022-09-02T21:45:00-00:00,2022-09-02T22:00:00-00:00,2022-09-02,15,KERNOIL_1_N001,KERNOIL_1_N001,KERNOIL_1_N001,RTPD,MCE,LMP_ENE_PRC,KERNOIL_1_N001,ALL,1,181.80174,4,93
2022-09-02T22:45:00-00:00,2022-09-02T23:00:00-00:00,2022-09-02,16,KERNOIL_1_N001,KERNOIL_1_N001,KERNOIL_1_N001,RTPD,MCE,LMP_ENE_PRC,KERNOIL_1_N001,ALL,1,269.30835,4,93
2022-09-02T23:45:00-00:00,2022-09-03T00:00:00-00:00,2022-09-02,17,KERNOIL_1_N001,KERNOIL_1_N001,KERNOIL_1_N001,RTPD,MCE,LMP_ENE_PRC,KERNOIL_1_N001,ALL,1,287.1113,4,93
2022-09-03T00:45:00-00:00,2022-09-03T01:00:00-00:00,2022-09-02,18,KERNOIL_1_N001,KERNOIL_1_N001,KERNOIL_1_N001,RTPD,MCE,LMP_ENE_PRC,KERNOIL_1_N001,ALL,1,242.16634,4,93
2022-09-03T01:45:00-00:00,2022-09-03T02:00:00-00:00,2022-09-02,19,KERNOIL_1_N001,KERNOIL_1_N001,KERNOIL_1_N001,RTPD,MCE,LMP_ENE_PRC,KERNOIL_1_N001,ALL,1,304.55594,4,93
2022-09-03T02:45:00-00:00,2022-09-03T03:00:00-00:00,2022-09-02,20,KERNOIL_1_N001,KERNOIL_1_N001,KERNOIL_1_N001,RTPD,MCE,LMP_ENE_PRC,KERNOIL_1_N001,ALL,1,152.03519,4,93
2022-09-03T03:45:00-00:00,2022-09-03T04:00:00-00:00,2022-09-02,21,KERNOIL_1_N001,KERNOIL_1_N001,KERNOIL_1_N001,RTPD,MCE,LMP_ENE_PRC,KERNOIL_1_N001,ALL,1,120.27765,4,93
2022-09-03T04:45:00-00:00,2022-09-03T05:00:00-00:00,2022-09-02,22,KERNOIL_1_N001,KERNOIL_1_N001,KERNOIL_1_N001,RTPD,MCE,LMP_ENE_PRC,KERNOIL_1_N001,ALL,1,111.14984,4,93
2022-09-03T05:45:00-00:00,2022-09-03T06:00:00-00:00,2022-09-02,23,KERNOIL_1_N001,KERNOIL_1_N001,KERNOIL_1_N001,RTPD,MCE,LMP_ENE_PRC,KERNOIL_1_N001,ALL,1,104.16199,4,93
2022-09-03T06:45:00-00:00,2022-09-03T07:00:00-00:00,2022-09-02,24,KERNOIL_1_N001,KERNOIL_1_N001,KERNOIL_1_N001,RTPD,MCE,LMP_ENE_PRC,KERNOIL_1_N001,ALL,1,95.41536,4,93
2022-09-02T07:00:00-00:00,2022-09-02T07:15:00-00:00,2022-09-02,01,KERNOIL_1_N001,KERNOIL_1_N001,KERNOIL_1_N001,RTPD,MCL,LMP_LOSS_PRC,KERNOIL_1_N001,ALL,1,4.93257,1,94
2022-09-02T08:00:00-00:00,2022-09-02T08:15:00-00:00,2022-09-02,02,KERNOIL_1_N001,KERNOIL_1_N001,KERNOIL_1_N001,RTPD,MCL,LMP_LOSS_PRC,KERNOIL_1_N001,ALL,1,5.89672,1,94
2022-09-02T09:00:00-00:00,2022-09-02T09:15:00-00:00,2022-09-02,03,KERNOIL_1_N001,KERNOIL_1_N001,KERNOIL_1_N001,RTPD,MCL,LMP_LOSS_PRC,KERNOIL_1_N001,ALL,1,6.15487,1,94
2022-09-02T10:00:00-00:00,2022-09-02T10:15:00-00:00,2022-09-02,04,KERNOIL_1_N001,KERNOIL_1_N001,KERNOIL_1_N001,RTPD,MCL,LMP_LOSS_PRC,KERNOIL_1_N001,ALL,1,6.09437,1,94
2022-09-02T11:00:00-00:00,2022-09-02T11:15:00-00:00,2022-09-02,05,KERNOIL_1_N001,KERNOIL_1_N001,KERNOIL_1_N001,RTPD,MCL,LMP_LOSS_PRC,KERNOIL_1_N001,ALL,1,0,1,94
2022-09-02T12:00:00-00:00,2022-09-02T12:15:00-00:00,2022-09-02,06,KERNOIL_1_N001,KERNOIL_1_N001,KERNOIL_1_N001,RTPD,MCL,LMP_LOSS_PRC,KERNOIL_1_N001,ALL,1,0,1,94
2022-09-02T13:00:00-00:00,2022-09-02T13:15:00-00:00,2022-09-02,07,KERNOIL_1_N001,KERNOIL_1_N001,KERNOIL_1_N001,RTPD,MCL,LMP_LOSS_PRC,KERNOIL_1_N001,ALL,1,0,1,94
2022-09-02T14:00:00-00:00,2022-09-02T14:15:00-00:00,2022-09-02,08,KERNOIL_1_N001,KERNOIL_1_N001,KERNOIL_1_N001,RTPD,MCL,LMP_LOSS_PRC,KERNOIL_1_N001,ALL,1,6.8022,1,94
2022-09-02T15:00:00-00:00,2022-09-02T15:15:00-00:00,2022-09-02,09,KERNOIL_1_N001,KERNOIL_1_N001,KERNOIL_1_N001,RTPD,MCL,LMP_LOSS_PRC,KERNOIL_1_N001,ALL,1,3.88502,1,94
2022-09-02T16:00:00-00:00,2022-09-02T16:15:00-00:00,2022-09-02,10,KERNOIL_1_N001,KERNOIL_1_N001,KERNOIL_1_N001,RTPD,MCL,LMP_LOSS_PRC,KERNOIL_1_N001,ALL,1,2.446,1,94
2022-09-02T17:00:00-00:00,2022-09-02T17:15:00-00:00,2022-09-02,11,KERNOIL_1_N001,KERNOIL_1_N001,KERNOIL_1_N001,RTPD,MCL,LMP_LOSS_PRC,KERNOIL_1_N001,ALL,1,1.71171,1,94
2022-09-02T18:00:00-00:00,2022-09-02T18:15:00-00:00,2022-09-02,12,KERNOIL_1_N001,KERNOIL_1_N001,KERNOIL_1_N001,RTPD,MCL,LMP_LOSS_PRC,KERNOIL_1_N001,ALL,1,1.6413,1,94
2022-09-02T19:00:00-00:00,2022-09-02T19:15:00-00:00,2022-09-02,13,KERNOIL_1_N001,KERNOIL_1_N001,KERNOIL_1_N001,RTPD,MCL,LMP_LOSS_PRC,KERNOIL_1_N001,ALL,1,0.39596,1,94
2022-09-02T20:00:00-00:00,2022-09-02T20:15:00-00:00,2022-09-02,14,KERNOIL_1_N001,KERNOIL_1_N001,KERNOIL_1_N001,RTPD,MCL,LMP_LOSS_PRC,KERNOIL_1_N001,ALL,1,0.89566,1,94
2022-09-02T21:00:00-00:00,2022-09-02T21:15:00-00:00,2022-09-02,15,KERNOIL_1_N001,KERNOIL_1_N001,KERNOIL_1_N001,RTPD,MCL,LMP_LOSS_PRC,KERNOIL_1_N001,ALL,1,2.32779,1,94
2022-09-02T22:00:00-00:00,2022-09-02T22:15:00-00:00,2022-09-02,16,KERNOIL_1_N001,KERNOIL_1_N001,KERNOIL_1_N001,RTPD,MCL,LMP_LOSS_PRC,KERNOIL_1_N001,ALL,1,3.37466,1,94
2022-09-02T23:00:00-00:00,2022-09-02T23:15:00-00:00,2022-09-02,17,KERNOIL_1_N001,KERNOIL_1_N001,KERNOIL_1_N001,RTPD,MCL,LMP_LOSS_PRC,KERNOIL_1_N001,ALL,1,5.07578,1,94
2022-09-03T00:00:00-00:00,2022-09-03T00:15:00-00:00,2022-09-02,18,KERNOIL_1_N001,KERNOIL_1_N001,KERNOIL_1_N001,RTPD,MCL,LMP_LOSS_PRC,KERNOIL_1_N001,ALL,1,9.63188,1,94
2022-09-03T01:00:00-00:00,2022-09-03T01:15:00-00:00,2022-09-02,19,KERNOIL_1_N001,KERNOIL_1_N001,KERNOIL_1_N001,RTPD,MCL,LMP_LOSS_PRC,KERNOIL_1_N001,ALL,1,0,1,94
2022-09-03T02:00:00-00:00,2022-09-03T02:15:00-00:00,2022-09-02,20,KERNOIL_1_N001,KERNOIL_1_N001,KERNOIL_1_N001,RTPD,MCL,LMP_LOSS_PRC,KERNOIL_1_N001,ALL,1,10.15757,1,94
2022-09-03T03:00:00-00:00,2022-09-03T03:15:00-00:00,2022-09-02,21,KERNOIL_1_N001,KERNOIL_1_N001,KERNOIL_1_N001,RTPD,MCL,LMP_LOSS_PRC,KERNOIL_1_N001,ALL,1,5.25697,1,94
2022-09-03T04:00:00-00:00,2022-09-03T04:15:00-00:00,2022-09-02,22,KERNOIL_1_N001,KERNOIL_1_N001,KERNOIL_1_N001,RTPD,MCL,LMP_LOSS_PRC,KERNOIL_1_N001,ALL,1,6.50053,1,94
2022-09-03T05:00:00-00:00,2022-09-03T05:15:00-00:00,2022-09-02,23,KERNOIL_1_N001,KERNOIL_1_N001,KERNOIL_1_N001,RTPD,MCL,LMP_LOSS_PRC,KERNOIL_1_N001,ALL,1,7.55811,1,94
2022-09-03T06:00:00-00:00,2022-09-03T06:15:00-00:00,2022-09-02,24,KERNOIL_1_N001,KERNOIL_1_N001,KERNOIL_1_N001,RTPD,MCL,LMP_LOSS_PRC,KERNOIL_1_N001,ALL,1,7.96913,1,94
2022-09-02T07:15:00-00:00,2022-09-02T07:30:00-00:00,2022-09-02,01,KERNOIL_1_N001,KERNOIL_1_N001,KERNOIL_1_N001,RTPD,MCL,LMP_LOSS_PRC,KERNOIL_1_N001,ALL,1,4.48693,2,94
2022-09-02T08:15:00-00:00,2022-09-02T08:30:00-00:00,2022-09-02,02,KERNOIL_1_N001,KERNOIL_1_N001,KERNOIL_1_N001,RTPD,MCL,LMP_LOSS_PRC,KERNOIL_1_N001,ALL,1,5.86159,2,94
2022-09-02T09:15:00-00:00,2022-09-02T09:30:00-00:00,2022-09-02,03,KERNOIL_1_N001,KERNOIL_1_N001,KERNOIL_1_N001,RTPD,MCL,LMP_LOSS_PRC,KERNOIL_1_N001,ALL,1,6.22585,2,94
2022-09-02T10:15:00-00:00,2022-09-02T10:30:00-00:00,2022-09-02,04,KERNOIL_1_N001,KERNOIL_1_N001,KERNOIL_1_N001,RTPD,MCL,LMP_LOSS_PRC,KERNOIL_1_N001,ALL,1,6.14472,2,94
2022-09-02T11:15:00-00:00,2022-09-02T11:30:00-00:00,2022-09-02,05,KERNOIL_1_N001,KERNOIL_1_N001,KERNOIL_1_N001,RTPD,MCL,LMP_LOSS_PRC,KERNOIL_1_N001,ALL,1,0,2,94
2022-09-02T12:15:00-00:00,2022-09-02T12:30:00-00:00,2022-09-02,06,KERNOIL_1_N001,KERNOIL_1_N001,KERNOIL_1_N001,RTPD,MCL,LMP_LOSS_PRC,KERNOIL_1_N001,ALL,1,0,2,94
2022-09-02T13:15:00-00:00,2022-09-02T13:30:00-00:00,2022-09-02,07,KERNOIL_1_N001,KERNOIL_1_N001,KERNOIL_1_N001,RTPD,MCL,LMP_LOSS_PRC,KERNOIL_1_N001,ALL,1,0,2,94
2022-09-02T14:15:00-00:00,2022-09-02T14:30:00-00:00,2022-09-02,08,KERNOIL_1_N001,KERNOIL_1_N001,KERNOIL_1_N001,RTPD,MCL,LMP_LOSS_PRC,KERNOIL_1_N001,ALL,1,6.11958,2,94
2022-09-02T15:15:00-00:00,2022-09-02T15:30:00-00:00,2022-09-02,09,KERNOIL_1_N001,KERNOIL_1_N001,KERNOIL_1_N001,RTPD,MCL,LMP_LOSS_PRC,KERNOIL_1_N001,ALL,1,0,2,94
2022-09-02T16:15:00-00:00,2022-09-02T16:30:00-00:00,2022-09-02,10,KERNOIL_1_N001,KERNOIL_1_N001,KERNOIL_1_N001,RTPD,MCL,LMP_LOSS_PRC,KERNOIL_1_N001,ALL,1,2.20622,2,94
2022-09-02T17:15:00-00:00,2022-09-02T17:30:00-00:00,2022-09-02,11,KERNOIL_1_N001,KERNOIL_1_N001,KERNOIL_1_N001,RTPD,MCL,LMP_LOSS_PRC,KERNOIL_1_N001,ALL,1,1.67717,2,94
2022-09-02T18:15:00-00:00,2022-09-02T18:30:00-00:00,2022-09-02,12,KERNOIL_1_N001,KERNOIL_1_N001,KERNOIL_1_N001,RTPD,MCL,LMP_LOSS_PRC,KERNOIL_1_N001,ALL,1,1.83192,2,94
2022-09-02T19:15:00-00:00,2022-09-02T19:30:00-00:00,2022-09-02,13,KERNOIL_1_N001,KERNOIL_1_N001,KERNOIL_1_N001,RTPD,MCL,LMP_LOSS_PRC,KERNOIL_1_N001,ALL,1,0.04486,2,94
2022-09-02T20:15:00-00:00,2022-09-02T20:30:00-00:00,2022-09-02,14,KERNOIL_1_N001,KERNOIL_1_N001,KERNOIL_1_N001,RTPD,MCL,LMP_LOSS_PRC,KERNOIL_1_N001,ALL,1,0.6866,2,94
2022-09-02T21:15:00-00:00,2022-09-02T21:30:00-00:00,2022-09-02,15,KERNOIL_1_N001,KERNOIL_1_N001,KERNOIL_1_N001,RTPD,MCL,LMP_LOSS_PRC,KERNOIL_1_N001,ALL,1,2.04917,2,94
2022-09-02T22:15:00-00:00,2022-09-02T22:30:00-00:00,2022-09-02,16,KERNOIL_1_N001,KERNOIL_1_N001,KERNOIL_1_N001,RTPD,MCL,LMP_LOSS_PRC,KERNOIL_1_N001,ALL,1,4.11009,2,94
2022-09-02T23:15:00-00:00,2022-09-02T23:30:00-00:00,2022-09-02,17,KERNOIL_1_N001,KERNOIL_1_N001,KERNOIL_1_N001,RTPD,MCL,LMP_LOSS_PRC,KERNOIL_1_N001,ALL,1,5.48428,2,94
2022-09-03T00:15:00-00:00,2022-09-03T00:30:00-00:00,2022-09-02,18,KERNOIL_1_N001,KERNOIL_1_N001,KERNOIL_1_N001,RTPD,MCL,LMP_LOSS_PRC,KERNOIL_1_N001,ALL,1,6.68317,2,94
2022-09-03T01:15:00-00:00,2022-09-03T01:30:00-00:00,2022-09-02,19,KERNOIL_1_N001,KERNOIL_1_N001,KERNOIL_1_N001,RTPD,MCL,LMP_LOSS_PRC,KERNOIL_1_N001,ALL,1,0,2,94
2022-09-03T02:15:00-00:00,2022-09-03T02:30:00-00:00,2022-09-02,20,KERNOIL_1_N001,KERNOIL_1_N001,KERNOIL_1_N001,RTPD,MCL,LMP_LOSS_PRC,KERNOIL_1_N001,ALL,1,10.28763,2,94
2022-09-03T03:15:00-00:00,2022-09-03T03:30:00-00:00,2022-09-02,21,KERNOIL_1_N001,KERNOIL_1_N001,KERNOIL_1_N001,RTPD,MCL,LMP_LOSS_PRC,KERNOIL_1_N001,ALL,1,5.11158,2,94
2022-09-03T04:15:00-00:00,2022-09-03T04:30:00-00:00,2022-09-02,22,KERNOIL_1_N001,KERNOIL_1_N001,KERNOIL_1_N001,RTPD,MCL,LMP_LOSS_PRC,KERNOIL_1_N001,ALL,1,5.59973,2,94
2022-09-03T05:15:00-00:00,2022-09-03T05:30:00-00:00,2022-09-02,23,KERNOIL_1_N001,KERNOIL_1_N001,KERNOIL_1_N001,RTPD,MCL,LMP_LOSS_PRC,KERNOIL_1_N001,ALL,1,6.92682,2,94
2022-09-03T06:15:00-00:00,2022-09-03T06:30:00-00:00,2022-09-02,24,KERNOIL_1_N001,KERNOIL_1_N001,KERNOIL_1_N001,RTPD,MCL,LMP_LOSS_PRC,KERNOIL_1_N001,ALL,1,6.63101,2,94
2022-09-02T07:30:00-00:00,2022-09-02T07:45:00-00:00,2022-09-02,01,KERNOIL_1_N001,KERNOIL_1_N001,KERNOIL_1_N001,RTPD,MCL,LMP_LOSS_PRC,KERNOIL_1_N001,ALL,1,4.61339,3,94
2022-09-02T08:30:00-00:00,2022-09-02T08:45:00-00:00,2022-09-02,02,KERNOIL_1_N001,KERNOIL_1_N001,KERNOIL_1_N001,RTPD,MCL,LMP_LOSS_PRC,KERNOIL_1_N001,ALL,1,5.9483,3,94
2022-09-02T09:30:00-00:00,2022-09-02T09:45:00-00:00,2022-09-02,03,KERNOIL_1_N001,KERNOIL_1_N001,KERNOIL_1_N001,RTPD,MCL,LMP_LOSS_PRC,KERNOIL_1_N001,ALL,1,5.86315,3,94
2022-09-02T10:30:00-00:00,2022-09-02T10:45:00-00:00,2022-09-02,04,KERNOIL_1_N001,KERNOIL_1_N001,KERNOIL_1_N001,RTPD,MCL,LMP_LOSS_PRC,KERNOIL_1_N001,ALL,1,5.92378,3,94
2022-09-02T11:30:00-00:00,2022-09-02T11:45:00-00:00,2022-09-02,05,KERNOIL_1_N001,KERNOIL_1_N001,KERNOIL_1_N001,RTPD,MCL,LMP_LOSS_PRC,KERNOIL_1_N001,ALL,1,0,3,94
2022-09-02T12:30:00-00:00,2022-09-02T12:45:00-00:00,2022-09-02,06,KERNOIL_1_N001,KERNOIL_1_N001,KERNOIL_1_N001,RTPD,MCL,LMP_LOSS_PRC,KERNOIL_1_N001,ALL,1,0,3,94
2022-09-02T13:30:00-00:00,2022-09-02T13:45:00-00:00,2022-09-02,07,KERNOIL_1_N001,KERNOIL_1_N001,KERNOIL_1_N001,RTPD,MCL,LMP_LOSS_PRC,KERNOIL_1_N001,ALL,1,0,3,94
2022-09-02T14:30:00-00:00,2022-09-02T14:45:00-00:00,2022-09-02,08,KERNOIL_1_N001,KERNOIL_1_N001,KERNOIL_1_N001,RTPD,MCL,LMP_LOSS_PRC,KERNOIL_1_N001,ALL,1,5.10576,3,94
2022-09-02T15:30:00-00:00,2022-09-02T15:45:00-00:00,2022-09-02,09,KERNOIL_1_N001,KERNOIL_1_N001,KERNOIL_1_N001,RTPD,MCL,LMP_LOSS_PRC,KERNOIL_1_N001,ALL,1,0,3,94
2022-09-02T16:30:00-00:00,2022-09-02T16:45:00-00:00,2022-09-02,10,KERNOIL_1_N001,KERNOIL_1_N001,KERNOIL_1_N001,RTPD,MCL,LMP_LOSS_PRC,KERNOIL_1_N001,ALL,1,2.05194,3,94
2022-09-02T17:30:00-00:00,2022-09-02T17:45:00-00:00,2022-09-02,11,KERNOIL_1_N001,KERNOIL_1_N001,KERNOIL_1_N001,RTPD,MCL,LMP_LOSS_PRC,KERNOIL_1_N001,ALL,1,1.50534,3,94
2022-09-02T18:30:00-00:00,2022-09-02T18:45:00-00:00,2022-09-02,12,KERNOIL_1_N001,KERNOIL_1_N001,KERNOIL_1_N001,RTPD,MCL,LMP_LOSS_PRC,KERNOIL_1_N001,ALL,1,1.80127,3,94
2022-09-02T19:30:00-00:00,2022-09-02T19:45:00-00:00,2022-09-02,13,KERNOIL_1_N001,KERNOIL_1_N001,KERNOIL_1_N001,RTPD,MCL,LMP_LOSS_PRC,KERNOIL_1_N001,ALL,1,-0.54998,3,94
2022-09-02T20:30:00-00:00,2022-09-02T20:45:00-00:00,2022-09-02,14,KERNOIL_1_N001,KERNOIL_1_N001,KERNOIL_1_N001,RTPD,MCL,LMP_LOSS_PRC,KERNOIL_1_N001,ALL,1,1.21683,3,94
2022-09-02T21:30:00-00:00,2022-09-02T21:45:00-00:00,2022-09-02,15,KERNOIL_1_N001,KERNOIL_1_N001,KERNOIL_1_N001,RTPD,MCL,LMP_LOSS_PRC,KERNOIL_1_N001,ALL,1,1.96045,3,94
2022-09-02T22:30:00-00:00,2022-09-02T22:45:00-00:00,2022-09-02,16,KERNOIL_1_N001,KERNOIL_1_N001,KERNOIL_1_N001,RTPD,MCL,LMP_LOSS_PRC,KERNOIL_1_N001,ALL,1,4.43362,3,94
2022-09-02T23:30:00-00:00,2022-09-02T23:45:00-00:00,2022-09-02,17,KERNOIL_1_N001,KERNOIL_1_N001,KERNOIL_1_N001,RTPD,MCL,LMP_LOSS_PRC,KERNOIL_1_N001,ALL,1,5.30151,3,94
2022-09-03T00:30:00-00:00,2022-09-03T00:45:00-00:00,2022-09-02,18,KERNOIL_1_N001,KERNOIL_1_N001,KERNOIL_1_N001,RTPD,MCL,LMP_LOSS_PRC,KERNOIL_1_N001,ALL,1,0,3,94
2022-09-03T01:30:00-00:00,2022-09-03T01:45:00-00:00,2022-09-02,19,KERNOIL_1_N001,KERNOIL_1_N001,KERNOIL_1_N001,RTPD,MCL,LMP_LOSS_PRC,KERNOIL_1_N001,ALL,1,0,3,94
2022-09-03T02:30:00-00:00,2022-09-03T02:45:00-00:00,2022-09-02,20,KERNOIL_1_N001,KERNOIL_1_N001,KERNOIL_1_N001,RTPD,MCL,LMP_LOSS_PRC,KERNOIL_1_N001,ALL,1,9.37848,3,94
2022-09-03T03:30:00-00:00,2022-09-03T03:45:00-00:00,2022-09-02,21,KERNOIL_1_N001,KERNOIL_1_N001,KERNOIL_1_N001,RTPD,MCL,LMP_LOSS_PRC,KERNOIL_1_N001,ALL,1,4.77167,3,94
2022-09-03T04:30:00-00:00,2022-09-03T04:45:00-00:00,2022-09-02,22,KERNOIL_1_N001,KERNOIL_1_N001,KERNOIL_1_N001,RTPD,MCL,LMP_LOSS_PRC,KERNOIL_1_N001,ALL,1,5.07654,3,94
2022-09-03T05:30:00-00:00,2022-09-03T05:45:00-00:00,2022-09-02,23,KERNOIL_1_N001,KERNOIL_1_N001,KERNOIL_1_N001,RTPD,MCL,LMP_LOSS_PRC,KERNOIL_1_N001,ALL,1,6.99345,3,94
2022-09-03T06:30:00-00:00,2022-09-03T06:45:00-00:00,2022-09-02,24,KERNOIL_1_N001,KERNOIL_1_N001,KERNOIL_1_N001,RTPD,MCL,LMP_LOSS_PRC,KERNOIL_1_N001,ALL,1,6.71828,3,94
2022-09-02T07:45:00-00:00,2022-09-02T08:00:00-00:00,2022-09-02,01,KERNOIL_1_N001,KERNOIL_1_N001,KERNOIL_1_N001,RTPD,MCL,LMP_LOSS_PRC,KERNOIL_1_N001,ALL,1,3.87298,4,94
2022-09-02T08:45:00-00:00,2022-09-02T09:00:00-00:00,2022-09-02,02,KERNOIL_1_N001,KERNOIL_1_N001,KERNOIL_1_N001,RTPD,MCL,LMP_LOSS_PRC,KERNOIL_1_N001,ALL,1,4.60788,4,94
2022-09-02T09:45:00-00:00,2022-09-02T10:00:00-00:00,2022-09-02,03,KERNOIL_1_N001,KERNOIL_1_N001,KERNOIL_1_N001,RTPD,MCL,LMP_LOSS_PRC,KERNOIL_1_N001,ALL,1,4.96182,4,94
2022-09-02T10:45:00-00:00,2022-09-02T11:00:00-00:00,2022-09-02,04,KERNOIL_1_N001,KERNOIL_1_N001,KERNOIL_1_N001,RTPD,MCL,LMP_LOSS_PRC,KERNOIL_1_N001,ALL,1,5.19359,4,94
2022-09-02T11:45:00-00:00,2022-09-02T12:00:00-00:00,2022-09-02,05,KERNOIL_1_N001,KERNOIL_1_N001,KERNOIL_1_N001,RTPD,MCL,LMP_LOSS_PRC,KERNOIL_1_N001,ALL,1,4.93537,4,94
2022-09-02T12:45:00-00:00,2022-09-02T13:00:00-00:00,2022-09-02,06,KERNOIL_1_N001,KERNOIL_1_N001,KERNOIL_1_N001,RTPD,MCL,LMP_LOSS_PRC,KERNOIL_1_N001,ALL,1,0,4,94
2022-09-02T13:45:00-00:00,2022-09-02T14:00:00-00:00,2022-09-02,07,KERNOIL_1_N001,KERNOIL_1_N001,KERNOIL_1_N001,RTPD,MCL,LMP_LOSS_PRC,KERNOIL_1_N001,ALL,1,0,4,94
2022-09-02T14:45:00-00:00,2022-09-02T15:00:00-00:00,2022-09-02,08,KERNOIL_1_N001,KERNOIL_1_N001,KERNOIL_1_N001,RTPD,MCL,LMP_LOSS_PRC,KERNOIL_1_N001,ALL,1,3.72289,4,94
2022-09-02T15:45:00-00:00,2022-09-02T16:00:00-00:00,2022-09-02,09,KERNOIL_1_N001,KERNOIL_1_N001,KERNOIL_1_N001,RTPD,MCL,LMP_LOSS_PRC,KERNOIL_1_N001,ALL,1,2.52372,4,94
2022-09-02T16:45:00-00:00,2022-09-02T17:00:00-00:00,2022-09-02,10,KERNOIL_1_N001,KERNOIL_1_N001,KERNOIL_1_N001,RTPD,MCL,LMP_LOSS_PRC,KERNOIL_1_N001,ALL,1,1.68908,4,94
2022-09-02T17:45:00-00:00,2022-09-02T18:00:00-00:00,2022-09-02,11,KERNOIL_1_N001,KERNOIL_1_N001,KERNOIL_1_N001,RTPD,MCL,LMP_LOSS_PRC,KERNOIL_1_N001,ALL,1,1.27941,4,94
2022-09-02T18:45:00-00:00,2022-09-02T19:00:00-00:00,2022-09-02,12,KERNOIL_1_N001,KERNOIL_1_N001,KERNOIL_1_N001,RTPD,MCL,LMP_LOSS_PRC,KERNOIL_1_N001,ALL,1,1.9562,4,94
2022-09-02T19:45:00-00:00,2022-09-02T20:00:00-00:00,2022-09-02,13,KERNOIL_1_N001,KERNOIL_1_N001,KERNOIL_1_N001,RTPD,MCL,LMP_LOSS_PRC,KERNOIL_1_N001,ALL,1,-1.02953,4,94
2022-09-02T20:45:00-00:00,2022-09-02T21:00:00-00:00,2022-09-02,14,KERNOIL_1_N001,KERNOIL_1_N001,KERNOIL_1_N001,RTPD,MCL,LMP_LOSS_PRC,KERNOIL_1_N001,ALL,1,2.2486,4,94
2022-09-02T21:45:00-00:00,2022-09-02T22:00:00-00:00,2022-09-02,15,KERNOIL_1_N001,KERNOIL_1_N001,KERNOIL_1_N001,RTPD,MCL,LMP_LOSS_PRC,KERNOIL_1_N001,ALL,1,3.47241,4,94
2022-09-02T22:45:00-00:00,2022-09-02T23:00:00-00:00,2022-09-02,16,KERNOIL_1_N001,KERNOIL_1_N001,KERNOIL_1_N001,RTPD,MCL,LMP_LOSS_PRC,KERNOIL_1_N001,ALL,1,0,4,94
2022-09-02T23:45:00-00:00,2022-09-03T00:00:00-00:00,2022-09-02,17,KERNOIL_1_N001,KERNOIL_1_N001,KERNOIL_1_N001,RTPD,MCL,LMP_LOSS_PRC,KERNOIL_1_N001,ALL,1,0,4,94
2022-09-03T00:45:00-00:00,2022-09-03T01:00:00-00:00,2022-09-02,18,KERNOIL_1_N001,KERNOIL_1_N001,KERNOIL_1_N001,RTPD,MCL,LMP_LOSS_PRC,KERNOIL_1_N001,ALL,1,0,4,94
2022-09-03T01:45:00-00:00,2022-09-03T02:00:00-00:00,2022-09-02,19,KERNOIL_1_N001,KERNOIL_1_N001,KERNOIL_1_N001,RTPD,MCL,LMP_LOSS_PRC,KERNOIL_1_N001,ALL,1,0,4,94
2022-09-03T02:45:00-00:00,2022-09-03T03:00:00-00:00,2022-09-02,20,KERNOIL_1_N001,KERNOIL_1_N001,KERNOIL_1_N001,RTPD,MCL,LMP_LOSS_PRC,KERNOIL_1_N001,ALL,1,8.27071,4,94
2022-09-03T03:45:00-00:00,2022-09-03T04:00:00-00:00,2022-09-02,21,KERNOIL_1_N001,KERNOIL_1_N001,KERNOIL_1_N001,RTPD,MCL,LMP_LOSS_PRC,KERNOIL_1_N001,ALL,1,4.78705,4,94
2022-09-03T04:45:00-00:00,2022-09-03T05:00:00-00:00,2022-09-02,22,KERNOIL_1_N001,KERNOIL_1_N001,KERNOIL_1_N001,RTPD,MCL,LMP_LOSS_PRC,KERNOIL_1_N001,ALL,1,4.87948,4,94
2022-09-03T05:45:00-00:00,2022-09-03T06:00:00-00:00,2022-09-02,23,KERNOIL_1_N001,KERNOIL_1_N001,KERNOIL_1_N001,RTPD,MCL,LMP_LOSS_PRC,KERNOIL_1_N001,ALL,1,5.5935,4,94
2022-09-03T06:45:00-00:00,2022-09-03T07:00:00-00:00,2022-09-02,24,KERNOIL_1_N001,KERNOIL_1_N001,KERNOIL_1_N001,RTPD,MCL,LMP_LOSS_PRC,KERNOIL_1_N001,ALL,1,6.42145,4,94
2022-09-02T07:00:00-00:00,2022-09-02T07:15:00-00:00,2022-09-02,01,KERNOIL_1_N001,KERNOIL_1_N001,KERNOIL_1_N001,RTPD,MGHG,LMP_GHG_PRC,KERNOIL_1_N001,ALL,1,0,1,95
2022-09-02T08:00:00-00:00,2022-09-02T08:15:00-00:00,2022-09-02,02,KERNOIL_1_N001,KERNOIL_1_N001,KERNOIL_1_N001,RTPD,MGHG,LMP_GHG_PRC,KERNOIL_1_N001,ALL,1,0,1,95
2022-09-02T09:00:00-00:00,2022-09-02T09:15:00-00:00,2022-09-02,03,KERNOIL_1_N001,KERNOIL_1_N001,KERNOIL_1_N001,RTPD,MGHG,LMP_GHG_PRC,KERNOIL_1_N001,ALL,1,0,1,95
2022-09-02T10:00:00-00:00,2022-09-02T10:15:00-00:00,2022-09-02,04,KERNOIL_1_N001,KERNOIL_1_N001,KERNOIL_1_N001,RTPD,MGHG,LMP_GHG_PRC,KERNOIL_1_N001,ALL,1,0,1,95
2022-09-02T11:00:00-00:00,2022-09-02T11:15:00-00:00,2022-09-02,05,KERNOIL_1_N001,KERNOIL_1_N001,KERNOIL_1_N001,RTPD,MGHG,LMP_GHG_PRC,KERNOIL_1_N001,ALL,1,0,1,95
2022-09-02T12:00:00-00:00,2022-09-02T12:15:00-00:00,2022-09-02,06,KERNOIL_1_N001,KERNOIL_1_N001,KERNOIL_1_N001,RTPD,MGHG,LMP_GHG_PRC,KERNOIL_1_N001,ALL,1,0,1,95
2022-09-02T13:00:00-00:00,2022-09-02T13:15:00-00:00,2022-09-02,07,KERNOIL_1_N001,KERNOIL_1_N001,KERNOIL_1_N001,RTPD,MGHG,LMP_GHG_PRC,KERNOIL_1_N001,ALL,1,0,1,95
2022-09-02T14:00:00-00:00,2022-09-02T14:15:00-00:00,2022-09-02,08,KERNOIL_1_N001,KERNOIL_1_N001,KERNOIL_1_N001,RTPD,MGHG,LMP_GHG_PRC,KERNOIL_1_N001,ALL,1,0,1,95
2022-09-02T15:00:00-00:00,2022-09-02T15:15:00-00:00,2022-09-02,09,KERNOIL_1_N001,KERNOIL_1_N001,KERNOIL_1_N001,RTPD,MGHG,LMP_GHG_PRC,KERNOIL_1_N001,ALL,1,0,1,95
2022-09-02T16:00:00-00:00,2022-09-02T16:15:00-00:00,2022-09-02,10,KERNOIL_1_N001,KERNOIL_1_N001,KERNOIL_1_N001,RTPD,MGHG,LMP_GHG_PRC,KERNOIL_1_N001,ALL,1,0,1,95
2022-09-02T17:00:00-00:00,2022-09-02T17:15:00-00:00,2022-09-02,11,KERNOIL_1_N001,KERNOIL_1_N001,KERNOIL_1_N001,RTPD,MGHG,LMP_GHG_PRC,KERNOIL_1_N001,ALL,1,0,1,95
2022-09-02T18:00:00-00:00,2022-09-02T18:15:00-00:00,2022-09-02,12,KERNOIL_1_N001,KERNOIL_1_N001,KERNOIL_1_N001,RTPD,MGHG,LMP_GHG_PRC,KERNOIL_1_N001,ALL,1,0,1,95
2022-09-02T19:00:00-00:00,2022-09-02T19:15:00-00:00,2022-09-02,13,KERNOIL_1_N001,KERNOIL_1_N001,KERNOIL_1_N001,RTPD,MGHG,LMP_GHG_PRC,KERNOIL_1_N001,ALL,1,0,1,95
2022-09-02T20:00:00-00:00,2022-09-02T20:15:00-00:00,2022-09-02,14,KERNOIL_1_N001,KERNOIL_1_N001,KERNOIL_1_N001,RTPD,MGHG,LMP_GHG_PRC,KERNOIL_1_N001,ALL,1,0,1,95
2022-09-02T21:00:00-00:00,2022-09-02T21:15:00-00:00,2022-09-02,15,KERNOIL_1_N001,KERNOIL_1_N001,KERNOIL_1_N001,RTPD,MGHG,LMP_GHG_PRC,KERNOIL_1_N001,ALL,1,0,1,95
2022-09-02T22:00:00-00:00,2022-09-02T22:15:00-00:00,2022-09-02,16,KERNOIL_1_N001,KERNOIL_1_N001,KERNOIL_1_N001,RTPD,MGHG,LMP_GHG_PRC,KERNOIL_1_N001,ALL,1,0,1,95
2022-09-02T23:00:00-00:00,2022-09-02T23:15:00-00:00,2022-09-02,17,KERNOIL_1_N001,KERNOIL_1_N001,KERNOIL_1_N001,RTPD,MGHG,LMP_GHG_PRC,KERNOIL_1_N001,ALL,1,0,1,95
2022-09-03T00:00:00-00:00,2022-09-03T00:15:00-00:00,2022-09-02,18,KERNOIL_1_N001,KERNOIL_1_N001,KERNOIL_1_N001,RTPD,MGHG,LMP_GHG_PRC,KERNOIL_1_N001,ALL,1,0,1,95
2022-09-03T01:00:00-00:00,2022-09-03T01:15:00-00:00,2022-09-02,19,KERNOIL_1_N001,KERNOIL_1_N001,KERNOIL_1_N001,RTPD,MGHG,LMP_GHG_PRC,KERNOIL_1_N001,ALL,1,0,1,95
2022-09-03T02:00:00-00:00,2022-09-03T02:15:00-00:00,2022-09-02,20,KERNOIL_1_N001,KERNOIL_1_N001,KERNOIL_1_N001,RTPD,MGHG,LMP_GHG_PRC,KERNOIL_1_N001,ALL,1,0,1,95
2022-09-03T03:00:00-00:00,2022-09-03T03:15:00-00:00,2022-09-02,21,KERNOIL_1_N001,KERNOIL_1_N001,KERNOIL_1_N001,RTPD,MGHG,LMP_GHG_PRC,KERNOIL_1_N001,ALL,1,0,1,95
2022-09-03T04:00:00-00:00,2022-09-03T04:15:00-00:00,2022-09-02,22,KERNOIL_1_N001,KERNOIL_1_N001,KERNOIL_1_N001,RTPD,MGHG,LMP_GHG_PRC,KERNOIL_1_N001,ALL,1,0,1,95
2022-09-03T05:00:00-00:00,2022-09-03T05:15:00-00:00,2022-09-02,23,KERNOIL_1_N001,KERNOIL_1_N001,KERNOIL_1_N001,RTPD,MGHG,LMP_GHG_PRC,KERNOIL_1_N001,ALL,1,0,1,95
2022-09-03T06:00:00-00:00,2022-09-03T06:15:00-00:00,2022-09-02,24,KERNOIL_1_N001,KERNOIL_1_N001,KERNOIL_1_N001,RTPD,MGHG,LMP_GHG_PRC,KERNOIL_1_N001,ALL,1,0,1,95
2022-09-02T07:15:00-00:00,2022-09-02T07:30:00-00:00,2022-09-02,01,KERNOIL_1_N001,KERNOIL_1_N001,KERNOIL_1_N001,RTPD,MGHG,LMP_GHG_PRC,KERNOIL_1_N001,ALL,1,0,2,95
2022-09-02T08:15:00-00:00,2022-09-02T08:30:00-00:00,2022-09-02,02,KERNOIL_1_N001,KERNOIL_1_N001,KERNOIL_1_N001,RTPD,MGHG,LMP_GHG_PRC,KERNOIL_1_N001,ALL,1,0,2,95
2022-09-02T09:15:00-00:00,2022-09-02T09:30:00-00:00,2022-09-02,03,KERNOIL_1_N001,KERNOIL_1_N001,KERNOIL_1_N001,RTPD,MGHG,LMP_GHG_PRC,KERNOIL_1_N001,ALL,1,0,2,95
2022-09-02T10:15:00-00:00,2022-09-02T10:30:00-00:00,2022-09-02,04,KERNOIL_1_N001,KERNOIL_1_N001,KERNOIL_1_N001,RTPD,MGHG,LMP_GHG_PRC,KERNOIL_1_N001,ALL,1,0,2,95
2022-09-02T11:15:00-00:00,2022-09-02T11:30:00-00:00,2022-09-02,05,KERNOIL_1_N001,KERNOIL_1_N001,KERNOIL_1_N001,RTPD,MGHG,LMP_GHG_PRC,KERNOIL_1_N001,ALL,1,0,2,95
2022-09-02T12:15:00-00:00,2022-09-02T12:30:00-00:00,2022-09-02,06,KERNOIL_1_N001,KERNOIL_1_N001,KERNOIL_1_N001,RTPD,MGHG,LMP_GHG_PRC,KERNOIL_1_N001,ALL,1,0,2,95
2022-09-02T13:15:00-00:00,2022-09-02T13:30:00-00:00,2022-09-02,07,KERNOIL_1_N001,KERNOIL_1_N001,KERNOIL_1_N001,RTPD,MGHG,LMP_GHG_PRC,KERNOIL_1_N001,ALL,1,0,2,95
2022-09-02T14:15:00-00:00,2022-09-02T14:30:00-00:00,2022-09-02,08,KERNOIL_1_N001,KERNOIL_1_N001,KERNOIL_1_N001,RTPD,MGHG,LMP_GHG_PRC,KERNOIL_1_N001,ALL,1,0,2,95
2022-09-02T15:15:00-00:00,2022-09-02T15:30:00-00:00,2022-09-02,09,KERNOIL_1_N001,KERNOIL_1_N001,KERNOIL_1_N001,RTPD,MGHG,LMP_GHG_PRC,KERNOIL_1_N001,ALL,1,0,2,95
2022-09-02T16:15:00-00:00,2022-09-02T16:30:00-00:00,2022-09-02,10,KERNOIL_1_N001,KERNOIL_1_N001,KERNOIL_1_N001,RTPD,MGHG,LMP_GHG_PRC,KERNOIL_1_N001,ALL,1,0,2,95
2022-09-02T17:15:00-00:00,2022-09-02T17:30:00-00:00,2022-09-02,11,KERNOIL_1_N001,KERNOIL_1_N001,KERNOIL_1_N001,RTPD,MGHG,LMP_GHG_PRC,KERNOIL_1_N001,ALL,1,0,2,95
2022-09-02T18:15:00-00:00,2022-09-02T18:30:00-00:00,2022-09-02,12,KERNOIL_1_N001,KERNOIL_1_N001,KERNOIL_1_N001,RTPD,MGHG,LMP_GHG_PRC,KERNOIL_1_N001,ALL,1,0,2,95
2022-09-02T19:15:00-00:00,2022-09-02T19:30:00-00:00,2022-09-02,13,KERNOIL_1_N001,KERNOIL_1_N001,KERNOIL_1_N001,RTPD,MGHG,LMP_GHG_PRC,KERNOIL_1_N001,ALL,1,0,2,95
2022-09-02T20:15:00-00:00,2022-09-02T20:30:00-00:00,2022-09-02,14,KERNOIL_1_N001,KERNOIL_1_N001,KERNOIL_1_N001,RTPD,MGHG,LMP_GHG_PRC,KERNOIL_1_N001,ALL,1,0,2,95
2022-09-02T21:15:00-00:00,2022-09-02T21:30:00-00:00,2022-09-02,15,KERNOIL_1_N001,KERNOIL_1_N001,KERNOIL_1_N001,RTPD,MGHG,LMP_GHG_PRC,KERNOIL_1_N001,ALL,1,0,2,95
2022-09-02T22:15:00-00:00,2022-09-02T22:30:00-00:00,2022-09-02,16,KERNOIL_1_N001,KERNOIL_1_N001,KERNOIL_1_N001,RTPD,MGHG,LMP_GHG_PRC,KERNOIL_1_N001,ALL,1,0,2,95
2022-09-02T23:15:00-00:00,2022-09-02T23:30:00-00:00,2022-09-02,17,KERNOIL_1_N001,KERNOIL_1_N001,KERNOIL_1_N001,RTPD,MGHG,LMP_GHG_PRC,KERNOIL_1_N001,ALL,1,0,2,95
2022-09-03T00:15:00-00:00,2022-09-03T00:30:00-00:00,2022-09-02,18,KERNOIL_1_N001,KERNOIL_1_N001,KERNOIL_1_N001,RTPD,MGHG,LMP_GHG_PRC,KERNOIL_1_N001,ALL,1,0,2,95
2022-09-03T01:15:00-00:00,2022-09-03T01:30:00-00:00,2022-09-02,19,KERNOIL_1_N001,KERNOIL_1_N001,KERNOIL_1_N001,RTPD,MGHG,LMP_GHG_PRC,KERNOIL_1_N001,ALL,1,0,2,95
2022-09-03T02:15:00-00:00,2022-09-03T02:30:00-00:00,2022-09-02,20,KERNOIL_1_N001,KERNOIL_1_N001,KERNOIL_1_N001,RTPD,MGHG,LMP_GHG_PRC,KERNOIL_1_N001,ALL,1,0,2,95
2022-09-03T03:15:00-00:00,2022-09-03T03:30:00-00:00,2022-09-02,21,KERNOIL_1_N001,KERNOIL_1_N001,KERNOIL_1_N001,RTPD,MGHG,LMP_GHG_PRC,KERNOIL_1_N001,ALL,1,0,2,95
2022-09-03T04:15:00-00:00,2022-09-03T04:30:00-00:00,2022-09-02,22,KERNOIL_1_N001,KERNOIL_1_N001,KERNOIL_1_N001,RTPD,MGHG,LMP_GHG_PRC,KERNOIL_1_N001,ALL,1,0,2,95
2022-09-03T05:15:00-00:00,2022-09-03T05:30:00-00:00,2022-09-02,23,KERNOIL_1_N001,KERNOIL_1_N001,KERNOIL_1_N001,RTPD,MGHG,LMP_GHG_PRC,KERNOIL_1_N001,ALL,1,0,2,95
2022-09-03T06:15:00-00:00,2022-09-03T06:30:00-00:00,2022-09-02,24,KERNOIL_1_N001,KERNOIL_1_N001,KERNOIL_1_N001,RTPD,MGHG,LMP_GHG_PRC,KERNOIL_1_N001,ALL,1,0,2,95
2022-09-02T07:30:00-00:00,2022-09-02T07:45:00-00:00,2022-09-02,01,KERNOIL_1_N001,KERNOIL_1_N001,KERNOIL_1_N001,RTPD,MGHG,LMP_GHG_PRC,KERNOIL_1_N001,ALL,1,0,3,95
2022-09-02T08:30:00-00:00,2022-09-02T08:45:00-00:00,2022-09-02,02,KERNOIL_1_N001,KERNOIL_1_N001,KERNOIL_1_N001,RTPD,MGHG,LMP_GHG_PRC,KERNOIL_1_N001,ALL,1,0,3,95
2022-09-02T09:30:00-00:00,2022-09-02T09:45:00-00:00,2022-09-02,03,KERNOIL_1_N001,KERNOIL_1_N001,KERNOIL_1_N001,RTPD,MGHG,LMP_GHG_PRC,KERNOIL_1_N001,ALL,1,0,3,95
2022-09-02T10:30:00-00:00,2022-09-02T10:45:00-00:00,2022-09-02,04,KERNOIL_1_N001,KERNOIL_1_N001,KERNOIL_1_N001,RTPD,MGHG,LMP_GHG_PRC,KERNOIL_1_N001,ALL,1,0,3,95
2022-09-02T11:30:00-00:00,2022-09-02T11:45:00-00:00,2022-09-02,05,KERNOIL_1_N001,KERNOIL_1_N001,KERNOIL_1_N001,RTPD,MGHG,LMP_GHG_PRC,KERNOIL_1_N001,ALL,1,0,3,95
2022-09-02T12:30:00-00:00,2022-09-02T12:45:00-00:00,2022-09-02,06,KERNOIL_1_N001,KERNOIL_1_N001,KERNOIL_1_N001,RTPD,MGHG,LMP_GHG_PRC,KERNOIL_1_N001,ALL,1,0,3,95
2022-09-02T13:30:00-00:00,2022-09-02T13:45:00-00:00,2022-09-02,07,KERNOIL_1_N001,KERNOIL_1_N001,KERNOIL_1_N001,RTPD,MGHG,LMP_GHG_PRC,KERNOIL_1_N001,ALL,1,0,3,95
2022-09-02T14:30:00-00:00,2022-09-02T14:45:00-00:00,2022-09-02,08,KERNOIL_1_N001,KERNOIL_1_N001,KERNOIL_1_N001,RTPD,MGHG,LMP_GHG_PRC,KERNOIL_1_N001,ALL,1,0,3,95
2022-09-02T15:30:00-00:00,2022-09-02T15:45:00-00:00,2022-09-02,09,KERNOIL_1_N001,KERNOIL_1_N001,KERNOIL_1_N001,RTPD,MGHG,LMP_GHG_PRC,KERNOIL_1_N001,ALL,1,0,3,95
2022-09-02T16:30:00-00:00,2022-09-02T16:45:00-00:00,2022-09-02,10,KERNOIL_1_N001,KERNOIL_1_N001,KERNOIL_1_N001,RTPD,MGHG,LMP_GHG_PRC,KERNOIL_1_N001,ALL,1,0,3,95
2022-09-02T17:30:00-00:00,2022-09-02T17:45:00-00:00,2022-09-02,11,KERNOIL_1_N001,KERNOIL_1_N001,KERNOIL_1_N001,RTPD,MGHG,LMP_GHG_PRC,KERNOIL_1_N001,ALL,1,0,3,95
2022-09-02T18:30:00-00:00,2022-09-02T18:45:00-00:00,2022-09-02,12,KERNOIL_1_N001,KERNOIL_1_N001,KERNOIL_1_N001,RTPD,MGHG,LMP_GHG_PRC,KERNOIL_1_N001,ALL,1,0,3,95
2022-09-02T19:30:00-00:00,2022-09-02T19:45:00-00:00,2022-09-02,13,KERNOIL_1_N001,KERNOIL_1_N001,KERNOIL_1_N001,RTPD,MGHG,LMP_GHG_PRC,KERNOIL_1_N001,ALL,1,0,3,95
2022-09-02T20:30:00-00:00,2022-09-02T20:45:00-00:00,2022-09-02,14,KERNOIL_1_N001,KERNOIL_1_N001,KERNOIL_1_N001,RTPD,MGHG,LMP_GHG_PRC,KERNOIL_1_N001,ALL,1,0,3,95
2022-09-02T21:30:00-00:00,2022-09-02T21:45:00-00:00,2022-09-02,15,KERNOIL_1_N001,KERNOIL_1_N001,KERNOIL_1_N001,RTPD,MGHG,LMP_GHG_PRC,KERNOIL_1_N001,ALL,1,0,3,95
2022-09-02T22:30:00-00:00,2022-09-02T22:45:00-00:00,2022-09-02,16,KERNOIL_1_N001,KERNOIL_1_N001,KERNOIL_1_N001,RTPD,MGHG,LMP_GHG_PRC,KERNOIL_1_N001,ALL,1,0,3,95
2022-09-02T23:30:00-00:00,2022-09-02T23:45:00-00:00,2022-09-02,17,KERNOIL_1_N001,KERNOIL_1_N001,KERNOIL_1_N001,RTPD,MGHG,LMP_GHG_PRC,KERNOIL_1_N001,ALL,1,0,3,95
2022-09-03T00:30:00-00:00,2022-09-03T00:45:00-00:00,2022-09-02,18,KERNOIL_1_N001,KERNOIL_1_N001,KERNOIL_1_N001,RTPD,MGHG,LMP_GHG_PRC,KERNOIL_1_N001,ALL,1,0,3,95
2022-09-03T01:30:00-00:00,2022-09-03T01:45:00-00:00,2022-09-02,19,KERNOIL_1_N001,KERNOIL_1_N001,KERNOIL_1_N001,RTPD,MGHG,LMP_GHG_PRC,KERNOIL_1_N001,ALL,1,0,3,95
2022-09-03T02:30:00-00:00,2022-09-03T02:45:00-00:00,2022-09-02,20,KERNOIL_1_N001,KERNOIL_1_N001,KERNOIL_1_N001,RTPD,MGHG,LMP_GHG_PRC,KERNOIL_1_N001,ALL,1,0,3,95
2022-09-03T03:30:00-00:00,2022-09-03T03:45:00-00:00,2022-09-02,21,KERNOIL_1_N001,KERNOIL_1_N001,KERNOIL_1_N001,RTPD,MGHG,LMP_GHG_PRC,KERNOIL_1_N001,ALL,1,0,3,95
2022-09-03T04:30:00-00:00,2022-09-03T04:45:00-00:00,2022-09-02,22,KERNOIL_1_N001,KERNOIL_1_N001,KERNOIL_1_N001,RTPD,MGHG,LMP_GHG_PRC,KERNOIL_1_N001,ALL,1,0,3,95
2022-09-03T05:30:00-00:00,2022-09-03T05:45:00-00:00,2022-09-02,23,KERNOIL_1_N001,KERNOIL_1_N001,KERNOIL_1_N001,RTPD,MGHG,LMP_GHG_PRC,KERNOIL_1_N001,ALL,1,0,3,95
2022-09-03T06:30:00-00:00,2022-09-03T06:45:00-00:00,2022-09-02,24,KERNOIL_1_N001,KERNOIL_1_N001,KERNOIL_1_N001,RTPD,MGHG,LMP_GHG_PRC,KERNOIL_1_N001,ALL,1,0,3,95
2022-09-02T07:45:00-00:00,2022-09-02T08:00:00-00:00,2022-09-02,01,KERNOIL_1_N001,KERNOIL_1_N001,KERNOIL_1_N001,RTPD,MGHG,LMP_GHG_PRC,KERNOIL_1_N001,ALL,1,0,4,95
2022-09-02T08:45:00-00:00,2022-09-02T09:00:00-00:00,2022-09-02,02,KERNOIL_1_N001,KERNOIL_1_N001,KERNOIL_1_N001,RTPD,MGHG,LMP_GHG_PRC,KERNOIL_1_N001,ALL,1,0,4,95
2022-09-02T09:45:00-00:00,2022-09-02T10:00:00-00:00,2022-09-02,03,KERNOIL_1_N001,KERNOIL_1_N001,KERNOIL_1_N001,RTPD,MGHG,LMP_GHG_PRC,KERNOIL_1_N001,ALL,1,0,4,95
2022-09-02T10:45:00-00:00,2022-09-02T11:00:00-00:00,2022-09-02,04,KERNOIL_1_N001,KERNOIL_1_N001,KERNOIL_1_N001,RTPD,MGHG,LMP_GHG_PRC,KERNOIL_1_N001,ALL,1,0,4,95
2022-09-02T11:45:00-00:00,2022-09-02T12:00:00-00:00,2022-09-02,05,KERNOIL_1_N001,KERNOIL_1_N001,KERNOIL_1_N001,RTPD,MGHG,LMP_GHG_PRC,KERNOIL_1_N001,ALL,1,0,4,95
2022-09-02T12:45:00-00:00,2022-09-02T13:00:00-00:00,2022-09-02,06,KERNOIL_1_N001,KERNOIL_1_N001,KERNOIL_1_N001,RTPD,MGHG,LMP_GHG_PRC,KERNOIL_1_N001,ALL,1,0,4,95
2022-09-02T13:45:00-00:00,2022-09-02T14:00:00-00:00,2022-09-02,07,KERNOIL_1_N001,KERNOIL_1_N001,KERNOIL_1_N001,RTPD,MGHG,LMP_GHG_PRC,KERNOIL_1_N001,ALL,1,0,4,95
2022-09-02T14:45:00-00:00,2022-09-02T15:00:00-00:00,2022-09-02,08,KERNOIL_1_N001,KERNOIL_1_N001,KERNOIL_1_N001,RTPD,MGHG,LMP_GHG_PRC,KERNOIL_1_N001,ALL,1,0,4,95
2022-09-02T15:45:00-00:00,2022-09-02T16:00:00-00:00,2022-09-02,09,KERNOIL_1_N001,KERNOIL_1_N001,KERNOIL_1_N001,RTPD,MGHG,LMP_GHG_PRC,KERNOIL_1_N001,ALL,1,0,4,95
2022-09-02T16:45:00-00:00,2022-09-02T17:00:00-00:00,2022-09-02,10,KERNOIL_1_N001,KERNOIL_1_N001,KERNOIL_1_N001,RTPD,MGHG,LMP_GHG_PRC,KERNOIL_1_N001,ALL,1,0,4,95
2022-09-02T17:45:00-00:00,2022-09-02T18:00:00-00:00,2022-09-02,11,KERNOIL_1_N001,KERNOIL_1_N001,KERNOIL_1_N001,RTPD,MGHG,LMP_GHG_PRC,KERNOIL_1_N001,ALL,1,0,4,95
2022-09-02T18:45:00-00:00,2022-09-02T19:00:00-00:00,2022-09-02,12,KERNOIL_1_N001,KERNOIL_1_N001,KERNOIL_1_N001,RTPD,MGHG,LMP_GHG_PRC,KERNOIL_1_N001,ALL,1,0,4,95
2022-09-02T19:45:00-00:00,2022-09-02T20:00:00-00:00,2022-09-02,13,KERNOIL_1_N001,KERNOIL_1_N001,KERNOIL_1_N001,RTPD,MGHG,LMP_GHG_PRC,KERNOIL_1_N001,ALL,1,0,4,95
2022-09-02T20:45:00-00:00,2022-09-02T21:00:00-00:00,2022-09-02,14,KERNOIL_1_N001,KERNOIL_1_N001,KERNOIL_1_N001,RTPD,MGHG,LMP_GHG_PRC,KERNOIL_1_N001,ALL,1,0,4,95
2022-09-02T21:45:00-00:00,2022-09-02T22:00:00-00:00,2022-09-02,15,KERNOIL_1_N001,KERNOIL_1_N001,KERNOIL_1_N001,RTPD,MGHG,LMP_GHG_PRC,KERNOIL_1_N001,ALL,1,0,4,95
2022-09-02T22:45:00-00:00,2022-09-02T23:00:00-00:00,2022-09-02,16,KERNOIL_1_N001,KERNOIL_1_N001,KERNOIL_1_N001,RTPD,MGHG,LMP_GHG_PRC,KERNOIL_1_N001,ALL,1,0,4,95
2022-09-02T23:45:00-00:00,2022-09-03T00:00:00-00:00,2022-09-02,17,KERNOIL_1_N001,KERNOIL_1_N001,KERNOIL_1_N001,RTPD,MGHG,LMP_GHG_PRC,KERNOIL_1_N001,ALL,1,0,4,95
2022-09-03T00:45:00-00:00,2022-09-03T01:00:00-00:00,2022-09-02,18,KERNOIL_1_N001,KERNOIL_1_N001,KERNOIL_1_N001,RTPD,MGHG,LMP_GHG_PRC,KERNOIL_1_N001,ALL,1,0,4,95
2022-09-03T01:45:00-00:00,2022-09-03T02:00:00-00:00,2022-09-02,19,KERNOIL_1_N001,KERNOIL_1_N001,KERNOIL_1_N001,RTPD,MGHG,LMP_GHG_PRC,KERNOIL_1_N001,ALL,1,0,4,95
2022-09-03T02:45:00-00:00,2022-09-03T03:00:00-00:00,2022-09-02,20,KERNOIL_1_N001,KERNOIL_1_N001,KERNOIL_1_N001,RTPD,MGHG,LMP_GHG_PRC,KERNOIL_1_N001,ALL,1,0,4,95
2022-09-03T03:45:00-00:00,2022-09-03T04:00:00-00:00,2022-09-02,21,KERNOIL_1_N001,KERNOIL_1_N001,KERNOIL_1_N001,RTPD,MGHG,LMP_GHG_PRC,KERNOIL_1_N001,ALL,1,0,4,95
2022-09-03T04:45:00-00:00,2022-09-03T05:00:00-00:00,2022-09-02,22,KERNOIL_1_N001,KERNOIL_1_N001,KERNOIL_1_N001,RTPD,MGHG,LMP_GHG_PRC,KERNOIL_1_N001,ALL,1,0,4,95
2022-09-03T05:45:00-00:00,2022-09-03T06:00:00-00:00,2022-09-02,23,KERNOIL_1_N001,KERNOIL_1_N001,KERNOIL_1_N001,RTPD,MGHG,LMP_GHG_PRC,KERNOIL_1_N001,ALL,1,0,4,95
2022-09-03T06:45:00-00:00,2022-09-03T07:00:00-00:00,2022-09-02,24,KERNOIL_1_N001,KERNOIL_1_N001,KERNOIL_1_N001,RTPD,MGHG,LMP_GHG_PRC,KERNOIL_1_N001,ALL,1,0,4,95
2022-09-02T07:00:00-00:00,2022-09-02T07:15:00-00:00,2022-09-02,01,KERNOIL_1_N012,KERNOIL_1_N012,KERNOIL_1_N012,RTPD,LMP,LMP_PRC,KERNOIL_1_N012,ALL,1,145.74197,1,96
2022-09-02T08:00:00-00:00,2022-09-02T08:15:00-00:00,2022-09-02,02,KERNOIL_1_N012,KERNOIL_1_N012,KERNOIL_1_N012,RTPD,LMP,LMP_PRC,KERNOIL_1_N012,ALL,1,140.14122,1,96
2022-09-02T09:00:00-00:00,2022-09-02T09:15:00-00:00,2022-09-02,03,KERNOIL_1_N012,KERNOIL_1_N012,KERNOIL_1_N012,RTPD,LMP,LMP_PRC,KERNOIL_1_N012,ALL,1,131.89493,1,96
2022-09-02T10:00:00-00:00,2022-09-02T10:15:00-00:00,2022-09-02,04,KERNOIL_1_N012,KERNOIL_1_N012,KERNOIL_1_N012,RTPD,LMP,LMP_PRC,KERNOIL_1_N012,ALL,1,120.48783,1,96
2022-09-02T11:00:00-00:00,2022-09-02T11:15:00-00:00,2022-09-02,05,KERNOIL_1_N012,KERNOIL_1_N012,KERNOIL_1_N012,RTPD,LMP,LMP_PRC,KERNOIL_1_N012,ALL,1,112.67355,1,96
2022-09-02T12:00:00-00:00,2022-09-02T12:15:00-00:00,2022-09-02,06,KERNOIL_1_N012,KERNOIL_1_N012,KERNOIL_1_N012,RTPD,LMP,LMP_PRC,KERNOIL_1_N012,ALL,1,119.07263,1,96
2022-09-02T13:00:00-00:00,2022-09-02T13:15:00-00:00,2022-09-02,07,KERNOIL_1_N012,KERNOIL_1_N012,KERNOIL_1_N012,RTPD,LMP,LMP_PRC,KERNOIL_1_N012,ALL,1,118.4954,1,96
2022-09-02T14:00:00-00:00,2022-09-02T14:15:00-00:00,2022-09-02,08,KERNOIL_1_N012,KERNOIL_1_N012,KERNOIL_1_N012,RTPD,LMP,LMP_PRC,KERNOIL_1_N012,ALL,1,123.96338,1,96
2022-09-02T15:00:00-00:00,2022-09-02T15:15:00-00:00,2022-09-02,09,KERNOIL_1_N012,KERNOIL_1_N012,KERNOIL_1_N012,RTPD,LMP,LMP_PRC,KERNOIL_1_N012,ALL,1,93.74301,1,96
2022-09-02T16:00:00-00:00,2022-09-02T16:15:00-00:00,2022-09-02,10,KERNOIL_1_N012,KERNOIL_1_N012,KERNOIL_1_N012,RTPD,LMP,LMP_PRC,KERNOIL_1_N012,ALL,1,90.41203,1,96
2022-09-02T17:00:00-00:00,2022-09-02T17:15:00-00:00,2022-09-02,11,KERNOIL_1_N012,KERNOIL_1_N012,KERNOIL_1_N012,RTPD,LMP,LMP_PRC,KERNOIL_1_N012,ALL,1,95.24758,1,96
2022-09-02T18:00:00-00:00,2022-09-02T18:15:00-00:00,2022-09-02,12,KERNOIL_1_N012,KERNOIL_1_N012,KERNOIL_1_N012,RTPD,LMP,LMP_PRC,KERNOIL_1_N012,ALL,1,106.1824,1,96
2022-09-02T19:00:00-00:00,2022-09-02T19:15:00-00:00,2022-09-02,13,KERNOIL_1_N012,KERNOIL_1_N012,KERNOIL_1_N012,RTPD,LMP,LMP_PRC,KERNOIL_1_N012,ALL,1,107.4128,1,96
2022-09-02T20:00:00-00:00,2022-09-02T20:15:00-00:00,2022-09-02,14,KERNOIL_1_N012,KERNOIL_1_N012,KERNOIL_1_N012,RTPD,LMP,LMP_PRC,KERNOIL_1_N012,ALL,1,114.2706,1,96
2022-09-02T21:00:00-00:00,2022-09-02T21:15:00-00:00,2022-09-02,15,KERNOIL_1_N012,KERNOIL_1_N012,KERNOIL_1_N012,RTPD,LMP,LMP_PRC,KERNOIL_1_N012,ALL,1,127.47785,1,96
2022-09-02T22:00:00-00:00,2022-09-02T22:15:00-00:00,2022-09-02,16,KERNOIL_1_N012,KERNOIL_1_N012,KERNOIL_1_N012,RTPD,LMP,LMP_PRC,KERNOIL_1_N012,ALL,1,149.46373,1,96
2022-09-02T23:00:00-00:00,2022-09-02T23:15:00-00:00,2022-09-02,17,KERNOIL_1_N012,KERNOIL_1_N012,KERNOIL_1_N012,RTPD,LMP,LMP_PRC,KERNOIL_1_N012,ALL,1,242.03513,1,96
2022-09-03T00:00:00-00:00,2022-09-03T00:15:00-00:00,2022-09-02,18,KERNOIL_1_N012,KERNOIL_1_N012,KERNOIL_1_N012,RTPD,LMP,LMP_PRC,KERNOIL_1_N012,ALL,1,122.45652,1,96
2022-09-03T01:00:00-00:00,2022-09-03T01:15:00-00:00,2022-09-02,19,KERNOIL_1_N012,KERNOIL_1_N012,KERNOIL_1_N012,RTPD,LMP,LMP_PRC,KERNOIL_1_N012,ALL,1,132.06949,1,96
2022-09-03T02:00:00-00:00,2022-09-03T02:15:00-00:00,2022-09-02,20,KERNOIL_1_N012,KERNOIL_1_N012,KERNOIL_1_N012,RTPD,LMP,LMP_PRC,KERNOIL_1_N012,ALL,1,233.8323,1,96
2022-09-03T03:00:00-00:00,2022-09-03T03:15:00-00:00,2022-09-02,21,KERNOIL_1_N012,KERNOIL_1_N012,KERNOIL_1_N012,RTPD,LMP,LMP_PRC,KERNOIL_1_N012,ALL,1,156.10045,1,96
2022-09-03T04:00:00-00:00,2022-09-03T04:15:00-00:00,2022-09-02,22,KERNOIL_1_N012,KERNOIL_1_N012,KERNOIL_1_N012,RTPD,LMP,LMP_PRC,KERNOIL_1_N012,ALL,1,175.96867,1,96
2022-09-03T05:00:00-00:00,2022-09-03T05:15:00-00:00,2022-09-02,23,KERNOIL_1_N012,KERNOIL_1_N012,KERNOIL_1_N012,RTPD,LMP,LMP_PRC,KERNOIL_1_N012,ALL,1,150.66914,1,96
2022-09-03T06:00:00-00:00,2022-09-03T06:15:00-00:00,2022-09-02,24,KERNOIL_1_N012,KERNOIL_1_N012,KERNOIL_1_N012,RTPD,LMP,LMP_PRC,KERNOIL_1_N012,ALL,1,93.181,1,96
2022-09-02T07:15:00-00:00,2022-09-02T07:30:00-00:00,2022-09-02,01,KERNOIL_1_N012,KERNOIL_1_N012,KERNOIL_1_N012,RTPD,LMP,LMP_PRC,KERNOIL_1_N012,ALL,1,137.21619,2,96
2022-09-02T08:15:00-00:00,2022-09-02T08:30:00-00:00,2022-09-02,02,KERNOIL_1_N012,KERNOIL_1_N012,KERNOIL_1_N012,RTPD,LMP,LMP_PRC,KERNOIL_1_N012,ALL,1,137.33238,2,96
2022-09-02T09:15:00-00:00,2022-09-02T09:30:00-00:00,2022-09-02,03,KERNOIL_1_N012,KERNOIL_1_N012,KERNOIL_1_N012,RTPD,LMP,LMP_PRC,KERNOIL_1_N012,ALL,1,130.60907,2,96
2022-09-02T10:15:00-00:00,2022-09-02T10:30:00-00:00,2022-09-02,04,KERNOIL_1_N012,KERNOIL_1_N012,KERNOIL_1_N012,RTPD,LMP,LMP_PRC,KERNOIL_1_N012,ALL,1,116.72534,2,96
2022-09-02T11:15:00-00:00,2022-09-02T11:30:00-00:00,2022-09-02,05,KERNOIL_1_N012,KERNOIL_1_N012,KERNOIL_1_N012,RTPD,LMP,LMP_PRC,KERNOIL_1_N012,ALL,1,113.13798,2,96
2022-09-02T12:15:00-00:00,2022-09-02T12:30:00-00:00,2022-09-02,06,KERNOIL_1_N012,KERNOIL_1_N012,KERNOIL_1_N012,RTPD,LMP,LMP_PRC,KERNOIL_1_N012,ALL,1,121.75153,2,96
2022-09-02T13:15:00-00:00,2022-09-02T13:30:00-00:00,2022-09-02,07,KERNOIL_1_N012,KERNOIL_1_N012,KERNOIL_1_N012,RTPD,LMP,LMP_PRC,KERNOIL_1_N012,ALL,1,120.11874,2,96
2022-09-02T14:15:00-00:00,2022-09-02T14:30:00-00:00,2022-09-02,08,KERNOIL_1_N012,KERNOIL_1_N012,KERNOIL_1_N012,RTPD,LMP,LMP_PRC,KERNOIL_1_N012,ALL,1,116.77762,2,96
2022-09-02T15:15:00-00:00,2022-09-02T15:30:00-00:00,2022-09-02,09,KERNOIL_1_N012,KERNOIL_1_N012,KERNOIL_1_N012,RTPD,LMP,LMP_PRC,KERNOIL_1_N012,ALL,1,83.80544,2,96
2022-09-02T16:15:00-00:00,2022-09-02T16:30:00-00:00,2022-09-02,10,KERNOIL_1_N012,KERNOIL_1_N012,KERNOIL_1_N012,RTPD,LMP,LMP_PRC,KERNOIL_1_N012,ALL,1,95.09786,2,96
2022-09-02T17:15:00-00:00,2022-09-02T17:30:00-00:00,2022-09-02,11,KERNOIL_1_N012,KERNOIL_1_N012,KERNOIL_1_N012,RTPD,LMP,LMP_PRC,KERNOIL_1_N012,ALL,1,103.9434,2,96
2022-09-02T18:15:00-00:00,2022-09-02T18:30:00-00:00,2022-09-02,12,KERNOIL_1_N012,KERNOIL_1_N012,KERNOIL_1_N012,RTPD,LMP,LMP_PRC,KERNOIL_1_N012,ALL,1,110.87486,2,96
2022-09-02T19:15:00-00:00,2022-09-02T19:30:00-00:00,2022-09-02,13,KERNOIL_1_N012,KERNOIL_1_N012,KERNOIL_1_N012,RTPD,LMP,LMP_PRC,KERNOIL_1_N012,ALL,1,112.18241,2,96
2022-09-02T20:15:00-00:00,2022-09-02T20:30:00-00:00,2022-09-02,14,KERNOIL_1_N012,KERNOIL_1_N012,KERNOIL_1_N012,RTPD,LMP,LMP_PRC,KERNOIL_1_N012,ALL,1,117.05701,2,96
2022-09-02T21:15:00-00:00,2022-09-02T21:30:00-00:00,2022-09-02,15,KERNOIL_1_N012,KERNOIL_1_N012,KERNOIL_1_N012,RTPD,LMP,LMP_PRC,KERNOIL_1_N012,ALL,1,128.54134,2,96
2022-09-02T22:15:00-00:00,2022-09-02T22:30:00-00:00,2022-09-02,16,KERNOIL_1_N012,KERNOIL_1_N012,KERNOIL_1_N012,RTPD,LMP,LMP_PRC,KERNOIL_1_N012,ALL,1,163.16403,2,96
2022-09-02T23:15:00-00:00,2022-09-02T23:30:00-00:00,2022-09-02,17,KERNOIL_1_N012,KERNOIL_1_N012,KERNOIL_1_N012,RTPD,LMP,LMP_PRC,KERNOIL_1_N012,ALL,1,245.52724,2,96
2022-09-03T00:15:00-00:00,2022-09-03T00:30:00-00:00,2022-09-02,18,KERNOIL_1_N012,KERNOIL_1_N012,KERNOIL_1_N012,RTPD,LMP,LMP_PRC,KERNOIL_1_N012,ALL,1,123.10979,2,96
2022-09-03T01:15:00-00:00,2022-09-03T01:30:00-00:00,2022-09-02,19,KERNOIL_1_N012,KERNOIL_1_N012,KERNOIL_1_N012,RTPD,LMP,LMP_PRC,KERNOIL_1_N012,ALL,1,159.24776,2,96
2022-09-03T02:15:00-00:00,2022-09-03T02:30:00-00:00,2022-09-02,20,KERNOIL_1_N012,KERNOIL_1_N012,KERNOIL_1_N012,RTPD,LMP,LMP_PRC,KERNOIL_1_N012,ALL,1,228.30687,2,96
2022-09-03T03:15:00-00:00,2022-09-03T03:30:00-00:00,2022-09-02,21,KERNOIL_1_N012,KERNOIL_1_N012,KERNOIL_1_N012,RTPD,LMP,LMP_PRC,KERNOIL_1_N012,ALL,1,154.88947,2,96
2022-09-03T04:15:00-00:00,2022-09-03T04:30:00-00:00,2022-09-02,22,KERNOIL_1_N012,KERNOIL_1_N012,KERNOIL_1_N012,RTPD,LMP,LMP_PRC,KERNOIL_1_N012,ALL,1,138.13701,2,96
2022-09-03T05:15:00-00:00,2022-09-03T05:30:00-00:00,2022-09-02,23,KERNOIL_1_N012,KERNOIL_1_N012,KERNOIL_1_N012,RTPD,LMP,LMP_PRC,KERNOIL_1_N012,ALL,1,130.49577,2,96
2022-09-03T06:15:00-00:00,2022-09-03T06:30:00-00:00,2022-09-02,24,KERNOIL_1_N012,KERNOIL_1_N012,KERNOIL_1_N012,RTPD,LMP,LMP_PRC,KERNOIL_1_N012,ALL,1,87.85013,2,96
2022-09-02T07:30:00-00:00,2022-09-02T07:45:00-00:00,2022-09-02,01,KERNOIL_1_N012,KERNOIL_1_N012,KERNOIL_1_N012,RTPD,LMP,LMP_PRC,KERNOIL_1_N012,ALL,1,140.2684,3,96
2022-09-02T08:30:00-00:00,2022-09-02T08:45:00-00:00,2022-09-02,02,KERNOIL_1_N012,KERNOIL_1_N012,KERNOIL_1_N012,RTPD,LMP,LMP_PRC,KERNOIL_1_N012,ALL,1,129.66145,3,96
2022-09-02T09:30:00-00:00,2022-09-02T09:45:00-00:00,2022-09-02,03,KERNOIL_1_N012,KERNOIL_1_N012,KERNOIL_1_N012,RTPD,LMP,LMP_PRC,KERNOIL_1_N012,ALL,1,118.40156,3,96
2022-09-02T10:30:00-00:00,2022-09-02T10:45:00-00:00,2022-09-02,04,KERNOIL_1_N012,KERNOIL_1_N012,KERNOIL_1_N012,RTPD,LMP,LMP_PRC,KERNOIL_1_N012,ALL,1,114.5158,3,96
2022-09-02T11:30:00-00:00,2022-09-02T11:45:00-00:00,2022-09-02,05,KERNOIL_1_N012,KERNOIL_1_N012,KERNOIL_1_N012,RTPD,LMP,LMP_PRC,KERNOIL_1_N012,ALL,1,110.63454,3,96
2022-09-02T12:30:00-00:00,2022-09-02T12:45:00-00:00,2022-09-02,06,KERNOIL_1_N012,KERNOIL_1_N012,KERNOIL_1_N012,RTPD,LMP,LMP_PRC,KERNOIL_1_N012,ALL,1,122.56199,3,96
2022-09-02T13:30:00-00:00,2022-09-02T13:45:00-00:00,2022-09-02,07,KERNOIL_1_N012,KERNOIL_1_N012,KERNOIL_1_N012,RTPD,LMP,LMP_PRC,KERNOIL_1_N012,ALL,1,117.80073,3,96
2022-09-02T14:30:00-00:00,2022-09-02T14:45:00-00:00,2022-09-02,08,KERNOIL_1_N012,KERNOIL_1_N012,KERNOIL_1_N012,RTPD,LMP,LMP_PRC,KERNOIL_1_N012,ALL,1,105.75236,3,96
2022-09-02T15:30:00-00:00,2022-09-02T15:45:00-00:00,2022-09-02,09,KERNOIL_1_N012,KERNOIL_1_N012,KERNOIL_1_N012,RTPD,LMP,LMP_PRC,KERNOIL_1_N012,ALL,1,85.77671,3,96
2022-09-02T16:30:00-00:00,2022-09-02T16:45:00-00:00,2022-09-02,10,KERNOIL_1_N012,KERNOIL_1_N012,KERNOIL_1_N012,RTPD,LMP,LMP_PRC,KERNOIL_1_N012,ALL,1,91.65613,3,96
2022-09-02T17:30:00-00:00,2022-09-02T17:45:00-00:00,2022-09-02,11,KERNOIL_1_N012,KERNOIL_1_N012,KERNOIL_1_N012,RTPD,LMP,LMP_PRC,KERNOIL_1_N012,ALL,1,105.32192,3,96
2022-09-02T18:30:00-00:00,2022-09-02T18:45:00-00:00,2022-09-02,12,KERNOIL_1_N012,KERNOIL_1_N012,KERNOIL_1_N012,RTPD,LMP,LMP_PRC,KERNOIL_1_N012,ALL,1,117.26738,3,96
2022-09-02T19:30:00-00:00,2022-09-02T19:45:00-00:00,2022-09-02,13,KERNOIL_1_N012,KERNOIL_1_N012,KERNOIL_1_N012,RTPD,LMP,LMP_PRC,KERNOIL_1_N012,ALL,1,119.01033,3,96
2022-09-02T20:30:00-00:00,2022-09-02T20:45:00-00:00,2022-09-02,14,KERNOIL_1_N012,KERNOIL_1_N012,KERNOIL_1_N012,RTPD,LMP,LMP_PRC,KERNOIL_1_N012,ALL,1,124.12892,3,96
2022-09-02T21:30:00-00:00,2022-09-02T21:45:00-00:00,2022-09-02,15,KERNOIL_1_N012,KERNOIL_1_N012,KERNOIL_1_N012,RTPD,LMP,LMP_PRC,KERNOIL_1_N012,ALL,1,142.99979,3,96
2022-09-02T22:30:00-00:00,2022-09-02T22:45:00-00:00,2022-09-02,16,KERNOIL_1_N012,KERNOIL_1_N012,KERNOIL_1_N012,RTPD,LMP,LMP_PRC,KERNOIL_1_N012,ALL,1,187.64107,3,96
2022-09-02T23:30:00-00:00,2022-09-02T23:45:00-00:00,2022-09-02,17,KERNOIL_1_N012,KERNOIL_1_N012,KERNOIL_1_N012,RTPD,LMP,LMP_PRC,KERNOIL_1_N012,ALL,1,266.23978,3,96
2022-09-03T00:30:00-00:00,2022-09-03T00:45:00-00:00,2022-09-02,18,KERNOIL_1_N012,KERNOIL_1_N012,KERNOIL_1_N012,RTPD,LMP,LMP_PRC,KERNOIL_1_N012,ALL,1,141.02107,3,96
2022-09-03T01:30:00-00:00,2022-09-03T01:45:00-00:00,2022-09-02,19,KERNOIL_1_N012,KERNOIL_1_N012,KERNOIL_1_N012,RTPD,LMP,LMP_PRC,KERNOIL_1_N012,ALL,1,242.20596,3,96
2022-09-03T02:30:00-00:00,2022-09-03T02:45:00-00:00,2022-09-02,20,KERNOIL_1_N012,KERNOIL_1_N012,KERNOIL_1_N012,RTPD,LMP,LMP_PRC,KERNOIL_1_N012,ALL,1,204.21333,3,96
2022-09-03T03:30:00-00:00,2022-09-03T03:45:00-00:00,2022-09-02,21,KERNOIL_1_N012,KERNOIL_1_N012,KERNOIL_1_N012,RTPD,LMP,LMP_PRC,KERNOIL_1_N012,ALL,1,147.18646,3,96
2022-09-03T04:30:00-00:00,2022-09-03T04:45:00-00:00,2022-09-02,22,KERNOIL_1_N012,KERNOIL_1_N012,KERNOIL_1_N012,RTPD,LMP,LMP_PRC,KERNOIL_1_N012,ALL,1,145.36765,3,96
2022-09-03T05:30:00-00:00,2022-09-03T05:45:00-00:00,2022-09-02,23,KERNOIL_1_N012,KERNOIL_1_N012,KERNOIL_1_N012,RTPD,LMP,LMP_PRC,KERNOIL_1_N012,ALL,1,125.9032,3,96
2022-09-03T06:30:00-00:00,2022-09-03T06:45:00-00:00,2022-09-02,24,KERNOIL_1_N012,KERNOIL_1_N012,KERNOIL_1_N012,RTPD,LMP,LMP_PRC,KERNOIL_1_N012,ALL,1,89.91915,3,96
2022-09-02T07:45:00-00:00,2022-09-02T08:00:00-00:00,2022-09-02,01,KERNOIL_1_N012,KERNOIL_1_N012,KERNOIL_1_N012,RTPD,LMP,LMP_PRC,KERNOIL_1_N012,ALL,1,115.2137,4,96
2022-09-02T08:45:00-00:00,2022-09-02T09:00:00-00:00,2022-09-02,02,KERNOIL_1_N012,KERNOIL_1_N012,KERNOIL_1_N012,RTPD,LMP,LMP_PRC,KERNOIL_1_N012,ALL,1,113.19793,4,96
2022-09-02T09:45:00-00:00,2022-09-02T10:00:00-00:00,2022-09-02,03,KERNOIL_1_N012,KERNOIL_1_N012,KERNOIL_1_N012,RTPD,LMP,LMP_PRC,KERNOIL_1_N012,ALL,1,109.808,4,96
2022-09-02T10:45:00-00:00,2022-09-02T11:00:00-00:00,2022-09-02,04,KERNOIL_1_N012,KERNOIL_1_N012,KERNOIL_1_N012,RTPD,LMP,LMP_PRC,KERNOIL_1_N012,ALL,1,107.4993,4,96
2022-09-02T11:45:00-00:00,2022-09-02T12:00:00-00:00,2022-09-02,05,KERNOIL_1_N012,KERNOIL_1_N012,KERNOIL_1_N012,RTPD,LMP,LMP_PRC,KERNOIL_1_N012,ALL,1,116.89429,4,96
2022-09-02T12:45:00-00:00,2022-09-02T13:00:00-00:00,2022-09-02,06,KERNOIL_1_N012,KERNOIL_1_N012,KERNOIL_1_N012,RTPD,LMP,LMP_PRC,KERNOIL_1_N012,ALL,1,122.60771,4,96
2022-09-02T13:45:00-00:00,2022-09-02T14:00:00-00:00,2022-09-02,07,KERNOIL_1_N012,KERNOIL_1_N012,KERNOIL_1_N012,RTPD,LMP,LMP_PRC,KERNOIL_1_N012,ALL,1,111.64115,4,96
2022-09-02T14:45:00-00:00,2022-09-02T15:00:00-00:00,2022-09-02,08,KERNOIL_1_N012,KERNOIL_1_N012,KERNOIL_1_N012,RTPD,LMP,LMP_PRC,KERNOIL_1_N012,ALL,1,90.84,4,96
2022-09-02T15:45:00-00:00,2022-09-02T16:00:00-00:00,2022-09-02,09,KERNOIL_1_N012,KERNOIL_1_N012,KERNOIL_1_N012,RTPD,LMP,LMP_PRC,KERNOIL_1_N012,ALL,1,83.93408,4,96
2022-09-02T16:45:00-00:00,2022-09-02T17:00:00-00:00,2022-09-02,10,KERNOIL_1_N012,KERNOIL_1_N012,KERNOIL_1_N012,RTPD,LMP,LMP_PRC,KERNOIL_1_N012,ALL,1,95.52691,4,96
2022-09-02T17:45:00-00:00,2022-09-02T18:00:00-00:00,2022-09-02,11,KERNOIL_1_N012,KERNOIL_1_N012,KERNOIL_1_N012,RTPD,LMP,LMP_PRC,KERNOIL_1_N012,ALL,1,107.89655,4,96
2022-09-02T18:45:00-00:00,2022-09-02T19:00:00-00:00,2022-09-02,12,KERNOIL_1_N012,KERNOIL_1_N012,KERNOIL_1_N012,RTPD,LMP,LMP_PRC,KERNOIL_1_N012,ALL,1,124.98745,4,96
2022-09-02T19:45:00-00:00,2022-09-02T20:00:00-00:00,2022-09-02,13,KERNOIL_1_N012,KERNOIL_1_N012,KERNOIL_1_N012,RTPD,LMP,LMP_PRC,KERNOIL_1_N012,ALL,1,134.43481,4,96
2022-09-02T20:45:00-00:00,2022-09-02T21:00:00-00:00,2022-09-02,14,KERNOIL_1_N012,KERNOIL_1_N012,KERNOIL_1_N012,RTPD,LMP,LMP_PRC,KERNOIL_1_N012,ALL,1,149.21603,4,96
2022-09-02T21:45:00-00:00,2022-09-02T22:00:00-00:00,2022-09-02,15,KERNOIL_1_N012,KERNOIL_1_N012,KERNOIL_1_N012,RTPD,LMP,LMP_PRC,KERNOIL_1_N012,ALL,1,185.27417,4,96
2022-09-02T22:45:00-00:00,2022-09-02T23:00:00-00:00,2022-09-02,16,KERNOIL_1_N012,KERNOIL_1_N012,KERNOIL_1_N012,RTPD,LMP,LMP_PRC,KERNOIL_1_N012,ALL,1,245.405,4,96
2022-09-02T23:45:00-00:00,2022-09-03T00:00:00-00:00,2022-09-02,17,KERNOIL_1_N012,KERNOIL_1_N012,KERNOIL_1_N012,RTPD,LMP,LMP_PRC,KERNOIL_1_N012,ALL,1,333.90912,4,96
2022-09-03T00:45:00-00:00,2022-09-03T01:00:00-00:00,2022-09-02,18,KERNOIL_1_N012,KERNOIL_1_N012,KERNOIL_1_N012,RTPD,LMP,LMP_PRC,KERNOIL_1_N012,ALL,1,248.56082,4,96
2022-09-03T01:45:00-00:00,2022-09-03T02:00:00-00:00,2022-09-02,19,KERNOIL_1_N012,KERNOIL_1_N012,KERNOIL_1_N012,RTPD,LMP,LMP_PRC,KERNOIL_1_N012,ALL,1,330.1521,4,96
2022-09-03T02:45:00-00:00,2022-09-03T03:00:00-00:00,2022-09-02,20,KERNOIL_1_N012,KERNOIL_1_N012,KERNOIL_1_N012,RTPD,LMP,LMP_PRC,KERNOIL_1_N012,ALL,1,185.62132,4,96
2022-09-03T03:45:00-00:00,2022-09-03T04:00:00-00:00,2022-09-02,21,KERNOIL_1_N012,KERNOIL_1_N012,KERNOIL_1_N012,RTPD,LMP,LMP_PRC,KERNOIL_1_N012,ALL,1,140.02943,4,96
2022-09-03T04:45:00-00:00,2022-09-03T05:00:00-00:00,2022-09-02,22,KERNOIL_1_N012,KERNOIL_1_N012,KERNOIL_1_N012,RTPD,LMP,LMP_PRC,KERNOIL_1_N012,ALL,1,124.45696,4,96
2022-09-03T05:45:00-00:00,2022-09-03T06:00:00-00:00,2022-09-02,23,KERNOIL_1_N012,KERNOIL_1_N012,KERNOIL_1_N012,RTPD,LMP,LMP_PRC,KERNOIL_1_N012,ALL,1,127.165,4,96
2022-09-03T06:45:00-00:00,2022-09-03T07:00:00-00:00,2022-09-02,24,KERNOIL_1_N012,KERNOIL_1_N012,KERNOIL_1_N012,RTPD,LMP,LMP_PRC,KERNOIL_1_N012,ALL,1,86.83268,4,96
2022-09-02T07:00:00-00:00,2022-09-02T07:15:00-00:00,2022-09-02,01,KERNOIL_1_N012,KERNOIL_1_N012,KERNOIL_1_N012,RTPD,MCC,LMP_CONG_PRC,KERNOIL_1_N012,ALL,1,12.35698,1,97
2022-09-02T08:00:00-00:00,2022-09-02T08:15:00-00:00,2022-09-02,02,KERNOIL_1_N012,KERNOIL_1_N012,KERNOIL_1_N012,RTPD,MCC,LMP_CONG_PRC,KERNOIL_1_N012,ALL,1,14.63554,1,97
2022-09-02T09:00:00-00:00,2022-09-02T09:15:00-00:00,2022-09-02,03,KERNOIL_1_N012,KERNOIL_1_N012,KERNOIL_1_N012,RTPD,MCC,LMP_CONG_PRC,KERNOIL_1_N012,ALL,1,11.54942,1,97
2022-09-02T10:00:00-00:00,2022-09-02T10:15:00-00:00,2022-09-02,04,KERNOIL_1_N012,KERNOIL_1_N012,KERNOIL_1_N012,RTPD,MCC,LMP_CONG_PRC,KERNOIL_1_N012,ALL,1,10.39389,1,97
2022-09-02T11:00:00-00:00,2022-09-02T11:15:00-00:00,2022-09-02,05,KERNOIL_1_N012,KERNOIL_1_N012,KERNOIL_1_N012,RTPD,MCC,LMP_CONG_PRC,KERNOIL_1_N012,ALL,1,12.87746,1,97
2022-09-02T12:00:00-00:00,2022-09-02T12:15:00-00:00,2022-09-02,06,KERNOIL_1_N012,KERNOIL_1_N012,KERNOIL_1_N012,RTPD,MCC,LMP_CONG_PRC,KERNOIL_1_N012,ALL,1,15.43552,1,97
2022-09-02T13:00:00-00:00,2022-09-02T13:15:00-00:00,2022-09-02,07,KERNOIL_1_N012,KERNOIL_1_N012,KERNOIL_1_N012,RTPD,MCC,LMP_CONG_PRC,KERNOIL_1_N012,ALL,1,12.52762,1,97
2022-09-02T14:00:00-00:00,2022-09-02T14:15:00-00:00,2022-09-02,08,KERNOIL_1_N012,KERNOIL_1_N012,KERNOIL_1_N012,RTPD,MCC,LMP_CONG_PRC,KERNOIL_1_N012,ALL,1,3.22154,1,97
2022-09-02T15:00:00-00:00,2022-09-02T15:15:00-00:00,2022-09-02,09,KERNOIL_1_N012,KERNOIL_1_N012,KERNOIL_1_N012,RTPD,MCC,LMP_CONG_PRC,KERNOIL_1_N012,ALL,1,1.96151,1,97
2022-09-02T16:00:00-00:00,2022-09-02T16:15:00-00:00,2022-09-02,10,KERNOIL_1_N012,KERNOIL_1_N012,KERNOIL_1_N012,RTPD,MCC,LMP_CONG_PRC,KERNOIL_1_N012,ALL,1,1.22847,1,97
2022-09-02T17:00:00-00:00,2022-09-02T17:15:00-00:00,2022-09-02,11,KERNOIL_1_N012,KERNOIL_1_N012,KERNOIL_1_N012,RTPD,MCC,LMP_CONG_PRC,KERNOIL_1_N012,ALL,1,0,1,97
2022-09-02T18:00:00-00:00,2022-09-02T18:15:00-00:00,2022-09-02,12,KERNOIL_1_N012,KERNOIL_1_N012,KERNOIL_1_N012,RTPD,MCC,LMP_CONG_PRC,KERNOIL_1_N012,ALL,1,0,1,97
2022-09-02T19:00:00-00:00,2022-09-02T19:15:00-00:00,2022-09-02,13,KERNOIL_1_N012,KERNOIL_1_N012,KERNOIL_1_N012,RTPD,MCC,LMP_CONG_PRC,KERNOIL_1_N012,ALL,1,0,1,97
2022-09-02T20:00:00-00:00,2022-09-02T20:15:00-00:00,2022-09-02,14,KERNOIL_1_N012,KERNOIL_1_N012,KERNOIL_1_N012,RTPD,MCC,LMP_CONG_PRC,KERNOIL_1_N012,ALL,1,0,1,97
2022-09-02T21:00:00-00:00,2022-09-02T21:15:00-00:00,2022-09-02,15,KERNOIL_1_N012,KERNOIL_1_N012,KERNOIL_1_N012,RTPD,MCC,LMP_CONG_PRC,KERNOIL_1_N012,ALL,1,0,1,97
2022-09-02T22:00:00-00:00,2022-09-02T22:15:00-00:00,2022-09-02,16,KERNOIL_1_N012,KERNOIL_1_N012,KERNOIL_1_N012,RTPD,MCC,LMP_CONG_PRC,KERNOIL_1_N012,ALL,1,0,1,97
2022-09-02T23:00:00-00:00,2022-09-02T23:15:00-00:00,2022-09-02,17,KERNOIL_1_N012,KERNOIL_1_N012,KERNOIL_1_N012,RTPD,MCC,LMP_CONG_PRC,KERNOIL_1_N012,ALL,1,98.27678,1,97
2022-09-03T00:00:00-00:00,2022-09-03T00:15:00-00:00,2022-09-02,18,KERNOIL_1_N012,KERNOIL_1_N012,KERNOIL_1_N012,RTPD,MCC,LMP_CONG_PRC,KERNOIL_1_N012,ALL,1,-116.50596,1,97
2022-09-03T01:00:00-00:00,2022-09-03T01:15:00-00:00,2022-09-02,19,KERNOIL_1_N012,KERNOIL_1_N012,KERNOIL_1_N012,RTPD,MCC,LMP_CONG_PRC,KERNOIL_1_N012,ALL,1,-20.62936,1,97
2022-09-03T02:00:00-00:00,2022-09-03T02:15:00-00:00,2022-09-02,20,KERNOIL_1_N012,KERNOIL_1_N012,KERNOIL_1_N012,RTPD,MCC,LMP_CONG_PRC,KERNOIL_1_N012,ALL,1,19.29706,1,97
2022-09-03T03:00:00-00:00,2022-09-03T03:15:00-00:00,2022-09-02,21,KERNOIL_1_N012,KERNOIL_1_N012,KERNOIL_1_N012,RTPD,MCC,LMP_CONG_PRC,KERNOIL_1_N012,ALL,1,13.94316,1,97
2022-09-03T04:00:00-00:00,2022-09-03T04:15:00-00:00,2022-09-02,22,KERNOIL_1_N012,KERNOIL_1_N012,KERNOIL_1_N012,RTPD,MCC,LMP_CONG_PRC,KERNOIL_1_N012,ALL,1,13.58009,1,97
2022-09-03T05:00:00-00:00,2022-09-03T05:15:00-00:00,2022-09-02,23,KERNOIL_1_N012,KERNOIL_1_N012,KERNOIL_1_N012,RTPD,MCC,LMP_CONG_PRC,KERNOIL_1_N012,ALL,1,1.0412,1,97
2022-09-03T06:00:00-00:00,2022-09-03T06:15:00-00:00,2022-09-02,24,KERNOIL_1_N012,KERNOIL_1_N012,KERNOIL_1_N012,RTPD,MCC,LMP_CONG_PRC,KERNOIL_1_N012,ALL,1,-56.33564,1,97
2022-09-02T07:15:00-00:00,2022-09-02T07:30:00-00:00,2022-09-02,01,KERNOIL_1_N012,KERNOIL_1_N012,KERNOIL_1_N012,RTPD,MCC,LMP_CONG_PRC,KERNOIL_1_N012,ALL,1,11.7878,2,97
2022-09-02T08:15:00-00:00,2022-09-02T08:30:00-00:00,2022-09-02,02,KERNOIL_1_N012,KERNOIL_1_N012,KERNOIL_1_N012,RTPD,MCC,LMP_CONG_PRC,KERNOIL_1_N012,ALL,1,17.65345,2,97
2022-09-02T09:15:00-00:00,2022-09-02T09:30:00-00:00,2022-09-02,03,KERNOIL_1_N012,KERNOIL_1_N012,KERNOIL_1_N012,RTPD,MCC,LMP_CONG_PRC,KERNOIL_1_N012,ALL,1,13.40543,2,97
2022-09-02T10:15:00-00:00,2022-09-02T10:30:00-00:00,2022-09-02,04,KERNOIL_1_N012,KERNOIL_1_N012,KERNOIL_1_N012,RTPD,MCC,LMP_CONG_PRC,KERNOIL_1_N012,ALL,1,6.78468,2,97
2022-09-02T11:15:00-00:00,2022-09-02T11:30:00-00:00,2022-09-02,05,KERNOIL_1_N012,KERNOIL_1_N012,KERNOIL_1_N012,RTPD,MCC,LMP_CONG_PRC,KERNOIL_1_N012,ALL,1,15.35041,2,97
2022-09-02T12:15:00-00:00,2022-09-02T12:30:00-00:00,2022-09-02,06,KERNOIL_1_N012,KERNOIL_1_N012,KERNOIL_1_N012,RTPD,MCC,LMP_CONG_PRC,KERNOIL_1_N012,ALL,1,18.65867,2,97
2022-09-02T13:15:00-00:00,2022-09-02T13:30:00-00:00,2022-09-02,07,KERNOIL_1_N012,KERNOIL_1_N012,KERNOIL_1_N012,RTPD,MCC,LMP_CONG_PRC,KERNOIL_1_N012,ALL,1,12.5579,2,97
2022-09-02T14:15:00-00:00,2022-09-02T14:30:00-00:00,2022-09-02,08,KERNOIL_1_N012,KERNOIL_1_N012,KERNOIL_1_N012,RTPD,MCC,LMP_CONG_PRC,KERNOIL_1_N012,ALL,1,4.59951,2,97
2022-09-02T15:15:00-00:00,2022-09-02T15:30:00-00:00,2022-09-02,09,KERNOIL_1_N012,KERNOIL_1_N012,KERNOIL_1_N012,RTPD,MCC,LMP_CONG_PRC,KERNOIL_1_N012,ALL,1,1.55178,2,97
2022-09-02T16:15:00-00:00,2022-09-02T16:30:00-00:00,2022-09-02,10,KERNOIL_1_N012,KERNOIL_1_N012,KERNOIL_1_N012,RTPD,MCC,LMP_CONG_PRC,KERNOIL_1_N012,ALL,1,2.10059,2,97
2022-09-02T17:15:00-00:00,2022-09-02T17:30:00-00:00,2022-09-02,11,KERNOIL_1_N012,KERNOIL_1_N012,KERNOIL_1_N012,RTPD,MCC,LMP_CONG_PRC,KERNOIL_1_N012,ALL,1,0,2,97
2022-09-02T18:15:00-00:00,2022-09-02T18:30:00-00:00,2022-09-02,12,KERNOIL_1_N012,KERNOIL_1_N012,KERNOIL_1_N012,RTPD,MCC,LMP_CONG_PRC,KERNOIL_1_N012,ALL,1,0,2,97
2022-09-02T19:15:00-00:00,2022-09-02T19:30:00-00:00,2022-09-02,13,KERNOIL_1_N012,KERNOIL_1_N012,KERNOIL_1_N012,RTPD,MCC,LMP_CONG_PRC,KERNOIL_1_N012,ALL,1,0,2,97
2022-09-02T20:15:00-00:00,2022-09-02T20:30:00-00:00,2022-09-02,14,KERNOIL_1_N012,KERNOIL_1_N012,KERNOIL_1_N012,RTPD,MCC,LMP_CONG_PRC,KERNOIL_1_N012,ALL,1,-0.00175,2,97
2022-09-02T21:15:00-00:00,2022-09-02T21:30:00-00:00,2022-09-02,15,KERNOIL_1_N012,KERNOIL_1_N012,KERNOIL_1_N012,RTPD,MCC,LMP_CONG_PRC,KERNOIL_1_N012,ALL,1,0,2,97
2022-09-02T22:15:00-00:00,2022-09-02T22:30:00-00:00,2022-09-02,16,KERNOIL_1_N012,KERNOIL_1_N012,KERNOIL_1_N012,RTPD,MCC,LMP_CONG_PRC,KERNOIL_1_N012,ALL,1,-0.252,2,97
2022-09-02T23:15:00-00:00,2022-09-02T23:30:00-00:00,2022-09-02,17,KERNOIL_1_N012,KERNOIL_1_N012,KERNOIL_1_N012,RTPD,MCC,LMP_CONG_PRC,KERNOIL_1_N012,ALL,1,92.21871,2,97
2022-09-03T00:15:00-00:00,2022-09-03T00:30:00-00:00,2022-09-02,18,KERNOIL_1_N012,KERNOIL_1_N012,KERNOIL_1_N012,RTPD,MCC,LMP_CONG_PRC,KERNOIL_1_N012,ALL,1,-42.31859,2,97
2022-09-03T01:15:00-00:00,2022-09-03T01:30:00-00:00,2022-09-02,19,KERNOIL_1_N012,KERNOIL_1_N012,KERNOIL_1_N012,RTPD,MCC,LMP_CONG_PRC,KERNOIL_1_N012,ALL,1,-57.88031,2,97
2022-09-03T02:15:00-00:00,2022-09-03T02:30:00-00:00,2022-09-02,20,KERNOIL_1_N012,KERNOIL_1_N012,KERNOIL_1_N012,RTPD,MCC,LMP_CONG_PRC,KERNOIL_1_N012,ALL,1,18.25946,2,97
2022-09-03T03:15:00-00:00,2022-09-03T03:30:00-00:00,2022-09-02,21,KERNOIL_1_N012,KERNOIL_1_N012,KERNOIL_1_N012,RTPD,MCC,LMP_CONG_PRC,KERNOIL_1_N012,ALL,1,14.19225,2,97
2022-09-03T04:15:00-00:00,2022-09-03T04:30:00-00:00,2022-09-02,22,KERNOIL_1_N012,KERNOIL_1_N012,KERNOIL_1_N012,RTPD,MCC,LMP_CONG_PRC,KERNOIL_1_N012,ALL,1,-9.22809,2,97
2022-09-03T05:15:00-00:00,2022-09-03T05:30:00-00:00,2022-09-02,23,KERNOIL_1_N012,KERNOIL_1_N012,KERNOIL_1_N012,RTPD,MCC,LMP_CONG_PRC,KERNOIL_1_N012,ALL,1,-9.63921,2,97
2022-09-03T06:15:00-00:00,2022-09-03T06:30:00-00:00,2022-09-02,24,KERNOIL_1_N012,KERNOIL_1_N012,KERNOIL_1_N012,RTPD,MCC,LMP_CONG_PRC,KERNOIL_1_N012,ALL,1,-36.77029,2,97
2022-09-02T07:30:00-00:00,2022-09-02T07:45:00-00:00,2022-09-02,01,KERNOIL_1_N012,KERNOIL_1_N012,KERNOIL_1_N012,RTPD,MCC,LMP_CONG_PRC,KERNOIL_1_N012,ALL,1,13.6077,3,97
2022-09-02T08:30:00-00:00,2022-09-02T08:45:00-00:00,2022-09-02,02,KERNOIL_1_N012,KERNOIL_1_N012,KERNOIL_1_N012,RTPD,MCC,LMP_CONG_PRC,KERNOIL_1_N012,ALL,1,12.94409,3,97
2022-09-02T09:30:00-00:00,2022-09-02T09:45:00-00:00,2022-09-02,03,KERNOIL_1_N012,KERNOIL_1_N012,KERNOIL_1_N012,RTPD,MCC,LMP_CONG_PRC,KERNOIL_1_N012,ALL,1,8.21182,3,97
2022-09-02T10:30:00-00:00,2022-09-02T10:45:00-00:00,2022-09-02,04,KERNOIL_1_N012,KERNOIL_1_N012,KERNOIL_1_N012,RTPD,MCC,LMP_CONG_PRC,KERNOIL_1_N012,ALL,1,8.01848,3,97
2022-09-02T11:30:00-00:00,2022-09-02T11:45:00-00:00,2022-09-02,05,KERNOIL_1_N012,KERNOIL_1_N012,KERNOIL_1_N012,RTPD,MCC,LMP_CONG_PRC,KERNOIL_1_N012,ALL,1,10.88409,3,97
2022-09-02T12:30:00-00:00,2022-09-02T12:45:00-00:00,2022-09-02,06,KERNOIL_1_N012,KERNOIL_1_N012,KERNOIL_1_N012,RTPD,MCC,LMP_CONG_PRC,KERNOIL_1_N012,ALL,1,13.13204,3,97
2022-09-02T13:30:00-00:00,2022-09-02T13:45:00-00:00,2022-09-02,07,KERNOIL_1_N012,KERNOIL_1_N012,KERNOIL_1_N012,RTPD,MCC,LMP_CONG_PRC,KERNOIL_1_N012,ALL,1,6.30824,3,97
2022-09-02T14:30:00-00:00,2022-09-02T14:45:00-00:00,2022-09-02,08,KERNOIL_1_N012,KERNOIL_1_N012,KERNOIL_1_N012,RTPD,MCC,LMP_CONG_PRC,KERNOIL_1_N012,ALL,1,3.94669,3,97
2022-09-02T15:30:00-00:00,2022-09-02T15:45:00-00:00,2022-09-02,09,KERNOIL_1_N012,KERNOIL_1_N012,KERNOIL_1_N012,RTPD,MCC,LMP_CONG_PRC,KERNOIL_1_N012,ALL,1,4.41671,3,97
2022-09-02T16:30:00-00:00,2022-09-02T16:45:00-00:00,2022-09-02,10,KERNOIL_1_N012,KERNOIL_1_N012,KERNOIL_1_N012,RTPD,MCC,LMP_CONG_PRC,KERNOIL_1_N012,ALL,1,0,3,97
2022-09-02T17:30:00-00:00,2022-09-02T17:45:00-00:00,2022-09-02,11,KERNOIL_1_N012,KERNOIL_1_N012,KERNOIL_1_N012,RTPD,MCC,LMP_CONG_PRC,KERNOIL_1_N012,ALL,1,0,3,97
2022-09-02T18:30:00-00:00,2022-09-02T18:45:00-00:00,2022-09-02,12,KERNOIL_1_N012,KERNOIL_1_N012,KERNOIL_1_N012,RTPD,MCC,LMP_CONG_PRC,KERNOIL_1_N012,ALL,1,0,3,97
2022-09-02T19:30:00-00:00,2022-09-02T19:45:00-00:00,2022-09-02,13,KERNOIL_1_N012,KERNOIL_1_N012,KERNOIL_1_N012,RTPD,MCC,LMP_CONG_PRC,KERNOIL_1_N012,ALL,1,0,3,97
2022-09-02T20:30:00-00:00,2022-09-02T20:45:00-00:00,2022-09-02,14,KERNOIL_1_N012,KERNOIL_1_N012,KERNOIL_1_N012,RTPD,MCC,LMP_CONG_PRC,KERNOIL_1_N012,ALL,1,0,3,97
2022-09-02T21:30:00-00:00,2022-09-02T21:45:00-00:00,2022-09-02,15,KERNOIL_1_N012,KERNOIL_1_N012,KERNOIL_1_N012,RTPD,MCC,LMP_CONG_PRC,KERNOIL_1_N012,ALL,1,0,3,97
2022-09-02T22:30:00-00:00,2022-09-02T22:45:00-00:00,2022-09-02,16,KERNOIL_1_N012,KERNOIL_1_N012,KERNOIL_1_N012,RTPD,MCC,LMP_CONG_PRC,KERNOIL_1_N012,ALL,1,0,3,97
2022-09-02T23:30:00-00:00,2022-09-02T23:45:00-00:00,2022-09-02,17,KERNOIL_1_N012,KERNOIL_1_N012,KERNOIL_1_N012,RTPD,MCC,LMP_CONG_PRC,KERNOIL_1_N012,ALL,1,105.01161,3,97
2022-09-03T00:30:00-00:00,2022-09-03T00:45:00-00:00,2022-09-02,18,KERNOIL_1_N012,KERNOIL_1_N012,KERNOIL_1_N012,RTPD,MCC,LMP_CONG_PRC,KERNOIL_1_N012,ALL,1,-93.40785,3,97
2022-09-03T01:30:00-00:00,2022-09-03T01:45:00-00:00,2022-09-02,19,KERNOIL_1_N012,KERNOIL_1_N012,KERNOIL_1_N012,RTPD,MCC,LMP_CONG_PRC,KERNOIL_1_N012,ALL,1,-8.20658,3,97
2022-09-03T02:30:00-00:00,2022-09-03T02:45:00-00:00,2022-09-02,20,KERNOIL_1_N012,KERNOIL_1_N012,KERNOIL_1_N012,RTPD,MCC,LMP_CONG_PRC,KERNOIL_1_N012,ALL,1,17.21222,3,97
2022-09-03T03:30:00-00:00,2022-09-03T03:45:00-00:00,2022-09-02,21,KERNOIL_1_N012,KERNOIL_1_N012,KERNOIL_1_N012,RTPD,MCC,LMP_CONG_PRC,KERNOIL_1_N012,ALL,1,13.79824,3,97
2022-09-03T04:30:00-00:00,2022-09-03T04:45:00-00:00,2022-09-02,22,KERNOIL_1_N012,KERNOIL_1_N012,KERNOIL_1_N012,RTPD,MCC,LMP_CONG_PRC,KERNOIL_1_N012,ALL,1,8.08952,3,97
2022-09-03T05:30:00-00:00,2022-09-03T05:45:00-00:00,2022-09-02,23,KERNOIL_1_N012,KERNOIL_1_N012,KERNOIL_1_N012,RTPD,MCC,LMP_CONG_PRC,KERNOIL_1_N012,ALL,1,-9.4104,3,97
2022-09-03T06:30:00-00:00,2022-09-03T06:45:00-00:00,2022-09-02,24,KERNOIL_1_N012,KERNOIL_1_N012,KERNOIL_1_N012,RTPD,MCC,LMP_CONG_PRC,KERNOIL_1_N012,ALL,1,-28.02898,3,97
2022-09-02T07:45:00-00:00,2022-09-02T08:00:00-00:00,2022-09-02,01,KERNOIL_1_N012,KERNOIL_1_N012,KERNOIL_1_N012,RTPD,MCC,LMP_CONG_PRC,KERNOIL_1_N012,ALL,1,9.9538,4,97
2022-09-02T08:45:00-00:00,2022-09-02T09:00:00-00:00,2022-09-02,02,KERNOIL_1_N012,KERNOIL_1_N012,KERNOIL_1_N012,RTPD,MCC,LMP_CONG_PRC,KERNOIL_1_N012,ALL,1,10.13099,4,97
2022-09-02T09:45:00-00:00,2022-09-02T10:00:00-00:00,2022-09-02,03,KERNOIL_1_N012,KERNOIL_1_N012,KERNOIL_1_N012,RTPD,MCC,LMP_CONG_PRC,KERNOIL_1_N012,ALL,1,7.55567,4,97
2022-09-02T10:45:00-00:00,2022-09-02T11:00:00-00:00,2022-09-02,04,KERNOIL_1_N012,KERNOIL_1_N012,KERNOIL_1_N012,RTPD,MCC,LMP_CONG_PRC,KERNOIL_1_N012,ALL,1,4.68188,4,97
2022-09-02T11:45:00-00:00,2022-09-02T12:00:00-00:00,2022-09-02,05,KERNOIL_1_N012,KERNOIL_1_N012,KERNOIL_1_N012,RTPD,MCC,LMP_CONG_PRC,KERNOIL_1_N012,ALL,1,14.80589,4,97
2022-09-02T12:45:00-00:00,2022-09-02T13:00:00-00:00,2022-09-02,06,KERNOIL_1_N012,KERNOIL_1_N012,KERNOIL_1_N012,RTPD,MCC,LMP_CONG_PRC,KERNOIL_1_N012,ALL,1,14.52015,4,97
2022-09-02T13:45:00-00:00,2022-09-02T14:00:00-00:00,2022-09-02,07,KERNOIL_1_N012,KERNOIL_1_N012,KERNOIL_1_N012,RTPD,MCC,LMP_CONG_PRC,KERNOIL_1_N012,ALL,1,6.55298,4,97
2022-09-02T14:45:00-00:00,2022-09-02T15:00:00-00:00,2022-09-02,08,KERNOIL_1_N012,KERNOIL_1_N012,KERNOIL_1_N012,RTPD,MCC,LMP_CONG_PRC,KERNOIL_1_N012,ALL,1,4.75234,4,97
2022-09-02T15:45:00-00:00,2022-09-02T16:00:00-00:00,2022-09-02,09,KERNOIL_1_N012,KERNOIL_1_N012,KERNOIL_1_N012,RTPD,MCC,LMP_CONG_PRC,KERNOIL_1_N012,ALL,1,0,4,97
2022-09-02T16:45:00-00:00,2022-09-02T17:00:00-00:00,2022-09-02,10,KERNOIL_1_N012,KERNOIL_1_N012,KERNOIL_1_N012,RTPD,MCC,LMP_CONG_PRC,KERNOIL_1_N012,ALL,1,0,4,97
2022-09-02T17:45:00-00:00,2022-09-02T18:00:00-00:00,2022-09-02,11,KERNOIL_1_N012,KERNOIL_1_N012,KERNOIL_1_N012,RTPD,MCC,LMP_CONG_PRC,KERNOIL_1_N012,ALL,1,0,4,97
2022-09-02T18:45:00-00:00,2022-09-02T19:00:00-00:00,2022-09-02,12,KERNOIL_1_N012,KERNOIL_1_N012,KERNOIL_1_N012,RTPD,MCC,LMP_CONG_PRC,KERNOIL_1_N012,ALL,1,0,4,97
2022-09-02T19:45:00-00:00,2022-09-02T20:00:00-00:00,2022-09-02,13,KERNOIL_1_N012,KERNOIL_1_N012,KERNOIL_1_N012,RTPD,MCC,LMP_CONG_PRC,KERNOIL_1_N012,ALL,1,0,4,97
2022-09-02T20:45:00-00:00,2022-09-02T21:00:00-00:00,2022-09-02,14,KERNOIL_1_N012,KERNOIL_1_N012,KERNOIL_1_N012,RTPD,MCC,LMP_CONG_PRC,KERNOIL_1_N012,ALL,1,0,4,97
2022-09-02T21:45:00-00:00,2022-09-02T22:00:00-00:00,2022-09-02,15,KERNOIL_1_N012,KERNOIL_1_N012,KERNOIL_1_N012,RTPD,MCC,LMP_CONG_PRC,KERNOIL_1_N012,ALL,1,0,4,97
2022-09-02T22:45:00-00:00,2022-09-02T23:00:00-00:00,2022-09-02,16,KERNOIL_1_N012,KERNOIL_1_N012,KERNOIL_1_N012,RTPD,MCC,LMP_CONG_PRC,KERNOIL_1_N012,ALL,1,-23.90334,4,97
2022-09-02T23:45:00-00:00,2022-09-03T00:00:00-00:00,2022-09-02,17,KERNOIL_1_N012,KERNOIL_1_N012,KERNOIL_1_N012,RTPD,MCC,LMP_CONG_PRC,KERNOIL_1_N012,ALL,1,46.79782,4,97
2022-09-03T00:45:00-00:00,2022-09-03T01:00:00-00:00,2022-09-02,18,KERNOIL_1_N012,KERNOIL_1_N012,KERNOIL_1_N012,RTPD,MCC,LMP_CONG_PRC,KERNOIL_1_N012,ALL,1,6.39448,4,97
2022-09-03T01:45:00-00:00,2022-09-03T02:00:00-00:00,2022-09-02,19,KERNOIL_1_N012,KERNOIL_1_N012,KERNOIL_1_N012,RTPD,MCC,LMP_CONG_PRC,KERNOIL_1_N012,ALL,1,25.59616,4,97
2022-09-03T02:45:00-00:00,2022-09-03T03:00:00-00:00,2022-09-02,20,KERNOIL_1_N012,KERNOIL_1_N012,KERNOIL_1_N012,RTPD,MCC,LMP_CONG_PRC,KERNOIL_1_N012,ALL,1,25.31544,4,97
2022-09-03T03:45:00-00:00,2022-09-03T04:00:00-00:00,2022-09-02,21,KERNOIL_1_N012,KERNOIL_1_N012,KERNOIL_1_N012,RTPD,MCC,LMP_CONG_PRC,KERNOIL_1_N012,ALL,1,14.96473,4,97
2022-09-03T04:45:00-00:00,2022-09-03T05:00:00-00:00,2022-09-02,22,KERNOIL_1_N012,KERNOIL_1_N012,KERNOIL_1_N012,RTPD,MCC,LMP_CONG_PRC,KERNOIL_1_N012,ALL,1,8.42765,4,97
2022-09-03T05:45:00-00:00,2022-09-03T06:00:00-00:00,2022-09-02,23,KERNOIL_1_N012,KERNOIL_1_N012,KERNOIL_1_N012,RTPD,MCC,LMP_CONG_PRC,KERNOIL_1_N012,ALL,1,17.40951,4,97
2022-09-03T06:45:00-00:00,2022-09-03T07:00:00-00:00,2022-09-02,24,KERNOIL_1_N012,KERNOIL_1_N012,KERNOIL_1_N012,RTPD,MCC,LMP_CONG_PRC,KERNOIL_1_N012,ALL,1,-15.00413,4,97
2022-09-02T07:00:00-00:00,2022-09-02T07:15:00-00:00,2022-09-02,01,KERNOIL_1_N012,KERNOIL_1_N012,KERNOIL_1_N012,RTPD,MCE,LMP_ENE_PRC,KERNOIL_1_N012,ALL,1,128.45242,1,98
2022-09-02T08:00:00-00:00,2022-09-02T08:15:00-00:00,2022-09-02,02,KERNOIL_1_N012,KERNOIL_1_N012,KERNOIL_1_N012,RTPD,MCE,LMP_ENE_PRC,KERNOIL_1_N012,ALL,1,119.60895,1,98
2022-09-02T09:00:00-00:00,2022-09-02T09:15:00-00:00,2022-09-02,03,KERNOIL_1_N012,KERNOIL_1_N012,KERNOIL_1_N012,RTPD,MCE,LMP_ENE_PRC,KERNOIL_1_N012,ALL,1,114.19063,1,98
2022-09-02T10:00:00-00:00,2022-09-02T10:15:00-00:00,2022-09-02,04,KERNOIL_1_N012,KERNOIL_1_N012,KERNOIL_1_N012,RTPD,MCE,LMP_ENE_PRC,KERNOIL_1_N012,ALL,1,103.99956,1,98
2022-09-02T11:00:00-00:00,2022-09-02T11:15:00-00:00,2022-09-02,05,KERNOIL_1_N012,KERNOIL_1_N012,KERNOIL_1_N012,RTPD,MCE,LMP_ENE_PRC,KERNOIL_1_N012,ALL,1,99.79609,1,98
2022-09-02T12:00:00-00:00,2022-09-02T12:15:00-00:00,2022-09-02,06,KERNOIL_1_N012,KERNOIL_1_N012,KERNOIL_1_N012,RTPD,MCE,LMP_ENE_PRC,KERNOIL_1_N012,ALL,1,103.63711,1,98
2022-09-02T13:00:00-00:00,2022-09-02T13:15:00-00:00,2022-09-02,07,KERNOIL_1_N012,KERNOIL_1_N012,KERNOIL_1_N012,RTPD,MCE,LMP_ENE_PRC,KERNOIL_1_N012,ALL,1,105.96778,1,98
2022-09-02T14:00:00-00:00,2022-09-02T14:15:00-00:00,2022-09-02,08,KERNOIL_1_N012,KERNOIL_1_N012,KERNOIL_1_N012,RTPD,MCE,LMP_ENE_PRC,KERNOIL_1_N012,ALL,1,113.93965,1,98
2022-09-02T15:00:00-00:00,2022-09-02T15:15:00-00:00,2022-09-02,09,KERNOIL_1_N012,KERNOIL_1_N012,KERNOIL_1_N012,RTPD,MCE,LMP_ENE_PRC,KERNOIL_1_N012,ALL,1,87.89648,1,98
2022-09-02T16:00:00-00:00,2022-09-02T16:15:00-00:00,2022-09-02,10,KERNOIL_1_N012,KERNOIL_1_N012,KERNOIL_1_N012,RTPD,MCE,LMP_ENE_PRC,KERNOIL_1_N012,ALL,1,86.73757,1,98
2022-09-02T17:00:00-00:00,2022-09-02T17:15:00-00:00,2022-09-02,11,KERNOIL_1_N012,KERNOIL_1_N012,KERNOIL_1_N012,RTPD,MCE,LMP_ENE_PRC,KERNOIL_1_N012,ALL,1,93.53587,1,98
2022-09-02T18:00:00-00:00,2022-09-02T18:15:00-00:00,2022-09-02,12,KERNOIL_1_N012,KERNOIL_1_N012,KERNOIL_1_N012,RTPD,MCE,LMP_ENE_PRC,KERNOIL_1_N012,ALL,1,104.54111,1,98
2022-09-02T19:00:00-00:00,2022-09-02T19:15:00-00:00,2022-09-02,13,KERNOIL_1_N012,KERNOIL_1_N012,KERNOIL_1_N012,RTPD,MCE,LMP_ENE_PRC,KERNOIL_1_N012,ALL,1,107.01684,1,98
2022-09-02T20:00:00-00:00,2022-09-02T20:15:00-00:00,2022-09-02,14,KERNOIL_1_N012,KERNOIL_1_N012,KERNOIL_1_N012,RTPD,MCE,LMP_ENE_PRC,KERNOIL_1_N012,ALL,1,113.37494,1,98
2022-09-02T21:00:00-00:00,2022-09-02T21:15:00-00:00,2022-09-02,15,KERNOIL_1_N012,KERNOIL_1_N012,KERNOIL_1_N012,RTPD,MCE,LMP_ENE_PRC,KERNOIL_1_N012,ALL,1,125.15005,1,98
2022-09-02T22:00:00-00:00,2022-09-02T22:15:00-00:00,2022-09-02,16,KERNOIL_1_N012,KERNOIL_1_N012,KERNOIL_1_N012,RTPD,MCE,LMP_ENE_PRC,KERNOIL_1_N012,ALL,1,146.08907,1,98
2022-09-02T23:00:00-00:00,2022-09-02T23:15:00-00:00,2022-09-02,17,KERNOIL_1_N012,KERNOIL_1_N012,KERNOIL_1_N012,RTPD,MCE,LMP_ENE_PRC,KERNOIL_1_N012,ALL,1,138.68256,1,98
2022-09-03T00:00:00-00:00,2022-09-03T00:15:00-00:00,2022-09-02,18,KERNOIL_1_N012,KERNOIL_1_N012,KERNOIL_1_N012,RTPD,MCE,LMP_ENE_PRC,KERNOIL_1_N012,ALL,1,229.3306,1,98
2022-09-03T01:00:00-00:00,2022-09-03T01:15:00-00:00,2022-09-02,19,KERNOIL_1_N012,KERNOIL_1_N012,KERNOIL_1_N012,RTPD,MCE,LMP_ENE_PRC,KERNOIL_1_N012,ALL,1,152.69885,1,98
2022-09-03T02:00:00-00:00,2022-09-03T02:15:00-00:00,2022-09-02,20,KERNOIL_1_N012,KERNOIL_1_N012,KERNOIL_1_N012,RTPD,MCE,LMP_ENE_PRC,KERNOIL_1_N012,ALL,1,204.37767,1,98
2022-09-03T03:00:00-00:00,2022-09-03T03:15:00-00:00,2022-09-02,21,KERNOIL_1_N012,KERNOIL_1_N012,KERNOIL_1_N012,RTPD,MCE,LMP_ENE_PRC,KERNOIL_1_N012,ALL,1,136.90031,1,98
2022-09-03T04:00:00-00:00,2022-09-03T04:15:00-00:00,2022-09-02,22,KERNOIL_1_N012,KERNOIL_1_N012,KERNOIL_1_N012,RTPD,MCE,LMP_ENE_PRC,KERNOIL_1_N012,ALL,1,155.88805,1,98
2022-09-03T05:00:00-00:00,2022-09-03T05:15:00-00:00,2022-09-02,23,KERNOIL_1_N012,KERNOIL_1_N012,KERNOIL_1_N012,RTPD,MCE,LMP_ENE_PRC,KERNOIL_1_N012,ALL,1,142.06982,1,98
2022-09-03T06:00:00-00:00,2022-09-03T06:15:00-00:00,2022-09-02,24,KERNOIL_1_N012,KERNOIL_1_N012,KERNOIL_1_N012,RTPD,MCE,LMP_ENE_PRC,KERNOIL_1_N012,ALL,1,141.54752,1,98
2022-09-02T07:15:00-00:00,2022-09-02T07:30:00-00:00,2022-09-02,01,KERNOIL_1_N012,KERNOIL_1_N012,KERNOIL_1_N012,RTPD,MCE,LMP_ENE_PRC,KERNOIL_1_N012,ALL,1,120.94146,2,98
2022-09-02T08:15:00-00:00,2022-09-02T08:30:00-00:00,2022-09-02,02,KERNOIL_1_N012,KERNOIL_1_N012,KERNOIL_1_N012,RTPD,MCE,LMP_ENE_PRC,KERNOIL_1_N012,ALL,1,113.81733,2,98
2022-09-02T09:15:00-00:00,2022-09-02T09:30:00-00:00,2022-09-02,03,KERNOIL_1_N012,KERNOIL_1_N012,KERNOIL_1_N012,RTPD,MCE,LMP_ENE_PRC,KERNOIL_1_N012,ALL,1,110.97779,2,98
2022-09-02T10:15:00-00:00,2022-09-02T10:30:00-00:00,2022-09-02,04,KERNOIL_1_N012,KERNOIL_1_N012,KERNOIL_1_N012,RTPD,MCE,LMP_ENE_PRC,KERNOIL_1_N012,ALL,1,103.79594,2,98
2022-09-02T11:15:00-00:00,2022-09-02T11:30:00-00:00,2022-09-02,05,KERNOIL_1_N012,KERNOIL_1_N012,KERNOIL_1_N012,RTPD,MCE,LMP_ENE_PRC,KERNOIL_1_N012,ALL,1,97.78757,2,98
2022-09-02T12:15:00-00:00,2022-09-02T12:30:00-00:00,2022-09-02,06,KERNOIL_1_N012,KERNOIL_1_N012,KERNOIL_1_N012,RTPD,MCE,LMP_ENE_PRC,KERNOIL_1_N012,ALL,1,103.09286,2,98
2022-09-02T13:15:00-00:00,2022-09-02T13:30:00-00:00,2022-09-02,07,KERNOIL_1_N012,KERNOIL_1_N012,KERNOIL_1_N012,RTPD,MCE,LMP_ENE_PRC,KERNOIL_1_N012,ALL,1,107.56083,2,98
2022-09-02T14:15:00-00:00,2022-09-02T14:30:00-00:00,2022-09-02,08,KERNOIL_1_N012,KERNOIL_1_N012,KERNOIL_1_N012,RTPD,MCE,LMP_ENE_PRC,KERNOIL_1_N012,ALL,1,106.05854,2,98
2022-09-02T15:15:00-00:00,2022-09-02T15:30:00-00:00,2022-09-02,09,KERNOIL_1_N012,KERNOIL_1_N012,KERNOIL_1_N012,RTPD,MCE,LMP_ENE_PRC,KERNOIL_1_N012,ALL,1,82.25366,2,98
2022-09-02T16:15:00-00:00,2022-09-02T16:30:00-00:00,2022-09-02,10,KERNOIL_1_N012,KERNOIL_1_N012,KERNOIL_1_N012,RTPD,MCE,LMP_ENE_PRC,KERNOIL_1_N012,ALL,1,90.79105,2,98
2022-09-02T17:15:00-00:00,2022-09-02T17:30:00-00:00,2022-09-02,11,KERNOIL_1_N012,KERNOIL_1_N012,KERNOIL_1_N012,RTPD,MCE,LMP_ENE_PRC,KERNOIL_1_N012,ALL,1,102.26623,2,98
2022-09-02T18:15:00-00:00,2022-09-02T18:30:00-00:00,2022-09-02,12,KERNOIL_1_N012,KERNOIL_1_N012,KERNOIL_1_N012,RTPD,MCE,LMP_ENE_PRC,KERNOIL_1_N012,ALL,1,109.04294,2,98
2022-09-02T19:15:00-00:00,2022-09-02T19:30:00-00:00,2022-09-02,13,KERNOIL_1_N012,KERNOIL_1_N012,KERNOIL_1_N012,RTPD,MCE,LMP_ENE_PRC,KERNOIL_1_N012,ALL,1,112.13756,2,98
2022-09-02T20:15:00-00:00,2022-09-02T20:30:00-00:00,2022-09-02,14,KERNOIL_1_N012,KERNOIL_1_N012,KERNOIL_1_N012,RTPD,MCE,LMP_ENE_PRC,KERNOIL_1_N012,ALL,1,116.37216,2,98
2022-09-02T21:15:00-00:00,2022-09-02T21:30:00-00:00,2022-09-02,15,KERNOIL_1_N012,KERNOIL_1_N012,KERNOIL_1_N012,RTPD,MCE,LMP_ENE_PRC,KERNOIL_1_N012,ALL,1,126.49216,2,98
2022-09-02T22:15:00-00:00,2022-09-02T22:30:00-00:00,2022-09-02,16,KERNOIL_1_N012,KERNOIL_1_N012,KERNOIL_1_N012,RTPD,MCE,LMP_ENE_PRC,KERNOIL_1_N012,ALL,1,159.30594,2,98
2022-09-02T23:15:00-00:00,2022-09-02T23:30:00-00:00,2022-09-02,17,KERNOIL_1_N012,KERNOIL_1_N012,KERNOIL_1_N012,RTPD,MCE,LMP_ENE_PRC,KERNOIL_1_N012,ALL,1,147.82425,2,98
2022-09-03T00:15:00-00:00,2022-09-03T00:30:00-00:00,2022-09-02,18,KERNOIL_1_N012,KERNOIL_1_N012,KERNOIL_1_N012,RTPD,MCE,LMP_ENE_PRC,KERNOIL_1_N012,ALL,1,158.74521,2,98
2022-09-03T01:15:00-00:00,2022-09-03T01:30:00-00:00,2022-09-02,19,KERNOIL_1_N012,KERNOIL_1_N012,KERNOIL_1_N012,RTPD,MCE,LMP_ENE_PRC,KERNOIL_1_N012,ALL,1,217.12807,2,98
2022-09-03T02:15:00-00:00,2022-09-03T02:30:00-00:00,2022-09-02,20,KERNOIL_1_N012,KERNOIL_1_N012,KERNOIL_1_N012,RTPD,MCE,LMP_ENE_PRC,KERNOIL_1_N012,ALL,1,199.75978,2,98
2022-09-03T03:15:00-00:00,2022-09-03T03:30:00-00:00,2022-09-02,21,KERNOIL_1_N012,KERNOIL_1_N012,KERNOIL_1_N012,RTPD,MCE,LMP_ENE_PRC,KERNOIL_1_N012,ALL,1,135.58563,2,98
2022-09-03T04:15:00-00:00,2022-09-03T04:30:00-00:00,2022-09-02,22,KERNOIL_1_N012,KERNOIL_1_N012,KERNOIL_1_N012,RTPD,MCE,LMP_ENE_PRC,KERNOIL_1_N012,ALL,1,141.76537,2,98
2022-09-03T05:15:00-00:00,2022-09-03T05:30:00-00:00,2022-09-02,23,KERNOIL_1_N012,KERNOIL_1_N012,KERNOIL_1_N012,RTPD,MCE,LMP_ENE_PRC,KERNOIL_1_N012,ALL,1,133.20816,2,98
2022-09-03T06:15:00-00:00,2022-09-03T06:30:00-00:00,2022-09-02,24,KERNOIL_1_N012,KERNOIL_1_N012,KERNOIL_1_N012,RTPD,MCE,LMP_ENE_PRC,KERNOIL_1_N012,ALL,1,117.98942,2,98
2022-09-02T07:30:00-00:00,2022-09-02T07:45:00-00:00,2022-09-02,01,KERNOIL_1_N012,KERNOIL_1_N012,KERNOIL_1_N012,RTPD,MCE,LMP_ENE_PRC,KERNOIL_1_N012,ALL,1,122.04731,3,98
2022-09-02T08:30:00-00:00,2022-09-02T08:45:00-00:00,2022-09-02,02,KERNOIL_1_N012,KERNOIL_1_N012,KERNOIL_1_N012,RTPD,MCE,LMP_ENE_PRC,KERNOIL_1_N012,ALL,1,110.76908,3,98
2022-09-02T09:30:00-00:00,2022-09-02T09:45:00-00:00,2022-09-02,03,KERNOIL_1_N012,KERNOIL_1_N012,KERNOIL_1_N012,RTPD,MCE,LMP_ENE_PRC,KERNOIL_1_N012,ALL,1,104.32659,3,98
2022-09-02T10:30:00-00:00,2022-09-02T10:45:00-00:00,2022-09-02,04,KERNOIL_1_N012,KERNOIL_1_N012,KERNOIL_1_N012,RTPD,MCE,LMP_ENE_PRC,KERNOIL_1_N012,ALL,1,100.57354,3,98
2022-09-02T11:30:00-00:00,2022-09-02T11:45:00-00:00,2022-09-02,05,KERNOIL_1_N012,KERNOIL_1_N012,KERNOIL_1_N012,RTPD,MCE,LMP_ENE_PRC,KERNOIL_1_N012,ALL,1,99.75045,3,98
2022-09-02T12:30:00-00:00,2022-09-02T12:45:00-00:00,2022-09-02,06,KERNOIL_1_N012,KERNOIL_1_N012,KERNOIL_1_N012,RTPD,MCE,LMP_ENE_PRC,KERNOIL_1_N012,ALL,1,109.42995,3,98
2022-09-02T13:30:00-00:00,2022-09-02T13:45:00-00:00,2022-09-02,07,KERNOIL_1_N012,KERNOIL_1_N012,KERNOIL_1_N012,RTPD,MCE,LMP_ENE_PRC,KERNOIL_1_N012,ALL,1,111.49249,3,98
2022-09-02T14:30:00-00:00,2022-09-02T14:45:00-00:00,2022-09-02,08,KERNOIL_1_N012,KERNOIL_1_N012,KERNOIL_1_N012,RTPD,MCE,LMP_ENE_PRC,KERNOIL_1_N012,ALL,1,96.69992,3,98
2022-09-02T15:30:00-00:00,2022-09-02T15:45:00-00:00,2022-09-02,09,KERNOIL_1_N012,KERNOIL_1_N012,KERNOIL_1_N012,RTPD,MCE,LMP_ENE_PRC,KERNOIL_1_N012,ALL,1,81.36,3,98
2022-09-02T16:30:00-00:00,2022-09-02T16:45:00-00:00,2022-09-02,10,KERNOIL_1_N012,KERNOIL_1_N012,KERNOIL_1_N012,RTPD,MCE,LMP_ENE_PRC,KERNOIL_1_N012,ALL,1,89.6042,3,98
2022-09-02T17:30:00-00:00,2022-09-02T17:45:00-00:00,2022-09-02,11,KERNOIL_1_N012,KERNOIL_1_N012,KERNOIL_1_N012,RTPD,MCE,LMP_ENE_PRC,KERNOIL_1_N012,ALL,1,103.81658,3,98
2022-09-02T18:30:00-00:00,2022-09-02T18:45:00-00:00,2022-09-02,12,KERNOIL_1_N012,KERNOIL_1_N012,KERNOIL_1_N012,RTPD,MCE,LMP_ENE_PRC,KERNOIL_1_N012,ALL,1,115.4661,3,98
2022-09-02T19:30:00-00:00,2022-09-02T19:45:00-00:00,2022-09-02,13,KERNOIL_1_N012,KERNOIL_1_N012,KERNOIL_1_N012,RTPD,MCE,LMP_ENE_PRC,KERNOIL_1_N012,ALL,1,119.56031,3,98
2022-09-02T20:30:00-00:00,2022-09-02T20:45:00-00:00,2022-09-02,14,KERNOIL_1_N012,KERNOIL_1_N012,KERNOIL_1_N012,RTPD,MCE,LMP_ENE_PRC,KERNOIL_1_N012,ALL,1,122.91209,3,98
2022-09-02T21:30:00-00:00,2022-09-02T21:45:00-00:00,2022-09-02,15,KERNOIL_1_N012,KERNOIL_1_N012,KERNOIL_1_N012,RTPD,MCE,LMP_ENE_PRC,KERNOIL_1_N012,ALL,1,141.03934,3,98
2022-09-02T22:30:00-00:00,2022-09-02T22:45:00-00:00,2022-09-02,16,KERNOIL_1_N012,KERNOIL_1_N012,KERNOIL_1_N012,RTPD,MCE,LMP_ENE_PRC,KERNOIL_1_N012,ALL,1,183.20744,3,98
2022-09-02T23:30:00-00:00,2022-09-02T23:45:00-00:00,2022-09-02,17,KERNOIL_1_N012,KERNOIL_1_N012,KERNOIL_1_N012,RTPD,MCE,LMP_ENE_PRC,KERNOIL_1_N012,ALL,1,155.92665,3,98
2022-09-03T00:30:00-00:00,2022-09-03T00:45:00-00:00,2022-09-02,18,KERNOIL_1_N012,KERNOIL_1_N012,KERNOIL_1_N012,RTPD,MCE,LMP_ENE_PRC,KERNOIL_1_N012,ALL,1,234.42892,3,98
2022-09-03T01:30:00-00:00,2022-09-03T01:45:00-00:00,2022-09-02,19,KERNOIL_1_N012,KERNOIL_1_N012,KERNOIL_1_N012,RTPD,MCE,LMP_ENE_PRC,KERNOIL_1_N012,ALL,1,250.41255,3,98
2022-09-03T02:30:00-00:00,2022-09-03T02:45:00-00:00,2022-09-02,20,KERNOIL_1_N012,KERNOIL_1_N012,KERNOIL_1_N012,RTPD,MCE,LMP_ENE_PRC,KERNOIL_1_N012,ALL,1,177.62263,3,98
2022-09-03T03:30:00-00:00,2022-09-03T03:45:00-00:00,2022-09-02,21,KERNOIL_1_N012,KERNOIL_1_N012,KERNOIL_1_N012,RTPD,MCE,LMP_ENE_PRC,KERNOIL_1_N012,ALL,1,128.61655,3,98
2022-09-03T04:30:00-00:00,2022-09-03T04:45:00-00:00,2022-09-02,22,KERNOIL_1_N012,KERNOIL_1_N012,KERNOIL_1_N012,RTPD,MCE,LMP_ENE_PRC,KERNOIL_1_N012,ALL,1,132.2016,3,98
2022-09-03T05:30:00-00:00,2022-09-03T05:45:00-00:00,2022-09-02,23,KERNOIL_1_N012,KERNOIL_1_N012,KERNOIL_1_N012,RTPD,MCE,LMP_ENE_PRC,KERNOIL_1_N012,ALL,1,128.32014,3,98
2022-09-03T06:30:00-00:00,2022-09-03T06:45:00-00:00,2022-09-02,24,KERNOIL_1_N012,KERNOIL_1_N012,KERNOIL_1_N012,RTPD,MCE,LMP_ENE_PRC,KERNOIL_1_N012,ALL,1,111.22985,3,98
2022-09-02T07:45:00-00:00,2022-09-02T08:00:00-00:00,2022-09-02,01,KERNOIL_1_N012,KERNOIL_1_N012,KERNOIL_1_N012,RTPD,MCE,LMP_ENE_PRC,KERNOIL_1_N012,ALL,1,101.38693,4,98
2022-09-02T08:45:00-00:00,2022-09-02T09:00:00-00:00,2022-09-02,02,KERNOIL_1_N012,KERNOIL_1_N012,KERNOIL_1_N012,RTPD,MCE,LMP_ENE_PRC,KERNOIL_1_N012,ALL,1,98.45906,4,98
2022-09-02T09:45:00-00:00,2022-09-02T10:00:00-00:00,2022-09-02,03,KERNOIL_1_N012,KERNOIL_1_N012,KERNOIL_1_N012,RTPD,MCE,LMP_ENE_PRC,KERNOIL_1_N012,ALL,1,97.29051,4,98
2022-09-02T10:45:00-00:00,2022-09-02T11:00:00-00:00,2022-09-02,04,KERNOIL_1_N012,KERNOIL_1_N012,KERNOIL_1_N012,RTPD,MCE,LMP_ENE_PRC,KERNOIL_1_N012,ALL,1,97.62383,4,98
2022-09-02T11:45:00-00:00,2022-09-02T12:00:00-00:00,2022-09-02,05,KERNOIL_1_N012,KERNOIL_1_N012,KERNOIL_1_N012,RTPD,MCE,LMP_ENE_PRC,KERNOIL_1_N012,ALL,1,97.15303,4,98
2022-09-02T12:45:00-00:00,2022-09-02T13:00:00-00:00,2022-09-02,06,KERNOIL_1_N012,KERNOIL_1_N012,KERNOIL_1_N012,RTPD,MCE,LMP_ENE_PRC,KERNOIL_1_N012,ALL,1,108.08756,4,98
2022-09-02T13:45:00-00:00,2022-09-02T14:00:00-00:00,2022-09-02,07,KERNOIL_1_N012,KERNOIL_1_N012,KERNOIL_1_N012,RTPD,MCE,LMP_ENE_PRC,KERNOIL_1_N012,ALL,1,105.08817,4,98
2022-09-02T14:45:00-00:00,2022-09-02T15:00:00-00:00,2022-09-02,08,KERNOIL_1_N012,KERNOIL_1_N012,KERNOIL_1_N012,RTPD,MCE,LMP_ENE_PRC,KERNOIL_1_N012,ALL,1,82.36478,4,98
2022-09-02T15:45:00-00:00,2022-09-02T16:00:00-00:00,2022-09-02,09,KERNOIL_1_N012,KERNOIL_1_N012,KERNOIL_1_N012,RTPD,MCE,LMP_ENE_PRC,KERNOIL_1_N012,ALL,1,81.41035,4,98
2022-09-02T16:45:00-00:00,2022-09-02T17:00:00-00:00,2022-09-02,10,KERNOIL_1_N012,KERNOIL_1_N012,KERNOIL_1_N012,RTPD,MCE,LMP_ENE_PRC,KERNOIL_1_N012,ALL,1,93.83783,4,98
2022-09-02T17:45:00-00:00,2022-09-02T18:00:00-00:00,2022-09-02,11,KERNOIL_1_N012,KERNOIL_1_N012,KERNOIL_1_N012,RTPD,MCE,LMP_ENE_PRC,KERNOIL_1_N012,ALL,1,106.61714,4,98
2022-09-02T18:45:00-00:00,2022-09-02T19:00:00-00:00,2022-09-02,12,KERNOIL_1_N012,KERNOIL_1_N012,KERNOIL_1_N012,RTPD,MCE,LMP_ENE_PRC,KERNOIL_1_N012,ALL,1,123.03125,4,98
2022-09-02T19:45:00-00:00,2022-09-02T20:00:00-00:00,2022-09-02,13,KERNOIL_1_N012,KERNOIL_1_N012,KERNOIL_1_N012,RTPD,MCE,LMP_ENE_PRC,KERNOIL_1_N012,ALL,1,135.46436,4,98
2022-09-02T20:45:00-00:00,2022-09-02T21:00:00-00:00,2022-09-02,14,KERNOIL_1_N012,KERNOIL_1_N012,KERNOIL_1_N012,RTPD,MCE,LMP_ENE_PRC,KERNOIL_1_N012,ALL,1,146.96742,4,98
2022-09-02T21:45:00-00:00,2022-09-02T22:00:00-00:00,2022-09-02,15,KERNOIL_1_N012,KERNOIL_1_N012,KERNOIL_1_N012,RTPD,MCE,LMP_ENE_PRC,KERNOIL_1_N012,ALL,1,181.80174,4,98
2022-09-02T22:45:00-00:00,2022-09-02T23:00:00-00:00,2022-09-02,16,KERNOIL_1_N012,KERNOIL_1_N012,KERNOIL_1_N012,RTPD,MCE,LMP_ENE_PRC,KERNOIL_1_N012,ALL,1,269.30835,4,98
2022-09-02T23:45:00-00:00,2022-09-03T00:00:00-00:00,2022-09-02,17,KERNOIL_1_N012,KERNOIL_1_N012,KERNOIL_1_N012,RTPD,MCE,LMP_ENE_PRC,KERNOIL_1_N012,ALL,1,287.1113,4,98
2022-09-03T00:45:00-00:00,2022-09-03T01:00:00-00:00,2022-09-02,18,KERNOIL_1_N012,KERNOIL_1_N012,KERNOIL_1_N012,RTPD,MCE,LMP_ENE_PRC,KERNOIL_1_N012,ALL,1,242.16634,4,98
2022-09-03T01:45:00-00:00,2022-09-03T02:00:00-00:00,2022-09-02,19,KERNOIL_1_N012,KERNOIL_1_N012,KERNOIL_1_N012,RTPD,MCE,LMP_ENE_PRC,KERNOIL_1_N012,ALL,1,304.55594,4,98
2022-09-03T02:45:00-00:00,2022-09-03T03:00:00-00:00,2022-09-02,20,KERNOIL_1_N012,KERNOIL_1_N012,KERNOIL_1_N012,RTPD,MCE,LMP_ENE_PRC,KERNOIL_1_N012,ALL,1,152.03519,4,98
2022-09-03T03:45:00-00:00,2022-09-03T04:00:00-00:00,2022-09-02,21,KERNOIL_1_N012,KERNOIL_1_N012,KERNOIL_1_N012,RTPD,MCE,LMP_ENE_PRC,KERNOIL_1_N012,ALL,1,120.27765,4,98
2022-09-03T04:45:00-00:00,2022-09-03T05:00:00-00:00,2022-09-02,22,KERNOIL_1_N012,KERNOIL_1_N012,KERNOIL_1_N012,RTPD,MCE,LMP_ENE_PRC,KERNOIL_1_N012,ALL,1,111.14984,4,98
2022-09-03T05:45:00-00:00,2022-09-03T06:00:00-00:00,2022-09-02,23,KERNOIL_1_N012,KERNOIL_1_N012,KERNOIL_1_N012,RTPD,MCE,LMP_ENE_PRC,KERNOIL_1_N012,ALL,1,104.16199,4,98
2022-09-03T06:45:00-00:00,2022-09-03T07:00:00-00:00,2022-09-02,24,KERNOIL_1_N012,KERNOIL_1_N012,KERNOIL_1_N012,RTPD,MCE,LMP_ENE_PRC,KERNOIL_1_N012,ALL,1,95.41536,4,98
2022-09-02T07:00:00-00:00,2022-09-02T07:15:00-00:00,2022-09-02,01,KERNOIL_1_N012,KERNOIL_1_N012,KERNOIL_1_N012,RTPD,MCL,LMP_LOSS_PRC,KERNOIL_1_N012,ALL,1,4.93257,1,99
2022-09-02T08:00:00-00:00,2022-09-02T08:15:00-00:00,2022-09-02,02,KERNOIL_1_N012,KERNOIL_1_N012,KERNOIL_1_N012,RTPD,MCL,LMP_LOSS_PRC,KERNOIL_1_N012,ALL,1,5.89672,1,99
2022-09-02T09:00:00-00:00,2022-09-02T09:15:00-00:00,2022-09-02,03,KERNOIL_1_N012,KERNOIL_1_N012,KERNOIL_1_N012,RTPD,MCL,LMP_LOSS_PRC,KERNOIL_1_N012,ALL,1,6.15487,1,99
2022-09-02T10:00:00-00:00,2022-09-02T10:15:00-00:00,2022-09-02,04,KERNOIL_1_N012,KERNOIL_1_N012,KERNOIL_1_N012,RTPD,MCL,LMP_LOSS_PRC,KERNOIL_1_N012,ALL,1,6.09437,1,99
2022-09-02T11:00:00-00:00,2022-09-02T11:15:00-00:00,2022-09-02,05,KERNOIL_1_N012,KERNOIL_1_N012,KERNOIL_1_N012,RTPD,MCL,LMP_LOSS_PRC,KERNOIL_1_N012,ALL,1,0,1,99
2022-09-02T12:00:00-00:00,2022-09-02T12:15:00-00:00,2022-09-02,06,KERNOIL_1_N012,KERNOIL_1_N012,KERNOIL_1_N012,RTPD,MCL,LMP_LOSS_PRC,KERNOIL_1_N012,ALL,1,0,1,99
2022-09-02T13:00:00-00:00,2022-09-02T13:15:00-00:00,2022-09-02,07,KERNOIL_1_N012,KERNOIL_1_N012,KERNOIL_1_N012,RTPD,MCL,LMP_LOSS_PRC,KERNOIL_1_N012,ALL,1,0,1,99
2022-09-02T14:00:00-00:00,2022-09-02T14:15:00-00:00,2022-09-02,08,KERNOIL_1_N012,KERNOIL_1_N012,KERNOIL_1_N012,RTPD,MCL,LMP_LOSS_PRC,KERNOIL_1_N012,ALL,1,6.8022,1,99
2022-09-02T15:00:00-00:00,2022-09-02T15:15:00-00:00,2022-09-02,09,KERNOIL_1_N012,KERNOIL_1_N012,KERNOIL_1_N012,RTPD,MCL,LMP_LOSS_PRC,KERNOIL_1_N012,ALL,1,3.88502,1,99
2022-09-02T16:00:00-00:00,2022-09-02T16:15:00-00:00,2022-09-02,10,KERNOIL_1_N012,KERNOIL_1_N012,KERNOIL_1_N012,RTPD,MCL,LMP_LOSS_PRC,KERNOIL_1_N012,ALL,1,2.446,1,99
2022-09-02T17:00:00-00:00,2022-09-02T17:15:00-00:00,2022-09-02,11,KERNOIL_1_N012,KERNOIL_1_N012,KERNOIL_1_N012,RTPD,MCL,LMP_LOSS_PRC,KERNOIL_1_N012,ALL,1,1.71171,1,99
2022-09-02T18:00:00-00:00,2022-09-02T18:15:00-00:00,2022-09-02,12,KERNOIL_1_N012,KERNOIL_1_N012,KERNOIL_1_N012,RTPD,MCL,LMP_LOSS_PRC,KERNOIL_1_N012,ALL,1,1.6413,1,99
2022-09-02T19:00:00-00:00,2022-09-02T19:15:00-00:00,2022-09-02,13,KERNOIL_1_N012,KERNOIL_1_N012,KERNOIL_1_N012,RTPD,MCL,LMP_LOSS_PRC,KERNOIL_1_N012,ALL,1,0.39596,1,99
2022-09-02T20:00:00-00:00,2022-09-02T20:15:00-00:00,2022-09-02,14,KERNOIL_1_N012,KERNOIL_1_N012,KERNOIL_1_N012,RTPD,MCL,LMP_LOSS_PRC,KERNOIL_1_N012,ALL,1,0.89566,1,99
2022-09-02T21:00:00-00:00,2022-09-02T21:15:00-00:00,2022-09-02,15,KERNOIL_1_N012,KERNOIL_1_N012,KERNOIL_1_N012,RTPD,MCL,LMP_LOSS_PRC,KERNOIL_1_N012,ALL,1,2.32779,1,99
2022-09-02T22:00:00-00:00,2022-09-02T22:15:00-00:00,2022-09-02,16,KERNOIL_1_N012,KERNOIL_1_N012,KERNOIL_1_N012,RTPD,MCL,LMP_LOSS_PRC,KERNOIL_1_N012,ALL,1,3.37466,1,99
2022-09-02T23:00:00-00:00,2022-09-02T23:15:00-00:00,2022-09-02,17,KERNOIL_1_N012,KERNOIL_1_N012,KERNOIL_1_N012,RTPD,MCL,LMP_LOSS_PRC,KERNOIL_1_N012,ALL,1,5.07578,1,99
2022-09-03T00:00:00-00:00,2022-09-03T00:15:00-00:00,2022-09-02,18,KERNOIL_1_N012,KERNOIL_1_N012,KERNOIL_1_N012,RTPD,MCL,LMP_LOSS_PRC,KERNOIL_1_N012,ALL,1,9.63188,1,99
2022-09-03T01:00:00-00:00,2022-09-03T01:15:00-00:00,2022-09-02,19,KERNOIL_1_N012,KERNOIL_1_N012,KERNOIL_1_N012,RTPD,MCL,LMP_LOSS_PRC,KERNOIL_1_N012,ALL,1,0,1,99
2022-09-03T02:00:00-00:00,2022-09-03T02:15:00-00:00,2022-09-02,20,KERNOIL_1_N012,KERNOIL_1_N012,KERNOIL_1_N012,RTPD,MCL,LMP_LOSS_PRC,KERNOIL_1_N012,ALL,1,10.15757,1,99
2022-09-03T03:00:00-00:00,2022-09-03T03:15:00-00:00,2022-09-02,21,KERNOIL_1_N012,KERNOIL_1_N012,KERNOIL_1_N012,RTPD,MCL,LMP_LOSS_PRC,KERNOIL_1_N012,ALL,1,5.25697,1,99
2022-09-03T04:00:00-00:00,2022-09-03T04:15:00-00:00,2022-09-02,22,KERNOIL_1_N012,KERNOIL_1_N012,KERNOIL_1_N012,RTPD,MCL,LMP_LOSS_PRC,KERNOIL_1_N012,ALL,1,6.50053,1,99
2022-09-03T05:00:00-00:00,2022-09-03T05:15:00-00:00,2022-09-02,23,KERNOIL_1_N012,KERNOIL_1_N012,KERNOIL_1_N012,RTPD,MCL,LMP_LOSS_PRC,KERNOIL_1_N012,ALL,1,7.55811,1,99
2022-09-03T06:00:00-00:00,2022-09-03T06:15:00-00:00,2022-09-02,24,KERNOIL_1_N012,KERNOIL_1_N012,KERNOIL_1_N012,RTPD,MCL,LMP_LOSS_PRC,KERNOIL_1_N012,ALL,1,7.96913,1,99
2022-09-02T07:15:00-00:00,2022-09-02T07:30:00-00:00,2022-09-02,01,KERNOIL_1_N012,KERNOIL_1_N012,KERNOIL_1_N012,RTPD,MCL,LMP_LOSS_PRC,KERNOIL_1_N012,ALL,1,4.48693,2,99
2022-09-02T08:15:00-00:00,2022-09-02T08:30:00-00:00,2022-09-02,02,KERNOIL_1_N012,KERNOIL_1_N012,KERNOIL_1_N012,RTPD,MCL,LMP_LOSS_PRC,KERNOIL_1_N012,ALL,1,5.86159,2,99
2022-09-02T09:15:00-00:00,2022-09-02T09:30:00-00:00,2022-09-02,03,KERNOIL_1_N012,KERNOIL_1_N012,KERNOIL_1_N012,RTPD,MCL,LMP_LOSS_PRC,KERNOIL_1_N012,ALL,1,6.22585,2,99
2022-09-02T10:15:00-00:00,2022-09-02T10:30:00-00:00,2022-09-02,04,KERNOIL_1_N012,KERNOIL_1_N012,KERNOIL_1_N012,RTPD,MCL,LMP_LOSS_PRC,KERNOIL_1_N012,ALL,1,6.14472,2,99
2022-09-02T11:15:00-00:00,2022-09-02T11:30:00-00:00,2022-09-02,05,KERNOIL_1_N012,KERNOIL_1_N012,KERNOIL_1_N012,RTPD,MCL,LMP_LOSS_PRC,KERNOIL_1_N012,ALL,1,0,2,99
2022-09-02T12:15:00-00:00,2022-09-02T12:30:00-00:00,2022-09-02,06,KERNOIL_1_N012,KERNOIL_1_N012,KERNOIL_1_N012,RTPD,MCL,LMP_LOSS_PRC,KERNOIL_1_N012,ALL,1,0,2,99
2022-09-02T13:15:00-00:00,2022-09-02T13:30:00-00:00,2022-09-02,07,KERNOIL_1_N012,KERNOIL_1_N012,KERNOIL_1_N012,RTPD,MCL,LMP_LOSS_PRC,KERNOIL_1_N012,ALL,1,0,2,99
2022-09-02T14:15:00-00:00,2022-09-02T14:30:00-00:00,2022-09-02,08,KERNOIL_1_N012,KERNOIL_1_N012,KERNOIL_1_N012,RTPD,MCL,LMP_LOSS_PRC,KERNOIL_1_N012,ALL,1,6.11958,2,99
2022-09-02T15:15:00-00:00,2022-09-02T15:30:00-00:00,2022-09-02,09,KERNOIL_1_N012,KERNOIL_1_N012,KERNOIL_1_N012,RTPD,MCL,LMP_LOSS_PRC,KERNOIL_1_N012,ALL,1,0,2,99
2022-09-02T16:15:00-00:00,2022-09-02T16:30:00-00:00,2022-09-02,10,KERNOIL_1_N012,KERNOIL_1_N012,KERNOIL_1_N012,RTPD,MCL,LMP_LOSS_PRC,KERNOIL_1_N012,ALL,1,2.20622,2,99
2022-09-02T17:15:00-00:00,2022-09-02T17:30:00-00:00,2022-09-02,11,KERNOIL_1_N012,KERNOIL_1_N012,KERNOIL_1_N012,RTPD,MCL,LMP_LOSS_PRC,KERNOIL_1_N012,ALL,1,1.67717,2,99
2022-09-02T18:15:00-00:00,2022-09-02T18:30:00-00:00,2022-09-02,12,KERNOIL_1_N012,KERNOIL_1_N012,KERNOIL_1_N012,RTPD,MCL,LMP_LOSS_PRC,KERNOIL_1_N012,ALL,1,1.83192,2,99
2022-09-02T19:15:00-00:00,2022-09-02T19:30:00-00:00,2022-09-02,13,KERNOIL_1_N012,KERNOIL_1_N012,KERNOIL_1_N012,RTPD,MCL,LMP_LOSS_PRC,KERNOIL_1_N012,ALL,1,0.04486,2,99
2022-09-02T20:15:00-00:00,2022-09-02T20:30:00-00:00,2022-09-02,14,KERNOIL_1_N012,KERNOIL_1_N012,KERNOIL_1_N012,RTPD,MCL,LMP_LOSS_PRC,KERNOIL_1_N012,ALL,1,0.6866,2,99
2022-09-02T21:15:00-00:00,2022-09-02T21:30:00-00:00,2022-09-02,15,KERNOIL_1_N012,KERNOIL_1_N012,KERNOIL_1_N012,RTPD,MCL,LMP_LOSS_PRC,KERNOIL_1_N012,ALL,1,2.04917,2,99
2022-09-02T22:15:00-00:00,2022-09-02T22:30:00-00:00,2022-09-02,16,KERNOIL_1_N012,KERNOIL_1_N012,KERNOIL_1_N012,RTPD,MCL,LMP_LOSS_PRC,KERNOIL_1_N012,ALL,1,4.11009,2,99
2022-09-02T23:15:00-00:00,2022-09-02T23:30:00-00:00,2022-09-02,17,KERNOIL_1_N012,KERNOIL_1_N012,KERNOIL_1_N012,RTPD,MCL,LMP_LOSS_PRC,KERNOIL_1_N012,ALL,1,5.48428,2,99
2022-09-03T00:15:00-00:00,2022-09-03T00:30:00-00:00,2022-09-02,18,KERNOIL_1_N012,KERNOIL_1_N012,KERNOIL_1_N012,RTPD,MCL,LMP_LOSS_PRC,KERNOIL_1_N012,ALL,1,6.68317,2,99
2022-09-03T01:15:00-00:00,2022-09-03T01:30:00-00:00,2022-09-02,19,KERNOIL_1_N012,KERNOIL_1_N012,KERNOIL_1_N012,RTPD,MCL,LMP_LOSS_PRC,KERNOIL_1_N012,ALL,1,0,2,99
2022-09-03T02:15:00-00:00,2022-09-03T02:30:00-00:00,2022-09-02,20,KERNOIL_1_N012,KERNOIL_1_N012,KERNOIL_1_N012,RTPD,MCL,LMP_LOSS_PRC,KERNOIL_1_N012,ALL,1,10.28763,2,99
2022-09-03T03:15:00-00:00,2022-09-03T03:30:00-00:00,2022-09-02,21,KERNOIL_1_N012,KERNOIL_1_N012,KERNOIL_1_N012,RTPD,MCL,LMP_LOSS_PRC,KERNOIL_1_N012,ALL,1,5.11158,2,99
2022-09-03T04:15:00-00:00,2022-09-03T04:30:00-00:00,2022-09-02,22,KERNOIL_1_N012,KERNOIL_1_N012,KERNOIL_1_N012,RTPD,MCL,LMP_LOSS_PRC,KERNOIL_1_N012,ALL,1,5.59973,2,99
2022-09-03T05:15:00-00:00,2022-09-03T05:30:00-00:00,2022-09-02,23,KERNOIL_1_N012,KERNOIL_1_N012,KERNOIL_1_N012,RTPD,MCL,LMP_LOSS_PRC,KERNOIL_1_N012,ALL,1,6.92682,2,99
2022-09-03T06:15:00-00:00,2022-09-03T06:30:00-00:00,2022-09-02,24,KERNOIL_1_N012,KERNOIL_1_N012,KERNOIL_1_N012,RTPD,MCL,LMP_LOSS_PRC,KERNOIL_1_N012,ALL,1,6.63101,2,99
2022-09-02T07:30:00-00:00,2022-09-02T07:45:00-00:00,2022-09-02,01,KERNOIL_1_N012,KERNOIL_1_N012,KERNOIL_1_N012,RTPD,MCL,LMP_LOSS_PRC,KERNOIL_1_N012,ALL,1,4.61339,3,99
2022-09-02T08:30:00-00:00,2022-09-02T08:45:00-00:00,2022-09-02,02,KERNOIL_1_N012,KERNOIL_1_N012,KERNOIL_1_N012,RTPD,MCL,LMP_LOSS_PRC,KERNOIL_1_N012,ALL,1,5.9483,3,99
2022-09-02T09:30:00-00:00,2022-09-02T09:45:00-00:00,2022-09-02,03,KERNOIL_1_N012,KERNOIL_1_N012,KERNOIL_1_N012,RTPD,MCL,LMP_LOSS_PRC,KERNOIL_1_N012,ALL,1,5.86315,3,99
2022-09-02T10:30:00-00:00,2022-09-02T10:45:00-00:00,2022-09-02,04,KERNOIL_1_N012,KERNOIL_1_N012,KERNOIL_1_N012,RTPD,MCL,LMP_LOSS_PRC,KERNOIL_1_N012,ALL,1,5.92378,3,99
2022-09-02T11:30:00-00:00,2022-09-02T11:45:00-00:00,2022-09-02,05,KERNOIL_1_N012,KERNOIL_1_N012,KERNOIL_1_N012,RTPD,MCL,LMP_LOSS_PRC,KERNOIL_1_N012,ALL,1,0,3,99
2022-09-02T12:30:00-00:00,2022-09-02T12:45:00-00:00,2022-09-02,06,KERNOIL_1_N012,KERNOIL_1_N012,KERNOIL_1_N012,RTPD,MCL,LMP_LOSS_PRC,KERNOIL_1_N012,ALL,1,0,3,99
2022-09-02T13:30:00-00:00,2022-09-02T13:45:00-00:00,2022-09-02,07,KERNOIL_1_N012,KERNOIL_1_N012,KERNOIL_1_N012,RTPD,MCL,LMP_LOSS_PRC,KERNOIL_1_N012,ALL,1,0,3,99
2022-09-02T14:30:00-00:00,2022-09-02T14:45:00-00:00,2022-09-02,08,KERNOIL_1_N012,KERNOIL_1_N012,KERNOIL_1_N012,RTPD,MCL,LMP_LOSS_PRC,KERNOIL_1_N012,ALL,1,5.10576,3,99
2022-09-02T15:30:00-00:00,2022-09-02T15:45:00-00:00,2022-09-02,09,KERNOIL_1_N012,KERNOIL_1_N012,KERNOIL_1_N012,RTPD,MCL,LMP_LOSS_PRC,KERNOIL_1_N012,ALL,1,0,3,99
2022-09-02T16:30:00-00:00,2022-09-02T16:45:00-00:00,2022-09-02,10,KERNOIL_1_N012,KERNOIL_1_N012,KERNOIL_1_N012,RTPD,MCL,LMP_LOSS_PRC,KERNOIL_1_N012,ALL,1,2.05194,3,99
2022-09-02T17:30:00-00:00,2022-09-02T17:45:00-00:00,2022-09-02,11,KERNOIL_1_N012,KERNOIL_1_N012,KERNOIL_1_N012,RTPD,MCL,LMP_LOSS_PRC,KERNOIL_1_N012,ALL,1,1.50534,3,99
2022-09-02T18:30:00-00:00,2022-09-02T18:45:00-00:00,2022-09-02,12,KERNOIL_1_N012,KERNOIL_1_N012,KERNOIL_1_N012,RTPD,MCL,LMP_LOSS_PRC,KERNOIL_1_N012,ALL,1,1.80127,3,99
2022-09-02T19:30:00-00:00,2022-09-02T19:45:00-00:00,2022-09-02,13,KERNOIL_1_N012,KERNOIL_1_N012,KERNOIL_1_N012,RTPD,MCL,LMP_LOSS_PRC,KERNOIL_1_N012,ALL,1,-0.54998,3,99
2022-09-02T20:30:00-00:00,2022-09-02T20:45:00-00:00,2022-09-02,14,KERNOIL_1_N012,KERNOIL_1_N012,KERNOIL_1_N012,RTPD,MCL,LMP_LOSS_PRC,KERNOIL_1_N012,ALL,1,1.21683,3,99
2022-09-02T21:30:00-00:00,2022-09-02T21:45:00-00:00,2022-09-02,15,KERNOIL_1_N012,KERNOIL_1_N012,KERNOIL_1_N012,RTPD,MCL,LMP_LOSS_PRC,KERNOIL_1_N012,ALL,1,1.96045,3,99
2022-09-02T22:30:00-00:00,2022-09-02T22:45:00-00:00,2022-09-02,16,KERNOIL_1_N012,KERNOIL_1_N012,KERNOIL_1_N012,RTPD,MCL,LMP_LOSS_PRC,KERNOIL_1_N012,ALL,1,4.43362,3,99
2022-09-02T23:30:00-00:00,2022-09-02T23:45:00-00:00,2022-09-02,17,KERNOIL_1_N012,KERNOIL_1_N012,KERNOIL_1_N012,RTPD,MCL,LMP_LOSS_PRC,KERNOIL_1_N012,ALL,1,5.30151,3,99
2022-09-03T00:30:00-00:00,2022-09-03T00:45:00-00:00,2022-09-02,18,KERNOIL_1_N012,KERNOIL_1_N012,KERNOIL_1_N012,RTPD,MCL,LMP_LOSS_PRC,KERNOIL_1_N012,ALL,1,0,3,99
2022-09-03T01:30:00-00:00,2022-09-03T01:45:00-00:00,2022-09-02,19,KERNOIL_1_N012,KERNOIL_1_N012,KERNOIL_1_N012,RTPD,MCL,LMP_LOSS_PRC,KERNOIL_1_N012,ALL,1,0,3,99
2022-09-03T02:30:00-00:00,2022-09-03T02:45:00-00:00,2022-09-02,20,KERNOIL_1_N012,KERNOIL_1_N012,KERNOIL_1_N012,RTPD,MCL,LMP_LOSS_PRC,KERNOIL_1_N012,ALL,1,9.37848,3,99
2022-09-03T03:30:00-00:00,2022-09-03T03:45:00-00:00,2022-09-02,21,KERNOIL_1_N012,KERNOIL_1_N012,KERNOIL_1_N012,RTPD,MCL,LMP_LOSS_PRC,KERNOIL_1_N012,ALL,1,4.77167,3,99
2022-09-03T04:30:00-00:00,2022-09-03T04:45:00-00:00,2022-09-02,22,KERNOIL_1_N012,KERNOIL_1_N012,KERNOIL_1_N012,RTPD,MCL,LMP_LOSS_PRC,KERNOIL_1_N012,ALL,1,5.07654,3,99
2022-09-03T05:30:00-00:00,2022-09-03T05:45:00-00:00,2022-09-02,23,KERNOIL_1_N012,KERNOIL_1_N012,KERNOIL_1_N012,RTPD,MCL,LMP_LOSS_PRC,KERNOIL_1_N012,ALL,1,6.99345,3,99
2022-09-03T06:30:00-00:00,2022-09-03T06:45:00-00:00,2022-09-02,24,KERNOIL_1_N012,KERNOIL_1_N012,KERNOIL_1_N012,RTPD,MCL,LMP_LOSS_PRC,KERNOIL_1_N012,ALL,1,6.71828,3,99
2022-09-02T07:45:00-00:00,2022-09-02T08:00:00-00:00,2022-09-02,01,KERNOIL_1_N012,KERNOIL_1_N012,KERNOIL_1_N012,RTPD,MCL,LMP_LOSS_PRC,KERNOIL_1_N012,ALL,1,3.87298,4,99
2022-09-02T08:45:00-00:00,2022-09-02T09:00:00-00:00,2022-09-02,02,KERNOIL_1_N012,KERNOIL_1_N012,KERNOIL_1_N012,RTPD,MCL,LMP_LOSS_PRC,KERNOIL_1_N012,ALL,1,4.60788,4,99
2022-09-02T09:45:00-00:00,2022-09-02T10:00:00-00:00,2022-09-02,03,KERNOIL_1_N012,KERNOIL_1_N012,KERNOIL_1_N012,RTPD,MCL,LMP_LOSS_PRC,KERNOIL_1_N012,ALL,1,4.96182,4,99
2022-09-02T10:45:00-00:00,2022-09-02T11:00:00-00:00,2022-09-02,04,KERNOIL_1_N012,KERNOIL_1_N012,KERNOIL_1_N012,RTPD,MCL,LMP_LOSS_PRC,KERNOIL_1_N012,ALL,1,5.19359,4,99
2022-09-02T11:45:00-00:00,2022-09-02T12:00:00-00:00,2022-09-02,05,KERNOIL_1_N012,KERNOIL_1_N012,KERNOIL_1_N012,RTPD,MCL,LMP_LOSS_PRC,KERNOIL_1_N012,ALL,1,4.93537,4,99
2022-09-02T12:45:00-00:00,2022-09-02T13:00:00-00:00,2022-09-02,06,KERNOIL_1_N012,KERNOIL_1_N012,KERNOIL_1_N012,RTPD,MCL,LMP_LOSS_PRC,KERNOIL_1_N012,ALL,1,0,4,99
2022-09-02T13:45:00-00:00,2022-09-02T14:00:00-00:00,2022-09-02,07,KERNOIL_1_N012,KERNOIL_1_N012,KERNOIL_1_N012,RTPD,MCL,LMP_LOSS_PRC,KERNOIL_1_N012,ALL,1,0,4,99
2022-09-02T14:45:00-00:00,2022-09-02T15:00:00-00:00,2022-09-02,08,KERNOIL_1_N012,KERNOIL_1_N012,KERNOIL_1_N012,RTPD,MCL,LMP_LOSS_PRC,KERNOIL_1_N012,ALL,1,3.72289,4,99
2022-09-02T15:45:00-00:00,2022-09-02T16:00:00-00:00,2022-09-02,09,KERNOIL_1_N012,KERNOIL_1_N012,KERNOIL_1_N012,RTPD,MCL,LMP_LOSS_PRC,KERNOIL_1_N012,ALL,1,2.52372,4,99
2022-09-02T16:45:00-00:00,2022-09-02T17:00:00-00:00,2022-09-02,10,KERNOIL_1_N012,KERNOIL_1_N012,KERNOIL_1_N012,RTPD,MCL,LMP_LOSS_PRC,KERNOIL_1_N012,ALL,1,1.68908,4,99
2022-09-02T17:45:00-00:00,2022-09-02T18:00:00-00:00,2022-09-02,11,KERNOIL_1_N012,KERNOIL_1_N012,KERNOIL_1_N012,RTPD,MCL,LMP_LOSS_PRC,KERNOIL_1_N012,ALL,1,1.27941,4,99
2022-09-02T18:45:00-00:00,2022-09-02T19:00:00-00:00,2022-09-02,12,KERNOIL_1_N012,KERNOIL_1_N012,KERNOIL_1_N012,RTPD,MCL,LMP_LOSS_PRC,KERNOIL_1_N012,ALL,1,1.9562,4,99
2022-09-02T19:45:00-00:00,2022-09-02T20:00:00-00:00,2022-09-02,13,KERNOIL_1_N012,KERNOIL_1_N012,KERNOIL_1_N012,RTPD,MCL,LMP_LOSS_PRC,KERNOIL_1_N012,ALL,1,-1.02953,4,99
2022-09-02T20:45:00-00:00,2022-09-02T21:00:00-00:00,2022-09-02,14,KERNOIL_1_N012,KERNOIL_1_N012,KERNOIL_1_N012,RTPD,MCL,LMP_LOSS_PRC,KERNOIL_1_N012,ALL,1,2.2486,4,99
2022-09-02T21:45:00-00:00,2022-09-02T22:00:00-00:00,2022-09-02,15,KERNOIL_1_N012,KERNOIL_1_N012,KERNOIL_1_N012,RTPD,MCL,LMP_LOSS_PRC,KERNOIL_1_N012,ALL,1,3.47241,4,99
2022-09-02T22:45:00-00:00,2022-09-02T23:00:00-00:00,2022-09-02,16,KERNOIL_1_N012,KERNOIL_1_N012,KERNOIL_1_N012,RTPD,MCL,LMP_LOSS_PRC,KERNOIL_1_N012,ALL,1,0,4,99
2022-09-02T23:45:00-00:00,2022-09-03T00:00:00-00:00,2022-09-02,17,KERNOIL_1_N012,KERNOIL_1_N012,KERNOIL_1_N012,RTPD,MCL,LMP_LOSS_PRC,KERNOIL_1_N012,ALL,1,0,4,99
2022-09-03T00:45:00-00:00,2022-09-03T01:00:00-00:00,2022-09-02,18,KERNOIL_1_N012,KERNOIL_1_N012,KERNOIL_1_N012,RTPD,MCL,LMP_LOSS_PRC,KERNOIL_1_N012,ALL,1,0,4,99
2022-09-03T01:45:00-00:00,2022-09-03T02:00:00-00:00,2022-09-02,19,KERNOIL_1_N012,KERNOIL_1_N012,KERNOIL_1_N012,RTPD,MCL,LMP_LOSS_PRC,KERNOIL_1_N012,ALL,1,0,4,99
2022-09-03T02:45:00-00:00,2022-09-03T03:00:00-00:00,2022-09-02,20,KERNOIL_1_N012,KERNOIL_1_N012,KERNOIL_1_N012,RTPD,MCL,LMP_LOSS_PRC,KERNOIL_1_N012,ALL,1,8.27071,4,99
2022-09-03T03:45:00-00:00,2022-09-03T04:00:00-00:00,2022-09-02,21,KERNOIL_1_N012,KERNOIL_1_N012,KERNOIL_1_N012,RTPD,MCL,LMP_LOSS_PRC,KERNOIL_1_N012,ALL,1,4.78705,4,99
2022-09-03T04:45:00-00:00,2022-09-03T05:00:00-00:00,2022-09-02,22,KERNOIL_1_N012,KERNOIL_1_N012,KERNOIL_1_N012,RTPD,MCL,LMP_LOSS_PRC,KERNOIL_1_N012,ALL,1,4.87948,4,99
2022-09-03T05:45:00-00:00,2022-09-03T06:00:00-00:00,2022-09-02,23,KERNOIL_1_N012,KERNOIL_1_N012,KERNOIL_1_N012,RTPD,MCL,LMP_LOSS_PRC,KERNOIL_1_N012,ALL,1,5.5935,4,99
2022-09-03T06:45:00-00:00,2022-09-03T07:00:00-00:00,2022-09-02,24,KERNOIL_1_N012,KERNOIL_1_N012,KERNOIL_1_N012,RTPD,MCL,LMP_LOSS_PRC,KERNOIL_1_N012,ALL,1,6.42145,4,99
2022-09-02T07:00:00-00:00,2022-09-02T07:15:00-00:00,2022-09-02,01,KERNOIL_1_N012,KERNOIL_1_N012,KERNOIL_1_N012,RTPD,MGHG,LMP_GHG_PRC,KERNOIL_1_N012,ALL,1,0,1,100
2022-09-02T08:00:00-00:00,2022-09-02T08:15:00-00:00,2022-09-02,02,KERNOIL_1_N012,KERNOIL_1_N012,KERNOIL_1_N012,RTPD,MGHG,LMP_GHG_PRC,KERNOIL_1_N012,ALL,1,0,1,100
2022-09-02T09:00:00-00:00,2022-09-02T09:15:00-00:00,2022-09-02,03,KERNOIL_1_N012,KERNOIL_1_N012,KERNOIL_1_N012,RTPD,MGHG,LMP_GHG_PRC,KERNOIL_1_N012,ALL,1,0,1,100
2022-09-02T10:00:00-00:00,2022-09-02T10:15:00-00:00,2022-09-02,04,KERNOIL_1_N012,KERNOIL_1_N012,KERNOIL_1_N012,RTPD,MGHG,LMP_GHG_PRC,KERNOIL_1_N012,ALL,1,0,1,100
2022-09-02T11:00:00-00:00,2022-09-02T11:15:00-00:00,2022-09-02,05,KERNOIL_1_N012,KERNOIL_1_N012,KERNOIL_1_N012,RTPD,MGHG,LMP_GHG_PRC,KERNOIL_1_N012,ALL,1,0,1,100
2022-09-02T12:00:00-00:00,2022-09-02T12:15:00-00:00,2022-09-02,06,KERNOIL_1_N012,KERNOIL_1_N012,KERNOIL_1_N012,RTPD,MGHG,LMP_GHG_PRC,KERNOIL_1_N012,ALL,1,0,1,100
2022-09-02T13:00:00-00:00,2022-09-02T13:15:00-00:00,2022-09-02,07,KERNOIL_1_N012,KERNOIL_1_N012,KERNOIL_1_N012,RTPD,MGHG,LMP_GHG_PRC,KERNOIL_1_N012,ALL,1,0,1,100
2022-09-02T14:00:00-00:00,2022-09-02T14:15:00-00:00,2022-09-02,08,KERNOIL_1_N012,KERNOIL_1_N012,KERNOIL_1_N012,RTPD,MGHG,LMP_GHG_PRC,KERNOIL_1_N012,ALL,1,0,1,100
2022-09-02T15:00:00-00:00,2022-09-02T15:15:00-00:00,2022-09-02,09,KERNOIL_1_N012,KERNOIL_1_N012,KERNOIL_1_N012,RTPD,MGHG,LMP_GHG_PRC,KERNOIL_1_N012,ALL,1,0,1,100
2022-09-02T16:00:00-00:00,2022-09-02T16:15:00-00:00,2022-09-02,10,KERNOIL_1_N012,KERNOIL_1_N012,KERNOIL_1_N012,RTPD,MGHG,LMP_GHG_PRC,KERNOIL_1_N012,ALL,1,0,1,100
2022-09-02T17:00:00-00:00,2022-09-02T17:15:00-00:00,2022-09-02,11,KERNOIL_1_N012,KERNOIL_1_N012,KERNOIL_1_N012,RTPD,MGHG,LMP_GHG_PRC,KERNOIL_1_N012,ALL,1,0,1,100
2022-09-02T18:00:00-00:00,2022-09-02T18:15:00-00:00,2022-09-02,12,KERNOIL_1_N012,KERNOIL_1_N012,KERNOIL_1_N012,RTPD,MGHG,LMP_GHG_PRC,KERNOIL_1_N012,ALL,1,0,1,100
2022-09-02T19:00:00-00:00,2022-09-02T19:15:00-00:00,2022-09-02,13,KERNOIL_1_N012,KERNOIL_1_N012,KERNOIL_1_N012,RTPD,MGHG,LMP_GHG_PRC,KERNOIL_1_N012,ALL,1,0,1,100
2022-09-02T20:00:00-00:00,2022-09-02T20:15:00-00:00,2022-09-02,14,KERNOIL_1_N012,KERNOIL_1_N012,KERNOIL_1_N012,RTPD,MGHG,LMP_GHG_PRC,KERNOIL_1_N012,ALL,1,0,1,100
2022-09-02T21:00:00-00:00,2022-09-02T21:15:00-00:00,2022-09-02,15,KERNOIL_1_N012,KERNOIL_1_N012,KERNOIL_1_N012,RTPD,MGHG,LMP_GHG_PRC,KERNOIL_1_N012,ALL,1,0,1,100
2022-09-02T22:00:00-00:00,2022-09-02T22:15:00-00:00,2022-09-02,16,KERNOIL_1_N012,KERNOIL_1_N012,KERNOIL_1_N012,RTPD,MGHG,LMP_GHG_PRC,KERNOIL_1_N012,ALL,1,0,1,100
2022-09-02T23:00:00-00:00,2022-09-02T23:15:00-00:00,2022-09-02,17,KERNOIL_1_N012,KERNOIL_1_N012,KERNOIL_1_N012,RTPD,MGHG,LMP_GHG_PRC,KERNOIL_1_N012,ALL,1,0,1,100
2022-09-03T00:00:00-00:00,2022-09-03T00:15:00-00:00,2022-09-02,18,KERNOIL_1_N012,KERNOIL_1_N012,KERNOIL_1_N012,RTPD,MGHG,LMP_GHG_PRC,KERNOIL_1_N012,ALL,1,0,1,100
2022-09-03T01:00:00-00:00,2022-09-03T01:15:00-00:00,2022-09-02,19,KERNOIL_1_N012,KERNOIL_1_N012,KERNOIL_1_N012,RTPD,MGHG,LMP_GHG_PRC,KERNOIL_1_N012,ALL,1,0,1,100
2022-09-03T02:00:00-00:00,2022-09-03T02:15:00-00:00,2022-09-02,20,KERNOIL_1_N012,KERNOIL_1_N012,KERNOIL_1_N012,RTPD,MGHG,LMP_GHG_PRC,KERNOIL_1_N012,ALL,1,0,1,100
2022-09-03T03:00:00-00:00,2022-09-03T03:15:00-00:00,2022-09-02,21,KERNOIL_1_N012,KERNOIL_1_N012,KERNOIL_1_N012,RTPD,MGHG,LMP_GHG_PRC,KERNOIL_1_N012,ALL,1,0,1,100
2022-09-03T04:00:00-00:00,2022-09-03T04:15:00-00:00,2022-09-02,22,KERNOIL_1_N012,KERNOIL_1_N012,KERNOIL_1_N012,RTPD,MGHG,LMP_GHG_PRC,KERNOIL_1_N012,ALL,1,0,1,100
2022-09-03T05:00:00-00:00,2022-09-03T05:15:00-00:00,2022-09-02,23,KERNOIL_1_N012,KERNOIL_1_N012,KERNOIL_1_N012,RTPD,MGHG,LMP_GHG_PRC,KERNOIL_1_N012,ALL,1,0,1,100
2022-09-03T06:00:00-00:00,2022-09-03T06:15:00-00:00,2022-09-02,24,KERNOIL_1_N012,KERNOIL_1_N012,KERNOIL_1_N012,RTPD,MGHG,LMP_GHG_PRC,KERNOIL_1_N012,ALL,1,0,1,100
2022-09-02T07:15:00-00:00,2022-09-02T07:30:00-00:00,2022-09-02,01,KERNOIL_1_N012,KERNOIL_1_N012,KERNOIL_1_N012,RTPD,MGHG,LMP_GHG_PRC,KERNOIL_1_N012,ALL,1,0,2,100
2022-09-02T08:15:00-00:00,2022-09-02T08:30:00-00:00,2022-09-02,02,KERNOIL_1_N012,KERNOIL_1_N012,KERNOIL_1_N012,RTPD,MGHG,LMP_GHG_PRC,KERNOIL_1_N012,ALL,1,0,2,100
2022-09-02T09:15:00-00:00,2022-09-02T09:30:00-00:00,2022-09-02,03,KERNOIL_1_N012,KERNOIL_1_N012,KERNOIL_1_N012,RTPD,MGHG,LMP_GHG_PRC,KERNOIL_1_N012,ALL,1,0,2,100
2022-09-02T10:15:00-00:00,2022-09-02T10:30:00-00:00,2022-09-02,04,KERNOIL_1_N012,KERNOIL_1_N012,KERNOIL_1_N012,RTPD,MGHG,LMP_GHG_PRC,KERNOIL_1_N012,ALL,1,0,2,100
2022-09-02T11:15:00-00:00,2022-09-02T11:30:00-00:00,2022-09-02,05,KERNOIL_1_N012,KERNOIL_1_N012,KERNOIL_1_N012,RTPD,MGHG,LMP_GHG_PRC,KERNOIL_1_N012,ALL,1,0,2,100
2022-09-02T12:15:00-00:00,2022-09-02T12:30:00-00:00,2022-09-02,06,KERNOIL_1_N012,KERNOIL_1_N012,KERNOIL_1_N012,RTPD,MGHG,LMP_GHG_PRC,KERNOIL_1_N012,ALL,1,0,2,100
2022-09-02T13:15:00-00:00,2022-09-02T13:30:00-00:00,2022-09-02,07,KERNOIL_1_N012,KERNOIL_1_N012,KERNOIL_1_N012,RTPD,MGHG,LMP_GHG_PRC,KERNOIL_1_N012,ALL,1,0,2,100
2022-09-02T14:15:00-00:00,2022-09-02T14:30:00-00:00,2022-09-02,08,KERNOIL_1_N012,KERNOIL_1_N012,KERNOIL_1_N012,RTPD,MGHG,LMP_GHG_PRC,KERNOIL_1_N012,ALL,1,0,2,100
2022-09-02T15:15:00-00:00,2022-09-02T15:30:00-00:00,2022-09-02,09,KERNOIL_1_N012,KERNOIL_1_N012,KERNOIL_1_N012,RTPD,MGHG,LMP_GHG_PRC,KERNOIL_1_N012,ALL,1,0,2,100
2022-09-02T16:15:00-00:00,2022-09-02T16:30:00-00:00,2022-09-02,10,KERNOIL_1_N012,KERNOIL_1_N012,KERNOIL_1_N012,RTPD,MGHG,LMP_GHG_PRC,KERNOIL_1_N012,ALL,1,0,2,100
2022-09-02T17:15:00-00:00,2022-09-02T17:30:00-00:00,2022-09-02,11,KERNOIL_1_N012,KERNOIL_1_N012,KERNOIL_1_N012,RTPD,MGHG,LMP_GHG_PRC,KERNOIL_1_N012,ALL,1,0,2,100
2022-09-02T18:15:00-00:00,2022-09-02T18:30:00-00:00,2022-09-02,12,KERNOIL_1_N012,KERNOIL_1_N012,KERNOIL_1_N012,RTPD,MGHG,LMP_GHG_PRC,KERNOIL_1_N012,ALL,1,0,2,100
2022-09-02T19:15:00-00:00,2022-09-02T19:30:00-00:00,2022-09-02,13,KERNOIL_1_N012,KERNOIL_1_N012,KERNOIL_1_N012,RTPD,MGHG,LMP_GHG_PRC,KERNOIL_1_N012,ALL,1,0,2,100
2022-09-02T20:15:00-00:00,2022-09-02T20:30:00-00:00,2022-09-02,14,KERNOIL_1_N012,KERNOIL_1_N012,KERNOIL_1_N012,RTPD,MGHG,LMP_GHG_PRC,KERNOIL_1_N012,ALL,1,0,2,100
2022-09-02T21:15:00-00:00,2022-09-02T21:30:00-00:00,2022-09-02,15,KERNOIL_1_N012,KERNOIL_1_N012,KERNOIL_1_N012,RTPD,MGHG,LMP_GHG_PRC,KERNOIL_1_N012,ALL,1,0,2,100
2022-09-02T22:15:00-00:00,2022-09-02T22:30:00-00:00,2022-09-02,16,KERNOIL_1_N012,KERNOIL_1_N012,KERNOIL_1_N012,RTPD,MGHG,LMP_GHG_PRC,KERNOIL_1_N012,ALL,1,0,2,100
2022-09-02T23:15:00-00:00,2022-09-02T23:30:00-00:00,2022-09-02,17,KERNOIL_1_N012,KERNOIL_1_N012,KERNOIL_1_N012,RTPD,MGHG,LMP_GHG_PRC,KERNOIL_1_N012,ALL,1,0,2,100
2022-09-03T00:15:00-00:00,2022-09-03T00:30:00-00:00,2022-09-02,18,KERNOIL_1_N012,KERNOIL_1_N012,KERNOIL_1_N012,RTPD,MGHG,LMP_GHG_PRC,KERNOIL_1_N012,ALL,1,0,2,100
2022-09-03T01:15:00-00:00,2022-09-03T01:30:00-00:00,2022-09-02,19,KERNOIL_1_N012,KERNOIL_1_N012,KERNOIL_1_N012,RTPD,MGHG,LMP_GHG_PRC,KERNOIL_1_N012,ALL,1,0,2,100
2022-09-03T02:15:00-00:00,2022-09-03T02:30:00-00:00,2022-09-02,20,KERNOIL_1_N012,KERNOIL_1_N012,KERNOIL_1_N012,RTPD,MGHG,LMP_GHG_PRC,KERNOIL_1_N012,ALL,1,0,2,100
2022-09-03T03:15:00-00:00,2022-09-03T03:30:00-00:00,2022-09-02,21,KERNOIL_1_N012,KERNOIL_1_N012,KERNOIL_1_N012,RTPD,MGHG,LMP_GHG_PRC,KERNOIL_1_N012,ALL,1,0,2,100
2022-09-03T04:15:00-00:00,2022-09-03T04:30:00-00:00,2022-09-02,22,KERNOIL_1_N012,KERNOIL_1_N012,KERNOIL_1_N012,RTPD,MGHG,LMP_GHG_PRC,KERNOIL_1_N012,ALL,1,0,2,100
2022-09-03T05:15:00-00:00,2022-09-03T05:30:00-00:00,2022-09-02,23,KERNOIL_1_N012,KERNOIL_1_N012,KERNOIL_1_N012,RTPD,MGHG,LMP_GHG_PRC,KERNOIL_1_N012,ALL,1,0,2,100
2022-09-03T06:15:00-00:00,2022-09-03T06:30:00-00:00,2022-09-02,24,KERNOIL_1_N012,KERNOIL_1_N012,KERNOIL_1_N012,RTPD,MGHG,LMP_GHG_PRC,KERNOIL_1_N012,ALL,1,0,2,100
2022-09-02T07:30:00-00:00,2022-09-02T07:45:00-00:00,2022-09-02,01,KERNOIL_1_N012,KERNOIL_1_N012,KERNOIL_1_N012,RTPD,MGHG,LMP_GHG_PRC,KERNOIL_1_N012,ALL,1,0,3,100
2022-09-02T08:30:00-00:00,2022-09-02T08:45:00-00:00,2022-09-02,02,KERNOIL_1_N012,KERNOIL_1_N012,KERNOIL_1_N012,RTPD,MGHG,LMP_GHG_PRC,KERNOIL_1_N012,ALL,1,0,3,100
2022-09-02T09:30:00-00:00,2022-09-02T09:45:00-00:00,2022-09-02,03,KERNOIL_1_N012,KERNOIL_1_N012,KERNOIL_1_N012,RTPD,MGHG,LMP_GHG_PRC,KERNOIL_1_N012,ALL,1,0,3,100
2022-09-02T10:30:00-00:00,2022-09-02T10:45:00-00:00,2022-09-02,04,KERNOIL_1_N012,KERNOIL_1_N012,KERNOIL_1_N012,RTPD,MGHG,LMP_GHG_PRC,KERNOIL_1_N012,ALL,1,0,3,100
2022-09-02T11:30:00-00:00,2022-09-02T11:45:00-00:00,2022-09-02,05,KERNOIL_1_N012,KERNOIL_1_N012,KERNOIL_1_N012,RTPD,MGHG,LMP_GHG_PRC,KERNOIL_1_N012,ALL,1,0,3,100
2022-09-02T12:30:00-00:00,2022-09-02T12:45:00-00:00,2022-09-02,06,KERNOIL_1_N012,KERNOIL_1_N012,KERNOIL_1_N012,RTPD,MGHG,LMP_GHG_PRC,KERNOIL_1_N012,ALL,1,0,3,100
2022-09-02T13:30:00-00:00,2022-09-02T13:45:00-00:00,2022-09-02,07,KERNOIL_1_N012,KERNOIL_1_N012,KERNOIL_1_N012,RTPD,MGHG,LMP_GHG_PRC,KERNOIL_1_N012,ALL,1,0,3,100
2022-09-02T14:30:00-00:00,2022-09-02T14:45:00-00:00,2022-09-02,08,KERNOIL_1_N012,KERNOIL_1_N012,KERNOIL_1_N012,RTPD,MGHG,LMP_GHG_PRC,KERNOIL_1_N012,ALL,1,0,3,100
2022-09-02T15:30:00-00:00,2022-09-02T15:45:00-00:00,2022-09-02,09,KERNOIL_1_N012,KERNOIL_1_N012,KERNOIL_1_N012,RTPD,MGHG,LMP_GHG_PRC,KERNOIL_1_N012,ALL,1,0,3,100
2022-09-02T16:30:00-00:00,2022-09-02T16:45:00-00:00,2022-09-02,10,KERNOIL_1_N012,KERNOIL_1_N012,KERNOIL_1_N012,RTPD,MGHG,LMP_GHG_PRC,KERNOIL_1_N012,ALL,1,0,3,100
2022-09-02T17:30:00-00:00,2022-09-02T17:45:00-00:00,2022-09-02,11,KERNOIL_1_N012,KERNOIL_1_N012,KERNOIL_1_N012,RTPD,MGHG,LMP_GHG_PRC,KERNOIL_1_N012,ALL,1,0,3,100
2022-09-02T18:30:00-00:00,2022-09-02T18:45:00-00:00,2022-09-02,12,KERNOIL_1_N012,KERNOIL_1_N012,KERNOIL_1_N012,RTPD,MGHG,LMP_GHG_PRC,KERNOIL_1_N012,ALL,1,0,3,100
2022-09-02T19:30:00-00:00,2022-09-02T19:45:00-00:00,2022-09-02,13,KERNOIL_1_N012,KERNOIL_1_N012,KERNOIL_1_N012,RTPD,MGHG,LMP_GHG_PRC,KERNOIL_1_N012,ALL,1,0,3,100
2022-09-02T20:30:00-00:00,2022-09-02T20:45:00-00:00,2022-09-02,14,KERNOIL_1_N012,KERNOIL_1_N012,KERNOIL_1_N012,RTPD,MGHG,LMP_GHG_PRC,KERNOIL_1_N012,ALL,1,0,3,100
2022-09-02T21:30:00-00:00,2022-09-02T21:45:00-00:00,2022-09-02,15,KERNOIL_1_N012,KERNOIL_1_N012,KERNOIL_1_N012,RTPD,MGHG,LMP_GHG_PRC,KERNOIL_1_N012,ALL,1,0,3,100
2022-09-02T22:30:00-00:00,2022-09-02T22:45:00-00:00,2022-09-02,16,KERNOIL_1_N012,KERNOIL_1_N012,KERNOIL_1_N012,RTPD,MGHG,LMP_GHG_PRC,KERNOIL_1_N012,ALL,1,0,3,100
2022-09-02T23:30:00-00:00,2022-09-02T23:45:00-00:00,2022-09-02,17,KERNOIL_1_N012,KERNOIL_1_N012,KERNOIL_1_N012,RTPD,MGHG,LMP_GHG_PRC,KERNOIL_1_N012,ALL,1,0,3,100
2022-09-03T00:30:00-00:00,2022-09-03T00:45:00-00:00,2022-09-02,18,KERNOIL_1_N012,KERNOIL_1_N012,KERNOIL_1_N012,RTPD,MGHG,LMP_GHG_PRC,KERNOIL_1_N012,ALL,1,0,3,100
2022-09-03T01:30:00-00:00,2022-09-03T01:45:00-00:00,2022-09-02,19,KERNOIL_1_N012,KERNOIL_1_N012,KERNOIL_1_N012,RTPD,MGHG,LMP_GHG_PRC,KERNOIL_1_N012,ALL,1,0,3,100
2022-09-03T02:30:00-00:00,2022-09-03T02:45:00-00:00,2022-09-02,20,KERNOIL_1_N012,KERNOIL_1_N012,KERNOIL_1_N012,RTPD,MGHG,LMP_GHG_PRC,KERNOIL_1_N012,ALL,1,0,3,100
2022-09-03T03:30:00-00:00,2022-09-03T03:45:00-00:00,2022-09-02,21,KERNOIL_1_N012,KERNOIL_1_N012,KERNOIL_1_N012,RTPD,MGHG,LMP_GHG_PRC,KERNOIL_1_N012,ALL,1,0,3,100
2022-09-03T04:30:00-00:00,2022-09-03T04:45:00-00:00,2022-09-02,22,KERNOIL_1_N012,KERNOIL_1_N012,KERNOIL_1_N012,RTPD,MGHG,LMP_GHG_PRC,KERNOIL_1_N012,ALL,1,0,3,100
2022-09-03T05:30:00-00:00,2022-09-03T05:45:00-00:00,2022-09-02,23,KERNOIL_1_N012,KERNOIL_1_N012,KERNOIL_1_N012,RTPD,MGHG,LMP_GHG_PRC,KERNOIL_1_N012,ALL,1,0,3,100
2022-09-03T06:30:00-00:00,2022-09-03T06:45:00-00:00,2022-09-02,24,KERNOIL_1_N012,KERNOIL_1_N012,KERNOIL_1_N012,RTPD,MGHG,LMP_GHG_PRC,KERNOIL_1_N012,ALL,1,0,3,100
2022-09-02T07:45:00-00:00,2022-09-02T08:00:00-00:00,2022-09-02,01,KERNOIL_1_N012,KERNOIL_1_N012,KERNOIL_1_N012,RTPD,MGHG,LMP_GHG_PRC,KERNOIL_1_N012,ALL,1,0,4,100
2022-09-02T08:45:00-00:00,2022-09-02T09:00:00-00:00,2022-09-02,02,KERNOIL_1_N012,KERNOIL_1_N012,KERNOIL_1_N012,RTPD,MGHG,LMP_GHG_PRC,KERNOIL_1_N012,ALL,1,0,4,100
2022-09-02T09:45:00-00:00,2022-09-02T10:00:00-00:00,2022-09-02,03,KERNOIL_1_N012,KERNOIL_1_N012,KERNOIL_1_N012,RTPD,MGHG,LMP_GHG_PRC,KERNOIL_1_N012,ALL,1,0,4,100
2022-09-02T10:45:00-00:00,2022-09-02T11:00:00-00:00,2022-09-02,04,KERNOIL_1_N012,KERNOIL_1_N012,KERNOIL_1_N012,RTPD,MGHG,LMP_GHG_PRC,KERNOIL_1_N012,ALL,1,0,4,100
2022-09-02T11:45:00-00:00,2022-09-02T12:00:00-00:00,2022-09-02,05,KERNOIL_1_N012,KERNOIL_1_N012,KERNOIL_1_N012,RTPD,MGHG,LMP_GHG_PRC,KERNOIL_1_N012,ALL,1,0,4,100
2022-09-02T12:45:00-00:00,2022-09-02T13:00:00-00:00,2022-09-02,06,KERNOIL_1_N012,KERNOIL_1_N012,KERNOIL_1_N012,RTPD,MGHG,LMP_GHG_PRC,KERNOIL_1_N012,ALL,1,0,4,100
2022-09-02T13:45:00-00:00,2022-09-02T14:00:00-00:00,2022-09-02,07,KERNOIL_1_N012,KERNOIL_1_N012,KERNOIL_1_N012,RTPD,MGHG,LMP_GHG_PRC,KERNOIL_1_N012,ALL,1,0,4,100
2022-09-02T14:45:00-00:00,2022-09-02T15:00:00-00:00,2022-09-02,08,KERNOIL_1_N012,KERNOIL_1_N012,KERNOIL_1_N012,RTPD,MGHG,LMP_GHG_PRC,KERNOIL_1_N012,ALL,1,0,4,100
2022-09-02T15:45:00-00:00,2022-09-02T16:00:00-00:00,2022-09-02,09,KERNOIL_1_N012,KERNOIL_1_N012,KERNOIL_1_N012,RTPD,MGHG,LMP_GHG_PRC,KERNOIL_1_N012,ALL,1,0,4,100
2022-09-02T16:45:00-00:00,2022-09-02T17:00:00-00:00,2022-09-02,10,KERNOIL_1_N012,KERNOIL_1_N012,KERNOIL_1_N012,RTPD,MGHG,LMP_GHG_PRC,KERNOIL_1_N012,ALL,1,0,4,100
2022-09-02T17:45:00-00:00,2022-09-02T18:00:00-00:00,2022-09-02,11,KERNOIL_1_N012,KERNOIL_1_N012,KERNOIL_1_N012,RTPD,MGHG,LMP_GHG_PRC,KERNOIL_1_N012,ALL,1,0,4,100
2022-09-02T18:45:00-00:00,2022-09-02T19:00:00-00:00,2022-09-02,12,KERNOIL_1_N012,KERNOIL_1_N012,KERNOIL_1_N012,RTPD,MGHG,LMP_GHG_PRC,KERNOIL_1_N012,ALL,1,0,4,100
2022-09-02T19:45:00-00:00,2022-09-02T20:00:00-00:00,2022-09-02,13,KERNOIL_1_N012,KERNOIL_1_N012,KERNOIL_1_N012,RTPD,MGHG,LMP_GHG_PRC,KERNOIL_1_N012,ALL,1,0,4,100
2022-09-02T20:45:00-00:00,2022-09-02T21:00:00-00:00,2022-09-02,14,KERNOIL_1_N012,KERNOIL_1_N012,KERNOIL_1_N012,RTPD,MGHG,LMP_GHG_PRC,KERNOIL_1_N012,ALL,1,0,4,100
2022-09-02T21:45:00-00:00,2022-09-02T22:00:00-00:00,2022-09-02,15,KERNOIL_1_N012,KERNOIL_1_N012,KERNOIL_1_N012,RTPD,MGHG,LMP_GHG_PRC,KERNOIL_1_N012,ALL,1,0,4,100
2022-09-02T22:45:00-00:00,2022-09-02T23:00:00-00:00,2022-09-02,16,KERNOIL_1_N012,KERNOIL_1_N012,KERNOIL_1_N012,RTPD,MGHG,LMP_GHG_PRC,KERNOIL_1_N012,ALL,1,0,4,100
2022-09-02T23:45:00-00:00,2022-09-03T00:00:00-00:00,2022-09-02,17,KERNOIL_1_N012,KERNOIL_1_N012,KERNOIL_1_N012,RTPD,MGHG,LMP_GHG_PRC,KERNOIL_1_N012,ALL,1,0,4,100
2022-09-03T00:45:00-00:00,2022-09-03T01:00:00-00:00,2022-09-02,18,KERNOIL_1_N012,KERNOIL_1_N012,KERNOIL_1_N012,RTPD,MGHG,LMP_GHG_PRC,KERNOIL_1_N012,ALL,1,0,4,100
2022-09-03T01:45:00-00:00,2022-09-03T02:00:00-00:00,2022-09-02,19,KERNOIL_1_N012,KERNOIL_1_N012,KERNOIL_1_N012,RTPD,MGHG,LMP_GHG_PRC,KERNOIL_1_N012,ALL,1,0,4,100
2022-09-03T02:45:00-00:00,2022-09-03T03:00:00-00:00,2022-09-02,20,KERNOIL_1_N012,KERNOIL_1_N012,KERNOIL_1_N012,RTPD,MGHG,LMP_GHG_PRC,KERNOIL_1_N012,ALL,1,0,4,100
2022-09-03T03:45:00-00:00,2022-09-03T04:00:00-00:00,2022-09-02,21,KERNOIL_1_N012,KERNOIL_1_N012,KERNOIL_1_N012,RTPD,MGHG,LMP_GHG_PRC,KERNOIL_1_N012,ALL,1,0,4,100
2022-09-03T04:45:00-00:00,2022-09-03T05:00:00-00:00,2022-09-02,22,KERNOIL_1_N012,KERNOIL_1_N012,KERNOIL_1_N012,RTPD,MGHG,LMP_GHG_PRC,KERNOIL_1_N012,ALL,1,0,4,100
2022-09-03T05:45:00-00:00,2022-09-03T06:00:00-00:00,2022-09-02,23,KERNOIL_1_N012,KERNOIL_1_N012,KERNOIL_1_N012,RTPD,MGHG,LMP_GHG_PRC,KERNOIL_1_N012,ALL,1,0,4,100
2022-09-03T06:45:00-00:00,2022-09-03T07:00:00-00:00,2022-09-02,24,KERNOIL_1_N012,KERNOIL_1_N012,KERNOIL_1_N012,RTPD,MGHG,LMP_GHG_PRC,KERNOIL_1_N012,ALL,1,0,4,100
2022-09-03T07:00:00-00:00,2022-09-03T07:15:00-00:00,2022-09-03,01,KELSO_2_N001,KELSO_2_N001,KELSO_2_N001,RTPD,LMP,LMP_PRC,KELSO_2_N001,ALL,1,84.06766,1,101
2022-09-03T08:00:00-00:00,2022-09-03T08:15:00-00:00,2022-09-03,02,KELSO_2_N001,KELSO_2_N001,KELSO_2_N001,RTPD,LMP,LMP_PRC,KELSO_2_N001,ALL,1,80.73123,1,101
2022-09-03T09:00:00-00:00,2022-09-03T09:15:00-00:00,2022-09-03,03,KELSO_2_N001,KELSO_2_N001,KELSO_2_N001,RTPD,LMP,LMP_PRC,KELSO_2_N001,ALL,1,70.11595,1,101
2022-09-03T10:00:00-00:00,2022-09-03T10:15:00-00:00,2022-09-03,04,KELSO_2_N001,KELSO_2_N001,KELSO_2_N001,RTPD,LMP,LMP_PRC,KELSO_2_N001,ALL,1,67.54221,1,101
2022-09-03T11:00:00-00:00,2022-09-03T11:15:00-00:00,2022-09-03,05,KELSO_2_N001,KELSO_2_N001,KELSO_2_N001,RTPD,LMP,LMP_PRC,KELSO_2_N001,ALL,1,74.06947,1,101
2022-09-03T12:00:00-00:00,2022-09-03T12:15:00-00:00,2022-09-03,06,KELSO_2_N001,KELSO_2_N001,KELSO_2_N001,RTPD,LMP,LMP_PRC,KELSO_2_N001,ALL,1,67.92296,1,101
2022-09-03T13:00:00-00:00,2022-09-03T13:15:00-00:00,2022-09-03,07,KELSO_2_N001,KELSO_2_N001,KELSO_2_N001,RTPD,LMP,LMP_PRC,KELSO_2_N001,ALL,1,78.47733,1,101
2022-09-03T14:00:00-00:00,2022-09-03T14:15:00-00:00,2022-09-03,08,KELSO_2_N001,KELSO_2_N001,KELSO_2_N001,RTPD,LMP,LMP_PRC,KELSO_2_N001,ALL,1,87.22079,1,101
2022-09-03T15:00:00-00:00,2022-09-03T15:15:00-00:00,2022-09-03,09,KELSO_2_N001,KELSO_2_N001,KELSO_2_N001,RTPD,LMP,LMP_PRC,KELSO_2_N001,ALL,1,26.60888,1,101
2022-09-03T16:00:00-00:00,2022-09-03T16:15:00-00:00,2022-09-03,10,KELSO_2_N001,KELSO_2_N001,KELSO_2_N001,RTPD,LMP,LMP_PRC,KELSO_2_N001,ALL,1,29.26695,1,101
2022-09-03T17:00:00-00:00,2022-09-03T17:15:00-00:00,2022-09-03,11,KELSO_2_N001,KELSO_2_N001,KELSO_2_N001,RTPD,LMP,LMP_PRC,KELSO_2_N001,ALL,1,52.8558,1,101
2022-09-03T18:00:00-00:00,2022-09-03T18:15:00-00:00,2022-09-03,12,KELSO_2_N001,KELSO_2_N001,KELSO_2_N001,RTPD,LMP,LMP_PRC,KELSO_2_N001,ALL,1,60.45674,1,101
2022-09-03T19:00:00-00:00,2022-09-03T19:15:00-00:00,2022-09-03,13,KELSO_2_N001,KELSO_2_N001,KELSO_2_N001,RTPD,LMP,LMP_PRC,KELSO_2_N001,ALL,1,7.42306,1,101
2022-09-03T20:00:00-00:00,2022-09-03T20:15:00-00:00,2022-09-03,14,KELSO_2_N001,KELSO_2_N001,KELSO_2_N001,RTPD,LMP,LMP_PRC,KELSO_2_N001,ALL,1,73.16127,1,101
2022-09-03T21:00:00-00:00,2022-09-03T21:15:00-00:00,2022-09-03,15,KELSO_2_N001,KELSO_2_N001,KELSO_2_N001,RTPD,LMP,LMP_PRC,KELSO_2_N001,ALL,1,80.97455,1,101
2022-09-03T22:00:00-00:00,2022-09-03T22:15:00-00:00,2022-09-03,16,KELSO_2_N001,KELSO_2_N001,KELSO_2_N001,RTPD,LMP,LMP_PRC,KELSO_2_N001,ALL,1,118.32172,1,101
2022-09-03T23:00:00-00:00,2022-09-03T23:15:00-00:00,2022-09-03,17,KELSO_2_N001,KELSO_2_N001,KELSO_2_N001,RTPD,LMP,LMP_PRC,KELSO_2_N001,ALL,1,75.29858,1,101
2022-09-04T00:00:00-00:00,2022-09-04T00:15:00-00:00,2022-09-03,18,KELSO_2_N001,KELSO_2_N001,KELSO_2_N001,RTPD,LMP,LMP_PRC,KELSO_2_N001,ALL,1,81.24429,1,101
2022-09-04T01:00:00-00:00,2022-09-04T01:15:00-00:00,2022-09-03,19,KELSO_2_N001,KELSO_2_N001,KELSO_2_N001,RTPD,LMP,LMP_PRC,KELSO_2_N001,ALL,1,92.40201,1,101
2022-09-04T02:00:00-00:00,2022-09-04T02:15:00-00:00,2022-09-03,20,KELSO_2_N001,KELSO_2_N001,KELSO_2_N001,RTPD,LMP,LMP_PRC,KELSO_2_N001,ALL,1,107.92806,1,101
2022-09-04T03:00:00-00:00,2022-09-04T03:15:00-00:00,2022-09-03,21,KELSO_2_N001,KELSO_2_N001,KELSO_2_N001,RTPD,LMP,LMP_PRC,KELSO_2_N001,ALL,1,92.69507,1,101
2022-09-04T04:00:00-00:00,2022-09-04T04:15:00-00:00,2022-09-03,22,KELSO_2_N001,KELSO_2_N001,KELSO_2_N001,RTPD,LMP,LMP_PRC,KELSO_2_N001,ALL,1,78.409,1,101
2022-09-04T05:00:00-00:00,2022-09-04T05:15:00-00:00,2022-09-03,23,KELSO_2_N001,KELSO_2_N001,KELSO_2_N001,RTPD,LMP,LMP_PRC,KELSO_2_N001,ALL,1,90.88388,1,101
2022-09-04T06:00:00-00:00,2022-09-04T06:15:00-00:00,2022-09-03,24,KELSO_2_N001,KELSO_2_N001,KELSO_2_N001,RTPD,LMP,LMP_PRC,KELSO_2_N001,ALL,1,77.04382,1,101
2022-09-03T07:15:00-00:00,2022-09-03T07:30:00-00:00,2022-09-03,01,KELSO_2_N001,KELSO_2_N001,KELSO_2_N001,RTPD,LMP,LMP_PRC,KELSO_2_N001,ALL,1,77.85152,2,101
2022-09-03T08:15:00-00:00,2022-09-03T08:30:00-00:00,2022-09-03,02,KELSO_2_N001,KELSO_2_N001,KELSO_2_N001,RTPD,LMP,LMP_PRC,KELSO_2_N001,ALL,1,81.79703,2,101
2022-09-03T09:15:00-00:00,2022-09-03T09:30:00-00:00,2022-09-03,03,KELSO_2_N001,KELSO_2_N001,KELSO_2_N001,RTPD,LMP,LMP_PRC,KELSO_2_N001,ALL,1,72.31587,2,101
2022-09-03T10:15:00-00:00,2022-09-03T10:30:00-00:00,2022-09-03,04,KELSO_2_N001,KELSO_2_N001,KELSO_2_N001,RTPD,LMP,LMP_PRC,KELSO_2_N001,ALL,1,64.90404,2,101
2022-09-03T11:15:00-00:00,2022-09-03T11:30:00-00:00,2022-09-03,05,KELSO_2_N001,KELSO_2_N001,KELSO_2_N001,RTPD,LMP,LMP_PRC,KELSO_2_N001,ALL,1,65.6443,2,101
2022-09-03T12:15:00-00:00,2022-09-03T12:30:00-00:00,2022-09-03,06,KELSO_2_N001,KELSO_2_N001,KELSO_2_N001,RTPD,LMP,LMP_PRC,KELSO_2_N001,ALL,1,64.90742,2,101
2022-09-03T13:15:00-00:00,2022-09-03T13:30:00-00:00,2022-09-03,07,KELSO_2_N001,KELSO_2_N001,KELSO_2_N001,RTPD,LMP,LMP_PRC,KELSO_2_N001,ALL,1,77.27599,2,101
2022-09-03T14:15:00-00:00,2022-09-03T14:30:00-00:00,2022-09-03,08,KELSO_2_N001,KELSO_2_N001,KELSO_2_N001,RTPD,LMP,LMP_PRC,KELSO_2_N001,ALL,1,79.70104,2,101
2022-09-03T15:15:00-00:00,2022-09-03T15:30:00-00:00,2022-09-03,09,KELSO_2_N001,KELSO_2_N001,KELSO_2_N001,RTPD,LMP,LMP_PRC,KELSO_2_N001,ALL,1,26.43028,2,101
2022-09-03T16:15:00-00:00,2022-09-03T16:30:00-00:00,2022-09-03,10,KELSO_2_N001,KELSO_2_N001,KELSO_2_N001,RTPD,LMP,LMP_PRC,KELSO_2_N001,ALL,1,28.99662,2,101
2022-09-03T17:15:00-00:00,2022-09-03T17:30:00-00:00,2022-09-03,11,KELSO_2_N001,KELSO_2_N001,KELSO_2_N001,RTPD,LMP,LMP_PRC,KELSO_2_N001,ALL,1,64.16321,2,101
2022-09-03T18:15:00-00:00,2022-09-03T18:30:00-00:00,2022-09-03,12,KELSO_2_N001,KELSO_2_N001,KELSO_2_N001,RTPD,LMP,LMP_PRC,KELSO_2_N001,ALL,1,68.07809,2,101
2022-09-03T19:15:00-00:00,2022-09-03T19:30:00-00:00,2022-09-03,13,KELSO_2_N001,KELSO_2_N001,KELSO_2_N001,RTPD,LMP,LMP_PRC,KELSO_2_N001,ALL,1,10.37523,2,101
2022-09-03T20:15:00-00:00,2022-09-03T20:30:00-00:00,2022-09-03,14,KELSO_2_N001,KELSO_2_N001,KELSO_2_N001,RTPD,LMP,LMP_PRC,KELSO_2_N001,ALL,1,80.75769,2,101
2022-09-03T21:15:00-00:00,2022-09-03T21:30:00-00:00,2022-09-03,15,KELSO_2_N001,KELSO_2_N001,KELSO_2_N001,RTPD,LMP,LMP_PRC,KELSO_2_N001,ALL,1,104.29278,2,101
2022-09-03T22:15:00-00:00,2022-09-03T22:30:00-00:00,2022-09-03,16,KELSO_2_N001,KELSO_2_N001,KELSO_2_N001,RTPD,LMP,LMP_PRC,KELSO_2_N001,ALL,1,118.43665,2,101
2022-09-03T23:15:00-00:00,2022-09-03T23:30:00-00:00,2022-09-03,17,KELSO_2_N001,KELSO_2_N001,KELSO_2_N001,RTPD,LMP,LMP_PRC,KELSO_2_N001,ALL,1,78.69229,2,101
2022-09-04T00:15:00-00:00,2022-09-04T00:30:00-00:00,2022-09-03,18,KELSO_2_N001,KELSO_2_N001,KELSO_2_N001,RTPD,LMP,LMP_PRC,KELSO_2_N001,ALL,1,132.1383,2,101
2022-09-04T01:15:00-00:00,2022-09-04T01:30:00-00:00,2022-09-03,19,KELSO_2_N001,KELSO_2_N001,KELSO_2_N001,RTPD,LMP,LMP_PRC,KELSO_2_N001,ALL,1,170.8957,2,101
2022-09-04T02:15:00-00:00,2022-09-04T02:30:00-00:00,2022-09-03,20,KELSO_2_N001,KELSO_2_N001,KELSO_2_N001,RTPD,LMP,LMP_PRC,KELSO_2_N001,ALL,1,128.98566,2,101
2022-09-04T03:15:00-00:00,2022-09-04T03:30:00-00:00,2022-09-03,21,KELSO_2_N001,KELSO_2_N001,KELSO_2_N001,RTPD,LMP,LMP_PRC,KELSO_2_N001,ALL,1,80.28343,2,101
2022-09-04T04:15:00-00:00,2022-09-04T04:30:00-00:00,2022-09-03,22,KELSO_2_N001,KELSO_2_N001,KELSO_2_N001,RTPD,LMP,LMP_PRC,KELSO_2_N001,ALL,1,77.44807,2,101
2022-09-04T05:15:00-00:00,2022-09-04T05:30:00-00:00,2022-09-03,23,KELSO_2_N001,KELSO_2_N001,KELSO_2_N001,RTPD,LMP,LMP_PRC,KELSO_2_N001,ALL,1,88.36358,2,101
2022-09-04T06:15:00-00:00,2022-09-04T06:30:00-00:00,2022-09-03,24,KELSO_2_N001,KELSO_2_N001,KELSO_2_N001,RTPD,LMP,LMP_PRC,KELSO_2_N001,ALL,1,78.28074,2,101
2022-09-03T07:30:00-00:00,2022-09-03T07:45:00-00:00,2022-09-03,01,KELSO_2_N001,KELSO_2_N001,KELSO_2_N001,RTPD,LMP,LMP_PRC,KELSO_2_N001,ALL,1,77.45803,3,101
2022-09-03T08:30:00-00:00,2022-09-03T08:45:00-00:00,2022-09-03,02,KELSO_2_N001,KELSO_2_N001,KELSO_2_N001,RTPD,LMP,LMP_PRC,KELSO_2_N001,ALL,1,78.03269,3,101
2022-09-03T09:30:00-00:00,2022-09-03T09:45:00-00:00,2022-09-03,03,KELSO_2_N001,KELSO_2_N001,KELSO_2_N001,RTPD,LMP,LMP_PRC,KELSO_2_N001,ALL,1,64.92365,3,101
2022-09-03T10:30:00-00:00,2022-09-03T10:45:00-00:00,2022-09-03,04,KELSO_2_N001,KELSO_2_N001,KELSO_2_N001,RTPD,LMP,LMP_PRC,KELSO_2_N001,ALL,1,64.46016,3,101
2022-09-03T11:30:00-00:00,2022-09-03T11:45:00-00:00,2022-09-03,05,KELSO_2_N001,KELSO_2_N001,KELSO_2_N001,RTPD,LMP,LMP_PRC,KELSO_2_N001,ALL,1,70.56953,3,101
2022-09-03T12:30:00-00:00,2022-09-03T12:45:00-00:00,2022-09-03,06,KELSO_2_N001,KELSO_2_N001,KELSO_2_N001,RTPD,LMP,LMP_PRC,KELSO_2_N001,ALL,1,64.6296,3,101
2022-09-03T13:30:00-00:00,2022-09-03T13:45:00-00:00,2022-09-03,07,KELSO_2_N001,KELSO_2_N001,KELSO_2_N001,RTPD,LMP,LMP_PRC,KELSO_2_N001,ALL,1,75.74254,3,101
2022-09-03T14:30:00-00:00,2022-09-03T14:45:00-00:00,2022-09-03,08,KELSO_2_N001,KELSO_2_N001,KELSO_2_N001,RTPD,LMP,LMP_PRC,KELSO_2_N001,ALL,1,73.05554,3,101
2022-09-03T15:30:00-00:00,2022-09-03T15:45:00-00:00,2022-09-03,09,KELSO_2_N001,KELSO_2_N001,KELSO_2_N001,RTPD,LMP,LMP_PRC,KELSO_2_N001,ALL,1,25.52701,3,101
2022-09-03T16:30:00-00:00,2022-09-03T16:45:00-00:00,2022-09-03,10,KELSO_2_N001,KELSO_2_N001,KELSO_2_N001,RTPD,LMP,LMP_PRC,KELSO_2_N001,ALL,1,28.12508,3,101
2022-09-03T17:30:00-00:00,2022-09-03T17:45:00-00:00,2022-09-03,11,KELSO_2_N001,KELSO_2_N001,KELSO_2_N001,RTPD,LMP,LMP_PRC,KELSO_2_N001,ALL,1,65.0715,3,101
2022-09-03T18:30:00-00:00,2022-09-03T18:45:00-00:00,2022-09-03,12,KELSO_2_N001,KELSO_2_N001,KELSO_2_N001,RTPD,LMP,LMP_PRC,KELSO_2_N001,ALL,1,69.78153,3,101
2022-09-03T19:30:00-00:00,2022-09-03T19:45:00-00:00,2022-09-03,13,KELSO_2_N001,KELSO_2_N001,KELSO_2_N001,RTPD,LMP,LMP_PRC,KELSO_2_N001,ALL,1,6.37554,3,101
2022-09-03T20:30:00-00:00,2022-09-03T20:45:00-00:00,2022-09-03,14,KELSO_2_N001,KELSO_2_N001,KELSO_2_N001,RTPD,LMP,LMP_PRC,KELSO_2_N001,ALL,1,90.18744,3,101
2022-09-03T21:30:00-00:00,2022-09-03T21:45:00-00:00,2022-09-03,15,KELSO_2_N001,KELSO_2_N001,KELSO_2_N001,RTPD,LMP,LMP_PRC,KELSO_2_N001,ALL,1,104.68741,3,101
2022-09-03T22:30:00-00:00,2022-09-03T22:45:00-00:00,2022-09-03,16,KELSO_2_N001,KELSO_2_N001,KELSO_2_N001,RTPD,LMP,LMP_PRC,KELSO_2_N001,ALL,1,104.17816,3,101
2022-09-03T23:30:00-00:00,2022-09-03T23:45:00-00:00,2022-09-03,17,KELSO_2_N001,KELSO_2_N001,KELSO_2_N001,RTPD,LMP,LMP_PRC,KELSO_2_N001,ALL,1,84.61693,3,101
2022-09-04T00:30:00-00:00,2022-09-04T00:45:00-00:00,2022-09-03,18,KELSO_2_N001,KELSO_2_N001,KELSO_2_N001,RTPD,LMP,LMP_PRC,KELSO_2_N001,ALL,1,103.09427,3,101
2022-09-04T01:30:00-00:00,2022-09-04T01:45:00-00:00,2022-09-03,19,KELSO_2_N001,KELSO_2_N001,KELSO_2_N001,RTPD,LMP,LMP_PRC,KELSO_2_N001,ALL,1,172.01688,3,101
2022-09-04T02:30:00-00:00,2022-09-04T02:45:00-00:00,2022-09-03,20,KELSO_2_N001,KELSO_2_N001,KELSO_2_N001,RTPD,LMP,LMP_PRC,KELSO_2_N001,ALL,1,121.22227,3,101
2022-09-04T03:30:00-00:00,2022-09-04T03:45:00-00:00,2022-09-03,21,KELSO_2_N001,KELSO_2_N001,KELSO_2_N001,RTPD,LMP,LMP_PRC,KELSO_2_N001,ALL,1,79.73015,3,101
2022-09-04T04:30:00-00:00,2022-09-04T04:45:00-00:00,2022-09-03,22,KELSO_2_N001,KELSO_2_N001,KELSO_2_N001,RTPD,LMP,LMP_PRC,KELSO_2_N001,ALL,1,77.50299,3,101
2022-09-04T05:30:00-00:00,2022-09-04T05:45:00-00:00,2022-09-03,23,KELSO_2_N001,KELSO_2_N001,KELSO_2_N001,RTPD,LMP,LMP_PRC,KELSO_2_N001,ALL,1,79.77256,3,101
2022-09-04T06:30:00-00:00,2022-09-04T06:45:00-00:00,2022-09-03,24,KELSO_2_N001,KELSO_2_N001,KELSO_2_N001,RTPD,LMP,LMP_PRC,KELSO_2_N001,ALL,1,75.38179,3,101
2022-09-03T07:45:00-00:00,2022-09-03T08:00:00-00:00,2022-09-03,01,KELSO_2_N001,KELSO_2_N001,KELSO_2_N001,RTPD,LMP,LMP_PRC,KELSO_2_N001,ALL,1,74.25763,4,101
2022-09-03T08:45:00-00:00,2022-09-03T09:00:00-00:00,2022-09-03,02,KELSO_2_N001,KELSO_2_N001,KELSO_2_N001,RTPD,LMP,LMP_PRC,KELSO_2_N001,ALL,1,69.35963,4,101
2022-09-03T09:45:00-00:00,2022-09-03T10:00:00-00:00,2022-09-03,03,KELSO_2_N001,KELSO_2_N001,KELSO_2_N001,RTPD,LMP,LMP_PRC,KELSO_2_N001,ALL,1,64.50007,4,101
2022-09-03T10:45:00-00:00,2022-09-03T11:00:00-00:00,2022-09-03,04,KELSO_2_N001,KELSO_2_N001,KELSO_2_N001,RTPD,LMP,LMP_PRC,KELSO_2_N001,ALL,1,70.6622,4,101
2022-09-03T11:45:00-00:00,2022-09-03T12:00:00-00:00,2022-09-03,05,KELSO_2_N001,KELSO_2_N001,KELSO_2_N001,RTPD,LMP,LMP_PRC,KELSO_2_N001,ALL,1,71.53292,4,101
2022-09-03T12:45:00-00:00,2022-09-03T13:00:00-00:00,2022-09-03,06,KELSO_2_N001,KELSO_2_N001,KELSO_2_N001,RTPD,LMP,LMP_PRC,KELSO_2_N001,ALL,1,59.81694,4,101
2022-09-03T13:45:00-00:00,2022-09-03T14:00:00-00:00,2022-09-03,07,KELSO_2_N001,KELSO_2_N001,KELSO_2_N001,RTPD,LMP,LMP_PRC,KELSO_2_N001,ALL,1,80.73984,4,101
2022-09-03T14:45:00-00:00,2022-09-03T15:00:00-00:00,2022-09-03,08,KELSO_2_N001,KELSO_2_N001,KELSO_2_N001,RTPD,LMP,LMP_PRC,KELSO_2_N001,ALL,1,21.25007,4,101
2022-09-03T15:45:00-00:00,2022-09-03T16:00:00-00:00,2022-09-03,09,KELSO_2_N001,KELSO_2_N001,KELSO_2_N001,RTPD,LMP,LMP_PRC,KELSO_2_N001,ALL,1,23.89022,4,101
2022-09-03T16:45:00-00:00,2022-09-03T17:00:00-00:00,2022-09-03,10,KELSO_2_N001,KELSO_2_N001,KELSO_2_N001,RTPD,LMP,LMP_PRC,KELSO_2_N001,ALL,1,47.50058,4,101
2022-09-03T17:45:00-00:00,2022-09-03T18:00:00-00:00,2022-09-03,11,KELSO_2_N001,KELSO_2_N001,KELSO_2_N001,RTPD,LMP,LMP_PRC,KELSO_2_N001,ALL,1,69.33619,4,101
2022-09-03T18:45:00-00:00,2022-09-03T19:00:00-00:00,2022-09-03,12,KELSO_2_N001,KELSO_2_N001,KELSO_2_N001,RTPD,LMP,LMP_PRC,KELSO_2_N001,ALL,1,65.29173,4,101
2022-09-03T19:45:00-00:00,2022-09-03T20:00:00-00:00,2022-09-03,13,KELSO_2_N001,KELSO_2_N001,KELSO_2_N001,RTPD,LMP,LMP_PRC,KELSO_2_N001,ALL,1,7.09025,4,101
2022-09-03T20:45:00-00:00,2022-09-03T21:00:00-00:00,2022-09-03,14,KELSO_2_N001,KELSO_2_N001,KELSO_2_N001,RTPD,LMP,LMP_PRC,KELSO_2_N001,ALL,1,92.93657,4,101
2022-09-03T21:45:00-00:00,2022-09-03T22:00:00-00:00,2022-09-03,15,KELSO_2_N001,KELSO_2_N001,KELSO_2_N001,RTPD,LMP,LMP_PRC,KELSO_2_N001,ALL,1,130.19145,4,101
2022-09-03T22:45:00-00:00,2022-09-03T23:00:00-00:00,2022-09-03,16,KELSO_2_N001,KELSO_2_N001,KELSO_2_N001,RTPD,LMP,LMP_PRC,KELSO_2_N001,ALL,1,143.48978,4,101
2022-09-03T23:45:00-00:00,2022-09-04T00:00:00-00:00,2022-09-03,17,KELSO_2_N001,KELSO_2_N001,KELSO_2_N001,RTPD,LMP,LMP_PRC,KELSO_2_N001,ALL,1,163.88457,4,101
2022-09-04T00:45:00-00:00,2022-09-04T01:00:00-00:00,2022-09-03,18,KELSO_2_N001,KELSO_2_N001,KELSO_2_N001,RTPD,LMP,LMP_PRC,KELSO_2_N001,ALL,1,88.93563,4,101
2022-09-04T01:45:00-00:00,2022-09-04T02:00:00-00:00,2022-09-03,19,KELSO_2_N001,KELSO_2_N001,KELSO_2_N001,RTPD,LMP,LMP_PRC,KELSO_2_N001,ALL,1,429.58633,4,101
2022-09-04T02:45:00-00:00,2022-09-04T03:00:00-00:00,2022-09-03,20,KELSO_2_N001,KELSO_2_N001,KELSO_2_N001,RTPD,LMP,LMP_PRC,KELSO_2_N001,ALL,1,122.89743,4,101
2022-09-04T03:45:00-00:00,2022-09-04T04:00:00-00:00,2022-09-03,21,KELSO_2_N001,KELSO_2_N001,KELSO_2_N001,RTPD,LMP,LMP_PRC,KELSO_2_N001,ALL,1,76.73831,4,101
2022-09-04T04:45:00-00:00,2022-09-04T05:00:00-00:00,2022-09-03,22,KELSO_2_N001,KELSO_2_N001,KELSO_2_N001,RTPD,LMP,LMP_PRC,KELSO_2_N001,ALL,1,77.62854,4,101
2022-09-04T05:45:00-00:00,2022-09-04T06:00:00-00:00,2022-09-03,23,KELSO_2_N001,KELSO_2_N001,KELSO_2_N001,RTPD,LMP,LMP_PRC,KELSO_2_N001,ALL,1,74.337,4,101
2022-09-04T06:45:00-00:00,2022-09-04T07:00:00-00:00,2022-09-03,24,KELSO_2_N001,KELSO_2_N001,KELSO_2_N001,RTPD,LMP,LMP_PRC,KELSO_2_N001,ALL,1,73.93842,4,101
2022-09-03T07:00:00-00:00,2022-09-03T07:15:00-00:00,2022-09-03,01,KELSO_2_N001,KELSO_2_N001,KELSO_2_N001,RTPD,MCC,LMP_CONG_PRC,KELSO_2_N001,ALL,1,-11.03334,1,102
2022-09-03T08:00:00-00:00,2022-09-03T08:15:00-00:00,2022-09-03,02,KELSO_2_N001,KELSO_2_N001,KELSO_2_N001,RTPD,MCC,LMP_CONG_PRC,KELSO_2_N001,ALL,1,-6.55212,1,102
2022-09-03T09:00:00-00:00,2022-09-03T09:15:00-00:00,2022-09-03,03,KELSO_2_N001,KELSO_2_N001,KELSO_2_N001,RTPD,MCC,LMP_CONG_PRC,KELSO_2_N001,ALL,1,-13.5476,1,102
2022-09-03T10:00:00-00:00,2022-09-03T10:15:00-00:00,2022-09-03,04,KELSO_2_N001,KELSO_2_N001,KELSO_2_N001,RTPD,MCC,LMP_CONG_PRC,KELSO_2_N001,ALL,1,-10.47687,1,102
2022-09-03T11:00:00-00:00,2022-09-03T11:15:00-00:00,2022-09-03,05,KELSO_2_N001,KELSO_2_N001,KELSO_2_N001,RTPD,MCC,LMP_CONG_PRC,KELSO_2_N001,ALL,1,-0.9476,1,102
2022-09-03T12:00:00-00:00,2022-09-03T12:15:00-00:00,2022-09-03,06,KELSO_2_N001,KELSO_2_N001,KELSO_2_N001,RTPD,MCC,LMP_CONG_PRC,KELSO_2_N001,ALL,1,-1.86436,1,102
2022-09-03T13:00:00-00:00,2022-09-03T13:15:00-00:00,2022-09-03,07,KELSO_2_N001,KELSO_2_N001,KELSO_2_N001,RTPD,MCC,LMP_CONG_PRC,KELSO_2_N001,ALL,1,18.03505,1,102
2022-09-03T14:00:00-00:00,2022-09-03T14:15:00-00:00,2022-09-03,08,KELSO_2_N001,KELSO_2_N001,KELSO_2_N001,RTPD,MCC,LMP_CONG_PRC,KELSO_2_N001,ALL,1,46.16505,1,102
2022-09-03T15:00:00-00:00,2022-09-03T15:15:00-00:00,2022-09-03,09,KELSO_2_N001,KELSO_2_N001,KELSO_2_N001,RTPD,MCC,LMP_CONG_PRC,KELSO_2_N001,ALL,1,0,1,102
2022-09-03T16:00:00-00:00,2022-09-03T16:15:00-00:00,2022-09-03,10,KELSO_2_N001,KELSO_2_N001,KELSO_2_N001,RTPD,MCC,LMP_CONG_PRC,KELSO_2_N001,ALL,1,0,1,102
2022-09-03T17:00:00-00:00,2022-09-03T17:15:00-00:00,2022-09-03,11,KELSO_2_N001,KELSO_2_N001,KELSO_2_N001,RTPD,MCC,LMP_CONG_PRC,KELSO_2_N001,ALL,1,0,1,102
2022-09-03T18:00:00-00:00,2022-09-03T18:15:00-00:00,2022-09-03,12,KELSO_2_N001,KELSO_2_N001,KELSO_2_N001,RTPD,MCC,LMP_CONG_PRC,KELSO_2_N001,ALL,1,-6.70458,1,102
2022-09-03T19:00:00-00:00,2022-09-03T19:15:00-00:00,2022-09-03,13,KELSO_2_N001,KELSO_2_N001,KELSO_2_N001,RTPD,MCC,LMP_CONG_PRC,KELSO_2_N001,ALL,1,-42.4612,1,102
2022-09-03T20:00:00-00:00,2022-09-03T20:15:00-00:00,2022-09-03,14,KELSO_2_N001,KELSO_2_N001,KELSO_2_N001,RTPD,MCC,LMP_CONG_PRC,KELSO_2_N001,ALL,1,10.49473,1,102
2022-09-03T21:00:00-00:00,2022-09-03T21:15:00-00:00,2022-09-03,15,KELSO_2_N001,KELSO_2_N001,KELSO_2_N001,RTPD,MCC,LMP_CONG_PRC,KELSO_2_N001,ALL,1,31.91879,1,102
2022-09-03T22:00:00-00:00,2022-09-03T22:15:00-00:00,2022-09-03,16,KELSO_2_N001,KELSO_2_N001,KELSO_2_N001,RTPD,MCC,LMP_CONG_PRC,KELSO_2_N001,ALL,1,61.28832,1,102
2022-09-03T23:00:00-00:00,2022-09-03T23:15:00-00:00,2022-09-03,17,KELSO_2_N001,KELSO_2_N001,KELSO_2_N001,RTPD,MCC,LMP_CONG_PRC,KELSO_2_N001,ALL,1,2.24346,1,102
2022-09-04T00:00:00-00:00,2022-09-04T00:15:00-00:00,2022-09-03,18,KELSO_2_N001,KELSO_2_N001,KELSO_2_N001,RTPD,MCC,LMP_CONG_PRC,KELSO_2_N001,ALL,1,-9.41683,1,102
2022-09-04T01:00:00-00:00,2022-09-04T01:15:00-00:00,2022-09-03,19,KELSO_2_N001,KELSO_2_N001,KELSO_2_N001,RTPD,MCC,LMP_CONG_PRC,KELSO_2_N001,ALL,1,-62.84728,1,102
2022-09-04T02:00:00-00:00,2022-09-04T02:15:00-00:00,2022-09-03,20,KELSO_2_N001,KELSO_2_N001,KELSO_2_N001,RTPD,MCC,LMP_CONG_PRC,KELSO_2_N001,ALL,1,-5.4451,1,102
2022-09-04T03:00:00-00:00,2022-09-04T03:15:00-00:00,2022-09-03,21,KELSO_2_N001,KELSO_2_N001,KELSO_2_N001,RTPD,MCC,LMP_CONG_PRC,KELSO_2_N001,ALL,1,-21.86681,1,102
2022-09-04T04:00:00-00:00,2022-09-04T04:15:00-00:00,2022-09-03,22,KELSO_2_N001,KELSO_2_N001,KELSO_2_N001,RTPD,MCC,LMP_CONG_PRC,KELSO_2_N001,ALL,1,-33.57123,1,102
2022-09-04T05:00:00-00:00,2022-09-04T05:15:00-00:00,2022-09-03,23,KELSO_2_N001,KELSO_2_N001,KELSO_2_N001,RTPD,MCC,LMP_CONG_PRC,KELSO_2_N001,ALL,1,-38.38154,1,102
2022-09-04T06:00:00-00:00,2022-09-04T06:15:00-00:00,2022-09-03,24,KELSO_2_N001,KELSO_2_N001,KELSO_2_N001,RTPD,MCC,LMP_CONG_PRC,KELSO_2_N001,ALL,1,-29.56285,1,102
2022-09-03T07:15:00-00:00,2022-09-03T07:30:00-00:00,2022-09-03,01,KELSO_2_N001,KELSO_2_N001,KELSO_2_N001,RTPD,MCC,LMP_CONG_PRC,KELSO_2_N001,ALL,1,-14.61749,2,102
2022-09-03T08:15:00-00:00,2022-09-03T08:30:00-00:00,2022-09-03,02,KELSO_2_N001,KELSO_2_N001,KELSO_2_N001,RTPD,MCC,LMP_CONG_PRC,KELSO_2_N001,ALL,1,-4.28374,2,102
2022-09-03T09:15:00-00:00,2022-09-03T09:30:00-00:00,2022-09-03,03,KELSO_2_N001,KELSO_2_N001,KELSO_2_N001,RTPD,MCC,LMP_CONG_PRC,KELSO_2_N001,ALL,1,-9.20861,2,102
2022-09-03T10:15:00-00:00,2022-09-03T10:30:00-00:00,2022-09-03,04,KELSO_2_N001,KELSO_2_N001,KELSO_2_N001,RTPD,MCC,LMP_CONG_PRC,KELSO_2_N001,ALL,1,-11.17374,2,102
2022-09-03T11:15:00-00:00,2022-09-03T11:30:00-00:00,2022-09-03,05,KELSO_2_N001,KELSO_2_N001,KELSO_2_N001,RTPD,MCC,LMP_CONG_PRC,KELSO_2_N001,ALL,1,-4.67075,2,102
2022-09-03T12:15:00-00:00,2022-09-03T12:30:00-00:00,2022-09-03,06,KELSO_2_N001,KELSO_2_N001,KELSO_2_N001,RTPD,MCC,LMP_CONG_PRC,KELSO_2_N001,ALL,1,-5.11575,2,102
2022-09-03T13:15:00-00:00,2022-09-03T13:30:00-00:00,2022-09-03,07,KELSO_2_N001,KELSO_2_N001,KELSO_2_N001,RTPD,MCC,LMP_CONG_PRC,KELSO_2_N001,ALL,1,18.33054,2,102
2022-09-03T14:15:00-00:00,2022-09-03T14:30:00-00:00,2022-09-03,08,KELSO_2_N001,KELSO_2_N001,KELSO_2_N001,RTPD,MCC,LMP_CONG_PRC,KELSO_2_N001,ALL,1,42.81771,2,102
2022-09-03T15:15:00-00:00,2022-09-03T15:30:00-00:00,2022-09-03,09,KELSO_2_N001,KELSO_2_N001,KELSO_2_N001,RTPD,MCC,LMP_CONG_PRC,KELSO_2_N001,ALL,1,0,2,102
2022-09-03T16:15:00-00:00,2022-09-03T16:30:00-00:00,2022-09-03,10,KELSO_2_N001,KELSO_2_N001,KELSO_2_N001,RTPD,MCC,LMP_CONG_PRC,KELSO_2_N001,ALL,1,0,2,102
2022-09-03T17:15:00-00:00,2022-09-03T17:30:00-00:00,2022-09-03,11,KELSO_2_N001,KELSO_2_N001,KELSO_2_N001,RTPD,MCC,LMP_CONG_PRC,KELSO_2_N001,ALL,1,0,2,102
2022-09-03T18:15:00-00:00,2022-09-03T18:30:00-00:00,2022-09-03,12,KELSO_2_N001,KELSO_2_N001,KELSO_2_N001,RTPD,MCC,LMP_CONG_PRC,KELSO_2_N001,ALL,1,-2.40169,2,102
2022-09-03T19:15:00-00:00,2022-09-03T19:30:00-00:00,2022-09-03,13,KELSO_2_N001,KELSO_2_N001,KELSO_2_N001,RTPD,MCC,LMP_CONG_PRC,KELSO_2_N001,ALL,1,-45.69608,2,102
2022-09-03T20:15:00-00:00,2022-09-03T20:30:00-00:00,2022-09-03,14,KELSO_2_N001,KELSO_2_N001,KELSO_2_N001,RTPD,MCC,LMP_CONG_PRC,KELSO_2_N001,ALL,1,18.73684,2,102
2022-09-03T21:15:00-00:00,2022-09-03T21:30:00-00:00,2022-09-03,15,KELSO_2_N001,KELSO_2_N001,KELSO_2_N001,RTPD,MCC,LMP_CONG_PRC,KELSO_2_N001,ALL,1,50.20821,2,102
2022-09-03T22:15:00-00:00,2022-09-03T22:30:00-00:00,2022-09-03,16,KELSO_2_N001,KELSO_2_N001,KELSO_2_N001,RTPD,MCC,LMP_CONG_PRC,KELSO_2_N001,ALL,1,47.22608,2,102
2022-09-03T23:15:00-00:00,2022-09-03T23:30:00-00:00,2022-09-03,17,KELSO_2_N001,KELSO_2_N001,KELSO_2_N001,RTPD,MCC,LMP_CONG_PRC,KELSO_2_N001,ALL,1,-9.35996,2,102
2022-09-04T00:15:00-00:00,2022-09-04T00:30:00-00:00,2022-09-03,18,KELSO_2_N001,KELSO_2_N001,KELSO_2_N001,RTPD,MCC,LMP_CONG_PRC,KELSO_2_N001,ALL,1,30.24863,2,102
2022-09-04T01:15:00-00:00,2022-09-04T01:30:00-00:00,2022-09-03,19,KELSO_2_N001,KELSO_2_N001,KELSO_2_N001,RTPD,MCC,LMP_CONG_PRC,KELSO_2_N001,ALL,1,-40.45839,2,102
2022-09-04T02:15:00-00:00,2022-09-04T02:30:00-00:00,2022-09-03,20,KELSO_2_N001,KELSO_2_N001,KELSO_2_N001,RTPD,MCC,LMP_CONG_PRC,KELSO_2_N001,ALL,1,-2.52552,2,102
2022-09-04T03:15:00-00:00,2022-09-04T03:30:00-00:00,2022-09-03,21,KELSO_2_N001,KELSO_2_N001,KELSO_2_N001,RTPD,MCC,LMP_CONG_PRC,KELSO_2_N001,ALL,1,-15.49823,2,102
2022-09-04T04:15:00-00:00,2022-09-04T04:30:00-00:00,2022-09-03,22,KELSO_2_N001,KELSO_2_N001,KELSO_2_N001,RTPD,MCC,LMP_CONG_PRC,KELSO_2_N001,ALL,1,-33.09922,2,102
2022-09-04T05:15:00-00:00,2022-09-04T05:30:00-00:00,2022-09-03,23,KELSO_2_N001,KELSO_2_N001,KELSO_2_N001,RTPD,MCC,LMP_CONG_PRC,KELSO_2_N001,ALL,1,-30.68498,2,102
2022-09-04T06:15:00-00:00,2022-09-04T06:30:00-00:00,2022-09-03,24,KELSO_2_N001,KELSO_2_N001,KELSO_2_N001,RTPD,MCC,LMP_CONG_PRC,KELSO_2_N001,ALL,1,-19.98008,2,102
2022-09-03T07:30:00-00:00,2022-09-03T07:45:00-00:00,2022-09-03,01,KELSO_2_N001,KELSO_2_N001,KELSO_2_N001,RTPD,MCC,LMP_CONG_PRC,KELSO_2_N001,ALL,1,-11.8276,3,102
2022-09-03T08:30:00-00:00,2022-09-03T08:45:00-00:00,2022-09-03,02,KELSO_2_N001,KELSO_2_N001,KELSO_2_N001,RTPD,MCC,LMP_CONG_PRC,KELSO_2_N001,ALL,1,-6.34218,3,102
2022-09-03T09:30:00-00:00,2022-09-03T09:45:00-00:00,2022-09-03,03,KELSO_2_N001,KELSO_2_N001,KELSO_2_N001,RTPD,MCC,LMP_CONG_PRC,KELSO_2_N001,ALL,1,-13.748,3,102
2022-09-03T10:30:00-00:00,2022-09-03T10:45:00-00:00,2022-09-03,04,KELSO_2_N001,KELSO_2_N001,KELSO_2_N001,RTPD,MCC,LMP_CONG_PRC,KELSO_2_N001,ALL,1,-10.17687,3,102
2022-09-03T11:30:00-00:00,2022-09-03T11:45:00-00:00,2022-09-03,05,KELSO_2_N001,KELSO_2_N001,KELSO_2_N001,RTPD,MCC,LMP_CONG_PRC,KELSO_2_N001,ALL,1,-2.22752,3,102
2022-09-03T12:30:00-00:00,2022-09-03T12:45:00-00:00,2022-09-03,06,KELSO_2_N001,KELSO_2_N001,KELSO_2_N001,RTPD,MCC,LMP_CONG_PRC,KELSO_2_N001,ALL,1,-7.01499,3,102
2022-09-03T13:30:00-00:00,2022-09-03T13:45:00-00:00,2022-09-03,07,KELSO_2_N001,KELSO_2_N001,KELSO_2_N001,RTPD,MCC,LMP_CONG_PRC,KELSO_2_N001,ALL,1,17.14061,3,102
2022-09-03T14:30:00-00:00,2022-09-03T14:45:00-00:00,2022-09-03,08,KELSO_2_N001,KELSO_2_N001,KELSO_2_N001,RTPD,MCC,LMP_CONG_PRC,KELSO_2_N001,ALL,1,37.96467,3,102
2022-09-03T15:30:00-00:00,2022-09-03T15:45:00-00:00,2022-09-03,09,KELSO_2_N001,KELSO_2_N001,KELSO_2_N001,RTPD,MCC,LMP_CONG_PRC,KELSO_2_N001,ALL,1,0,3,102
2022-09-03T16:30:00-00:00,2022-09-03T16:45:00-00:00,2022-09-03,10,KELSO_2_N001,KELSO_2_N001,KELSO_2_N001,RTPD,MCC,LMP_CONG_PRC,KELSO_2_N001,ALL,1,0,3,102
2022-09-03T17:30:00-00:00,2022-09-03T17:45:00-00:00,2022-09-03,11,KELSO_2_N001,KELSO_2_N001,KELSO_2_N001,RTPD,MCC,LMP_CONG_PRC,KELSO_2_N001,ALL,1,0,3,102
2022-09-03T18:30:00-00:00,2022-09-03T18:45:00-00:00,2022-09-03,12,KELSO_2_N001,KELSO_2_N001,KELSO_2_N001,RTPD,MCC,LMP_CONG_PRC,KELSO_2_N001,ALL,1,-4.79877,3,102
2022-09-03T19:30:00-00:00,2022-09-03T19:45:00-00:00,2022-09-03,13,KELSO_2_N001,KELSO_2_N001,KELSO_2_N001,RTPD,MCC,LMP_CONG_PRC,KELSO_2_N001,ALL,1,-63.73897,3,102
2022-09-03T20:30:00-00:00,2022-09-03T20:45:00-00:00,2022-09-03,14,KELSO_2_N001,KELSO_2_N001,KELSO_2_N001,RTPD,MCC,LMP_CONG_PRC,KELSO_2_N001,ALL,1,24.79957,3,102
2022-09-03T21:30:00-00:00,2022-09-03T21:45:00-00:00,2022-09-03,15,KELSO_2_N001,KELSO_2_N001,KELSO_2_N001,RTPD,MCC,LMP_CONG_PRC,KELSO_2_N001,ALL,1,44.47086,3,102
2022-09-03T22:30:00-00:00,2022-09-03T22:45:00-00:00,2022-09-03,16,KELSO_2_N001,KELSO_2_N001,KELSO_2_N001,RTPD,MCC,LMP_CONG_PRC,KELSO_2_N001,ALL,1,10.28187,3,102
2022-09-03T23:30:00-00:00,2022-09-03T23:45:00-00:00,2022-09-03,17,KELSO_2_N001,KELSO_2_N001,KELSO_2_N001,RTPD,MCC,LMP_CONG_PRC,KELSO_2_N001,ALL,1,-10.04942,3,102
2022-09-04T00:30:00-00:00,2022-09-04T00:45:00-00:00,2022-09-03,18,KELSO_2_N001,KELSO_2_N001,KELSO_2_N001,RTPD,MCC,LMP_CONG_PRC,KELSO_2_N001,ALL,1,-20.27004,3,102
2022-09-04T01:30:00-00:00,2022-09-04T01:45:00-00:00,2022-09-03,19,KELSO_2_N001,KELSO_2_N001,KELSO_2_N001,RTPD,MCC,LMP_CONG_PRC,KELSO_2_N001,ALL,1,-219.66583,3,102
2022-09-04T02:30:00-00:00,2022-09-04T02:45:00-00:00,2022-09-03,20,KELSO_2_N001,KELSO_2_N001,KELSO_2_N001,RTPD,MCC,LMP_CONG_PRC,KELSO_2_N001,ALL,1,4.09896,3,102
2022-09-04T03:30:00-00:00,2022-09-04T03:45:00-00:00,2022-09-03,21,KELSO_2_N001,KELSO_2_N001,KELSO_2_N001,RTPD,MCC,LMP_CONG_PRC,KELSO_2_N001,ALL,1,-11.71909,3,102
2022-09-04T04:30:00-00:00,2022-09-04T04:45:00-00:00,2022-09-03,22,KELSO_2_N001,KELSO_2_N001,KELSO_2_N001,RTPD,MCC,LMP_CONG_PRC,KELSO_2_N001,ALL,1,-23.11626,3,102
2022-09-04T05:30:00-00:00,2022-09-04T05:45:00-00:00,2022-09-03,23,KELSO_2_N001,KELSO_2_N001,KELSO_2_N001,RTPD,MCC,LMP_CONG_PRC,KELSO_2_N001,ALL,1,-34.74804,3,102
2022-09-04T06:30:00-00:00,2022-09-04T06:45:00-00:00,2022-09-03,24,KELSO_2_N001,KELSO_2_N001,KELSO_2_N001,RTPD,MCC,LMP_CONG_PRC,KELSO_2_N001,ALL,1,-19.5383,3,102
2022-09-03T07:45:00-00:00,2022-09-03T08:00:00-00:00,2022-09-03,01,KELSO_2_N001,KELSO_2_N001,KELSO_2_N001,RTPD,MCC,LMP_CONG_PRC,KELSO_2_N001,ALL,1,-9.27455,4,102
2022-09-03T08:45:00-00:00,2022-09-03T09:00:00-00:00,2022-09-03,02,KELSO_2_N001,KELSO_2_N001,KELSO_2_N001,RTPD,MCC,LMP_CONG_PRC,KELSO_2_N001,ALL,1,-13.39677,4,102
2022-09-03T09:45:00-00:00,2022-09-03T10:00:00-00:00,2022-09-03,03,KELSO_2_N001,KELSO_2_N001,KELSO_2_N001,RTPD,MCC,LMP_CONG_PRC,KELSO_2_N001,ALL,1,-10.80319,4,102
2022-09-03T10:45:00-00:00,2022-09-03T11:00:00-00:00,2022-09-03,04,KELSO_2_N001,KELSO_2_N001,KELSO_2_N001,RTPD,MCC,LMP_CONG_PRC,KELSO_2_N001,ALL,1,-8.70147,4,102
2022-09-03T11:45:00-00:00,2022-09-03T12:00:00-00:00,2022-09-03,05,KELSO_2_N001,KELSO_2_N001,KELSO_2_N001,RTPD,MCC,LMP_CONG_PRC,KELSO_2_N001,ALL,1,1.18026,4,102
2022-09-03T12:45:00-00:00,2022-09-03T13:00:00-00:00,2022-09-03,06,KELSO_2_N001,KELSO_2_N001,KELSO_2_N001,RTPD,MCC,LMP_CONG_PRC,KELSO_2_N001,ALL,1,-8.58753,4,102
2022-09-03T13:45:00-00:00,2022-09-03T14:00:00-00:00,2022-09-03,07,KELSO_2_N001,KELSO_2_N001,KELSO_2_N001,RTPD,MCC,LMP_CONG_PRC,KELSO_2_N001,ALL,1,33.43373,4,102
2022-09-03T14:45:00-00:00,2022-09-03T15:00:00-00:00,2022-09-03,08,KELSO_2_N001,KELSO_2_N001,KELSO_2_N001,RTPD,MCC,LMP_CONG_PRC,KELSO_2_N001,ALL,1,0.0013,4,102
2022-09-03T15:45:00-00:00,2022-09-03T16:00:00-00:00,2022-09-03,09,KELSO_2_N001,KELSO_2_N001,KELSO_2_N001,RTPD,MCC,LMP_CONG_PRC,KELSO_2_N001,ALL,1,0,4,102
2022-09-03T16:45:00-00:00,2022-09-03T17:00:00-00:00,2022-09-03,10,KELSO_2_N001,KELSO_2_N001,KELSO_2_N001,RTPD,MCC,LMP_CONG_PRC,KELSO_2_N001,ALL,1,0,4,102
2022-09-03T17:45:00-00:00,2022-09-03T18:00:00-00:00,2022-09-03,11,KELSO_2_N001,KELSO_2_N001,KELSO_2_N001,RTPD,MCC,LMP_CONG_PRC,KELSO_2_N001,ALL,1,-1.96776,4,102
2022-09-03T18:45:00-00:00,2022-09-03T19:00:00-00:00,2022-09-03,12,KELSO_2_N001,KELSO_2_N001,KELSO_2_N001,RTPD,MCC,LMP_CONG_PRC,KELSO_2_N001,ALL,1,-7.84074,4,102
2022-09-03T19:45:00-00:00,2022-09-03T20:00:00-00:00,2022-09-03,13,KELSO_2_N001,KELSO_2_N001,KELSO_2_N001,RTPD,MCC,LMP_CONG_PRC,KELSO_2_N001,ALL,1,-66.60324,4,102
2022-09-03T20:45:00-00:00,2022-09-03T21:00:00-00:00,2022-09-03,14,KELSO_2_N001,KELSO_2_N001,KELSO_2_N001,RTPD,MCC,LMP_CONG_PRC,KELSO_2_N001,ALL,1,28.5287,4,102
2022-09-03T21:45:00-00:00,2022-09-03T22:00:00-00:00,2022-09-03,15,KELSO_2_N001,KELSO_2_N001,KELSO_2_N001,RTPD,MCC,LMP_CONG_PRC,KELSO_2_N001,ALL,1,63.36139,4,102
2022-09-03T22:45:00-00:00,2022-09-03T23:00:00-00:00,2022-09-03,16,KELSO_2_N001,KELSO_2_N001,KELSO_2_N001,RTPD,MCC,LMP_CONG_PRC,KELSO_2_N001,ALL,1,22.56289,4,102
2022-09-03T23:45:00-00:00,2022-09-04T00:00:00-00:00,2022-09-03,17,KELSO_2_N001,KELSO_2_N001,KELSO_2_N001,RTPD,MCC,LMP_CONG_PRC,KELSO_2_N001,ALL,1,45.24138,4,102
2022-09-04T00:45:00-00:00,2022-09-04T01:00:00-00:00,2022-09-03,18,KELSO_2_N001,KELSO_2_N001,KELSO_2_N001,RTPD,MCC,LMP_CONG_PRC,KELSO_2_N001,ALL,1,-169.14719,4,102
2022-09-04T01:45:00-00:00,2022-09-04T02:00:00-00:00,2022-09-03,19,KELSO_2_N001,KELSO_2_N001,KELSO_2_N001,RTPD,MCC,LMP_CONG_PRC,KELSO_2_N001,ALL,1,81.09981,4,102
2022-09-04T02:45:00-00:00,2022-09-04T03:00:00-00:00,2022-09-03,20,KELSO_2_N001,KELSO_2_N001,KELSO_2_N001,RTPD,MCC,LMP_CONG_PRC,KELSO_2_N001,ALL,1,-3.98353,4,102
2022-09-04T03:45:00-00:00,2022-09-04T04:00:00-00:00,2022-09-03,21,KELSO_2_N001,KELSO_2_N001,KELSO_2_N001,RTPD,MCC,LMP_CONG_PRC,KELSO_2_N001,ALL,1,-6.72786,4,102
2022-09-04T04:45:00-00:00,2022-09-04T05:00:00-00:00,2022-09-03,22,KELSO_2_N001,KELSO_2_N001,KELSO_2_N001,RTPD,MCC,LMP_CONG_PRC,KELSO_2_N001,ALL,1,-15.91454,4,102
2022-09-04T05:45:00-00:00,2022-09-04T06:00:00-00:00,2022-09-03,23,KELSO_2_N001,KELSO_2_N001,KELSO_2_N001,RTPD,MCC,LMP_CONG_PRC,KELSO_2_N001,ALL,1,-26.62446,4,102
2022-09-04T06:45:00-00:00,2022-09-04T07:00:00-00:00,2022-09-03,24,KELSO_2_N001,KELSO_2_N001,KELSO_2_N001,RTPD,MCC,LMP_CONG_PRC,KELSO_2_N001,ALL,1,-13.50944,4,102
2022-09-03T07:00:00-00:00,2022-09-03T07:15:00-00:00,2022-09-03,01,KELSO_2_N001,KELSO_2_N001,KELSO_2_N001,RTPD,MCE,LMP_ENE_PRC,KELSO_2_N001,ALL,1,95.21526,1,103
2022-09-03T08:00:00-00:00,2022-09-03T08:15:00-00:00,2022-09-03,02,KELSO_2_N001,KELSO_2_N001,KELSO_2_N001,RTPD,MCE,LMP_ENE_PRC,KELSO_2_N001,ALL,1,87.28334,1,103
2022-09-03T09:00:00-00:00,2022-09-03T09:15:00-00:00,2022-09-03,03,KELSO_2_N001,KELSO_2_N001,KELSO_2_N001,RTPD,MCE,LMP_ENE_PRC,KELSO_2_N001,ALL,1,83.66355,1,103
2022-09-03T10:00:00-00:00,2022-09-03T10:15:00-00:00,2022-09-03,04,KELSO_2_N001,KELSO_2_N001,KELSO_2_N001,RTPD,MCE,LMP_ENE_PRC,KELSO_2_N001,ALL,1,78.01908,1,103
2022-09-03T11:00:00-00:00,2022-09-03T11:15:00-00:00,2022-09-03,05,KELSO_2_N001,KELSO_2_N001,KELSO_2_N001,RTPD,MCE,LMP_ENE_PRC,KELSO_2_N001,ALL,1,75.01707,1,103
2022-09-03T12:00:00-00:00,2022-09-03T12:15:00-00:00,2022-09-03,06,KELSO_2_N001,KELSO_2_N001,KELSO_2_N001,RTPD,MCE,LMP_ENE_PRC,KELSO_2_N001,ALL,1,69.78732,1,103
2022-09-03T13:00:00-00:00,2022-09-03T13:15:00-00:00,2022-09-03,07,KELSO_2_N001,KELSO_2_N001,KELSO_2_N001,RTPD,MCE,LMP_ENE_PRC,KELSO_2_N001,ALL,1,60.44229,1,103
2022-09-03T14:00:00-00:00,2022-09-03T14:15:00-00:00,2022-09-03,08,KELSO_2_N001,KELSO_2_N001,KELSO_2_N001,RTPD,MCE,LMP_ENE_PRC,KELSO_2_N001,ALL,1,41.05574,1,103
2022-09-03T15:00:00-00:00,2022-09-03T15:15:00-00:00,2022-09-03,09,KELSO_2_N001,KELSO_2_N001,KELSO_2_N001,RTPD,MCE,LMP_ENE_PRC,KELSO_2_N001,ALL,1,25.73144,1,103
2022-09-03T16:00:00-00:00,2022-09-03T16:15:00-00:00,2022-09-03,10,KELSO_2_N001,KELSO_2_N001,KELSO_2_N001,RTPD,MCE,LMP_ENE_PRC,KELSO_2_N001,ALL,1,28.48087,1,103
2022-09-03T17:00:00-00:00,2022-09-03T17:15:00-00:00,2022-09-03,11,KELSO_2_N001,KELSO_2_N001,KELSO_2_N001,RTPD,MCE,LMP_ENE_PRC,KELSO_2_N001,ALL,1,51.7991,1,103
2022-09-03T18:00:00-00:00,2022-09-03T18:15:00-00:00,2022-09-03,12,KELSO_2_N001,KELSO_2_N001,KELSO_2_N001,RTPD,MCE,LMP_ENE_PRC,KELSO_2_N001,ALL,1,66.18183,1,103
2022-09-03T19:00:00-00:00,2022-09-03T19:15:00-00:00,2022-09-03,13,KELSO_2_N001,KELSO_2_N001,KELSO_2_N001,RTPD,MCE,LMP_ENE_PRC,KELSO_2_N001,ALL,1,49.33175,1,103
2022-09-03T20:00:00-00:00,2022-09-03T20:15:00-00:00,2022-09-03,14,KELSO_2_N001,KELSO_2_N001,KELSO_2_N001,RTPD,MCE,LMP_ENE_PRC,KELSO_2_N001,ALL,1,61.97858,1,103
2022-09-03T21:00:00-00:00,2022-09-03T21:15:00-00:00,2022-09-03,15,KELSO_2_N001,KELSO_2_N001,KELSO_2_N001,RTPD,MCE,LMP_ENE_PRC,KELSO_2_N001,ALL,1,48.58929,1,103
2022-09-03T22:00:00-00:00,2022-09-03T22:15:00-00:00,2022-09-03,16,KELSO_2_N001,KELSO_2_N001,KELSO_2_N001,RTPD,MCE,LMP_ENE_PRC,KELSO_2_N001,ALL,1,56.82881,1,103
2022-09-03T23:00:00-00:00,2022-09-03T23:15:00-00:00,2022-09-03,17,KELSO_2_N001,KELSO_2_N001,KELSO_2_N001,RTPD,MCE,LMP_ENE_PRC,KELSO_2_N001,ALL,1,71.87635,1,103
2022-09-04T00:00:00-00:00,2022-09-04T00:15:00-00:00,2022-09-03,18,KELSO_2_N001,KELSO_2_N001,KELSO_2_N001,RTPD,MCE,LMP_ENE_PRC,KELSO_2_N001,ALL,1,89.65697,1,103
2022-09-04T01:00:00-00:00,2022-09-04T01:15:00-00:00,2022-09-03,19,KELSO_2_N001,KELSO_2_N001,KELSO_2_N001,RTPD,MCE,LMP_ENE_PRC,KELSO_2_N001,ALL,1,154.23135,1,103
2022-09-04T02:00:00-00:00,2022-09-04T02:15:00-00:00,2022-09-03,20,KELSO_2_N001,KELSO_2_N001,KELSO_2_N001,RTPD,MCE,LMP_ENE_PRC,KELSO_2_N001,ALL,1,112.79788,1,103
2022-09-04T03:00:00-00:00,2022-09-04T03:15:00-00:00,2022-09-03,21,KELSO_2_N001,KELSO_2_N001,KELSO_2_N001,RTPD,MCE,LMP_ENE_PRC,KELSO_2_N001,ALL,1,114.10546,1,103
2022-09-04T04:00:00-00:00,2022-09-04T04:15:00-00:00,2022-09-03,22,KELSO_2_N001,KELSO_2_N001,KELSO_2_N001,RTPD,MCE,LMP_ENE_PRC,KELSO_2_N001,ALL,1,110.78377,1,103
2022-09-04T05:00:00-00:00,2022-09-04T05:15:00-00:00,2022-09-03,23,KELSO_2_N001,KELSO_2_N001,KELSO_2_N001,RTPD,MCE,LMP_ENE_PRC,KELSO_2_N001,ALL,1,126.90499,1,103
2022-09-04T06:00:00-00:00,2022-09-04T06:15:00-00:00,2022-09-03,24,KELSO_2_N001,KELSO_2_N001,KELSO_2_N001,RTPD,MCE,LMP_ENE_PRC,KELSO_2_N001,ALL,1,104.78344,1,103
2022-09-03T07:15:00-00:00,2022-09-03T07:30:00-00:00,2022-09-03,01,KELSO_2_N001,KELSO_2_N001,KELSO_2_N001,RTPD,MCE,LMP_ENE_PRC,KELSO_2_N001,ALL,1,92.27523,2,103
2022-09-03T08:15:00-00:00,2022-09-03T08:30:00-00:00,2022-09-03,02,KELSO_2_N001,KELSO_2_N001,KELSO_2_N001,RTPD,MCE,LMP_ENE_PRC,KELSO_2_N001,ALL,1,86.08077,2,103
2022-09-03T09:15:00-00:00,2022-09-03T09:30:00-00:00,2022-09-03,03,KELSO_2_N001,KELSO_2_N001,KELSO_2_N001,RTPD,MCE,LMP_ENE_PRC,KELSO_2_N001,ALL,1,81.52448,2,103
2022-09-03T10:15:00-00:00,2022-09-03T10:30:00-00:00,2022-09-03,04,KELSO_2_N001,KELSO_2_N001,KELSO_2_N001,RTPD,MCE,LMP_ENE_PRC,KELSO_2_N001,ALL,1,76.07778,2,103
2022-09-03T11:15:00-00:00,2022-09-03T11:30:00-00:00,2022-09-03,05,KELSO_2_N001,KELSO_2_N001,KELSO_2_N001,RTPD,MCE,LMP_ENE_PRC,KELSO_2_N001,ALL,1,70.31505,2,103
2022-09-03T12:15:00-00:00,2022-09-03T12:30:00-00:00,2022-09-03,06,KELSO_2_N001,KELSO_2_N001,KELSO_2_N001,RTPD,MCE,LMP_ENE_PRC,KELSO_2_N001,ALL,1,70.02316,2,103
2022-09-03T13:15:00-00:00,2022-09-03T13:30:00-00:00,2022-09-03,07,KELSO_2_N001,KELSO_2_N001,KELSO_2_N001,RTPD,MCE,LMP_ENE_PRC,KELSO_2_N001,ALL,1,58.94546,2,103
2022-09-03T14:15:00-00:00,2022-09-03T14:30:00-00:00,2022-09-03,08,KELSO_2_N001,KELSO_2_N001,KELSO_2_N001,RTPD,MCE,LMP_ENE_PRC,KELSO_2_N001,ALL,1,36.88333,2,103
2022-09-03T15:15:00-00:00,2022-09-03T15:30:00-00:00,2022-09-03,09,KELSO_2_N001,KELSO_2_N001,KELSO_2_N001,RTPD,MCE,LMP_ENE_PRC,KELSO_2_N001,ALL,1,25.63309,2,103
2022-09-03T16:15:00-00:00,2022-09-03T16:30:00-00:00,2022-09-03,10,KELSO_2_N001,KELSO_2_N001,KELSO_2_N001,RTPD,MCE,LMP_ENE_PRC,KELSO_2_N001,ALL,1,28.35578,2,103
2022-09-03T17:15:00-00:00,2022-09-03T17:30:00-00:00,2022-09-03,11,KELSO_2_N001,KELSO_2_N001,KELSO_2_N001,RTPD,MCE,LMP_ENE_PRC,KELSO_2_N001,ALL,1,62.78814,2,103
2022-09-03T18:15:00-00:00,2022-09-03T18:30:00-00:00,2022-09-03,12,KELSO_2_N001,KELSO_2_N001,KELSO_2_N001,RTPD,MCE,LMP_ENE_PRC,KELSO_2_N001,ALL,1,69.64405,2,103
2022-09-03T19:15:00-00:00,2022-09-03T19:30:00-00:00,2022-09-03,13,KELSO_2_N001,KELSO_2_N001,KELSO_2_N001,RTPD,MCE,LMP_ENE_PRC,KELSO_2_N001,ALL,1,55.44478,2,103
2022-09-03T20:15:00-00:00,2022-09-03T20:30:00-00:00,2022-09-03,14,KELSO_2_N001,KELSO_2_N001,KELSO_2_N001,RTPD,MCE,LMP_ENE_PRC,KELSO_2_N001,ALL,1,61.55304,2,103
2022-09-03T21:15:00-00:00,2022-09-03T21:30:00-00:00,2022-09-03,15,KELSO_2_N001,KELSO_2_N001,KELSO_2_N001,RTPD,MCE,LMP_ENE_PRC,KELSO_2_N001,ALL,1,53.762,2,103
2022-09-03T22:15:00-00:00,2022-09-03T22:30:00-00:00,2022-09-03,16,KELSO_2_N001,KELSO_2_N001,KELSO_2_N001,RTPD,MCE,LMP_ENE_PRC,KELSO_2_N001,ALL,1,70.72961,2,103
2022-09-03T23:15:00-00:00,2022-09-03T23:30:00-00:00,2022-09-03,17,KELSO_2_N001,KELSO_2_N001,KELSO_2_N001,RTPD,MCE,LMP_ENE_PRC,KELSO_2_N001,ALL,1,86.75099,2,103
2022-09-04T00:15:00-00:00,2022-09-04T00:30:00-00:00,2022-09-03,18,KELSO_2_N001,KELSO_2_N001,KELSO_2_N001,RTPD,MCE,LMP_ENE_PRC,KELSO_2_N001,ALL,1,102.50471,2,103
2022-09-04T01:15:00-00:00,2022-09-04T01:30:00-00:00,2022-09-03,19,KELSO_2_N001,KELSO_2_N001,KELSO_2_N001,RTPD,MCE,LMP_ENE_PRC,KELSO_2_N001,ALL,1,212.54434,2,103
2022-09-04T02:15:00-00:00,2022-09-04T02:30:00-00:00,2022-09-03,20,KELSO_2_N001,KELSO_2_N001,KELSO_2_N001,RTPD,MCE,LMP_ENE_PRC,KELSO_2_N001,ALL,1,130.70084,2,103
2022-09-04T03:15:00-00:00,2022-09-04T03:30:00-00:00,2022-09-03,21,KELSO_2_N001,KELSO_2_N001,KELSO_2_N001,RTPD,MCE,LMP_ENE_PRC,KELSO_2_N001,ALL,1,95.34308,2,103
2022-09-04T04:15:00-00:00,2022-09-04T04:30:00-00:00,2022-09-03,22,KELSO_2_N001,KELSO_2_N001,KELSO_2_N001,RTPD,MCE,LMP_ENE_PRC,KELSO_2_N001,ALL,1,109.32287,2,103
2022-09-04T05:15:00-00:00,2022-09-04T05:30:00-00:00,2022-09-03,23,KELSO_2_N001,KELSO_2_N001,KELSO_2_N001,RTPD,MCE,LMP_ENE_PRC,KELSO_2_N001,ALL,1,116.98954,2,103
2022-09-04T06:15:00-00:00,2022-09-04T06:30:00-00:00,2022-09-03,24,KELSO_2_N001,KELSO_2_N001,KELSO_2_N001,RTPD,MCE,LMP_ENE_PRC,KELSO_2_N001,ALL,1,96.51392,2,103
2022-09-03T07:30:00-00:00,2022-09-03T07:45:00-00:00,2022-09-03,01,KELSO_2_N001,KELSO_2_N001,KELSO_2_N001,RTPD,MCE,LMP_ENE_PRC,KELSO_2_N001,ALL,1,89.3035,3,103
2022-09-03T08:30:00-00:00,2022-09-03T08:45:00-00:00,2022-09-03,02,KELSO_2_N001,KELSO_2_N001,KELSO_2_N001,RTPD,MCE,LMP_ENE_PRC,KELSO_2_N001,ALL,1,84.37487,3,103
2022-09-03T09:30:00-00:00,2022-09-03T09:45:00-00:00,2022-09-03,03,KELSO_2_N001,KELSO_2_N001,KELSO_2_N001,RTPD,MCE,LMP_ENE_PRC,KELSO_2_N001,ALL,1,78.67165,3,103
2022-09-03T10:30:00-00:00,2022-09-03T10:45:00-00:00,2022-09-03,04,KELSO_2_N001,KELSO_2_N001,KELSO_2_N001,RTPD,MCE,LMP_ENE_PRC,KELSO_2_N001,ALL,1,74.63704,3,103
2022-09-03T11:30:00-00:00,2022-09-03T11:45:00-00:00,2022-09-03,05,KELSO_2_N001,KELSO_2_N001,KELSO_2_N001,RTPD,MCE,LMP_ENE_PRC,KELSO_2_N001,ALL,1,72.79705,3,103
2022-09-03T12:30:00-00:00,2022-09-03T12:45:00-00:00,2022-09-03,06,KELSO_2_N001,KELSO_2_N001,KELSO_2_N001,RTPD,MCE,LMP_ENE_PRC,KELSO_2_N001,ALL,1,71.64459,3,103
2022-09-03T13:30:00-00:00,2022-09-03T13:45:00-00:00,2022-09-03,07,KELSO_2_N001,KELSO_2_N001,KELSO_2_N001,RTPD,MCE,LMP_ENE_PRC,KELSO_2_N001,ALL,1,58.60193,3,103
2022-09-03T14:30:00-00:00,2022-09-03T14:45:00-00:00,2022-09-03,08,KELSO_2_N001,KELSO_2_N001,KELSO_2_N001,RTPD,MCE,LMP_ENE_PRC,KELSO_2_N001,ALL,1,35.09087,3,103
2022-09-03T15:30:00-00:00,2022-09-03T15:45:00-00:00,2022-09-03,09,KELSO_2_N001,KELSO_2_N001,KELSO_2_N001,RTPD,MCE,LMP_ENE_PRC,KELSO_2_N001,ALL,1,24.86074,3,103
2022-09-03T16:30:00-00:00,2022-09-03T16:45:00-00:00,2022-09-03,10,KELSO_2_N001,KELSO_2_N001,KELSO_2_N001,RTPD,MCE,LMP_ENE_PRC,KELSO_2_N001,ALL,1,27.53581,3,103
2022-09-03T17:30:00-00:00,2022-09-03T17:45:00-00:00,2022-09-03,11,KELSO_2_N001,KELSO_2_N001,KELSO_2_N001,RTPD,MCE,LMP_ENE_PRC,KELSO_2_N001,ALL,1,63.76433,3,103
2022-09-03T18:30:00-00:00,2022-09-03T18:45:00-00:00,2022-09-03,12,KELSO_2_N001,KELSO_2_N001,KELSO_2_N001,RTPD,MCE,LMP_ENE_PRC,KELSO_2_N001,ALL,1,73.72509,3,103
2022-09-03T19:30:00-00:00,2022-09-03T19:45:00-00:00,2022-09-03,13,KELSO_2_N001,KELSO_2_N001,KELSO_2_N001,RTPD,MCE,LMP_ENE_PRC,KELSO_2_N001,ALL,1,70.11451,3,103
2022-09-03T20:30:00-00:00,2022-09-03T20:45:00-00:00,2022-09-03,14,KELSO_2_N001,KELSO_2_N001,KELSO_2_N001,RTPD,MCE,LMP_ENE_PRC,KELSO_2_N001,ALL,1,64.79179,3,103
2022-09-03T21:30:00-00:00,2022-09-03T21:45:00-00:00,2022-09-03,15,KELSO_2_N001,KELSO_2_N001,KELSO_2_N001,RTPD,MCE,LMP_ENE_PRC,KELSO_2_N001,ALL,1,59.9647,3,103
2022-09-03T22:30:00-00:00,2022-09-03T22:45:00-00:00,2022-09-03,16,KELSO_2_N001,KELSO_2_N001,KELSO_2_N001,RTPD,MCE,LMP_ENE_PRC,KELSO_2_N001,ALL,1,91.4901,3,103
2022-09-03T23:30:00-00:00,2022-09-03T23:45:00-00:00,2022-09-03,17,KELSO_2_N001,KELSO_2_N001,KELSO_2_N001,RTPD,MCE,LMP_ENE_PRC,KELSO_2_N001,ALL,1,93.43303,3,103
2022-09-04T00:30:00-00:00,2022-09-04T00:45:00-00:00,2022-09-03,18,KELSO_2_N001,KELSO_2_N001,KELSO_2_N001,RTPD,MCE,LMP_ENE_PRC,KELSO_2_N001,ALL,1,123.47544,3,103
2022-09-04T01:30:00-00:00,2022-09-04T01:45:00-00:00,2022-09-03,19,KELSO_2_N001,KELSO_2_N001,KELSO_2_N001,RTPD,MCE,LMP_ENE_PRC,KELSO_2_N001,ALL,1,393.41373,3,103
2022-09-04T02:30:00-00:00,2022-09-04T02:45:00-00:00,2022-09-03,20,KELSO_2_N001,KELSO_2_N001,KELSO_2_N001,RTPD,MCE,LMP_ENE_PRC,KELSO_2_N001,ALL,1,116.43634,3,103
2022-09-04T03:30:00-00:00,2022-09-04T03:45:00-00:00,2022-09-03,21,KELSO_2_N001,KELSO_2_N001,KELSO_2_N001,RTPD,MCE,LMP_ENE_PRC,KELSO_2_N001,ALL,1,91.11213,3,103
2022-09-04T04:30:00-00:00,2022-09-04T04:45:00-00:00,2022-09-03,22,KELSO_2_N001,KELSO_2_N001,KELSO_2_N001,RTPD,MCE,LMP_ENE_PRC,KELSO_2_N001,ALL,1,99.5048,3,103
2022-09-04T05:30:00-00:00,2022-09-04T05:45:00-00:00,2022-09-03,23,KELSO_2_N001,KELSO_2_N001,KELSO_2_N001,RTPD,MCE,LMP_ENE_PRC,KELSO_2_N001,ALL,1,112.62845,3,103
2022-09-04T06:30:00-00:00,2022-09-04T06:45:00-00:00,2022-09-03,24,KELSO_2_N001,KELSO_2_N001,KELSO_2_N001,RTPD,MCE,LMP_ENE_PRC,KELSO_2_N001,ALL,1,93.24175,3,103
2022-09-03T07:45:00-00:00,2022-09-03T08:00:00-00:00,2022-09-03,01,KELSO_2_N001,KELSO_2_N001,KELSO_2_N001,RTPD,MCE,LMP_ENE_PRC,KELSO_2_N001,ALL,1,83.53218,4,103
2022-09-03T08:45:00-00:00,2022-09-03T09:00:00-00:00,2022-09-03,02,KELSO_2_N001,KELSO_2_N001,KELSO_2_N001,RTPD,MCE,LMP_ENE_PRC,KELSO_2_N001,ALL,1,82.09146,4,103
2022-09-03T09:45:00-00:00,2022-09-03T10:00:00-00:00,2022-09-03,03,KELSO_2_N001,KELSO_2_N001,KELSO_2_N001,RTPD,MCE,LMP_ENE_PRC,KELSO_2_N001,ALL,1,74.61678,4,103
2022-09-03T10:45:00-00:00,2022-09-03T11:00:00-00:00,2022-09-03,04,KELSO_2_N001,KELSO_2_N001,KELSO_2_N001,RTPD,MCE,LMP_ENE_PRC,KELSO_2_N001,ALL,1,78.59346,4,103
2022-09-03T11:45:00-00:00,2022-09-03T12:00:00-00:00,2022-09-03,05,KELSO_2_N001,KELSO_2_N001,KELSO_2_N001,RTPD,MCE,LMP_ENE_PRC,KELSO_2_N001,ALL,1,69.7597,4,103
2022-09-03T12:45:00-00:00,2022-09-03T13:00:00-00:00,2022-09-03,06,KELSO_2_N001,KELSO_2_N001,KELSO_2_N001,RTPD,MCE,LMP_ENE_PRC,KELSO_2_N001,ALL,1,67.86831,4,103
2022-09-03T13:45:00-00:00,2022-09-03T14:00:00-00:00,2022-09-03,07,KELSO_2_N001,KELSO_2_N001,KELSO_2_N001,RTPD,MCE,LMP_ENE_PRC,KELSO_2_N001,ALL,1,46.5703,4,103
2022-09-03T14:45:00-00:00,2022-09-03T15:00:00-00:00,2022-09-03,08,KELSO_2_N001,KELSO_2_N001,KELSO_2_N001,RTPD,MCE,LMP_ENE_PRC,KELSO_2_N001,ALL,1,21.24877,4,103
2022-09-03T15:45:00-00:00,2022-09-03T16:00:00-00:00,2022-09-03,09,KELSO_2_N001,KELSO_2_N001,KELSO_2_N001,RTPD,MCE,LMP_ENE_PRC,KELSO_2_N001,ALL,1,23.18314,4,103
2022-09-03T16:45:00-00:00,2022-09-03T17:00:00-00:00,2022-09-03,10,KELSO_2_N001,KELSO_2_N001,KELSO_2_N001,RTPD,MCE,LMP_ENE_PRC,KELSO_2_N001,ALL,1,46.59203,4,103
2022-09-03T17:45:00-00:00,2022-09-03T18:00:00-00:00,2022-09-03,11,KELSO_2_N001,KELSO_2_N001,KELSO_2_N001,RTPD,MCE,LMP_ENE_PRC,KELSO_2_N001,ALL,1,70.00191,4,103
2022-09-03T18:45:00-00:00,2022-09-03T19:00:00-00:00,2022-09-03,12,KELSO_2_N001,KELSO_2_N001,KELSO_2_N001,RTPD,MCE,LMP_ENE_PRC,KELSO_2_N001,ALL,1,73.13248,4,103
2022-09-03T19:45:00-00:00,2022-09-03T20:00:00-00:00,2022-09-03,13,KELSO_2_N001,KELSO_2_N001,KELSO_2_N001,RTPD,MCE,LMP_ENE_PRC,KELSO_2_N001,ALL,1,73.69349,4,103
2022-09-03T20:45:00-00:00,2022-09-03T21:00:00-00:00,2022-09-03,14,KELSO_2_N001,KELSO_2_N001,KELSO_2_N001,RTPD,MCE,LMP_ENE_PRC,KELSO_2_N001,ALL,1,63.90304,4,103
2022-09-03T21:45:00-00:00,2022-09-03T22:00:00-00:00,2022-09-03,15,KELSO_2_N001,KELSO_2_N001,KELSO_2_N001,RTPD,MCE,LMP_ENE_PRC,KELSO_2_N001,ALL,1,66.4579,4,103
2022-09-03T22:45:00-00:00,2022-09-03T23:00:00-00:00,2022-09-03,16,KELSO_2_N001,KELSO_2_N001,KELSO_2_N001,RTPD,MCE,LMP_ENE_PRC,KELSO_2_N001,ALL,1,118.26591,4,103
2022-09-03T23:45:00-00:00,2022-09-04T00:00:00-00:00,2022-09-03,17,KELSO_2_N001,KELSO_2_N001,KELSO_2_N001,RTPD,MCE,LMP_ENE_PRC,KELSO_2_N001,ALL,1,116.80928,4,103
2022-09-04T00:45:00-00:00,2022-09-04T01:00:00-00:00,2022-09-03,18,KELSO_2_N001,KELSO_2_N001,KELSO_2_N001,RTPD,MCE,LMP_ENE_PRC,KELSO_2_N001,ALL,1,258.08282,4,103
2022-09-04T01:45:00-00:00,2022-09-04T02:00:00-00:00,2022-09-03,19,KELSO_2_N001,KELSO_2_N001,KELSO_2_N001,RTPD,MCE,LMP_ENE_PRC,KELSO_2_N001,ALL,1,349.2899,4,103
2022-09-04T02:45:00-00:00,2022-09-04T03:00:00-00:00,2022-09-03,20,KELSO_2_N001,KELSO_2_N001,KELSO_2_N001,RTPD,MCE,LMP_ENE_PRC,KELSO_2_N001,ALL,1,126.7922,4,103
2022-09-04T03:45:00-00:00,2022-09-04T04:00:00-00:00,2022-09-03,21,KELSO_2_N001,KELSO_2_N001,KELSO_2_N001,RTPD,MCE,LMP_ENE_PRC,KELSO_2_N001,ALL,1,83.08399,4,103
2022-09-04T04:45:00-00:00,2022-09-04T05:00:00-00:00,2022-09-03,22,KELSO_2_N001,KELSO_2_N001,KELSO_2_N001,RTPD,MCE,LMP_ENE_PRC,KELSO_2_N001,ALL,1,92.33352,4,103
2022-09-04T05:45:00-00:00,2022-09-04T06:00:00-00:00,2022-09-03,23,KELSO_2_N001,KELSO_2_N001,KELSO_2_N001,RTPD,MCE,LMP_ENE_PRC,KELSO_2_N001,ALL,1,99.18602,4,103
2022-09-04T06:45:00-00:00,2022-09-04T07:00:00-00:00,2022-09-03,24,KELSO_2_N001,KELSO_2_N001,KELSO_2_N001,RTPD,MCE,LMP_ENE_PRC,KELSO_2_N001,ALL,1,85.94384,4,103
2022-09-03T07:00:00-00:00,2022-09-03T07:15:00-00:00,2022-09-03,01,KELSO_2_N001,KELSO_2_N001,KELSO_2_N001,RTPD,MCL,LMP_LOSS_PRC,KELSO_2_N001,ALL,1,-0.11426,1,104
2022-09-03T08:00:00-00:00,2022-09-03T08:15:00-00:00,2022-09-03,02,KELSO_2_N001,KELSO_2_N001,KELSO_2_N001,RTPD,MCL,LMP_LOSS_PRC,KELSO_2_N001,ALL,1,0,1,104
2022-09-03T09:00:00-00:00,2022-09-03T09:15:00-00:00,2022-09-03,03,KELSO_2_N001,KELSO_2_N001,KELSO_2_N001,RTPD,MCL,LMP_LOSS_PRC,KELSO_2_N001,ALL,1,0,1,104
2022-09-03T10:00:00-00:00,2022-09-03T10:15:00-00:00,2022-09-03,04,KELSO_2_N001,KELSO_2_N001,KELSO_2_N001,RTPD,MCL,LMP_LOSS_PRC,KELSO_2_N001,ALL,1,0,1,104
2022-09-03T11:00:00-00:00,2022-09-03T11:15:00-00:00,2022-09-03,05,KELSO_2_N001,KELSO_2_N001,KELSO_2_N001,RTPD,MCL,LMP_LOSS_PRC,KELSO_2_N001,ALL,1,0,1,104
2022-09-03T12:00:00-00:00,2022-09-03T12:15:00-00:00,2022-09-03,06,KELSO_2_N001,KELSO_2_N001,KELSO_2_N001,RTPD,MCL,LMP_LOSS_PRC,KELSO_2_N001,ALL,1,0,1,104
2022-09-03T13:00:00-00:00,2022-09-03T13:15:00-00:00,2022-09-03,07,KELSO_2_N001,KELSO_2_N001,KELSO_2_N001,RTPD,MCL,LMP_LOSS_PRC,KELSO_2_N001,ALL,1,0,1,104
2022-09-03T14:00:00-00:00,2022-09-03T14:15:00-00:00,2022-09-03,08,KELSO_2_N001,KELSO_2_N001,KELSO_2_N001,RTPD,MCL,LMP_LOSS_PRC,KELSO_2_N001,ALL,1,0,1,104
2022-09-03T15:00:00-00:00,2022-09-03T15:15:00-00:00,2022-09-03,09,KELSO_2_N001,KELSO_2_N001,KELSO_2_N001,RTPD,MCL,LMP_LOSS_PRC,KELSO_2_N001,ALL,1,0.87744,1,104
2022-09-03T16:00:00-00:00,2022-09-03T16:15:00-00:00,2022-09-03,10,KELSO_2_N001,KELSO_2_N001,KELSO_2_N001,RTPD,MCL,LMP_LOSS_PRC,KELSO_2_N001,ALL,1,0.78607,1,104
2022-09-03T17:00:00-00:00,2022-09-03T17:15:00-00:00,2022-09-03,11,KELSO_2_N001,KELSO_2_N001,KELSO_2_N001,RTPD,MCL,LMP_LOSS_PRC,KELSO_2_N001,ALL,1,1.0567,1,104
2022-09-03T18:00:00-00:00,2022-09-03T18:15:00-00:00,2022-09-03,12,KELSO_2_N001,KELSO_2_N001,KELSO_2_N001,RTPD,MCL,LMP_LOSS_PRC,KELSO_2_N001,ALL,1,0.97949,1,104
2022-09-03T19:00:00-00:00,2022-09-03T19:15:00-00:00,2022-09-03,13,KELSO_2_N001,KELSO_2_N001,KELSO_2_N001,RTPD,MCL,LMP_LOSS_PRC,KELSO_2_N001,ALL,1,0.55252,1,104
2022-09-03T20:00:00-00:00,2022-09-03T20:15:00-00:00,2022-09-03,14,KELSO_2_N001,KELSO_2_N001,KELSO_2_N001,RTPD,MCL,LMP_LOSS_PRC,KELSO_2_N001,ALL,1,0.68796,1,104
2022-09-03T21:00:00-00:00,2022-09-03T21:15:00-00:00,2022-09-03,15,KELSO_2_N001,KELSO_2_N001,KELSO_2_N001,RTPD,MCL,LMP_LOSS_PRC,KELSO_2_N001,ALL,1,0.46646,1,104
2022-09-03T22:00:00-00:00,2022-09-03T22:15:00-00:00,2022-09-03,16,KELSO_2_N001,KELSO_2_N001,KELSO_2_N001,RTPD,MCL,LMP_LOSS_PRC,KELSO_2_N001,ALL,1,0.20458,1,104
2022-09-03T23:00:00-00:00,2022-09-03T23:15:00-00:00,2022-09-03,17,KELSO_2_N001,KELSO_2_N001,KELSO_2_N001,RTPD,MCL,LMP_LOSS_PRC,KELSO_2_N001,ALL,1,1.17877,1,104
2022-09-04T00:00:00-00:00,2022-09-04T00:15:00-00:00,2022-09-03,18,KELSO_2_N001,KELSO_2_N001,KELSO_2_N001,RTPD,MCL,LMP_LOSS_PRC,KELSO_2_N001,ALL,1,1.00416,1,104
2022-09-04T01:00:00-00:00,2022-09-04T01:15:00-00:00,2022-09-03,19,KELSO_2_N001,KELSO_2_N001,KELSO_2_N001,RTPD,MCL,LMP_LOSS_PRC,KELSO_2_N001,ALL,1,1.01793,1,104
2022-09-04T02:00:00-00:00,2022-09-04T02:15:00-00:00,2022-09-03,20,KELSO_2_N001,KELSO_2_N001,KELSO_2_N001,RTPD,MCL,LMP_LOSS_PRC,KELSO_2_N001,ALL,1,0.57527,1,104
2022-09-04T03:00:00-00:00,2022-09-04T03:15:00-00:00,2022-09-03,21,KELSO_2_N001,KELSO_2_N001,KELSO_2_N001,RTPD,MCL,LMP_LOSS_PRC,KELSO_2_N001,ALL,1,0.45642,1,104
2022-09-04T04:00:00-00:00,2022-09-04T04:15:00-00:00,2022-09-03,22,KELSO_2_N001,KELSO_2_N001,KELSO_2_N001,RTPD,MCL,LMP_LOSS_PRC,KELSO_2_N001,ALL,1,1.19646,1,104
2022-09-04T05:00:00-00:00,2022-09-04T05:15:00-00:00,2022-09-03,23,KELSO_2_N001,KELSO_2_N001,KELSO_2_N001,RTPD,MCL,LMP_LOSS_PRC,KELSO_2_N001,ALL,1,2.36043,1,104
2022-09-04T06:00:00-00:00,2022-09-04T06:15:00-00:00,2022-09-03,24,KELSO_2_N001,KELSO_2_N001,KELSO_2_N001,RTPD,MCL,LMP_LOSS_PRC,KELSO_2_N001,ALL,1,1.82323,1,104
2022-09-03T07:15:00-00:00,2022-09-03T07:30:00-00:00,2022-09-03,01,KELSO_2_N001,KELSO_2_N001,KELSO_2_N001,RTPD,MCL,LMP_LOSS_PRC,KELSO_2_N001,ALL,1,0.19378,2,104
2022-09-03T08:15:00-00:00,2022-09-03T08:30:00-00:00,2022-09-03,02,KELSO_2_N001,KELSO_2_N001,KELSO_2_N001,RTPD,MCL,LMP_LOSS_PRC,KELSO_2_N001,ALL,1,0,2,104
2022-09-03T09:15:00-00:00,2022-09-03T09:30:00-00:00,2022-09-03,03,KELSO_2_N001,KELSO_2_N001,KELSO_2_N001,RTPD,MCL,LMP_LOSS_PRC,KELSO_2_N001,ALL,1,0,2,104
2022-09-03T10:15:00-00:00,2022-09-03T10:30:00-00:00,2022-09-03,04,KELSO_2_N001,KELSO_2_N001,KELSO_2_N001,RTPD,MCL,LMP_LOSS_PRC,KELSO_2_N001,ALL,1,0,2,104
2022-09-03T11:15:00-00:00,2022-09-03T11:30:00-00:00,2022-09-03,05,KELSO_2_N001,KELSO_2_N001,KELSO_2_N001,RTPD,MCL,LMP_LOSS_PRC,KELSO_2_N001,ALL,1,0,2,104
2022-09-03T12:15:00-00:00,2022-09-03T12:30:00-00:00,2022-09-03,06,KELSO_2_N001,KELSO_2_N001,KELSO_2_N001,RTPD,MCL,LMP_LOSS_PRC,KELSO_2_N001,ALL,1,0,2,104
2022-09-03T13:15:00-00:00,2022-09-03T13:30:00-00:00,2022-09-03,07,KELSO_2_N001,KELSO_2_N001,KELSO_2_N001,RTPD,MCL,LMP_LOSS_PRC,KELSO_2_N001,ALL,1,0,2,104
2022-09-03T14:15:00-00:00,2022-09-03T14:30:00-00:00,2022-09-03,08,KELSO_2_N001,KELSO_2_N001,KELSO_2_N001,RTPD,MCL,LMP_LOSS_PRC,KELSO_2_N001,ALL,1,0,2,104
2022-09-03T15:15:00-00:00,2022-09-03T15:30:00-00:00,2022-09-03,09,KELSO_2_N001,KELSO_2_N001,KELSO_2_N001,RTPD,MCL,LMP_LOSS_PRC,KELSO_2_N001,ALL,1,0.79719,2,104
2022-09-03T16:15:00-00:00,2022-09-03T16:30:00-00:00,2022-09-03,10,KELSO_2_N001,KELSO_2_N001,KELSO_2_N001,RTPD,MCL,LMP_LOSS_PRC,KELSO_2_N001,ALL,1,0.64084,2,104
2022-09-03T17:15:00-00:00,2022-09-03T17:30:00-00:00,2022-09-03,11,KELSO_2_N001,KELSO_2_N001,KELSO_2_N001,RTPD,MCL,LMP_LOSS_PRC,KELSO_2_N001,ALL,1,1.37506,2,104
2022-09-03T18:15:00-00:00,2022-09-03T18:30:00-00:00,2022-09-03,12,KELSO_2_N001,KELSO_2_N001,KELSO_2_N001,RTPD,MCL,LMP_LOSS_PRC,KELSO_2_N001,ALL,1,0.83573,2,104
2022-09-03T19:15:00-00:00,2022-09-03T19:30:00-00:00,2022-09-03,13,KELSO_2_N001,KELSO_2_N001,KELSO_2_N001,RTPD,MCL,LMP_LOSS_PRC,KELSO_2_N001,ALL,1,0.62653,2,104
2022-09-03T20:15:00-00:00,2022-09-03T20:30:00-00:00,2022-09-03,14,KELSO_2_N001,KELSO_2_N001,KELSO_2_N001,RTPD,MCL,LMP_LOSS_PRC,KELSO_2_N001,ALL,1,0.4678,2,104
2022-09-03T21:15:00-00:00,2022-09-03T21:30:00-00:00,2022-09-03,15,KELSO_2_N001,KELSO_2_N001,KELSO_2_N001,RTPD,MCL,LMP_LOSS_PRC,KELSO_2_N001,ALL,1,0.32257,2,104
2022-09-03T22:15:00-00:00,2022-09-03T22:30:00-00:00,2022-09-03,16,KELSO_2_N001,KELSO_2_N001,KELSO_2_N001,RTPD,MCL,LMP_LOSS_PRC,KELSO_2_N001,ALL,1,0.48096,2,104
2022-09-03T23:15:00-00:00,2022-09-03T23:30:00-00:00,2022-09-03,17,KELSO_2_N001,KELSO_2_N001,KELSO_2_N001,RTPD,MCL,LMP_LOSS_PRC,KELSO_2_N001,ALL,1,1.30126,2,104
2022-09-04T00:15:00-00:00,2022-09-04T00:30:00-00:00,2022-09-03,18,KELSO_2_N001,KELSO_2_N001,KELSO_2_N001,RTPD,MCL,LMP_LOSS_PRC,KELSO_2_N001,ALL,1,-0.61503,2,104
2022-09-04T01:15:00-00:00,2022-09-04T01:30:00-00:00,2022-09-03,19,KELSO_2_N001,KELSO_2_N001,KELSO_2_N001,RTPD,MCL,LMP_LOSS_PRC,KELSO_2_N001,ALL,1,-1.19025,2,104
2022-09-04T02:15:00-00:00,2022-09-04T02:30:00-00:00,2022-09-03,20,KELSO_2_N001,KELSO_2_N001,KELSO_2_N001,RTPD,MCL,LMP_LOSS_PRC,KELSO_2_N001,ALL,1,0.81035,2,104
2022-09-04T03:15:00-00:00,2022-09-04T03:30:00-00:00,2022-09-03,21,KELSO_2_N001,KELSO_2_N001,KELSO_2_N001,RTPD,MCL,LMP_LOSS_PRC,KELSO_2_N001,ALL,1,0.43858,2,104
2022-09-04T04:15:00-00:00,2022-09-04T04:30:00-00:00,2022-09-03,22,KELSO_2_N001,KELSO_2_N001,KELSO_2_N001,RTPD,MCL,LMP_LOSS_PRC,KELSO_2_N001,ALL,1,1.22442,2,104
2022-09-04T05:15:00-00:00,2022-09-04T05:30:00-00:00,2022-09-03,23,KELSO_2_N001,KELSO_2_N001,KELSO_2_N001,RTPD,MCL,LMP_LOSS_PRC,KELSO_2_N001,ALL,1,2.05902,2,104
2022-09-04T06:15:00-00:00,2022-09-04T06:30:00-00:00,2022-09-03,24,KELSO_2_N001,KELSO_2_N001,KELSO_2_N001,RTPD,MCL,LMP_LOSS_PRC,KELSO_2_N001,ALL,1,1.7469,2,104
2022-09-03T07:30:00-00:00,2022-09-03T07:45:00-00:00,2022-09-03,01,KELSO_2_N001,KELSO_2_N001,KELSO_2_N001,RTPD,MCL,LMP_LOSS_PRC,KELSO_2_N001,ALL,1,-0.01786,3,104
2022-09-03T08:30:00-00:00,2022-09-03T08:45:00-00:00,2022-09-03,02,KELSO_2_N001,KELSO_2_N001,KELSO_2_N001,RTPD,MCL,LMP_LOSS_PRC,KELSO_2_N001,ALL,1,0,3,104
2022-09-03T09:30:00-00:00,2022-09-03T09:45:00-00:00,2022-09-03,03,KELSO_2_N001,KELSO_2_N001,KELSO_2_N001,RTPD,MCL,LMP_LOSS_PRC,KELSO_2_N001,ALL,1,0,3,104
2022-09-03T10:30:00-00:00,2022-09-03T10:45:00-00:00,2022-09-03,04,KELSO_2_N001,KELSO_2_N001,KELSO_2_N001,RTPD,MCL,LMP_LOSS_PRC,KELSO_2_N001,ALL,1,0,3,104
2022-09-03T11:30:00-00:00,2022-09-03T11:45:00-00:00,2022-09-03,05,KELSO_2_N001,KELSO_2_N001,KELSO_2_N001,RTPD,MCL,LMP_LOSS_PRC,KELSO_2_N001,ALL,1,0,3,104
2022-09-03T12:30:00-00:00,2022-09-03T12:45:00-00:00,2022-09-03,06,KELSO_2_N001,KELSO_2_N001,KELSO_2_N001,RTPD,MCL,LMP_LOSS_PRC,KELSO_2_N001,ALL,1,0,3,104
2022-09-03T13:30:00-00:00,2022-09-03T13:45:00-00:00,2022-09-03,07,KELSO_2_N001,KELSO_2_N001,KELSO_2_N001,RTPD,MCL,LMP_LOSS_PRC,KELSO_2_N001,ALL,1,0,3,104
2022-09-03T14:30:00-00:00,2022-09-03T14:45:00-00:00,2022-09-03,08,KELSO_2_N001,KELSO_2_N001,KELSO_2_N001,RTPD,MCL,LMP_LOSS_PRC,KELSO_2_N001,ALL,1,0,3,104
2022-09-03T15:30:00-00:00,2022-09-03T15:45:00-00:00,2022-09-03,09,KELSO_2_N001,KELSO_2_N001,KELSO_2_N001,RTPD,MCL,LMP_LOSS_PRC,KELSO_2_N001,ALL,1,0.66627,3,104
2022-09-03T16:30:00-00:00,2022-09-03T16:45:00-00:00,2022-09-03,10,KELSO_2_N001,KELSO_2_N001,KELSO_2_N001,RTPD,MCL,LMP_LOSS_PRC,KELSO_2_N001,ALL,1,0.58927,3,104
2022-09-03T17:30:00-00:00,2022-09-03T17:45:00-00:00,2022-09-03,11,KELSO_2_N001,KELSO_2_N001,KELSO_2_N001,RTPD,MCL,LMP_LOSS_PRC,KELSO_2_N001,ALL,1,1.30717,3,104
2022-09-03T18:30:00-00:00,2022-09-03T18:45:00-00:00,2022-09-03,12,KELSO_2_N001,KELSO_2_N001,KELSO_2_N001,RTPD,MCL,LMP_LOSS_PRC,KELSO_2_N001,ALL,1,0.85521,3,104
2022-09-03T19:30:00-00:00,2022-09-03T19:45:00-00:00,2022-09-03,13,KELSO_2_N001,KELSO_2_N001,KELSO_2_N001,RTPD,MCL,LMP_LOSS_PRC,KELSO_2_N001,ALL,1,0,3,104
2022-09-03T20:30:00-00:00,2022-09-03T20:45:00-00:00,2022-09-03,14,KELSO_2_N001,KELSO_2_N001,KELSO_2_N001,RTPD,MCL,LMP_LOSS_PRC,KELSO_2_N001,ALL,1,0.59608,3,104
2022-09-03T21:30:00-00:00,2022-09-03T21:45:00-00:00,2022-09-03,15,KELSO_2_N001,KELSO_2_N001,KELSO_2_N001,RTPD,MCL,LMP_LOSS_PRC,KELSO_2_N001,ALL,1,0.25185,3,104
2022-09-03T22:30:00-00:00,2022-09-03T22:45:00-00:00,2022-09-03,16,KELSO_2_N001,KELSO_2_N001,KELSO_2_N001,RTPD,MCL,LMP_LOSS_PRC,KELSO_2_N001,ALL,1,2.40619,3,104
2022-09-03T23:30:00-00:00,2022-09-03T23:45:00-00:00,2022-09-03,17,KELSO_2_N001,KELSO_2_N001,KELSO_2_N001,RTPD,MCL,LMP_LOSS_PRC,KELSO_2_N001,ALL,1,1.23332,3,104
2022-09-04T00:30:00-00:00,2022-09-04T00:45:00-00:00,2022-09-03,18,KELSO_2_N001,KELSO_2_N001,KELSO_2_N001,RTPD,MCL,LMP_LOSS_PRC,KELSO_2_N001,ALL,1,-0.11113,3,104
2022-09-04T01:30:00-00:00,2022-09-04T01:45:00-00:00,2022-09-03,19,KELSO_2_N001,KELSO_2_N001,KELSO_2_N001,RTPD,MCL,LMP_LOSS_PRC,KELSO_2_N001,ALL,1,-1.73102,3,104
2022-09-04T02:30:00-00:00,2022-09-04T02:45:00-00:00,2022-09-03,20,KELSO_2_N001,KELSO_2_N001,KELSO_2_N001,RTPD,MCL,LMP_LOSS_PRC,KELSO_2_N001,ALL,1,0.68697,3,104
2022-09-04T03:30:00-00:00,2022-09-04T03:45:00-00:00,2022-09-03,21,KELSO_2_N001,KELSO_2_N001,KELSO_2_N001,RTPD,MCL,LMP_LOSS_PRC,KELSO_2_N001,ALL,1,0.33711,3,104
2022-09-04T04:30:00-00:00,2022-09-04T04:45:00-00:00,2022-09-03,22,KELSO_2_N001,KELSO_2_N001,KELSO_2_N001,RTPD,MCL,LMP_LOSS_PRC,KELSO_2_N001,ALL,1,1.11445,3,104
2022-09-04T05:30:00-00:00,2022-09-04T05:45:00-00:00,2022-09-03,23,KELSO_2_N001,KELSO_2_N001,KELSO_2_N001,RTPD,MCL,LMP_LOSS_PRC,KELSO_2_N001,ALL,1,1.89216,3,104
2022-09-04T06:30:00-00:00,2022-09-04T06:45:00-00:00,2022-09-03,24,KELSO_2_N001,KELSO_2_N001,KELSO_2_N001,RTPD,MCL,LMP_LOSS_PRC,KELSO_2_N001,ALL,1,1.67835,3,104
2022-09-03T07:45:00-00:00,2022-09-03T08:00:00-00:00,2022-09-03,01,KELSO_2_N001,KELSO_2_N001,KELSO_2_N001,RTPD,MCL,LMP_LOSS_PRC,KELSO_2_N001,ALL,1,0,4,104
2022-09-03T08:45:00-00:00,2022-09-03T09:00:00-00:00,2022-09-03,02,KELSO_2_N001,KELSO_2_N001,KELSO_2_N001,RTPD,MCL,LMP_LOSS_PRC,KELSO_2_N001,ALL,1,0.66494,4,104
2022-09-03T09:45:00-00:00,2022-09-03T10:00:00-00:00,2022-09-03,03,KELSO_2_N001,KELSO_2_N001,KELSO_2_N001,RTPD,MCL,LMP_LOSS_PRC,KELSO_2_N001,ALL,1,0.68647,4,104
2022-09-03T10:45:00-00:00,2022-09-03T11:00:00-00:00,2022-09-03,04,KELSO_2_N001,KELSO_2_N001,KELSO_2_N001,RTPD,MCL,LMP_LOSS_PRC,KELSO_2_N001,ALL,1,0.77022,4,104
2022-09-03T11:45:00-00:00,2022-09-03T12:00:00-00:00,2022-09-03,05,KELSO_2_N001,KELSO_2_N001,KELSO_2_N001,RTPD,MCL,LMP_LOSS_PRC,KELSO_2_N001,ALL,1,0.59296,4,104
2022-09-03T12:45:00-00:00,2022-09-03T13:00:00-00:00,2022-09-03,06,KELSO_2_N001,KELSO_2_N001,KELSO_2_N001,RTPD,MCL,LMP_LOSS_PRC,KELSO_2_N001,ALL,1,0.53616,4,104
2022-09-03T13:45:00-00:00,2022-09-03T14:00:00-00:00,2022-09-03,07,KELSO_2_N001,KELSO_2_N001,KELSO_2_N001,RTPD,MCL,LMP_LOSS_PRC,KELSO_2_N001,ALL,1,0.73581,4,104
2022-09-03T14:45:00-00:00,2022-09-03T15:00:00-00:00,2022-09-03,08,KELSO_2_N001,KELSO_2_N001,KELSO_2_N001,RTPD,MCL,LMP_LOSS_PRC,KELSO_2_N001,ALL,1,0,4,104
2022-09-03T15:45:00-00:00,2022-09-03T16:00:00-00:00,2022-09-03,09,KELSO_2_N001,KELSO_2_N001,KELSO_2_N001,RTPD,MCL,LMP_LOSS_PRC,KELSO_2_N001,ALL,1,0.70709,4,104
2022-09-03T16:45:00-00:00,2022-09-03T17:00:00-00:00,2022-09-03,10,KELSO_2_N001,KELSO_2_N001,KELSO_2_N001,RTPD,MCL,LMP_LOSS_PRC,KELSO_2_N001,ALL,1,0.90854,4,104
2022-09-03T17:45:00-00:00,2022-09-03T18:00:00-00:00,2022-09-03,11,KELSO_2_N001,KELSO_2_N001,KELSO_2_N001,RTPD,MCL,LMP_LOSS_PRC,KELSO_2_N001,ALL,1,1.30204,4,104
2022-09-03T18:45:00-00:00,2022-09-03T19:00:00-00:00,2022-09-03,12,KELSO_2_N001,KELSO_2_N001,KELSO_2_N001,RTPD,MCL,LMP_LOSS_PRC,KELSO_2_N001,ALL,1,0,4,104
2022-09-03T19:45:00-00:00,2022-09-03T20:00:00-00:00,2022-09-03,13,KELSO_2_N001,KELSO_2_N001,KELSO_2_N001,RTPD,MCL,LMP_LOSS_PRC,KELSO_2_N001,ALL,1,0,4,104
2022-09-03T20:45:00-00:00,2022-09-03T21:00:00-00:00,2022-09-03,14,KELSO_2_N001,KELSO_2_N001,KELSO_2_N001,RTPD,MCL,LMP_LOSS_PRC,KELSO_2_N001,ALL,1,0.50483,4,104
2022-09-03T21:45:00-00:00,2022-09-03T22:00:00-00:00,2022-09-03,15,KELSO_2_N001,KELSO_2_N001,KELSO_2_N001,RTPD,MCL,LMP_LOSS_PRC,KELSO_2_N001,ALL,1,0.37216,4,104
2022-09-03T22:45:00-00:00,2022-09-03T23:00:00-00:00,2022-09-03,16,KELSO_2_N001,KELSO_2_N001,KELSO_2_N001,RTPD,MCL,LMP_LOSS_PRC,KELSO_2_N001,ALL,1,2.66098,4,104
2022-09-03T23:45:00-00:00,2022-09-04T00:00:00-00:00,2022-09-03,17,KELSO_2_N001,KELSO_2_N001,KELSO_2_N001,RTPD,MCL,LMP_LOSS_PRC,KELSO_2_N001,ALL,1,1.83391,4,104
2022-09-04T00:45:00-00:00,2022-09-04T01:00:00-00:00,2022-09-03,18,KELSO_2_N001,KELSO_2_N001,KELSO_2_N001,RTPD,MCL,LMP_LOSS_PRC,KELSO_2_N001,ALL,1,0,4,104
2022-09-04T01:45:00-00:00,2022-09-04T02:00:00-00:00,2022-09-03,19,KELSO_2_N001,KELSO_2_N001,KELSO_2_N001,RTPD,MCL,LMP_LOSS_PRC,KELSO_2_N001,ALL,1,-0.80337,4,104
2022-09-04T02:45:00-00:00,2022-09-04T03:00:00-00:00,2022-09-03,20,KELSO_2_N001,KELSO_2_N001,KELSO_2_N001,RTPD,MCL,LMP_LOSS_PRC,KELSO_2_N001,ALL,1,0.08875,4,104
2022-09-04T03:45:00-00:00,2022-09-04T04:00:00-00:00,2022-09-03,21,KELSO_2_N001,KELSO_2_N001,KELSO_2_N001,RTPD,MCL,LMP_LOSS_PRC,KELSO_2_N001,ALL,1,0.38219,4,104
2022-09-04T04:45:00-00:00,2022-09-04T05:00:00-00:00,2022-09-03,22,KELSO_2_N001,KELSO_2_N001,KELSO_2_N001,RTPD,MCL,LMP_LOSS_PRC,KELSO_2_N001,ALL,1,1.20957,4,104
2022-09-04T05:45:00-00:00,2022-09-04T06:00:00-00:00,2022-09-03,23,KELSO_2_N001,KELSO_2_N001,KELSO_2_N001,RTPD,MCL,LMP_LOSS_PRC,KELSO_2_N001,ALL,1,1.77543,4,104
2022-09-04T06:45:00-00:00,2022-09-04T07:00:00-00:00,2022-09-03,24,KELSO_2_N001,KELSO_2_N001,KELSO_2_N001,RTPD,MCL,LMP_LOSS_PRC,KELSO_2_N001,ALL,1,1.50402,4,104
2022-09-03T07:00:00-00:00,2022-09-03T07:15:00-00:00,2022-09-03,01,KELSO_2_N001,KELSO_2_N001,KELSO_2_N001,RTPD,MGHG,LMP_GHG_PRC,KELSO_2_N001,ALL,1,0,1,105
2022-09-03T08:00:00-00:00,2022-09-03T08:15:00-00:00,2022-09-03,02,KELSO_2_N001,KELSO_2_N001,KELSO_2_N001,RTPD,MGHG,LMP_GHG_PRC,KELSO_2_N001,ALL,1,0,1,105
2022-09-03T09:00:00-00:00,2022-09-03T09:15:00-00:00,2022-09-03,03,KELSO_2_N001,KELSO_2_N001,KELSO_2_N001,RTPD,MGHG,LMP_GHG_PRC,KELSO_2_N001,ALL,1,0,1,105
2022-09-03T10:00:00-00:00,2022-09-03T10:15:00-00:00,2022-09-03,04,KELSO_2_N001,KELSO_2_N001,KELSO_2_N001,RTPD,MGHG,LMP_GHG_PRC,KELSO_2_N001,ALL,1,0,1,105
2022-09-03T11:00:00-00:00,2022-09-03T11:15:00-00:00,2022-09-03,05,KELSO_2_N001,KELSO_2_N001,KELSO_2_N001,RTPD,MGHG,LMP_GHG_PRC,KELSO_2_N001,ALL,1,0,1,105
2022-09-03T12:00:00-00:00,2022-09-03T12:15:00-00:00,2022-09-03,06,KELSO_2_N001,KELSO_2_N001,KELSO_2_N001,RTPD,MGHG,LMP_GHG_PRC,KELSO_2_N001,ALL,1,0,1,105
2022-09-03T13:00:00-00:00,2022-09-03T13:15:00-00:00,2022-09-03,07,KELSO_2_N001,KELSO_2_N001,KELSO_2_N001,RTPD,MGHG,LMP_GHG_PRC,KELSO_2_N001,ALL,1,0,1,105
2022-09-03T14:00:00-00:00,2022-09-03T14:15:00-00:00,2022-09-03,08,KELSO_2_N001,KELSO_2_N001,KELSO_2_N001,RTPD,MGHG,LMP_GHG_PRC,KELSO_2_N001,ALL,1,0,1,105
2022-09-03T15:00:00-00:00,2022-09-03T15:15:00-00:00,2022-09-03,09,KELSO_2_N001,KELSO_2_N001,KELSO_2_N001,RTPD,MGHG,LMP_GHG_PRC,KELSO_2_N001,ALL,1,0,1,105
2022-09-03T16:00:00-00:00,2022-09-03T16:15:00-00:00,2022-09-03,10,KELSO_2_N001,KELSO_2_N001,KELSO_2_N001,RTPD,MGHG,LMP_GHG_PRC,KELSO_2_N001,ALL,1,0,1,105
2022-09-03T17:00:00-00:00,2022-09-03T17:15:00-00:00,2022-09-03,11,KELSO_2_N001,KELSO_2_N001,KELSO_2_N001,RTPD,MGHG,LMP_GHG_PRC,KELSO_2_N001,ALL,1,0,1,105
2022-09-03T18:00:00-00:00,2022-09-03T18:15:00-00:00,2022-09-03,12,KELSO_2_N001,KELSO_2_N001,KELSO_2_N001,RTPD,MGHG,LMP_GHG_PRC,KELSO_2_N001,ALL,1,0,1,105
2022-09-03T19:00:00-00:00,2022-09-03T19:15:00-00:00,2022-09-03,13,KELSO_2_N001,KELSO_2_N001,KELSO_2_N001,RTPD,MGHG,LMP_GHG_PRC,KELSO_2_N001,ALL,1,0,1,105
2022-09-03T20:00:00-00:00,2022-09-03T20:15:00-00:00,2022-09-03,14,KELSO_2_N001,KELSO_2_N001,KELSO_2_N001,RTPD,MGHG,LMP_GHG_PRC,KELSO_2_N001,ALL,1,0,1,105
2022-09-03T21:00:00-00:00,2022-09-03T21:15:00-00:00,2022-09-03,15,KELSO_2_N001,KELSO_2_N001,KELSO_2_N001,RTPD,MGHG,LMP_GHG_PRC,KELSO_2_N001,ALL,1,0,1,105
2022-09-03T22:00:00-00:00,2022-09-03T22:15:00-00:00,2022-09-03,16,KELSO_2_N001,KELSO_2_N001,KELSO_2_N001,RTPD,MGHG,LMP_GHG_PRC,KELSO_2_N001,ALL,1,0,1,105
2022-09-03T23:00:00-00:00,2022-09-03T23:15:00-00:00,2022-09-03,17,KELSO_2_N001,KELSO_2_N001,KELSO_2_N001,RTPD,MGHG,LMP_GHG_PRC,KELSO_2_N001,ALL,1,0,1,105
2022-09-04T00:00:00-00:00,2022-09-04T00:15:00-00:00,2022-09-03,18,KELSO_2_N001,KELSO_2_N001,KELSO_2_N001,RTPD,MGHG,LMP_GHG_PRC,KELSO_2_N001,ALL,1,0,1,105
2022-09-04T01:00:00-00:00,2022-09-04T01:15:00-00:00,2022-09-03,19,KELSO_2_N001,KELSO_2_N001,KELSO_2_N001,RTPD,MGHG,LMP_GHG_PRC,KELSO_2_N001,ALL,1,0,1,105
2022-09-04T02:00:00-00:00,2022-09-04T02:15:00-00:00,2022-09-03,20,KELSO_2_N001,KELSO_2_N001,KELSO_2_N001,RTPD,MGHG,LMP_GHG_PRC,KELSO_2_N001,ALL,1,0,1,105
2022-09-04T03:00:00-00:00,2022-09-04T03:15:00-00:00,2022-09-03,21,KELSO_2_N001,KELSO_2_N001,KELSO_2_N001,RTPD,MGHG,LMP_GHG_PRC,KELSO_2_N001,ALL,1,0,1,105
2022-09-04T04:00:00-00:00,2022-09-04T04:15:00-00:00,2022-09-03,22,KELSO_2_N001,KELSO_2_N001,KELSO_2_N001,RTPD,MGHG,LMP_GHG_PRC,KELSO_2_N001,ALL,1,0,1,105
2022-09-04T05:00:00-00:00,2022-09-04T05:15:00-00:00,2022-09-03,23,KELSO_2_N001,KELSO_2_N001,KELSO_2_N001,RTPD,MGHG,LMP_GHG_PRC,KELSO_2_N001,ALL,1,0,1,105
2022-09-04T06:00:00-00:00,2022-09-04T06:15:00-00:00,2022-09-03,24,KELSO_2_N001,KELSO_2_N001,KELSO_2_N001,RTPD,MGHG,LMP_GHG_PRC,KELSO_2_N001,ALL,1,0,1,105
2022-09-03T07:15:00-00:00,2022-09-03T07:30:00-00:00,2022-09-03,01,KELSO_2_N001,KELSO_2_N001,KELSO_2_N001,RTPD,MGHG,LMP_GHG_PRC,KELSO_2_N001,ALL,1,0,2,105
2022-09-03T08:15:00-00:00,2022-09-03T08:30:00-00:00,2022-09-03,02,KELSO_2_N001,KELSO_2_N001,KELSO_2_N001,RTPD,MGHG,LMP_GHG_PRC,KELSO_2_N001,ALL,1,0,2,105
2022-09-03T09:15:00-00:00,2022-09-03T09:30:00-00:00,2022-09-03,03,KELSO_2_N001,KELSO_2_N001,KELSO_2_N001,RTPD,MGHG,LMP_GHG_PRC,KELSO_2_N001,ALL,1,0,2,105
2022-09-03T10:15:00-00:00,2022-09-03T10:30:00-00:00,2022-09-03,04,KELSO_2_N001,KELSO_2_N001,KELSO_2_N001,RTPD,MGHG,LMP_GHG_PRC,KELSO_2_N001,ALL,1,0,2,105
2022-09-03T11:15:00-00:00,2022-09-03T11:30:00-00:00,2022-09-03,05,KELSO_2_N001,KELSO_2_N001,KELSO_2_N001,RTPD,MGHG,LMP_GHG_PRC,KELSO_2_N001,ALL,1,0,2,105
2022-09-03T12:15:00-00:00,2022-09-03T12:30:00-00:00,2022-09-03,06,KELSO_2_N001,KELSO_2_N001,KELSO_2_N001,RTPD,MGHG,LMP_GHG_PRC,KELSO_2_N001,ALL,1,0,2,105
2022-09-03T13:15:00-00:00,2022-09-03T13:30:00-00:00,2022-09-03,07,KELSO_2_N001,KELSO_2_N001,KELSO_2_N001,RTPD,MGHG,LMP_GHG_PRC,KELSO_2_N001,ALL,1,0,2,105
2022-09-03T14:15:00-00:00,2022-09-03T14:30:00-00:00,2022-09-03,08,KELSO_2_N001,KELSO_2_N001,KELSO_2_N001,RTPD,MGHG,LMP_GHG_PRC,KELSO_2_N001,ALL,1,0,2,105
2022-09-03T15:15:00-00:00,2022-09-03T15:30:00-00:00,2022-09-03,09,KELSO_2_N001,KELSO_2_N001,KELSO_2_N001,RTPD,MGHG,LMP_GHG_PRC,KELSO_2_N001,ALL,1,0,2,105
2022-09-03T16:15:00-00:00,2022-09-03T16:30:00-00:00,2022-09-03,10,KELSO_2_N001,KELSO_2_N001,KELSO_2_N001,RTPD,MGHG,LMP_GHG_PRC,KELSO_2_N001,ALL,1,0,2,105
2022-09-03T17:15:00-00:00,2022-09-03T17:30:00-00:00,2022-09-03,11,KELSO_2_N001,KELSO_2_N001,KELSO_2_N001,RTPD,MGHG,LMP_GHG_PRC,KELSO_2_N001,ALL,1,0,2,105
2022-09-03T18:15:00-00:00,2022-09-03T18:30:00-00:00,2022-09-03,12,KELSO_2_N001,KELSO_2_N001,KELSO_2_N001,RTPD,MGHG,LMP_GHG_PRC,KELSO_2_N001,ALL,1,0,2,105
2022-09-03T19:15:00-00:00,2022-09-03T19:30:00-00:00,2022-09-03,13,KELSO_2_N001,KELSO_2_N001,KELSO_2_N001,RTPD,MGHG,LMP_GHG_PRC,KELSO_2_N001,ALL,1,0,2,105
2022-09-03T20:15:00-00:00,2022-09-03T20:30:00-00:00,2022-09-03,14,KELSO_2_N001,KELSO_2_N001,KELSO_2_N001,RTPD,MGHG,LMP_GHG_PRC,KELSO_2_N001,ALL,1,0,2,105
2022-09-03T21:15:00-00:00,2022-09-03T21:30:00-00:00,2022-09-03,15,KELSO_2_N001,KELSO_2_N001,KELSO_2_N001,RTPD,MGHG,LMP_GHG_PRC,KELSO_2_N001,ALL,1,0,2,105
2022-09-03T22:15:00-00:00,2022-09-03T22:30:00-00:00,2022-09-03,16,KELSO_2_N001,KELSO_2_N001,KELSO_2_N001,RTPD,MGHG,LMP_GHG_PRC,KELSO_2_N001,ALL,1,0,2,105
2022-09-03T23:15:00-00:00,2022-09-03T23:30:00-00:00,2022-09-03,17,KELSO_2_N001,KELSO_2_N001,KELSO_2_N001,RTPD,MGHG,LMP_GHG_PRC,KELSO_2_N001,ALL,1,0,2,105
2022-09-04T00:15:00-00:00,2022-09-04T00:30:00-00:00,2022-09-03,18,KELSO_2_N001,KELSO_2_N001,KELSO_2_N001,RTPD,MGHG,LMP_GHG_PRC,KELSO_2_N001,ALL,1,0,2,105
2022-09-04T01:15:00-00:00,2022-09-04T01:30:00-00:00,2022-09-03,19,KELSO_2_N001,KELSO_2_N001,KELSO_2_N001,RTPD,MGHG,LMP_GHG_PRC,KELSO_2_N001,ALL,1,0,2,105
2022-09-04T02:15:00-00:00,2022-09-04T02:30:00-00:00,2022-09-03,20,KELSO_2_N001,KELSO_2_N001,KELSO_2_N001,RTPD,MGHG,LMP_GHG_PRC,KELSO_2_N001,ALL,1,0,2,105
2022-09-04T03:15:00-00:00,2022-09-04T03:30:00-00:00,2022-09-03,21,KELSO_2_N001,KELSO_2_N001,KELSO_2_N001,RTPD,MGHG,LMP_GHG_PRC,KELSO_2_N001,ALL,1,0,2,105
2022-09-04T04:15:00-00:00,2022-09-04T04:30:00-00:00,2022-09-03,22,KELSO_2_N001,KELSO_2_N001,KELSO_2_N001,RTPD,MGHG,LMP_GHG_PRC,KELSO_2_N001,ALL,1,0,2,105
2022-09-04T05:15:00-00:00,2022-09-04T05:30:00-00:00,2022-09-03,23,KELSO_2_N001,KELSO_2_N001,KELSO_2_N001,RTPD,MGHG,LMP_GHG_PRC,KELSO_2_N001,ALL,1,0,2,105
2022-09-04T06:15:00-00:00,2022-09-04T06:30:00-00:00,2022-09-03,24,KELSO_2_N001,KELSO_2_N001,KELSO_2_N001,RTPD,MGHG,LMP_GHG_PRC,KELSO_2_N001,ALL,1,0,2,105
2022-09-03T07:30:00-00:00,2022-09-03T07:45:00-00:00,2022-09-03,01,KELSO_2_N001,KELSO_2_N001,KELSO_2_N001,RTPD,MGHG,LMP_GHG_PRC,KELSO_2_N001,ALL,1,0,3,105
2022-09-03T08:30:00-00:00,2022-09-03T08:45:00-00:00,2022-09-03,02,KELSO_2_N001,KELSO_2_N001,KELSO_2_N001,RTPD,MGHG,LMP_GHG_PRC,KELSO_2_N001,ALL,1,0,3,105
2022-09-03T09:30:00-00:00,2022-09-03T09:45:00-00:00,2022-09-03,03,KELSO_2_N001,KELSO_2_N001,KELSO_2_N001,RTPD,MGHG,LMP_GHG_PRC,KELSO_2_N001,ALL,1,0,3,105
2022-09-03T10:30:00-00:00,2022-09-03T10:45:00-00:00,2022-09-03,04,KELSO_2_N001,KELSO_2_N001,KELSO_2_N001,RTPD,MGHG,LMP_GHG_PRC,KELSO_2_N001,ALL,1,0,3,105
2022-09-03T11:30:00-00:00,2022-09-03T11:45:00-00:00,2022-09-03,05,KELSO_2_N001,KELSO_2_N001,KELSO_2_N001,RTPD,MGHG,LMP_GHG_PRC,KELSO_2_N001,ALL,1,0,3,105
2022-09-03T12:30:00-00:00,2022-09-03T12:45:00-00:00,2022-09-03,06,KELSO_2_N001,KELSO_2_N001,KELSO_2_N001,RTPD,MGHG,LMP_GHG_PRC,KELSO_2_N001,ALL,1,0,3,105
2022-09-03T13:30:00-00:00,2022-09-03T13:45:00-00:00,2022-09-03,07,KELSO_2_N001,KELSO_2_N001,KELSO_2_N001,RTPD,MGHG,LMP_GHG_PRC,KELSO_2_N001,ALL,1,0,3,105
2022-09-03T14:30:00-00:00,2022-09-03T14:45:00-00:00,2022-09-03,08,KELSO_2_N001,KELSO_2_N001,KELSO_2_N001,RTPD,MGHG,LMP_GHG_PRC,KELSO_2_N001,ALL,1,0,3,105
2022-09-03T15:30:00-00:00,2022-09-03T15:45:00-00:00,2022-09-03,09,KELSO_2_N001,KELSO_2_N001,KELSO_2_N001,RTPD,MGHG,LMP_GHG_PRC,KELSO_2_N001,ALL,1,0,3,105
2022-09-03T16:30:00-00:00,2022-09-03T16:45:00-00:00,2022-09-03,10,KELSO_2_N001,KELSO_2_N001,KELSO_2_N001,RTPD,MGHG,LMP_GHG_PRC,KELSO_2_N001,ALL,1,0,3,105
2022-09-03T17:30:00-00:00,2022-09-03T17:45:00-00:00,2022-09-03,11,KELSO_2_N001,KELSO_2_N001,KELSO_2_N001,RTPD,MGHG,LMP_GHG_PRC,KELSO_2_N001,ALL,1,0,3,105
2022-09-03T18:30:00-00:00,2022-09-03T18:45:00-00:00,2022-09-03,12,KELSO_2_N001,KELSO_2_N001,KELSO_2_N001,RTPD,MGHG,LMP_GHG_PRC,KELSO_2_N001,ALL,1,0,3,105
2022-09-03T19:30:00-00:00,2022-09-03T19:45:00-00:00,2022-09-03,13,KELSO_2_N001,KELSO_2_N001,KELSO_2_N001,RTPD,MGHG,LMP_GHG_PRC,KELSO_2_N001,ALL,1,0,3,105
2022-09-03T20:30:00-00:00,2022-09-03T20:45:00-00:00,2022-09-03,14,KELSO_2_N001,KELSO_2_N001,KELSO_2_N001,RTPD,MGHG,LMP_GHG_PRC,KELSO_2_N001,ALL,1,0,3,105
2022-09-03T21:30:00-00:00,2022-09-03T21:45:00-00:00,2022-09-03,15,KELSO_2_N001,KELSO_2_N001,KELSO_2_N001,RTPD,MGHG,LMP_GHG_PRC,KELSO_2_N001,ALL,1,0,3,105
2022-09-03T22:30:00-00:00,2022-09-03T22:45:00-00:00,2022-09-03,16,KELSO_2_N001,KELSO_2_N001,KELSO_2_N001,RTPD,MGHG,LMP_GHG_PRC,KELSO_2_N001,ALL,1,0,3,105
2022-09-03T23:30:00-00:00,2022-09-03T23:45:00-00:00,2022-09-03,17,KELSO_2_N001,KELSO_2_N001,KELSO_2_N001,RTPD,MGHG,LMP_GHG_PRC,KELSO_2_N001,ALL,1,0,3,105
2022-09-04T00:30:00-00:00,2022-09-04T00:45:00-00:00,2022-09-03,18,KELSO_2_N001,KELSO_2_N001,KELSO_2_N001,RTPD,MGHG,LMP_GHG_PRC,KELSO_2_N001,ALL,1,0,3,105
2022-09-04T01:30:00-00:00,2022-09-04T01:45:00-00:00,2022-09-03,19,KELSO_2_N001,KELSO_2_N001,KELSO_2_N001,RTPD,MGHG,LMP_GHG_PRC,KELSO_2_N001,ALL,1,0,3,105
2022-09-04T02:30:00-00:00,2022-09-04T02:45:00-00:00,2022-09-03,20,KELSO_2_N001,KELSO_2_N001,KELSO_2_N001,RTPD,MGHG,LMP_GHG_PRC,KELSO_2_N001,ALL,1,0,3,105
2022-09-04T03:30:00-00:00,2022-09-04T03:45:00-00:00,2022-09-03,21,KELSO_2_N001,KELSO_2_N001,KELSO_2_N001,RTPD,MGHG,LMP_GHG_PRC,KELSO_2_N001,ALL,1,0,3,105
2022-09-04T04:30:00-00:00,2022-09-04T04:45:00-00:00,2022-09-03,22,KELSO_2_N001,KELSO_2_N001,KELSO_2_N001,RTPD,MGHG,LMP_GHG_PRC,KELSO_2_N001,ALL,1,0,3,105
2022-09-04T05:30:00-00:00,2022-09-04T05:45:00-00:00,2022-09-03,23,KELSO_2_N001,KELSO_2_N001,KELSO_2_N001,RTPD,MGHG,LMP_GHG_PRC,KELSO_2_N001,ALL,1,0,3,105
2022-09-04T06:30:00-00:00,2022-09-04T06:45:00-00:00,2022-09-03,24,KELSO_2_N001,KELSO_2_N001,KELSO_2_N001,RTPD,MGHG,LMP_GHG_PRC,KELSO_2_N001,ALL,1,0,3,105
2022-09-03T07:45:00-00:00,2022-09-03T08:00:00-00:00,2022-09-03,01,KELSO_2_N001,KELSO_2_N001,KELSO_2_N001,RTPD,MGHG,LMP_GHG_PRC,KELSO_2_N001,ALL,1,0,4,105
2022-09-03T08:45:00-00:00,2022-09-03T09:00:00-00:00,2022-09-03,02,KELSO_2_N001,KELSO_2_N001,KELSO_2_N001,RTPD,MGHG,LMP_GHG_PRC,KELSO_2_N001,ALL,1,0,4,105
2022-09-03T09:45:00-00:00,2022-09-03T10:00:00-00:00,2022-09-03,03,KELSO_2_N001,KELSO_2_N001,KELSO_2_N001,RTPD,MGHG,LMP_GHG_PRC,KELSO_2_N001,ALL,1,0,4,105
2022-09-03T10:45:00-00:00,2022-09-03T11:00:00-00:00,2022-09-03,04,KELSO_2_N001,KELSO_2_N001,KELSO_2_N001,RTPD,MGHG,LMP_GHG_PRC,KELSO_2_N001,ALL,1,0,4,105
2022-09-03T11:45:00-00:00,2022-09-03T12:00:00-00:00,2022-09-03,05,KELSO_2_N001,KELSO_2_N001,KELSO_2_N001,RTPD,MGHG,LMP_GHG_PRC,KELSO_2_N001,ALL,1,0,4,105
2022-09-03T12:45:00-00:00,2022-09-03T13:00:00-00:00,2022-09-03,06,KELSO_2_N001,KELSO_2_N001,KELSO_2_N001,RTPD,MGHG,LMP_GHG_PRC,KELSO_2_N001,ALL,1,0,4,105
2022-09-03T13:45:00-00:00,2022-09-03T14:00:00-00:00,2022-09-03,07,KELSO_2_N001,KELSO_2_N001,KELSO_2_N001,RTPD,MGHG,LMP_GHG_PRC,KELSO_2_N001,ALL,1,0,4,105
2022-09-03T14:45:00-00:00,2022-09-03T15:00:00-00:00,2022-09-03,08,KELSO_2_N001,KELSO_2_N001,KELSO_2_N001,RTPD,MGHG,LMP_GHG_PRC,KELSO_2_N001,ALL,1,0,4,105
2022-09-03T15:45:00-00:00,2022-09-03T16:00:00-00:00,2022-09-03,09,KELSO_2_N001,KELSO_2_N001,KELSO_2_N001,RTPD,MGHG,LMP_GHG_PRC,KELSO_2_N001,ALL,1,0,4,105
2022-09-03T16:45:00-00:00,2022-09-03T17:00:00-00:00,2022-09-03,10,KELSO_2_N001,KELSO_2_N001,KELSO_2_N001,RTPD,MGHG,LMP_GHG_PRC,KELSO_2_N001,ALL,1,0,4,105
2022-09-03T17:45:00-00:00,2022-09-03T18:00:00-00:00,2022-09-03,11,KELSO_2_N001,KELSO_2_N001,KELSO_2_N001,RTPD,MGHG,LMP_GHG_PRC,KELSO_2_N001,ALL,1,0,4,105
2022-09-03T18:45:00-00:00,2022-09-03T19:00:00-00:00,2022-09-03,12,KELSO_2_N001,KELSO_2_N001,KELSO_2_N001,RTPD,MGHG,LMP_GHG_PRC,KELSO_2_N001,ALL,1,0,4,105
2022-09-03T19:45:00-00:00,2022-09-03T20:00:00-00:00,2022-09-03,13,KELSO_2_N001,KELSO_2_N001,KELSO_2_N001,RTPD,MGHG,LMP_GHG_PRC,KELSO_2_N001,ALL,1,0,4,105
2022-09-03T20:45:00-00:00,2022-09-03T21:00:00-00:00,2022-09-03,14,KELSO_2_N001,KELSO_2_N001,KELSO_2_N001,RTPD,MGHG,LMP_GHG_PRC,KELSO_2_N001,ALL,1,0,4,105
2022-09-03T21:45:00-00:00,2022-09-03T22:00:00-00:00,2022-09-03,15,KELSO_2_N001,KELSO_2_N001,KELSO_2_N001,RTPD,MGHG,LMP_GHG_PRC,KELSO_2_N001,ALL,1,0,4,105
2022-09-03T22:45:00-00:00,2022-09-03T23:00:00-00:00,2022-09-03,16,KELSO_2_N001,KELSO_2_N001,KELSO_2_N001,RTPD,MGHG,LMP_GHG_PRC,KELSO_2_N001,ALL,1,0,4,105
2022-09-03T23:45:00-00:00,2022-09-04T00:00:00-00:00,2022-09-03,17,KELSO_2_N001,KELSO_2_N001,KELSO_2_N001,RTPD,MGHG,LMP_GHG_PRC,KELSO_2_N001,ALL,1,0,4,105
2022-09-04T00:45:00-00:00,2022-09-04T01:00:00-00:00,2022-09-03,18,KELSO_2_N001,KELSO_2_N001,KELSO_2_N001,RTPD,MGHG,LMP_GHG_PRC,KELSO_2_N001,ALL,1,0,4,105
2022-09-04T01:45:00-00:00,2022-09-04T02:00:00-00:00,2022-09-03,19,KELSO_2_N001,KELSO_2_N001,KELSO_2_N001,RTPD,MGHG,LMP_GHG_PRC,KELSO_2_N001,ALL,1,0,4,105
2022-09-04T02:45:00-00:00,2022-09-04T03:00:00-00:00,2022-09-03,20,KELSO_2_N001,KELSO_2_N001,KELSO_2_N001,RTPD,MGHG,LMP_GHG_PRC,KELSO_2_N001,ALL,1,0,4,105
2022-09-04T03:45:00-00:00,2022-09-04T04:00:00-00:00,2022-09-03,21,KELSO_2_N001,KELSO_2_N001,KELSO_2_N001,RTPD,MGHG,LMP_GHG_PRC,KELSO_2_N001,ALL,1,0,4,105
2022-09-04T04:45:00-00:00,2022-09-04T05:00:00-00:00,2022-09-03,22,KELSO_2_N001,KELSO_2_N001,KELSO_2_N001,RTPD,MGHG,LMP_GHG_PRC,KELSO_2_N001,ALL,1,0,4,105
2022-09-04T05:45:00-00:00,2022-09-04T06:00:00-00:00,2022-09-03,23,KELSO_2_N001,KELSO_2_N001,KELSO_2_N001,RTPD,MGHG,LMP_GHG_PRC,KELSO_2_N001,ALL,1,0,4,105
2022-09-04T06:45:00-00:00,2022-09-04T07:00:00-00:00,2022-09-03,24,KELSO_2_N001,KELSO_2_N001,KELSO_2_N001,RTPD,MGHG,LMP_GHG_PRC,KELSO_2_N001,ALL,1,0,4,105
2022-09-03T07:00:00-00:00,2022-09-03T07:15:00-00:00,2022-09-03,01,KERCK1G1_7_B2,KERCK1G1_7_B2,KERCK1G1_7_B2,RTPD,LMP,LMP_PRC,KERCK1G1_7_B2,ALL,1,98.90958,1,106
2022-09-03T08:00:00-00:00,2022-09-03T08:15:00-00:00,2022-09-03,02,KERCK1G1_7_B2,KERCK1G1_7_B2,KERCK1G1_7_B2,RTPD,LMP,LMP_PRC,KERCK1G1_7_B2,ALL,1,88.6719,1,106
2022-09-03T09:00:00-00:00,2022-09-03T09:15:00-00:00,2022-09-03,03,KERCK1G1_7_B2,KERCK1G1_7_B2,KERCK1G1_7_B2,RTPD,LMP,LMP_PRC,KERCK1G1_7_B2,ALL,1,123.17536,1,106
2022-09-03T10:00:00-00:00,2022-09-03T10:15:00-00:00,2022-09-03,04,KERCK1G1_7_B2,KERCK1G1_7_B2,KERCK1G1_7_B2,RTPD,LMP,LMP_PRC,KERCK1G1_7_B2,ALL,1,67.47233,1,106
2022-09-03T11:00:00-00:00,2022-09-03T11:15:00-00:00,2022-09-03,05,KERCK1G1_7_B2,KERCK1G1_7_B2,KERCK1G1_7_B2,RTPD,LMP,LMP_PRC,KERCK1G1_7_B2,ALL,1,94.06425,1,106
2022-09-03T12:00:00-00:00,2022-09-03T12:15:00-00:00,2022-09-03,06,KERCK1G1_7_B2,KERCK1G1_7_B2,KERCK1G1_7_B2,RTPD,LMP,LMP_PRC,KERCK1G1_7_B2,ALL,1,67.74603,1,106
2022-09-03T13:00:00-00:00,2022-09-03T13:15:00-00:00,2022-09-03,07,KERCK1G1_7_B2,KERCK1G1_7_B2,KERCK1G1_7_B2,RTPD,LMP,LMP_PRC,KERCK1G1_7_B2,ALL,1,83.68378,1,106
2022-09-03T14:00:00-00:00,2022-09-03T14:15:00-00:00,2022-09-03,08,KERCK1G1_7_B2,KERCK1G1_7_B2,KERCK1G1_7_B2,RTPD,LMP,LMP_PRC,KERCK1G1_7_B2,ALL,1,81.97449,1,106
2022-09-03T15:00:00-00:00,2022-09-03T15:15:00-00:00,2022-09-03,09,KERCK1G1_7_B2,KERCK1G1_7_B2,KERCK1G1_7_B2,RTPD,LMP,LMP_PRC,KERCK1G1_7_B2,ALL,1,29.03278,1,106
2022-09-03T16:00:00-00:00,2022-09-03T16:15:00-00:00,2022-09-03,10,KERCK1G1_7_B2,KERCK1G1_7_B2,KERCK1G1_7_B2,RTPD,LMP,LMP_PRC,KERCK1G1_7_B2,ALL,1,31.16662,1,106
2022-09-03T17:00:00-00:00,2022-09-03T17:15:00-00:00,2022-09-03,11,KERCK1G1_7_B2,KERCK1G1_7_B2,KERCK1G1_7_B2,RTPD,LMP,LMP_PRC,KERCK1G1_7_B2,ALL,1,56.07253,1,106
2022-09-03T18:00:00-00:00,2022-09-03T18:15:00-00:00,2022-09-03,12,KERCK1G1_7_B2,KERCK1G1_7_B2,KERCK1G1_7_B2,RTPD,LMP,LMP_PRC,KERCK1G1_7_B2,ALL,1,63.04682,1,106
2022-09-03T19:00:00-00:00,2022-09-03T19:15:00-00:00,2022-09-03,13,KERCK1G1_7_B2,KERCK1G1_7_B2,KERCK1G1_7_B2,RTPD,LMP,LMP_PRC,KERCK1G1_7_B2,ALL,1,3.37844,1,106
2022-09-03T20:00:00-00:00,2022-09-03T20:15:00-00:00,2022-09-03,14,KERCK1G1_7_B2,KERCK1G1_7_B2,KERCK1G1_7_B2,RTPD,LMP,LMP_PRC,KERCK1G1_7_B2,ALL,1,69.88805,1,106
2022-09-03T21:00:00-00:00,2022-09-03T21:15:00-00:00,2022-09-03,15,KERCK1G1_7_B2,KERCK1G1_7_B2,KERCK1G1_7_B2,RTPD,LMP,LMP_PRC,KERCK1G1_7_B2,ALL,1,73.44626,1,106
2022-09-03T22:00:00-00:00,2022-09-03T22:15:00-00:00,2022-09-03,16,KERCK1G1_7_B2,KERCK1G1_7_B2,KERCK1G1_7_B2,RTPD,LMP,LMP_PRC,KERCK1G1_7_B2,ALL,1,108.38361,1,106
2022-09-03T23:00:00-00:00,2022-09-03T23:15:00-00:00,2022-09-03,17,KERCK1G1_7_B2,KERCK1G1_7_B2,KERCK1G1_7_B2,RTPD,LMP,LMP_PRC,KERCK1G1_7_B2,ALL,1,67.44724,1,106
2022-09-04T00:00:00-00:00,2022-09-04T00:15:00-00:00,2022-09-03,18,KERCK1G1_7_B2,KERCK1G1_7_B2,KERCK1G1_7_B2,RTPD,LMP,LMP_PRC,KERCK1G1_7_B2,ALL,1,75.30245,1,106
2022-09-04T01:00:00-00:00,2022-09-04T01:15:00-00:00,2022-09-03,19,KERCK1G1_7_B2,KERCK1G1_7_B2,KERCK1G1_7_B2,RTPD,LMP,LMP_PRC,KERCK1G1_7_B2,ALL,1,101.99511,1,106
2022-09-04T02:00:00-00:00,2022-09-04T02:15:00-00:00,2022-09-03,20,KERCK1G1_7_B2,KERCK1G1_7_B2,KERCK1G1_7_B2,RTPD,LMP,LMP_PRC,KERCK1G1_7_B2,ALL,1,119.75401,1,106
2022-09-04T03:00:00-00:00,2022-09-04T03:15:00-00:00,2022-09-03,21,KERCK1G1_7_B2,KERCK1G1_7_B2,KERCK1G1_7_B2,RTPD,LMP,LMP_PRC,KERCK1G1_7_B2,ALL,1,136.60977,1,106
2022-09-04T04:00:00-00:00,2022-09-04T04:15:00-00:00,2022-09-03,22,KERCK1G1_7_B2,KERCK1G1_7_B2,KERCK1G1_7_B2,RTPD,LMP,LMP_PRC,KERCK1G1_7_B2,ALL,1,142.29736,1,106
2022-09-04T05:00:00-00:00,2022-09-04T05:15:00-00:00,2022-09-03,23,KERCK1G1_7_B2,KERCK1G1_7_B2,KERCK1G1_7_B2,RTPD,LMP,LMP_PRC,KERCK1G1_7_B2,ALL,1,100.8853,1,106
2022-09-04T06:00:00-00:00,2022-09-04T06:15:00-00:00,2022-09-03,24,KERCK1G1_7_B2,KERCK1G1_7_B2,KERCK1G1_7_B2,RTPD,LMP,LMP_PRC,KERCK1G1_7_B2,ALL,1,116.13307,1,106
2022-09-03T07:15:00-00:00,2022-09-03T07:30:00-00:00,2022-09-03,01,KERCK1G1_7_B2,KERCK1G1_7_B2,KERCK1G1_7_B2,RTPD,LMP,LMP_PRC,KERCK1G1_7_B2,ALL,1,90.8533,2,106
2022-09-03T08:15:00-00:00,2022-09-03T08:30:00-00:00,2022-09-03,02,KERCK1G1_7_B2,KERCK1G1_7_B2,KERCK1G1_7_B2,RTPD,LMP,LMP_PRC,KERCK1G1_7_B2,ALL,1,128.85172,2,106
2022-09-03T09:15:00-00:00,2022-09-03T09:30:00-00:00,2022-09-03,03,KERCK1G1_7_B2,KERCK1G1_7_B2,KERCK1G1_7_B2,RTPD,LMP,LMP_PRC,KERCK1G1_7_B2,ALL,1,70.66206,2,106
2022-09-03T10:15:00-00:00,2022-09-03T10:30:00-00:00,2022-09-03,04,KERCK1G1_7_B2,KERCK1G1_7_B2,KERCK1G1_7_B2,RTPD,LMP,LMP_PRC,KERCK1G1_7_B2,ALL,1,63.82697,2,106
2022-09-03T11:15:00-00:00,2022-09-03T11:30:00-00:00,2022-09-03,05,KERCK1G1_7_B2,KERCK1G1_7_B2,KERCK1G1_7_B2,RTPD,LMP,LMP_PRC,KERCK1G1_7_B2,ALL,1,66.48405,2,106
2022-09-03T12:15:00-00:00,2022-09-03T12:30:00-00:00,2022-09-03,06,KERCK1G1_7_B2,KERCK1G1_7_B2,KERCK1G1_7_B2,RTPD,LMP,LMP_PRC,KERCK1G1_7_B2,ALL,1,65.6734,2,106
2022-09-03T13:15:00-00:00,2022-09-03T13:30:00-00:00,2022-09-03,07,KERCK1G1_7_B2,KERCK1G1_7_B2,KERCK1G1_7_B2,RTPD,LMP,LMP_PRC,KERCK1G1_7_B2,ALL,1,82.4146,2,106
2022-09-03T14:15:00-00:00,2022-09-03T14:30:00-00:00,2022-09-03,08,KERCK1G1_7_B2,KERCK1G1_7_B2,KERCK1G1_7_B2,RTPD,LMP,LMP_PRC,KERCK1G1_7_B2,ALL,1,108.36277,2,106
2022-09-03T15:15:00-00:00,2022-09-03T15:30:00-00:00,2022-09-03,09,KERCK1G1_7_B2,KERCK1G1_7_B2,KERCK1G1_7_B2,RTPD,LMP,LMP_PRC,KERCK1G1_7_B2,ALL,1,28.66293,2,106
2022-09-03T16:15:00-00:00,2022-09-03T16:30:00-00:00,2022-09-03,10,KERCK1G1_7_B2,KERCK1G1_7_B2,KERCK1G1_7_B2,RTPD,LMP,LMP_PRC,KERCK1G1_7_B2,ALL,1,30.81989,2,106
2022-09-03T17:15:00-00:00,2022-09-03T17:30:00-00:00,2022-09-03,11,KERCK1G1_7_B2,KERCK1G1_7_B2,KERCK1G1_7_B2,RTPD,LMP,LMP_PRC,KERCK1G1_7_B2,ALL,1,68.09374,2,106
2022-09-03T18:15:00-00:00,2022-09-03T18:30:00-00:00,2022-09-03,12,KERCK1G1_7_B2,KERCK1G1_7_B2,KERCK1G1_7_B2,RTPD,LMP,LMP_PRC,KERCK1G1_7_B2,ALL,1,71.27041,2,106
2022-09-03T19:15:00-00:00,2022-09-03T19:30:00-00:00,2022-09-03,13,KERCK1G1_7_B2,KERCK1G1_7_B2,KERCK1G1_7_B2,RTPD,LMP,LMP_PRC,KERCK1G1_7_B2,ALL,1,5.19224,2,106
2022-09-03T20:15:00-00:00,2022-09-03T20:30:00-00:00,2022-09-03,14,KERCK1G1_7_B2,KERCK1G1_7_B2,KERCK1G1_7_B2,RTPD,LMP,LMP_PRC,KERCK1G1_7_B2,ALL,1,77.03585,2,106
2022-09-03T21:15:00-00:00,2022-09-03T21:30:00-00:00,2022-09-03,15,KERCK1G1_7_B2,KERCK1G1_7_B2,KERCK1G1_7_B2,RTPD,LMP,LMP_PRC,KERCK1G1_7_B2,ALL,1,96.61826,2,106
2022-09-03T22:15:00-00:00,2022-09-03T22:30:00-00:00,2022-09-03,16,KERCK1G1_7_B2,KERCK1G1_7_B2,KERCK1G1_7_B2,RTPD,LMP,LMP_PRC,KERCK1G1_7_B2,ALL,1,110.81876,2,106
2022-09-03T23:15:00-00:00,2022-09-03T23:30:00-00:00,2022-09-03,17,KERCK1G1_7_B2,KERCK1G1_7_B2,KERCK1G1_7_B2,RTPD,LMP,LMP_PRC,KERCK1G1_7_B2,ALL,1,70.8203,2,106
2022-09-04T00:15:00-00:00,2022-09-04T00:30:00-00:00,2022-09-03,18,KERCK1G1_7_B2,KERCK1G1_7_B2,KERCK1G1_7_B2,RTPD,LMP,LMP_PRC,KERCK1G1_7_B2,ALL,1,129.73586,2,106
2022-09-04T01:15:00-00:00,2022-09-04T01:30:00-00:00,2022-09-03,19,KERCK1G1_7_B2,KERCK1G1_7_B2,KERCK1G1_7_B2,RTPD,LMP,LMP_PRC,KERCK1G1_7_B2,ALL,1,184.7937,2,106
2022-09-04T02:15:00-00:00,2022-09-04T02:30:00-00:00,2022-09-03,20,KERCK1G1_7_B2,KERCK1G1_7_B2,KERCK1G1_7_B2,RTPD,LMP,LMP_PRC,KERCK1G1_7_B2,ALL,1,137.23949,2,106
2022-09-04T03:15:00-00:00,2022-09-04T03:30:00-00:00,2022-09-03,21,KERCK1G1_7_B2,KERCK1G1_7_B2,KERCK1G1_7_B2,RTPD,LMP,LMP_PRC,KERCK1G1_7_B2,ALL,1,129.06242,2,106
2022-09-04T04:15:00-00:00,2022-09-04T04:30:00-00:00,2022-09-03,22,KERCK1G1_7_B2,KERCK1G1_7_B2,KERCK1G1_7_B2,RTPD,LMP,LMP_PRC,KERCK1G1_7_B2,ALL,1,140.85172,2,106
2022-09-04T05:15:00-00:00,2022-09-04T05:30:00-00:00,2022-09-03,23,KERCK1G1_7_B2,KERCK1G1_7_B2,KERCK1G1_7_B2,RTPD,LMP,LMP_PRC,KERCK1G1_7_B2,ALL,1,97.2365,2,106
2022-09-04T06:15:00-00:00,2022-09-04T06:30:00-00:00,2022-09-03,24,KERCK1G1_7_B2,KERCK1G1_7_B2,KERCK1G1_7_B2,RTPD,LMP,LMP_PRC,KERCK1G1_7_B2,ALL,1,100.59362,2,106
2022-09-03T07:30:00-00:00,2022-09-03T07:45:00-00:00,2022-09-03,01,KERCK1G1_7_B2,KERCK1G1_7_B2,KERCK1G1_7_B2,RTPD,LMP,LMP_PRC,KERCK1G1_7_B2,ALL,1,89.50776,3,106
2022-09-03T08:30:00-00:00,2022-09-03T08:45:00-00:00,2022-09-03,02,KERCK1G1_7_B2,KERCK1G1_7_B2,KERCK1G1_7_B2,RTPD,LMP,LMP_PRC,KERCK1G1_7_B2,ALL,1,124.54697,3,106
2022-09-03T09:30:00-00:00,2022-09-03T09:45:00-00:00,2022-09-03,03,KERCK1G1_7_B2,KERCK1G1_7_B2,KERCK1G1_7_B2,RTPD,LMP,LMP_PRC,KERCK1G1_7_B2,ALL,1,63.55375,3,106
2022-09-03T10:30:00-00:00,2022-09-03T10:45:00-00:00,2022-09-03,04,KERCK1G1_7_B2,KERCK1G1_7_B2,KERCK1G1_7_B2,RTPD,LMP,LMP_PRC,KERCK1G1_7_B2,ALL,1,62.95171,3,106
2022-09-03T11:30:00-00:00,2022-09-03T11:45:00-00:00,2022-09-03,05,KERCK1G1_7_B2,KERCK1G1_7_B2,KERCK1G1_7_B2,RTPD,LMP,LMP_PRC,KERCK1G1_7_B2,ALL,1,120.35828,3,106
2022-09-03T12:30:00-00:00,2022-09-03T12:45:00-00:00,2022-09-03,06,KERCK1G1_7_B2,KERCK1G1_7_B2,KERCK1G1_7_B2,RTPD,LMP,LMP_PRC,KERCK1G1_7_B2,ALL,1,65.83847,3,106
2022-09-03T13:30:00-00:00,2022-09-03T13:45:00-00:00,2022-09-03,07,KERCK1G1_7_B2,KERCK1G1_7_B2,KERCK1G1_7_B2,RTPD,LMP,LMP_PRC,KERCK1G1_7_B2,ALL,1,81.00685,3,106
2022-09-03T14:30:00-00:00,2022-09-03T14:45:00-00:00,2022-09-03,08,KERCK1G1_7_B2,KERCK1G1_7_B2,KERCK1G1_7_B2,RTPD,LMP,LMP_PRC,KERCK1G1_7_B2,ALL,1,68.01459,3,106
2022-09-03T15:30:00-00:00,2022-09-03T15:45:00-00:00,2022-09-03,09,KERCK1G1_7_B2,KERCK1G1_7_B2,KERCK1G1_7_B2,RTPD,LMP,LMP_PRC,KERCK1G1_7_B2,ALL,1,27.49598,3,106
2022-09-03T16:30:00-00:00,2022-09-03T16:45:00-00:00,2022-09-03,10,KERCK1G1_7_B2,KERCK1G1_7_B2,KERCK1G1_7_B2,RTPD,LMP,LMP_PRC,KERCK1G1_7_B2,ALL,1,29.82128,3,106
2022-09-03T17:30:00-00:00,2022-09-03T17:45:00-00:00,2022-09-03,11,KERCK1G1_7_B2,KERCK1G1_7_B2,KERCK1G1_7_B2,RTPD,LMP,LMP_PRC,KERCK1G1_7_B2,ALL,1,69.05039,3,106
2022-09-03T18:30:00-00:00,2022-09-03T18:45:00-00:00,2022-09-03,12,KERCK1G1_7_B2,KERCK1G1_7_B2,KERCK1G1_7_B2,RTPD,LMP,LMP_PRC,KERCK1G1_7_B2,ALL,1,73.05732,3,106
2022-09-03T19:30:00-00:00,2022-09-03T19:45:00-00:00,2022-09-03,13,KERCK1G1_7_B2,KERCK1G1_7_B2,KERCK1G1_7_B2,RTPD,LMP,LMP_PRC,KERCK1G1_7_B2,ALL,1,-0.38465,3,106
2022-09-03T20:30:00-00:00,2022-09-03T20:45:00-00:00,2022-09-03,14,KERCK1G1_7_B2,KERCK1G1_7_B2,KERCK1G1_7_B2,RTPD,LMP,LMP_PRC,KERCK1G1_7_B2,ALL,1,86.4198,3,106
2022-09-03T21:30:00-00:00,2022-09-03T21:45:00-00:00,2022-09-03,15,KERCK1G1_7_B2,KERCK1G1_7_B2,KERCK1G1_7_B2,RTPD,LMP,LMP_PRC,KERCK1G1_7_B2,ALL,1,98.90209,3,106
2022-09-03T22:30:00-00:00,2022-09-03T22:45:00-00:00,2022-09-03,16,KERCK1G1_7_B2,KERCK1G1_7_B2,KERCK1G1_7_B2,RTPD,LMP,LMP_PRC,KERCK1G1_7_B2,ALL,1,94.92349,3,106
2022-09-03T23:30:00-00:00,2022-09-03T23:45:00-00:00,2022-09-03,17,KERCK1G1_7_B2,KERCK1G1_7_B2,KERCK1G1_7_B2,RTPD,LMP,LMP_PRC,KERCK1G1_7_B2,ALL,1,76.20082,3,106
2022-09-04T00:30:00-00:00,2022-09-04T00:45:00-00:00,2022-09-03,18,KERCK1G1_7_B2,KERCK1G1_7_B2,KERCK1G1_7_B2,RTPD,LMP,LMP_PRC,KERCK1G1_7_B2,ALL,1,107.64886,3,106
2022-09-04T01:30:00-00:00,2022-09-04T01:45:00-00:00,2022-09-03,19,KERCK1G1_7_B2,KERCK1G1_7_B2,KERCK1G1_7_B2,RTPD,LMP,LMP_PRC,KERCK1G1_7_B2,ALL,1,190.05116,3,106
2022-09-04T02:30:00-00:00,2022-09-04T02:45:00-00:00,2022-09-03,20,KERCK1G1_7_B2,KERCK1G1_7_B2,KERCK1G1_7_B2,RTPD,LMP,LMP_PRC,KERCK1G1_7_B2,ALL,1,134.01823,3,106
2022-09-04T03:30:00-00:00,2022-09-04T03:45:00-00:00,2022-09-03,21,KERCK1G1_7_B2,KERCK1G1_7_B2,KERCK1G1_7_B2,RTPD,LMP,LMP_PRC,KERCK1G1_7_B2,ALL,1,126.99803,3,106
2022-09-04T04:30:00-00:00,2022-09-04T04:45:00-00:00,2022-09-03,22,KERCK1G1_7_B2,KERCK1G1_7_B2,KERCK1G1_7_B2,RTPD,LMP,LMP_PRC,KERCK1G1_7_B2,ALL,1,140.49782,3,106
2022-09-04T05:30:00-00:00,2022-09-04T05:45:00-00:00,2022-09-03,23,KERCK1G1_7_B2,KERCK1G1_7_B2,KERCK1G1_7_B2,RTPD,LMP,LMP_PRC,KERCK1G1_7_B2,ALL,1,87.60449,3,106
2022-09-04T06:30:00-00:00,2022-09-04T06:45:00-00:00,2022-09-03,24,KERCK1G1_7_B2,KERCK1G1_7_B2,KERCK1G1_7_B2,RTPD,LMP,LMP_PRC,KERCK1G1_7_B2,ALL,1,88.58862,3,106
2022-09-03T07:45:00-00:00,2022-09-03T08:00:00-00:00,2022-09-03,01,KERCK1G1_7_B2,KERCK1G1_7_B2,KERCK1G1_7_B2,RTPD,LMP,LMP_PRC,KERCK1G1_7_B2,ALL,1,73.73354,4,106
2022-09-03T08:45:00-00:00,2022-09-03T09:00:00-00:00,2022-09-03,02,KERCK1G1_7_B2,KERCK1G1_7_B2,KERCK1G1_7_B2,RTPD,LMP,LMP_PRC,KERCK1G1_7_B2,ALL,1,127.19969,4,106
2022-09-03T09:45:00-00:00,2022-09-03T10:00:00-00:00,2022-09-03,03,KERCK1G1_7_B2,KERCK1G1_7_B2,KERCK1G1_7_B2,RTPD,LMP,LMP_PRC,KERCK1G1_7_B2,ALL,1,73.8154,4,106
2022-09-03T10:45:00-00:00,2022-09-03T11:00:00-00:00,2022-09-03,04,KERCK1G1_7_B2,KERCK1G1_7_B2,KERCK1G1_7_B2,RTPD,LMP,LMP_PRC,KERCK1G1_7_B2,ALL,1,269.58905,4,106
2022-09-03T11:45:00-00:00,2022-09-03T12:00:00-00:00,2022-09-03,05,KERCK1G1_7_B2,KERCK1G1_7_B2,KERCK1G1_7_B2,RTPD,LMP,LMP_PRC,KERCK1G1_7_B2,ALL,1,80.54787,4,106
2022-09-03T12:45:00-00:00,2022-09-03T13:00:00-00:00,2022-09-03,06,KERCK1G1_7_B2,KERCK1G1_7_B2,KERCK1G1_7_B2,RTPD,LMP,LMP_PRC,KERCK1G1_7_B2,ALL,1,67.41414,4,106
2022-09-03T13:45:00-00:00,2022-09-03T14:00:00-00:00,2022-09-03,07,KERCK1G1_7_B2,KERCK1G1_7_B2,KERCK1G1_7_B2,RTPD,LMP,LMP_PRC,KERCK1G1_7_B2,ALL,1,81.00013,4,106
2022-09-03T14:45:00-00:00,2022-09-03T15:00:00-00:00,2022-09-03,08,KERCK1G1_7_B2,KERCK1G1_7_B2,KERCK1G1_7_B2,RTPD,LMP,LMP_PRC,KERCK1G1_7_B2,ALL,1,21.2499,4,106
2022-09-03T15:45:00-00:00,2022-09-03T16:00:00-00:00,2022-09-03,09,KERCK1G1_7_B2,KERCK1G1_7_B2,KERCK1G1_7_B2,RTPD,LMP,LMP_PRC,KERCK1G1_7_B2,ALL,1,25.66373,4,106
2022-09-03T16:45:00-00:00,2022-09-03T17:00:00-00:00,2022-09-03,10,KERCK1G1_7_B2,KERCK1G1_7_B2,KERCK1G1_7_B2,RTPD,LMP,LMP_PRC,KERCK1G1_7_B2,ALL,1,50.30076,4,106
2022-09-03T17:45:00-00:00,2022-09-03T18:00:00-00:00,2022-09-03,11,KERCK1G1_7_B2,KERCK1G1_7_B2,KERCK1G1_7_B2,RTPD,LMP,LMP_PRC,KERCK1G1_7_B2,ALL,1,73.49498,4,106
2022-09-03T18:45:00-00:00,2022-09-03T19:00:00-00:00,2022-09-03,12,KERCK1G1_7_B2,KERCK1G1_7_B2,KERCK1G1_7_B2,RTPD,LMP,LMP_PRC,KERCK1G1_7_B2,ALL,1,64.45007,4,106
2022-09-03T19:45:00-00:00,2022-09-03T20:00:00-00:00,2022-09-03,13,KERCK1G1_7_B2,KERCK1G1_7_B2,KERCK1G1_7_B2,RTPD,LMP,LMP_PRC,KERCK1G1_7_B2,ALL,1,0.05292,4,106
2022-09-03T20:45:00-00:00,2022-09-03T21:00:00-00:00,2022-09-03,14,KERCK1G1_7_B2,KERCK1G1_7_B2,KERCK1G1_7_B2,RTPD,LMP,LMP_PRC,KERCK1G1_7_B2,ALL,1,87.24297,4,106
2022-09-03T21:45:00-00:00,2022-09-03T22:00:00-00:00,2022-09-03,15,KERCK1G1_7_B2,KERCK1G1_7_B2,KERCK1G1_7_B2,RTPD,LMP,LMP_PRC,KERCK1G1_7_B2,ALL,1,115.07602,4,106
2022-09-03T22:45:00-00:00,2022-09-03T23:00:00-00:00,2022-09-03,16,KERCK1G1_7_B2,KERCK1G1_7_B2,KERCK1G1_7_B2,RTPD,LMP,LMP_PRC,KERCK1G1_7_B2,ALL,1,128.93771,4,106
2022-09-03T23:45:00-00:00,2022-09-04T00:00:00-00:00,2022-09-03,17,KERCK1G1_7_B2,KERCK1G1_7_B2,KERCK1G1_7_B2,RTPD,LMP,LMP_PRC,KERCK1G1_7_B2,ALL,1,137.3073,4,106
2022-09-04T00:45:00-00:00,2022-09-04T01:00:00-00:00,2022-09-03,18,KERCK1G1_7_B2,KERCK1G1_7_B2,KERCK1G1_7_B2,RTPD,LMP,LMP_PRC,KERCK1G1_7_B2,ALL,1,65.59984,4,106
2022-09-04T01:45:00-00:00,2022-09-04T02:00:00-00:00,2022-09-03,19,KERCK1G1_7_B2,KERCK1G1_7_B2,KERCK1G1_7_B2,RTPD,LMP,LMP_PRC,KERCK1G1_7_B2,ALL,1,450.97858,4,106
2022-09-04T02:45:00-00:00,2022-09-04T03:00:00-00:00,2022-09-03,20,KERCK1G1_7_B2,KERCK1G1_7_B2,KERCK1G1_7_B2,RTPD,LMP,LMP_PRC,KERCK1G1_7_B2,ALL,1,132.9692,4,106
2022-09-04T03:45:00-00:00,2022-09-04T04:00:00-00:00,2022-09-03,21,KERCK1G1_7_B2,KERCK1G1_7_B2,KERCK1G1_7_B2,RTPD,LMP,LMP_PRC,KERCK1G1_7_B2,ALL,1,82.2552,4,106
2022-09-04T04:45:00-00:00,2022-09-04T05:00:00-00:00,2022-09-03,22,KERCK1G1_7_B2,KERCK1G1_7_B2,KERCK1G1_7_B2,RTPD,LMP,LMP_PRC,KERCK1G1_7_B2,ALL,1,139.61926,4,106
2022-09-04T05:45:00-00:00,2022-09-04T06:00:00-00:00,2022-09-03,23,KERCK1G1_7_B2,KERCK1G1_7_B2,KERCK1G1_7_B2,RTPD,LMP,LMP_PRC,KERCK1G1_7_B2,ALL,1,78.5706,4,106
2022-09-04T06:45:00-00:00,2022-09-04T07:00:00-00:00,2022-09-03,24,KERCK1G1_7_B2,KERCK1G1_7_B2,KERCK1G1_7_B2,RTPD,LMP,LMP_PRC,KERCK1G1_7_B2,ALL,1,76.29552,4,106
2022-09-03T07:00:00-00:00,2022-09-03T07:15:00-00:00,2022-09-03,01,KERCK1G1_7_B2,KERCK1G1_7_B2,KERCK1G1_7_B2,RTPD,MCC,LMP_CONG_PRC,KERCK1G1_7_B2,ALL,1,-11.38778,1,107
2022-09-03T08:00:00-00:00,2022-09-03T08:15:00-00:00,2022-09-03,02,KERCK1G1_7_B2,KERCK1G1_7_B2,KERCK1G1_7_B2,RTPD,MCC,LMP_CONG_PRC,KERCK1G1_7_B2,ALL,1,1.38856,1,107
2022-09-03T09:00:00-00:00,2022-09-03T09:15:00-00:00,2022-09-03,03,KERCK1G1_7_B2,KERCK1G1_7_B2,KERCK1G1_7_B2,RTPD,MCC,LMP_CONG_PRC,KERCK1G1_7_B2,ALL,1,39.51181,1,107
2022-09-03T10:00:00-00:00,2022-09-03T10:15:00-00:00,2022-09-03,04,KERCK1G1_7_B2,KERCK1G1_7_B2,KERCK1G1_7_B2,RTPD,MCC,LMP_CONG_PRC,KERCK1G1_7_B2,ALL,1,-10.54675,1,107
2022-09-03T11:00:00-00:00,2022-09-03T11:15:00-00:00,2022-09-03,05,KERCK1G1_7_B2,KERCK1G1_7_B2,KERCK1G1_7_B2,RTPD,MCC,LMP_CONG_PRC,KERCK1G1_7_B2,ALL,1,19.04718,1,107
2022-09-03T12:00:00-00:00,2022-09-03T12:15:00-00:00,2022-09-03,06,KERCK1G1_7_B2,KERCK1G1_7_B2,KERCK1G1_7_B2,RTPD,MCC,LMP_CONG_PRC,KERCK1G1_7_B2,ALL,1,-2.04128,1,107
2022-09-03T13:00:00-00:00,2022-09-03T13:15:00-00:00,2022-09-03,07,KERCK1G1_7_B2,KERCK1G1_7_B2,KERCK1G1_7_B2,RTPD,MCC,LMP_CONG_PRC,KERCK1G1_7_B2,ALL,1,23.2415,1,107
2022-09-03T14:00:00-00:00,2022-09-03T14:15:00-00:00,2022-09-03,08,KERCK1G1_7_B2,KERCK1G1_7_B2,KERCK1G1_7_B2,RTPD,MCC,LMP_CONG_PRC,KERCK1G1_7_B2,ALL,1,40.91875,1,107
2022-09-03T15:00:00-00:00,2022-09-03T15:15:00-00:00,2022-09-03,09,KERCK1G1_7_B2,KERCK1G1_7_B2,KERCK1G1_7_B2,RTPD,MCC,LMP_CONG_PRC,KERCK1G1_7_B2,ALL,1,0,1,107
2022-09-03T16:00:00-00:00,2022-09-03T16:15:00-00:00,2022-09-03,10,KERCK1G1_7_B2,KERCK1G1_7_B2,KERCK1G1_7_B2,RTPD,MCC,LMP_CONG_PRC,KERCK1G1_7_B2,ALL,1,0,1,107
2022-09-03T17:00:00-00:00,2022-09-03T17:15:00-00:00,2022-09-03,11,KERCK1G1_7_B2,KERCK1G1_7_B2,KERCK1G1_7_B2,RTPD,MCC,LMP_CONG_PRC,KERCK1G1_7_B2,ALL,1,0,1,107
2022-09-03T18:00:00-00:00,2022-09-03T18:15:00-00:00,2022-09-03,12,KERCK1G1_7_B2,KERCK1G1_7_B2,KERCK1G1_7_B2,RTPD,MCC,LMP_CONG_PRC,KERCK1G1_7_B2,ALL,1,-7.43682,1,107
2022-09-03T19:00:00-00:00,2022-09-03T19:15:00-00:00,2022-09-03,13,KERCK1G1_7_B2,KERCK1G1_7_B2,KERCK1G1_7_B2,RTPD,MCC,LMP_CONG_PRC,KERCK1G1_7_B2,ALL,1,-47.58126,1,107
2022-09-03T20:00:00-00:00,2022-09-03T20:15:00-00:00,2022-09-03,14,KERCK1G1_7_B2,KERCK1G1_7_B2,KERCK1G1_7_B2,RTPD,MCC,LMP_CONG_PRC,KERCK1G1_7_B2,ALL,1,3.40983,1,107
2022-09-03T21:00:00-00:00,2022-09-03T21:15:00-00:00,2022-09-03,15,KERCK1G1_7_B2,KERCK1G1_7_B2,KERCK1G1_7_B2,RTPD,MCC,LMP_CONG_PRC,KERCK1G1_7_B2,ALL,1,21.02813,1,107
2022-09-03T22:00:00-00:00,2022-09-03T22:15:00-00:00,2022-09-03,16,KERCK1G1_7_B2,KERCK1G1_7_B2,KERCK1G1_7_B2,RTPD,MCC,LMP_CONG_PRC,KERCK1G1_7_B2,ALL,1,49.24186,1,107
2022-09-03T23:00:00-00:00,2022-09-03T23:15:00-00:00,2022-09-03,17,KERCK1G1_7_B2,KERCK1G1_7_B2,KERCK1G1_7_B2,RTPD,MCC,LMP_CONG_PRC,KERCK1G1_7_B2,ALL,1,-9.92765,1,107
2022-09-04T00:00:00-00:00,2022-09-04T00:15:00-00:00,2022-09-03,18,KERCK1G1_7_B2,KERCK1G1_7_B2,KERCK1G1_7_B2,RTPD,MCC,LMP_CONG_PRC,KERCK1G1_7_B2,ALL,1,-22.02915,1,107
2022-09-04T01:00:00-00:00,2022-09-04T01:15:00-00:00,2022-09-03,19,KERCK1G1_7_B2,KERCK1G1_7_B2,KERCK1G1_7_B2,RTPD,MCC,LMP_CONG_PRC,KERCK1G1_7_B2,ALL,1,-75.32469,1,107
2022-09-04T02:00:00-00:00,2022-09-04T02:15:00-00:00,2022-09-03,20,KERCK1G1_7_B2,KERCK1G1_7_B2,KERCK1G1_7_B2,RTPD,MCC,LMP_CONG_PRC,KERCK1G1_7_B2,ALL,1,-7.32409,1,107
2022-09-04T03:00:00-00:00,2022-09-04T03:15:00-00:00,2022-09-03,21,KERCK1G1_7_B2,KERCK1G1_7_B2,KERCK1G1_7_B2,RTPD,MCC,LMP_CONG_PRC,KERCK1G1_7_B2,ALL,1,8.37805,1,107
2022-09-04T04:00:00-00:00,2022-09-04T04:15:00-00:00,2022-09-03,22,KERCK1G1_7_B2,KERCK1G1_7_B2,KERCK1G1_7_B2,RTPD,MCC,LMP_CONG_PRC,KERCK1G1_7_B2,ALL,1,15.18406,1,107
2022-09-04T05:00:00-00:00,2022-09-04T05:15:00-00:00,2022-09-03,23,KERCK1G1_7_B2,KERCK1G1_7_B2,KERCK1G1_7_B2,RTPD,MCC,LMP_CONG_PRC,KERCK1G1_7_B2,ALL,1,-43.36761,1,107
2022-09-04T06:00:00-00:00,2022-09-04T06:15:00-00:00,2022-09-03,24,KERCK1G1_7_B2,KERCK1G1_7_B2,KERCK1G1_7_B2,RTPD,MCC,LMP_CONG_PRC,KERCK1G1_7_B2,ALL,1,-2.63896,1,107
2022-09-03T07:15:00-00:00,2022-09-03T07:30:00-00:00,2022-09-03,01,KERCK1G1_7_B2,KERCK1G1_7_B2,KERCK1G1_7_B2,RTPD,MCC,LMP_CONG_PRC,KERCK1G1_7_B2,ALL,1,-15.31859,2,107
2022-09-03T08:15:00-00:00,2022-09-03T08:30:00-00:00,2022-09-03,02,KERCK1G1_7_B2,KERCK1G1_7_B2,KERCK1G1_7_B2,RTPD,MCC,LMP_CONG_PRC,KERCK1G1_7_B2,ALL,1,42.77095,2,107
2022-09-03T09:15:00-00:00,2022-09-03T09:30:00-00:00,2022-09-03,03,KERCK1G1_7_B2,KERCK1G1_7_B2,KERCK1G1_7_B2,RTPD,MCC,LMP_CONG_PRC,KERCK1G1_7_B2,ALL,1,-10.86242,2,107
2022-09-03T10:15:00-00:00,2022-09-03T10:30:00-00:00,2022-09-03,04,KERCK1G1_7_B2,KERCK1G1_7_B2,KERCK1G1_7_B2,RTPD,MCC,LMP_CONG_PRC,KERCK1G1_7_B2,ALL,1,-12.25081,2,107
2022-09-03T11:15:00-00:00,2022-09-03T11:30:00-00:00,2022-09-03,05,KERCK1G1_7_B2,KERCK1G1_7_B2,KERCK1G1_7_B2,RTPD,MCC,LMP_CONG_PRC,KERCK1G1_7_B2,ALL,1,-3.831,2,107
2022-09-03T12:15:00-00:00,2022-09-03T12:30:00-00:00,2022-09-03,06,KERCK1G1_7_B2,KERCK1G1_7_B2,KERCK1G1_7_B2,RTPD,MCC,LMP_CONG_PRC,KERCK1G1_7_B2,ALL,1,-4.34976,2,107
2022-09-03T13:15:00-00:00,2022-09-03T13:30:00-00:00,2022-09-03,07,KERCK1G1_7_B2,KERCK1G1_7_B2,KERCK1G1_7_B2,RTPD,MCC,LMP_CONG_PRC,KERCK1G1_7_B2,ALL,1,23.46914,2,107
2022-09-03T14:15:00-00:00,2022-09-03T14:30:00-00:00,2022-09-03,08,KERCK1G1_7_B2,KERCK1G1_7_B2,KERCK1G1_7_B2,RTPD,MCC,LMP_CONG_PRC,KERCK1G1_7_B2,ALL,1,71.47944,2,107
2022-09-03T15:15:00-00:00,2022-09-03T15:30:00-00:00,2022-09-03,09,KERCK1G1_7_B2,KERCK1G1_7_B2,KERCK1G1_7_B2,RTPD,MCC,LMP_CONG_PRC,KERCK1G1_7_B2,ALL,1,0,2,107
2022-09-03T16:15:00-00:00,2022-09-03T16:30:00-00:00,2022-09-03,10,KERCK1G1_7_B2,KERCK1G1_7_B2,KERCK1G1_7_B2,RTPD,MCC,LMP_CONG_PRC,KERCK1G1_7_B2,ALL,1,0,2,107
2022-09-03T17:15:00-00:00,2022-09-03T17:30:00-00:00,2022-09-03,11,KERCK1G1_7_B2,KERCK1G1_7_B2,KERCK1G1_7_B2,RTPD,MCC,LMP_CONG_PRC,KERCK1G1_7_B2,ALL,1,0,2,107
2022-09-03T18:15:00-00:00,2022-09-03T18:30:00-00:00,2022-09-03,12,KERCK1G1_7_B2,KERCK1G1_7_B2,KERCK1G1_7_B2,RTPD,MCC,LMP_CONG_PRC,KERCK1G1_7_B2,ALL,1,-2.65674,2,107
2022-09-03T19:15:00-00:00,2022-09-03T19:30:00-00:00,2022-09-03,13,KERCK1G1_7_B2,KERCK1G1_7_B2,KERCK1G1_7_B2,RTPD,MCC,LMP_CONG_PRC,KERCK1G1_7_B2,ALL,1,-52.12658,2,107
2022-09-03T20:15:00-00:00,2022-09-03T20:30:00-00:00,2022-09-03,14,KERCK1G1_7_B2,KERCK1G1_7_B2,KERCK1G1_7_B2,RTPD,MCC,LMP_CONG_PRC,KERCK1G1_7_B2,ALL,1,10.87864,2,107
2022-09-03T21:15:00-00:00,2022-09-03T21:30:00-00:00,2022-09-03,15,KERCK1G1_7_B2,KERCK1G1_7_B2,KERCK1G1_7_B2,RTPD,MCC,LMP_CONG_PRC,KERCK1G1_7_B2,ALL,1,38.63057,2,107
2022-09-03T22:15:00-00:00,2022-09-03T22:30:00-00:00,2022-09-03,16,KERCK1G1_7_B2,KERCK1G1_7_B2,KERCK1G1_7_B2,RTPD,MCC,LMP_CONG_PRC,KERCK1G1_7_B2,ALL,1,36.81436,2,107
2022-09-03T23:15:00-00:00,2022-09-03T23:30:00-00:00,2022-09-03,17,KERCK1G1_7_B2,KERCK1G1_7_B2,KERCK1G1_7_B2,RTPD,MCC,LMP_CONG_PRC,KERCK1G1_7_B2,ALL,1,-22.81005,2,107
2022-09-04T00:15:00-00:00,2022-09-04T00:30:00-00:00,2022-09-03,18,KERCK1G1_7_B2,KERCK1G1_7_B2,KERCK1G1_7_B2,RTPD,MCC,LMP_CONG_PRC,KERCK1G1_7_B2,ALL,1,18.95902,2,107
2022-09-04T01:15:00-00:00,2022-09-04T01:30:00-00:00,2022-09-03,19,KERCK1G1_7_B2,KERCK1G1_7_B2,KERCK1G1_7_B2,RTPD,MCC,LMP_CONG_PRC,KERCK1G1_7_B2,ALL,1,-60.29117,2,107
2022-09-04T02:15:00-00:00,2022-09-04T02:30:00-00:00,2022-09-03,20,KERCK1G1_7_B2,KERCK1G1_7_B2,KERCK1G1_7_B2,RTPD,MCC,LMP_CONG_PRC,KERCK1G1_7_B2,ALL,1,-10.26947,2,107
2022-09-04T03:15:00-00:00,2022-09-04T03:30:00-00:00,2022-09-03,21,KERCK1G1_7_B2,KERCK1G1_7_B2,KERCK1G1_7_B2,RTPD,MCC,LMP_CONG_PRC,KERCK1G1_7_B2,ALL,1,21.87774,2,107
2022-09-04T04:15:00-00:00,2022-09-04T04:30:00-00:00,2022-09-03,22,KERCK1G1_7_B2,KERCK1G1_7_B2,KERCK1G1_7_B2,RTPD,MCC,LMP_CONG_PRC,KERCK1G1_7_B2,ALL,1,15.73169,2,107
2022-09-04T05:15:00-00:00,2022-09-04T05:30:00-00:00,2022-09-03,23,KERCK1G1_7_B2,KERCK1G1_7_B2,KERCK1G1_7_B2,RTPD,MCC,LMP_CONG_PRC,KERCK1G1_7_B2,ALL,1,-34.96168,2,107
2022-09-04T06:15:00-00:00,2022-09-04T06:30:00-00:00,2022-09-03,24,KERCK1G1_7_B2,KERCK1G1_7_B2,KERCK1G1_7_B2,RTPD,MCC,LMP_CONG_PRC,KERCK1G1_7_B2,ALL,1,-8.3899,2,107
2022-09-03T07:30:00-00:00,2022-09-03T07:45:00-00:00,2022-09-03,01,KERCK1G1_7_B2,KERCK1G1_7_B2,KERCK1G1_7_B2,RTPD,MCC,LMP_CONG_PRC,KERCK1G1_7_B2,ALL,1,-13.14661,3,107
2022-09-03T08:30:00-00:00,2022-09-03T08:45:00-00:00,2022-09-03,02,KERCK1G1_7_B2,KERCK1G1_7_B2,KERCK1G1_7_B2,RTPD,MCC,LMP_CONG_PRC,KERCK1G1_7_B2,ALL,1,40.1721,3,107
2022-09-03T09:30:00-00:00,2022-09-03T09:45:00-00:00,2022-09-03,03,KERCK1G1_7_B2,KERCK1G1_7_B2,KERCK1G1_7_B2,RTPD,MCC,LMP_CONG_PRC,KERCK1G1_7_B2,ALL,1,-15.1179,3,107
2022-09-03T10:30:00-00:00,2022-09-03T10:45:00-00:00,2022-09-03,04,KERCK1G1_7_B2,KERCK1G1_7_B2,KERCK1G1_7_B2,RTPD,MCC,LMP_CONG_PRC,KERCK1G1_7_B2,ALL,1,-11.68532,3,107
2022-09-03T11:30:00-00:00,2022-09-03T11:45:00-00:00,2022-09-03,05,KERCK1G1_7_B2,KERCK1G1_7_B2,KERCK1G1_7_B2,RTPD,MCC,LMP_CONG_PRC,KERCK1G1_7_B2,ALL,1,47.56123,3,107
2022-09-03T12:30:00-00:00,2022-09-03T12:45:00-00:00,2022-09-03,06,KERCK1G1_7_B2,KERCK1G1_7_B2,KERCK1G1_7_B2,RTPD,MCC,LMP_CONG_PRC,KERCK1G1_7_B2,ALL,1,-5.80612,3,107
2022-09-03T13:30:00-00:00,2022-09-03T13:45:00-00:00,2022-09-03,07,KERCK1G1_7_B2,KERCK1G1_7_B2,KERCK1G1_7_B2,RTPD,MCC,LMP_CONG_PRC,KERCK1G1_7_B2,ALL,1,22.40492,3,107
2022-09-03T14:30:00-00:00,2022-09-03T14:45:00-00:00,2022-09-03,08,KERCK1G1_7_B2,KERCK1G1_7_B2,KERCK1G1_7_B2,RTPD,MCC,LMP_CONG_PRC,KERCK1G1_7_B2,ALL,1,32.92372,3,107
2022-09-03T15:30:00-00:00,2022-09-03T15:45:00-00:00,2022-09-03,09,KERCK1G1_7_B2,KERCK1G1_7_B2,KERCK1G1_7_B2,RTPD,MCC,LMP_CONG_PRC,KERCK1G1_7_B2,ALL,1,0,3,107
2022-09-03T16:30:00-00:00,2022-09-03T16:45:00-00:00,2022-09-03,10,KERCK1G1_7_B2,KERCK1G1_7_B2,KERCK1G1_7_B2,RTPD,MCC,LMP_CONG_PRC,KERCK1G1_7_B2,ALL,1,0,3,107
2022-09-03T17:30:00-00:00,2022-09-03T17:45:00-00:00,2022-09-03,11,KERCK1G1_7_B2,KERCK1G1_7_B2,KERCK1G1_7_B2,RTPD,MCC,LMP_CONG_PRC,KERCK1G1_7_B2,ALL,1,0,3,107
2022-09-03T18:30:00-00:00,2022-09-03T18:45:00-00:00,2022-09-03,12,KERCK1G1_7_B2,KERCK1G1_7_B2,KERCK1G1_7_B2,RTPD,MCC,LMP_CONG_PRC,KERCK1G1_7_B2,ALL,1,-5.30508,3,107
2022-09-03T19:30:00-00:00,2022-09-03T19:45:00-00:00,2022-09-03,13,KERCK1G1_7_B2,KERCK1G1_7_B2,KERCK1G1_7_B2,RTPD,MCC,LMP_CONG_PRC,KERCK1G1_7_B2,ALL,1,-70.49916,3,107
2022-09-03T20:30:00-00:00,2022-09-03T20:45:00-00:00,2022-09-03,14,KERCK1G1_7_B2,KERCK1G1_7_B2,KERCK1G1_7_B2,RTPD,MCC,LMP_CONG_PRC,KERCK1G1_7_B2,ALL,1,16.69087,3,107
2022-09-03T21:30:00-00:00,2022-09-03T21:45:00-00:00,2022-09-03,15,KERCK1G1_7_B2,KERCK1G1_7_B2,KERCK1G1_7_B2,RTPD,MCC,LMP_CONG_PRC,KERCK1G1_7_B2,ALL,1,35.29154,3,107
2022-09-03T22:30:00-00:00,2022-09-03T22:45:00-00:00,2022-09-03,16,KERCK1G1_7_B2,KERCK1G1_7_B2,KERCK1G1_7_B2,RTPD,MCC,LMP_CONG_PRC,KERCK1G1_7_B2,ALL,1,-2.95262,3,107
2022-09-03T23:30:00-00:00,2022-09-03T23:45:00-00:00,2022-09-03,17,KERCK1G1_7_B2,KERCK1G1_7_B2,KERCK1G1_7_B2,RTPD,MCC,LMP_CONG_PRC,KERCK1G1_7_B2,ALL,1,-25.08059,3,107
2022-09-04T00:30:00-00:00,2022-09-04T00:45:00-00:00,2022-09-03,18,KERCK1G1_7_B2,KERCK1G1_7_B2,KERCK1G1_7_B2,RTPD,MCC,LMP_CONG_PRC,KERCK1G1_7_B2,ALL,1,-27.03816,3,107
2022-09-04T01:30:00-00:00,2022-09-04T01:45:00-00:00,2022-09-03,19,KERCK1G1_7_B2,KERCK1G1_7_B2,KERCK1G1_7_B2,RTPD,MCC,LMP_CONG_PRC,KERCK1G1_7_B2,ALL,1,-259.66006,3,107
2022-09-04T02:30:00-00:00,2022-09-04T02:45:00-00:00,2022-09-03,20,KERCK1G1_7_B2,KERCK1G1_7_B2,KERCK1G1_7_B2,RTPD,MCC,LMP_CONG_PRC,KERCK1G1_7_B2,ALL,1,1.65341,3,107
2022-09-04T03:30:00-00:00,2022-09-04T03:45:00-00:00,2022-09-03,21,KERCK1G1_7_B2,KERCK1G1_7_B2,KERCK1G1_7_B2,RTPD,MCC,LMP_CONG_PRC,KERCK1G1_7_B2,ALL,1,24.82489,3,107
2022-09-04T04:30:00-00:00,2022-09-04T04:45:00-00:00,2022-09-03,22,KERCK1G1_7_B2,KERCK1G1_7_B2,KERCK1G1_7_B2,RTPD,MCC,LMP_CONG_PRC,KERCK1G1_7_B2,ALL,1,27.10216,3,107
2022-09-04T05:30:00-00:00,2022-09-04T05:45:00-00:00,2022-09-03,23,KERCK1G1_7_B2,KERCK1G1_7_B2,KERCK1G1_7_B2,RTPD,MCC,LMP_CONG_PRC,KERCK1G1_7_B2,ALL,1,-38.62947,3,107
2022-09-04T06:30:00-00:00,2022-09-04T06:45:00-00:00,2022-09-03,24,KERCK1G1_7_B2,KERCK1G1_7_B2,KERCK1G1_7_B2,RTPD,MCC,LMP_CONG_PRC,KERCK1G1_7_B2,ALL,1,-16.24308,3,107
2022-09-03T07:45:00-00:00,2022-09-03T08:00:00-00:00,2022-09-03,01,KERCK1G1_7_B2,KERCK1G1_7_B2,KERCK1G1_7_B2,RTPD,MCC,LMP_CONG_PRC,KERCK1G1_7_B2,ALL,1,-9.79864,4,107
2022-09-03T08:45:00-00:00,2022-09-03T09:00:00-00:00,2022-09-03,02,KERCK1G1_7_B2,KERCK1G1_7_B2,KERCK1G1_7_B2,RTPD,MCC,LMP_CONG_PRC,KERCK1G1_7_B2,ALL,1,32.30197,4,107
2022-09-03T09:45:00-00:00,2022-09-03T10:00:00-00:00,2022-09-03,03,KERCK1G1_7_B2,KERCK1G1_7_B2,KERCK1G1_7_B2,RTPD,MCC,LMP_CONG_PRC,KERCK1G1_7_B2,ALL,1,-12.01628,4,107
2022-09-03T10:45:00-00:00,2022-09-03T11:00:00-00:00,2022-09-03,04,KERCK1G1_7_B2,KERCK1G1_7_B2,KERCK1G1_7_B2,RTPD,MCC,LMP_CONG_PRC,KERCK1G1_7_B2,ALL,1,178.29489,4,107
2022-09-03T11:45:00-00:00,2022-09-03T12:00:00-00:00,2022-09-03,05,KERCK1G1_7_B2,KERCK1G1_7_B2,KERCK1G1_7_B2,RTPD,MCC,LMP_CONG_PRC,KERCK1G1_7_B2,ALL,1,1.93567,4,107
2022-09-03T12:45:00-00:00,2022-09-03T13:00:00-00:00,2022-09-03,06,KERCK1G1_7_B2,KERCK1G1_7_B2,KERCK1G1_7_B2,RTPD,MCC,LMP_CONG_PRC,KERCK1G1_7_B2,ALL,1,-7.55998,4,107
2022-09-03T13:45:00-00:00,2022-09-03T14:00:00-00:00,2022-09-03,07,KERCK1G1_7_B2,KERCK1G1_7_B2,KERCK1G1_7_B2,RTPD,MCC,LMP_CONG_PRC,KERCK1G1_7_B2,ALL,1,29.33504,4,107
2022-09-03T14:45:00-00:00,2022-09-03T15:00:00-00:00,2022-09-03,08,KERCK1G1_7_B2,KERCK1G1_7_B2,KERCK1G1_7_B2,RTPD,MCC,LMP_CONG_PRC,KERCK1G1_7_B2,ALL,1,0.00113,4,107
2022-09-03T15:45:00-00:00,2022-09-03T16:00:00-00:00,2022-09-03,09,KERCK1G1_7_B2,KERCK1G1_7_B2,KERCK1G1_7_B2,RTPD,MCC,LMP_CONG_PRC,KERCK1G1_7_B2,ALL,1,0,4,107
2022-09-03T16:45:00-00:00,2022-09-03T17:00:00-00:00,2022-09-03,10,KERCK1G1_7_B2,KERCK1G1_7_B2,KERCK1G1_7_B2,RTPD,MCC,LMP_CONG_PRC,KERCK1G1_7_B2,ALL,1,0,4,107
2022-09-03T17:45:00-00:00,2022-09-03T18:00:00-00:00,2022-09-03,11,KERCK1G1_7_B2,KERCK1G1_7_B2,KERCK1G1_7_B2,RTPD,MCC,LMP_CONG_PRC,KERCK1G1_7_B2,ALL,1,-2.18409,4,107
2022-09-03T18:45:00-00:00,2022-09-03T19:00:00-00:00,2022-09-03,12,KERCK1G1_7_B2,KERCK1G1_7_B2,KERCK1G1_7_B2,RTPD,MCC,LMP_CONG_PRC,KERCK1G1_7_B2,ALL,1,-8.6824,4,107
2022-09-03T19:45:00-00:00,2022-09-03T20:00:00-00:00,2022-09-03,13,KERCK1G1_7_B2,KERCK1G1_7_B2,KERCK1G1_7_B2,RTPD,MCC,LMP_CONG_PRC,KERCK1G1_7_B2,ALL,1,-73.64057,4,107
2022-09-03T20:45:00-00:00,2022-09-03T21:00:00-00:00,2022-09-03,14,KERCK1G1_7_B2,KERCK1G1_7_B2,KERCK1G1_7_B2,RTPD,MCC,LMP_CONG_PRC,KERCK1G1_7_B2,ALL,1,18.76448,4,107
2022-09-03T21:45:00-00:00,2022-09-03T22:00:00-00:00,2022-09-03,15,KERCK1G1_7_B2,KERCK1G1_7_B2,KERCK1G1_7_B2,RTPD,MCC,LMP_CONG_PRC,KERCK1G1_7_B2,ALL,1,45.69397,4,107
2022-09-03T22:45:00-00:00,2022-09-03T23:00:00-00:00,2022-09-03,16,KERCK1G1_7_B2,KERCK1G1_7_B2,KERCK1G1_7_B2,RTPD,MCC,LMP_CONG_PRC,KERCK1G1_7_B2,ALL,1,3.49305,4,107
2022-09-03T23:45:00-00:00,2022-09-04T00:00:00-00:00,2022-09-03,17,KERCK1G1_7_B2,KERCK1G1_7_B2,KERCK1G1_7_B2,RTPD,MCC,LMP_CONG_PRC,KERCK1G1_7_B2,ALL,1,10.37064,4,107
2022-09-04T00:45:00-00:00,2022-09-04T01:00:00-00:00,2022-09-03,18,KERCK1G1_7_B2,KERCK1G1_7_B2,KERCK1G1_7_B2,RTPD,MCC,LMP_CONG_PRC,KERCK1G1_7_B2,ALL,1,-192.48299,4,107
2022-09-04T01:45:00-00:00,2022-09-04T02:00:00-00:00,2022-09-03,19,KERCK1G1_7_B2,KERCK1G1_7_B2,KERCK1G1_7_B2,RTPD,MCC,LMP_CONG_PRC,KERCK1G1_7_B2,ALL,1,54.63935,4,107
2022-09-04T02:45:00-00:00,2022-09-04T03:00:00-00:00,2022-09-03,20,KERCK1G1_7_B2,KERCK1G1_7_B2,KERCK1G1_7_B2,RTPD,MCC,LMP_CONG_PRC,KERCK1G1_7_B2,ALL,1,-8.79717,4,107
2022-09-04T03:45:00-00:00,2022-09-04T04:00:00-00:00,2022-09-03,21,KERCK1G1_7_B2,KERCK1G1_7_B2,KERCK1G1_7_B2,RTPD,MCC,LMP_CONG_PRC,KERCK1G1_7_B2,ALL,1,-10.2422,4,107
2022-09-04T04:45:00-00:00,2022-09-04T05:00:00-00:00,2022-09-03,22,KERCK1G1_7_B2,KERCK1G1_7_B2,KERCK1G1_7_B2,RTPD,MCC,LMP_CONG_PRC,KERCK1G1_7_B2,ALL,1,34.74687,4,107
2022-09-04T05:45:00-00:00,2022-09-04T06:00:00-00:00,2022-09-03,23,KERCK1G1_7_B2,KERCK1G1_7_B2,KERCK1G1_7_B2,RTPD,MCC,LMP_CONG_PRC,KERCK1G1_7_B2,ALL,1,-31.65483,4,107
2022-09-04T06:45:00-00:00,2022-09-04T07:00:00-00:00,2022-09-03,24,KERCK1G1_7_B2,KERCK1G1_7_B2,KERCK1G1_7_B2,RTPD,MCC,LMP_CONG_PRC,KERCK1G1_7_B2,ALL,1,-19.39436,4,107
2022-09-03T07:00:00-00:00,2022-09-03T07:15:00-00:00,2022-09-03,01,KERCK1G1_7_B2,KERCK1G1_7_B2,KERCK1G1_7_B2,RTPD,MCE,LMP_ENE_PRC,KERCK1G1_7_B2,ALL,1,95.21526,1,108
2022-09-03T08:00:00-00:00,2022-09-03T08:15:00-00:00,2022-09-03,02,KERCK1G1_7_B2,KERCK1G1_7_B2,KERCK1G1_7_B2,RTPD,MCE,LMP_ENE_PRC,KERCK1G1_7_B2,ALL,1,87.28334,1,108
2022-09-03T09:00:00-00:00,2022-09-03T09:15:00-00:00,2022-09-03,03,KERCK1G1_7_B2,KERCK1G1_7_B2,KERCK1G1_7_B2,RTPD,MCE,LMP_ENE_PRC,KERCK1G1_7_B2,ALL,1,83.66355,1,108
2022-09-03T10:00:00-00:00,2022-09-03T10:15:00-00:00,2022-09-03,04,KERCK1G1_7_B2,KERCK1G1_7_B2,KERCK1G1_7_B2,RTPD,MCE,LMP_ENE_PRC,KERCK1G1_7_B2,ALL,1,78.01908,1,108
2022-09-03T11:00:00-00:00,2022-09-03T11:15:00-00:00,2022-09-03,05,KERCK1G1_7_B2,KERCK1G1_7_B2,KERCK1G1_7_B2,RTPD,MCE,LMP_ENE_PRC,KERCK1G1_7_B2,ALL,1,75.01707,1,108
2022-09-03T12:00:00-00:00,2022-09-03T12:15:00-00:00,2022-09-03,06,KERCK1G1_7_B2,KERCK1G1_7_B2,KERCK1G1_7_B2,RTPD,MCE,LMP_ENE_PRC,KERCK1G1_7_B2,ALL,1,69.78732,1,108
2022-09-03T13:00:00-00:00,2022-09-03T13:15:00-00:00,2022-09-03,07,KERCK1G1_7_B2,KERCK1G1_7_B2,KERCK1G1_7_B2,RTPD,MCE,LMP_ENE_PRC,KERCK1G1_7_B2,ALL,1,60.44229,1,108
2022-09-03T14:00:00-00:00,2022-09-03T14:15:00-00:00,2022-09-03,08,KERCK1G1_7_B2,KERCK1G1_7_B2,KERCK1G1_7_B2,RTPD,MCE,LMP_ENE_PRC,KERCK1G1_7_B2,ALL,1,41.05574,1,108
2022-09-03T15:00:00-00:00,2022-09-03T15:15:00-00:00,2022-09-03,09,KERCK1G1_7_B2,KERCK1G1_7_B2,KERCK1G1_7_B2,RTPD,MCE,LMP_ENE_PRC,KERCK1G1_7_B2,ALL,1,25.73144,1,108
2022-09-03T16:00:00-00:00,2022-09-03T16:15:00-00:00,2022-09-03,10,KERCK1G1_7_B2,KERCK1G1_7_B2,KERCK1G1_7_B2,RTPD,MCE,LMP_ENE_PRC,KERCK1G1_7_B2,ALL,1,28.48087,1,108
2022-09-03T17:00:00-00:00,2022-09-03T17:15:00-00:00,2022-09-03,11,KERCK1G1_7_B2,KERCK1G1_7_B2,KERCK1G1_7_B2,RTPD,MCE,LMP_ENE_PRC,KERCK1G1_7_B2,ALL,1,51.7991,1,108
2022-09-03T18:00:00-00:00,2022-09-03T18:15:00-00:00,2022-09-03,12,KERCK1G1_7_B2,KERCK1G1_7_B2,KERCK1G1_7_B2,RTPD,MCE,LMP_ENE_PRC,KERCK1G1_7_B2,ALL,1,66.18183,1,108
2022-09-03T19:00:00-00:00,2022-09-03T19:15:00-00:00,2022-09-03,13,KERCK1G1_7_B2,KERCK1G1_7_B2,KERCK1G1_7_B2,RTPD,MCE,LMP_ENE_PRC,KERCK1G1_7_B2,ALL,1,49.33175,1,108
2022-09-03T20:00:00-00:00,2022-09-03T20:15:00-00:00,2022-09-03,14,KERCK1G1_7_B2,KERCK1G1_7_B2,KERCK1G1_7_B2,RTPD,MCE,LMP_ENE_PRC,KERCK1G1_7_B2,ALL,1,61.97858,1,108
2022-09-03T21:00:00-00:00,2022-09-03T21:15:00-00:00,2022-09-03,15,KERCK1G1_7_B2,KERCK1G1_7_B2,KERCK1G1_7_B2,RTPD,MCE,LMP_ENE_PRC,KERCK1G1_7_B2,ALL,1,48.58929,1,108
2022-09-03T22:00:00-00:00,2022-09-03T22:15:00-00:00,2022-09-03,16,KERCK1G1_7_B2,KERCK1G1_7_B2,KERCK1G1_7_B2,RTPD,MCE,LMP_ENE_PRC,KERCK1G1_7_B2,ALL,1,56.82881,1,108
2022-09-03T23:00:00-00:00,2022-09-03T23:15:00-00:00,2022-09-03,17,KERCK1G1_7_B2,KERCK1G1_7_B2,KERCK1G1_7_B2,RTPD,MCE,LMP_ENE_PRC,KERCK1G1_7_B2,ALL,1,71.87635,1,108
2022-09-04T00:00:00-00:00,2022-09-04T00:15:00-00:00,2022-09-03,18,KERCK1G1_7_B2,KERCK1G1_7_B2,KERCK1G1_7_B2,RTPD,MCE,LMP_ENE_PRC,KERCK1G1_7_B2,ALL,1,89.65697,1,108
2022-09-04T01:00:00-00:00,2022-09-04T01:15:00-00:00,2022-09-03,19,KERCK1G1_7_B2,KERCK1G1_7_B2,KERCK1G1_7_B2,RTPD,MCE,LMP_ENE_PRC,KERCK1G1_7_B2,ALL,1,154.23135,1,108
2022-09-04T02:00:00-00:00,2022-09-04T02:15:00-00:00,2022-09-03,20,KERCK1G1_7_B2,KERCK1G1_7_B2,KERCK1G1_7_B2,RTPD,MCE,LMP_ENE_PRC,KERCK1G1_7_B2,ALL,1,112.79788,1,108
2022-09-04T03:00:00-00:00,2022-09-04T03:15:00-00:00,2022-09-03,21,KERCK1G1_7_B2,KERCK1G1_7_B2,KERCK1G1_7_B2,RTPD,MCE,LMP_ENE_PRC,KERCK1G1_7_B2,ALL,1,114.10546,1,108
2022-09-04T04:00:00-00:00,2022-09-04T04:15:00-00:00,2022-09-03,22,KERCK1G1_7_B2,KERCK1G1_7_B2,KERCK1G1_7_B2,RTPD,MCE,LMP_ENE_PRC,KERCK1G1_7_B2,ALL,1,110.78377,1,108
2022-09-04T05:00:00-00:00,2022-09-04T05:15:00-00:00,2022-09-03,23,KERCK1G1_7_B2,KERCK1G1_7_B2,KERCK1G1_7_B2,RTPD,MCE,LMP_ENE_PRC,KERCK1G1_7_B2,ALL,1,126.90499,1,108
2022-09-04T06:00:00-00:00,2022-09-04T06:15:00-00:00,2022-09-03,24,KERCK1G1_7_B2,KERCK1G1_7_B2,KERCK1G1_7_B2,RTPD,MCE,LMP_ENE_PRC,KERCK1G1_7_B2,ALL,1,104.78344,1,108
2022-09-03T07:15:00-00:00,2022-09-03T07:30:00-00:00,2022-09-03,01,KERCK1G1_7_B2,KERCK1G1_7_B2,KERCK1G1_7_B2,RTPD,MCE,LMP_ENE_PRC,KERCK1G1_7_B2,ALL,1,92.27523,2,108
2022-09-03T08:15:00-00:00,2022-09-03T08:30:00-00:00,2022-09-03,02,KERCK1G1_7_B2,KERCK1G1_7_B2,KERCK1G1_7_B2,RTPD,MCE,LMP_ENE_PRC,KERCK1G1_7_B2,ALL,1,86.08077,2,108
2022-09-03T09:15:00-00:00,2022-09-03T09:30:00-00:00,2022-09-03,03,KERCK1G1_7_B2,KERCK1G1_7_B2,KERCK1G1_7_B2,RTPD,MCE,LMP_ENE_PRC,KERCK1G1_7_B2,ALL,1,81.52448,2,108
2022-09-03T10:15:00-00:00,2022-09-03T10:30:00-00:00,2022-09-03,04,KERCK1G1_7_B2,KERCK1G1_7_B2,KERCK1G1_7_B2,RTPD,MCE,LMP_ENE_PRC,KERCK1G1_7_B2,ALL,1,76.07778,2,108
2022-09-03T11:15:00-00:00,2022-09-03T11:30:00-00:00,2022-09-03,05,KERCK1G1_7_B2,KERCK1G1_7_B2,KERCK1G1_7_B2,RTPD,MCE,LMP_ENE_PRC,KERCK1G1_7_B2,ALL,1,70.31505,2,108
2022-09-03T12:15:00-00:00,2022-09-03T12:30:00-00:00,2022-09-03,06,KERCK1G1_7_B2,KERCK1G1_7_B2,KERCK1G1_7_B2,RTPD,MCE,LMP_ENE_PRC,KERCK1G1_7_B2,ALL,1,70.02316,2,108
2022-09-03T13:15:00-00:00,2022-09-03T13:30:00-00:00,2022-09-03,07,KERCK1G1_7_B2,KERCK1G1_7_B2,KERCK1G1_7_B2,RTPD,MCE,LMP_ENE_PRC,KERCK1G1_7_B2,ALL,1,58.94546,2,108
2022-09-03T14:15:00-00:00,2022-09-03T14:30:00-00:00,2022-09-03,08,KERCK1G1_7_B2,KERCK1G1_7_B2,KERCK1G1_7_B2,RTPD,MCE,LMP_ENE_PRC,KERCK1G1_7_B2,ALL,1,36.88333,2,108
2022-09-03T15:15:00-00:00,2022-09-03T15:30:00-00:00,2022-09-03,09,KERCK1G1_7_B2,KERCK1G1_7_B2,KERCK1G1_7_B2,RTPD,MCE,LMP_ENE_PRC,KERCK1G1_7_B2,ALL,1,25.63309,2,108
2022-09-03T16:15:00-00:00,2022-09-03T16:30:00-00:00,2022-09-03,10,KERCK1G1_7_B2,KERCK1G1_7_B2,KERCK1G1_7_B2,RTPD,MCE,LMP_ENE_PRC,KERCK1G1_7_B2,ALL,1,28.35578,2,108
2022-09-03T17:15:00-00:00,2022-09-03T17:30:00-00:00,2022-09-03,11,KERCK1G1_7_B2,KERCK1G1_7_B2,KERCK1G1_7_B2,RTPD,MCE,LMP_ENE_PRC,KERCK1G1_7_B2,ALL,1,62.78814,2,108
2022-09-03T18:15:00-00:00,2022-09-03T18:30:00-00:00,2022-09-03,12,KERCK1G1_7_B2,KERCK1G1_7_B2,KERCK1G1_7_B2,RTPD,MCE,LMP_ENE_PRC,KERCK1G1_7_B2,ALL,1,69.64405,2,108
2022-09-03T19:15:00-00:00,2022-09-03T19:30:00-00:00,2022-09-03,13,KERCK1G1_7_B2,KERCK1G1_7_B2,KERCK1G1_7_B2,RTPD,MCE,LMP_ENE_PRC,KERCK1G1_7_B2,ALL,1,55.44478,2,108
2022-09-03T20:15:00-00:00,2022-09-03T20:30:00-00:00,2022-09-03,14,KERCK1G1_7_B2,KERCK1G1_7_B2,KERCK1G1_7_B2,RTPD,MCE,LMP_ENE_PRC,KERCK1G1_7_B2,ALL,1,61.55304,2,108
2022-09-03T21:15:00-00:00,2022-09-03T21:30:00-00:00,2022-09-03,15,KERCK1G1_7_B2,KERCK1G1_7_B2,KERCK1G1_7_B2,RTPD,MCE,LMP_ENE_PRC,KERCK1G1_7_B2,ALL,1,53.762,2,108
2022-09-03T22:15:00-00:00,2022-09-03T22:30:00-00:00,2022-09-03,16,KERCK1G1_7_B2,KERCK1G1_7_B2,KERCK1G1_7_B2,RTPD,MCE,LMP_ENE_PRC,KERCK1G1_7_B2,ALL,1,70.72961,2,108
2022-09-03T23:15:00-00:00,2022-09-03T23:30:00-00:00,2022-09-03,17,KERCK1G1_7_B2,KERCK1G1_7_B2,KERCK1G1_7_B2,RTPD,MCE,LMP_ENE_PRC,KERCK1G1_7_B2,ALL,1,86.75099,2,108
2022-09-04T00:15:00-00:00,2022-09-04T00:30:00-00:00,2022-09-03,18,KERCK1G1_7_B2,KERCK1G1_7_B2,KERCK1G1_7_B2,RTPD,MCE,LMP_ENE_PRC,KERCK1G1_7_B2,ALL,1,102.50471,2,108
2022-09-04T01:15:00-00:00,2022-09-04T01:30:00-00:00,2022-09-03,19,KERCK1G1_7_B2,KERCK1G1_7_B2,KERCK1G1_7_B2,RTPD,MCE,LMP_ENE_PRC,KERCK1G1_7_B2,ALL,1,212.54434,2,108
2022-09-04T02:15:00-00:00,2022-09-04T02:30:00-00:00,2022-09-03,20,KERCK1G1_7_B2,KERCK1G1_7_B2,KERCK1G1_7_B2,RTPD,MCE,LMP_ENE_PRC,KERCK1G1_7_B2,ALL,1,130.70084,2,108
2022-09-04T03:15:00-00:00,2022-09-04T03:30:00-00:00,2022-09-03,21,KERCK1G1_7_B2,KERCK1G1_7_B2,KERCK1G1_7_B2,RTPD,MCE,LMP_ENE_PRC,KERCK1G1_7_B2,ALL,1,95.34308,2,108
2022-09-04T04:15:00-00:00,2022-09-04T04:30:00-00:00,2022-09-03,22,KERCK1G1_7_B2,KERCK1G1_7_B2,KERCK1G1_7_B2,RTPD,MCE,LMP_ENE_PRC,KERCK1G1_7_B2,ALL,1,109.32287,2,108
2022-09-04T05:15:00-00:00,2022-09-04T05:30:00-00:00,2022-09-03,23,KERCK1G1_7_B2,KERCK1G1_7_B2,KERCK1G1_7_B2,RTPD,MCE,LMP_ENE_PRC,KERCK1G1_7_B2,ALL,1,116.98954,2,108
2022-09-04T06:15:00-00:00,2022-09-04T06:30:00-00:00,2022-09-03,24,KERCK1G1_7_B2,KERCK1G1_7_B2,KERCK1G1_7_B2,RTPD,MCE,LMP_ENE_PRC,KERCK1G1_7_B2,ALL,1,96.51392,2,108
2022-09-03T07:30:00-00:00,2022-09-03T07:45:00-00:00,2022-09-03,01,KERCK1G1_7_B2,KERCK1G1_7_B2,KERCK1G1_7_B2,RTPD,MCE,LMP_ENE_PRC,KERCK1G1_7_B2,ALL,1,89.3035,3,108
2022-09-03T08:30:00-00:00,2022-09-03T08:45:00-00:00,2022-09-03,02,KERCK1G1_7_B2,KERCK1G1_7_B2,KERCK1G1_7_B2,RTPD,MCE,LMP_ENE_PRC,KERCK1G1_7_B2,ALL,1,84.37487,3,108
2022-09-03T09:30:00-00:00,2022-09-03T09:45:00-00:00,2022-09-03,03,KERCK1G1_7_B2,KERCK1G1_7_B2,KERCK1G1_7_B2,RTPD,MCE,LMP_ENE_PRC,KERCK1G1_7_B2,ALL,1,78.67165,3,108
2022-09-03T10:30:00-00:00,2022-09-03T10:45:00-00:00,2022-09-03,04,KERCK1G1_7_B2,KERCK1G1_7_B2,KERCK1G1_7_B2,RTPD,MCE,LMP_ENE_PRC,KERCK1G1_7_B2,ALL,1,74.63704,3,108
2022-09-03T11:30:00-00:00,2022-09-03T11:45:00-00:00,2022-09-03,05,KERCK1G1_7_B2,KERCK1G1_7_B2,KERCK1G1_7_B2,RTPD,MCE,LMP_ENE_PRC,KERCK1G1_7_B2,ALL,1,72.79705,3,108
2022-09-03T12:30:00-00:00,2022-09-03T12:45:00-00:00,2022-09-03,06,KERCK1G1_7_B2,KERCK1G1_7_B2,KERCK1G1_7_B2,RTPD,MCE,LMP_ENE_PRC,KERCK1G1_7_B2,ALL,1,71.64459,3,108
2022-09-03T13:30:00-00:00,2022-09-03T13:45:00-00:00,2022-09-03,07,KERCK1G1_7_B2,KERCK1G1_7_B2,KERCK1G1_7_B2,RTPD,MCE,LMP_ENE_PRC,KERCK1G1_7_B2,ALL,1,58.60193,3,108
2022-09-03T14:30:00-00:00,2022-09-03T14:45:00-00:00,2022-09-03,08,KERCK1G1_7_B2,KERCK1G1_7_B2,KERCK1G1_7_B2,RTPD,MCE,LMP_ENE_PRC,KERCK1G1_7_B2,ALL,1,35.09087,3,108
2022-09-03T15:30:00-00:00,2022-09-03T15:45:00-00:00,2022-09-03,09,KERCK1G1_7_B2,KERCK1G1_7_B2,KERCK1G1_7_B2,RTPD,MCE,LMP_ENE_PRC,KERCK1G1_7_B2,ALL,1,24.86074,3,108
2022-09-03T16:30:00-00:00,2022-09-03T16:45:00-00:00,2022-09-03,10,KERCK1G1_7_B2,KERCK1G1_7_B2,KERCK1G1_7_B2,RTPD,MCE,LMP_ENE_PRC,KERCK1G1_7_B2,ALL,1,27.53581,3,108
2022-09-03T17:30:00-00:00,2022-09-03T17:45:00-00:00,2022-09-03,11,KERCK1G1_7_B2,KERCK1G1_7_B2,KERCK1G1_7_B2,RTPD,MCE,LMP_ENE_PRC,KERCK1G1_7_B2,ALL,1,63.76433,3,108
2022-09-03T18:30:00-00:00,2022-09-03T18:45:00-00:00,2022-09-03,12,KERCK1G1_7_B2,KERCK1G1_7_B2,KERCK1G1_7_B2,RTPD,MCE,LMP_ENE_PRC,KERCK1G1_7_B2,ALL,1,73.72509,3,108
2022-09-03T19:30:00-00:00,2022-09-03T19:45:00-00:00,2022-09-03,13,KERCK1G1_7_B2,KERCK1G1_7_B2,KERCK1G1_7_B2,RTPD,MCE,LMP_ENE_PRC,KERCK1G1_7_B2,ALL,1,70.11451,3,108
2022-09-03T20:30:00-00:00,2022-09-03T20:45:00-00:00,2022-09-03,14,KERCK1G1_7_B2,KERCK1G1_7_B2,KERCK1G1_7_B2,RTPD,MCE,LMP_ENE_PRC,KERCK1G1_7_B2,ALL,1,64.79179,3,108
2022-09-03T21:30:00-00:00,2022-09-03T21:45:00-00:00,2022-09-03,15,KERCK1G1_7_B2,KERCK1G1_7_B2,KERCK1G1_7_B2,RTPD,MCE,LMP_ENE_PRC,KERCK1G1_7_B2,ALL,1,59.9647,3,108
2022-09-03T22:30:00-00:00,2022-09-03T22:45:00-00:00,2022-09-03,16,KERCK1G1_7_B2,KERCK1G1_7_B2,KERCK1G1_7_B2,RTPD,MCE,LMP_ENE_PRC,KERCK1G1_7_B2,ALL,1,91.4901,3,108
2022-09-03T23:30:00-00:00,2022-09-03T23:45:00-00:00,2022-09-03,17,KERCK1G1_7_B2,KERCK1G1_7_B2,KERCK1G1_7_B2,RTPD,MCE,LMP_ENE_PRC,KERCK1G1_7_B2,ALL,1,93.43303,3,108
2022-09-04T00:30:00-00:00,2022-09-04T00:45:00-00:00,2022-09-03,18,KERCK1G1_7_B2,KERCK1G1_7_B2,KERCK1G1_7_B2,RTPD,MCE,LMP_ENE_PRC,KERCK1G1_7_B2,ALL,1,123.47544,3,108
2022-09-04T01:30:00-00:00,2022-09-04T01:45:00-00:00,2022-09-03,19,KERCK1G1_7_B2,KERCK1G1_7_B2,KERCK1G1_7_B2,RTPD,MCE,LMP_ENE_PRC,KERCK1G1_7_B2,ALL,1,393.41373,3,108
2022-09-04T02:30:00-00:00,2022-09-04T02:45:00-00:00,2022-09-03,20,KERCK1G1_7_B2,KERCK1G1_7_B2,KERCK1G1_7_B2,RTPD,MCE,LMP_ENE_PRC,KERCK1G1_7_B2,ALL,1,116.43634,3,108
2022-09-04T03:30:00-00:00,2022-09-04T03:45:00-00:00,2022-09-03,21,KERCK1G1_7_B2,KERCK1G1_7_B2,KERCK1G1_7_B2,RTPD,MCE,LMP_ENE_PRC,KERCK1G1_7_B2,ALL,1,91.11213,3,108
2022-09-04T04:30:00-00:00,2022-09-04T04:45:00-00:00,2022-09-03,22,KERCK1G1_7_B2,KERCK1G1_7_B2,KERCK1G1_7_B2,RTPD,MCE,LMP_ENE_PRC,KERCK1G1_7_B2,ALL,1,99.5048,3,108
2022-09-04T05:30:00-00:00,2022-09-04T05:45:00-00:00,2022-09-03,23,KERCK1G1_7_B2,KERCK1G1_7_B2,KERCK1G1_7_B2,RTPD,MCE,LMP_ENE_PRC,KERCK1G1_7_B2,ALL,1,112.62845,3,108
2022-09-04T06:30:00-00:00,2022-09-04T06:45:00-00:00,2022-09-03,24,KERCK1G1_7_B2,KERCK1G1_7_B2,KERCK1G1_7_B2,RTPD,MCE,LMP_ENE_PRC,KERCK1G1_7_B2,ALL,1,93.24175,3,108
2022-09-03T07:45:00-00:00,2022-09-03T08:00:00-00:00,2022-09-03,01,KERCK1G1_7_B2,KERCK1G1_7_B2,KERCK1G1_7_B2,RTPD,MCE,LMP_ENE_PRC,KERCK1G1_7_B2,ALL,1,83.53218,4,108
2022-09-03T08:45:00-00:00,2022-09-03T09:00:00-00:00,2022-09-03,02,KERCK1G1_7_B2,KERCK1G1_7_B2,KERCK1G1_7_B2,RTPD,MCE,LMP_ENE_PRC,KERCK1G1_7_B2,ALL,1,82.09146,4,108
2022-09-03T09:45:00-00:00,2022-09-03T10:00:00-00:00,2022-09-03,03,KERCK1G1_7_B2,KERCK1G1_7_B2,KERCK1G1_7_B2,RTPD,MCE,LMP_ENE_PRC,KERCK1G1_7_B2,ALL,1,74.61678,4,108
2022-09-03T10:45:00-00:00,2022-09-03T11:00:00-00:00,2022-09-03,04,KERCK1G1_7_B2,KERCK1G1_7_B2,KERCK1G1_7_B2,RTPD,MCE,LMP_ENE_PRC,KERCK1G1_7_B2,ALL,1,78.59346,4,108
2022-09-03T11:45:00-00:00,2022-09-03T12:00:00-00:00,2022-09-03,05,KERCK1G1_7_B2,KERCK1G1_7_B2,KERCK1G1_7_B2,RTPD,MCE,LMP_ENE_PRC,KERCK1G1_7_B2,ALL,1,69.7597,4,108
2022-09-03T12:45:00-00:00,2022-09-03T13:00:00-00:00,2022-09-03,06,KERCK1G1_7_B2,KERCK1G1_7_B2,KERCK1G1_7_B2,RTPD,MCE,LMP_ENE_PRC,KERCK1G1_7_B2,ALL,1,67.86831,4,108
2022-09-03T13:45:00-00:00,2022-09-03T14:00:00-00:00,2022-09-03,07,KERCK1G1_7_B2,KERCK1G1_7_B2,KERCK1G1_7_B2,RTPD,MCE,LMP_ENE_PRC,KERCK1G1_7_B2,ALL,1,46.5703,4,108
2022-09-03T14:45:00-00:00,2022-09-03T15:00:00-00:00,2022-09-03,08,KERCK1G1_7_B2,KERCK1G1_7_B2,KERCK1G1_7_B2,RTPD,MCE,LMP_ENE_PRC,KERCK1G1_7_B2,ALL,1,21.24877,4,108
2022-09-03T15:45:00-00:00,2022-09-03T16:00:00-00:00,2022-09-03,09,KERCK1G1_7_B2,KERCK1G1_7_B2,KERCK1G1_7_B2,RTPD,MCE,LMP_ENE_PRC,KERCK1G1_7_B2,ALL,1,23.18314,4,108
2022-09-03T16:45:00-00:00,2022-09-03T17:00:00-00:00,2022-09-03,10,KERCK1G1_7_B2,KERCK1G1_7_B2,KERCK1G1_7_B2,RTPD,MCE,LMP_ENE_PRC,KERCK1G1_7_B2,ALL,1,46.59203,4,108
2022-09-03T17:45:00-00:00,2022-09-03T18:00:00-00:00,2022-09-03,11,KERCK1G1_7_B2,KERCK1G1_7_B2,KERCK1G1_7_B2,RTPD,MCE,LMP_ENE_PRC,KERCK1G1_7_B2,ALL,1,70.00191,4,108
2022-09-03T18:45:00-00:00,2022-09-03T19:00:00-00:00,2022-09-03,12,KERCK1G1_7_B2,KERCK1G1_7_B2,KERCK1G1_7_B2,RTPD,MCE,LMP_ENE_PRC,KERCK1G1_7_B2,ALL,1,73.13248,4,108
2022-09-03T19:45:00-00:00,2022-09-03T20:00:00-00:00,2022-09-03,13,KERCK1G1_7_B2,KERCK1G1_7_B2,KERCK1G1_7_B2,RTPD,MCE,LMP_ENE_PRC,KERCK1G1_7_B2,ALL,1,73.69349,4,108
2022-09-03T20:45:00-00:00,2022-09-03T21:00:00-00:00,2022-09-03,14,KERCK1G1_7_B2,KERCK1G1_7_B2,KERCK1G1_7_B2,RTPD,MCE,LMP_ENE_PRC,KERCK1G1_7_B2,ALL,1,63.90304,4,108
2022-09-03T21:45:00-00:00,2022-09-03T22:00:00-00:00,2022-09-03,15,KERCK1G1_7_B2,KERCK1G1_7_B2,KERCK1G1_7_B2,RTPD,MCE,LMP_ENE_PRC,KERCK1G1_7_B2,ALL,1,66.4579,4,108
2022-09-03T22:45:00-00:00,2022-09-03T23:00:00-00:00,2022-09-03,16,KERCK1G1_7_B2,KERCK1G1_7_B2,KERCK1G1_7_B2,RTPD,MCE,LMP_ENE_PRC,KERCK1G1_7_B2,ALL,1,118.26591,4,108
2022-09-03T23:45:00-00:00,2022-09-04T00:00:00-00:00,2022-09-03,17,KERCK1G1_7_B2,KERCK1G1_7_B2,KERCK1G1_7_B2,RTPD,MCE,LMP_ENE_PRC,KERCK1G1_7_B2,ALL,1,116.80928,4,108
2022-09-04T00:45:00-00:00,2022-09-04T01:00:00-00:00,2022-09-03,18,KERCK1G1_7_B2,KERCK1G1_7_B2,KERCK1G1_7_B2,RTPD,MCE,LMP_ENE_PRC,KERCK1G1_7_B2,ALL,1,258.08282,4,108
2022-09-04T01:45:00-00:00,2022-09-04T02:00:00-00:00,2022-09-03,19,KERCK1G1_7_B2,KERCK1G1_7_B2,KERCK1G1_7_B2,RTPD,MCE,LMP_ENE_PRC,KERCK1G1_7_B2,ALL,1,349.2899,4,108
2022-09-04T02:45:00-00:00,2022-09-04T03:00:00-00:00,2022-09-03,20,KERCK1G1_7_B2,KERCK1G1_7_B2,KERCK1G1_7_B2,RTPD,MCE,LMP_ENE_PRC,KERCK1G1_7_B2,ALL,1,126.7922,4,108
2022-09-04T03:45:00-00:00,2022-09-04T04:00:00-00:00,2022-09-03,21,KERCK1G1_7_B2,KERCK1G1_7_B2,KERCK1G1_7_B2,RTPD,MCE,LMP_ENE_PRC,KERCK1G1_7_B2,ALL,1,83.08399,4,108
2022-09-04T04:45:00-00:00,2022-09-04T05:00:00-00:00,2022-09-03,22,KERCK1G1_7_B2,KERCK1G1_7_B2,KERCK1G1_7_B2,RTPD,MCE,LMP_ENE_PRC,KERCK1G1_7_B2,ALL,1,92.33352,4,108
2022-09-04T05:45:00-00:00,2022-09-04T06:00:00-00:00,2022-09-03,23,KERCK1G1_7_B2,KERCK1G1_7_B2,KERCK1G1_7_B2,RTPD,MCE,LMP_ENE_PRC,KERCK1G1_7_B2,ALL,1,99.18602,4,108
2022-09-04T06:45:00-00:00,2022-09-04T07:00:00-00:00,2022-09-03,24,KERCK1G1_7_B2,KERCK1G1_7_B2,KERCK1G1_7_B2,RTPD,MCE,LMP_ENE_PRC,KERCK1G1_7_B2,ALL,1,85.94384,4,108
2022-09-03T07:00:00-00:00,2022-09-03T07:15:00-00:00,2022-09-03,01,KERCK1G1_7_B2,KERCK1G1_7_B2,KERCK1G1_7_B2,RTPD,MCL,LMP_LOSS_PRC,KERCK1G1_7_B2,ALL,1,15.0821,1,109
2022-09-03T08:00:00-00:00,2022-09-03T08:15:00-00:00,2022-09-03,02,KERCK1G1_7_B2,KERCK1G1_7_B2,KERCK1G1_7_B2,RTPD,MCL,LMP_LOSS_PRC,KERCK1G1_7_B2,ALL,1,0,1,109
2022-09-03T09:00:00-00:00,2022-09-03T09:15:00-00:00,2022-09-03,03,KERCK1G1_7_B2,KERCK1G1_7_B2,KERCK1G1_7_B2,RTPD,MCL,LMP_LOSS_PRC,KERCK1G1_7_B2,ALL,1,0,1,109
2022-09-03T10:00:00-00:00,2022-09-03T10:15:00-00:00,2022-09-03,04,KERCK1G1_7_B2,KERCK1G1_7_B2,KERCK1G1_7_B2,RTPD,MCL,LMP_LOSS_PRC,KERCK1G1_7_B2,ALL,1,0,1,109
2022-09-03T11:00:00-00:00,2022-09-03T11:15:00-00:00,2022-09-03,05,KERCK1G1_7_B2,KERCK1G1_7_B2,KERCK1G1_7_B2,RTPD,MCL,LMP_LOSS_PRC,KERCK1G1_7_B2,ALL,1,0,1,109
2022-09-03T12:00:00-00:00,2022-09-03T12:15:00-00:00,2022-09-03,06,KERCK1G1_7_B2,KERCK1G1_7_B2,KERCK1G1_7_B2,RTPD,MCL,LMP_LOSS_PRC,KERCK1G1_7_B2,ALL,1,0,1,109
2022-09-03T13:00:00-00:00,2022-09-03T13:15:00-00:00,2022-09-03,07,KERCK1G1_7_B2,KERCK1G1_7_B2,KERCK1G1_7_B2,RTPD,MCL,LMP_LOSS_PRC,KERCK1G1_7_B2,ALL,1,0,1,109
2022-09-03T14:00:00-00:00,2022-09-03T14:15:00-00:00,2022-09-03,08,KERCK1G1_7_B2,KERCK1G1_7_B2,KERCK1G1_7_B2,RTPD,MCL,LMP_LOSS_PRC,KERCK1G1_7_B2,ALL,1,0,1,109
2022-09-03T15:00:00-00:00,2022-09-03T15:15:00-00:00,2022-09-03,09,KERCK1G1_7_B2,KERCK1G1_7_B2,KERCK1G1_7_B2,RTPD,MCL,LMP_LOSS_PRC,KERCK1G1_7_B2,ALL,1,3.30134,1,109
2022-09-03T16:00:00-00:00,2022-09-03T16:15:00-00:00,2022-09-03,10,KERCK1G1_7_B2,KERCK1G1_7_B2,KERCK1G1_7_B2,RTPD,MCL,LMP_LOSS_PRC,KERCK1G1_7_B2,ALL,1,2.68575,1,109
2022-09-03T17:00:00-00:00,2022-09-03T17:15:00-00:00,2022-09-03,11,KERCK1G1_7_B2,KERCK1G1_7_B2,KERCK1G1_7_B2,RTPD,MCL,LMP_LOSS_PRC,KERCK1G1_7_B2,ALL,1,4.27343,1,109
2022-09-03T18:00:00-00:00,2022-09-03T18:15:00-00:00,2022-09-03,12,KERCK1G1_7_B2,KERCK1G1_7_B2,KERCK1G1_7_B2,RTPD,MCL,LMP_LOSS_PRC,KERCK1G1_7_B2,ALL,1,4.30182,1,109
2022-09-03T19:00:00-00:00,2022-09-03T19:15:00-00:00,2022-09-03,13,KERCK1G1_7_B2,KERCK1G1_7_B2,KERCK1G1_7_B2,RTPD,MCL,LMP_LOSS_PRC,KERCK1G1_7_B2,ALL,1,1.62795,1,109
2022-09-03T20:00:00-00:00,2022-09-03T20:15:00-00:00,2022-09-03,14,KERCK1G1_7_B2,KERCK1G1_7_B2,KERCK1G1_7_B2,RTPD,MCL,LMP_LOSS_PRC,KERCK1G1_7_B2,ALL,1,4.49964,1,109
2022-09-03T21:00:00-00:00,2022-09-03T21:15:00-00:00,2022-09-03,15,KERCK1G1_7_B2,KERCK1G1_7_B2,KERCK1G1_7_B2,RTPD,MCL,LMP_LOSS_PRC,KERCK1G1_7_B2,ALL,1,3.82884,1,109
2022-09-03T22:00:00-00:00,2022-09-03T22:15:00-00:00,2022-09-03,16,KERCK1G1_7_B2,KERCK1G1_7_B2,KERCK1G1_7_B2,RTPD,MCL,LMP_LOSS_PRC,KERCK1G1_7_B2,ALL,1,2.31293,1,109
2022-09-03T23:00:00-00:00,2022-09-03T23:15:00-00:00,2022-09-03,17,KERCK1G1_7_B2,KERCK1G1_7_B2,KERCK1G1_7_B2,RTPD,MCL,LMP_LOSS_PRC,KERCK1G1_7_B2,ALL,1,5.49854,1,109
2022-09-04T00:00:00-00:00,2022-09-04T00:15:00-00:00,2022-09-03,18,KERCK1G1_7_B2,KERCK1G1_7_B2,KERCK1G1_7_B2,RTPD,MCL,LMP_LOSS_PRC,KERCK1G1_7_B2,ALL,1,7.67464,1,109
2022-09-04T01:00:00-00:00,2022-09-04T01:15:00-00:00,2022-09-03,19,KERCK1G1_7_B2,KERCK1G1_7_B2,KERCK1G1_7_B2,RTPD,MCL,LMP_LOSS_PRC,KERCK1G1_7_B2,ALL,1,23.08843,1,109
2022-09-04T02:00:00-00:00,2022-09-04T02:15:00-00:00,2022-09-03,20,KERCK1G1_7_B2,KERCK1G1_7_B2,KERCK1G1_7_B2,RTPD,MCL,LMP_LOSS_PRC,KERCK1G1_7_B2,ALL,1,14.28021,1,109
2022-09-04T03:00:00-00:00,2022-09-04T03:15:00-00:00,2022-09-03,21,KERCK1G1_7_B2,KERCK1G1_7_B2,KERCK1G1_7_B2,RTPD,MCL,LMP_LOSS_PRC,KERCK1G1_7_B2,ALL,1,14.12626,1,109
2022-09-04T04:00:00-00:00,2022-09-04T04:15:00-00:00,2022-09-03,22,KERCK1G1_7_B2,KERCK1G1_7_B2,KERCK1G1_7_B2,RTPD,MCL,LMP_LOSS_PRC,KERCK1G1_7_B2,ALL,1,16.32953,1,109
2022-09-04T05:00:00-00:00,2022-09-04T05:15:00-00:00,2022-09-03,23,KERCK1G1_7_B2,KERCK1G1_7_B2,KERCK1G1_7_B2,RTPD,MCL,LMP_LOSS_PRC,KERCK1G1_7_B2,ALL,1,17.34791,1,109
2022-09-04T06:00:00-00:00,2022-09-04T06:15:00-00:00,2022-09-03,24,KERCK1G1_7_B2,KERCK1G1_7_B2,KERCK1G1_7_B2,RTPD,MCL,LMP_LOSS_PRC,KERCK1G1_7_B2,ALL,1,13.98859,1,109
2022-09-03T07:15:00-00:00,2022-09-03T07:30:00-00:00,2022-09-03,01,KERCK1G1_7_B2,KERCK1G1_7_B2,KERCK1G1_7_B2,RTPD,MCL,LMP_LOSS_PRC,KERCK1G1_7_B2,ALL,1,13.89665,2,109
2022-09-03T08:15:00-00:00,2022-09-03T08:30:00-00:00,2022-09-03,02,KERCK1G1_7_B2,KERCK1G1_7_B2,KERCK1G1_7_B2,RTPD,MCL,LMP_LOSS_PRC,KERCK1G1_7_B2,ALL,1,0,2,109
2022-09-03T09:15:00-00:00,2022-09-03T09:30:00-00:00,2022-09-03,03,KERCK1G1_7_B2,KERCK1G1_7_B2,KERCK1G1_7_B2,RTPD,MCL,LMP_LOSS_PRC,KERCK1G1_7_B2,ALL,1,0,2,109
2022-09-03T10:15:00-00:00,2022-09-03T10:30:00-00:00,2022-09-03,04,KERCK1G1_7_B2,KERCK1G1_7_B2,KERCK1G1_7_B2,RTPD,MCL,LMP_LOSS_PRC,KERCK1G1_7_B2,ALL,1,0,2,109
2022-09-03T11:15:00-00:00,2022-09-03T11:30:00-00:00,2022-09-03,05,KERCK1G1_7_B2,KERCK1G1_7_B2,KERCK1G1_7_B2,RTPD,MCL,LMP_LOSS_PRC,KERCK1G1_7_B2,ALL,1,0,2,109
2022-09-03T12:15:00-00:00,2022-09-03T12:30:00-00:00,2022-09-03,06,KERCK1G1_7_B2,KERCK1G1_7_B2,KERCK1G1_7_B2,RTPD,MCL,LMP_LOSS_PRC,KERCK1G1_7_B2,ALL,1,0,2,109
2022-09-03T13:15:00-00:00,2022-09-03T13:30:00-00:00,2022-09-03,07,KERCK1G1_7_B2,KERCK1G1_7_B2,KERCK1G1_7_B2,RTPD,MCL,LMP_LOSS_PRC,KERCK1G1_7_B2,ALL,1,0,2,109
2022-09-03T14:15:00-00:00,2022-09-03T14:30:00-00:00,2022-09-03,08,KERCK1G1_7_B2,KERCK1G1_7_B2,KERCK1G1_7_B2,RTPD,MCL,LMP_LOSS_PRC,KERCK1G1_7_B2,ALL,1,0,2,109
2022-09-03T15:15:00-00:00,2022-09-03T15:30:00-00:00,2022-09-03,09,KERCK1G1_7_B2,KERCK1G1_7_B2,KERCK1G1_7_B2,RTPD,MCL,LMP_LOSS_PRC,KERCK1G1_7_B2,ALL,1,3.02983,2,109
2022-09-03T16:15:00-00:00,2022-09-03T16:30:00-00:00,2022-09-03,10,KERCK1G1_7_B2,KERCK1G1_7_B2,KERCK1G1_7_B2,RTPD,MCL,LMP_LOSS_PRC,KERCK1G1_7_B2,ALL,1,2.46412,2,109
2022-09-03T17:15:00-00:00,2022-09-03T17:30:00-00:00,2022-09-03,11,KERCK1G1_7_B2,KERCK1G1_7_B2,KERCK1G1_7_B2,RTPD,MCL,LMP_LOSS_PRC,KERCK1G1_7_B2,ALL,1,5.3056,2,109
2022-09-03T18:15:00-00:00,2022-09-03T18:30:00-00:00,2022-09-03,12,KERCK1G1_7_B2,KERCK1G1_7_B2,KERCK1G1_7_B2,RTPD,MCL,LMP_LOSS_PRC,KERCK1G1_7_B2,ALL,1,4.28311,2,109
2022-09-03T19:15:00-00:00,2022-09-03T19:30:00-00:00,2022-09-03,13,KERCK1G1_7_B2,KERCK1G1_7_B2,KERCK1G1_7_B2,RTPD,MCL,LMP_LOSS_PRC,KERCK1G1_7_B2,ALL,1,1.87403,2,109
2022-09-03T20:15:00-00:00,2022-09-03T20:30:00-00:00,2022-09-03,14,KERCK1G1_7_B2,KERCK1G1_7_B2,KERCK1G1_7_B2,RTPD,MCL,LMP_LOSS_PRC,KERCK1G1_7_B2,ALL,1,4.60417,2,109
2022-09-03T21:15:00-00:00,2022-09-03T21:30:00-00:00,2022-09-03,15,KERCK1G1_7_B2,KERCK1G1_7_B2,KERCK1G1_7_B2,RTPD,MCL,LMP_LOSS_PRC,KERCK1G1_7_B2,ALL,1,4.22569,2,109
2022-09-03T22:15:00-00:00,2022-09-03T22:30:00-00:00,2022-09-03,16,KERCK1G1_7_B2,KERCK1G1_7_B2,KERCK1G1_7_B2,RTPD,MCL,LMP_LOSS_PRC,KERCK1G1_7_B2,ALL,1,3.27478,2,109
2022-09-03T23:15:00-00:00,2022-09-03T23:30:00-00:00,2022-09-03,17,KERCK1G1_7_B2,KERCK1G1_7_B2,KERCK1G1_7_B2,RTPD,MCL,LMP_LOSS_PRC,KERCK1G1_7_B2,ALL,1,6.87935,2,109
2022-09-04T00:15:00-00:00,2022-09-04T00:30:00-00:00,2022-09-03,18,KERCK1G1_7_B2,KERCK1G1_7_B2,KERCK1G1_7_B2,RTPD,MCL,LMP_LOSS_PRC,KERCK1G1_7_B2,ALL,1,8.27213,2,109
2022-09-04T01:15:00-00:00,2022-09-04T01:30:00-00:00,2022-09-03,19,KERCK1G1_7_B2,KERCK1G1_7_B2,KERCK1G1_7_B2,RTPD,MCL,LMP_LOSS_PRC,KERCK1G1_7_B2,ALL,1,32.54054,2,109
2022-09-04T02:15:00-00:00,2022-09-04T02:30:00-00:00,2022-09-03,20,KERCK1G1_7_B2,KERCK1G1_7_B2,KERCK1G1_7_B2,RTPD,MCL,LMP_LOSS_PRC,KERCK1G1_7_B2,ALL,1,16.80813,2,109
2022-09-04T03:15:00-00:00,2022-09-04T03:30:00-00:00,2022-09-03,21,KERCK1G1_7_B2,KERCK1G1_7_B2,KERCK1G1_7_B2,RTPD,MCL,LMP_LOSS_PRC,KERCK1G1_7_B2,ALL,1,11.84161,2,109
2022-09-04T04:15:00-00:00,2022-09-04T04:30:00-00:00,2022-09-03,22,KERCK1G1_7_B2,KERCK1G1_7_B2,KERCK1G1_7_B2,RTPD,MCL,LMP_LOSS_PRC,KERCK1G1_7_B2,ALL,1,15.79715,2,109
2022-09-04T05:15:00-00:00,2022-09-04T05:30:00-00:00,2022-09-03,23,KERCK1G1_7_B2,KERCK1G1_7_B2,KERCK1G1_7_B2,RTPD,MCL,LMP_LOSS_PRC,KERCK1G1_7_B2,ALL,1,15.20864,2,109
2022-09-04T06:15:00-00:00,2022-09-04T06:30:00-00:00,2022-09-03,24,KERCK1G1_7_B2,KERCK1G1_7_B2,KERCK1G1_7_B2,RTPD,MCL,LMP_LOSS_PRC,KERCK1G1_7_B2,ALL,1,12.4696,2,109
2022-09-03T07:30:00-00:00,2022-09-03T07:45:00-00:00,2022-09-03,01,KERCK1G1_7_B2,KERCK1G1_7_B2,KERCK1G1_7_B2,RTPD,MCL,LMP_LOSS_PRC,KERCK1G1_7_B2,ALL,1,13.35087,3,109
2022-09-03T08:30:00-00:00,2022-09-03T08:45:00-00:00,2022-09-03,02,KERCK1G1_7_B2,KERCK1G1_7_B2,KERCK1G1_7_B2,RTPD,MCL,LMP_LOSS_PRC,KERCK1G1_7_B2,ALL,1,0,3,109
2022-09-03T09:30:00-00:00,2022-09-03T09:45:00-00:00,2022-09-03,03,KERCK1G1_7_B2,KERCK1G1_7_B2,KERCK1G1_7_B2,RTPD,MCL,LMP_LOSS_PRC,KERCK1G1_7_B2,ALL,1,0,3,109
2022-09-03T10:30:00-00:00,2022-09-03T10:45:00-00:00,2022-09-03,04,KERCK1G1_7_B2,KERCK1G1_7_B2,KERCK1G1_7_B2,RTPD,MCL,LMP_LOSS_PRC,KERCK1G1_7_B2,ALL,1,0,3,109
2022-09-03T11:30:00-00:00,2022-09-03T11:45:00-00:00,2022-09-03,05,KERCK1G1_7_B2,KERCK1G1_7_B2,KERCK1G1_7_B2,RTPD,MCL,LMP_LOSS_PRC,KERCK1G1_7_B2,ALL,1,0,3,109
2022-09-03T12:30:00-00:00,2022-09-03T12:45:00-00:00,2022-09-03,06,KERCK1G1_7_B2,KERCK1G1_7_B2,KERCK1G1_7_B2,RTPD,MCL,LMP_LOSS_PRC,KERCK1G1_7_B2,ALL,1,0,3,109
2022-09-03T13:30:00-00:00,2022-09-03T13:45:00-00:00,2022-09-03,07,KERCK1G1_7_B2,KERCK1G1_7_B2,KERCK1G1_7_B2,RTPD,MCL,LMP_LOSS_PRC,KERCK1G1_7_B2,ALL,1,0,3,109
2022-09-03T14:30:00-00:00,2022-09-03T14:45:00-00:00,2022-09-03,08,KERCK1G1_7_B2,KERCK1G1_7_B2,KERCK1G1_7_B2,RTPD,MCL,LMP_LOSS_PRC,KERCK1G1_7_B2,ALL,1,0,3,109
2022-09-03T15:30:00-00:00,2022-09-03T15:45:00-00:00,2022-09-03,09,KERCK1G1_7_B2,KERCK1G1_7_B2,KERCK1G1_7_B2,RTPD,MCL,LMP_LOSS_PRC,KERCK1G1_7_B2,ALL,1,2.63524,3,109
2022-09-03T16:30:00-00:00,2022-09-03T16:45:00-00:00,2022-09-03,10,KERCK1G1_7_B2,KERCK1G1_7_B2,KERCK1G1_7_B2,RTPD,MCL,LMP_LOSS_PRC,KERCK1G1_7_B2,ALL,1,2.28547,3,109
2022-09-03T17:30:00-00:00,2022-09-03T17:45:00-00:00,2022-09-03,11,KERCK1G1_7_B2,KERCK1G1_7_B2,KERCK1G1_7_B2,RTPD,MCL,LMP_LOSS_PRC,KERCK1G1_7_B2,ALL,1,5.28606,3,109
2022-09-03T18:30:00-00:00,2022-09-03T18:45:00-00:00,2022-09-03,12,KERCK1G1_7_B2,KERCK1G1_7_B2,KERCK1G1_7_B2,RTPD,MCL,LMP_LOSS_PRC,KERCK1G1_7_B2,ALL,1,4.63731,3,109
2022-09-03T19:30:00-00:00,2022-09-03T19:45:00-00:00,2022-09-03,13,KERCK1G1_7_B2,KERCK1G1_7_B2,KERCK1G1_7_B2,RTPD,MCL,LMP_LOSS_PRC,KERCK1G1_7_B2,ALL,1,0,3,109
2022-09-03T20:30:00-00:00,2022-09-03T20:45:00-00:00,2022-09-03,14,KERCK1G1_7_B2,KERCK1G1_7_B2,KERCK1G1_7_B2,RTPD,MCL,LMP_LOSS_PRC,KERCK1G1_7_B2,ALL,1,4.93713,3,109
2022-09-03T21:30:00-00:00,2022-09-03T21:45:00-00:00,2022-09-03,15,KERCK1G1_7_B2,KERCK1G1_7_B2,KERCK1G1_7_B2,RTPD,MCL,LMP_LOSS_PRC,KERCK1G1_7_B2,ALL,1,3.64585,3,109
2022-09-03T22:30:00-00:00,2022-09-03T22:45:00-00:00,2022-09-03,16,KERCK1G1_7_B2,KERCK1G1_7_B2,KERCK1G1_7_B2,RTPD,MCL,LMP_LOSS_PRC,KERCK1G1_7_B2,ALL,1,6.38601,3,109
2022-09-03T23:30:00-00:00,2022-09-03T23:45:00-00:00,2022-09-03,17,KERCK1G1_7_B2,KERCK1G1_7_B2,KERCK1G1_7_B2,RTPD,MCL,LMP_LOSS_PRC,KERCK1G1_7_B2,ALL,1,7.84837,3,109
2022-09-04T00:30:00-00:00,2022-09-04T00:45:00-00:00,2022-09-03,18,KERCK1G1_7_B2,KERCK1G1_7_B2,KERCK1G1_7_B2,RTPD,MCL,LMP_LOSS_PRC,KERCK1G1_7_B2,ALL,1,11.21157,3,109
2022-09-04T01:30:00-00:00,2022-09-04T01:45:00-00:00,2022-09-03,19,KERCK1G1_7_B2,KERCK1G1_7_B2,KERCK1G1_7_B2,RTPD,MCL,LMP_LOSS_PRC,KERCK1G1_7_B2,ALL,1,56.29751,3,109
2022-09-04T02:30:00-00:00,2022-09-04T02:45:00-00:00,2022-09-03,20,KERCK1G1_7_B2,KERCK1G1_7_B2,KERCK1G1_7_B2,RTPD,MCL,LMP_LOSS_PRC,KERCK1G1_7_B2,ALL,1,15.92849,3,109
2022-09-04T03:30:00-00:00,2022-09-04T03:45:00-00:00,2022-09-03,21,KERCK1G1_7_B2,KERCK1G1_7_B2,KERCK1G1_7_B2,RTPD,MCL,LMP_LOSS_PRC,KERCK1G1_7_B2,ALL,1,11.06101,3,109
2022-09-04T04:30:00-00:00,2022-09-04T04:45:00-00:00,2022-09-03,22,KERCK1G1_7_B2,KERCK1G1_7_B2,KERCK1G1_7_B2,RTPD,MCL,LMP_LOSS_PRC,KERCK1G1_7_B2,ALL,1,13.89087,3,109
2022-09-04T05:30:00-00:00,2022-09-04T05:45:00-00:00,2022-09-03,23,KERCK1G1_7_B2,KERCK1G1_7_B2,KERCK1G1_7_B2,RTPD,MCL,LMP_LOSS_PRC,KERCK1G1_7_B2,ALL,1,13.60552,3,109
2022-09-04T06:30:00-00:00,2022-09-04T06:45:00-00:00,2022-09-03,24,KERCK1G1_7_B2,KERCK1G1_7_B2,KERCK1G1_7_B2,RTPD,MCL,LMP_LOSS_PRC,KERCK1G1_7_B2,ALL,1,11.58995,3,109
2022-09-03T07:45:00-00:00,2022-09-03T08:00:00-00:00,2022-09-03,01,KERCK1G1_7_B2,KERCK1G1_7_B2,KERCK1G1_7_B2,RTPD,MCL,LMP_LOSS_PRC,KERCK1G1_7_B2,ALL,1,0,4,109
2022-09-03T08:45:00-00:00,2022-09-03T09:00:00-00:00,2022-09-03,02,KERCK1G1_7_B2,KERCK1G1_7_B2,KERCK1G1_7_B2,RTPD,MCL,LMP_LOSS_PRC,KERCK1G1_7_B2,ALL,1,12.80627,4,109
2022-09-03T09:45:00-00:00,2022-09-03T10:00:00-00:00,2022-09-03,03,KERCK1G1_7_B2,KERCK1G1_7_B2,KERCK1G1_7_B2,RTPD,MCL,LMP_LOSS_PRC,KERCK1G1_7_B2,ALL,1,11.2149,4,109
2022-09-03T10:45:00-00:00,2022-09-03T11:00:00-00:00,2022-09-03,04,KERCK1G1_7_B2,KERCK1G1_7_B2,KERCK1G1_7_B2,RTPD,MCL,LMP_LOSS_PRC,KERCK1G1_7_B2,ALL,1,12.7007,4,109
2022-09-03T11:45:00-00:00,2022-09-03T12:00:00-00:00,2022-09-03,05,KERCK1G1_7_B2,KERCK1G1_7_B2,KERCK1G1_7_B2,RTPD,MCL,LMP_LOSS_PRC,KERCK1G1_7_B2,ALL,1,8.85251,4,109
2022-09-03T12:45:00-00:00,2022-09-03T13:00:00-00:00,2022-09-03,06,KERCK1G1_7_B2,KERCK1G1_7_B2,KERCK1G1_7_B2,RTPD,MCL,LMP_LOSS_PRC,KERCK1G1_7_B2,ALL,1,7.10581,4,109
2022-09-03T13:45:00-00:00,2022-09-03T14:00:00-00:00,2022-09-03,07,KERCK1G1_7_B2,KERCK1G1_7_B2,KERCK1G1_7_B2,RTPD,MCL,LMP_LOSS_PRC,KERCK1G1_7_B2,ALL,1,5.09479,4,109
2022-09-03T14:45:00-00:00,2022-09-03T15:00:00-00:00,2022-09-03,08,KERCK1G1_7_B2,KERCK1G1_7_B2,KERCK1G1_7_B2,RTPD,MCL,LMP_LOSS_PRC,KERCK1G1_7_B2,ALL,1,0,4,109
2022-09-03T15:45:00-00:00,2022-09-03T16:00:00-00:00,2022-09-03,09,KERCK1G1_7_B2,KERCK1G1_7_B2,KERCK1G1_7_B2,RTPD,MCL,LMP_LOSS_PRC,KERCK1G1_7_B2,ALL,1,2.4806,4,109
2022-09-03T16:45:00-00:00,2022-09-03T17:00:00-00:00,2022-09-03,10,KERCK1G1_7_B2,KERCK1G1_7_B2,KERCK1G1_7_B2,RTPD,MCL,LMP_LOSS_PRC,KERCK1G1_7_B2,ALL,1,3.70873,4,109
2022-09-03T17:45:00-00:00,2022-09-03T18:00:00-00:00,2022-09-03,11,KERCK1G1_7_B2,KERCK1G1_7_B2,KERCK1G1_7_B2,RTPD,MCL,LMP_LOSS_PRC,KERCK1G1_7_B2,ALL,1,5.67716,4,109
2022-09-03T18:45:00-00:00,2022-09-03T19:00:00-00:00,2022-09-03,12,KERCK1G1_7_B2,KERCK1G1_7_B2,KERCK1G1_7_B2,RTPD,MCL,LMP_LOSS_PRC,KERCK1G1_7_B2,ALL,1,0,4,109
2022-09-03T19:45:00-00:00,2022-09-03T20:00:00-00:00,2022-09-03,13,KERCK1G1_7_B2,KERCK1G1_7_B2,KERCK1G1_7_B2,RTPD,MCL,LMP_LOSS_PRC,KERCK1G1_7_B2,ALL,1,0,4,109
2022-09-03T20:45:00-00:00,2022-09-03T21:00:00-00:00,2022-09-03,14,KERCK1G1_7_B2,KERCK1G1_7_B2,KERCK1G1_7_B2,RTPD,MCL,LMP_LOSS_PRC,KERCK1G1_7_B2,ALL,1,4.57546,4,109
2022-09-03T21:45:00-00:00,2022-09-03T22:00:00-00:00,2022-09-03,15,KERCK1G1_7_B2,KERCK1G1_7_B2,KERCK1G1_7_B2,RTPD,MCL,LMP_LOSS_PRC,KERCK1G1_7_B2,ALL,1,2.92415,4,109
2022-09-03T22:45:00-00:00,2022-09-03T23:00:00-00:00,2022-09-03,16,KERCK1G1_7_B2,KERCK1G1_7_B2,KERCK1G1_7_B2,RTPD,MCL,LMP_LOSS_PRC,KERCK1G1_7_B2,ALL,1,7.17874,4,109
2022-09-03T23:45:00-00:00,2022-09-04T00:00:00-00:00,2022-09-03,17,KERCK1G1_7_B2,KERCK1G1_7_B2,KERCK1G1_7_B2,RTPD,MCL,LMP_LOSS_PRC,KERCK1G1_7_B2,ALL,1,10.12736,4,109
2022-09-04T00:45:00-00:00,2022-09-04T01:00:00-00:00,2022-09-03,18,KERCK1G1_7_B2,KERCK1G1_7_B2,KERCK1G1_7_B2,RTPD,MCL,LMP_LOSS_PRC,KERCK1G1_7_B2,ALL,1,0,4,109
2022-09-04T01:45:00-00:00,2022-09-04T02:00:00-00:00,2022-09-03,19,KERCK1G1_7_B2,KERCK1G1_7_B2,KERCK1G1_7_B2,RTPD,MCL,LMP_LOSS_PRC,KERCK1G1_7_B2,ALL,1,47.04935,4,109
2022-09-04T02:45:00-00:00,2022-09-04T03:00:00-00:00,2022-09-03,20,KERCK1G1_7_B2,KERCK1G1_7_B2,KERCK1G1_7_B2,RTPD,MCL,LMP_LOSS_PRC,KERCK1G1_7_B2,ALL,1,14.97416,4,109
2022-09-04T03:45:00-00:00,2022-09-04T04:00:00-00:00,2022-09-03,21,KERCK1G1_7_B2,KERCK1G1_7_B2,KERCK1G1_7_B2,RTPD,MCL,LMP_LOSS_PRC,KERCK1G1_7_B2,ALL,1,9.41342,4,109
2022-09-04T04:45:00-00:00,2022-09-04T05:00:00-00:00,2022-09-03,22,KERCK1G1_7_B2,KERCK1G1_7_B2,KERCK1G1_7_B2,RTPD,MCL,LMP_LOSS_PRC,KERCK1G1_7_B2,ALL,1,12.53889,4,109
2022-09-04T05:45:00-00:00,2022-09-04T06:00:00-00:00,2022-09-03,23,KERCK1G1_7_B2,KERCK1G1_7_B2,KERCK1G1_7_B2,RTPD,MCL,LMP_LOSS_PRC,KERCK1G1_7_B2,ALL,1,11.0394,4,109
2022-09-04T06:45:00-00:00,2022-09-04T07:00:00-00:00,2022-09-03,24,KERCK1G1_7_B2,KERCK1G1_7_B2,KERCK1G1_7_B2,RTPD,MCL,LMP_LOSS_PRC,KERCK1G1_7_B2,ALL,1,9.74603,4,109
2022-09-03T07:00:00-00:00,2022-09-03T07:15:00-00:00,2022-09-03,01,KERCK1G1_7_B2,KERCK1G1_7_B2,KERCK1G1_7_B2,RTPD,MGHG,LMP_GHG_PRC,KERCK1G1_7_B2,ALL,1,0,1,110
2022-09-03T08:00:00-00:00,2022-09-03T08:15:00-00:00,2022-09-03,02,KERCK1G1_7_B2,KERCK1G1_7_B2,KERCK1G1_7_B2,RTPD,MGHG,LMP_GHG_PRC,KERCK1G1_7_B2,ALL,1,0,1,110
2022-09-03T09:00:00-00:00,2022-09-03T09:15:00-00:00,2022-09-03,03,KERCK1G1_7_B2,KERCK1G1_7_B2,KERCK1G1_7_B2,RTPD,MGHG,LMP_GHG_PRC,KERCK1G1_7_B2,ALL,1,0,1,110
2022-09-03T10:00:00-00:00,2022-09-03T10:15:00-00:00,2022-09-03,04,KERCK1G1_7_B2,KERCK1G1_7_B2,KERCK1G1_7_B2,RTPD,MGHG,LMP_GHG_PRC,KERCK1G1_7_B2,ALL,1,0,1,110
2022-09-03T11:00:00-00:00,2022-09-03T11:15:00-00:00,2022-09-03,05,KERCK1G1_7_B2,KERCK1G1_7_B2,KERCK1G1_7_B2,RTPD,MGHG,LMP_GHG_PRC,KERCK1G1_7_B2,ALL,1,0,1,110
2022-09-03T12:00:00-00:00,2022-09-03T12:15:00-00:00,2022-09-03,06,KERCK1G1_7_B2,KERCK1G1_7_B2,KERCK1G1_7_B2,RTPD,MGHG,LMP_GHG_PRC,KERCK1G1_7_B2,ALL,1,0,1,110
2022-09-03T13:00:00-00:00,2022-09-03T13:15:00-00:00,2022-09-03,07,KERCK1G1_7_B2,KERCK1G1_7_B2,KERCK1G1_7_B2,RTPD,MGHG,LMP_GHG_PRC,KERCK1G1_7_B2,ALL,1,0,1,110
2022-09-03T14:00:00-00:00,2022-09-03T14:15:00-00:00,2022-09-03,08,KERCK1G1_7_B2,KERCK1G1_7_B2,KERCK1G1_7_B2,RTPD,MGHG,LMP_GHG_PRC,KERCK1G1_7_B2,ALL,1,0,1,110
2022-09-03T15:00:00-00:00,2022-09-03T15:15:00-00:00,2022-09-03,09,KERCK1G1_7_B2,KERCK1G1_7_B2,KERCK1G1_7_B2,RTPD,MGHG,LMP_GHG_PRC,KERCK1G1_7_B2,ALL,1,0,1,110
2022-09-03T16:00:00-00:00,2022-09-03T16:15:00-00:00,2022-09-03,10,KERCK1G1_7_B2,KERCK1G1_7_B2,KERCK1G1_7_B2,RTPD,MGHG,LMP_GHG_PRC,KERCK1G1_7_B2,ALL,1,0,1,110
2022-09-03T17:00:00-00:00,2022-09-03T17:15:00-00:00,2022-09-03,11,KERCK1G1_7_B2,KERCK1G1_7_B2,KERCK1G1_7_B2,RTPD,MGHG,LMP_GHG_PRC,KERCK1G1_7_B2,ALL,1,0,1,110
2022-09-03T18:00:00-00:00,2022-09-03T18:15:00-00:00,2022-09-03,12,KERCK1G1_7_B2,KERCK1G1_7_B2,KERCK1G1_7_B2,RTPD,MGHG,LMP_GHG_PRC,KERCK1G1_7_B2,ALL,1,0,1,110
2022-09-03T19:00:00-00:00,2022-09-03T19:15:00-00:00,2022-09-03,13,KERCK1G1_7_B2,KERCK1G1_7_B2,KERCK1G1_7_B2,RTPD,MGHG,LMP_GHG_PRC,KERCK1G1_7_B2,ALL,1,0,1,110
2022-09-03T20:00:00-00:00,2022-09-03T20:15:00-00:00,2022-09-03,14,KERCK1G1_7_B2,KERCK1G1_7_B2,KERCK1G1_7_B2,RTPD,MGHG,LMP_GHG_PRC,KERCK1G1_7_B2,ALL,1,0,1,110
2022-09-03T21:00:00-00:00,2022-09-03T21:15:00-00:00,2022-09-03,15,KERCK1G1_7_B2,KERCK1G1_7_B2,KERCK1G1_7_B2,RTPD,MGHG,LMP_GHG_PRC,KERCK1G1_7_B2,ALL,1,0,1,110
2022-09-03T22:00:00-00:00,2022-09-03T22:15:00-00:00,2022-09-03,16,KERCK1G1_7_B2,KERCK1G1_7_B2,KERCK1G1_7_B2,RTPD,MGHG,LMP_GHG_PRC,KERCK1G1_7_B2,ALL,1,0,1,110
2022-09-03T23:00:00-00:00,2022-09-03T23:15:00-00:00,2022-09-03,17,KERCK1G1_7_B2,KERCK1G1_7_B2,KERCK1G1_7_B2,RTPD,MGHG,LMP_GHG_PRC,KERCK1G1_7_B2,ALL,1,0,1,110
2022-09-04T00:00:00-00:00,2022-09-04T00:15:00-00:00,2022-09-03,18,KERCK1G1_7_B2,KERCK1G1_7_B2,KERCK1G1_7_B2,RTPD,MGHG,LMP_GHG_PRC,KERCK1G1_7_B2,ALL,1,0,1,110
2022-09-04T01:00:00-00:00,2022-09-04T01:15:00-00:00,2022-09-03,19,KERCK1G1_7_B2,KERCK1G1_7_B2,KERCK1G1_7_B2,RTPD,MGHG,LMP_GHG_PRC,KERCK1G1_7_B2,ALL,1,0,1,110
2022-09-04T02:00:00-00:00,2022-09-04T02:15:00-00:00,2022-09-03,20,KERCK1G1_7_B2,KERCK1G1_7_B2,KERCK1G1_7_B2,RTPD,MGHG,LMP_GHG_PRC,KERCK1G1_7_B2,ALL,1,0,1,110
2022-09-04T03:00:00-00:00,2022-09-04T03:15:00-00:00,2022-09-03,21,KERCK1G1_7_B2,KERCK1G1_7_B2,KERCK1G1_7_B2,RTPD,MGHG,LMP_GHG_PRC,KERCK1G1_7_B2,ALL,1,0,1,110
2022-09-04T04:00:00-00:00,2022-09-04T04:15:00-00:00,2022-09-03,22,KERCK1G1_7_B2,KERCK1G1_7_B2,KERCK1G1_7_B2,RTPD,MGHG,LMP_GHG_PRC,KERCK1G1_7_B2,ALL,1,0,1,110
2022-09-04T05:00:00-00:00,2022-09-04T05:15:00-00:00,2022-09-03,23,KERCK1G1_7_B2,KERCK1G1_7_B2,KERCK1G1_7_B2,RTPD,MGHG,LMP_GHG_PRC,KERCK1G1_7_B2,ALL,1,0,1,110
2022-09-04T06:00:00-00:00,2022-09-04T06:15:00-00:00,2022-09-03,24,KERCK1G1_7_B2,KERCK1G1_7_B2,KERCK1G1_7_B2,RTPD,MGHG,LMP_GHG_PRC,KERCK1G1_7_B2,ALL,1,0,1,110
2022-09-03T07:15:00-00:00,2022-09-03T07:30:00-00:00,2022-09-03,01,KERCK1G1_7_B2,KERCK1G1_7_B2,KERCK1G1_7_B2,RTPD,MGHG,LMP_GHG_PRC,KERCK1G1_7_B2,ALL,1,0,2,110
2022-09-03T08:15:00-00:00,2022-09-03T08:30:00-00:00,2022-09-03,02,KERCK1G1_7_B2,KERCK1G1_7_B2,KERCK1G1_7_B2,RTPD,MGHG,LMP_GHG_PRC,KERCK1G1_7_B2,ALL,1,0,2,110
2022-09-03T09:15:00-00:00,2022-09-03T09:30:00-00:00,2022-09-03,03,KERCK1G1_7_B2,KERCK1G1_7_B2,KERCK1G1_7_B2,RTPD,MGHG,LMP_GHG_PRC,KERCK1G1_7_B2,ALL,1,0,2,110
2022-09-03T10:15:00-00:00,2022-09-03T10:30:00-00:00,2022-09-03,04,KERCK1G1_7_B2,KERCK1G1_7_B2,KERCK1G1_7_B2,RTPD,MGHG,LMP_GHG_PRC,KERCK1G1_7_B2,ALL,1,0,2,110
2022-09-03T11:15:00-00:00,2022-09-03T11:30:00-00:00,2022-09-03,05,KERCK1G1_7_B2,KERCK1G1_7_B2,KERCK1G1_7_B2,RTPD,MGHG,LMP_GHG_PRC,KERCK1G1_7_B2,ALL,1,0,2,110
2022-09-03T12:15:00-00:00,2022-09-03T12:30:00-00:00,2022-09-03,06,KERCK1G1_7_B2,KERCK1G1_7_B2,KERCK1G1_7_B2,RTPD,MGHG,LMP_GHG_PRC,KERCK1G1_7_B2,ALL,1,0,2,110
2022-09-03T13:15:00-00:00,2022-09-03T13:30:00-00:00,2022-09-03,07,KERCK1G1_7_B2,KERCK1G1_7_B2,KERCK1G1_7_B2,RTPD,MGHG,LMP_GHG_PRC,KERCK1G1_7_B2,ALL,1,0,2,110
2022-09-03T14:15:00-00:00,2022-09-03T14:30:00-00:00,2022-09-03,08,KERCK1G1_7_B2,KERCK1G1_7_B2,KERCK1G1_7_B2,RTPD,MGHG,LMP_GHG_PRC,KERCK1G1_7_B2,ALL,1,0,2,110
2022-09-03T15:15:00-00:00,2022-09-03T15:30:00-00:00,2022-09-03,09,KERCK1G1_7_B2,KERCK1G1_7_B2,KERCK1G1_7_B2,RTPD,MGHG,LMP_GHG_PRC,KERCK1G1_7_B2,ALL,1,0,2,110
2022-09-03T16:15:00-00:00,2022-09-03T16:30:00-00:00,2022-09-03,10,KERCK1G1_7_B2,KERCK1G1_7_B2,KERCK1G1_7_B2,RTPD,MGHG,LMP_GHG_PRC,KERCK1G1_7_B2,ALL,1,0,2,110
2022-09-03T17:15:00-00:00,2022-09-03T17:30:00-00:00,2022-09-03,11,KERCK1G1_7_B2,KERCK1G1_7_B2,KERCK1G1_7_B2,RTPD,MGHG,LMP_GHG_PRC,KERCK1G1_7_B2,ALL,1,0,2,110
2022-09-03T18:15:00-00:00,2022-09-03T18:30:00-00:00,2022-09-03,12,KERCK1G1_7_B2,KERCK1G1_7_B2,KERCK1G1_7_B2,RTPD,MGHG,LMP_GHG_PRC,KERCK1G1_7_B2,ALL,1,0,2,110
2022-09-03T19:15:00-00:00,2022-09-03T19:30:00-00:00,2022-09-03,13,KERCK1G1_7_B2,KERCK1G1_7_B2,KERCK1G1_7_B2,RTPD,MGHG,LMP_GHG_PRC,KERCK1G1_7_B2,ALL,1,0,2,110
2022-09-03T20:15:00-00:00,2022-09-03T20:30:00-00:00,2022-09-03,14,KERCK1G1_7_B2,KERCK1G1_7_B2,KERCK1G1_7_B2,RTPD,MGHG,LMP_GHG_PRC,KERCK1G1_7_B2,ALL,1,0,2,110
2022-09-03T21:15:00-00:00,2022-09-03T21:30:00-00:00,2022-09-03,15,KERCK1G1_7_B2,KERCK1G1_7_B2,KERCK1G1_7_B2,RTPD,MGHG,LMP_GHG_PRC,KERCK1G1_7_B2,ALL,1,0,2,110
2022-09-03T22:15:00-00:00,2022-09-03T22:30:00-00:00,2022-09-03,16,KERCK1G1_7_B2,KERCK1G1_7_B2,KERCK1G1_7_B2,RTPD,MGHG,LMP_GHG_PRC,KERCK1G1_7_B2,ALL,1,0,2,110
2022-09-03T23:15:00-00:00,2022-09-03T23:30:00-00:00,2022-09-03,17,KERCK1G1_7_B2,KERCK1G1_7_B2,KERCK1G1_7_B2,RTPD,MGHG,LMP_GHG_PRC,KERCK1G1_7_B2,ALL,1,0,2,110
2022-09-04T00:15:00-00:00,2022-09-04T00:30:00-00:00,2022-09-03,18,KERCK1G1_7_B2,KERCK1G1_7_B2,KERCK1G1_7_B2,RTPD,MGHG,LMP_GHG_PRC,KERCK1G1_7_B2,ALL,1,0,2,110
2022-09-04T01:15:00-00:00,2022-09-04T01:30:00-00:00,2022-09-03,19,KERCK1G1_7_B2,KERCK1G1_7_B2,KERCK1G1_7_B2,RTPD,MGHG,LMP_GHG_PRC,KERCK1G1_7_B2,ALL,1,0,2,110
2022-09-04T02:15:00-00:00,2022-09-04T02:30:00-00:00,2022-09-03,20,KERCK1G1_7_B2,KERCK1G1_7_B2,KERCK1G1_7_B2,RTPD,MGHG,LMP_GHG_PRC,KERCK1G1_7_B2,ALL,1,0,2,110
2022-09-04T03:15:00-00:00,2022-09-04T03:30:00-00:00,2022-09-03,21,KERCK1G1_7_B2,KERCK1G1_7_B2,KERCK1G1_7_B2,RTPD,MGHG,LMP_GHG_PRC,KERCK1G1_7_B2,ALL,1,0,2,110
2022-09-04T04:15:00-00:00,2022-09-04T04:30:00-00:00,2022-09-03,22,KERCK1G1_7_B2,KERCK1G1_7_B2,KERCK1G1_7_B2,RTPD,MGHG,LMP_GHG_PRC,KERCK1G1_7_B2,ALL,1,0,2,110
2022-09-04T05:15:00-00:00,2022-09-04T05:30:00-00:00,2022-09-03,23,KERCK1G1_7_B2,KERCK1G1_7_B2,KERCK1G1_7_B2,RTPD,MGHG,LMP_GHG_PRC,KERCK1G1_7_B2,ALL,1,0,2,110
2022-09-04T06:15:00-00:00,2022-09-04T06:30:00-00:00,2022-09-03,24,KERCK1G1_7_B2,KERCK1G1_7_B2,KERCK1G1_7_B2,RTPD,MGHG,LMP_GHG_PRC,KERCK1G1_7_B2,ALL,1,0,2,110
2022-09-03T07:30:00-00:00,2022-09-03T07:45:00-00:00,2022-09-03,01,KERCK1G1_7_B2,KERCK1G1_7_B2,KERCK1G1_7_B2,RTPD,MGHG,LMP_GHG_PRC,KERCK1G1_7_B2,ALL,1,0,3,110
2022-09-03T08:30:00-00:00,2022-09-03T08:45:00-00:00,2022-09-03,02,KERCK1G1_7_B2,KERCK1G1_7_B2,KERCK1G1_7_B2,RTPD,MGHG,LMP_GHG_PRC,KERCK1G1_7_B2,ALL,1,0,3,110
2022-09-03T09:30:00-00:00,2022-09-03T09:45:00-00:00,2022-09-03,03,KERCK1G1_7_B2,KERCK1G1_7_B2,KERCK1G1_7_B2,RTPD,MGHG,LMP_GHG_PRC,KERCK1G1_7_B2,ALL,1,0,3,110
2022-09-03T10:30:00-00:00,2022-09-03T10:45:00-00:00,2022-09-03,04,KERCK1G1_7_B2,KERCK1G1_7_B2,KERCK1G1_7_B2,RTPD,MGHG,LMP_GHG_PRC,KERCK1G1_7_B2,ALL,1,0,3,110
2022-09-03T11:30:00-00:00,2022-09-03T11:45:00-00:00,2022-09-03,05,KERCK1G1_7_B2,KERCK1G1_7_B2,KERCK1G1_7_B2,RTPD,MGHG,LMP_GHG_PRC,KERCK1G1_7_B2,ALL,1,0,3,110
2022-09-03T12:30:00-00:00,2022-09-03T12:45:00-00:00,2022-09-03,06,KERCK1G1_7_B2,KERCK1G1_7_B2,KERCK1G1_7_B2,RTPD,MGHG,LMP_GHG_PRC,KERCK1G1_7_B2,ALL,1,0,3,110
2022-09-03T13:30:00-00:00,2022-09-03T13:45:00-00:00,2022-09-03,07,KERCK1G1_7_B2,KERCK1G1_7_B2,KERCK1G1_7_B2,RTPD,MGHG,LMP_GHG_PRC,KERCK1G1_7_B2,ALL,1,0,3,110
2022-09-03T14:30:00-00:00,2022-09-03T14:45:00-00:00,2022-09-03,08,KERCK1G1_7_B2,KERCK1G1_7_B2,KERCK1G1_7_B2,RTPD,MGHG,LMP_GHG_PRC,KERCK1G1_7_B2,ALL,1,0,3,110
2022-09-03T15:30:00-00:00,2022-09-03T15:45:00-00:00,2022-09-03,09,KERCK1G1_7_B2,KERCK1G1_7_B2,KERCK1G1_7_B2,RTPD,MGHG,LMP_GHG_PRC,KERCK1G1_7_B2,ALL,1,0,3,110
2022-09-03T16:30:00-00:00,2022-09-03T16:45:00-00:00,2022-09-03,10,KERCK1G1_7_B2,KERCK1G1_7_B2,KERCK1G1_7_B2,RTPD,MGHG,LMP_GHG_PRC,KERCK1G1_7_B2,ALL,1,0,3,110
2022-09-03T17:30:00-00:00,2022-09-03T17:45:00-00:00,2022-09-03,11,KERCK1G1_7_B2,KERCK1G1_7_B2,KERCK1G1_7_B2,RTPD,MGHG,LMP_GHG_PRC,KERCK1G1_7_B2,ALL,1,0,3,110
2022-09-03T18:30:00-00:00,2022-09-03T18:45:00-00:00,2022-09-03,12,KERCK1G1_7_B2,KERCK1G1_7_B2,KERCK1G1_7_B2,RTPD,MGHG,LMP_GHG_PRC,KERCK1G1_7_B2,ALL,1,0,3,110
2022-09-03T19:30:00-00:00,2022-09-03T19:45:00-00:00,2022-09-03,13,KERCK1G1_7_B2,KERCK1G1_7_B2,KERCK1G1_7_B2,RTPD,MGHG,LMP_GHG_PRC,KERCK1G1_7_B2,ALL,1,0,3,110
2022-09-03T20:30:00-00:00,2022-09-03T20:45:00-00:00,2022-09-03,14,KERCK1G1_7_B2,KERCK1G1_7_B2,KERCK1G1_7_B2,RTPD,MGHG,LMP_GHG_PRC,KERCK1G1_7_B2,ALL,1,0,3,110
2022-09-03T21:30:00-00:00,2022-09-03T21:45:00-00:00,2022-09-03,15,KERCK1G1_7_B2,KERCK1G1_7_B2,KERCK1G1_7_B2,RTPD,MGHG,LMP_GHG_PRC,KERCK1G1_7_B2,ALL,1,0,3,110
2022-09-03T22:30:00-00:00,2022-09-03T22:45:00-00:00,2022-09-03,16,KERCK1G1_7_B2,KERCK1G1_7_B2,KERCK1G1_7_B2,RTPD,MGHG,LMP_GHG_PRC,KERCK1G1_7_B2,ALL,1,0,3,110
2022-09-03T23:30:00-00:00,2022-09-03T23:45:00-00:00,2022-09-03,17,KERCK1G1_7_B2,KERCK1G1_7_B2,KERCK1G1_7_B2,RTPD,MGHG,LMP_GHG_PRC,KERCK1G1_7_B2,ALL,1,0,3,110
2022-09-04T00:30:00-00:00,2022-09-04T00:45:00-00:00,2022-09-03,18,KERCK1G1_7_B2,KERCK1G1_7_B2,KERCK1G1_7_B2,RTPD,MGHG,LMP_GHG_PRC,KERCK1G1_7_B2,ALL,1,0,3,110
2022-09-04T01:30:00-00:00,2022-09-04T01:45:00-00:00,2022-09-03,19,KERCK1G1_7_B2,KERCK1G1_7_B2,KERCK1G1_7_B2,RTPD,MGHG,LMP_GHG_PRC,KERCK1G1_7_B2,ALL,1,0,3,110
2022-09-04T02:30:00-00:00,2022-09-04T02:45:00-00:00,2022-09-03,20,KERCK1G1_7_B2,KERCK1G1_7_B2,KERCK1G1_7_B2,RTPD,MGHG,LMP_GHG_PRC,KERCK1G1_7_B2,ALL,1,0,3,110
2022-09-04T03:30:00-00:00,2022-09-04T03:45:00-00:00,2022-09-03,21,KERCK1G1_7_B2,KERCK1G1_7_B2,KERCK1G1_7_B2,RTPD,MGHG,LMP_GHG_PRC,KERCK1G1_7_B2,ALL,1,0,3,110
2022-09-04T04:30:00-00:00,2022-09-04T04:45:00-00:00,2022-09-03,22,KERCK1G1_7_B2,KERCK1G1_7_B2,KERCK1G1_7_B2,RTPD,MGHG,LMP_GHG_PRC,KERCK1G1_7_B2,ALL,1,0,3,110
2022-09-04T05:30:00-00:00,2022-09-04T05:45:00-00:00,2022-09-03,23,KERCK1G1_7_B2,KERCK1G1_7_B2,KERCK1G1_7_B2,RTPD,MGHG,LMP_GHG_PRC,KERCK1G1_7_B2,ALL,1,0,3,110
2022-09-04T06:30:00-00:00,2022-09-04T06:45:00-00:00,2022-09-03,24,KERCK1G1_7_B2,KERCK1G1_7_B2,KERCK1G1_7_B2,RTPD,MGHG,LMP_GHG_PRC,KERCK1G1_7_B2,ALL,1,0,3,110
2022-09-03T07:45:00-00:00,2022-09-03T08:00:00-00:00,2022-09-03,01,KERCK1G1_7_B2,KERCK1G1_7_B2,KERCK1G1_7_B2,RTPD,MGHG,LMP_GHG_PRC,KERCK1G1_7_B2,ALL,1,0,4,110
2022-09-03T08:45:00-00:00,2022-09-03T09:00:00-00:00,2022-09-03,02,KERCK1G1_7_B2,KERCK1G1_7_B2,KERCK1G1_7_B2,RTPD,MGHG,LMP_GHG_PRC,KERCK1G1_7_B2,ALL,1,0,4,110
2022-09-03T09:45:00-00:00,2022-09-03T10:00:00-00:00,2022-09-03,03,KERCK1G1_7_B2,KERCK1G1_7_B2,KERCK1G1_7_B2,RTPD,MGHG,LMP_GHG_PRC,KERCK1G1_7_B2,ALL,1,0,4,110
2022-09-03T10:45:00-00:00,2022-09-03T11:00:00-00:00,2022-09-03,04,KERCK1G1_7_B2,KERCK1G1_7_B2,KERCK1G1_7_B2,RTPD,MGHG,LMP_GHG_PRC,KERCK1G1_7_B2,ALL,1,0,4,110
2022-09-03T11:45:00-00:00,2022-09-03T12:00:00-00:00,2022-09-03,05,KERCK1G1_7_B2,KERCK1G1_7_B2,KERCK1G1_7_B2,RTPD,MGHG,LMP_GHG_PRC,KERCK1G1_7_B2,ALL,1,0,4,110
2022-09-03T12:45:00-00:00,2022-09-03T13:00:00-00:00,2022-09-03,06,KERCK1G1_7_B2,KERCK1G1_7_B2,KERCK1G1_7_B2,RTPD,MGHG,LMP_GHG_PRC,KERCK1G1_7_B2,ALL,1,0,4,110
2022-09-03T13:45:00-00:00,2022-09-03T14:00:00-00:00,2022-09-03,07,KERCK1G1_7_B2,KERCK1G1_7_B2,KERCK1G1_7_B2,RTPD,MGHG,LMP_GHG_PRC,KERCK1G1_7_B2,ALL,1,0,4,110
2022-09-03T14:45:00-00:00,2022-09-03T15:00:00-00:00,2022-09-03,08,KERCK1G1_7_B2,KERCK1G1_7_B2,KERCK1G1_7_B2,RTPD,MGHG,LMP_GHG_PRC,KERCK1G1_7_B2,ALL,1,0,4,110
2022-09-03T15:45:00-00:00,2022-09-03T16:00:00-00:00,2022-09-03,09,KERCK1G1_7_B2,KERCK1G1_7_B2,KERCK1G1_7_B2,RTPD,MGHG,LMP_GHG_PRC,KERCK1G1_7_B2,ALL,1,0,4,110
2022-09-03T16:45:00-00:00,2022-09-03T17:00:00-00:00,2022-09-03,10,KERCK1G1_7_B2,KERCK1G1_7_B2,KERCK1G1_7_B2,RTPD,MGHG,LMP_GHG_PRC,KERCK1G1_7_B2,ALL,1,0,4,110
2022-09-03T17:45:00-00:00,2022-09-03T18:00:00-00:00,2022-09-03,11,KERCK1G1_7_B2,KERCK1G1_7_B2,KERCK1G1_7_B2,RTPD,MGHG,LMP_GHG_PRC,KERCK1G1_7_B2,ALL,1,0,4,110
2022-09-03T18:45:00-00:00,2022-09-03T19:00:00-00:00,2022-09-03,12,KERCK1G1_7_B2,KERCK1G1_7_B2,KERCK1G1_7_B2,RTPD,MGHG,LMP_GHG_PRC,KERCK1G1_7_B2,ALL,1,0,4,110
2022-09-03T19:45:00-00:00,2022-09-03T20:00:00-00:00,2022-09-03,13,KERCK1G1_7_B2,KERCK1G1_7_B2,KERCK1G1_7_B2,RTPD,MGHG,LMP_GHG_PRC,KERCK1G1_7_B2,ALL,1,0,4,110
2022-09-03T20:45:00-00:00,2022-09-03T21:00:00-00:00,2022-09-03,14,KERCK1G1_7_B2,KERCK1G1_7_B2,KERCK1G1_7_B2,RTPD,MGHG,LMP_GHG_PRC,KERCK1G1_7_B2,ALL,1,0,4,110
2022-09-03T21:45:00-00:00,2022-09-03T22:00:00-00:00,2022-09-03,15,KERCK1G1_7_B2,KERCK1G1_7_B2,KERCK1G1_7_B2,RTPD,MGHG,LMP_GHG_PRC,KERCK1G1_7_B2,ALL,1,0,4,110
2022-09-03T22:45:00-00:00,2022-09-03T23:00:00-00:00,2022-09-03,16,KERCK1G1_7_B2,KERCK1G1_7_B2,KERCK1G1_7_B2,RTPD,MGHG,LMP_GHG_PRC,KERCK1G1_7_B2,ALL,1,0,4,110
2022-09-03T23:45:00-00:00,2022-09-04T00:00:00-00:00,2022-09-03,17,KERCK1G1_7_B2,KERCK1G1_7_B2,KERCK1G1_7_B2,RTPD,MGHG,LMP_GHG_PRC,KERCK1G1_7_B2,ALL,1,0,4,110
2022-09-04T00:45:00-00:00,2022-09-04T01:00:00-00:00,2022-09-03,18,KERCK1G1_7_B2,KERCK1G1_7_B2,KERCK1G1_7_B2,RTPD,MGHG,LMP_GHG_PRC,KERCK1G1_7_B2,ALL,1,0,4,110
2022-09-04T01:45:00-00:00,2022-09-04T02:00:00-00:00,2022-09-03,19,KERCK1G1_7_B2,KERCK1G1_7_B2,KERCK1G1_7_B2,RTPD,MGHG,LMP_GHG_PRC,KERCK1G1_7_B2,ALL,1,0,4,110
2022-09-04T02:45:00-00:00,2022-09-04T03:00:00-00:00,2022-09-03,20,KERCK1G1_7_B2,KERCK1G1_7_B2,KERCK1G1_7_B2,RTPD,MGHG,LMP_GHG_PRC,KERCK1G1_7_B2,ALL,1,0,4,110
2022-09-04T03:45:00-00:00,2022-09-04T04:00:00-00:00,2022-09-03,21,KERCK1G1_7_B2,KERCK1G1_7_B2,KERCK1G1_7_B2,RTPD,MGHG,LMP_GHG_PRC,KERCK1G1_7_B2,ALL,1,0,4,110
2022-09-04T04:45:00-00:00,2022-09-04T05:00:00-00:00,2022-09-03,22,KERCK1G1_7_B2,KERCK1G1_7_B2,KERCK1G1_7_B2,RTPD,MGHG,LMP_GHG_PRC,KERCK1G1_7_B2,ALL,1,0,4,110
2022-09-04T05:45:00-00:00,2022-09-04T06:00:00-00:00,2022-09-03,23,KERCK1G1_7_B2,KERCK1G1_7_B2,KERCK1G1_7_B2,RTPD,MGHG,LMP_GHG_PRC,KERCK1G1_7_B2,ALL,1,0,4,110
2022-09-04T06:45:00-00:00,2022-09-04T07:00:00-00:00,2022-09-03,24,KERCK1G1_7_B2,KERCK1G1_7_B2,KERCK1G1_7_B2,RTPD,MGHG,LMP_GHG_PRC,KERCK1G1_7_B2,ALL,1,0,4,110
2022-09-03T07:00:00-00:00,2022-09-03T07:15:00-00:00,2022-09-03,01,KERCK1G2_7_B1,KERCK1G2_7_B1,KERCK1G2_7_B1,RTPD,LMP,LMP_PRC,KERCK1G2_7_B1,ALL,1,98.90006,1,111
2022-09-03T08:00:00-00:00,2022-09-03T08:15:00-00:00,2022-09-03,02,KERCK1G2_7_B1,KERCK1G2_7_B1,KERCK1G2_7_B1,RTPD,LMP,LMP_PRC,KERCK1G2_7_B1,ALL,1,88.6719,1,111
2022-09-03T09:00:00-00:00,2022-09-03T09:15:00-00:00,2022-09-03,03,KERCK1G2_7_B1,KERCK1G2_7_B1,KERCK1G2_7_B1,RTPD,LMP,LMP_PRC,KERCK1G2_7_B1,ALL,1,123.17536,1,111
2022-09-03T10:00:00-00:00,2022-09-03T10:15:00-00:00,2022-09-03,04,KERCK1G2_7_B1,KERCK1G2_7_B1,KERCK1G2_7_B1,RTPD,LMP,LMP_PRC,KERCK1G2_7_B1,ALL,1,67.47233,1,111
2022-09-03T11:00:00-00:00,2022-09-03T11:15:00-00:00,2022-09-03,05,KERCK1G2_7_B1,KERCK1G2_7_B1,KERCK1G2_7_B1,RTPD,LMP,LMP_PRC,KERCK1G2_7_B1,ALL,1,94.06425,1,111
2022-09-03T12:00:00-00:00,2022-09-03T12:15:00-00:00,2022-09-03,06,KERCK1G2_7_B1,KERCK1G2_7_B1,KERCK1G2_7_B1,RTPD,LMP,LMP_PRC,KERCK1G2_7_B1,ALL,1,67.74603,1,111
2022-09-03T13:00:00-00:00,2022-09-03T13:15:00-00:00,2022-09-03,07,KERCK1G2_7_B1,KERCK1G2_7_B1,KERCK1G2_7_B1,RTPD,LMP,LMP_PRC,KERCK1G2_7_B1,ALL,1,83.68378,1,111
2022-09-03T14:00:00-00:00,2022-09-03T14:15:00-00:00,2022-09-03,08,KERCK1G2_7_B1,KERCK1G2_7_B1,KERCK1G2_7_B1,RTPD,LMP,LMP_PRC,KERCK1G2_7_B1,ALL,1,81.97449,1,111
2022-09-03T15:00:00-00:00,2022-09-03T15:15:00-00:00,2022-09-03,09,KERCK1G2_7_B1,KERCK1G2_7_B1,KERCK1G2_7_B1,RTPD,LMP,LMP_PRC,KERCK1G2_7_B1,ALL,1,29.03278,1,111
2022-09-03T16:00:00-00:00,2022-09-03T16:15:00-00:00,2022-09-03,10,KERCK1G2_7_B1,KERCK1G2_7_B1,KERCK1G2_7_B1,RTPD,LMP,LMP_PRC,KERCK1G2_7_B1,ALL,1,31.16662,1,111
2022-09-03T17:00:00-00:00,2022-09-03T17:15:00-00:00,2022-09-03,11,KERCK1G2_7_B1,KERCK1G2_7_B1,KERCK1G2_7_B1,RTPD,LMP,LMP_PRC,KERCK1G2_7_B1,ALL,1,56.07253,1,111
2022-09-03T18:00:00-00:00,2022-09-03T18:15:00-00:00,2022-09-03,12,KERCK1G2_7_B1,KERCK1G2_7_B1,KERCK1G2_7_B1,RTPD,LMP,LMP_PRC,KERCK1G2_7_B1,ALL,1,63.04682,1,111
2022-09-03T19:00:00-00:00,2022-09-03T19:15:00-00:00,2022-09-03,13,KERCK1G2_7_B1,KERCK1G2_7_B1,KERCK1G2_7_B1,RTPD,LMP,LMP_PRC,KERCK1G2_7_B1,ALL,1,3.37844,1,111
2022-09-03T20:00:00-00:00,2022-09-03T20:15:00-00:00,2022-09-03,14,KERCK1G2_7_B1,KERCK1G2_7_B1,KERCK1G2_7_B1,RTPD,LMP,LMP_PRC,KERCK1G2_7_B1,ALL,1,69.88805,1,111
2022-09-03T21:00:00-00:00,2022-09-03T21:15:00-00:00,2022-09-03,15,KERCK1G2_7_B1,KERCK1G2_7_B1,KERCK1G2_7_B1,RTPD,LMP,LMP_PRC,KERCK1G2_7_B1,ALL,1,73.44626,1,111
2022-09-03T22:00:00-00:00,2022-09-03T22:15:00-00:00,2022-09-03,16,KERCK1G2_7_B1,KERCK1G2_7_B1,KERCK1G2_7_B1,RTPD,LMP,LMP_PRC,KERCK1G2_7_B1,ALL,1,108.38361,1,111
2022-09-03T23:00:00-00:00,2022-09-03T23:15:00-00:00,2022-09-03,17,KERCK1G2_7_B1,KERCK1G2_7_B1,KERCK1G2_7_B1,RTPD,LMP,LMP_PRC,KERCK1G2_7_B1,ALL,1,67.44724,1,111
2022-09-04T00:00:00-00:00,2022-09-04T00:15:00-00:00,2022-09-03,18,KERCK1G2_7_B1,KERCK1G2_7_B1,KERCK1G2_7_B1,RTPD,LMP,LMP_PRC,KERCK1G2_7_B1,ALL,1,75.30245,1,111
2022-09-04T01:00:00-00:00,2022-09-04T01:15:00-00:00,2022-09-03,19,KERCK1G2_7_B1,KERCK1G2_7_B1,KERCK1G2_7_B1,RTPD,LMP,LMP_PRC,KERCK1G2_7_B1,ALL,1,101.99511,1,111
2022-09-04T02:00:00-00:00,2022-09-04T02:15:00-00:00,2022-09-03,20,KERCK1G2_7_B1,KERCK1G2_7_B1,KERCK1G2_7_B1,RTPD,LMP,LMP_PRC,KERCK1G2_7_B1,ALL,1,119.75401,1,111
2022-09-04T03:00:00-00:00,2022-09-04T03:15:00-00:00,2022-09-03,21,KERCK1G2_7_B1,KERCK1G2_7_B1,KERCK1G2_7_B1,RTPD,LMP,LMP_PRC,KERCK1G2_7_B1,ALL,1,136.60977,1,111
2022-09-04T04:00:00-00:00,2022-09-04T04:15:00-00:00,2022-09-03,22,KERCK1G2_7_B1,KERCK1G2_7_B1,KERCK1G2_7_B1,RTPD,LMP,LMP_PRC,KERCK1G2_7_B1,ALL,1,142.29736,1,111
2022-09-04T05:00:00-00:00,2022-09-04T05:15:00-00:00,2022-09-03,23,KERCK1G2_7_B1,KERCK1G2_7_B1,KERCK1G2_7_B1,RTPD,LMP,LMP_PRC,KERCK1G2_7_B1,ALL,1,100.8853,1,111
2022-09-04T06:00:00-00:00,2022-09-04T06:15:00-00:00,2022-09-03,24,KERCK1G2_7_B1,KERCK1G2_7_B1,KERCK1G2_7_B1,RTPD,LMP,LMP_PRC,KERCK1G2_7_B1,ALL,1,116.12259,1,111
2022-09-03T07:15:00-00:00,2022-09-03T07:30:00-00:00,2022-09-03,01,KERCK1G2_7_B1,KERCK1G2_7_B1,KERCK1G2_7_B1,RTPD,LMP,LMP_PRC,KERCK1G2_7_B1,ALL,1,90.8533,2,111
2022-09-03T08:15:00-00:00,2022-09-03T08:30:00-00:00,2022-09-03,02,KERCK1G2_7_B1,KERCK1G2_7_B1,KERCK1G2_7_B1,RTPD,LMP,LMP_PRC,KERCK1G2_7_B1,ALL,1,128.85172,2,111
2022-09-03T09:15:00-00:00,2022-09-03T09:30:00-00:00,2022-09-03,03,KERCK1G2_7_B1,KERCK1G2_7_B1,KERCK1G2_7_B1,RTPD,LMP,LMP_PRC,KERCK1G2_7_B1,ALL,1,70.66206,2,111
2022-09-03T10:15:00-00:00,2022-09-03T10:30:00-00:00,2022-09-03,04,KERCK1G2_7_B1,KERCK1G2_7_B1,KERCK1G2_7_B1,RTPD,LMP,LMP_PRC,KERCK1G2_7_B1,ALL,1,63.82697,2,111
2022-09-03T11:15:00-00:00,2022-09-03T11:30:00-00:00,2022-09-03,05,KERCK1G2_7_B1,KERCK1G2_7_B1,KERCK1G2_7_B1,RTPD,LMP,LMP_PRC,KERCK1G2_7_B1,ALL,1,66.48405,2,111
2022-09-03T12:15:00-00:00,2022-09-03T12:30:00-00:00,2022-09-03,06,KERCK1G2_7_B1,KERCK1G2_7_B1,KERCK1G2_7_B1,RTPD,LMP,LMP_PRC,KERCK1G2_7_B1,ALL,1,65.6734,2,111
2022-09-03T13:15:00-00:00,2022-09-03T13:30:00-00:00,2022-09-03,07,KERCK1G2_7_B1,KERCK1G2_7_B1,KERCK1G2_7_B1,RTPD,LMP,LMP_PRC,KERCK1G2_7_B1,ALL,1,82.4146,2,111
2022-09-03T14:15:00-00:00,2022-09-03T14:30:00-00:00,2022-09-03,08,KERCK1G2_7_B1,KERCK1G2_7_B1,KERCK1G2_7_B1,RTPD,LMP,LMP_PRC,KERCK1G2_7_B1,ALL,1,108.36277,2,111
2022-09-03T15:15:00-00:00,2022-09-03T15:30:00-00:00,2022-09-03,09,KERCK1G2_7_B1,KERCK1G2_7_B1,KERCK1G2_7_B1,RTPD,LMP,LMP_PRC,KERCK1G2_7_B1,ALL,1,28.66293,2,111
2022-09-03T16:15:00-00:00,2022-09-03T16:30:00-00:00,2022-09-03,10,KERCK1G2_7_B1,KERCK1G2_7_B1,KERCK1G2_7_B1,RTPD,LMP,LMP_PRC,KERCK1G2_7_B1,ALL,1,30.81989,2,111
2022-09-03T17:15:00-00:00,2022-09-03T17:30:00-00:00,2022-09-03,11,KERCK1G2_7_B1,KERCK1G2_7_B1,KERCK1G2_7_B1,RTPD,LMP,LMP_PRC,KERCK1G2_7_B1,ALL,1,68.09374,2,111
2022-09-03T18:15:00-00:00,2022-09-03T18:30:00-00:00,2022-09-03,12,KERCK1G2_7_B1,KERCK1G2_7_B1,KERCK1G2_7_B1,RTPD,LMP,LMP_PRC,KERCK1G2_7_B1,ALL,1,71.27041,2,111
2022-09-03T19:15:00-00:00,2022-09-03T19:30:00-00:00,2022-09-03,13,KERCK1G2_7_B1,KERCK1G2_7_B1,KERCK1G2_7_B1,RTPD,LMP,LMP_PRC,KERCK1G2_7_B1,ALL,1,5.19224,2,111
2022-09-03T20:15:00-00:00,2022-09-03T20:30:00-00:00,2022-09-03,14,KERCK1G2_7_B1,KERCK1G2_7_B1,KERCK1G2_7_B1,RTPD,LMP,LMP_PRC,KERCK1G2_7_B1,ALL,1,77.03585,2,111
2022-09-03T21:15:00-00:00,2022-09-03T21:30:00-00:00,2022-09-03,15,KERCK1G2_7_B1,KERCK1G2_7_B1,KERCK1G2_7_B1,RTPD,LMP,LMP_PRC,KERCK1G2_7_B1,ALL,1,96.61826,2,111
2022-09-03T22:15:00-00:00,2022-09-03T22:30:00-00:00,2022-09-03,16,KERCK1G2_7_B1,KERCK1G2_7_B1,KERCK1G2_7_B1,RTPD,LMP,LMP_PRC,KERCK1G2_7_B1,ALL,1,110.81876,2,111
2022-09-03T23:15:00-00:00,2022-09-03T23:30:00-00:00,2022-09-03,17,KERCK1G2_7_B1,KERCK1G2_7_B1,KERCK1G2_7_B1,RTPD,LMP,LMP_PRC,KERCK1G2_7_B1,ALL,1,70.8203,2,111
2022-09-04T00:15:00-00:00,2022-09-04T00:30:00-00:00,2022-09-03,18,KERCK1G2_7_B1,KERCK1G2_7_B1,KERCK1G2_7_B1,RTPD,LMP,LMP_PRC,KERCK1G2_7_B1,ALL,1,129.73586,2,111
2022-09-04T01:15:00-00:00,2022-09-04T01:30:00-00:00,2022-09-03,19,KERCK1G2_7_B1,KERCK1G2_7_B1,KERCK1G2_7_B1,RTPD,LMP,LMP_PRC,KERCK1G2_7_B1,ALL,1,184.7937,2,111
2022-09-04T02:15:00-00:00,2022-09-04T02:30:00-00:00,2022-09-03,20,KERCK1G2_7_B1,KERCK1G2_7_B1,KERCK1G2_7_B1,RTPD,LMP,LMP_PRC,KERCK1G2_7_B1,ALL,1,137.23949,2,111
2022-09-04T03:15:00-00:00,2022-09-04T03:30:00-00:00,2022-09-03,21,KERCK1G2_7_B1,KERCK1G2_7_B1,KERCK1G2_7_B1,RTPD,LMP,LMP_PRC,KERCK1G2_7_B1,ALL,1,129.06242,2,111
2022-09-04T04:15:00-00:00,2022-09-04T04:30:00-00:00,2022-09-03,22,KERCK1G2_7_B1,KERCK1G2_7_B1,KERCK1G2_7_B1,RTPD,LMP,LMP_PRC,KERCK1G2_7_B1,ALL,1,140.85172,2,111
2022-09-04T05:15:00-00:00,2022-09-04T05:30:00-00:00,2022-09-03,23,KERCK1G2_7_B1,KERCK1G2_7_B1,KERCK1G2_7_B1,RTPD,LMP,LMP_PRC,KERCK1G2_7_B1,ALL,1,97.2365,2,111
2022-09-04T06:15:00-00:00,2022-09-04T06:30:00-00:00,2022-09-03,24,KERCK1G2_7_B1,KERCK1G2_7_B1,KERCK1G2_7_B1,RTPD,LMP,LMP_PRC,KERCK1G2_7_B1,ALL,1,100.59362,2,111
2022-09-03T07:30:00-00:00,2022-09-03T07:45:00-00:00,2022-09-03,01,KERCK1G2_7_B1,KERCK1G2_7_B1,KERCK1G2_7_B1,RTPD,LMP,LMP_PRC,KERCK1G2_7_B1,ALL,1,89.50776,3,111
2022-09-03T08:30:00-00:00,2022-09-03T08:45:00-00:00,2022-09-03,02,KERCK1G2_7_B1,KERCK1G2_7_B1,KERCK1G2_7_B1,RTPD,LMP,LMP_PRC,KERCK1G2_7_B1,ALL,1,124.54697,3,111
2022-09-03T09:30:00-00:00,2022-09-03T09:45:00-00:00,2022-09-03,03,KERCK1G2_7_B1,KERCK1G2_7_B1,KERCK1G2_7_B1,RTPD,LMP,LMP_PRC,KERCK1G2_7_B1,ALL,1,63.55375,3,111
2022-09-03T10:30:00-00:00,2022-09-03T10:45:00-00:00,2022-09-03,04,KERCK1G2_7_B1,KERCK1G2_7_B1,KERCK1G2_7_B1,RTPD,LMP,LMP_PRC,KERCK1G2_7_B1,ALL,1,62.95171,3,111
2022-09-03T11:30:00-00:00,2022-09-03T11:45:00-00:00,2022-09-03,05,KERCK1G2_7_B1,KERCK1G2_7_B1,KERCK1G2_7_B1,RTPD,LMP,LMP_PRC,KERCK1G2_7_B1,ALL,1,120.35828,3,111
2022-09-03T12:30:00-00:00,2022-09-03T12:45:00-00:00,2022-09-03,06,KERCK1G2_7_B1,KERCK1G2_7_B1,KERCK1G2_7_B1,RTPD,LMP,LMP_PRC,KERCK1G2_7_B1,ALL,1,65.83847,3,111
2022-09-03T13:30:00-00:00,2022-09-03T13:45:00-00:00,2022-09-03,07,KERCK1G2_7_B1,KERCK1G2_7_B1,KERCK1G2_7_B1,RTPD,LMP,LMP_PRC,KERCK1G2_7_B1,ALL,1,81.00685,3,111
2022-09-03T14:30:00-00:00,2022-09-03T14:45:00-00:00,2022-09-03,08,KERCK1G2_7_B1,KERCK1G2_7_B1,KERCK1G2_7_B1,RTPD,LMP,LMP_PRC,KERCK1G2_7_B1,ALL,1,68.01459,3,111
2022-09-03T15:30:00-00:00,2022-09-03T15:45:00-00:00,2022-09-03,09,KERCK1G2_7_B1,KERCK1G2_7_B1,KERCK1G2_7_B1,RTPD,LMP,LMP_PRC,KERCK1G2_7_B1,ALL,1,27.49598,3,111
2022-09-03T16:30:00-00:00,2022-09-03T16:45:00-00:00,2022-09-03,10,KERCK1G2_7_B1,KERCK1G2_7_B1,KERCK1G2_7_B1,RTPD,LMP,LMP_PRC,KERCK1G2_7_B1,ALL,1,29.82128,3,111
2022-09-03T17:30:00-00:00,2022-09-03T17:45:00-00:00,2022-09-03,11,KERCK1G2_7_B1,KERCK1G2_7_B1,KERCK1G2_7_B1,RTPD,LMP,LMP_PRC,KERCK1G2_7_B1,ALL,1,69.05039,3,111
2022-09-03T18:30:00-00:00,2022-09-03T18:45:00-00:00,2022-09-03,12,KERCK1G2_7_B1,KERCK1G2_7_B1,KERCK1G2_7_B1,RTPD,LMP,LMP_PRC,KERCK1G2_7_B1,ALL,1,73.05732,3,111
2022-09-03T19:30:00-00:00,2022-09-03T19:45:00-00:00,2022-09-03,13,KERCK1G2_7_B1,KERCK1G2_7_B1,KERCK1G2_7_B1,RTPD,LMP,LMP_PRC,KERCK1G2_7_B1,ALL,1,-0.38465,3,111
2022-09-03T20:30:00-00:00,2022-09-03T20:45:00-00:00,2022-09-03,14,KERCK1G2_7_B1,KERCK1G2_7_B1,KERCK1G2_7_B1,RTPD,LMP,LMP_PRC,KERCK1G2_7_B1,ALL,1,86.4198,3,111
2022-09-03T21:30:00-00:00,2022-09-03T21:45:00-00:00,2022-09-03,15,KERCK1G2_7_B1,KERCK1G2_7_B1,KERCK1G2_7_B1,RTPD,LMP,LMP_PRC,KERCK1G2_7_B1,ALL,1,98.90209,3,111
2022-09-03T22:30:00-00:00,2022-09-03T22:45:00-00:00,2022-09-03,16,KERCK1G2_7_B1,KERCK1G2_7_B1,KERCK1G2_7_B1,RTPD,LMP,LMP_PRC,KERCK1G2_7_B1,ALL,1,94.92349,3,111
2022-09-03T23:30:00-00:00,2022-09-03T23:45:00-00:00,2022-09-03,17,KERCK1G2_7_B1,KERCK1G2_7_B1,KERCK1G2_7_B1,RTPD,LMP,LMP_PRC,KERCK1G2_7_B1,ALL,1,76.20082,3,111
2022-09-04T00:30:00-00:00,2022-09-04T00:45:00-00:00,2022-09-03,18,KERCK1G2_7_B1,KERCK1G2_7_B1,KERCK1G2_7_B1,RTPD,LMP,LMP_PRC,KERCK1G2_7_B1,ALL,1,107.64886,3,111
2022-09-04T01:30:00-00:00,2022-09-04T01:45:00-00:00,2022-09-03,19,KERCK1G2_7_B1,KERCK1G2_7_B1,KERCK1G2_7_B1,RTPD,LMP,LMP_PRC,KERCK1G2_7_B1,ALL,1,190.05116,3,111
2022-09-04T02:30:00-00:00,2022-09-04T02:45:00-00:00,2022-09-03,20,KERCK1G2_7_B1,KERCK1G2_7_B1,KERCK1G2_7_B1,RTPD,LMP,LMP_PRC,KERCK1G2_7_B1,ALL,1,134.01823,3,111
2022-09-04T03:30:00-00:00,2022-09-04T03:45:00-00:00,2022-09-03,21,KERCK1G2_7_B1,KERCK1G2_7_B1,KERCK1G2_7_B1,RTPD,LMP,LMP_PRC,KERCK1G2_7_B1,ALL,1,126.99803,3,111
2022-09-04T04:30:00-00:00,2022-09-04T04:45:00-00:00,2022-09-03,22,KERCK1G2_7_B1,KERCK1G2_7_B1,KERCK1G2_7_B1,RTPD,LMP,LMP_PRC,KERCK1G2_7_B1,ALL,1,140.49782,3,111
2022-09-04T05:30:00-00:00,2022-09-04T05:45:00-00:00,2022-09-03,23,KERCK1G2_7_B1,KERCK1G2_7_B1,KERCK1G2_7_B1,RTPD,LMP,LMP_PRC,KERCK1G2_7_B1,ALL,1,87.60449,3,111
2022-09-04T06:30:00-00:00,2022-09-04T06:45:00-00:00,2022-09-03,24,KERCK1G2_7_B1,KERCK1G2_7_B1,KERCK1G2_7_B1,RTPD,LMP,LMP_PRC,KERCK1G2_7_B1,ALL,1,88.58862,3,111
2022-09-03T07:45:00-00:00,2022-09-03T08:00:00-00:00,2022-09-03,01,KERCK1G2_7_B1,KERCK1G2_7_B1,KERCK1G2_7_B1,RTPD,LMP,LMP_PRC,KERCK1G2_7_B1,ALL,1,73.73354,4,111
2022-09-03T08:45:00-00:00,2022-09-03T09:00:00-00:00,2022-09-03,02,KERCK1G2_7_B1,KERCK1G2_7_B1,KERCK1G2_7_B1,RTPD,LMP,LMP_PRC,KERCK1G2_7_B1,ALL,1,127.19969,4,111
2022-09-03T09:45:00-00:00,2022-09-03T10:00:00-00:00,2022-09-03,03,KERCK1G2_7_B1,KERCK1G2_7_B1,KERCK1G2_7_B1,RTPD,LMP,LMP_PRC,KERCK1G2_7_B1,ALL,1,73.8154,4,111
2022-09-03T10:45:00-00:00,2022-09-03T11:00:00-00:00,2022-09-03,04,KERCK1G2_7_B1,KERCK1G2_7_B1,KERCK1G2_7_B1,RTPD,LMP,LMP_PRC,KERCK1G2_7_B1,ALL,1,269.58905,4,111
2022-09-03T11:45:00-00:00,2022-09-03T12:00:00-00:00,2022-09-03,05,KERCK1G2_7_B1,KERCK1G2_7_B1,KERCK1G2_7_B1,RTPD,LMP,LMP_PRC,KERCK1G2_7_B1,ALL,1,80.54787,4,111
2022-09-03T12:45:00-00:00,2022-09-03T13:00:00-00:00,2022-09-03,06,KERCK1G2_7_B1,KERCK1G2_7_B1,KERCK1G2_7_B1,RTPD,LMP,LMP_PRC,KERCK1G2_7_B1,ALL,1,67.41414,4,111
2022-09-03T13:45:00-00:00,2022-09-03T14:00:00-00:00,2022-09-03,07,KERCK1G2_7_B1,KERCK1G2_7_B1,KERCK1G2_7_B1,RTPD,LMP,LMP_PRC,KERCK1G2_7_B1,ALL,1,81.00013,4,111
2022-09-03T14:45:00-00:00,2022-09-03T15:00:00-00:00,2022-09-03,08,KERCK1G2_7_B1,KERCK1G2_7_B1,KERCK1G2_7_B1,RTPD,LMP,LMP_PRC,KERCK1G2_7_B1,ALL,1,21.2499,4,111
2022-09-03T15:45:00-00:00,2022-09-03T16:00:00-00:00,2022-09-03,09,KERCK1G2_7_B1,KERCK1G2_7_B1,KERCK1G2_7_B1,RTPD,LMP,LMP_PRC,KERCK1G2_7_B1,ALL,1,25.66373,4,111
2022-09-03T16:45:00-00:00,2022-09-03T17:00:00-00:00,2022-09-03,10,KERCK1G2_7_B1,KERCK1G2_7_B1,KERCK1G2_7_B1,RTPD,LMP,LMP_PRC,KERCK1G2_7_B1,ALL,1,50.30076,4,111
2022-09-03T17:45:00-00:00,2022-09-03T18:00:00-00:00,2022-09-03,11,KERCK1G2_7_B1,KERCK1G2_7_B1,KERCK1G2_7_B1,RTPD,LMP,LMP_PRC,KERCK1G2_7_B1,ALL,1,73.49498,4,111
2022-09-03T18:45:00-00:00,2022-09-03T19:00:00-00:00,2022-09-03,12,KERCK1G2_7_B1,KERCK1G2_7_B1,KERCK1G2_7_B1,RTPD,LMP,LMP_PRC,KERCK1G2_7_B1,ALL,1,64.45007,4,111
2022-09-03T19:45:00-00:00,2022-09-03T20:00:00-00:00,2022-09-03,13,KERCK1G2_7_B1,KERCK1G2_7_B1,KERCK1G2_7_B1,RTPD,LMP,LMP_PRC,KERCK1G2_7_B1,ALL,1,0.05292,4,111
2022-09-03T20:45:00-00:00,2022-09-03T21:00:00-00:00,2022-09-03,14,KERCK1G2_7_B1,KERCK1G2_7_B1,KERCK1G2_7_B1,RTPD,LMP,LMP_PRC,KERCK1G2_7_B1,ALL,1,87.24297,4,111
2022-09-03T21:45:00-00:00,2022-09-03T22:00:00-00:00,2022-09-03,15,KERCK1G2_7_B1,KERCK1G2_7_B1,KERCK1G2_7_B1,RTPD,LMP,LMP_PRC,KERCK1G2_7_B1,ALL,1,115.07602,4,111
2022-09-03T22:45:00-00:00,2022-09-03T23:00:00-00:00,2022-09-03,16,KERCK1G2_7_B1,KERCK1G2_7_B1,KERCK1G2_7_B1,RTPD,LMP,LMP_PRC,KERCK1G2_7_B1,ALL,1,128.93771,4,111
2022-09-03T23:45:00-00:00,2022-09-04T00:00:00-00:00,2022-09-03,17,KERCK1G2_7_B1,KERCK1G2_7_B1,KERCK1G2_7_B1,RTPD,LMP,LMP_PRC,KERCK1G2_7_B1,ALL,1,137.3073,4,111
2022-09-04T00:45:00-00:00,2022-09-04T01:00:00-00:00,2022-09-03,18,KERCK1G2_7_B1,KERCK1G2_7_B1,KERCK1G2_7_B1,RTPD,LMP,LMP_PRC,KERCK1G2_7_B1,ALL,1,65.59984,4,111
2022-09-04T01:45:00-00:00,2022-09-04T02:00:00-00:00,2022-09-03,19,KERCK1G2_7_B1,KERCK1G2_7_B1,KERCK1G2_7_B1,RTPD,LMP,LMP_PRC,KERCK1G2_7_B1,ALL,1,450.97858,4,111
2022-09-04T02:45:00-00:00,2022-09-04T03:00:00-00:00,2022-09-03,20,KERCK1G2_7_B1,KERCK1G2_7_B1,KERCK1G2_7_B1,RTPD,LMP,LMP_PRC,KERCK1G2_7_B1,ALL,1,132.9692,4,111
2022-09-04T03:45:00-00:00,2022-09-04T04:00:00-00:00,2022-09-03,21,KERCK1G2_7_B1,KERCK1G2_7_B1,KERCK1G2_7_B1,RTPD,LMP,LMP_PRC,KERCK1G2_7_B1,ALL,1,82.2552,4,111
2022-09-04T04:45:00-00:00,2022-09-04T05:00:00-00:00,2022-09-03,22,KERCK1G2_7_B1,KERCK1G2_7_B1,KERCK1G2_7_B1,RTPD,LMP,LMP_PRC,KERCK1G2_7_B1,ALL,1,139.61926,4,111
2022-09-04T05:45:00-00:00,2022-09-04T06:00:00-00:00,2022-09-03,23,KERCK1G2_7_B1,KERCK1G2_7_B1,KERCK1G2_7_B1,RTPD,LMP,LMP_PRC,KERCK1G2_7_B1,ALL,1,78.5706,4,111
2022-09-04T06:45:00-00:00,2022-09-04T07:00:00-00:00,2022-09-03,24,KERCK1G2_7_B1,KERCK1G2_7_B1,KERCK1G2_7_B1,RTPD,LMP,LMP_PRC,KERCK1G2_7_B1,ALL,1,76.28692,4,111
2022-09-03T07:00:00-00:00,2022-09-03T07:15:00-00:00,2022-09-03,01,KERCK1G2_7_B1,KERCK1G2_7_B1,KERCK1G2_7_B1,RTPD,MCC,LMP_CONG_PRC,KERCK1G2_7_B1,ALL,1,-11.38778,1,112
2022-09-03T08:00:00-00:00,2022-09-03T08:15:00-00:00,2022-09-03,02,KERCK1G2_7_B1,KERCK1G2_7_B1,KERCK1G2_7_B1,RTPD,MCC,LMP_CONG_PRC,KERCK1G2_7_B1,ALL,1,1.38856,1,112
2022-09-03T09:00:00-00:00,2022-09-03T09:15:00-00:00,2022-09-03,03,KERCK1G2_7_B1,KERCK1G2_7_B1,KERCK1G2_7_B1,RTPD,MCC,LMP_CONG_PRC,KERCK1G2_7_B1,ALL,1,39.51181,1,112
2022-09-03T10:00:00-00:00,2022-09-03T10:15:00-00:00,2022-09-03,04,KERCK1G2_7_B1,KERCK1G2_7_B1,KERCK1G2_7_B1,RTPD,MCC,LMP_CONG_PRC,KERCK1G2_7_B1,ALL,1,-10.54675,1,112
2022-09-03T11:00:00-00:00,2022-09-03T11:15:00-00:00,2022-09-03,05,KERCK1G2_7_B1,KERCK1G2_7_B1,KERCK1G2_7_B1,RTPD,MCC,LMP_CONG_PRC,KERCK1G2_7_B1,ALL,1,19.04718,1,112
2022-09-03T12:00:00-00:00,2022-09-03T12:15:00-00:00,2022-09-03,06,KERCK1G2_7_B1,KERCK1G2_7_B1,KERCK1G2_7_B1,RTPD,MCC,LMP_CONG_PRC,KERCK1G2_7_B1,ALL,1,-2.04128,1,112
2022-09-03T13:00:00-00:00,2022-09-03T13:15:00-00:00,2022-09-03,07,KERCK1G2_7_B1,KERCK1G2_7_B1,KERCK1G2_7_B1,RTPD,MCC,LMP_CONG_PRC,KERCK1G2_7_B1,ALL,1,23.2415,1,112
2022-09-03T14:00:00-00:00,2022-09-03T14:15:00-00:00,2022-09-03,08,KERCK1G2_7_B1,KERCK1G2_7_B1,KERCK1G2_7_B1,RTPD,MCC,LMP_CONG_PRC,KERCK1G2_7_B1,ALL,1,40.91875,1,112
2022-09-03T15:00:00-00:00,2022-09-03T15:15:00-00:00,2022-09-03,09,KERCK1G2_7_B1,KERCK1G2_7_B1,KERCK1G2_7_B1,RTPD,MCC,LMP_CONG_PRC,KERCK1G2_7_B1,ALL,1,0,1,112
2022-09-03T16:00:00-00:00,2022-09-03T16:15:00-00:00,2022-09-03,10,KERCK1G2_7_B1,KERCK1G2_7_B1,KERCK1G2_7_B1,RTPD,MCC,LMP_CONG_PRC,KERCK1G2_7_B1,ALL,1,0,1,112
2022-09-03T17:00:00-00:00,2022-09-03T17:15:00-00:00,2022-09-03,11,KERCK1G2_7_B1,KERCK1G2_7_B1,KERCK1G2_7_B1,RTPD,MCC,LMP_CONG_PRC,KERCK1G2_7_B1,ALL,1,0,1,112
2022-09-03T18:00:00-00:00,2022-09-03T18:15:00-00:00,2022-09-03,12,KERCK1G2_7_B1,KERCK1G2_7_B1,KERCK1G2_7_B1,RTPD,MCC,LMP_CONG_PRC,KERCK1G2_7_B1,ALL,1,-7.43682,1,112
2022-09-03T19:00:00-00:00,2022-09-03T19:15:00-00:00,2022-09-03,13,KERCK1G2_7_B1,KERCK1G2_7_B1,KERCK1G2_7_B1,RTPD,MCC,LMP_CONG_PRC,KERCK1G2_7_B1,ALL,1,-47.58126,1,112
2022-09-03T20:00:00-00:00,2022-09-03T20:15:00-00:00,2022-09-03,14,KERCK1G2_7_B1,KERCK1G2_7_B1,KERCK1G2_7_B1,RTPD,MCC,LMP_CONG_PRC,KERCK1G2_7_B1,ALL,1,3.40983,1,112
2022-09-03T21:00:00-00:00,2022-09-03T21:15:00-00:00,2022-09-03,15,KERCK1G2_7_B1,KERCK1G2_7_B1,KERCK1G2_7_B1,RTPD,MCC,LMP_CONG_PRC,KERCK1G2_7_B1,ALL,1,21.02813,1,112
2022-09-03T22:00:00-00:00,2022-09-03T22:15:00-00:00,2022-09-03,16,KERCK1G2_7_B1,KERCK1G2_7_B1,KERCK1G2_7_B1,RTPD,MCC,LMP_CONG_PRC,KERCK1G2_7_B1,ALL,1,49.24186,1,112
2022-09-03T23:00:00-00:00,2022-09-03T23:15:00-00:00,2022-09-03,17,KERCK1G2_7_B1,KERCK1G2_7_B1,KERCK1G2_7_B1,RTPD,MCC,LMP_CONG_PRC,KERCK1G2_7_B1,ALL,1,-9.92765,1,112
2022-09-04T00:00:00-00:00,2022-09-04T00:15:00-00:00,2022-09-03,18,KERCK1G2_7_B1,KERCK1G2_7_B1,KERCK1G2_7_B1,RTPD,MCC,LMP_CONG_PRC,KERCK1G2_7_B1,ALL,1,-22.02915,1,112
2022-09-04T01:00:00-00:00,2022-09-04T01:15:00-00:00,2022-09-03,19,KERCK1G2_7_B1,KERCK1G2_7_B1,KERCK1G2_7_B1,RTPD,MCC,LMP_CONG_PRC,KERCK1G2_7_B1,ALL,1,-75.32469,1,112
2022-09-04T02:00:00-00:00,2022-09-04T02:15:00-00:00,2022-09-03,20,KERCK1G2_7_B1,KERCK1G2_7_B1,KERCK1G2_7_B1,RTPD,MCC,LMP_CONG_PRC,KERCK1G2_7_B1,ALL,1,-7.32409,1,112
2022-09-04T03:00:00-00:00,2022-09-04T03:15:00-00:00,2022-09-03,21,KERCK1G2_7_B1,KERCK1G2_7_B1,KERCK1G2_7_B1,RTPD,MCC,LMP_CONG_PRC,KERCK1G2_7_B1,ALL,1,8.37805,1,112
2022-09-04T04:00:00-00:00,2022-09-04T04:15:00-00:00,2022-09-03,22,KERCK1G2_7_B1,KERCK1G2_7_B1,KERCK1G2_7_B1,RTPD,MCC,LMP_CONG_PRC,KERCK1G2_7_B1,ALL,1,15.18406,1,112
2022-09-04T05:00:00-00:00,2022-09-04T05:15:00-00:00,2022-09-03,23,KERCK1G2_7_B1,KERCK1G2_7_B1,KERCK1G2_7_B1,RTPD,MCC,LMP_CONG_PRC,KERCK1G2_7_B1,ALL,1,-43.36761,1,112
2022-09-04T06:00:00-00:00,2022-09-04T06:15:00-00:00,2022-09-03,24,KERCK1G2_7_B1,KERCK1G2_7_B1,KERCK1G2_7_B1,RTPD,MCC,LMP_CONG_PRC,KERCK1G2_7_B1,ALL,1,-2.63896,1,112
2022-09-03T07:15:00-00:00,2022-09-03T07:30:00-00:00,2022-09-03,01,KERCK1G2_7_B1,KERCK1G2_7_B1,KERCK1G2_7_B1,RTPD,MCC,LMP_CONG_PRC,KERCK1G2_7_B1,ALL,1,-15.31859,2,112
2022-09-03T08:15:00-00:00,2022-09-03T08:30:00-00:00,2022-09-03,02,KERCK1G2_7_B1,KERCK1G2_7_B1,KERCK1G2_7_B1,RTPD,MCC,LMP_CONG_PRC,KERCK1G2_7_B1,ALL,1,42.77095,2,112
2022-09-03T09:15:00-00:00,2022-09-03T09:30:00-00:00,2022-09-03,03,KERCK1G2_7_B1,KERCK1G2_7_B1,KERCK1G2_7_B1,RTPD,MCC,LMP_CONG_PRC,KERCK1G2_7_B1,ALL,1,-10.86242,2,112
2022-09-03T10:15:00-00:00,2022-09-03T10:30:00-00:00,2022-09-03,04,KERCK1G2_7_B1,KERCK1G2_7_B1,KERCK1G2_7_B1,RTPD,MCC,LMP_CONG_PRC,KERCK1G2_7_B1,ALL,1,-12.25081,2,112
2022-09-03T11:15:00-00:00,2022-09-03T11:30:00-00:00,2022-09-03,05,KERCK1G2_7_B1,KERCK1G2_7_B1,KERCK1G2_7_B1,RTPD,MCC,LMP_CONG_PRC,KERCK1G2_7_B1,ALL,1,-3.831,2,112
2022-09-03T12:15:00-00:00,2022-09-03T12:30:00-00:00,2022-09-03,06,KERCK1G2_7_B1,KERCK1G2_7_B1,KERCK1G2_7_B1,RTPD,MCC,LMP_CONG_PRC,KERCK1G2_7_B1,ALL,1,-4.34976,2,112
2022-09-03T13:15:00-00:00,2022-09-03T13:30:00-00:00,2022-09-03,07,KERCK1G2_7_B1,KERCK1G2_7_B1,KERCK1G2_7_B1,RTPD,MCC,LMP_CONG_PRC,KERCK1G2_7_B1,ALL,1,23.46914,2,112
2022-09-03T14:15:00-00:00,2022-09-03T14:30:00-00:00,2022-09-03,08,KERCK1G2_7_B1,KERCK1G2_7_B1,KERCK1G2_7_B1,RTPD,MCC,LMP_CONG_PRC,KERCK1G2_7_B1,ALL,1,71.47944,2,112
2022-09-03T15:15:00-00:00,2022-09-03T15:30:00-00:00,2022-09-03,09,KERCK1G2_7_B1,KERCK1G2_7_B1,KERCK1G2_7_B1,RTPD,MCC,LMP_CONG_PRC,KERCK1G2_7_B1,ALL,1,0,2,112
2022-09-03T16:15:00-00:00,2022-09-03T16:30:00-00:00,2022-09-03,10,KERCK1G2_7_B1,KERCK1G2_7_B1,KERCK1G2_7_B1,RTPD,MCC,LMP_CONG_PRC,KERCK1G2_7_B1,ALL,1,0,2,112
2022-09-03T17:15:00-00:00,2022-09-03T17:30:00-00:00,2022-09-03,11,KERCK1G2_7_B1,KERCK1G2_7_B1,KERCK1G2_7_B1,RTPD,MCC,LMP_CONG_PRC,KERCK1G2_7_B1,ALL,1,0,2,112
2022-09-03T18:15:00-00:00,2022-09-03T18:30:00-00:00,2022-09-03,12,KERCK1G2_7_B1,KERCK1G2_7_B1,KERCK1G2_7_B1,RTPD,MCC,LMP_CONG_PRC,KERCK1G2_7_B1,ALL,1,-2.65674,2,112
2022-09-03T19:15:00-00:00,2022-09-03T19:30:00-00:00,2022-09-03,13,KERCK1G2_7_B1,KERCK1G2_7_B1,KERCK1G2_7_B1,RTPD,MCC,LMP_CONG_PRC,KERCK1G2_7_B1,ALL,1,-52.12658,2,112
2022-09-03T20:15:00-00:00,2022-09-03T20:30:00-00:00,2022-09-03,14,KERCK1G2_7_B1,KERCK1G2_7_B1,KERCK1G2_7_B1,RTPD,MCC,LMP_CONG_PRC,KERCK1G2_7_B1,ALL,1,10.87864,2,112
2022-09-03T21:15:00-00:00,2022-09-03T21:30:00-00:00,2022-09-03,15,KERCK1G2_7_B1,KERCK1G2_7_B1,KERCK1G2_7_B1,RTPD,MCC,LMP_CONG_PRC,KERCK1G2_7_B1,ALL,1,38.63057,2,112
2022-09-03T22:15:00-00:00,2022-09-03T22:30:00-00:00,2022-09-03,16,KERCK1G2_7_B1,KERCK1G2_7_B1,KERCK1G2_7_B1,RTPD,MCC,LMP_CONG_PRC,KERCK1G2_7_B1,ALL,1,36.81436,2,112
2022-09-03T23:15:00-00:00,2022-09-03T23:30:00-00:00,2022-09-03,17,KERCK1G2_7_B1,KERCK1G2_7_B1,KERCK1G2_7_B1,RTPD,MCC,LMP_CONG_PRC,KERCK1G2_7_B1,ALL,1,-22.81005,2,112
2022-09-04T00:15:00-00:00,2022-09-04T00:30:00-00:00,2022-09-03,18,KERCK1G2_7_B1,KERCK1G2_7_B1,KERCK1G2_7_B1,RTPD,MCC,LMP_CONG_PRC,KERCK1G2_7_B1,ALL,1,18.95902,2,112
2022-09-04T01:15:00-00:00,2022-09-04T01:30:00-00:00,2022-09-03,19,KERCK1G2_7_B1,KERCK1G2_7_B1,KERCK1G2_7_B1,RTPD,MCC,LMP_CONG_PRC,KERCK1G2_7_B1,ALL,1,-60.29117,2,112
2022-09-04T02:15:00-00:00,2022-09-04T02:30:00-00:00,2022-09-03,20,KERCK1G2_7_B1,KERCK1G2_7_B1,KERCK1G2_7_B1,RTPD,MCC,LMP_CONG_PRC,KERCK1G2_7_B1,ALL,1,-10.26947,2,112
2022-09-04T03:15:00-00:00,2022-09-04T03:30:00-00:00,2022-09-03,21,KERCK1G2_7_B1,KERCK1G2_7_B1,KERCK1G2_7_B1,RTPD,MCC,LMP_CONG_PRC,KERCK1G2_7_B1,ALL,1,21.87774,2,112
2022-09-04T04:15:00-00:00,2022-09-04T04:30:00-00:00,2022-09-03,22,KERCK1G2_7_B1,KERCK1G2_7_B1,KERCK1G2_7_B1,RTPD,MCC,LMP_CONG_PRC,KERCK1G2_7_B1,ALL,1,15.73169,2,112
2022-09-04T05:15:00-00:00,2022-09-04T05:30:00-00:00,2022-09-03,23,KERCK1G2_7_B1,KERCK1G2_7_B1,KERCK1G2_7_B1,RTPD,MCC,LMP_CONG_PRC,KERCK1G2_7_B1,ALL,1,-34.96168,2,112
2022-09-04T06:15:00-00:00,2022-09-04T06:30:00-00:00,2022-09-03,24,KERCK1G2_7_B1,KERCK1G2_7_B1,KERCK1G2_7_B1,RTPD,MCC,LMP_CONG_PRC,KERCK1G2_7_B1,ALL,1,-8.3899,2,112
2022-09-03T07:30:00-00:00,2022-09-03T07:45:00-00:00,2022-09-03,01,KERCK1G2_7_B1,KERCK1G2_7_B1,KERCK1G2_7_B1,RTPD,MCC,LMP_CONG_PRC,KERCK1G2_7_B1,ALL,1,-13.14661,3,112
2022-09-03T08:30:00-00:00,2022-09-03T08:45:00-00:00,2022-09-03,02,KERCK1G2_7_B1,KERCK1G2_7_B1,KERCK1G2_7_B1,RTPD,MCC,LMP_CONG_PRC,KERCK1G2_7_B1,ALL,1,40.1721,3,112
2022-09-03T09:30:00-00:00,2022-09-03T09:45:00-00:00,2022-09-03,03,KERCK1G2_7_B1,KERCK1G2_7_B1,KERCK1G2_7_B1,RTPD,MCC,LMP_CONG_PRC,KERCK1G2_7_B1,ALL,1,-15.1179,3,112
2022-09-03T10:30:00-00:00,2022-09-03T10:45:00-00:00,2022-09-03,04,KERCK1G2_7_B1,KERCK1G2_7_B1,KERCK1G2_7_B1,RTPD,MCC,LMP_CONG_PRC,KERCK1G2_7_B1,ALL,1,-11.68532,3,112
2022-09-03T11:30:00-00:00,2022-09-03T11:45:00-00:00,2022-09-03,05,KERCK1G2_7_B1,KERCK1G2_7_B1,KERCK1G2_7_B1,RTPD,MCC,LMP_CONG_PRC,KERCK1G2_7_B1,ALL,1,47.56123,3,112
2022-09-03T12:30:00-00:00,2022-09-03T12:45:00-00:00,2022-09-03,06,KERCK1G2_7_B1,KERCK1G2_7_B1,KERCK1G2_7_B1,RTPD,MCC,LMP_CONG_PRC,KERCK1G2_7_B1,ALL,1,-5.80612,3,112
2022-09-03T13:30:00-00:00,2022-09-03T13:45:00-00:00,2022-09-03,07,KERCK1G2_7_B1,KERCK1G2_7_B1,KERCK1G2_7_B1,RTPD,MCC,LMP_CONG_PRC,KERCK1G2_7_B1,ALL,1,22.40492,3,112
2022-09-03T14:30:00-00:00,2022-09-03T14:45:00-00:00,2022-09-03,08,KERCK1G2_7_B1,KERCK1G2_7_B1,KERCK1G2_7_B1,RTPD,MCC,LMP_CONG_PRC,KERCK1G2_7_B1,ALL,1,32.92372,3,112
2022-09-03T15:30:00-00:00,2022-09-03T15:45:00-00:00,2022-09-03,09,KERCK1G2_7_B1,KERCK1G2_7_B1,KERCK1G2_7_B1,RTPD,MCC,LMP_CONG_PRC,KERCK1G2_7_B1,ALL,1,0,3,112
2022-09-03T16:30:00-00:00,2022-09-03T16:45:00-00:00,2022-09-03,10,KERCK1G2_7_B1,KERCK1G2_7_B1,KERCK1G2_7_B1,RTPD,MCC,LMP_CONG_PRC,KERCK1G2_7_B1,ALL,1,0,3,112
2022-09-03T17:30:00-00:00,2022-09-03T17:45:00-00:00,2022-09-03,11,KERCK1G2_7_B1,KERCK1G2_7_B1,KERCK1G2_7_B1,RTPD,MCC,LMP_CONG_PRC,KERCK1G2_7_B1,ALL,1,0,3,112
2022-09-03T18:30:00-00:00,2022-09-03T18:45:00-00:00,2022-09-03,12,KERCK1G2_7_B1,KERCK1G2_7_B1,KERCK1G2_7_B1,RTPD,MCC,LMP_CONG_PRC,KERCK1G2_7_B1,ALL,1,-5.30508,3,112
2022-09-03T19:30:00-00:00,2022-09-03T19:45:00-00:00,2022-09-03,13,KERCK1G2_7_B1,KERCK1G2_7_B1,KERCK1G2_7_B1,RTPD,MCC,LMP_CONG_PRC,KERCK1G2_7_B1,ALL,1,-70.49916,3,112
2022-09-03T20:30:00-00:00,2022-09-03T20:45:00-00:00,2022-09-03,14,KERCK1G2_7_B1,KERCK1G2_7_B1,KERCK1G2_7_B1,RTPD,MCC,LMP_CONG_PRC,KERCK1G2_7_B1,ALL,1,16.69087,3,112
2022-09-03T21:30:00-00:00,2022-09-03T21:45:00-00:00,2022-09-03,15,KERCK1G2_7_B1,KERCK1G2_7_B1,KERCK1G2_7_B1,RTPD,MCC,LMP_CONG_PRC,KERCK1G2_7_B1,ALL,1,35.29154,3,112
2022-09-03T22:30:00-00:00,2022-09-03T22:45:00-00:00,2022-09-03,16,KERCK1G2_7_B1,KERCK1G2_7_B1,KERCK1G2_7_B1,RTPD,MCC,LMP_CONG_PRC,KERCK1G2_7_B1,ALL,1,-2.95262,3,112
2022-09-03T23:30:00-00:00,2022-09-03T23:45:00-00:00,2022-09-03,17,KERCK1G2_7_B1,KERCK1G2_7_B1,KERCK1G2_7_B1,RTPD,MCC,LMP_CONG_PRC,KERCK1G2_7_B1,ALL,1,-25.08059,3,112
2022-09-04T00:30:00-00:00,2022-09-04T00:45:00-00:00,2022-09-03,18,KERCK1G2_7_B1,KERCK1G2_7_B1,KERCK1G2_7_B1,RTPD,MCC,LMP_CONG_PRC,KERCK1G2_7_B1,ALL,1,-27.03816,3,112
2022-09-04T01:30:00-00:00,2022-09-04T01:45:00-00:00,2022-09-03,19,KERCK1G2_7_B1,KERCK1G2_7_B1,KERCK1G2_7_B1,RTPD,MCC,LMP_CONG_PRC,KERCK1G2_7_B1,ALL,1,-259.66006,3,112
2022-09-04T02:30:00-00:00,2022-09-04T02:45:00-00:00,2022-09-03,20,KERCK1G2_7_B1,KERCK1G2_7_B1,KERCK1G2_7_B1,RTPD,MCC,LMP_CONG_PRC,KERCK1G2_7_B1,ALL,1,1.65341,3,112
2022-09-04T03:30:00-00:00,2022-09-04T03:45:00-00:00,2022-09-03,21,KERCK1G2_7_B1,KERCK1G2_7_B1,KERCK1G2_7_B1,RTPD,MCC,LMP_CONG_PRC,KERCK1G2_7_B1,ALL,1,24.82489,3,112
2022-09-04T04:30:00-00:00,2022-09-04T04:45:00-00:00,2022-09-03,22,KERCK1G2_7_B1,KERCK1G2_7_B1,KERCK1G2_7_B1,RTPD,MCC,LMP_CONG_PRC,KERCK1G2_7_B1,ALL,1,27.10216,3,112
2022-09-04T05:30:00-00:00,2022-09-04T05:45:00-00:00,2022-09-03,23,KERCK1G2_7_B1,KERCK1G2_7_B1,KERCK1G2_7_B1,RTPD,MCC,LMP_CONG_PRC,KERCK1G2_7_B1,ALL,1,-38.62947,3,112
2022-09-04T06:30:00-00:00,2022-09-04T06:45:00-00:00,2022-09-03,24,KERCK1G2_7_B1,KERCK1G2_7_B1,KERCK1G2_7_B1,RTPD,MCC,LMP_CONG_PRC,KERCK1G2_7_B1,ALL,1,-16.24308,3,112
2022-09-03T07:45:00-00:00,2022-09-03T08:00:00-00:00,2022-09-03,01,KERCK1G2_7_B1,KERCK1G2_7_B1,KERCK1G2_7_B1,RTPD,MCC,LMP_CONG_PRC,KERCK1G2_7_B1,ALL,1,-9.79864,4,112
2022-09-03T08:45:00-00:00,2022-09-03T09:00:00-00:00,2022-09-03,02,KERCK1G2_7_B1,KERCK1G2_7_B1,KERCK1G2_7_B1,RTPD,MCC,LMP_CONG_PRC,KERCK1G2_7_B1,ALL,1,32.30197,4,112
2022-09-03T09:45:00-00:00,2022-09-03T10:00:00-00:00,2022-09-03,03,KERCK1G2_7_B1,KERCK1G2_7_B1,KERCK1G2_7_B1,RTPD,MCC,LMP_CONG_PRC,KERCK1G2_7_B1,ALL,1,-12.01628,4,112
2022-09-03T10:45:00-00:00,2022-09-03T11:00:00-00:00,2022-09-03,04,KERCK1G2_7_B1,KERCK1G2_7_B1,KERCK1G2_7_B1,RTPD,MCC,LMP_CONG_PRC,KERCK1G2_7_B1,ALL,1,178.29489,4,112
2022-09-03T11:45:00-00:00,2022-09-03T12:00:00-00:00,2022-09-03,05,KERCK1G2_7_B1,KERCK1G2_7_B1,KERCK1G2_7_B1,RTPD,MCC,LMP_CONG_PRC,KERCK1G2_7_B1,ALL,1,1.93567,4,112
2022-09-03T12:45:00-00:00,2022-09-03T13:00:00-00:00,2022-09-03,06,KERCK1G2_7_B1,KERCK1G2_7_B1,KERCK1G2_7_B1,RTPD,MCC,LMP_CONG_PRC,KERCK1G2_7_B1,ALL,1,-7.55998,4,112
2022-09-03T13:45:00-00:00,2022-09-03T14:00:00-00:00,2022-09-03,07,KERCK1G2_7_B1,KERCK1G2_7_B1,KERCK1G2_7_B1,RTPD,MCC,LMP_CONG_PRC,KERCK1G2_7_B1,ALL,1,29.33504,4,112
2022-09-03T14:45:00-00:00,2022-09-03T15:00:00-00:00,2022-09-03,08,KERCK1G2_7_B1,KERCK1G2_7_B1,KERCK1G2_7_B1,RTPD,MCC,LMP_CONG_PRC,KERCK1G2_7_B1,ALL,1,0.00113,4,112
2022-09-03T15:45:00-00:00,2022-09-03T16:00:00-00:00,2022-09-03,09,KERCK1G2_7_B1,KERCK1G2_7_B1,KERCK1G2_7_B1,RTPD,MCC,LMP_CONG_PRC,KERCK1G2_7_B1,ALL,1,0,4,112
2022-09-03T16:45:00-00:00,2022-09-03T17:00:00-00:00,2022-09-03,10,KERCK1G2_7_B1,KERCK1G2_7_B1,KERCK1G2_7_B1,RTPD,MCC,LMP_CONG_PRC,KERCK1G2_7_B1,ALL,1,0,4,112
2022-09-03T17:45:00-00:00,2022-09-03T18:00:00-00:00,2022-09-03,11,KERCK1G2_7_B1,KERCK1G2_7_B1,KERCK1G2_7_B1,RTPD,MCC,LMP_CONG_PRC,KERCK1G2_7_B1,ALL,1,-2.18409,4,112
2022-09-03T18:45:00-00:00,2022-09-03T19:00:00-00:00,2022-09-03,12,KERCK1G2_7_B1,KERCK1G2_7_B1,KERCK1G2_7_B1,RTPD,MCC,LMP_CONG_PRC,KERCK1G2_7_B1,ALL,1,-8.6824,4,112
2022-09-03T19:45:00-00:00,2022-09-03T20:00:00-00:00,2022-09-03,13,KERCK1G2_7_B1,KERCK1G2_7_B1,KERCK1G2_7_B1,RTPD,MCC,LMP_CONG_PRC,KERCK1G2_7_B1,ALL,1,-73.64057,4,112
2022-09-03T20:45:00-00:00,2022-09-03T21:00:00-00:00,2022-09-03,14,KERCK1G2_7_B1,KERCK1G2_7_B1,KERCK1G2_7_B1,RTPD,MCC,LMP_CONG_PRC,KERCK1G2_7_B1,ALL,1,18.76448,4,112
2022-09-03T21:45:00-00:00,2022-09-03T22:00:00-00:00,2022-09-03,15,KERCK1G2_7_B1,KERCK1G2_7_B1,KERCK1G2_7_B1,RTPD,MCC,LMP_CONG_PRC,KERCK1G2_7_B1,ALL,1,45.69397,4,112
2022-09-03T22:45:00-00:00,2022-09-03T23:00:00-00:00,2022-09-03,16,KERCK1G2_7_B1,KERCK1G2_7_B1,KERCK1G2_7_B1,RTPD,MCC,LMP_CONG_PRC,KERCK1G2_7_B1,ALL,1,3.49305,4,112
2022-09-03T23:45:00-00:00,2022-09-04T00:00:00-00:00,2022-09-03,17,KERCK1G2_7_B1,KERCK1G2_7_B1,KERCK1G2_7_B1,RTPD,MCC,LMP_CONG_PRC,KERCK1G2_7_B1,ALL,1,10.37064,4,112
2022-09-04T00:45:00-00:00,2022-09-04T01:00:00-00:00,2022-09-03,18,KERCK1G2_7_B1,KERCK1G2_7_B1,KERCK1G2_7_B1,RTPD,MCC,LMP_CONG_PRC,KERCK1G2_7_B1,ALL,1,-192.48299,4,112
2022-09-04T01:45:00-00:00,2022-09-04T02:00:00-00:00,2022-09-03,19,KERCK1G2_7_B1,KERCK1G2_7_B1,KERCK1G2_7_B1,RTPD,MCC,LMP_CONG_PRC,KERCK1G2_7_B1,ALL,1,54.63935,4,112
2022-09-04T02:45:00-00:00,2022-09-04T03:00:00-00:00,2022-09-03,20,KERCK1G2_7_B1,KERCK1G2_7_B1,KERCK1G2_7_B1,RTPD,MCC,LMP_CONG_PRC,KERCK1G2_7_B1,ALL,1,-8.79717,4,112
2022-09-04T03:45:00-00:00,2022-09-04T04:00:00-00:00,2022-09-03,21,KERCK1G2_7_B1,KERCK1G2_7_B1,KERCK1G2_7_B1,RTPD,MCC,LMP_CONG_PRC,KERCK1G2_7_B1,ALL,1,-10.2422,4,112
2022-09-04T04:45:00-00:00,2022-09-04T05:00:00-00:00,2022-09-03,22,KERCK1G2_7_B1,KERCK1G2_7_B1,KERCK1G2_7_B1,RTPD,MCC,LMP_CONG_PRC,KERCK1G2_7_B1,ALL,1,34.74687,4,112
2022-09-04T05:45:00-00:00,2022-09-04T06:00:00-00:00,2022-09-03,23,KERCK1G2_7_B1,KERCK1G2_7_B1,KERCK1G2_7_B1,RTPD,MCC,LMP_CONG_PRC,KERCK1G2_7_B1,ALL,1,-31.65483,4,112
2022-09-04T06:45:00-00:00,2022-09-04T07:00:00-00:00,2022-09-03,24,KERCK1G2_7_B1,KERCK1G2_7_B1,KERCK1G2_7_B1,RTPD,MCC,LMP_CONG_PRC,KERCK1G2_7_B1,ALL,1,-19.39436,4,112
2022-09-03T07:00:00-00:00,2022-09-03T07:15:00-00:00,2022-09-03,01,KERCK1G2_7_B1,KERCK1G2_7_B1,KERCK1G2_7_B1,RTPD,MCE,LMP_ENE_PRC,KERCK1G2_7_B1,ALL,1,95.21526,1,113
2022-09-03T08:00:00-00:00,2022-09-03T08:15:00-00:00,2022-09-03,02,KERCK1G2_7_B1,KERCK1G2_7_B1,KERCK1G2_7_B1,RTPD,MCE,LMP_ENE_PRC,KERCK1G2_7_B1,ALL,1,87.28334,1,113
2022-09-03T09:00:00-00:00,2022-09-03T09:15:00-00:00,2022-09-03,03,KERCK1G2_7_B1,KERCK1G2_7_B1,KERCK1G2_7_B1,RTPD,MCE,LMP_ENE_PRC,KERCK1G2_7_B1,ALL,1,83.66355,1,113
2022-09-03T10:00:00-00:00,2022-09-03T10:15:00-00:00,2022-09-03,04,KERCK1G2_7_B1,KERCK1G2_7_B1,KERCK1G2_7_B1,RTPD,MCE,LMP_ENE_PRC,KERCK1G2_7_B1,ALL,1,78.01908,1,113
2022-09-03T11:00:00-00:00,2022-09-03T11:15:00-00:00,2022-09-03,05,KERCK1G2_7_B1,KERCK1G2_7_B1,KERCK1G2_7_B1,RTPD,MCE,LMP_ENE_PRC,KERCK1G2_7_B1,ALL,1,75.01707,1,113
2022-09-03T12:00:00-00:00,2022-09-03T12:15:00-00:00,2022-09-03,06,KERCK1G2_7_B1,KERCK1G2_7_B1,KERCK1G2_7_B1,RTPD,MCE,LMP_ENE_PRC,KERCK1G2_7_B1,ALL,1,69.78732,1,113
2022-09-03T13:00:00-00:00,2022-09-03T13:15:00-00:00,2022-09-03,07,KERCK1G2_7_B1,KERCK1G2_7_B1,KERCK1G2_7_B1,RTPD,MCE,LMP_ENE_PRC,KERCK1G2_7_B1,ALL,1,60.44229,1,113
2022-09-03T14:00:00-00:00,2022-09-03T14:15:00-00:00,2022-09-03,08,KERCK1G2_7_B1,KERCK1G2_7_B1,KERCK1G2_7_B1,RTPD,MCE,LMP_ENE_PRC,KERCK1G2_7_B1,ALL,1,41.05574,1,113
2022-09-03T15:00:00-00:00,2022-09-03T15:15:00-00:00,2022-09-03,09,KERCK1G2_7_B1,KERCK1G2_7_B1,KERCK1G2_7_B1,RTPD,MCE,LMP_ENE_PRC,KERCK1G2_7_B1,ALL,1,25.73144,1,113
2022-09-03T16:00:00-00:00,2022-09-03T16:15:00-00:00,2022-09-03,10,KERCK1G2_7_B1,KERCK1G2_7_B1,KERCK1G2_7_B1,RTPD,MCE,LMP_ENE_PRC,KERCK1G2_7_B1,ALL,1,28.48087,1,113
2022-09-03T17:00:00-00:00,2022-09-03T17:15:00-00:00,2022-09-03,11,KERCK1G2_7_B1,KERCK1G2_7_B1,KERCK1G2_7_B1,RTPD,MCE,LMP_ENE_PRC,KERCK1G2_7_B1,ALL,1,51.7991,1,113
2022-09-03T18:00:00-00:00,2022-09-03T18:15:00-00:00,2022-09-03,12,KERCK1G2_7_B1,KERCK1G2_7_B1,KERCK1G2_7_B1,RTPD,MCE,LMP_ENE_PRC,KERCK1G2_7_B1,ALL,1,66.18183,1,113
2022-09-03T19:00:00-00:00,2022-09-03T19:15:00-00:00,2022-09-03,13,KERCK1G2_7_B1,KERCK1G2_7_B1,KERCK1G2_7_B1,RTPD,MCE,LMP_ENE_PRC,KERCK1G2_7_B1,ALL,1,49.33175,1,113
2022-09-03T20:00:00-00:00,2022-09-03T20:15:00-00:00,2022-09-03,14,KERCK1G2_7_B1,KERCK1G2_7_B1,KERCK1G2_7_B1,RTPD,MCE,LMP_ENE_PRC,KERCK1G2_7_B1,ALL,1,61.97858,1,113
2022-09-03T21:00:00-00:00,2022-09-03T21:15:00-00:00,2022-09-03,15,KERCK1G2_7_B1,KERCK1G2_7_B1,KERCK1G2_7_B1,RTPD,MCE,LMP_ENE_PRC,KERCK1G2_7_B1,ALL,1,48.58929,1,113
2022-09-03T22:00:00-00:00,2022-09-03T22:15:00-00:00,2022-09-03,16,KERCK1G2_7_B1,KERCK1G2_7_B1,KERCK1G2_7_B1,RTPD,MCE,LMP_ENE_PRC,KERCK1G2_7_B1,ALL,1,56.82881,1,113
2022-09-03T23:00:00-00:00,2022-09-03T23:15:00-00:00,2022-09-03,17,KERCK1G2_7_B1,KERCK1G2_7_B1,KERCK1G2_7_B1,RTPD,MCE,LMP_ENE_PRC,KERCK1G2_7_B1,ALL,1,71.87635,1,113
2022-09-04T00:00:00-00:00,2022-09-04T00:15:00-00:00,2022-09-03,18,KERCK1G2_7_B1,KERCK1G2_7_B1,KERCK1G2_7_B1,RTPD,MCE,LMP_ENE_PRC,KERCK1G2_7_B1,ALL,1,89.65697,1,113
2022-09-04T01:00:00-00:00,2022-09-04T01:15:00-00:00,2022-09-03,19,KERCK1G2_7_B1,KERCK1G2_7_B1,KERCK1G2_7_B1,RTPD,MCE,LMP_ENE_PRC,KERCK1G2_7_B1,ALL,1,154.23135,1,113
2022-09-04T02:00:00-00:00,2022-09-04T02:15:00-00:00,2022-09-03,20,KERCK1G2_7_B1,KERCK1G2_7_B1,KERCK1G2_7_B1,RTPD,MCE,LMP_ENE_PRC,KERCK1G2_7_B1,ALL,1,112.79788,1,113
2022-09-04T03:00:00-00:00,2022-09-04T03:15:00-00:00,2022-09-03,21,KERCK1G2_7_B1,KERCK1G2_7_B1,KERCK1G2_7_B1,RTPD,MCE,LMP_ENE_PRC,KERCK1G2_7_B1,ALL,1,114.10546,1,113
2022-09-04T04:00:00-00:00,2022-09-04T04:15:00-00:00,2022-09-03,22,KERCK1G2_7_B1,KERCK1G2_7_B1,KERCK1G2_7_B1,RTPD,MCE,LMP_ENE_PRC,KERCK1G2_7_B1,ALL,1,110.78377,1,113
2022-09-04T05:00:00-00:00,2022-09-04T05:15:00-00:00,2022-09-03,23,KERCK1G2_7_B1,KERCK1G2_7_B1,KERCK1G2_7_B1,RTPD,MCE,LMP_ENE_PRC,KERCK1G2_7_B1,ALL,1,126.90499,1,113
2022-09-04T06:00:00-00:00,2022-09-04T06:15:00-00:00,2022-09-03,24,KERCK1G2_7_B1,KERCK1G2_7_B1,KERCK1G2_7_B1,RTPD,MCE,LMP_ENE_PRC,KERCK1G2_7_B1,ALL,1,104.78344,1,113
2022-09-03T07:15:00-00:00,2022-09-03T07:30:00-00:00,2022-09-03,01,KERCK1G2_7_B1,KERCK1G2_7_B1,KERCK1G2_7_B1,RTPD,MCE,LMP_ENE_PRC,KERCK1G2_7_B1,ALL,1,92.27523,2,113
2022-09-03T08:15:00-00:00,2022-09-03T08:30:00-00:00,2022-09-03,02,KERCK1G2_7_B1,KERCK1G2_7_B1,KERCK1G2_7_B1,RTPD,MCE,LMP_ENE_PRC,KERCK1G2_7_B1,ALL,1,86.08077,2,113
2022-09-03T09:15:00-00:00,2022-09-03T09:30:00-00:00,2022-09-03,03,KERCK1G2_7_B1,KERCK1G2_7_B1,KERCK1G2_7_B1,RTPD,MCE,LMP_ENE_PRC,KERCK1G2_7_B1,ALL,1,81.52448,2,113
2022-09-03T10:15:00-00:00,2022-09-03T10:30:00-00:00,2022-09-03,04,KERCK1G2_7_B1,KERCK1G2_7_B1,KERCK1G2_7_B1,RTPD,MCE,LMP_ENE_PRC,KERCK1G2_7_B1,ALL,1,76.07778,2,113
2022-09-03T11:15:00-00:00,2022-09-03T11:30:00-00:00,2022-09-03,05,KERCK1G2_7_B1,KERCK1G2_7_B1,KERCK1G2_7_B1,RTPD,MCE,LMP_ENE_PRC,KERCK1G2_7_B1,ALL,1,70.31505,2,113
2022-09-03T12:15:00-00:00,2022-09-03T12:30:00-00:00,2022-09-03,06,KERCK1G2_7_B1,KERCK1G2_7_B1,KERCK1G2_7_B1,RTPD,MCE,LMP_ENE_PRC,KERCK1G2_7_B1,ALL,1,70.02316,2,113
2022-09-03T13:15:00-00:00,2022-09-03T13:30:00-00:00,2022-09-03,07,KERCK1G2_7_B1,KERCK1G2_7_B1,KERCK1G2_7_B1,RTPD,MCE,LMP_ENE_PRC,KERCK1G2_7_B1,ALL,1,58.94546,2,113
2022-09-03T14:15:00-00:00,2022-09-03T14:30:00-00:00,2022-09-03,08,KERCK1G2_7_B1,KERCK1G2_7_B1,KERCK1G2_7_B1,RTPD,MCE,LMP_ENE_PRC,KERCK1G2_7_B1,ALL,1,36.88333,2,113
2022-09-03T15:15:00-00:00,2022-09-03T15:30:00-00:00,2022-09-03,09,KERCK1G2_7_B1,KERCK1G2_7_B1,KERCK1G2_7_B1,RTPD,MCE,LMP_ENE_PRC,KERCK1G2_7_B1,ALL,1,25.63309,2,113
2022-09-03T16:15:00-00:00,2022-09-03T16:30:00-00:00,2022-09-03,10,KERCK1G2_7_B1,KERCK1G2_7_B1,KERCK1G2_7_B1,RTPD,MCE,LMP_ENE_PRC,KERCK1G2_7_B1,ALL,1,28.35578,2,113
2022-09-03T17:15:00-00:00,2022-09-03T17:30:00-00:00,2022-09-03,11,KERCK1G2_7_B1,KERCK1G2_7_B1,KERCK1G2_7_B1,RTPD,MCE,LMP_ENE_PRC,KERCK1G2_7_B1,ALL,1,62.78814,2,113
2022-09-03T18:15:00-00:00,2022-09-03T18:30:00-00:00,2022-09-03,12,KERCK1G2_7_B1,KERCK1G2_7_B1,KERCK1G2_7_B1,RTPD,MCE,LMP_ENE_PRC,KERCK1G2_7_B1,ALL,1,69.64405,2,113
2022-09-03T19:15:00-00:00,2022-09-03T19:30:00-00:00,2022-09-03,13,KERCK1G2_7_B1,KERCK1G2_7_B1,KERCK1G2_7_B1,RTPD,MCE,LMP_ENE_PRC,KERCK1G2_7_B1,ALL,1,55.44478,2,113
2022-09-03T20:15:00-00:00,2022-09-03T20:30:00-00:00,2022-09-03,14,KERCK1G2_7_B1,KERCK1G2_7_B1,KERCK1G2_7_B1,RTPD,MCE,LMP_ENE_PRC,KERCK1G2_7_B1,ALL,1,61.55304,2,113
2022-09-03T21:15:00-00:00,2022-09-03T21:30:00-00:00,2022-09-03,15,KERCK1G2_7_B1,KERCK1G2_7_B1,KERCK1G2_7_B1,RTPD,MCE,LMP_ENE_PRC,KERCK1G2_7_B1,ALL,1,53.762,2,113
2022-09-03T22:15:00-00:00,2022-09-03T22:30:00-00:00,2022-09-03,16,KERCK1G2_7_B1,KERCK1G2_7_B1,KERCK1G2_7_B1,RTPD,MCE,LMP_ENE_PRC,KERCK1G2_7_B1,ALL,1,70.72961,2,113
2022-09-03T23:15:00-00:00,2022-09-03T23:30:00-00:00,2022-09-03,17,KERCK1G2_7_B1,KERCK1G2_7_B1,KERCK1G2_7_B1,RTPD,MCE,LMP_ENE_PRC,KERCK1G2_7_B1,ALL,1,86.75099,2,113
2022-09-04T00:15:00-00:00,2022-09-04T00:30:00-00:00,2022-09-03,18,KERCK1G2_7_B1,KERCK1G2_7_B1,KERCK1G2_7_B1,RTPD,MCE,LMP_ENE_PRC,KERCK1G2_7_B1,ALL,1,102.50471,2,113
2022-09-04T01:15:00-00:00,2022-09-04T01:30:00-00:00,2022-09-03,19,KERCK1G2_7_B1,KERCK1G2_7_B1,KERCK1G2_7_B1,RTPD,MCE,LMP_ENE_PRC,KERCK1G2_7_B1,ALL,1,212.54434,2,113
2022-09-04T02:15:00-00:00,2022-09-04T02:30:00-00:00,2022-09-03,20,KERCK1G2_7_B1,KERCK1G2_7_B1,KERCK1G2_7_B1,RTPD,MCE,LMP_ENE_PRC,KERCK1G2_7_B1,ALL,1,130.70084,2,113
2022-09-04T03:15:00-00:00,2022-09-04T03:30:00-00:00,2022-09-03,21,KERCK1G2_7_B1,KERCK1G2_7_B1,KERCK1G2_7_B1,RTPD,MCE,LMP_ENE_PRC,KERCK1G2_7_B1,ALL,1,95.34308,2,113
2022-09-04T04:15:00-00:00,2022-09-04T04:30:00-00:00,2022-09-03,22,KERCK1G2_7_B1,KERCK1G2_7_B1,KERCK1G2_7_B1,RTPD,MCE,LMP_ENE_PRC,KERCK1G2_7_B1,ALL,1,109.32287,2,113
2022-09-04T05:15:00-00:00,2022-09-04T05:30:00-00:00,2022-09-03,23,KERCK1G2_7_B1,KERCK1G2_7_B1,KERCK1G2_7_B1,RTPD,MCE,LMP_ENE_PRC,KERCK1G2_7_B1,ALL,1,116.98954,2,113
2022-09-04T06:15:00-00:00,2022-09-04T06:30:00-00:00,2022-09-03,24,KERCK1G2_7_B1,KERCK1G2_7_B1,KERCK1G2_7_B1,RTPD,MCE,LMP_ENE_PRC,KERCK1G2_7_B1,ALL,1,96.51392,2,113
2022-09-03T07:30:00-00:00,2022-09-03T07:45:00-00:00,2022-09-03,01,KERCK1G2_7_B1,KERCK1G2_7_B1,KERCK1G2_7_B1,RTPD,MCE,LMP_ENE_PRC,KERCK1G2_7_B1,ALL,1,89.3035,3,113
2022-09-03T08:30:00-00:00,2022-09-03T08:45:00-00:00,2022-09-03,02,KERCK1G2_7_B1,KERCK1G2_7_B1,KERCK1G2_7_B1,RTPD,MCE,LMP_ENE_PRC,KERCK1G2_7_B1,ALL,1,84.37487,3,113
2022-09-03T09:30:00-00:00,2022-09-03T09:45:00-00:00,2022-09-03,03,KERCK1G2_7_B1,KERCK1G2_7_B1,KERCK1G2_7_B1,RTPD,MCE,LMP_ENE_PRC,KERCK1G2_7_B1,ALL,1,78.67165,3,113
2022-09-03T10:30:00-00:00,2022-09-03T10:45:00-00:00,2022-09-03,04,KERCK1G2_7_B1,KERCK1G2_7_B1,KERCK1G2_7_B1,RTPD,MCE,LMP_ENE_PRC,KERCK1G2_7_B1,ALL,1,74.63704,3,113
2022-09-03T11:30:00-00:00,2022-09-03T11:45:00-00:00,2022-09-03,05,KERCK1G2_7_B1,KERCK1G2_7_B1,KERCK1G2_7_B1,RTPD,MCE,LMP_ENE_PRC,KERCK1G2_7_B1,ALL,1,72.79705,3,113
2022-09-03T12:30:00-00:00,2022-09-03T12:45:00-00:00,2022-09-03,06,KERCK1G2_7_B1,KERCK1G2_7_B1,KERCK1G2_7_B1,RTPD,MCE,LMP_ENE_PRC,KERCK1G2_7_B1,ALL,1,71.64459,3,113
2022-09-03T13:30:00-00:00,2022-09-03T13:45:00-00:00,2022-09-03,07,KERCK1G2_7_B1,KERCK1G2_7_B1,KERCK1G2_7_B1,RTPD,MCE,LMP_ENE_PRC,KERCK1G2_7_B1,ALL,1,58.60193,3,113
2022-09-03T14:30:00-00:00,2022-09-03T14:45:00-00:00,2022-09-03,08,KERCK1G2_7_B1,KERCK1G2_7_B1,KERCK1G2_7_B1,RTPD,MCE,LMP_ENE_PRC,KERCK1G2_7_B1,ALL,1,35.09087,3,113
2022-09-03T15:30:00-00:00,2022-09-03T15:45:00-00:00,2022-09-03,09,KERCK1G2_7_B1,KERCK1G2_7_B1,KERCK1G2_7_B1,RTPD,MCE,LMP_ENE_PRC,KERCK1G2_7_B1,ALL,1,24.86074,3,113
2022-09-03T16:30:00-00:00,2022-09-03T16:45:00-00:00,2022-09-03,10,KERCK1G2_7_B1,KERCK1G2_7_B1,KERCK1G2_7_B1,RTPD,MCE,LMP_ENE_PRC,KERCK1G2_7_B1,ALL,1,27.53581,3,113
2022-09-03T17:30:00-00:00,2022-09-03T17:45:00-00:00,2022-09-03,11,KERCK1G2_7_B1,KERCK1G2_7_B1,KERCK1G2_7_B1,RTPD,MCE,LMP_ENE_PRC,KERCK1G2_7_B1,ALL,1,63.76433,3,113
2022-09-03T18:30:00-00:00,2022-09-03T18:45:00-00:00,2022-09-03,12,KERCK1G2_7_B1,KERCK1G2_7_B1,KERCK1G2_7_B1,RTPD,MCE,LMP_ENE_PRC,KERCK1G2_7_B1,ALL,1,73.72509,3,113
2022-09-03T19:30:00-00:00,2022-09-03T19:45:00-00:00,2022-09-03,13,KERCK1G2_7_B1,KERCK1G2_7_B1,KERCK1G2_7_B1,RTPD,MCE,LMP_ENE_PRC,KERCK1G2_7_B1,ALL,1,70.11451,3,113
2022-09-03T20:30:00-00:00,2022-09-03T20:45:00-00:00,2022-09-03,14,KERCK1G2_7_B1,KERCK1G2_7_B1,KERCK1G2_7_B1,RTPD,MCE,LMP_ENE_PRC,KERCK1G2_7_B1,ALL,1,64.79179,3,113
2022-09-03T21:30:00-00:00,2022-09-03T21:45:00-00:00,2022-09-03,15,KERCK1G2_7_B1,KERCK1G2_7_B1,KERCK1G2_7_B1,RTPD,MCE,LMP_ENE_PRC,KERCK1G2_7_B1,ALL,1,59.9647,3,113
2022-09-03T22:30:00-00:00,2022-09-03T22:45:00-00:00,2022-09-03,16,KERCK1G2_7_B1,KERCK1G2_7_B1,KERCK1G2_7_B1,RTPD,MCE,LMP_ENE_PRC,KERCK1G2_7_B1,ALL,1,91.4901,3,113
2022-09-03T23:30:00-00:00,2022-09-03T23:45:00-00:00,2022-09-03,17,KERCK1G2_7_B1,KERCK1G2_7_B1,KERCK1G2_7_B1,RTPD,MCE,LMP_ENE_PRC,KERCK1G2_7_B1,ALL,1,93.43303,3,113
2022-09-04T00:30:00-00:00,2022-09-04T00:45:00-00:00,2022-09-03,18,KERCK1G2_7_B1,KERCK1G2_7_B1,KERCK1G2_7_B1,RTPD,MCE,LMP_ENE_PRC,KERCK1G2_7_B1,ALL,1,123.47544,3,113
2022-09-04T01:30:00-00:00,2022-09-04T01:45:00-00:00,2022-09-03,19,KERCK1G2_7_B1,KERCK1G2_7_B1,KERCK1G2_7_B1,RTPD,MCE,LMP_ENE_PRC,KERCK1G2_7_B1,ALL,1,393.41373,3,113
2022-09-04T02:30:00-00:00,2022-09-04T02:45:00-00:00,2022-09-03,20,KERCK1G2_7_B1,KERCK1G2_7_B1,KERCK1G2_7_B1,RTPD,MCE,LMP_ENE_PRC,KERCK1G2_7_B1,ALL,1,116.43634,3,113
2022-09-04T03:30:00-00:00,2022-09-04T03:45:00-00:00,2022-09-03,21,KERCK1G2_7_B1,KERCK1G2_7_B1,KERCK1G2_7_B1,RTPD,MCE,LMP_ENE_PRC,KERCK1G2_7_B1,ALL,1,91.11213,3,113
2022-09-04T04:30:00-00:00,2022-09-04T04:45:00-00:00,2022-09-03,22,KERCK1G2_7_B1,KERCK1G2_7_B1,KERCK1G2_7_B1,RTPD,MCE,LMP_ENE_PRC,KERCK1G2_7_B1,ALL,1,99.5048,3,113
2022-09-04T05:30:00-00:00,2022-09-04T05:45:00-00:00,2022-09-03,23,KERCK1G2_7_B1,KERCK1G2_7_B1,KERCK1G2_7_B1,RTPD,MCE,LMP_ENE_PRC,KERCK1G2_7_B1,ALL,1,112.62845,3,113
2022-09-04T06:30:00-00:00,2022-09-04T06:45:00-00:00,2022-09-03,24,KERCK1G2_7_B1,KERCK1G2_7_B1,KERCK1G2_7_B1,RTPD,MCE,LMP_ENE_PRC,KERCK1G2_7_B1,ALL,1,93.24175,3,113
2022-09-03T07:45:00-00:00,2022-09-03T08:00:00-00:00,2022-09-03,01,KERCK1G2_7_B1,KERCK1G2_7_B1,KERCK1G2_7_B1,RTPD,MCE,LMP_ENE_PRC,KERCK1G2_7_B1,ALL,1,83.53218,4,113
2022-09-03T08:45:00-00:00,2022-09-03T09:00:00-00:00,2022-09-03,02,KERCK1G2_7_B1,KERCK1G2_7_B1,KERCK1G2_7_B1,RTPD,MCE,LMP_ENE_PRC,KERCK1G2_7_B1,ALL,1,82.09146,4,113
2022-09-03T09:45:00-00:00,2022-09-03T10:00:00-00:00,2022-09-03,03,KERCK1G2_7_B1,KERCK1G2_7_B1,KERCK1G2_7_B1,RTPD,MCE,LMP_ENE_PRC,KERCK1G2_7_B1,ALL,1,74.61678,4,113
2022-09-03T10:45:00-00:00,2022-09-03T11:00:00-00:00,2022-09-03,04,KERCK1G2_7_B1,KERCK1G2_7_B1,KERCK1G2_7_B1,RTPD,MCE,LMP_ENE_PRC,KERCK1G2_7_B1,ALL,1,78.59346,4,113
2022-09-03T11:45:00-00:00,2022-09-03T12:00:00-00:00,2022-09-03,05,KERCK1G2_7_B1,KERCK1G2_7_B1,KERCK1G2_7_B1,RTPD,MCE,LMP_ENE_PRC,KERCK1G2_7_B1,ALL,1,69.7597,4,113
2022-09-03T12:45:00-00:00,2022-09-03T13:00:00-00:00,2022-09-03,06,KERCK1G2_7_B1,KERCK1G2_7_B1,KERCK1G2_7_B1,RTPD,MCE,LMP_ENE_PRC,KERCK1G2_7_B1,ALL,1,67.86831,4,113
2022-09-03T13:45:00-00:00,2022-09-03T14:00:00-00:00,2022-09-03,07,KERCK1G2_7_B1,KERCK1G2_7_B1,KERCK1G2_7_B1,RTPD,MCE,LMP_ENE_PRC,KERCK1G2_7_B1,ALL,1,46.5703,4,113
2022-09-03T14:45:00-00:00,2022-09-03T15:00:00-00:00,2022-09-03,08,KERCK1G2_7_B1,KERCK1G2_7_B1,KERCK1G2_7_B1,RTPD,MCE,LMP_ENE_PRC,KERCK1G2_7_B1,ALL,1,21.24877,4,113
2022-09-03T15:45:00-00:00,2022-09-03T16:00:00-00:00,2022-09-03,09,KERCK1G2_7_B1,KERCK1G2_7_B1,KERCK1G2_7_B1,RTPD,MCE,LMP_ENE_PRC,KERCK1G2_7_B1,ALL,1,23.18314,4,113
2022-09-03T16:45:00-00:00,2022-09-03T17:00:00-00:00,2022-09-03,10,KERCK1G2_7_B1,KERCK1G2_7_B1,KERCK1G2_7_B1,RTPD,MCE,LMP_ENE_PRC,KERCK1G2_7_B1,ALL,1,46.59203,4,113
2022-09-03T17:45:00-00:00,2022-09-03T18:00:00-00:00,2022-09-03,11,KERCK1G2_7_B1,KERCK1G2_7_B1,KERCK1G2_7_B1,RTPD,MCE,LMP_ENE_PRC,KERCK1G2_7_B1,ALL,1,70.00191,4,113
2022-09-03T18:45:00-00:00,2022-09-03T19:00:00-00:00,2022-09-03,12,KERCK1G2_7_B1,KERCK1G2_7_B1,KERCK1G2_7_B1,RTPD,MCE,LMP_ENE_PRC,KERCK1G2_7_B1,ALL,1,73.13248,4,113
2022-09-03T19:45:00-00:00,2022-09-03T20:00:00-00:00,2022-09-03,13,KERCK1G2_7_B1,KERCK1G2_7_B1,KERCK1G2_7_B1,RTPD,MCE,LMP_ENE_PRC,KERCK1G2_7_B1,ALL,1,73.69349,4,113
2022-09-03T20:45:00-00:00,2022-09-03T21:00:00-00:00,2022-09-03,14,KERCK1G2_7_B1,KERCK1G2_7_B1,KERCK1G2_7_B1,RTPD,MCE,LMP_ENE_PRC,KERCK1G2_7_B1,ALL,1,63.90304,4,113
2022-09-03T21:45:00-00:00,2022-09-03T22:00:00-00:00,2022-09-03,15,KERCK1G2_7_B1,KERCK1G2_7_B1,KERCK1G2_7_B1,RTPD,MCE,LMP_ENE_PRC,KERCK1G2_7_B1,ALL,1,66.4579,4,113
2022-09-03T22:45:00-00:00,2022-09-03T23:00:00-00:00,2022-09-03,16,KERCK1G2_7_B1,KERCK1G2_7_B1,KERCK1G2_7_B1,RTPD,MCE,LMP_ENE_PRC,KERCK1G2_7_B1,ALL,1,118.26591,4,113
2022-09-03T23:45:00-00:00,2022-09-04T00:00:00-00:00,2022-09-03,17,KERCK1G2_7_B1,KERCK1G2_7_B1,KERCK1G2_7_B1,RTPD,MCE,LMP_ENE_PRC,KERCK1G2_7_B1,ALL,1,116.80928,4,113
2022-09-04T00:45:00-00:00,2022-09-04T01:00:00-00:00,2022-09-03,18,KERCK1G2_7_B1,KERCK1G2_7_B1,KERCK1G2_7_B1,RTPD,MCE,LMP_ENE_PRC,KERCK1G2_7_B1,ALL,1,258.08282,4,113
2022-09-04T01:45:00-00:00,2022-09-04T02:00:00-00:00,2022-09-03,19,KERCK1G2_7_B1,KERCK1G2_7_B1,KERCK1G2_7_B1,RTPD,MCE,LMP_ENE_PRC,KERCK1G2_7_B1,ALL,1,349.2899,4,113
2022-09-04T02:45:00-00:00,2022-09-04T03:00:00-00:00,2022-09-03,20,KERCK1G2_7_B1,KERCK1G2_7_B1,KERCK1G2_7_B1,RTPD,MCE,LMP_ENE_PRC,KERCK1G2_7_B1,ALL,1,126.7922,4,113
2022-09-04T03:45:00-00:00,2022-09-04T04:00:00-00:00,2022-09-03,21,KERCK1G2_7_B1,KERCK1G2_7_B1,KERCK1G2_7_B1,RTPD,MCE,LMP_ENE_PRC,KERCK1G2_7_B1,ALL,1,83.08399,4,113
2022-09-04T04:45:00-00:00,2022-09-04T05:00:00-00:00,2022-09-03,22,KERCK1G2_7_B1,KERCK1G2_7_B1,KERCK1G2_7_B1,RTPD,MCE,LMP_ENE_PRC,KERCK1G2_7_B1,ALL,1,92.33352,4,113
2022-09-04T05:45:00-00:00,2022-09-04T06:00:00-00:00,2022-09-03,23,KERCK1G2_7_B1,KERCK1G2_7_B1,KERCK1G2_7_B1,RTPD,MCE,LMP_ENE_PRC,KERCK1G2_7_B1,ALL,1,99.18602,4,113
2022-09-04T06:45:00-00:00,2022-09-04T07:00:00-00:00,2022-09-03,24,KERCK1G2_7_B1,KERCK1G2_7_B1,KERCK1G2_7_B1,RTPD,MCE,LMP_ENE_PRC,KERCK1G2_7_B1,ALL,1,85.94384,4,113
2022-09-03T07:00:00-00:00,2022-09-03T07:15:00-00:00,2022-09-03,01,KERCK1G2_7_B1,KERCK1G2_7_B1,KERCK1G2_7_B1,RTPD,MCL,LMP_LOSS_PRC,KERCK1G2_7_B1,ALL,1,15.07258,1,114
2022-09-03T08:00:00-00:00,2022-09-03T08:15:00-00:00,2022-09-03,02,KERCK1G2_7_B1,KERCK1G2_7_B1,KERCK1G2_7_B1,RTPD,MCL,LMP_LOSS_PRC,KERCK1G2_7_B1,ALL,1,0,1,114
2022-09-03T09:00:00-00:00,2022-09-03T09:15:00-00:00,2022-09-03,03,KERCK1G2_7_B1,KERCK1G2_7_B1,KERCK1G2_7_B1,RTPD,MCL,LMP_LOSS_PRC,KERCK1G2_7_B1,ALL,1,0,1,114
2022-09-03T10:00:00-00:00,2022-09-03T10:15:00-00:00,2022-09-03,04,KERCK1G2_7_B1,KERCK1G2_7_B1,KERCK1G2_7_B1,RTPD,MCL,LMP_LOSS_PRC,KERCK1G2_7_B1,ALL,1,0,1,114
2022-09-03T11:00:00-00:00,2022-09-03T11:15:00-00:00,2022-09-03,05,KERCK1G2_7_B1,KERCK1G2_7_B1,KERCK1G2_7_B1,RTPD,MCL,LMP_LOSS_PRC,KERCK1G2_7_B1,ALL,1,0,1,114
2022-09-03T12:00:00-00:00,2022-09-03T12:15:00-00:00,2022-09-03,06,KERCK1G2_7_B1,KERCK1G2_7_B1,KERCK1G2_7_B1,RTPD,MCL,LMP_LOSS_PRC,KERCK1G2_7_B1,ALL,1,0,1,114
2022-09-03T13:00:00-00:00,2022-09-03T13:15:00-00:00,2022-09-03,07,KERCK1G2_7_B1,KERCK1G2_7_B1,KERCK1G2_7_B1,RTPD,MCL,LMP_LOSS_PRC,KERCK1G2_7_B1,ALL,1,0,1,114
2022-09-03T14:00:00-00:00,2022-09-03T14:15:00-00:00,2022-09-03,08,KERCK1G2_7_B1,KERCK1G2_7_B1,KERCK1G2_7_B1,RTPD,MCL,LMP_LOSS_PRC,KERCK1G2_7_B1,ALL,1,0,1,114
2022-09-03T15:00:00-00:00,2022-09-03T15:15:00-00:00,2022-09-03,09,KERCK1G2_7_B1,KERCK1G2_7_B1,KERCK1G2_7_B1,RTPD,MCL,LMP_LOSS_PRC,KERCK1G2_7_B1,ALL,1,3.30134,1,114
2022-09-03T16:00:00-00:00,2022-09-03T16:15:00-00:00,2022-09-03,10,KERCK1G2_7_B1,KERCK1G2_7_B1,KERCK1G2_7_B1,RTPD,MCL,LMP_LOSS_PRC,KERCK1G2_7_B1,ALL,1,2.68575,1,114
2022-09-03T17:00:00-00:00,2022-09-03T17:15:00-00:00,2022-09-03,11,KERCK1G2_7_B1,KERCK1G2_7_B1,KERCK1G2_7_B1,RTPD,MCL,LMP_LOSS_PRC,KERCK1G2_7_B1,ALL,1,4.27343,1,114
2022-09-03T18:00:00-00:00,2022-09-03T18:15:00-00:00,2022-09-03,12,KERCK1G2_7_B1,KERCK1G2_7_B1,KERCK1G2_7_B1,RTPD,MCL,LMP_LOSS_PRC,KERCK1G2_7_B1,ALL,1,4.30182,1,114
2022-09-03T19:00:00-00:00,2022-09-03T19:15:00-00:00,2022-09-03,13,KERCK1G2_7_B1,KERCK1G2_7_B1,KERCK1G2_7_B1,RTPD,MCL,LMP_LOSS_PRC,KERCK1G2_7_B1,ALL,1,1.62795,1,114
2022-09-03T20:00:00-00:00,2022-09-03T20:15:00-00:00,2022-09-03,14,KERCK1G2_7_B1,KERCK1G2_7_B1,KERCK1G2_7_B1,RTPD,MCL,LMP_LOSS_PRC,KERCK1G2_7_B1,ALL,1,4.49964,1,114
2022-09-03T21:00:00-00:00,2022-09-03T21:15:00-00:00,2022-09-03,15,KERCK1G2_7_B1,KERCK1G2_7_B1,KERCK1G2_7_B1,RTPD,MCL,LMP_LOSS_PRC,KERCK1G2_7_B1,ALL,1,3.82884,1,114
2022-09-03T22:00:00-00:00,2022-09-03T22:15:00-00:00,2022-09-03,16,KERCK1G2_7_B1,KERCK1G2_7_B1,KERCK1G2_7_B1,RTPD,MCL,LMP_LOSS_PRC,KERCK1G2_7_B1,ALL,1,2.31293,1,114
2022-09-03T23:00:00-00:00,2022-09-03T23:15:00-00:00,2022-09-03,17,KERCK1G2_7_B1,KERCK1G2_7_B1,KERCK1G2_7_B1,RTPD,MCL,LMP_LOSS_PRC,KERCK1G2_7_B1,ALL,1,5.49854,1,114
2022-09-04T00:00:00-00:00,2022-09-04T00:15:00-00:00,2022-09-03,18,KERCK1G2_7_B1,KERCK1G2_7_B1,KERCK1G2_7_B1,RTPD,MCL,LMP_LOSS_PRC,KERCK1G2_7_B1,ALL,1,7.67464,1,114
2022-09-04T01:00:00-00:00,2022-09-04T01:15:00-00:00,2022-09-03,19,KERCK1G2_7_B1,KERCK1G2_7_B1,KERCK1G2_7_B1,RTPD,MCL,LMP_LOSS_PRC,KERCK1G2_7_B1,ALL,1,23.08843,1,114
2022-09-04T02:00:00-00:00,2022-09-04T02:15:00-00:00,2022-09-03,20,KERCK1G2_7_B1,KERCK1G2_7_B1,KERCK1G2_7_B1,RTPD,MCL,LMP_LOSS_PRC,KERCK1G2_7_B1,ALL,1,14.28021,1,114
2022-09-04T03:00:00-00:00,2022-09-04T03:15:00-00:00,2022-09-03,21,KERCK1G2_7_B1,KERCK1G2_7_B1,KERCK1G2_7_B1,RTPD,MCL,LMP_LOSS_PRC,KERCK1G2_7_B1,ALL,1,14.12626,1,114
2022-09-04T04:00:00-00:00,2022-09-04T04:15:00-00:00,2022-09-03,22,KERCK1G2_7_B1,KERCK1G2_7_B1,KERCK1G2_7_B1,RTPD,MCL,LMP_LOSS_PRC,KERCK1G2_7_B1,ALL,1,16.32953,1,114
2022-09-04T05:00:00-00:00,2022-09-04T05:15:00-00:00,2022-09-03,23,KERCK1G2_7_B1,KERCK1G2_7_B1,KERCK1G2_7_B1,RTPD,MCL,LMP_LOSS_PRC,KERCK1G2_7_B1,ALL,1,17.34791,1,114
2022-09-04T06:00:00-00:00,2022-09-04T06:15:00-00:00,2022-09-03,24,KERCK1G2_7_B1,KERCK1G2_7_B1,KERCK1G2_7_B1,RTPD,MCL,LMP_LOSS_PRC,KERCK1G2_7_B1,ALL,1,13.97811,1,114
2022-09-03T07:15:00-00:00,2022-09-03T07:30:00-00:00,2022-09-03,01,KERCK1G2_7_B1,KERCK1G2_7_B1,KERCK1G2_7_B1,RTPD,MCL,LMP_LOSS_PRC,KERCK1G2_7_B1,ALL,1,13.89665,2,114
2022-09-03T08:15:00-00:00,2022-09-03T08:30:00-00:00,2022-09-03,02,KERCK1G2_7_B1,KERCK1G2_7_B1,KERCK1G2_7_B1,RTPD,MCL,LMP_LOSS_PRC,KERCK1G2_7_B1,ALL,1,0,2,114
2022-09-03T09:15:00-00:00,2022-09-03T09:30:00-00:00,2022-09-03,03,KERCK1G2_7_B1,KERCK1G2_7_B1,KERCK1G2_7_B1,RTPD,MCL,LMP_LOSS_PRC,KERCK1G2_7_B1,ALL,1,0,2,114
2022-09-03T10:15:00-00:00,2022-09-03T10:30:00-00:00,2022-09-03,04,KERCK1G2_7_B1,KERCK1G2_7_B1,KERCK1G2_7_B1,RTPD,MCL,LMP_LOSS_PRC,KERCK1G2_7_B1,ALL,1,0,2,114
2022-09-03T11:15:00-00:00,2022-09-03T11:30:00-00:00,2022-09-03,05,KERCK1G2_7_B1,KERCK1G2_7_B1,KERCK1G2_7_B1,RTPD,MCL,LMP_LOSS_PRC,KERCK1G2_7_B1,ALL,1,0,2,114
2022-09-03T12:15:00-00:00,2022-09-03T12:30:00-00:00,2022-09-03,06,KERCK1G2_7_B1,KERCK1G2_7_B1,KERCK1G2_7_B1,RTPD,MCL,LMP_LOSS_PRC,KERCK1G2_7_B1,ALL,1,0,2,114
2022-09-03T13:15:00-00:00,2022-09-03T13:30:00-00:00,2022-09-03,07,KERCK1G2_7_B1,KERCK1G2_7_B1,KERCK1G2_7_B1,RTPD,MCL,LMP_LOSS_PRC,KERCK1G2_7_B1,ALL,1,0,2,114
2022-09-03T14:15:00-00:00,2022-09-03T14:30:00-00:00,2022-09-03,08,KERCK1G2_7_B1,KERCK1G2_7_B1,KERCK1G2_7_B1,RTPD,MCL,LMP_LOSS_PRC,KERCK1G2_7_B1,ALL,1,0,2,114
2022-09-03T15:15:00-00:00,2022-09-03T15:30:00-00:00,2022-09-03,09,KERCK1G2_7_B1,KERCK1G2_7_B1,KERCK1G2_7_B1,RTPD,MCL,LMP_LOSS_PRC,KERCK1G2_7_B1,ALL,1,3.02983,2,114
2022-09-03T16:15:00-00:00,2022-09-03T16:30:00-00:00,2022-09-03,10,KERCK1G2_7_B1,KERCK1G2_7_B1,KERCK1G2_7_B1,RTPD,MCL,LMP_LOSS_PRC,KERCK1G2_7_B1,ALL,1,2.46412,2,114
2022-09-03T17:15:00-00:00,2022-09-03T17:30:00-00:00,2022-09-03,11,KERCK1G2_7_B1,KERCK1G2_7_B1,KERCK1G2_7_B1,RTPD,MCL,LMP_LOSS_PRC,KERCK1G2_7_B1,ALL,1,5.3056,2,114
2022-09-03T18:15:00-00:00,2022-09-03T18:30:00-00:00,2022-09-03,12,KERCK1G2_7_B1,KERCK1G2_7_B1,KERCK1G2_7_B1,RTPD,MCL,LMP_LOSS_PRC,KERCK1G2_7_B1,ALL,1,4.28311,2,114
2022-09-03T19:15:00-00:00,2022-09-03T19:30:00-00:00,2022-09-03,13,KERCK1G2_7_B1,KERCK1G2_7_B1,KERCK1G2_7_B1,RTPD,MCL,LMP_LOSS_PRC,KERCK1G2_7_B1,ALL,1,1.87403,2,114
2022-09-03T20:15:00-00:00,2022-09-03T20:30:00-00:00,2022-09-03,14,KERCK1G2_7_B1,KERCK1G2_7_B1,KERCK1G2_7_B1,RTPD,MCL,LMP_LOSS_PRC,KERCK1G2_7_B1,ALL,1,4.60417,2,114
2022-09-03T21:15:00-00:00,2022-09-03T21:30:00-00:00,2022-09-03,15,KERCK1G2_7_B1,KERCK1G2_7_B1,KERCK1G2_7_B1,RTPD,MCL,LMP_LOSS_PRC,KERCK1G2_7_B1,ALL,1,4.22569,2,114
2022-09-03T22:15:00-00:00,2022-09-03T22:30:00-00:00,2022-09-03,16,KERCK1G2_7_B1,KERCK1G2_7_B1,KERCK1G2_7_B1,RTPD,MCL,LMP_LOSS_PRC,KERCK1G2_7_B1,ALL,1,3.27478,2,114
2022-09-03T23:15:00-00:00,2022-09-03T23:30:00-00:00,2022-09-03,17,KERCK1G2_7_B1,KERCK1G2_7_B1,KERCK1G2_7_B1,RTPD,MCL,LMP_LOSS_PRC,KERCK1G2_7_B1,ALL,1,6.87935,2,114
2022-09-04T00:15:00-00:00,2022-09-04T00:30:00-00:00,2022-09-03,18,KERCK1G2_7_B1,KERCK1G2_7_B1,KERCK1G2_7_B1,RTPD,MCL,LMP_LOSS_PRC,KERCK1G2_7_B1,ALL,1,8.27213,2,114
2022-09-04T01:15:00-00:00,2022-09-04T01:30:00-00:00,2022-09-03,19,KERCK1G2_7_B1,KERCK1G2_7_B1,KERCK1G2_7_B1,RTPD,MCL,LMP_LOSS_PRC,KERCK1G2_7_B1,ALL,1,32.54054,2,114
2022-09-04T02:15:00-00:00,2022-09-04T02:30:00-00:00,2022-09-03,20,KERCK1G2_7_B1,KERCK1G2_7_B1,KERCK1G2_7_B1,RTPD,MCL,LMP_LOSS_PRC,KERCK1G2_7_B1,ALL,1,16.80813,2,114
2022-09-04T03:15:00-00:00,2022-09-04T03:30:00-00:00,2022-09-03,21,KERCK1G2_7_B1,KERCK1G2_7_B1,KERCK1G2_7_B1,RTPD,MCL,LMP_LOSS_PRC,KERCK1G2_7_B1,ALL,1,11.84161,2,114
2022-09-04T04:15:00-00:00,2022-09-04T04:30:00-00:00,2022-09-03,22,KERCK1G2_7_B1,KERCK1G2_7_B1,KERCK1G2_7_B1,RTPD,MCL,LMP_LOSS_PRC,KERCK1G2_7_B1,ALL,1,15.79715,2,114
2022-09-04T05:15:00-00:00,2022-09-04T05:30:00-00:00,2022-09-03,23,KERCK1G2_7_B1,KERCK1G2_7_B1,KERCK1G2_7_B1,RTPD,MCL,LMP_LOSS_PRC,KERCK1G2_7_B1,ALL,1,15.20864,2,114
2022-09-04T06:15:00-00:00,2022-09-04T06:30:00-00:00,2022-09-03,24,KERCK1G2_7_B1,KERCK1G2_7_B1,KERCK1G2_7_B1,RTPD,MCL,LMP_LOSS_PRC,KERCK1G2_7_B1,ALL,1,12.4696,2,114
2022-09-03T07:30:00-00:00,2022-09-03T07:45:00-00:00,2022-09-03,01,KERCK1G2_7_B1,KERCK1G2_7_B1,KERCK1G2_7_B1,RTPD,MCL,LMP_LOSS_PRC,KERCK1G2_7_B1,ALL,1,13.35087,3,114
2022-09-03T08:30:00-00:00,2022-09-03T08:45:00-00:00,2022-09-03,02,KERCK1G2_7_B1,KERCK1G2_7_B1,KERCK1G2_7_B1,RTPD,MCL,LMP_LOSS_PRC,KERCK1G2_7_B1,ALL,1,0,3,114
2022-09-03T09:30:00-00:00,2022-09-03T09:45:00-00:00,2022-09-03,03,KERCK1G2_7_B1,KERCK1G2_7_B1,KERCK1G2_7_B1,RTPD,MCL,LMP_LOSS_PRC,KERCK1G2_7_B1,ALL,1,0,3,114
2022-09-03T10:30:00-00:00,2022-09-03T10:45:00-00:00,2022-09-03,04,KERCK1G2_7_B1,KERCK1G2_7_B1,KERCK1G2_7_B1,RTPD,MCL,LMP_LOSS_PRC,KERCK1G2_7_B1,ALL,1,0,3,114
2022-09-03T11:30:00-00:00,2022-09-03T11:45:00-00:00,2022-09-03,05,KERCK1G2_7_B1,KERCK1G2_7_B1,KERCK1G2_7_B1,RTPD,MCL,LMP_LOSS_PRC,KERCK1G2_7_B1,ALL,1,0,3,114
2022-09-03T12:30:00-00:00,2022-09-03T12:45:00-00:00,2022-09-03,06,KERCK1G2_7_B1,KERCK1G2_7_B1,KERCK1G2_7_B1,RTPD,MCL,LMP_LOSS_PRC,KERCK1G2_7_B1,ALL,1,0,3,114
2022-09-03T13:30:00-00:00,2022-09-03T13:45:00-00:00,2022-09-03,07,KERCK1G2_7_B1,KERCK1G2_7_B1,KERCK1G2_7_B1,RTPD,MCL,LMP_LOSS_PRC,KERCK1G2_7_B1,ALL,1,0,3,114
2022-09-03T14:30:00-00:00,2022-09-03T14:45:00-00:00,2022-09-03,08,KERCK1G2_7_B1,KERCK1G2_7_B1,KERCK1G2_7_B1,RTPD,MCL,LMP_LOSS_PRC,KERCK1G2_7_B1,ALL,1,0,3,114
2022-09-03T15:30:00-00:00,2022-09-03T15:45:00-00:00,2022-09-03,09,KERCK1G2_7_B1,KERCK1G2_7_B1,KERCK1G2_7_B1,RTPD,MCL,LMP_LOSS_PRC,KERCK1G2_7_B1,ALL,1,2.63524,3,114
2022-09-03T16:30:00-00:00,2022-09-03T16:45:00-00:00,2022-09-03,10,KERCK1G2_7_B1,KERCK1G2_7_B1,KERCK1G2_7_B1,RTPD,MCL,LMP_LOSS_PRC,KERCK1G2_7_B1,ALL,1,2.28547,3,114
2022-09-03T17:30:00-00:00,2022-09-03T17:45:00-00:00,2022-09-03,11,KERCK1G2_7_B1,KERCK1G2_7_B1,KERCK1G2_7_B1,RTPD,MCL,LMP_LOSS_PRC,KERCK1G2_7_B1,ALL,1,5.28606,3,114
2022-09-03T18:30:00-00:00,2022-09-03T18:45:00-00:00,2022-09-03,12,KERCK1G2_7_B1,KERCK1G2_7_B1,KERCK1G2_7_B1,RTPD,MCL,LMP_LOSS_PRC,KERCK1G2_7_B1,ALL,1,4.63731,3,114
2022-09-03T19:30:00-00:00,2022-09-03T19:45:00-00:00,2022-09-03,13,KERCK1G2_7_B1,KERCK1G2_7_B1,KERCK1G2_7_B1,RTPD,MCL,LMP_LOSS_PRC,KERCK1G2_7_B1,ALL,1,0,3,114
2022-09-03T20:30:00-00:00,2022-09-03T20:45:00-00:00,2022-09-03,14,KERCK1G2_7_B1,KERCK1G2_7_B1,KERCK1G2_7_B1,RTPD,MCL,LMP_LOSS_PRC,KERCK1G2_7_B1,ALL,1,4.93713,3,114
2022-09-03T21:30:00-00:00,2022-09-03T21:45:00-00:00,2022-09-03,15,KERCK1G2_7_B1,KERCK1G2_7_B1,KERCK1G2_7_B1,RTPD,MCL,LMP_LOSS_PRC,KERCK1G2_7_B1,ALL,1,3.64585,3,114
2022-09-03T22:30:00-00:00,2022-09-03T22:45:00-00:00,2022-09-03,16,KERCK1G2_7_B1,KERCK1G2_7_B1,KERCK1G2_7_B1,RTPD,MCL,LMP_LOSS_PRC,KERCK1G2_7_B1,ALL,1,6.38601,3,114
2022-09-03T23:30:00-00:00,2022-09-03T23:45:00-00:00,2022-09-03,17,KERCK1G2_7_B1,KERCK1G2_7_B1,KERCK1G2_7_B1,RTPD,MCL,LMP_LOSS_PRC,KERCK1G2_7_B1,ALL,1,7.84837,3,114
2022-09-04T00:30:00-00:00,2022-09-04T00:45:00-00:00,2022-09-03,18,KERCK1G2_7_B1,KERCK1G2_7_B1,KERCK1G2_7_B1,RTPD,MCL,LMP_LOSS_PRC,KERCK1G2_7_B1,ALL,1,11.21157,3,114
2022-09-04T01:30:00-00:00,2022-09-04T01:45:00-00:00,2022-09-03,19,KERCK1G2_7_B1,KERCK1G2_7_B1,KERCK1G2_7_B1,RTPD,MCL,LMP_LOSS_PRC,KERCK1G2_7_B1,ALL,1,56.29751,3,114
2022-09-04T02:30:00-00:00,2022-09-04T02:45:00-00:00,2022-09-03,20,KERCK1G2_7_B1,KERCK1G2_7_B1,KERCK1G2_7_B1,RTPD,MCL,LMP_LOSS_PRC,KERCK1G2_7_B1,ALL,1,15.92849,3,114
2022-09-04T03:30:00-00:00,2022-09-04T03:45:00-00:00,2022-09-03,21,KERCK1G2_7_B1,KERCK1G2_7_B1,KERCK1G2_7_B1,RTPD,MCL,LMP_LOSS_PRC,KERCK1G2_7_B1,ALL,1,11.06101,3,114
2022-09-04T04:30:00-00:00,2022-09-04T04:45:00-00:00,2022-09-03,22,KERCK1G2_7_B1,KERCK1G2_7_B1,KERCK1G2_7_B1,RTPD,MCL,LMP_LOSS_PRC,KERCK1G2_7_B1,ALL,1,13.89087,3,114
2022-09-04T05:30:00-00:00,2022-09-04T05:45:00-00:00,2022-09-03,23,KERCK1G2_7_B1,KERCK1G2_7_B1,KERCK1G2_7_B1,RTPD,MCL,LMP_LOSS_PRC,KERCK1G2_7_B1,ALL,1,13.60552,3,114
2022-09-04T06:30:00-00:00,2022-09-04T06:45:00-00:00,2022-09-03,24,KERCK1G2_7_B1,KERCK1G2_7_B1,KERCK1G2_7_B1,RTPD,MCL,LMP_LOSS_PRC,KERCK1G2_7_B1,ALL,1,11.58995,3,114
2022-09-03T07:45:00-00:00,2022-09-03T08:00:00-00:00,2022-09-03,01,KERCK1G2_7_B1,KERCK1G2_7_B1,KERCK1G2_7_B1,RTPD,MCL,LMP_LOSS_PRC,KERCK1G2_7_B1,ALL,1,0,4,114
2022-09-03T08:45:00-00:00,2022-09-03T09:00:00-00:00,2022-09-03,02,KERCK1G2_7_B1,KERCK1G2_7_B1,KERCK1G2_7_B1,RTPD,MCL,LMP_LOSS_PRC,KERCK1G2_7_B1,ALL,1,12.80627,4,114
2022-09-03T09:45:00-00:00,2022-09-03T10:00:00-00:00,2022-09-03,03,KERCK1G2_7_B1,KERCK1G2_7_B1,KERCK1G2_7_B1,RTPD,MCL,LMP_LOSS_PRC,KERCK1G2_7_B1,ALL,1,11.2149,4,114
2022-09-03T10:45:00-00:00,2022-09-03T11:00:00-00:00,2022-09-03,04,KERCK1G2_7_B1,KERCK1G2_7_B1,KERCK1G2_7_B1,RTPD,MCL,LMP_LOSS_PRC,KERCK1G2_7_B1,ALL,1,12.7007,4,114
2022-09-03T11:45:00-00:00,2022-09-03T12:00:00-00:00,2022-09-03,05,KERCK1G2_7_B1,KERCK1G2_7_B1,KERCK1G2_7_B1,RTPD,MCL,LMP_LOSS_PRC,KERCK1G2_7_B1,ALL,1,8.85251,4,114
2022-09-03T12:45:00-00:00,2022-09-03T13:00:00-00:00,2022-09-03,06,KERCK1G2_7_B1,KERCK1G2_7_B1,KERCK1G2_7_B1,RTPD,MCL,LMP_LOSS_PRC,KERCK1G2_7_B1,ALL,1,7.10581,4,114
2022-09-03T13:45:00-00:00,2022-09-03T14:00:00-00:00,2022-09-03,07,KERCK1G2_7_B1,KERCK1G2_7_B1,KERCK1G2_7_B1,RTPD,MCL,LMP_LOSS_PRC,KERCK1G2_7_B1,ALL,1,5.09479,4,114
2022-09-03T14:45:00-00:00,2022-09-03T15:00:00-00:00,2022-09-03,08,KERCK1G2_7_B1,KERCK1G2_7_B1,KERCK1G2_7_B1,RTPD,MCL,LMP_LOSS_PRC,KERCK1G2_7_B1,ALL,1,0,4,114
2022-09-03T15:45:00-00:00,2022-09-03T16:00:00-00:00,2022-09-03,09,KERCK1G2_7_B1,KERCK1G2_7_B1,KERCK1G2_7_B1,RTPD,MCL,LMP_LOSS_PRC,KERCK1G2_7_B1,ALL,1,2.4806,4,114
2022-09-03T16:45:00-00:00,2022-09-03T17:00:00-00:00,2022-09-03,10,KERCK1G2_7_B1,KERCK1G2_7_B1,KERCK1G2_7_B1,RTPD,MCL,LMP_LOSS_PRC,KERCK1G2_7_B1,ALL,1,3.70873,4,114
2022-09-03T17:45:00-00:00,2022-09-03T18:00:00-00:00,2022-09-03,11,KERCK1G2_7_B1,KERCK1G2_7_B1,KERCK1G2_7_B1,RTPD,MCL,LMP_LOSS_PRC,KERCK1G2_7_B1,ALL,1,5.67716,4,114
2022-09-03T18:45:00-00:00,2022-09-03T19:00:00-00:00,2022-09-03,12,KERCK1G2_7_B1,KERCK1G2_7_B1,KERCK1G2_7_B1,RTPD,MCL,LMP_LOSS_PRC,KERCK1G2_7_B1,ALL,1,0,4,114
2022-09-03T19:45:00-00:00,2022-09-03T20:00:00-00:00,2022-09-03,13,KERCK1G2_7_B1,KERCK1G2_7_B1,KERCK1G2_7_B1,RTPD,MCL,LMP_LOSS_PRC,KERCK1G2_7_B1,ALL,1,0,4,114
2022-09-03T20:45:00-00:00,2022-09-03T21:00:00-00:00,2022-09-03,14,KERCK1G2_7_B1,KERCK1G2_7_B1,KERCK1G2_7_B1,RTPD,MCL,LMP_LOSS_PRC,KERCK1G2_7_B1,ALL,1,4.57546,4,114
2022-09-03T21:45:00-00:00,2022-09-03T22:00:00-00:00,2022-09-03,15,KERCK1G2_7_B1,KERCK1G2_7_B1,KERCK1G2_7_B1,RTPD,MCL,LMP_LOSS_PRC,KERCK1G2_7_B1,ALL,1,2.92415,4,114
2022-09-03T22:45:00-00:00,2022-09-03T23:00:00-00:00,2022-09-03,16,KERCK1G2_7_B1,KERCK1G2_7_B1,KERCK1G2_7_B1,RTPD,MCL,LMP_LOSS_PRC,KERCK1G2_7_B1,ALL,1,7.17874,4,114
2022-09-03T23:45:00-00:00,2022-09-04T00:00:00-00:00,2022-09-03,17,KERCK1G2_7_B1,KERCK1G2_7_B1,KERCK1G2_7_B1,RTPD,MCL,LMP_LOSS_PRC,KERCK1G2_7_B1,ALL,1,10.12736,4,114
2022-09-04T00:45:00-00:00,2022-09-04T01:00:00-00:00,2022-09-03,18,KERCK1G2_7_B1,KERCK1G2_7_B1,KERCK1G2_7_B1,RTPD,MCL,LMP_LOSS_PRC,KERCK1G2_7_B1,ALL,1,0,4,114
2022-09-04T01:45:00-00:00,2022-09-04T02:00:00-00:00,2022-09-03,19,KERCK1G2_7_B1,KERCK1G2_7_B1,KERCK1G2_7_B1,RTPD,MCL,LMP_LOSS_PRC,KERCK1G2_7_B1,ALL,1,47.04935,4,114
2022-09-04T02:45:00-00:00,2022-09-04T03:00:00-00:00,2022-09-03,20,KERCK1G2_7_B1,KERCK1G2_7_B1,KERCK1G2_7_B1,RTPD,MCL,LMP_LOSS_PRC,KERCK1G2_7_B1,ALL,1,14.97416,4,114
2022-09-04T03:45:00-00:00,2022-09-04T04:00:00-00:00,2022-09-03,21,KERCK1G2_7_B1,KERCK1G2_7_B1,KERCK1G2_7_B1,RTPD,MCL,LMP_LOSS_PRC,KERCK1G2_7_B1,ALL,1,9.41342,4,114
2022-09-04T04:45:00-00:00,2022-09-04T05:00:00-00:00,2022-09-03,22,KERCK1G2_7_B1,KERCK1G2_7_B1,KERCK1G2_7_B1,RTPD,MCL,LMP_LOSS_PRC,KERCK1G2_7_B1,ALL,1,12.53889,4,114
2022-09-04T05:45:00-00:00,2022-09-04T06:00:00-00:00,2022-09-03,23,KERCK1G2_7_B1,KERCK1G2_7_B1,KERCK1G2_7_B1,RTPD,MCL,LMP_LOSS_PRC,KERCK1G2_7_B1,ALL,1,11.0394,4,114
2022-09-04T06:45:00-00:00,2022-09-04T07:00:00-00:00,2022-09-03,24,KERCK1G2_7_B1,KERCK1G2_7_B1,KERCK1G2_7_B1,RTPD,MCL,LMP_LOSS_PRC,KERCK1G2_7_B1,ALL,1,9.73744,4,114
2022-09-03T07:00:00-00:00,2022-09-03T07:15:00-00:00,2022-09-03,01,KERCK1G2_7_B1,KERCK1G2_7_B1,KERCK1G2_7_B1,RTPD,MGHG,LMP_GHG_PRC,KERCK1G2_7_B1,ALL,1,0,1,115
2022-09-03T08:00:00-00:00,2022-09-03T08:15:00-00:00,2022-09-03,02,KERCK1G2_7_B1,KERCK1G2_7_B1,KERCK1G2_7_B1,RTPD,MGHG,LMP_GHG_PRC,KERCK1G2_7_B1,ALL,1,0,1,115
2022-09-03T09:00:00-00:00,2022-09-03T09:15:00-00:00,2022-09-03,03,KERCK1G2_7_B1,KERCK1G2_7_B1,KERCK1G2_7_B1,RTPD,MGHG,LMP_GHG_PRC,KERCK1G2_7_B1,ALL,1,0,1,115
2022-09-03T10:00:00-00:00,2022-09-03T10:15:00-00:00,2022-09-03,04,KERCK1G2_7_B1,KERCK1G2_7_B1,KERCK1G2_7_B1,RTPD,MGHG,LMP_GHG_PRC,KERCK1G2_7_B1,ALL,1,0,1,115
2022-09-03T11:00:00-00:00,2022-09-03T11:15:00-00:00,2022-09-03,05,KERCK1G2_7_B1,KERCK1G2_7_B1,KERCK1G2_7_B1,RTPD,MGHG,LMP_GHG_PRC,KERCK1G2_7_B1,ALL,1,0,1,115
2022-09-03T12:00:00-00:00,2022-09-03T12:15:00-00:00,2022-09-03,06,KERCK1G2_7_B1,KERCK1G2_7_B1,KERCK1G2_7_B1,RTPD,MGHG,LMP_GHG_PRC,KERCK1G2_7_B1,ALL,1,0,1,115
2022-09-03T13:00:00-00:00,2022-09-03T13:15:00-00:00,2022-09-03,07,KERCK1G2_7_B1,KERCK1G2_7_B1,KERCK1G2_7_B1,RTPD,MGHG,LMP_GHG_PRC,KERCK1G2_7_B1,ALL,1,0,1,115
2022-09-03T14:00:00-00:00,2022-09-03T14:15:00-00:00,2022-09-03,08,KERCK1G2_7_B1,KERCK1G2_7_B1,KERCK1G2_7_B1,RTPD,MGHG,LMP_GHG_PRC,KERCK1G2_7_B1,ALL,1,0,1,115
2022-09-03T15:00:00-00:00,2022-09-03T15:15:00-00:00,2022-09-03,09,KERCK1G2_7_B1,KERCK1G2_7_B1,KERCK1G2_7_B1,RTPD,MGHG,LMP_GHG_PRC,KERCK1G2_7_B1,ALL,1,0,1,115
2022-09-03T16:00:00-00:00,2022-09-03T16:15:00-00:00,2022-09-03,10,KERCK1G2_7_B1,KERCK1G2_7_B1,KERCK1G2_7_B1,RTPD,MGHG,LMP_GHG_PRC,KERCK1G2_7_B1,ALL,1,0,1,115
2022-09-03T17:00:00-00:00,2022-09-03T17:15:00-00:00,2022-09-03,11,KERCK1G2_7_B1,KERCK1G2_7_B1,KERCK1G2_7_B1,RTPD,MGHG,LMP_GHG_PRC,KERCK1G2_7_B1,ALL,1,0,1,115
2022-09-03T18:00:00-00:00,2022-09-03T18:15:00-00:00,2022-09-03,12,KERCK1G2_7_B1,KERCK1G2_7_B1,KERCK1G2_7_B1,RTPD,MGHG,LMP_GHG_PRC,KERCK1G2_7_B1,ALL,1,0,1,115
2022-09-03T19:00:00-00:00,2022-09-03T19:15:00-00:00,2022-09-03,13,KERCK1G2_7_B1,KERCK1G2_7_B1,KERCK1G2_7_B1,RTPD,MGHG,LMP_GHG_PRC,KERCK1G2_7_B1,ALL,1,0,1,115
2022-09-03T20:00:00-00:00,2022-09-03T20:15:00-00:00,2022-09-03,14,KERCK1G2_7_B1,KERCK1G2_7_B1,KERCK1G2_7_B1,RTPD,MGHG,LMP_GHG_PRC,KERCK1G2_7_B1,ALL,1,0,1,115
2022-09-03T21:00:00-00:00,2022-09-03T21:15:00-00:00,2022-09-03,15,KERCK1G2_7_B1,KERCK1G2_7_B1,KERCK1G2_7_B1,RTPD,MGHG,LMP_GHG_PRC,KERCK1G2_7_B1,ALL,1,0,1,115
2022-09-03T22:00:00-00:00,2022-09-03T22:15:00-00:00,2022-09-03,16,KERCK1G2_7_B1,KERCK1G2_7_B1,KERCK1G2_7_B1,RTPD,MGHG,LMP_GHG_PRC,KERCK1G2_7_B1,ALL,1,0,1,115
2022-09-03T23:00:00-00:00,2022-09-03T23:15:00-00:00,2022-09-03,17,KERCK1G2_7_B1,KERCK1G2_7_B1,KERCK1G2_7_B1,RTPD,MGHG,LMP_GHG_PRC,KERCK1G2_7_B1,ALL,1,0,1,115
2022-09-04T00:00:00-00:00,2022-09-04T00:15:00-00:00,2022-09-03,18,KERCK1G2_7_B1,KERCK1G2_7_B1,KERCK1G2_7_B1,RTPD,MGHG,LMP_GHG_PRC,KERCK1G2_7_B1,ALL,1,0,1,115
2022-09-04T01:00:00-00:00,2022-09-04T01:15:00-00:00,2022-09-03,19,KERCK1G2_7_B1,KERCK1G2_7_B1,KERCK1G2_7_B1,RTPD,MGHG,LMP_GHG_PRC,KERCK1G2_7_B1,ALL,1,0,1,115
2022-09-04T02:00:00-00:00,2022-09-04T02:15:00-00:00,2022-09-03,20,KERCK1G2_7_B1,KERCK1G2_7_B1,KERCK1G2_7_B1,RTPD,MGHG,LMP_GHG_PRC,KERCK1G2_7_B1,ALL,1,0,1,115
2022-09-04T03:00:00-00:00,2022-09-04T03:15:00-00:00,2022-09-03,21,KERCK1G2_7_B1,KERCK1G2_7_B1,KERCK1G2_7_B1,RTPD,MGHG,LMP_GHG_PRC,KERCK1G2_7_B1,ALL,1,0,1,115
2022-09-04T04:00:00-00:00,2022-09-04T04:15:00-00:00,2022-09-03,22,KERCK1G2_7_B1,KERCK1G2_7_B1,KERCK1G2_7_B1,RTPD,MGHG,LMP_GHG_PRC,KERCK1G2_7_B1,ALL,1,0,1,115
2022-09-04T05:00:00-00:00,2022-09-04T05:15:00-00:00,2022-09-03,23,KERCK1G2_7_B1,KERCK1G2_7_B1,KERCK1G2_7_B1,RTPD,MGHG,LMP_GHG_PRC,KERCK1G2_7_B1,ALL,1,0,1,115
2022-09-04T06:00:00-00:00,2022-09-04T06:15:00-00:00,2022-09-03,24,KERCK1G2_7_B1,KERCK1G2_7_B1,KERCK1G2_7_B1,RTPD,MGHG,LMP_GHG_PRC,KERCK1G2_7_B1,ALL,1,0,1,115
2022-09-03T07:15:00-00:00,2022-09-03T07:30:00-00:00,2022-09-03,01,KERCK1G2_7_B1,KERCK1G2_7_B1,KERCK1G2_7_B1,RTPD,MGHG,LMP_GHG_PRC,KERCK1G2_7_B1,ALL,1,0,2,115
2022-09-03T08:15:00-00:00,2022-09-03T08:30:00-00:00,2022-09-03,02,KERCK1G2_7_B1,KERCK1G2_7_B1,KERCK1G2_7_B1,RTPD,MGHG,LMP_GHG_PRC,KERCK1G2_7_B1,ALL,1,0,2,115
2022-09-03T09:15:00-00:00,2022-09-03T09:30:00-00:00,2022-09-03,03,KERCK1G2_7_B1,KERCK1G2_7_B1,KERCK1G2_7_B1,RTPD,MGHG,LMP_GHG_PRC,KERCK1G2_7_B1,ALL,1,0,2,115
2022-09-03T10:15:00-00:00,2022-09-03T10:30:00-00:00,2022-09-03,04,KERCK1G2_7_B1,KERCK1G2_7_B1,KERCK1G2_7_B1,RTPD,MGHG,LMP_GHG_PRC,KERCK1G2_7_B1,ALL,1,0,2,115
2022-09-03T11:15:00-00:00,2022-09-03T11:30:00-00:00,2022-09-03,05,KERCK1G2_7_B1,KERCK1G2_7_B1,KERCK1G2_7_B1,RTPD,MGHG,LMP_GHG_PRC,KERCK1G2_7_B1,ALL,1,0,2,115
2022-09-03T12:15:00-00:00,2022-09-03T12:30:00-00:00,2022-09-03,06,KERCK1G2_7_B1,KERCK1G2_7_B1,KERCK1G2_7_B1,RTPD,MGHG,LMP_GHG_PRC,KERCK1G2_7_B1,ALL,1,0,2,115
2022-09-03T13:15:00-00:00,2022-09-03T13:30:00-00:00,2022-09-03,07,KERCK1G2_7_B1,KERCK1G2_7_B1,KERCK1G2_7_B1,RTPD,MGHG,LMP_GHG_PRC,KERCK1G2_7_B1,ALL,1,0,2,115
2022-09-03T14:15:00-00:00,2022-09-03T14:30:00-00:00,2022-09-03,08,KERCK1G2_7_B1,KERCK1G2_7_B1,KERCK1G2_7_B1,RTPD,MGHG,LMP_GHG_PRC,KERCK1G2_7_B1,ALL,1,0,2,115
2022-09-03T15:15:00-00:00,2022-09-03T15:30:00-00:00,2022-09-03,09,KERCK1G2_7_B1,KERCK1G2_7_B1,KERCK1G2_7_B1,RTPD,MGHG,LMP_GHG_PRC,KERCK1G2_7_B1,ALL,1,0,2,115
2022-09-03T16:15:00-00:00,2022-09-03T16:30:00-00:00,2022-09-03,10,KERCK1G2_7_B1,KERCK1G2_7_B1,KERCK1G2_7_B1,RTPD,MGHG,LMP_GHG_PRC,KERCK1G2_7_B1,ALL,1,0,2,115
2022-09-03T17:15:00-00:00,2022-09-03T17:30:00-00:00,2022-09-03,11,KERCK1G2_7_B1,KERCK1G2_7_B1,KERCK1G2_7_B1,RTPD,MGHG,LMP_GHG_PRC,KERCK1G2_7_B1,ALL,1,0,2,115
2022-09-03T18:15:00-00:00,2022-09-03T18:30:00-00:00,2022-09-03,12,KERCK1G2_7_B1,KERCK1G2_7_B1,KERCK1G2_7_B1,RTPD,MGHG,LMP_GHG_PRC,KERCK1G2_7_B1,ALL,1,0,2,115
2022-09-03T19:15:00-00:00,2022-09-03T19:30:00-00:00,2022-09-03,13,KERCK1G2_7_B1,KERCK1G2_7_B1,KERCK1G2_7_B1,RTPD,MGHG,LMP_GHG_PRC,KERCK1G2_7_B1,ALL,1,0,2,115
2022-09-03T20:15:00-00:00,2022-09-03T20:30:00-00:00,2022-09-03,14,KERCK1G2_7_B1,KERCK1G2_7_B1,KERCK1G2_7_B1,RTPD,MGHG,LMP_GHG_PRC,KERCK1G2_7_B1,ALL,1,0,2,115
2022-09-03T21:15:00-00:00,2022-09-03T21:30:00-00:00,2022-09-03,15,KERCK1G2_7_B1,KERCK1G2_7_B1,KERCK1G2_7_B1,RTPD,MGHG,LMP_GHG_PRC,KERCK1G2_7_B1,ALL,1,0,2,115
2022-09-03T22:15:00-00:00,2022-09-03T22:30:00-00:00,2022-09-03,16,KERCK1G2_7_B1,KERCK1G2_7_B1,KERCK1G2_7_B1,RTPD,MGHG,LMP_GHG_PRC,KERCK1G2_7_B1,ALL,1,0,2,115
2022-09-03T23:15:00-00:00,2022-09-03T23:30:00-00:00,2022-09-03,17,KERCK1G2_7_B1,KERCK1G2_7_B1,KERCK1G2_7_B1,RTPD,MGHG,LMP_GHG_PRC,KERCK1G2_7_B1,ALL,1,0,2,115
2022-09-04T00:15:00-00:00,2022-09-04T00:30:00-00:00,2022-09-03,18,KERCK1G2_7_B1,KERCK1G2_7_B1,KERCK1G2_7_B1,RTPD,MGHG,LMP_GHG_PRC,KERCK1G2_7_B1,ALL,1,0,2,115
2022-09-04T01:15:00-00:00,2022-09-04T01:30:00-00:00,2022-09-03,19,KERCK1G2_7_B1,KERCK1G2_7_B1,KERCK1G2_7_B1,RTPD,MGHG,LMP_GHG_PRC,KERCK1G2_7_B1,ALL,1,0,2,115
2022-09-04T02:15:00-00:00,2022-09-04T02:30:00-00:00,2022-09-03,20,KERCK1G2_7_B1,KERCK1G2_7_B1,KERCK1G2_7_B1,RTPD,MGHG,LMP_GHG_PRC,KERCK1G2_7_B1,ALL,1,0,2,115
2022-09-04T03:15:00-00:00,2022-09-04T03:30:00-00:00,2022-09-03,21,KERCK1G2_7_B1,KERCK1G2_7_B1,KERCK1G2_7_B1,RTPD,MGHG,LMP_GHG_PRC,KERCK1G2_7_B1,ALL,1,0,2,115
2022-09-04T04:15:00-00:00,2022-09-04T04:30:00-00:00,2022-09-03,22,KERCK1G2_7_B1,KERCK1G2_7_B1,KERCK1G2_7_B1,RTPD,MGHG,LMP_GHG_PRC,KERCK1G2_7_B1,ALL,1,0,2,115
2022-09-04T05:15:00-00:00,2022-09-04T05:30:00-00:00,2022-09-03,23,KERCK1G2_7_B1,KERCK1G2_7_B1,KERCK1G2_7_B1,RTPD,MGHG,LMP_GHG_PRC,KERCK1G2_7_B1,ALL,1,0,2,115
2022-09-04T06:15:00-00:00,2022-09-04T06:30:00-00:00,2022-09-03,24,KERCK1G2_7_B1,KERCK1G2_7_B1,KERCK1G2_7_B1,RTPD,MGHG,LMP_GHG_PRC,KERCK1G2_7_B1,ALL,1,0,2,115
2022-09-03T07:30:00-00:00,2022-09-03T07:45:00-00:00,2022-09-03,01,KERCK1G2_7_B1,KERCK1G2_7_B1,KERCK1G2_7_B1,RTPD,MGHG,LMP_GHG_PRC,KERCK1G2_7_B1,ALL,1,0,3,115
2022-09-03T08:30:00-00:00,2022-09-03T08:45:00-00:00,2022-09-03,02,KERCK1G2_7_B1,KERCK1G2_7_B1,KERCK1G2_7_B1,RTPD,MGHG,LMP_GHG_PRC,KERCK1G2_7_B1,ALL,1,0,3,115
2022-09-03T09:30:00-00:00,2022-09-03T09:45:00-00:00,2022-09-03,03,KERCK1G2_7_B1,KERCK1G2_7_B1,KERCK1G2_7_B1,RTPD,MGHG,LMP_GHG_PRC,KERCK1G2_7_B1,ALL,1,0,3,115
2022-09-03T10:30:00-00:00,2022-09-03T10:45:00-00:00,2022-09-03,04,KERCK1G2_7_B1,KERCK1G2_7_B1,KERCK1G2_7_B1,RTPD,MGHG,LMP_GHG_PRC,KERCK1G2_7_B1,ALL,1,0,3,115
2022-09-03T11:30:00-00:00,2022-09-03T11:45:00-00:00,2022-09-03,05,KERCK1G2_7_B1,KERCK1G2_7_B1,KERCK1G2_7_B1,RTPD,MGHG,LMP_GHG_PRC,KERCK1G2_7_B1,ALL,1,0,3,115
2022-09-03T12:30:00-00:00,2022-09-03T12:45:00-00:00,2022-09-03,06,KERCK1G2_7_B1,KERCK1G2_7_B1,KERCK1G2_7_B1,RTPD,MGHG,LMP_GHG_PRC,KERCK1G2_7_B1,ALL,1,0,3,115
2022-09-03T13:30:00-00:00,2022-09-03T13:45:00-00:00,2022-09-03,07,KERCK1G2_7_B1,KERCK1G2_7_B1,KERCK1G2_7_B1,RTPD,MGHG,LMP_GHG_PRC,KERCK1G2_7_B1,ALL,1,0,3,115
2022-09-03T14:30:00-00:00,2022-09-03T14:45:00-00:00,2022-09-03,08,KERCK1G2_7_B1,KERCK1G2_7_B1,KERCK1G2_7_B1,RTPD,MGHG,LMP_GHG_PRC,KERCK1G2_7_B1,ALL,1,0,3,115
2022-09-03T15:30:00-00:00,2022-09-03T15:45:00-00:00,2022-09-03,09,KERCK1G2_7_B1,KERCK1G2_7_B1,KERCK1G2_7_B1,RTPD,MGHG,LMP_GHG_PRC,KERCK1G2_7_B1,ALL,1,0,3,115
2022-09-03T16:30:00-00:00,2022-09-03T16:45:00-00:00,2022-09-03,10,KERCK1G2_7_B1,KERCK1G2_7_B1,KERCK1G2_7_B1,RTPD,MGHG,LMP_GHG_PRC,KERCK1G2_7_B1,ALL,1,0,3,115
2022-09-03T17:30:00-00:00,2022-09-03T17:45:00-00:00,2022-09-03,11,KERCK1G2_7_B1,KERCK1G2_7_B1,KERCK1G2_7_B1,RTPD,MGHG,LMP_GHG_PRC,KERCK1G2_7_B1,ALL,1,0,3,115
2022-09-03T18:30:00-00:00,2022-09-03T18:45:00-00:00,2022-09-03,12,KERCK1G2_7_B1,KERCK1G2_7_B1,KERCK1G2_7_B1,RTPD,MGHG,LMP_GHG_PRC,KERCK1G2_7_B1,ALL,1,0,3,115
2022-09-03T19:30:00-00:00,2022-09-03T19:45:00-00:00,2022-09-03,13,KERCK1G2_7_B1,KERCK1G2_7_B1,KERCK1G2_7_B1,RTPD,MGHG,LMP_GHG_PRC,KERCK1G2_7_B1,ALL,1,0,3,115
2022-09-03T20:30:00-00:00,2022-09-03T20:45:00-00:00,2022-09-03,14,KERCK1G2_7_B1,KERCK1G2_7_B1,KERCK1G2_7_B1,RTPD,MGHG,LMP_GHG_PRC,KERCK1G2_7_B1,ALL,1,0,3,115
2022-09-03T21:30:00-00:00,2022-09-03T21:45:00-00:00,2022-09-03,15,KERCK1G2_7_B1,KERCK1G2_7_B1,KERCK1G2_7_B1,RTPD,MGHG,LMP_GHG_PRC,KERCK1G2_7_B1,ALL,1,0,3,115
2022-09-03T22:30:00-00:00,2022-09-03T22:45:00-00:00,2022-09-03,16,KERCK1G2_7_B1,KERCK1G2_7_B1,KERCK1G2_7_B1,RTPD,MGHG,LMP_GHG_PRC,KERCK1G2_7_B1,ALL,1,0,3,115
2022-09-03T23:30:00-00:00,2022-09-03T23:45:00-00:00,2022-09-03,17,KERCK1G2_7_B1,KERCK1G2_7_B1,KERCK1G2_7_B1,RTPD,MGHG,LMP_GHG_PRC,KERCK1G2_7_B1,ALL,1,0,3,115
2022-09-04T00:30:00-00:00,2022-09-04T00:45:00-00:00,2022-09-03,18,KERCK1G2_7_B1,KERCK1G2_7_B1,KERCK1G2_7_B1,RTPD,MGHG,LMP_GHG_PRC,KERCK1G2_7_B1,ALL,1,0,3,115
2022-09-04T01:30:00-00:00,2022-09-04T01:45:00-00:00,2022-09-03,19,KERCK1G2_7_B1,KERCK1G2_7_B1,KERCK1G2_7_B1,RTPD,MGHG,LMP_GHG_PRC,KERCK1G2_7_B1,ALL,1,0,3,115
2022-09-04T02:30:00-00:00,2022-09-04T02:45:00-00:00,2022-09-03,20,KERCK1G2_7_B1,KERCK1G2_7_B1,KERCK1G2_7_B1,RTPD,MGHG,LMP_GHG_PRC,KERCK1G2_7_B1,ALL,1,0,3,115
2022-09-04T03:30:00-00:00,2022-09-04T03:45:00-00:00,2022-09-03,21,KERCK1G2_7_B1,KERCK1G2_7_B1,KERCK1G2_7_B1,RTPD,MGHG,LMP_GHG_PRC,KERCK1G2_7_B1,ALL,1,0,3,115
2022-09-04T04:30:00-00:00,2022-09-04T04:45:00-00:00,2022-09-03,22,KERCK1G2_7_B1,KERCK1G2_7_B1,KERCK1G2_7_B1,RTPD,MGHG,LMP_GHG_PRC,KERCK1G2_7_B1,ALL,1,0,3,115
2022-09-04T05:30:00-00:00,2022-09-04T05:45:00-00:00,2022-09-03,23,KERCK1G2_7_B1,KERCK1G2_7_B1,KERCK1G2_7_B1,RTPD,MGHG,LMP_GHG_PRC,KERCK1G2_7_B1,ALL,1,0,3,115
2022-09-04T06:30:00-00:00,2022-09-04T06:45:00-00:00,2022-09-03,24,KERCK1G2_7_B1,KERCK1G2_7_B1,KERCK1G2_7_B1,RTPD,MGHG,LMP_GHG_PRC,KERCK1G2_7_B1,ALL,1,0,3,115
2022-09-03T07:45:00-00:00,2022-09-03T08:00:00-00:00,2022-09-03,01,KERCK1G2_7_B1,KERCK1G2_7_B1,KERCK1G2_7_B1,RTPD,MGHG,LMP_GHG_PRC,KERCK1G2_7_B1,ALL,1,0,4,115
2022-09-03T08:45:00-00:00,2022-09-03T09:00:00-00:00,2022-09-03,02,KERCK1G2_7_B1,KERCK1G2_7_B1,KERCK1G2_7_B1,RTPD,MGHG,LMP_GHG_PRC,KERCK1G2_7_B1,ALL,1,0,4,115
2022-09-03T09:45:00-00:00,2022-09-03T10:00:00-00:00,2022-09-03,03,KERCK1G2_7_B1,KERCK1G2_7_B1,KERCK1G2_7_B1,RTPD,MGHG,LMP_GHG_PRC,KERCK1G2_7_B1,ALL,1,0,4,115
2022-09-03T10:45:00-00:00,2022-09-03T11:00:00-00:00,2022-09-03,04,KERCK1G2_7_B1,KERCK1G2_7_B1,KERCK1G2_7_B1,RTPD,MGHG,LMP_GHG_PRC,KERCK1G2_7_B1,ALL,1,0,4,115
2022-09-03T11:45:00-00:00,2022-09-03T12:00:00-00:00,2022-09-03,05,KERCK1G2_7_B1,KERCK1G2_7_B1,KERCK1G2_7_B1,RTPD,MGHG,LMP_GHG_PRC,KERCK1G2_7_B1,ALL,1,0,4,115
2022-09-03T12:45:00-00:00,2022-09-03T13:00:00-00:00,2022-09-03,06,KERCK1G2_7_B1,KERCK1G2_7_B1,KERCK1G2_7_B1,RTPD,MGHG,LMP_GHG_PRC,KERCK1G2_7_B1,ALL,1,0,4,115
2022-09-03T13:45:00-00:00,2022-09-03T14:00:00-00:00,2022-09-03,07,KERCK1G2_7_B1,KERCK1G2_7_B1,KERCK1G2_7_B1,RTPD,MGHG,LMP_GHG_PRC,KERCK1G2_7_B1,ALL,1,0,4,115
2022-09-03T14:45:00-00:00,2022-09-03T15:00:00-00:00,2022-09-03,08,KERCK1G2_7_B1,KERCK1G2_7_B1,KERCK1G2_7_B1,RTPD,MGHG,LMP_GHG_PRC,KERCK1G2_7_B1,ALL,1,0,4,115
2022-09-03T15:45:00-00:00,2022-09-03T16:00:00-00:00,2022-09-03,09,KERCK1G2_7_B1,KERCK1G2_7_B1,KERCK1G2_7_B1,RTPD,MGHG,LMP_GHG_PRC,KERCK1G2_7_B1,ALL,1,0,4,115
2022-09-03T16:45:00-00:00,2022-09-03T17:00:00-00:00,2022-09-03,10,KERCK1G2_7_B1,KERCK1G2_7_B1,KERCK1G2_7_B1,RTPD,MGHG,LMP_GHG_PRC,KERCK1G2_7_B1,ALL,1,0,4,115
2022-09-03T17:45:00-00:00,2022-09-03T18:00:00-00:00,2022-09-03,11,KERCK1G2_7_B1,KERCK1G2_7_B1,KERCK1G2_7_B1,RTPD,MGHG,LMP_GHG_PRC,KERCK1G2_7_B1,ALL,1,0,4,115
2022-09-03T18:45:00-00:00,2022-09-03T19:00:00-00:00,2022-09-03,12,KERCK1G2_7_B1,KERCK1G2_7_B1,KERCK1G2_7_B1,RTPD,MGHG,LMP_GHG_PRC,KERCK1G2_7_B1,ALL,1,0,4,115
2022-09-03T19:45:00-00:00,2022-09-03T20:00:00-00:00,2022-09-03,13,KERCK1G2_7_B1,KERCK1G2_7_B1,KERCK1G2_7_B1,RTPD,MGHG,LMP_GHG_PRC,KERCK1G2_7_B1,ALL,1,0,4,115
2022-09-03T20:45:00-00:00,2022-09-03T21:00:00-00:00,2022-09-03,14,KERCK1G2_7_B1,KERCK1G2_7_B1,KERCK1G2_7_B1,RTPD,MGHG,LMP_GHG_PRC,KERCK1G2_7_B1,ALL,1,0,4,115
2022-09-03T21:45:00-00:00,2022-09-03T22:00:00-00:00,2022-09-03,15,KERCK1G2_7_B1,KERCK1G2_7_B1,KERCK1G2_7_B1,RTPD,MGHG,LMP_GHG_PRC,KERCK1G2_7_B1,ALL,1,0,4,115
2022-09-03T22:45:00-00:00,2022-09-03T23:00:00-00:00,2022-09-03,16,KERCK1G2_7_B1,KERCK1G2_7_B1,KERCK1G2_7_B1,RTPD,MGHG,LMP_GHG_PRC,KERCK1G2_7_B1,ALL,1,0,4,115
2022-09-03T23:45:00-00:00,2022-09-04T00:00:00-00:00,2022-09-03,17,KERCK1G2_7_B1,KERCK1G2_7_B1,KERCK1G2_7_B1,RTPD,MGHG,LMP_GHG_PRC,KERCK1G2_7_B1,ALL,1,0,4,115
2022-09-04T00:45:00-00:00,2022-09-04T01:00:00-00:00,2022-09-03,18,KERCK1G2_7_B1,KERCK1G2_7_B1,KERCK1G2_7_B1,RTPD,MGHG,LMP_GHG_PRC,KERCK1G2_7_B1,ALL,1,0,4,115
2022-09-04T01:45:00-00:00,2022-09-04T02:00:00-00:00,2022-09-03,19,KERCK1G2_7_B1,KERCK1G2_7_B1,KERCK1G2_7_B1,RTPD,MGHG,LMP_GHG_PRC,KERCK1G2_7_B1,ALL,1,0,4,115
2022-09-04T02:45:00-00:00,2022-09-04T03:00:00-00:00,2022-09-03,20,KERCK1G2_7_B1,KERCK1G2_7_B1,KERCK1G2_7_B1,RTPD,MGHG,LMP_GHG_PRC,KERCK1G2_7_B1,ALL,1,0,4,115
2022-09-04T03:45:00-00:00,2022-09-04T04:00:00-00:00,2022-09-03,21,KERCK1G2_7_B1,KERCK1G2_7_B1,KERCK1G2_7_B1,RTPD,MGHG,LMP_GHG_PRC,KERCK1G2_7_B1,ALL,1,0,4,115
2022-09-04T04:45:00-00:00,2022-09-04T05:00:00-00:00,2022-09-03,22,KERCK1G2_7_B1,KERCK1G2_7_B1,KERCK1G2_7_B1,RTPD,MGHG,LMP_GHG_PRC,KERCK1G2_7_B1,ALL,1,0,4,115
2022-09-04T05:45:00-00:00,2022-09-04T06:00:00-00:00,2022-09-03,23,KERCK1G2_7_B1,KERCK1G2_7_B1,KERCK1G2_7_B1,RTPD,MGHG,LMP_GHG_PRC,KERCK1G2_7_B1,ALL,1,0,4,115
2022-09-04T06:45:00-00:00,2022-09-04T07:00:00-00:00,2022-09-03,24,KERCK1G2_7_B1,KERCK1G2_7_B1,KERCK1G2_7_B1,RTPD,MGHG,LMP_GHG_PRC,KERCK1G2_7_B1,ALL,1,0,4,115
2022-09-03T07:00:00-00:00,2022-09-03T07:15:00-00:00,2022-09-03,01,KERCK1G3_7_B1,KERCK1G3_7_B1,KERCK1G3_7_B1,RTPD,LMP,LMP_PRC,KERCK1G3_7_B1,ALL,1,98.90006,1,116
2022-09-03T08:00:00-00:00,2022-09-03T08:15:00-00:00,2022-09-03,02,KERCK1G3_7_B1,KERCK1G3_7_B1,KERCK1G3_7_B1,RTPD,LMP,LMP_PRC,KERCK1G3_7_B1,ALL,1,88.6719,1,116
2022-09-03T09:00:00-00:00,2022-09-03T09:15:00-00:00,2022-09-03,03,KERCK1G3_7_B1,KERCK1G3_7_B1,KERCK1G3_7_B1,RTPD,LMP,LMP_PRC,KERCK1G3_7_B1,ALL,1,123.17536,1,116
2022-09-03T10:00:00-00:00,2022-09-03T10:15:00-00:00,2022-09-03,04,KERCK1G3_7_B1,KERCK1G3_7_B1,KERCK1G3_7_B1,RTPD,LMP,LMP_PRC,KERCK1G3_7_B1,ALL,1,67.47233,1,116
2022-09-03T11:00:00-00:00,2022-09-03T11:15:00-00:00,2022-09-03,05,KERCK1G3_7_B1,KERCK1G3_7_B1,KERCK1G3_7_B1,RTPD,LMP,LMP_PRC,KERCK1G3_7_B1,ALL,1,94.06425,1,116
2022-09-03T12:00:00-00:00,2022-09-03T12:15:00-00:00,2022-09-03,06,KERCK1G3_7_B1,KERCK1G3_7_B1,KERCK1G3_7_B1,RTPD,LMP,LMP_PRC,KERCK1G3_7_B1,ALL,1,67.74603,1,116
2022-09-03T13:00:00-00:00,2022-09-03T13:15:00-00:00,2022-09-03,07,KERCK1G3_7_B1,KERCK1G3_7_B1,KERCK1G3_7_B1,RTPD,LMP,LMP_PRC,KERCK1G3_7_B1,ALL,1,83.68378,1,116
2022-09-03T14:00:00-00:00,2022-09-03T14:15:00-00:00,2022-09-03,08,KERCK1G3_7_B1,KERCK1G3_7_B1,KERCK1G3_7_B1,RTPD,LMP,LMP_PRC,KERCK1G3_7_B1,ALL,1,81.97449,1,116
2022-09-03T15:00:00-00:00,2022-09-03T15:15:00-00:00,2022-09-03,09,KERCK1G3_7_B1,KERCK1G3_7_B1,KERCK1G3_7_B1,RTPD,LMP,LMP_PRC,KERCK1G3_7_B1,ALL,1,29.03278,1,116
2022-09-03T16:00:00-00:00,2022-09-03T16:15:00-00:00,2022-09-03,10,KERCK1G3_7_B1,KERCK1G3_7_B1,KERCK1G3_7_B1,RTPD,LMP,LMP_PRC,KERCK1G3_7_B1,ALL,1,31.16662,1,116
2022-09-03T17:00:00-00:00,2022-09-03T17:15:00-00:00,2022-09-03,11,KERCK1G3_7_B1,KERCK1G3_7_B1,KERCK1G3_7_B1,RTPD,LMP,LMP_PRC,KERCK1G3_7_B1,ALL,1,56.07253,1,116
2022-09-03T18:00:00-00:00,2022-09-03T18:15:00-00:00,2022-09-03,12,KERCK1G3_7_B1,KERCK1G3_7_B1,KERCK1G3_7_B1,RTPD,LMP,LMP_PRC,KERCK1G3_7_B1,ALL,1,63.04682,1,116
2022-09-03T19:00:00-00:00,2022-09-03T19:15:00-00:00,2022-09-03,13,KERCK1G3_7_B1,KERCK1G3_7_B1,KERCK1G3_7_B1,RTPD,LMP,LMP_PRC,KERCK1G3_7_B1,ALL,1,3.37844,1,116
2022-09-03T20:00:00-00:00,2022-09-03T20:15:00-00:00,2022-09-03,14,KERCK1G3_7_B1,KERCK1G3_7_B1,KERCK1G3_7_B1,RTPD,LMP,LMP_PRC,KERCK1G3_7_B1,ALL,1,69.88805,1,116
2022-09-03T21:00:00-00:00,2022-09-03T21:15:00-00:00,2022-09-03,15,KERCK1G3_7_B1,KERCK1G3_7_B1,KERCK1G3_7_B1,RTPD,LMP,LMP_PRC,KERCK1G3_7_B1,ALL,1,73.44626,1,116
2022-09-03T22:00:00-00:00,2022-09-03T22:15:00-00:00,2022-09-03,16,KERCK1G3_7_B1,KERCK1G3_7_B1,KERCK1G3_7_B1,RTPD,LMP,LMP_PRC,KERCK1G3_7_B1,ALL,1,108.38361,1,116
2022-09-03T23:00:00-00:00,2022-09-03T23:15:00-00:00,2022-09-03,17,KERCK1G3_7_B1,KERCK1G3_7_B1,KERCK1G3_7_B1,RTPD,LMP,LMP_PRC,KERCK1G3_7_B1,ALL,1,67.44724,1,116
2022-09-04T00:00:00-00:00,2022-09-04T00:15:00-00:00,2022-09-03,18,KERCK1G3_7_B1,KERCK1G3_7_B1,KERCK1G3_7_B1,RTPD,LMP,LMP_PRC,KERCK1G3_7_B1,ALL,1,75.30245,1,116
2022-09-04T01:00:00-00:00,2022-09-04T01:15:00-00:00,2022-09-03,19,KERCK1G3_7_B1,KERCK1G3_7_B1,KERCK1G3_7_B1,RTPD,LMP,LMP_PRC,KERCK1G3_7_B1,ALL,1,101.99511,1,116
2022-09-04T02:00:00-00:00,2022-09-04T02:15:00-00:00,2022-09-03,20,KERCK1G3_7_B1,KERCK1G3_7_B1,KERCK1G3_7_B1,RTPD,LMP,LMP_PRC,KERCK1G3_7_B1,ALL,1,119.75401,1,116
2022-09-04T03:00:00-00:00,2022-09-04T03:15:00-00:00,2022-09-03,21,KERCK1G3_7_B1,KERCK1G3_7_B1,KERCK1G3_7_B1,RTPD,LMP,LMP_PRC,KERCK1G3_7_B1,ALL,1,136.60977,1,116
2022-09-04T04:00:00-00:00,2022-09-04T04:15:00-00:00,2022-09-03,22,KERCK1G3_7_B1,KERCK1G3_7_B1,KERCK1G3_7_B1,RTPD,LMP,LMP_PRC,KERCK1G3_7_B1,ALL,1,142.29736,1,116
2022-09-04T05:00:00-00:00,2022-09-04T05:15:00-00:00,2022-09-03,23,KERCK1G3_7_B1,KERCK1G3_7_B1,KERCK1G3_7_B1,RTPD,LMP,LMP_PRC,KERCK1G3_7_B1,ALL,1,100.8853,1,116
2022-09-04T06:00:00-00:00,2022-09-04T06:15:00-00:00,2022-09-03,24,KERCK1G3_7_B1,KERCK1G3_7_B1,KERCK1G3_7_B1,RTPD,LMP,LMP_PRC,KERCK1G3_7_B1,ALL,1,116.12259,1,116
2022-09-03T07:15:00-00:00,2022-09-03T07:30:00-00:00,2022-09-03,01,KERCK1G3_7_B1,KERCK1G3_7_B1,KERCK1G3_7_B1,RTPD,LMP,LMP_PRC,KERCK1G3_7_B1,ALL,1,90.8533,2,116
2022-09-03T08:15:00-00:00,2022-09-03T08:30:00-00:00,2022-09-03,02,KERCK1G3_7_B1,KERCK1G3_7_B1,KERCK1G3_7_B1,RTPD,LMP,LMP_PRC,KERCK1G3_7_B1,ALL,1,128.85172,2,116
2022-09-03T09:15:00-00:00,2022-09-03T09:30:00-00:00,2022-09-03,03,KERCK1G3_7_B1,KERCK1G3_7_B1,KERCK1G3_7_B1,RTPD,LMP,LMP_PRC,KERCK1G3_7_B1,ALL,1,70.66206,2,116
2022-09-03T10:15:00-00:00,2022-09-03T10:30:00-00:00,2022-09-03,04,KERCK1G3_7_B1,KERCK1G3_7_B1,KERCK1G3_7_B1,RTPD,LMP,LMP_PRC,KERCK1G3_7_B1,ALL,1,63.82697,2,116
2022-09-03T11:15:00-00:00,2022-09-03T11:30:00-00:00,2022-09-03,05,KERCK1G3_7_B1,KERCK1G3_7_B1,KERCK1G3_7_B1,RTPD,LMP,LMP_PRC,KERCK1G3_7_B1,ALL,1,66.48405,2,116
2022-09-03T12:15:00-00:00,2022-09-03T12:30:00-00:00,2022-09-03,06,KERCK1G3_7_B1,KERCK1G3_7_B1,KERCK1G3_7_B1,RTPD,LMP,LMP_PRC,KERCK1G3_7_B1,ALL,1,65.6734,2,116
2022-09-03T13:15:00-00:00,2022-09-03T13:30:00-00:00,2022-09-03,07,KERCK1G3_7_B1,KERCK1G3_7_B1,KERCK1G3_7_B1,RTPD,LMP,LMP_PRC,KERCK1G3_7_B1,ALL,1,82.4146,2,116
2022-09-03T14:15:00-00:00,2022-09-03T14:30:00-00:00,2022-09-03,08,KERCK1G3_7_B1,KERCK1G3_7_B1,KERCK1G3_7_B1,RTPD,LMP,LMP_PRC,KERCK1G3_7_B1,ALL,1,108.36277,2,116
2022-09-03T15:15:00-00:00,2022-09-03T15:30:00-00:00,2022-09-03,09,KERCK1G3_7_B1,KERCK1G3_7_B1,KERCK1G3_7_B1,RTPD,LMP,LMP_PRC,KERCK1G3_7_B1,ALL,1,28.66293,2,116
2022-09-03T16:15:00-00:00,2022-09-03T16:30:00-00:00,2022-09-03,10,KERCK1G3_7_B1,KERCK1G3_7_B1,KERCK1G3_7_B1,RTPD,LMP,LMP_PRC,KERCK1G3_7_B1,ALL,1,30.81989,2,116
2022-09-03T17:15:00-00:00,2022-09-03T17:30:00-00:00,2022-09-03,11,KERCK1G3_7_B1,KERCK1G3_7_B1,KERCK1G3_7_B1,RTPD,LMP,LMP_PRC,KERCK1G3_7_B1,ALL,1,68.09374,2,116
2022-09-03T18:15:00-00:00,2022-09-03T18:30:00-00:00,2022-09-03,12,KERCK1G3_7_B1,KERCK1G3_7_B1,KERCK1G3_7_B1,RTPD,LMP,LMP_PRC,KERCK1G3_7_B1,ALL,1,71.27041,2,116
2022-09-03T19:15:00-00:00,2022-09-03T19:30:00-00:00,2022-09-03,13,KERCK1G3_7_B1,KERCK1G3_7_B1,KERCK1G3_7_B1,RTPD,LMP,LMP_PRC,KERCK1G3_7_B1,ALL,1,5.19224,2,116
2022-09-03T20:15:00-00:00,2022-09-03T20:30:00-00:00,2022-09-03,14,KERCK1G3_7_B1,KERCK1G3_7_B1,KERCK1G3_7_B1,RTPD,LMP,LMP_PRC,KERCK1G3_7_B1,ALL,1,77.03585,2,116
2022-09-03T21:15:00-00:00,2022-09-03T21:30:00-00:00,2022-09-03,15,KERCK1G3_7_B1,KERCK1G3_7_B1,KERCK1G3_7_B1,RTPD,LMP,LMP_PRC,KERCK1G3_7_B1,ALL,1,96.61826,2,116
2022-09-03T22:15:00-00:00,2022-09-03T22:30:00-00:00,2022-09-03,16,KERCK1G3_7_B1,KERCK1G3_7_B1,KERCK1G3_7_B1,RTPD,LMP,LMP_PRC,KERCK1G3_7_B1,ALL,1,110.81876,2,116
2022-09-03T23:15:00-00:00,2022-09-03T23:30:00-00:00,2022-09-03,17,KERCK1G3_7_B1,KERCK1G3_7_B1,KERCK1G3_7_B1,RTPD,LMP,LMP_PRC,KERCK1G3_7_B1,ALL,1,70.8203,2,116
2022-09-04T00:15:00-00:00,2022-09-04T00:30:00-00:00,2022-09-03,18,KERCK1G3_7_B1,KERCK1G3_7_B1,KERCK1G3_7_B1,RTPD,LMP,LMP_PRC,KERCK1G3_7_B1,ALL,1,129.73586,2,116
2022-09-04T01:15:00-00:00,2022-09-04T01:30:00-00:00,2022-09-03,19,KERCK1G3_7_B1,KERCK1G3_7_B1,KERCK1G3_7_B1,RTPD,LMP,LMP_PRC,KERCK1G3_7_B1,ALL,1,184.7937,2,116
2022-09-04T02:15:00-00:00,2022-09-04T02:30:00-00:00,2022-09-03,20,KERCK1G3_7_B1,KERCK1G3_7_B1,KERCK1G3_7_B1,RTPD,LMP,LMP_PRC,KERCK1G3_7_B1,ALL,1,137.23949,2,116
2022-09-04T03:15:00-00:00,2022-09-04T03:30:00-00:00,2022-09-03,21,KERCK1G3_7_B1,KERCK1G3_7_B1,KERCK1G3_7_B1,RTPD,LMP,LMP_PRC,KERCK1G3_7_B1,ALL,1,129.06242,2,116
2022-09-04T04:15:00-00:00,2022-09-04T04:30:00-00:00,2022-09-03,22,KERCK1G3_7_B1,KERCK1G3_7_B1,KERCK1G3_7_B1,RTPD,LMP,LMP_PRC,KERCK1G3_7_B1,ALL,1,140.85172,2,116
2022-09-04T05:15:00-00:00,2022-09-04T05:30:00-00:00,2022-09-03,23,KERCK1G3_7_B1,KERCK1G3_7_B1,KERCK1G3_7_B1,RTPD,LMP,LMP_PRC,KERCK1G3_7_B1,ALL,1,97.2365,2,116
2022-09-04T06:15:00-00:00,2022-09-04T06:30:00-00:00,2022-09-03,24,KERCK1G3_7_B1,KERCK1G3_7_B1,KERCK1G3_7_B1,RTPD,LMP,LMP_PRC,KERCK1G3_7_B1,ALL,1,100.59362,2,116
2022-09-03T07:30:00-00:00,2022-09-03T07:45:00-00:00,2022-09-03,01,KERCK1G3_7_B1,KERCK1G3_7_B1,KERCK1G3_7_B1,RTPD,LMP,LMP_PRC,KERCK1G3_7_B1,ALL,1,89.50776,3,116
2022-09-03T08:30:00-00:00,2022-09-03T08:45:00-00:00,2022-09-03,02,KERCK1G3_7_B1,KERCK1G3_7_B1,KERCK1G3_7_B1,RTPD,LMP,LMP_PRC,KERCK1G3_7_B1,ALL,1,124.54697,3,116
2022-09-03T09:30:00-00:00,2022-09-03T09:45:00-00:00,2022-09-03,03,KERCK1G3_7_B1,KERCK1G3_7_B1,KERCK1G3_7_B1,RTPD,LMP,LMP_PRC,KERCK1G3_7_B1,ALL,1,63.55375,3,116
2022-09-03T10:30:00-00:00,2022-09-03T10:45:00-00:00,2022-09-03,04,KERCK1G3_7_B1,KERCK1G3_7_B1,KERCK1G3_7_B1,RTPD,LMP,LMP_PRC,KERCK1G3_7_B1,ALL,1,62.95171,3,116
2022-09-03T11:30:00-00:00,2022-09-03T11:45:00-00:00,2022-09-03,05,KERCK1G3_7_B1,KERCK1G3_7_B1,KERCK1G3_7_B1,RTPD,LMP,LMP_PRC,KERCK1G3_7_B1,ALL,1,120.35828,3,116
2022-09-03T12:30:00-00:00,2022-09-03T12:45:00-00:00,2022-09-03,06,KERCK1G3_7_B1,KERCK1G3_7_B1,KERCK1G3_7_B1,RTPD,LMP,LMP_PRC,KERCK1G3_7_B1,ALL,1,65.83847,3,116
2022-09-03T13:30:00-00:00,2022-09-03T13:45:00-00:00,2022-09-03,07,KERCK1G3_7_B1,KERCK1G3_7_B1,KERCK1G3_7_B1,RTPD,LMP,LMP_PRC,KERCK1G3_7_B1,ALL,1,81.00685,3,116
2022-09-03T14:30:00-00:00,2022-09-03T14:45:00-00:00,2022-09-03,08,KERCK1G3_7_B1,KERCK1G3_7_B1,KERCK1G3_7_B1,RTPD,LMP,LMP_PRC,KERCK1G3_7_B1,ALL,1,68.01459,3,116
2022-09-03T15:30:00-00:00,2022-09-03T15:45:00-00:00,2022-09-03,09,KERCK1G3_7_B1,KERCK1G3_7_B1,KERCK1G3_7_B1,RTPD,LMP,LMP_PRC,KERCK1G3_7_B1,ALL,1,27.49598,3,116
2022-09-03T16:30:00-00:00,2022-09-03T16:45:00-00:00,2022-09-03,10,KERCK1G3_7_B1,KERCK1G3_7_B1,KERCK1G3_7_B1,RTPD,LMP,LMP_PRC,KERCK1G3_7_B1,ALL,1,29.82128,3,116
2022-09-03T17:30:00-00:00,2022-09-03T17:45:00-00:00,2022-09-03,11,KERCK1G3_7_B1,KERCK1G3_7_B1,KERCK1G3_7_B1,RTPD,LMP,LMP_PRC,KERCK1G3_7_B1,ALL,1,69.05039,3,116
2022-09-03T18:30:00-00:00,2022-09-03T18:45:00-00:00,2022-09-03,12,KERCK1G3_7_B1,KERCK1G3_7_B1,KERCK1G3_7_B1,RTPD,LMP,LMP_PRC,KERCK1G3_7_B1,ALL,1,73.05732,3,116
2022-09-03T19:30:00-00:00,2022-09-03T19:45:00-00:00,2022-09-03,13,KERCK1G3_7_B1,KERCK1G3_7_B1,KERCK1G3_7_B1,RTPD,LMP,LMP_PRC,KERCK1G3_7_B1,ALL,1,-0.38465,3,116
2022-09-03T20:30:00-00:00,2022-09-03T20:45:00-00:00,2022-09-03,14,KERCK1G3_7_B1,KERCK1G3_7_B1,KERCK1G3_7_B1,RTPD,LMP,LMP_PRC,KERCK1G3_7_B1,ALL,1,86.4198,3,116
2022-09-03T21:30:00-00:00,2022-09-03T21:45:00-00:00,2022-09-03,15,KERCK1G3_7_B1,KERCK1G3_7_B1,KERCK1G3_7_B1,RTPD,LMP,LMP_PRC,KERCK1G3_7_B1,ALL,1,98.90209,3,116
2022-09-03T22:30:00-00:00,2022-09-03T22:45:00-00:00,2022-09-03,16,KERCK1G3_7_B1,KERCK1G3_7_B1,KERCK1G3_7_B1,RTPD,LMP,LMP_PRC,KERCK1G3_7_B1,ALL,1,94.92349,3,116
2022-09-03T23:30:00-00:00,2022-09-03T23:45:00-00:00,2022-09-03,17,KERCK1G3_7_B1,KERCK1G3_7_B1,KERCK1G3_7_B1,RTPD,LMP,LMP_PRC,KERCK1G3_7_B1,ALL,1,76.20082,3,116
2022-09-04T00:30:00-00:00,2022-09-04T00:45:00-00:00,2022-09-03,18,KERCK1G3_7_B1,KERCK1G3_7_B1,KERCK1G3_7_B1,RTPD,LMP,LMP_PRC,KERCK1G3_7_B1,ALL,1,107.64886,3,116
2022-09-04T01:30:00-00:00,2022-09-04T01:45:00-00:00,2022-09-03,19,KERCK1G3_7_B1,KERCK1G3_7_B1,KERCK1G3_7_B1,RTPD,LMP,LMP_PRC,KERCK1G3_7_B1,ALL,1,190.05116,3,116
2022-09-04T02:30:00-00:00,2022-09-04T02:45:00-00:00,2022-09-03,20,KERCK1G3_7_B1,KERCK1G3_7_B1,KERCK1G3_7_B1,RTPD,LMP,LMP_PRC,KERCK1G3_7_B1,ALL,1,134.01823,3,116
2022-09-04T03:30:00-00:00,2022-09-04T03:45:00-00:00,2022-09-03,21,KERCK1G3_7_B1,KERCK1G3_7_B1,KERCK1G3_7_B1,RTPD,LMP,LMP_PRC,KERCK1G3_7_B1,ALL,1,126.99803,3,116
2022-09-04T04:30:00-00:00,2022-09-04T04:45:00-00:00,2022-09-03,22,KERCK1G3_7_B1,KERCK1G3_7_B1,KERCK1G3_7_B1,RTPD,LMP,LMP_PRC,KERCK1G3_7_B1,ALL,1,140.49782,3,116
2022-09-04T05:30:00-00:00,2022-09-04T05:45:00-00:00,2022-09-03,23,KERCK1G3_7_B1,KERCK1G3_7_B1,KERCK1G3_7_B1,RTPD,LMP,LMP_PRC,KERCK1G3_7_B1,ALL,1,87.60449,3,116
2022-09-04T06:30:00-00:00,2022-09-04T06:45:00-00:00,2022-09-03,24,KERCK1G3_7_B1,KERCK1G3_7_B1,KERCK1G3_7_B1,RTPD,LMP,LMP_PRC,KERCK1G3_7_B1,ALL,1,88.58862,3,116
2022-09-03T07:45:00-00:00,2022-09-03T08:00:00-00:00,2022-09-03,01,KERCK1G3_7_B1,KERCK1G3_7_B1,KERCK1G3_7_B1,RTPD,LMP,LMP_PRC,KERCK1G3_7_B1,ALL,1,73.73354,4,116
2022-09-03T08:45:00-00:00,2022-09-03T09:00:00-00:00,2022-09-03,02,KERCK1G3_7_B1,KERCK1G3_7_B1,KERCK1G3_7_B1,RTPD,LMP,LMP_PRC,KERCK1G3_7_B1,ALL,1,127.19969,4,116
2022-09-03T09:45:00-00:00,2022-09-03T10:00:00-00:00,2022-09-03,03,KERCK1G3_7_B1,KERCK1G3_7_B1,KERCK1G3_7_B1,RTPD,LMP,LMP_PRC,KERCK1G3_7_B1,ALL,1,73.8154,4,116
2022-09-03T10:45:00-00:00,2022-09-03T11:00:00-00:00,2022-09-03,04,KERCK1G3_7_B1,KERCK1G3_7_B1,KERCK1G3_7_B1,RTPD,LMP,LMP_PRC,KERCK1G3_7_B1,ALL,1,269.58905,4,116
2022-09-03T11:45:00-00:00,2022-09-03T12:00:00-00:00,2022-09-03,05,KERCK1G3_7_B1,KERCK1G3_7_B1,KERCK1G3_7_B1,RTPD,LMP,LMP_PRC,KERCK1G3_7_B1,ALL,1,80.54787,4,116
2022-09-03T12:45:00-00:00,2022-09-03T13:00:00-00:00,2022-09-03,06,KERCK1G3_7_B1,KERCK1G3_7_B1,KERCK1G3_7_B1,RTPD,LMP,LMP_PRC,KERCK1G3_7_B1,ALL,1,67.41414,4,116
2022-09-03T13:45:00-00:00,2022-09-03T14:00:00-00:00,2022-09-03,07,KERCK1G3_7_B1,KERCK1G3_7_B1,KERCK1G3_7_B1,RTPD,LMP,LMP_PRC,KERCK1G3_7_B1,ALL,1,81.00013,4,116
2022-09-03T14:45:00-00:00,2022-09-03T15:00:00-00:00,2022-09-03,08,KERCK1G3_7_B1,KERCK1G3_7_B1,KERCK1G3_7_B1,RTPD,LMP,LMP_PRC,KERCK1G3_7_B1,ALL,1,21.2499,4,116
2022-09-03T15:45:00-00:00,2022-09-03T16:00:00-00:00,2022-09-03,09,KERCK1G3_7_B1,KERCK1G3_7_B1,KERCK1G3_7_B1,RTPD,LMP,LMP_PRC,KERCK1G3_7_B1,ALL,1,25.66373,4,116
2022-09-03T16:45:00-00:00,2022-09-03T17:00:00-00:00,2022-09-03,10,KERCK1G3_7_B1,KERCK1G3_7_B1,KERCK1G3_7_B1,RTPD,LMP,LMP_PRC,KERCK1G3_7_B1,ALL,1,50.30076,4,116
2022-09-03T17:45:00-00:00,2022-09-03T18:00:00-00:00,2022-09-03,11,KERCK1G3_7_B1,KERCK1G3_7_B1,KERCK1G3_7_B1,RTPD,LMP,LMP_PRC,KERCK1G3_7_B1,ALL,1,73.49498,4,116
2022-09-03T18:45:00-00:00,2022-09-03T19:00:00-00:00,2022-09-03,12,KERCK1G3_7_B1,KERCK1G3_7_B1,KERCK1G3_7_B1,RTPD,LMP,LMP_PRC,KERCK1G3_7_B1,ALL,1,64.45007,4,116
2022-09-03T19:45:00-00:00,2022-09-03T20:00:00-00:00,2022-09-03,13,KERCK1G3_7_B1,KERCK1G3_7_B1,KERCK1G3_7_B1,RTPD,LMP,LMP_PRC,KERCK1G3_7_B1,ALL,1,0.05292,4,116
2022-09-03T20:45:00-00:00,2022-09-03T21:00:00-00:00,2022-09-03,14,KERCK1G3_7_B1,KERCK1G3_7_B1,KERCK1G3_7_B1,RTPD,LMP,LMP_PRC,KERCK1G3_7_B1,ALL,1,87.24297,4,116
2022-09-03T21:45:00-00:00,2022-09-03T22:00:00-00:00,2022-09-03,15,KERCK1G3_7_B1,KERCK1G3_7_B1,KERCK1G3_7_B1,RTPD,LMP,LMP_PRC,KERCK1G3_7_B1,ALL,1,115.07602,4,116
2022-09-03T22:45:00-00:00,2022-09-03T23:00:00-00:00,2022-09-03,16,KERCK1G3_7_B1,KERCK1G3_7_B1,KERCK1G3_7_B1,RTPD,LMP,LMP_PRC,KERCK1G3_7_B1,ALL,1,128.93771,4,116
2022-09-03T23:45:00-00:00,2022-09-04T00:00:00-00:00,2022-09-03,17,KERCK1G3_7_B1,KERCK1G3_7_B1,KERCK1G3_7_B1,RTPD,LMP,LMP_PRC,KERCK1G3_7_B1,ALL,1,137.3073,4,116
2022-09-04T00:45:00-00:00,2022-09-04T01:00:00-00:00,2022-09-03,18,KERCK1G3_7_B1,KERCK1G3_7_B1,KERCK1G3_7_B1,RTPD,LMP,LMP_PRC,KERCK1G3_7_B1,ALL,1,65.59984,4,116
2022-09-04T01:45:00-00:00,2022-09-04T02:00:00-00:00,2022-09-03,19,KERCK1G3_7_B1,KERCK1G3_7_B1,KERCK1G3_7_B1,RTPD,LMP,LMP_PRC,KERCK1G3_7_B1,ALL,1,450.97858,4,116
2022-09-04T02:45:00-00:00,2022-09-04T03:00:00-00:00,2022-09-03,20,KERCK1G3_7_B1,KERCK1G3_7_B1,KERCK1G3_7_B1,RTPD,LMP,LMP_PRC,KERCK1G3_7_B1,ALL,1,132.9692,4,116
2022-09-04T03:45:00-00:00,2022-09-04T04:00:00-00:00,2022-09-03,21,KERCK1G3_7_B1,KERCK1G3_7_B1,KERCK1G3_7_B1,RTPD,LMP,LMP_PRC,KERCK1G3_7_B1,ALL,1,82.2552,4,116
2022-09-04T04:45:00-00:00,2022-09-04T05:00:00-00:00,2022-09-03,22,KERCK1G3_7_B1,KERCK1G3_7_B1,KERCK1G3_7_B1,RTPD,LMP,LMP_PRC,KERCK1G3_7_B1,ALL,1,139.61926,4,116
2022-09-04T05:45:00-00:00,2022-09-04T06:00:00-00:00,2022-09-03,23,KERCK1G3_7_B1,KERCK1G3_7_B1,KERCK1G3_7_B1,RTPD,LMP,LMP_PRC,KERCK1G3_7_B1,ALL,1,78.5706,4,116
2022-09-04T06:45:00-00:00,2022-09-04T07:00:00-00:00,2022-09-03,24,KERCK1G3_7_B1,KERCK1G3_7_B1,KERCK1G3_7_B1,RTPD,LMP,LMP_PRC,KERCK1G3_7_B1,ALL,1,76.28692,4,116
2022-09-03T07:00:00-00:00,2022-09-03T07:15:00-00:00,2022-09-03,01,KERCK1G3_7_B1,KERCK1G3_7_B1,KERCK1G3_7_B1,RTPD,MCC,LMP_CONG_PRC,KERCK1G3_7_B1,ALL,1,-11.38778,1,117
2022-09-03T08:00:00-00:00,2022-09-03T08:15:00-00:00,2022-09-03,02,KERCK1G3_7_B1,KERCK1G3_7_B1,KERCK1G3_7_B1,RTPD,MCC,LMP_CONG_PRC,KERCK1G3_7_B1,ALL,1,1.38856,1,117
2022-09-03T09:00:00-00:00,2022-09-03T09:15:00-00:00,2022-09-03,03,KERCK1G3_7_B1,KERCK1G3_7_B1,KERCK1G3_7_B1,RTPD,MCC,LMP_CONG_PRC,KERCK1G3_7_B1,ALL,1,39.51181,1,117
2022-09-03T10:00:00-00:00,2022-09-03T10:15:00-00:00,2022-09-03,04,KERCK1G3_7_B1,KERCK1G3_7_B1,KERCK1G3_7_B1,RTPD,MCC,LMP_CONG_PRC,KERCK1G3_7_B1,ALL,1,-10.54675,1,117
2022-09-03T11:00:00-00:00,2022-09-03T11:15:00-00:00,2022-09-03,05,KERCK1G3_7_B1,KERCK1G3_7_B1,KERCK1G3_7_B1,RTPD,MCC,LMP_CONG_PRC,KERCK1G3_7_B1,ALL,1,19.04718,1,117
2022-09-03T12:00:00-00:00,2022-09-03T12:15:00-00:00,2022-09-03,06,KERCK1G3_7_B1,KERCK1G3_7_B1,KERCK1G3_7_B1,RTPD,MCC,LMP_CONG_PRC,KERCK1G3_7_B1,ALL,1,-2.04128,1,117
2022-09-03T13:00:00-00:00,2022-09-03T13:15:00-00:00,2022-09-03,07,KERCK1G3_7_B1,KERCK1G3_7_B1,KERCK1G3_7_B1,RTPD,MCC,LMP_CONG_PRC,KERCK1G3_7_B1,ALL,1,23.2415,1,117
2022-09-03T14:00:00-00:00,2022-09-03T14:15:00-00:00,2022-09-03,08,KERCK1G3_7_B1,KERCK1G3_7_B1,KERCK1G3_7_B1,RTPD,MCC,LMP_CONG_PRC,KERCK1G3_7_B1,ALL,1,40.91875,1,117
2022-09-03T15:00:00-00:00,2022-09-03T15:15:00-00:00,2022-09-03,09,KERCK1G3_7_B1,KERCK1G3_7_B1,KERCK1G3_7_B1,RTPD,MCC,LMP_CONG_PRC,KERCK1G3_7_B1,ALL,1,0,1,117
2022-09-03T16:00:00-00:00,2022-09-03T16:15:00-00:00,2022-09-03,10,KERCK1G3_7_B1,KERCK1G3_7_B1,KERCK1G3_7_B1,RTPD,MCC,LMP_CONG_PRC,KERCK1G3_7_B1,ALL,1,0,1,117
2022-09-03T17:00:00-00:00,2022-09-03T17:15:00-00:00,2022-09-03,11,KERCK1G3_7_B1,KERCK1G3_7_B1,KERCK1G3_7_B1,RTPD,MCC,LMP_CONG_PRC,KERCK1G3_7_B1,ALL,1,0,1,117
2022-09-03T18:00:00-00:00,2022-09-03T18:15:00-00:00,2022-09-03,12,KERCK1G3_7_B1,KERCK1G3_7_B1,KERCK1G3_7_B1,RTPD,MCC,LMP_CONG_PRC,KERCK1G3_7_B1,ALL,1,-7.43682,1,117
2022-09-03T19:00:00-00:00,2022-09-03T19:15:00-00:00,2022-09-03,13,KERCK1G3_7_B1,KERCK1G3_7_B1,KERCK1G3_7_B1,RTPD,MCC,LMP_CONG_PRC,KERCK1G3_7_B1,ALL,1,-47.58126,1,117
2022-09-03T20:00:00-00:00,2022-09-03T20:15:00-00:00,2022-09-03,14,KERCK1G3_7_B1,KERCK1G3_7_B1,KERCK1G3_7_B1,RTPD,MCC,LMP_CONG_PRC,KERCK1G3_7_B1,ALL,1,3.40983,1,117
2022-09-03T21:00:00-00:00,2022-09-03T21:15:00-00:00,2022-09-03,15,KERCK1G3_7_B1,KERCK1G3_7_B1,KERCK1G3_7_B1,RTPD,MCC,LMP_CONG_PRC,KERCK1G3_7_B1,ALL,1,21.02813,1,117
2022-09-03T22:00:00-00:00,2022-09-03T22:15:00-00:00,2022-09-03,16,KERCK1G3_7_B1,KERCK1G3_7_B1,KERCK1G3_7_B1,RTPD,MCC,LMP_CONG_PRC,KERCK1G3_7_B1,ALL,1,49.24186,1,117
2022-09-03T23:00:00-00:00,2022-09-03T23:15:00-00:00,2022-09-03,17,KERCK1G3_7_B1,KERCK1G3_7_B1,KERCK1G3_7_B1,RTPD,MCC,LMP_CONG_PRC,KERCK1G3_7_B1,ALL,1,-9.92765,1,117
2022-09-04T00:00:00-00:00,2022-09-04T00:15:00-00:00,2022-09-03,18,KERCK1G3_7_B1,KERCK1G3_7_B1,KERCK1G3_7_B1,RTPD,MCC,LMP_CONG_PRC,KERCK1G3_7_B1,ALL,1,-22.02915,1,117
2022-09-04T01:00:00-00:00,2022-09-04T01:15:00-00:00,2022-09-03,19,KERCK1G3_7_B1,KERCK1G3_7_B1,KERCK1G3_7_B1,RTPD,MCC,LMP_CONG_PRC,KERCK1G3_7_B1,ALL,1,-75.32469,1,117
2022-09-04T02:00:00-00:00,2022-09-04T02:15:00-00:00,2022-09-03,20,KERCK1G3_7_B1,KERCK1G3_7_B1,KERCK1G3_7_B1,RTPD,MCC,LMP_CONG_PRC,KERCK1G3_7_B1,ALL,1,-7.32409,1,117
2022-09-04T03:00:00-00:00,2022-09-04T03:15:00-00:00,2022-09-03,21,KERCK1G3_7_B1,KERCK1G3_7_B1,KERCK1G3_7_B1,RTPD,MCC,LMP_CONG_PRC,KERCK1G3_7_B1,ALL,1,8.37805,1,117
2022-09-04T04:00:00-00:00,2022-09-04T04:15:00-00:00,2022-09-03,22,KERCK1G3_7_B1,KERCK1G3_7_B1,KERCK1G3_7_B1,RTPD,MCC,LMP_CONG_PRC,KERCK1G3_7_B1,ALL,1,15.18406,1,117
2022-09-04T05:00:00-00:00,2022-09-04T05:15:00-00:00,2022-09-03,23,KERCK1G3_7_B1,KERCK1G3_7_B1,KERCK1G3_7_B1,RTPD,MCC,LMP_CONG_PRC,KERCK1G3_7_B1,ALL,1,-43.36761,1,117
2022-09-04T06:00:00-00:00,2022-09-04T06:15:00-00:00,2022-09-03,24,KERCK1G3_7_B1,KERCK1G3_7_B1,KERCK1G3_7_B1,RTPD,MCC,LMP_CONG_PRC,KERCK1G3_7_B1,ALL,1,-2.63896,1,117
2022-09-03T07:15:00-00:00,2022-09-03T07:30:00-00:00,2022-09-03,01,KERCK1G3_7_B1,KERCK1G3_7_B1,KERCK1G3_7_B1,RTPD,MCC,LMP_CONG_PRC,KERCK1G3_7_B1,ALL,1,-15.31859,2,117
2022-09-03T08:15:00-00:00,2022-09-03T08:30:00-00:00,2022-09-03,02,KERCK1G3_7_B1,KERCK1G3_7_B1,KERCK1G3_7_B1,RTPD,MCC,LMP_CONG_PRC,KERCK1G3_7_B1,ALL,1,42.77095,2,117
2022-09-03T09:15:00-00:00,2022-09-03T09:30:00-00:00,2022-09-03,03,KERCK1G3_7_B1,KERCK1G3_7_B1,KERCK1G3_7_B1,RTPD,MCC,LMP_CONG_PRC,KERCK1G3_7_B1,ALL,1,-10.86242,2,117
2022-09-03T10:15:00-00:00,2022-09-03T10:30:00-00:00,2022-09-03,04,KERCK1G3_7_B1,KERCK1G3_7_B1,KERCK1G3_7_B1,RTPD,MCC,LMP_CONG_PRC,KERCK1G3_7_B1,ALL,1,-12.25081,2,117
2022-09-03T11:15:00-00:00,2022-09-03T11:30:00-00:00,2022-09-03,05,KERCK1G3_7_B1,KERCK1G3_7_B1,KERCK1G3_7_B1,RTPD,MCC,LMP_CONG_PRC,KERCK1G3_7_B1,ALL,1,-3.831,2,117
2022-09-03T12:15:00-00:00,2022-09-03T12:30:00-00:00,2022-09-03,06,KERCK1G3_7_B1,KERCK1G3_7_B1,KERCK1G3_7_B1,RTPD,MCC,LMP_CONG_PRC,KERCK1G3_7_B1,ALL,1,-4.34976,2,117
2022-09-03T13:15:00-00:00,2022-09-03T13:30:00-00:00,2022-09-03,07,KERCK1G3_7_B1,KERCK1G3_7_B1,KERCK1G3_7_B1,RTPD,MCC,LMP_CONG_PRC,KERCK1G3_7_B1,ALL,1,23.46914,2,117
2022-09-03T14:15:00-00:00,2022-09-03T14:30:00-00:00,2022-09-03,08,KERCK1G3_7_B1,KERCK1G3_7_B1,KERCK1G3_7_B1,RTPD,MCC,LMP_CONG_PRC,KERCK1G3_7_B1,ALL,1,71.47944,2,117
2022-09-03T15:15:00-00:00,2022-09-03T15:30:00-00:00,2022-09-03,09,KERCK1G3_7_B1,KERCK1G3_7_B1,KERCK1G3_7_B1,RTPD,MCC,LMP_CONG_PRC,KERCK1G3_7_B1,ALL,1,0,2,117
2022-09-03T16:15:00-00:00,2022-09-03T16:30:00-00:00,2022-09-03,10,KERCK1G3_7_B1,KERCK1G3_7_B1,KERCK1G3_7_B1,RTPD,MCC,LMP_CONG_PRC,KERCK1G3_7_B1,ALL,1,0,2,117
2022-09-03T17:15:00-00:00,2022-09-03T17:30:00-00:00,2022-09-03,11,KERCK1G3_7_B1,KERCK1G3_7_B1,KERCK1G3_7_B1,RTPD,MCC,LMP_CONG_PRC,KERCK1G3_7_B1,ALL,1,0,2,117
2022-09-03T18:15:00-00:00,2022-09-03T18:30:00-00:00,2022-09-03,12,KERCK1G3_7_B1,KERCK1G3_7_B1,KERCK1G3_7_B1,RTPD,MCC,LMP_CONG_PRC,KERCK1G3_7_B1,ALL,1,-2.65674,2,117
2022-09-03T19:15:00-00:00,2022-09-03T19:30:00-00:00,2022-09-03,13,KERCK1G3_7_B1,KERCK1G3_7_B1,KERCK1G3_7_B1,RTPD,MCC,LMP_CONG_PRC,KERCK1G3_7_B1,ALL,1,-52.12658,2,117
2022-09-03T20:15:00-00:00,2022-09-03T20:30:00-00:00,2022-09-03,14,KERCK1G3_7_B1,KERCK1G3_7_B1,KERCK1G3_7_B1,RTPD,MCC,LMP_CONG_PRC,KERCK1G3_7_B1,ALL,1,10.87864,2,117
2022-09-03T21:15:00-00:00,2022-09-03T21:30:00-00:00,2022-09-03,15,KERCK1G3_7_B1,KERCK1G3_7_B1,KERCK1G3_7_B1,RTPD,MCC,LMP_CONG_PRC,KERCK1G3_7_B1,ALL,1,38.63057,2,117
2022-09-03T22:15:00-00:00,2022-09-03T22:30:00-00:00,2022-09-03,16,KERCK1G3_7_B1,KERCK1G3_7_B1,KERCK1G3_7_B1,RTPD,MCC,LMP_CONG_PRC,KERCK1G3_7_B1,ALL,1,36.81436,2,117
2022-09-03T23:15:00-00:00,2022-09-03T23:30:00-00:00,2022-09-03,17,KERCK1G3_7_B1,KERCK1G3_7_B1,KERCK1G3_7_B1,RTPD,MCC,LMP_CONG_PRC,KERCK1G3_7_B1,ALL,1,-22.81005,2,117
2022-09-04T00:15:00-00:00,2022-09-04T00:30:00-00:00,2022-09-03,18,KERCK1G3_7_B1,KERCK1G3_7_B1,KERCK1G3_7_B1,RTPD,MCC,LMP_CONG_PRC,KERCK1G3_7_B1,ALL,1,18.95902,2,117
2022-09-04T01:15:00-00:00,2022-09-04T01:30:00-00:00,2022-09-03,19,KERCK1G3_7_B1,KERCK1G3_7_B1,KERCK1G3_7_B1,RTPD,MCC,LMP_CONG_PRC,KERCK1G3_7_B1,ALL,1,-60.29117,2,117
2022-09-04T02:15:00-00:00,2022-09-04T02:30:00-00:00,2022-09-03,20,KERCK1G3_7_B1,KERCK1G3_7_B1,KERCK1G3_7_B1,RTPD,MCC,LMP_CONG_PRC,KERCK1G3_7_B1,ALL,1,-10.26947,2,117
2022-09-04T03:15:00-00:00,2022-09-04T03:30:00-00:00,2022-09-03,21,KERCK1G3_7_B1,KERCK1G3_7_B1,KERCK1G3_7_B1,RTPD,MCC,LMP_CONG_PRC,KERCK1G3_7_B1,ALL,1,21.87774,2,117
2022-09-04T04:15:00-00:00,2022-09-04T04:30:00-00:00,2022-09-03,22,KERCK1G3_7_B1,KERCK1G3_7_B1,KERCK1G3_7_B1,RTPD,MCC,LMP_CONG_PRC,KERCK1G3_7_B1,ALL,1,15.73169,2,117
2022-09-04T05:15:00-00:00,2022-09-04T05:30:00-00:00,2022-09-03,23,KERCK1G3_7_B1,KERCK1G3_7_B1,KERCK1G3_7_B1,RTPD,MCC,LMP_CONG_PRC,KERCK1G3_7_B1,ALL,1,-34.96168,2,117
2022-09-04T06:15:00-00:00,2022-09-04T06:30:00-00:00,2022-09-03,24,KERCK1G3_7_B1,KERCK1G3_7_B1,KERCK1G3_7_B1,RTPD,MCC,LMP_CONG_PRC,KERCK1G3_7_B1,ALL,1,-8.3899,2,117
2022-09-03T07:30:00-00:00,2022-09-03T07:45:00-00:00,2022-09-03,01,KERCK1G3_7_B1,KERCK1G3_7_B1,KERCK1G3_7_B1,RTPD,MCC,LMP_CONG_PRC,KERCK1G3_7_B1,ALL,1,-13.14661,3,117
2022-09-03T08:30:00-00:00,2022-09-03T08:45:00-00:00,2022-09-03,02,KERCK1G3_7_B1,KERCK1G3_7_B1,KERCK1G3_7_B1,RTPD,MCC,LMP_CONG_PRC,KERCK1G3_7_B1,ALL,1,40.1721,3,117
2022-09-03T09:30:00-00:00,2022-09-03T09:45:00-00:00,2022-09-03,03,KERCK1G3_7_B1,KERCK1G3_7_B1,KERCK1G3_7_B1,RTPD,MCC,LMP_CONG_PRC,KERCK1G3_7_B1,ALL,1,-15.1179,3,117
2022-09-03T10:30:00-00:00,2022-09-03T10:45:00-00:00,2022-09-03,04,KERCK1G3_7_B1,KERCK1G3_7_B1,KERCK1G3_7_B1,RTPD,MCC,LMP_CONG_PRC,KERCK1G3_7_B1,ALL,1,-11.68532,3,117
2022-09-03T11:30:00-00:00,2022-09-03T11:45:00-00:00,2022-09-03,05,KERCK1G3_7_B1,KERCK1G3_7_B1,KERCK1G3_7_B1,RTPD,MCC,LMP_CONG_PRC,KERCK1G3_7_B1,ALL,1,47.56123,3,117
2022-09-03T12:30:00-00:00,2022-09-03T12:45:00-00:00,2022-09-03,06,KERCK1G3_7_B1,KERCK1G3_7_B1,KERCK1G3_7_B1,RTPD,MCC,LMP_CONG_PRC,KERCK1G3_7_B1,ALL,1,-5.80612,3,117
2022-09-03T13:30:00-00:00,2022-09-03T13:45:00-00:00,2022-09-03,07,KERCK1G3_7_B1,KERCK1G3_7_B1,KERCK1G3_7_B1,RTPD,MCC,LMP_CONG_PRC,KERCK1G3_7_B1,ALL,1,22.40492,3,117
2022-09-03T14:30:00-00:00,2022-09-03T14:45:00-00:00,2022-09-03,08,KERCK1G3_7_B1,KERCK1G3_7_B1,KERCK1G3_7_B1,RTPD,MCC,LMP_CONG_PRC,KERCK1G3_7_B1,ALL,1,32.92372,3,117
2022-09-03T15:30:00-00:00,2022-09-03T15:45:00-00:00,2022-09-03,09,KERCK1G3_7_B1,KERCK1G3_7_B1,KERCK1G3_7_B1,RTPD,MCC,LMP_CONG_PRC,KERCK1G3_7_B1,ALL,1,0,3,117
2022-09-03T16:30:00-00:00,2022-09-03T16:45:00-00:00,2022-09-03,10,KERCK1G3_7_B1,KERCK1G3_7_B1,KERCK1G3_7_B1,RTPD,MCC,LMP_CONG_PRC,KERCK1G3_7_B1,ALL,1,0,3,117
2022-09-03T17:30:00-00:00,2022-09-03T17:45:00-00:00,2022-09-03,11,KERCK1G3_7_B1,KERCK1G3_7_B1,KERCK1G3_7_B1,RTPD,MCC,LMP_CONG_PRC,KERCK1G3_7_B1,ALL,1,0,3,117
2022-09-03T18:30:00-00:00,2022-09-03T18:45:00-00:00,2022-09-03,12,KERCK1G3_7_B1,KERCK1G3_7_B1,KERCK1G3_7_B1,RTPD,MCC,LMP_CONG_PRC,KERCK1G3_7_B1,ALL,1,-5.30508,3,117
2022-09-03T19:30:00-00:00,2022-09-03T19:45:00-00:00,2022-09-03,13,KERCK1G3_7_B1,KERCK1G3_7_B1,KERCK1G3_7_B1,RTPD,MCC,LMP_CONG_PRC,KERCK1G3_7_B1,ALL,1,-70.49916,3,117
2022-09-03T20:30:00-00:00,2022-09-03T20:45:00-00:00,2022-09-03,14,KERCK1G3_7_B1,KERCK1G3_7_B1,KERCK1G3_7_B1,RTPD,MCC,LMP_CONG_PRC,KERCK1G3_7_B1,ALL,1,16.69087,3,117
2022-09-03T21:30:00-00:00,2022-09-03T21:45:00-00:00,2022-09-03,15,KERCK1G3_7_B1,KERCK1G3_7_B1,KERCK1G3_7_B1,RTPD,MCC,LMP_CONG_PRC,KERCK1G3_7_B1,ALL,1,35.29154,3,117
2022-09-03T22:30:00-00:00,2022-09-03T22:45:00-00:00,2022-09-03,16,KERCK1G3_7_B1,KERCK1G3_7_B1,KERCK1G3_7_B1,RTPD,MCC,LMP_CONG_PRC,KERCK1G3_7_B1,ALL,1,-2.95262,3,117
2022-09-03T23:30:00-00:00,2022-09-03T23:45:00-00:00,2022-09-03,17,KERCK1G3_7_B1,KERCK1G3_7_B1,KERCK1G3_7_B1,RTPD,MCC,LMP_CONG_PRC,KERCK1G3_7_B1,ALL,1,-25.08059,3,117
2022-09-04T00:30:00-00:00,2022-09-04T00:45:00-00:00,2022-09-03,18,KERCK1G3_7_B1,KERCK1G3_7_B1,KERCK1G3_7_B1,RTPD,MCC,LMP_CONG_PRC,KERCK1G3_7_B1,ALL,1,-27.03816,3,117
2022-09-04T01:30:00-00:00,2022-09-04T01:45:00-00:00,2022-09-03,19,KERCK1G3_7_B1,KERCK1G3_7_B1,KERCK1G3_7_B1,RTPD,MCC,LMP_CONG_PRC,KERCK1G3_7_B1,ALL,1,-259.66006,3,117
2022-09-04T02:30:00-00:00,2022-09-04T02:45:00-00:00,2022-09-03,20,KERCK1G3_7_B1,KERCK1G3_7_B1,KERCK1G3_7_B1,RTPD,MCC,LMP_CONG_PRC,KERCK1G3_7_B1,ALL,1,1.65341,3,117
2022-09-04T03:30:00-00:00,2022-09-04T03:45:00-00:00,2022-09-03,21,KERCK1G3_7_B1,KERCK1G3_7_B1,KERCK1G3_7_B1,RTPD,MCC,LMP_CONG_PRC,KERCK1G3_7_B1,ALL,1,24.82489,3,117
2022-09-04T04:30:00-00:00,2022-09-04T04:45:00-00:00,2022-09-03,22,KERCK1G3_7_B1,KERCK1G3_7_B1,KERCK1G3_7_B1,RTPD,MCC,LMP_CONG_PRC,KERCK1G3_7_B1,ALL,1,27.10216,3,117
2022-09-04T05:30:00-00:00,2022-09-04T05:45:00-00:00,2022-09-03,23,KERCK1G3_7_B1,KERCK1G3_7_B1,KERCK1G3_7_B1,RTPD,MCC,LMP_CONG_PRC,KERCK1G3_7_B1,ALL,1,-38.62947,3,117
2022-09-04T06:30:00-00:00,2022-09-04T06:45:00-00:00,2022-09-03,24,KERCK1G3_7_B1,KERCK1G3_7_B1,KERCK1G3_7_B1,RTPD,MCC,LMP_CONG_PRC,KERCK1G3_7_B1,ALL,1,-16.24308,3,117
2022-09-03T07:45:00-00:00,2022-09-03T08:00:00-00:00,2022-09-03,01,KERCK1G3_7_B1,KERCK1G3_7_B1,KERCK1G3_7_B1,RTPD,MCC,LMP_CONG_PRC,KERCK1G3_7_B1,ALL,1,-9.79864,4,117
2022-09-03T08:45:00-00:00,2022-09-03T09:00:00-00:00,2022-09-03,02,KERCK1G3_7_B1,KERCK1G3_7_B1,KERCK1G3_7_B1,RTPD,MCC,LMP_CONG_PRC,KERCK1G3_7_B1,ALL,1,32.30197,4,117
2022-09-03T09:45:00-00:00,2022-09-03T10:00:00-00:00,2022-09-03,03,KERCK1G3_7_B1,KERCK1G3_7_B1,KERCK1G3_7_B1,RTPD,MCC,LMP_CONG_PRC,KERCK1G3_7_B1,ALL,1,-12.01628,4,117
2022-09-03T10:45:00-00:00,2022-09-03T11:00:00-00:00,2022-09-03,04,KERCK1G3_7_B1,KERCK1G3_7_B1,KERCK1G3_7_B1,RTPD,MCC,LMP_CONG_PRC,KERCK1G3_7_B1,ALL,1,178.29489,4,117
2022-09-03T11:45:00-00:00,2022-09-03T12:00:00-00:00,2022-09-03,05,KERCK1G3_7_B1,KERCK1G3_7_B1,KERCK1G3_7_B1,RTPD,MCC,LMP_CONG_PRC,KERCK1G3_7_B1,ALL,1,1.93567,4,117
2022-09-03T12:45:00-00:00,2022-09-03T13:00:00-00:00,2022-09-03,06,KERCK1G3_7_B1,KERCK1G3_7_B1,KERCK1G3_7_B1,RTPD,MCC,LMP_CONG_PRC,KERCK1G3_7_B1,ALL,1,-7.55998,4,117
2022-09-03T13:45:00-00:00,2022-09-03T14:00:00-00:00,2022-09-03,07,KERCK1G3_7_B1,KERCK1G3_7_B1,KERCK1G3_7_B1,RTPD,MCC,LMP_CONG_PRC,KERCK1G3_7_B1,ALL,1,29.33504,4,117
2022-09-03T14:45:00-00:00,2022-09-03T15:00:00-00:00,2022-09-03,08,KERCK1G3_7_B1,KERCK1G3_7_B1,KERCK1G3_7_B1,RTPD,MCC,LMP_CONG_PRC,KERCK1G3_7_B1,ALL,1,0.00113,4,117
2022-09-03T15:45:00-00:00,2022-09-03T16:00:00-00:00,2022-09-03,09,KERCK1G3_7_B1,KERCK1G3_7_B1,KERCK1G3_7_B1,RTPD,MCC,LMP_CONG_PRC,KERCK1G3_7_B1,ALL,1,0,4,117
2022-09-03T16:45:00-00:00,2022-09-03T17:00:00-00:00,2022-09-03,10,KERCK1G3_7_B1,KERCK1G3_7_B1,KERCK1G3_7_B1,RTPD,MCC,LMP_CONG_PRC,KERCK1G3_7_B1,ALL,1,0,4,117
2022-09-03T17:45:00-00:00,2022-09-03T18:00:00-00:00,2022-09-03,11,KERCK1G3_7_B1,KERCK1G3_7_B1,KERCK1G3_7_B1,RTPD,MCC,LMP_CONG_PRC,KERCK1G3_7_B1,ALL,1,-2.18409,4,117
2022-09-03T18:45:00-00:00,2022-09-03T19:00:00-00:00,2022-09-03,12,KERCK1G3_7_B1,KERCK1G3_7_B1,KERCK1G3_7_B1,RTPD,MCC,LMP_CONG_PRC,KERCK1G3_7_B1,ALL,1,-8.6824,4,117
2022-09-03T19:45:00-00:00,2022-09-03T20:00:00-00:00,2022-09-03,13,KERCK1G3_7_B1,KERCK1G3_7_B1,KERCK1G3_7_B1,RTPD,MCC,LMP_CONG_PRC,KERCK1G3_7_B1,ALL,1,-73.64057,4,117
2022-09-03T20:45:00-00:00,2022-09-03T21:00:00-00:00,2022-09-03,14,KERCK1G3_7_B1,KERCK1G3_7_B1,KERCK1G3_7_B1,RTPD,MCC,LMP_CONG_PRC,KERCK1G3_7_B1,ALL,1,18.76448,4,117
2022-09-03T21:45:00-00:00,2022-09-03T22:00:00-00:00,2022-09-03,15,KERCK1G3_7_B1,KERCK1G3_7_B1,KERCK1G3_7_B1,RTPD,MCC,LMP_CONG_PRC,KERCK1G3_7_B1,ALL,1,45.69397,4,117
2022-09-03T22:45:00-00:00,2022-09-03T23:00:00-00:00,2022-09-03,16,KERCK1G3_7_B1,KERCK1G3_7_B1,KERCK1G3_7_B1,RTPD,MCC,LMP_CONG_PRC,KERCK1G3_7_B1,ALL,1,3.49305,4,117
2022-09-03T23:45:00-00:00,2022-09-04T00:00:00-00:00,2022-09-03,17,KERCK1G3_7_B1,KERCK1G3_7_B1,KERCK1G3_7_B1,RTPD,MCC,LMP_CONG_PRC,KERCK1G3_7_B1,ALL,1,10.37064,4,117
2022-09-04T00:45:00-00:00,2022-09-04T01:00:00-00:00,2022-09-03,18,KERCK1G3_7_B1,KERCK1G3_7_B1,KERCK1G3_7_B1,RTPD,MCC,LMP_CONG_PRC,KERCK1G3_7_B1,ALL,1,-192.48299,4,117
2022-09-04T01:45:00-00:00,2022-09-04T02:00:00-00:00,2022-09-03,19,KERCK1G3_7_B1,KERCK1G3_7_B1,KERCK1G3_7_B1,RTPD,MCC,LMP_CONG_PRC,KERCK1G3_7_B1,ALL,1,54.63935,4,117
2022-09-04T02:45:00-00:00,2022-09-04T03:00:00-00:00,2022-09-03,20,KERCK1G3_7_B1,KERCK1G3_7_B1,KERCK1G3_7_B1,RTPD,MCC,LMP_CONG_PRC,KERCK1G3_7_B1,ALL,1,-8.79717,4,117
2022-09-04T03:45:00-00:00,2022-09-04T04:00:00-00:00,2022-09-03,21,KERCK1G3_7_B1,KERCK1G3_7_B1,KERCK1G3_7_B1,RTPD,MCC,LMP_CONG_PRC,KERCK1G3_7_B1,ALL,1,-10.2422,4,117
2022-09-04T04:45:00-00:00,2022-09-04T05:00:00-00:00,2022-09-03,22,KERCK1G3_7_B1,KERCK1G3_7_B1,KERCK1G3_7_B1,RTPD,MCC,LMP_CONG_PRC,KERCK1G3_7_B1,ALL,1,34.74687,4,117
2022-09-04T05:45:00-00:00,2022-09-04T06:00:00-00:00,2022-09-03,23,KERCK1G3_7_B1,KERCK1G3_7_B1,KERCK1G3_7_B1,RTPD,MCC,LMP_CONG_PRC,KERCK1G3_7_B1,ALL,1,-31.65483,4,117
2022-09-04T06:45:00-00:00,2022-09-04T07:00:00-00:00,2022-09-03,24,KERCK1G3_7_B1,KERCK1G3_7_B1,KERCK1G3_7_B1,RTPD,MCC,LMP_CONG_PRC,KERCK1G3_7_B1,ALL,1,-19.39436,4,117
2022-09-03T07:00:00-00:00,2022-09-03T07:15:00-00:00,2022-09-03,01,KERCK1G3_7_B1,KERCK1G3_7_B1,KERCK1G3_7_B1,RTPD,MCE,LMP_ENE_PRC,KERCK1G3_7_B1,ALL,1,95.21526,1,118
2022-09-03T08:00:00-00:00,2022-09-03T08:15:00-00:00,2022-09-03,02,KERCK1G3_7_B1,KERCK1G3_7_B1,KERCK1G3_7_B1,RTPD,MCE,LMP_ENE_PRC,KERCK1G3_7_B1,ALL,1,87.28334,1,118
2022-09-03T09:00:00-00:00,2022-09-03T09:15:00-00:00,2022-09-03,03,KERCK1G3_7_B1,KERCK1G3_7_B1,KERCK1G3_7_B1,RTPD,MCE,LMP_ENE_PRC,KERCK1G3_7_B1,ALL,1,83.66355,1,118
2022-09-03T10:00:00-00:00,2022-09-03T10:15:00-00:00,2022-09-03,04,KERCK1G3_7_B1,KERCK1G3_7_B1,KERCK1G3_7_B1,RTPD,MCE,LMP_ENE_PRC,KERCK1G3_7_B1,ALL,1,78.01908,1,118
2022-09-03T11:00:00-00:00,2022-09-03T11:15:00-00:00,2022-09-03,05,KERCK1G3_7_B1,KERCK1G3_7_B1,KERCK1G3_7_B1,RTPD,MCE,LMP_ENE_PRC,KERCK1G3_7_B1,ALL,1,75.01707,1,118
2022-09-03T12:00:00-00:00,2022-09-03T12:15:00-00:00,2022-09-03,06,KERCK1G3_7_B1,KERCK1G3_7_B1,KERCK1G3_7_B1,RTPD,MCE,LMP_ENE_PRC,KERCK1G3_7_B1,ALL,1,69.78732,1,118
2022-09-03T13:00:00-00:00,2022-09-03T13:15:00-00:00,2022-09-03,07,KERCK1G3_7_B1,KERCK1G3_7_B1,KERCK1G3_7_B1,RTPD,MCE,LMP_ENE_PRC,KERCK1G3_7_B1,ALL,1,60.44229,1,118
2022-09-03T14:00:00-00:00,2022-09-03T14:15:00-00:00,2022-09-03,08,KERCK1G3_7_B1,KERCK1G3_7_B1,KERCK1G3_7_B1,RTPD,MCE,LMP_ENE_PRC,KERCK1G3_7_B1,ALL,1,41.05574,1,118
2022-09-03T15:00:00-00:00,2022-09-03T15:15:00-00:00,2022-09-03,09,KERCK1G3_7_B1,KERCK1G3_7_B1,KERCK1G3_7_B1,RTPD,MCE,LMP_ENE_PRC,KERCK1G3_7_B1,ALL,1,25.73144,1,118
2022-09-03T16:00:00-00:00,2022-09-03T16:15:00-00:00,2022-09-03,10,KERCK1G3_7_B1,KERCK1G3_7_B1,KERCK1G3_7_B1,RTPD,MCE,LMP_ENE_PRC,KERCK1G3_7_B1,ALL,1,28.48087,1,118
2022-09-03T17:00:00-00:00,2022-09-03T17:15:00-00:00,2022-09-03,11,KERCK1G3_7_B1,KERCK1G3_7_B1,KERCK1G3_7_B1,RTPD,MCE,LMP_ENE_PRC,KERCK1G3_7_B1,ALL,1,51.7991,1,118
2022-09-03T18:00:00-00:00,2022-09-03T18:15:00-00:00,2022-09-03,12,KERCK1G3_7_B1,KERCK1G3_7_B1,KERCK1G3_7_B1,RTPD,MCE,LMP_ENE_PRC,KERCK1G3_7_B1,ALL,1,66.18183,1,118
2022-09-03T19:00:00-00:00,2022-09-03T19:15:00-00:00,2022-09-03,13,KERCK1G3_7_B1,KERCK1G3_7_B1,KERCK1G3_7_B1,RTPD,MCE,LMP_ENE_PRC,KERCK1G3_7_B1,ALL,1,49.33175,1,118
2022-09-03T20:00:00-00:00,2022-09-03T20:15:00-00:00,2022-09-03,14,KERCK1G3_7_B1,KERCK1G3_7_B1,KERCK1G3_7_B1,RTPD,MCE,LMP_ENE_PRC,KERCK1G3_7_B1,ALL,1,61.97858,1,118
2022-09-03T21:00:00-00:00,2022-09-03T21:15:00-00:00,2022-09-03,15,KERCK1G3_7_B1,KERCK1G3_7_B1,KERCK1G3_7_B1,RTPD,MCE,LMP_ENE_PRC,KERCK1G3_7_B1,ALL,1,48.58929,1,118
2022-09-03T22:00:00-00:00,2022-09-03T22:15:00-00:00,2022-09-03,16,KERCK1G3_7_B1,KERCK1G3_7_B1,KERCK1G3_7_B1,RTPD,MCE,LMP_ENE_PRC,KERCK1G3_7_B1,ALL,1,56.82881,1,118
2022-09-03T23:00:00-00:00,2022-09-03T23:15:00-00:00,2022-09-03,17,KERCK1G3_7_B1,KERCK1G3_7_B1,KERCK1G3_7_B1,RTPD,MCE,LMP_ENE_PRC,KERCK1G3_7_B1,ALL,1,71.87635,1,118
2022-09-04T00:00:00-00:00,2022-09-04T00:15:00-00:00,2022-09-03,18,KERCK1G3_7_B1,KERCK1G3_7_B1,KERCK1G3_7_B1,RTPD,MCE,LMP_ENE_PRC,KERCK1G3_7_B1,ALL,1,89.65697,1,118
2022-09-04T01:00:00-00:00,2022-09-04T01:15:00-00:00,2022-09-03,19,KERCK1G3_7_B1,KERCK1G3_7_B1,KERCK1G3_7_B1,RTPD,MCE,LMP_ENE_PRC,KERCK1G3_7_B1,ALL,1,154.23135,1,118
2022-09-04T02:00:00-00:00,2022-09-04T02:15:00-00:00,2022-09-03,20,KERCK1G3_7_B1,KERCK1G3_7_B1,KERCK1G3_7_B1,RTPD,MCE,LMP_ENE_PRC,KERCK1G3_7_B1,ALL,1,112.79788,1,118
2022-09-04T03:00:00-00:00,2022-09-04T03:15:00-00:00,2022-09-03,21,KERCK1G3_7_B1,KERCK1G3_7_B1,KERCK1G3_7_B1,RTPD,MCE,LMP_ENE_PRC,KERCK1G3_7_B1,ALL,1,114.10546,1,118
2022-09-04T04:00:00-00:00,2022-09-04T04:15:00-00:00,2022-09-03,22,KERCK1G3_7_B1,KERCK1G3_7_B1,KERCK1G3_7_B1,RTPD,MCE,LMP_ENE_PRC,KERCK1G3_7_B1,ALL,1,110.78377,1,118
2022-09-04T05:00:00-00:00,2022-09-04T05:15:00-00:00,2022-09-03,23,KERCK1G3_7_B1,KERCK1G3_7_B1,KERCK1G3_7_B1,RTPD,MCE,LMP_ENE_PRC,KERCK1G3_7_B1,ALL,1,126.90499,1,118
2022-09-04T06:00:00-00:00,2022-09-04T06:15:00-00:00,2022-09-03,24,KERCK1G3_7_B1,KERCK1G3_7_B1,KERCK1G3_7_B1,RTPD,MCE,LMP_ENE_PRC,KERCK1G3_7_B1,ALL,1,104.78344,1,118
2022-09-03T07:15:00-00:00,2022-09-03T07:30:00-00:00,2022-09-03,01,KERCK1G3_7_B1,KERCK1G3_7_B1,KERCK1G3_7_B1,RTPD,MCE,LMP_ENE_PRC,KERCK1G3_7_B1,ALL,1,92.27523,2,118
2022-09-03T08:15:00-00:00,2022-09-03T08:30:00-00:00,2022-09-03,02,KERCK1G3_7_B1,KERCK1G3_7_B1,KERCK1G3_7_B1,RTPD,MCE,LMP_ENE_PRC,KERCK1G3_7_B1,ALL,1,86.08077,2,118
2022-09-03T09:15:00-00:00,2022-09-03T09:30:00-00:00,2022-09-03,03,KERCK1G3_7_B1,KERCK1G3_7_B1,KERCK1G3_7_B1,RTPD,MCE,LMP_ENE_PRC,KERCK1G3_7_B1,ALL,1,81.52448,2,118
2022-09-03T10:15:00-00:00,2022-09-03T10:30:00-00:00,2022-09-03,04,KERCK1G3_7_B1,KERCK1G3_7_B1,KERCK1G3_7_B1,RTPD,MCE,LMP_ENE_PRC,KERCK1G3_7_B1,ALL,1,76.07778,2,118
2022-09-03T11:15:00-00:00,2022-09-03T11:30:00-00:00,2022-09-03,05,KERCK1G3_7_B1,KERCK1G3_7_B1,KERCK1G3_7_B1,RTPD,MCE,LMP_ENE_PRC,KERCK1G3_7_B1,ALL,1,70.31505,2,118
2022-09-03T12:15:00-00:00,2022-09-03T12:30:00-00:00,2022-09-03,06,KERCK1G3_7_B1,KERCK1G3_7_B1,KERCK1G3_7_B1,RTPD,MCE,LMP_ENE_PRC,KERCK1G3_7_B1,ALL,1,70.02316,2,118
2022-09-03T13:15:00-00:00,2022-09-03T13:30:00-00:00,2022-09-03,07,KERCK1G3_7_B1,KERCK1G3_7_B1,KERCK1G3_7_B1,RTPD,MCE,LMP_ENE_PRC,KERCK1G3_7_B1,ALL,1,58.94546,2,118
2022-09-03T14:15:00-00:00,2022-09-03T14:30:00-00:00,2022-09-03,08,KERCK1G3_7_B1,KERCK1G3_7_B1,KERCK1G3_7_B1,RTPD,MCE,LMP_ENE_PRC,KERCK1G3_7_B1,ALL,1,36.88333,2,118
2022-09-03T15:15:00-00:00,2022-09-03T15:30:00-00:00,2022-09-03,09,KERCK1G3_7_B1,KERCK1G3_7_B1,KERCK1G3_7_B1,RTPD,MCE,LMP_ENE_PRC,KERCK1G3_7_B1,ALL,1,25.63309,2,118
2022-09-03T16:15:00-00:00,2022-09-03T16:30:00-00:00,2022-09-03,10,KERCK1G3_7_B1,KERCK1G3_7_B1,KERCK1G3_7_B1,RTPD,MCE,LMP_ENE_PRC,KERCK1G3_7_B1,ALL,1,28.35578,2,118
2022-09-03T17:15:00-00:00,2022-09-03T17:30:00-00:00,2022-09-03,11,KERCK1G3_7_B1,KERCK1G3_7_B1,KERCK1G3_7_B1,RTPD,MCE,LMP_ENE_PRC,KERCK1G3_7_B1,ALL,1,62.78814,2,118
2022-09-03T18:15:00-00:00,2022-09-03T18:30:00-00:00,2022-09-03,12,KERCK1G3_7_B1,KERCK1G3_7_B1,KERCK1G3_7_B1,RTPD,MCE,LMP_ENE_PRC,KERCK1G3_7_B1,ALL,1,69.64405,2,118
2022-09-03T19:15:00-00:00,2022-09-03T19:30:00-00:00,2022-09-03,13,KERCK1G3_7_B1,KERCK1G3_7_B1,KERCK1G3_7_B1,RTPD,MCE,LMP_ENE_PRC,KERCK1G3_7_B1,ALL,1,55.44478,2,118
2022-09-03T20:15:00-00:00,2022-09-03T20:30:00-00:00,2022-09-03,14,KERCK1G3_7_B1,KERCK1G3_7_B1,KERCK1G3_7_B1,RTPD,MCE,LMP_ENE_PRC,KERCK1G3_7_B1,ALL,1,61.55304,2,118
2022-09-03T21:15:00-00:00,2022-09-03T21:30:00-00:00,2022-09-03,15,KERCK1G3_7_B1,KERCK1G3_7_B1,KERCK1G3_7_B1,RTPD,MCE,LMP_ENE_PRC,KERCK1G3_7_B1,ALL,1,53.762,2,118
2022-09-03T22:15:00-00:00,2022-09-03T22:30:00-00:00,2022-09-03,16,KERCK1G3_7_B1,KERCK1G3_7_B1,KERCK1G3_7_B1,RTPD,MCE,LMP_ENE_PRC,KERCK1G3_7_B1,ALL,1,70.72961,2,118
2022-09-03T23:15:00-00:00,2022-09-03T23:30:00-00:00,2022-09-03,17,KERCK1G3_7_B1,KERCK1G3_7_B1,KERCK1G3_7_B1,RTPD,MCE,LMP_ENE_PRC,KERCK1G3_7_B1,ALL,1,86.75099,2,118
2022-09-04T00:15:00-00:00,2022-09-04T00:30:00-00:00,2022-09-03,18,KERCK1G3_7_B1,KERCK1G3_7_B1,KERCK1G3_7_B1,RTPD,MCE,LMP_ENE_PRC,KERCK1G3_7_B1,ALL,1,102.50471,2,118
2022-09-04T01:15:00-00:00,2022-09-04T01:30:00-00:00,2022-09-03,19,KERCK1G3_7_B1,KERCK1G3_7_B1,KERCK1G3_7_B1,RTPD,MCE,LMP_ENE_PRC,KERCK1G3_7_B1,ALL,1,212.54434,2,118
2022-09-04T02:15:00-00:00,2022-09-04T02:30:00-00:00,2022-09-03,20,KERCK1G3_7_B1,KERCK1G3_7_B1,KERCK1G3_7_B1,RTPD,MCE,LMP_ENE_PRC,KERCK1G3_7_B1,ALL,1,130.70084,2,118
2022-09-04T03:15:00-00:00,2022-09-04T03:30:00-00:00,2022-09-03,21,KERCK1G3_7_B1,KERCK1G3_7_B1,KERCK1G3_7_B1,RTPD,MCE,LMP_ENE_PRC,KERCK1G3_7_B1,ALL,1,95.34308,2,118
2022-09-04T04:15:00-00:00,2022-09-04T04:30:00-00:00,2022-09-03,22,KERCK1G3_7_B1,KERCK1G3_7_B1,KERCK1G3_7_B1,RTPD,MCE,LMP_ENE_PRC,KERCK1G3_7_B1,ALL,1,109.32287,2,118
2022-09-04T05:15:00-00:00,2022-09-04T05:30:00-00:00,2022-09-03,23,KERCK1G3_7_B1,KERCK1G3_7_B1,KERCK1G3_7_B1,RTPD,MCE,LMP_ENE_PRC,KERCK1G3_7_B1,ALL,1,116.98954,2,118
2022-09-04T06:15:00-00:00,2022-09-04T06:30:00-00:00,2022-09-03,24,KERCK1G3_7_B1,KERCK1G3_7_B1,KERCK1G3_7_B1,RTPD,MCE,LMP_ENE_PRC,KERCK1G3_7_B1,ALL,1,96.51392,2,118
2022-09-03T07:30:00-00:00,2022-09-03T07:45:00-00:00,2022-09-03,01,KERCK1G3_7_B1,KERCK1G3_7_B1,KERCK1G3_7_B1,RTPD,MCE,LMP_ENE_PRC,KERCK1G3_7_B1,ALL,1,89.3035,3,118
2022-09-03T08:30:00-00:00,2022-09-03T08:45:00-00:00,2022-09-03,02,KERCK1G3_7_B1,KERCK1G3_7_B1,KERCK1G3_7_B1,RTPD,MCE,LMP_ENE_PRC,KERCK1G3_7_B1,ALL,1,84.37487,3,118
2022-09-03T09:30:00-00:00,2022-09-03T09:45:00-00:00,2022-09-03,03,KERCK1G3_7_B1,KERCK1G3_7_B1,KERCK1G3_7_B1,RTPD,MCE,LMP_ENE_PRC,KERCK1G3_7_B1,ALL,1,78.67165,3,118
2022-09-03T10:30:00-00:00,2022-09-03T10:45:00-00:00,2022-09-03,04,KERCK1G3_7_B1,KERCK1G3_7_B1,KERCK1G3_7_B1,RTPD,MCE,LMP_ENE_PRC,KERCK1G3_7_B1,ALL,1,74.63704,3,118
2022-09-03T11:30:00-00:00,2022-09-03T11:45:00-00:00,2022-09-03,05,KERCK1G3_7_B1,KERCK1G3_7_B1,KERCK1G3_7_B1,RTPD,MCE,LMP_ENE_PRC,KERCK1G3_7_B1,ALL,1,72.79705,3,118
2022-09-03T12:30:00-00:00,2022-09-03T12:45:00-00:00,2022-09-03,06,KERCK1G3_7_B1,KERCK1G3_7_B1,KERCK1G3_7_B1,RTPD,MCE,LMP_ENE_PRC,KERCK1G3_7_B1,ALL,1,71.64459,3,118
2022-09-03T13:30:00-00:00,2022-09-03T13:45:00-00:00,2022-09-03,07,KERCK1G3_7_B1,KERCK1G3_7_B1,KERCK1G3_7_B1,RTPD,MCE,LMP_ENE_PRC,KERCK1G3_7_B1,ALL,1,58.60193,3,118
2022-09-03T14:30:00-00:00,2022-09-03T14:45:00-00:00,2022-09-03,08,KERCK1G3_7_B1,KERCK1G3_7_B1,KERCK1G3_7_B1,RTPD,MCE,LMP_ENE_PRC,KERCK1G3_7_B1,ALL,1,35.09087,3,118
2022-09-03T15:30:00-00:00,2022-09-03T15:45:00-00:00,2022-09-03,09,KERCK1G3_7_B1,KERCK1G3_7_B1,KERCK1G3_7_B1,RTPD,MCE,LMP_ENE_PRC,KERCK1G3_7_B1,ALL,1,24.86074,3,118
2022-09-03T16:30:00-00:00,2022-09-03T16:45:00-00:00,2022-09-03,10,KERCK1G3_7_B1,KERCK1G3_7_B1,KERCK1G3_7_B1,RTPD,MCE,LMP_ENE_PRC,KERCK1G3_7_B1,ALL,1,27.53581,3,118
2022-09-03T17:30:00-00:00,2022-09-03T17:45:00-00:00,2022-09-03,11,KERCK1G3_7_B1,KERCK1G3_7_B1,KERCK1G3_7_B1,RTPD,MCE,LMP_ENE_PRC,KERCK1G3_7_B1,ALL,1,63.76433,3,118
2022-09-03T18:30:00-00:00,2022-09-03T18:45:00-00:00,2022-09-03,12,KERCK1G3_7_B1,KERCK1G3_7_B1,KERCK1G3_7_B1,RTPD,MCE,LMP_ENE_PRC,KERCK1G3_7_B1,ALL,1,73.72509,3,118
2022-09-03T19:30:00-00:00,2022-09-03T19:45:00-00:00,2022-09-03,13,KERCK1G3_7_B1,KERCK1G3_7_B1,KERCK1G3_7_B1,RTPD,MCE,LMP_ENE_PRC,KERCK1G3_7_B1,ALL,1,70.11451,3,118
2022-09-03T20:30:00-00:00,2022-09-03T20:45:00-00:00,2022-09-03,14,KERCK1G3_7_B1,KERCK1G3_7_B1,KERCK1G3_7_B1,RTPD,MCE,LMP_ENE_PRC,KERCK1G3_7_B1,ALL,1,64.79179,3,118
2022-09-03T21:30:00-00:00,2022-09-03T21:45:00-00:00,2022-09-03,15,KERCK1G3_7_B1,KERCK1G3_7_B1,KERCK1G3_7_B1,RTPD,MCE,LMP_ENE_PRC,KERCK1G3_7_B1,ALL,1,59.9647,3,118
2022-09-03T22:30:00-00:00,2022-09-03T22:45:00-00:00,2022-09-03,16,KERCK1G3_7_B1,KERCK1G3_7_B1,KERCK1G3_7_B1,RTPD,MCE,LMP_ENE_PRC,KERCK1G3_7_B1,ALL,1,91.4901,3,118
2022-09-03T23:30:00-00:00,2022-09-03T23:45:00-00:00,2022-09-03,17,KERCK1G3_7_B1,KERCK1G3_7_B1,KERCK1G3_7_B1,RTPD,MCE,LMP_ENE_PRC,KERCK1G3_7_B1,ALL,1,93.43303,3,118
2022-09-04T00:30:00-00:00,2022-09-04T00:45:00-00:00,2022-09-03,18,KERCK1G3_7_B1,KERCK1G3_7_B1,KERCK1G3_7_B1,RTPD,MCE,LMP_ENE_PRC,KERCK1G3_7_B1,ALL,1,123.47544,3,118
2022-09-04T01:30:00-00:00,2022-09-04T01:45:00-00:00,2022-09-03,19,KERCK1G3_7_B1,KERCK1G3_7_B1,KERCK1G3_7_B1,RTPD,MCE,LMP_ENE_PRC,KERCK1G3_7_B1,ALL,1,393.41373,3,118
2022-09-04T02:30:00-00:00,2022-09-04T02:45:00-00:00,2022-09-03,20,KERCK1G3_7_B1,KERCK1G3_7_B1,KERCK1G3_7_B1,RTPD,MCE,LMP_ENE_PRC,KERCK1G3_7_B1,ALL,1,116.43634,3,118
2022-09-04T03:30:00-00:00,2022-09-04T03:45:00-00:00,2022-09-03,21,KERCK1G3_7_B1,KERCK1G3_7_B1,KERCK1G3_7_B1,RTPD,MCE,LMP_ENE_PRC,KERCK1G3_7_B1,ALL,1,91.11213,3,118
2022-09-04T04:30:00-00:00,2022-09-04T04:45:00-00:00,2022-09-03,22,KERCK1G3_7_B1,KERCK1G3_7_B1,KERCK1G3_7_B1,RTPD,MCE,LMP_ENE_PRC,KERCK1G3_7_B1,ALL,1,99.5048,3,118
2022-09-04T05:30:00-00:00,2022-09-04T05:45:00-00:00,2022-09-03,23,KERCK1G3_7_B1,KERCK1G3_7_B1,KERCK1G3_7_B1,RTPD,MCE,LMP_ENE_PRC,KERCK1G3_7_B1,ALL,1,112.62845,3,118
2022-09-04T06:30:00-00:00,2022-09-04T06:45:00-00:00,2022-09-03,24,KERCK1G3_7_B1,KERCK1G3_7_B1,KERCK1G3_7_B1,RTPD,MCE,LMP_ENE_PRC,KERCK1G3_7_B1,ALL,1,93.24175,3,118
2022-09-03T07:45:00-00:00,2022-09-03T08:00:00-00:00,2022-09-03,01,KERCK1G3_7_B1,KERCK1G3_7_B1,KERCK1G3_7_B1,RTPD,MCE,LMP_ENE_PRC,KERCK1G3_7_B1,ALL,1,83.53218,4,118
2022-09-03T08:45:00-00:00,2022-09-03T09:00:00-00:00,2022-09-03,02,KERCK1G3_7_B1,KERCK1G3_7_B1,KERCK1G3_7_B1,RTPD,MCE,LMP_ENE_PRC,KERCK1G3_7_B1,ALL,1,82.09146,4,118
2022-09-03T09:45:00-00:00,2022-09-03T10:00:00-00:00,2022-09-03,03,KERCK1G3_7_B1,KERCK1G3_7_B1,KERCK1G3_7_B1,RTPD,MCE,LMP_ENE_PRC,KERCK1G3_7_B1,ALL,1,74.61678,4,118
2022-09-03T10:45:00-00:00,2022-09-03T11:00:00-00:00,2022-09-03,04,KERCK1G3_7_B1,KERCK1G3_7_B1,KERCK1G3_7_B1,RTPD,MCE,LMP_ENE_PRC,KERCK1G3_7_B1,ALL,1,78.59346,4,118
2022-09-03T11:45:00-00:00,2022-09-03T12:00:00-00:00,2022-09-03,05,KERCK1G3_7_B1,KERCK1G3_7_B1,KERCK1G3_7_B1,RTPD,MCE,LMP_ENE_PRC,KERCK1G3_7_B1,ALL,1,69.7597,4,118
2022-09-03T12:45:00-00:00,2022-09-03T13:00:00-00:00,2022-09-03,06,KERCK1G3_7_B1,KERCK1G3_7_B1,KERCK1G3_7_B1,RTPD,MCE,LMP_ENE_PRC,KERCK1G3_7_B1,ALL,1,67.86831,4,118
2022-09-03T13:45:00-00:00,2022-09-03T14:00:00-00:00,2022-09-03,07,KERCK1G3_7_B1,KERCK1G3_7_B1,KERCK1G3_7_B1,RTPD,MCE,LMP_ENE_PRC,KERCK1G3_7_B1,ALL,1,46.5703,4,118
2022-09-03T14:45:00-00:00,2022-09-03T15:00:00-00:00,2022-09-03,08,KERCK1G3_7_B1,KERCK1G3_7_B1,KERCK1G3_7_B1,RTPD,MCE,LMP_ENE_PRC,KERCK1G3_7_B1,ALL,1,21.24877,4,118
2022-09-03T15:45:00-00:00,2022-09-03T16:00:00-00:00,2022-09-03,09,KERCK1G3_7_B1,KERCK1G3_7_B1,KERCK1G3_7_B1,RTPD,MCE,LMP_ENE_PRC,KERCK1G3_7_B1,ALL,1,23.18314,4,118
2022-09-03T16:45:00-00:00,2022-09-03T17:00:00-00:00,2022-09-03,10,KERCK1G3_7_B1,KERCK1G3_7_B1,KERCK1G3_7_B1,RTPD,MCE,LMP_ENE_PRC,KERCK1G3_7_B1,ALL,1,46.59203,4,118
2022-09-03T17:45:00-00:00,2022-09-03T18:00:00-00:00,2022-09-03,11,KERCK1G3_7_B1,KERCK1G3_7_B1,KERCK1G3_7_B1,RTPD,MCE,LMP_ENE_PRC,KERCK1G3_7_B1,ALL,1,70.00191,4,118
2022-09-03T18:45:00-00:00,2022-09-03T19:00:00-00:00,2022-09-03,12,KERCK1G3_7_B1,KERCK1G3_7_B1,KERCK1G3_7_B1,RTPD,MCE,LMP_ENE_PRC,KERCK1G3_7_B1,ALL,1,73.13248,4,118
2022-09-03T19:45:00-00:00,2022-09-03T20:00:00-00:00,2022-09-03,13,KERCK1G3_7_B1,KERCK1G3_7_B1,KERCK1G3_7_B1,RTPD,MCE,LMP_ENE_PRC,KERCK1G3_7_B1,ALL,1,73.69349,4,118
2022-09-03T20:45:00-00:00,2022-09-03T21:00:00-00:00,2022-09-03,14,KERCK1G3_7_B1,KERCK1G3_7_B1,KERCK1G3_7_B1,RTPD,MCE,LMP_ENE_PRC,KERCK1G3_7_B1,ALL,1,63.90304,4,118
2022-09-03T21:45:00-00:00,2022-09-03T22:00:00-00:00,2022-09-03,15,KERCK1G3_7_B1,KERCK1G3_7_B1,KERCK1G3_7_B1,RTPD,MCE,LMP_ENE_PRC,KERCK1G3_7_B1,ALL,1,66.4579,4,118
2022-09-03T22:45:00-00:00,2022-09-03T23:00:00-00:00,2022-09-03,16,KERCK1G3_7_B1,KERCK1G3_7_B1,KERCK1G3_7_B1,RTPD,MCE,LMP_ENE_PRC,KERCK1G3_7_B1,ALL,1,118.26591,4,118
2022-09-03T23:45:00-00:00,2022-09-04T00:00:00-00:00,2022-09-03,17,KERCK1G3_7_B1,KERCK1G3_7_B1,KERCK1G3_7_B1,RTPD,MCE,LMP_ENE_PRC,KERCK1G3_7_B1,ALL,1,116.80928,4,118
2022-09-04T00:45:00-00:00,2022-09-04T01:00:00-00:00,2022-09-03,18,KERCK1G3_7_B1,KERCK1G3_7_B1,KERCK1G3_7_B1,RTPD,MCE,LMP_ENE_PRC,KERCK1G3_7_B1,ALL,1,258.08282,4,118
2022-09-04T01:45:00-00:00,2022-09-04T02:00:00-00:00,2022-09-03,19,KERCK1G3_7_B1,KERCK1G3_7_B1,KERCK1G3_7_B1,RTPD,MCE,LMP_ENE_PRC,KERCK1G3_7_B1,ALL,1,349.2899,4,118
2022-09-04T02:45:00-00:00,2022-09-04T03:00:00-00:00,2022-09-03,20,KERCK1G3_7_B1,KERCK1G3_7_B1,KERCK1G3_7_B1,RTPD,MCE,LMP_ENE_PRC,KERCK1G3_7_B1,ALL,1,126.7922,4,118
2022-09-04T03:45:00-00:00,2022-09-04T04:00:00-00:00,2022-09-03,21,KERCK1G3_7_B1,KERCK1G3_7_B1,KERCK1G3_7_B1,RTPD,MCE,LMP_ENE_PRC,KERCK1G3_7_B1,ALL,1,83.08399,4,118
2022-09-04T04:45:00-00:00,2022-09-04T05:00:00-00:00,2022-09-03,22,KERCK1G3_7_B1,KERCK1G3_7_B1,KERCK1G3_7_B1,RTPD,MCE,LMP_ENE_PRC,KERCK1G3_7_B1,ALL,1,92.33352,4,118
2022-09-04T05:45:00-00:00,2022-09-04T06:00:00-00:00,2022-09-03,23,KERCK1G3_7_B1,KERCK1G3_7_B1,KERCK1G3_7_B1,RTPD,MCE,LMP_ENE_PRC,KERCK1G3_7_B1,ALL,1,99.18602,4,118
2022-09-04T06:45:00-00:00,2022-09-04T07:00:00-00:00,2022-09-03,24,KERCK1G3_7_B1,KERCK1G3_7_B1,KERCK1G3_7_B1,RTPD,MCE,LMP_ENE_PRC,KERCK1G3_7_B1,ALL,1,85.94384,4,118
2022-09-03T07:00:00-00:00,2022-09-03T07:15:00-00:00,2022-09-03,01,KERCK1G3_7_B1,KERCK1G3_7_B1,KERCK1G3_7_B1,RTPD,MCL,LMP_LOSS_PRC,KERCK1G3_7_B1,ALL,1,15.07258,1,119
2022-09-03T08:00:00-00:00,2022-09-03T08:15:00-00:00,2022-09-03,02,KERCK1G3_7_B1,KERCK1G3_7_B1,KERCK1G3_7_B1,RTPD,MCL,LMP_LOSS_PRC,KERCK1G3_7_B1,ALL,1,0,1,119
2022-09-03T09:00:00-00:00,2022-09-03T09:15:00-00:00,2022-09-03,03,KERCK1G3_7_B1,KERCK1G3_7_B1,KERCK1G3_7_B1,RTPD,MCL,LMP_LOSS_PRC,KERCK1G3_7_B1,ALL,1,0,1,119
2022-09-03T10:00:00-00:00,2022-09-03T10:15:00-00:00,2022-09-03,04,KERCK1G3_7_B1,KERCK1G3_7_B1,KERCK1G3_7_B1,RTPD,MCL,LMP_LOSS_PRC,KERCK1G3_7_B1,ALL,1,0,1,119
2022-09-03T11:00:00-00:00,2022-09-03T11:15:00-00:00,2022-09-03,05,KERCK1G3_7_B1,KERCK1G3_7_B1,KERCK1G3_7_B1,RTPD,MCL,LMP_LOSS_PRC,KERCK1G3_7_B1,ALL,1,0,1,119
2022-09-03T12:00:00-00:00,2022-09-03T12:15:00-00:00,2022-09-03,06,KERCK1G3_7_B1,KERCK1G3_7_B1,KERCK1G3_7_B1,RTPD,MCL,LMP_LOSS_PRC,KERCK1G3_7_B1,ALL,1,0,1,119
2022-09-03T13:00:00-00:00,2022-09-03T13:15:00-00:00,2022-09-03,07,KERCK1G3_7_B1,KERCK1G3_7_B1,KERCK1G3_7_B1,RTPD,MCL,LMP_LOSS_PRC,KERCK1G3_7_B1,ALL,1,0,1,119
2022-09-03T14:00:00-00:00,2022-09-03T14:15:00-00:00,2022-09-03,08,KERCK1G3_7_B1,KERCK1G3_7_B1,KERCK1G3_7_B1,RTPD,MCL,LMP_LOSS_PRC,KERCK1G3_7_B1,ALL,1,0,1,119
2022-09-03T15:00:00-00:00,2022-09-03T15:15:00-00:00,2022-09-03,09,KERCK1G3_7_B1,KERCK1G3_7_B1,KERCK1G3_7_B1,RTPD,MCL,LMP_LOSS_PRC,KERCK1G3_7_B1,ALL,1,3.30134,1,119
2022-09-03T16:00:00-00:00,2022-09-03T16:15:00-00:00,2022-09-03,10,KERCK1G3_7_B1,KERCK1G3_7_B1,KERCK1G3_7_B1,RTPD,MCL,LMP_LOSS_PRC,KERCK1G3_7_B1,ALL,1,2.68575,1,119
2022-09-03T17:00:00-00:00,2022-09-03T17:15:00-00:00,2022-09-03,11,KERCK1G3_7_B1,KERCK1G3_7_B1,KERCK1G3_7_B1,RTPD,MCL,LMP_LOSS_PRC,KERCK1G3_7_B1,ALL,1,4.27343,1,119
2022-09-03T18:00:00-00:00,2022-09-03T18:15:00-00:00,2022-09-03,12,KERCK1G3_7_B1,KERCK1G3_7_B1,KERCK1G3_7_B1,RTPD,MCL,LMP_LOSS_PRC,KERCK1G3_7_B1,ALL,1,4.30182,1,119
2022-09-03T19:00:00-00:00,2022-09-03T19:15:00-00:00,2022-09-03,13,KERCK1G3_7_B1,KERCK1G3_7_B1,KERCK1G3_7_B1,RTPD,MCL,LMP_LOSS_PRC,KERCK1G3_7_B1,ALL,1,1.62795,1,119
2022-09-03T20:00:00-00:00,2022-09-03T20:15:00-00:00,2022-09-03,14,KERCK1G3_7_B1,KERCK1G3_7_B1,KERCK1G3_7_B1,RTPD,MCL,LMP_LOSS_PRC,KERCK1G3_7_B1,ALL,1,4.49964,1,119
2022-09-03T21:00:00-00:00,2022-09-03T21:15:00-00:00,2022-09-03,15,KERCK1G3_7_B1,KERCK1G3_7_B1,KERCK1G3_7_B1,RTPD,MCL,LMP_LOSS_PRC,KERCK1G3_7_B1,ALL,1,3.82884,1,119
2022-09-03T22:00:00-00:00,2022-09-03T22:15:00-00:00,2022-09-03,16,KERCK1G3_7_B1,KERCK1G3_7_B1,KERCK1G3_7_B1,RTPD,MCL,LMP_LOSS_PRC,KERCK1G3_7_B1,ALL,1,2.31293,1,119
2022-09-03T23:00:00-00:00,2022-09-03T23:15:00-00:00,2022-09-03,17,KERCK1G3_7_B1,KERCK1G3_7_B1,KERCK1G3_7_B1,RTPD,MCL,LMP_LOSS_PRC,KERCK1G3_7_B1,ALL,1,5.49854,1,119
2022-09-04T00:00:00-00:00,2022-09-04T00:15:00-00:00,2022-09-03,18,KERCK1G3_7_B1,KERCK1G3_7_B1,KERCK1G3_7_B1,RTPD,MCL,LMP_LOSS_PRC,KERCK1G3_7_B1,ALL,1,7.67464,1,119
2022-09-04T01:00:00-00:00,2022-09-04T01:15:00-00:00,2022-09-03,19,KERCK1G3_7_B1,KERCK1G3_7_B1,KERCK1G3_7_B1,RTPD,MCL,LMP_LOSS_PRC,KERCK1G3_7_B1,ALL,1,23.08843,1,119
2022-09-04T02:00:00-00:00,2022-09-04T02:15:00-00:00,2022-09-03,20,KERCK1G3_7_B1,KERCK1G3_7_B1,KERCK1G3_7_B1,RTPD,MCL,LMP_LOSS_PRC,KERCK1G3_7_B1,ALL,1,14.28021,1,119
2022-09-04T03:00:00-00:00,2022-09-04T03:15:00-00:00,2022-09-03,21,KERCK1G3_7_B1,KERCK1G3_7_B1,KERCK1G3_7_B1,RTPD,MCL,LMP_LOSS_PRC,KERCK1G3_7_B1,ALL,1,14.12626,1,119
2022-09-04T04:00:00-00:00,2022-09-04T04:15:00-00:00,2022-09-03,22,KERCK1G3_7_B1,KERCK1G3_7_B1,KERCK1G3_7_B1,RTPD,MCL,LMP_LOSS_PRC,KERCK1G3_7_B1,ALL,1,16.32953,1,119
2022-09-04T05:00:00-00:00,2022-09-04T05:15:00-00:00,2022-09-03,23,KERCK1G3_7_B1,KERCK1G3_7_B1,KERCK1G3_7_B1,RTPD,MCL,LMP_LOSS_PRC,KERCK1G3_7_B1,ALL,1,17.34791,1,119
2022-09-04T06:00:00-00:00,2022-09-04T06:15:00-00:00,2022-09-03,24,KERCK1G3_7_B1,KERCK1G3_7_B1,KERCK1G3_7_B1,RTPD,MCL,LMP_LOSS_PRC,KERCK1G3_7_B1,ALL,1,13.97811,1,119
2022-09-03T07:15:00-00:00,2022-09-03T07:30:00-00:00,2022-09-03,01,KERCK1G3_7_B1,KERCK1G3_7_B1,KERCK1G3_7_B1,RTPD,MCL,LMP_LOSS_PRC,KERCK1G3_7_B1,ALL,1,13.89665,2,119
2022-09-03T08:15:00-00:00,2022-09-03T08:30:00-00:00,2022-09-03,02,KERCK1G3_7_B1,KERCK1G3_7_B1,KERCK1G3_7_B1,RTPD,MCL,LMP_LOSS_PRC,KERCK1G3_7_B1,ALL,1,0,2,119
2022-09-03T09:15:00-00:00,2022-09-03T09:30:00-00:00,2022-09-03,03,KERCK1G3_7_B1,KERCK1G3_7_B1,KERCK1G3_7_B1,RTPD,MCL,LMP_LOSS_PRC,KERCK1G3_7_B1,ALL,1,0,2,119
2022-09-03T10:15:00-00:00,2022-09-03T10:30:00-00:00,2022-09-03,04,KERCK1G3_7_B1,KERCK1G3_7_B1,KERCK1G3_7_B1,RTPD,MCL,LMP_LOSS_PRC,KERCK1G3_7_B1,ALL,1,0,2,119
2022-09-03T11:15:00-00:00,2022-09-03T11:30:00-00:00,2022-09-03,05,KERCK1G3_7_B1,KERCK1G3_7_B1,KERCK1G3_7_B1,RTPD,MCL,LMP_LOSS_PRC,KERCK1G3_7_B1,ALL,1,0,2,119
2022-09-03T12:15:00-00:00,2022-09-03T12:30:00-00:00,2022-09-03,06,KERCK1G3_7_B1,KERCK1G3_7_B1,KERCK1G3_7_B1,RTPD,MCL,LMP_LOSS_PRC,KERCK1G3_7_B1,ALL,1,0,2,119
2022-09-03T13:15:00-00:00,2022-09-03T13:30:00-00:00,2022-09-03,07,KERCK1G3_7_B1,KERCK1G3_7_B1,KERCK1G3_7_B1,RTPD,MCL,LMP_LOSS_PRC,KERCK1G3_7_B1,ALL,1,0,2,119
2022-09-03T14:15:00-00:00,2022-09-03T14:30:00-00:00,2022-09-03,08,KERCK1G3_7_B1,KERCK1G3_7_B1,KERCK1G3_7_B1,RTPD,MCL,LMP_LOSS_PRC,KERCK1G3_7_B1,ALL,1,0,2,119
2022-09-03T15:15:00-00:00,2022-09-03T15:30:00-00:00,2022-09-03,09,KERCK1G3_7_B1,KERCK1G3_7_B1,KERCK1G3_7_B1,RTPD,MCL,LMP_LOSS_PRC,KERCK1G3_7_B1,ALL,1,3.02983,2,119
2022-09-03T16:15:00-00:00,2022-09-03T16:30:00-00:00,2022-09-03,10,KERCK1G3_7_B1,KERCK1G3_7_B1,KERCK1G3_7_B1,RTPD,MCL,LMP_LOSS_PRC,KERCK1G3_7_B1,ALL,1,2.46412,2,119
2022-09-03T17:15:00-00:00,2022-09-03T17:30:00-00:00,2022-09-03,11,KERCK1G3_7_B1,KERCK1G3_7_B1,KERCK1G3_7_B1,RTPD,MCL,LMP_LOSS_PRC,KERCK1G3_7_B1,ALL,1,5.3056,2,119
2022-09-03T18:15:00-00:00,2022-09-03T18:30:00-00:00,2022-09-03,12,KERCK1G3_7_B1,KERCK1G3_7_B1,KERCK1G3_7_B1,RTPD,MCL,LMP_LOSS_PRC,KERCK1G3_7_B1,ALL,1,4.28311,2,119
2022-09-03T19:15:00-00:00,2022-09-03T19:30:00-00:00,2022-09-03,13,KERCK1G3_7_B1,KERCK1G3_7_B1,KERCK1G3_7_B1,RTPD,MCL,LMP_LOSS_PRC,KERCK1G3_7_B1,ALL,1,1.87403,2,119
2022-09-03T20:15:00-00:00,2022-09-03T20:30:00-00:00,2022-09-03,14,KERCK1G3_7_B1,KERCK1G3_7_B1,KERCK1G3_7_B1,RTPD,MCL,LMP_LOSS_PRC,KERCK1G3_7_B1,ALL,1,4.60417,2,119
2022-09-03T21:15:00-00:00,2022-09-03T21:30:00-00:00,2022-09-03,15,KERCK1G3_7_B1,KERCK1G3_7_B1,KERCK1G3_7_B1,RTPD,MCL,LMP_LOSS_PRC,KERCK1G3_7_B1,ALL,1,4.22569,2,119
2022-09-03T22:15:00-00:00,2022-09-03T22:30:00-00:00,2022-09-03,16,KERCK1G3_7_B1,KERCK1G3_7_B1,KERCK1G3_7_B1,RTPD,MCL,LMP_LOSS_PRC,KERCK1G3_7_B1,ALL,1,3.27478,2,119
2022-09-03T23:15:00-00:00,2022-09-03T23:30:00-00:00,2022-09-03,17,KERCK1G3_7_B1,KERCK1G3_7_B1,KERCK1G3_7_B1,RTPD,MCL,LMP_LOSS_PRC,KERCK1G3_7_B1,ALL,1,6.87935,2,119
2022-09-04T00:15:00-00:00,2022-09-04T00:30:00-00:00,2022-09-03,18,KERCK1G3_7_B1,KERCK1G3_7_B1,KERCK1G3_7_B1,RTPD,MCL,LMP_LOSS_PRC,KERCK1G3_7_B1,ALL,1,8.27213,2,119
2022-09-04T01:15:00-00:00,2022-09-04T01:30:00-00:00,2022-09-03,19,KERCK1G3_7_B1,KERCK1G3_7_B1,KERCK1G3_7_B1,RTPD,MCL,LMP_LOSS_PRC,KERCK1G3_7_B1,ALL,1,32.54054,2,119
2022-09-04T02:15:00-00:00,2022-09-04T02:30:00-00:00,2022-09-03,20,KERCK1G3_7_B1,KERCK1G3_7_B1,KERCK1G3_7_B1,RTPD,MCL,LMP_LOSS_PRC,KERCK1G3_7_B1,ALL,1,16.80813,2,119
2022-09-04T03:15:00-00:00,2022-09-04T03:30:00-00:00,2022-09-03,21,KERCK1G3_7_B1,KERCK1G3_7_B1,KERCK1G3_7_B1,RTPD,MCL,LMP_LOSS_PRC,KERCK1G3_7_B1,ALL,1,11.84161,2,119
2022-09-04T04:15:00-00:00,2022-09-04T04:30:00-00:00,2022-09-03,22,KERCK1G3_7_B1,KERCK1G3_7_B1,KERCK1G3_7_B1,RTPD,MCL,LMP_LOSS_PRC,KERCK1G3_7_B1,ALL,1,15.79715,2,119
2022-09-04T05:15:00-00:00,2022-09-04T05:30:00-00:00,2022-09-03,23,KERCK1G3_7_B1,KERCK1G3_7_B1,KERCK1G3_7_B1,RTPD,MCL,LMP_LOSS_PRC,KERCK1G3_7_B1,ALL,1,15.20864,2,119
2022-09-04T06:15:00-00:00,2022-09-04T06:30:00-00:00,2022-09-03,24,KERCK1G3_7_B1,KERCK1G3_7_B1,KERCK1G3_7_B1,RTPD,MCL,LMP_LOSS_PRC,KERCK1G3_7_B1,ALL,1,12.4696,2,119
2022-09-03T07:30:00-00:00,2022-09-03T07:45:00-00:00,2022-09-03,01,KERCK1G3_7_B1,KERCK1G3_7_B1,KERCK1G3_7_B1,RTPD,MCL,LMP_LOSS_PRC,KERCK1G3_7_B1,ALL,1,13.35087,3,119
2022-09-03T08:30:00-00:00,2022-09-03T08:45:00-00:00,2022-09-03,02,KERCK1G3_7_B1,KERCK1G3_7_B1,KERCK1G3_7_B1,RTPD,MCL,LMP_LOSS_PRC,KERCK1G3_7_B1,ALL,1,0,3,119
2022-09-03T09:30:00-00:00,2022-09-03T09:45:00-00:00,2022-09-03,03,KERCK1G3_7_B1,KERCK1G3_7_B1,KERCK1G3_7_B1,RTPD,MCL,LMP_LOSS_PRC,KERCK1G3_7_B1,ALL,1,0,3,119
2022-09-03T10:30:00-00:00,2022-09-03T10:45:00-00:00,2022-09-03,04,KERCK1G3_7_B1,KERCK1G3_7_B1,KERCK1G3_7_B1,RTPD,MCL,LMP_LOSS_PRC,KERCK1G3_7_B1,ALL,1,0,3,119
2022-09-03T11:30:00-00:00,2022-09-03T11:45:00-00:00,2022-09-03,05,KERCK1G3_7_B1,KERCK1G3_7_B1,KERCK1G3_7_B1,RTPD,MCL,LMP_LOSS_PRC,KERCK1G3_7_B1,ALL,1,0,3,119
2022-09-03T12:30:00-00:00,2022-09-03T12:45:00-00:00,2022-09-03,06,KERCK1G3_7_B1,KERCK1G3_7_B1,KERCK1G3_7_B1,RTPD,MCL,LMP_LOSS_PRC,KERCK1G3_7_B1,ALL,1,0,3,119
2022-09-03T13:30:00-00:00,2022-09-03T13:45:00-00:00,2022-09-03,07,KERCK1G3_7_B1,KERCK1G3_7_B1,KERCK1G3_7_B1,RTPD,MCL,LMP_LOSS_PRC,KERCK1G3_7_B1,ALL,1,0,3,119
2022-09-03T14:30:00-00:00,2022-09-03T14:45:00-00:00,2022-09-03,08,KERCK1G3_7_B1,KERCK1G3_7_B1,KERCK1G3_7_B1,RTPD,MCL,LMP_LOSS_PRC,KERCK1G3_7_B1,ALL,1,0,3,119
2022-09-03T15:30:00-00:00,2022-09-03T15:45:00-00:00,2022-09-03,09,KERCK1G3_7_B1,KERCK1G3_7_B1,KERCK1G3_7_B1,RTPD,MCL,LMP_LOSS_PRC,KERCK1G3_7_B1,ALL,1,2.63524,3,119
2022-09-03T16:30:00-00:00,2022-09-03T16:45:00-00:00,2022-09-03,10,KERCK1G3_7_B1,KERCK1G3_7_B1,KERCK1G3_7_B1,RTPD,MCL,LMP_LOSS_PRC,KERCK1G3_7_B1,ALL,1,2.28547,3,119
2022-09-03T17:30:00-00:00,2022-09-03T17:45:00-00:00,2022-09-03,11,KERCK1G3_7_B1,KERCK1G3_7_B1,KERCK1G3_7_B1,RTPD,MCL,LMP_LOSS_PRC,KERCK1G3_7_B1,ALL,1,5.28606,3,119
2022-09-03T18:30:00-00:00,2022-09-03T18:45:00-00:00,2022-09-03,12,KERCK1G3_7_B1,KERCK1G3_7_B1,KERCK1G3_7_B1,RTPD,MCL,LMP_LOSS_PRC,KERCK1G3_7_B1,ALL,1,4.63731,3,119
2022-09-03T19:30:00-00:00,2022-09-03T19:45:00-00:00,2022-09-03,13,KERCK1G3_7_B1,KERCK1G3_7_B1,KERCK1G3_7_B1,RTPD,MCL,LMP_LOSS_PRC,KERCK1G3_7_B1,ALL,1,0,3,119
2022-09-03T20:30:00-00:00,2022-09-03T20:45:00-00:00,2022-09-03,14,KERCK1G3_7_B1,KERCK1G3_7_B1,KERCK1G3_7_B1,RTPD,MCL,LMP_LOSS_PRC,KERCK1G3_7_B1,ALL,1,4.93713,3,119
2022-09-03T21:30:00-00:00,2022-09-03T21:45:00-00:00,2022-09-03,15,KERCK1G3_7_B1,KERCK1G3_7_B1,KERCK1G3_7_B1,RTPD,MCL,LMP_LOSS_PRC,KERCK1G3_7_B1,ALL,1,3.64585,3,119
2022-09-03T22:30:00-00:00,2022-09-03T22:45:00-00:00,2022-09-03,16,KERCK1G3_7_B1,KERCK1G3_7_B1,KERCK1G3_7_B1,RTPD,MCL,LMP_LOSS_PRC,KERCK1G3_7_B1,ALL,1,6.38601,3,119
2022-09-03T23:30:00-00:00,2022-09-03T23:45:00-00:00,2022-09-03,17,KERCK1G3_7_B1,KERCK1G3_7_B1,KERCK1G3_7_B1,RTPD,MCL,LMP_LOSS_PRC,KERCK1G3_7_B1,ALL,1,7.84837,3,119
2022-09-04T00:30:00-00:00,2022-09-04T00:45:00-00:00,2022-09-03,18,KERCK1G3_7_B1,KERCK1G3_7_B1,KERCK1G3_7_B1,RTPD,MCL,LMP_LOSS_PRC,KERCK1G3_7_B1,ALL,1,11.21157,3,119
2022-09-04T01:30:00-00:00,2022-09-04T01:45:00-00:00,2022-09-03,19,KERCK1G3_7_B1,KERCK1G3_7_B1,KERCK1G3_7_B1,RTPD,MCL,LMP_LOSS_PRC,KERCK1G3_7_B1,ALL,1,56.29751,3,119
2022-09-04T02:30:00-00:00,2022-09-04T02:45:00-00:00,2022-09-03,20,KERCK1G3_7_B1,KERCK1G3_7_B1,KERCK1G3_7_B1,RTPD,MCL,LMP_LOSS_PRC,KERCK1G3_7_B1,ALL,1,15.92849,3,119
2022-09-04T03:30:00-00:00,2022-09-04T03:45:00-00:00,2022-09-03,21,KERCK1G3_7_B1,KERCK1G3_7_B1,KERCK1G3_7_B1,RTPD,MCL,LMP_LOSS_PRC,KERCK1G3_7_B1,ALL,1,11.06101,3,119
2022-09-04T04:30:00-00:00,2022-09-04T04:45:00-00:00,2022-09-03,22,KERCK1G3_7_B1,KERCK1G3_7_B1,KERCK1G3_7_B1,RTPD,MCL,LMP_LOSS_PRC,KERCK1G3_7_B1,ALL,1,13.89087,3,119
2022-09-04T05:30:00-00:00,2022-09-04T05:45:00-00:00,2022-09-03,23,KERCK1G3_7_B1,KERCK1G3_7_B1,KERCK1G3_7_B1,RTPD,MCL,LMP_LOSS_PRC,KERCK1G3_7_B1,ALL,1,13.60552,3,119
2022-09-04T06:30:00-00:00,2022-09-04T06:45:00-00:00,2022-09-03,24,KERCK1G3_7_B1,KERCK1G3_7_B1,KERCK1G3_7_B1,RTPD,MCL,LMP_LOSS_PRC,KERCK1G3_7_B1,ALL,1,11.58995,3,119
2022-09-03T07:45:00-00:00,2022-09-03T08:00:00-00:00,2022-09-03,01,KERCK1G3_7_B1,KERCK1G3_7_B1,KERCK1G3_7_B1,RTPD,MCL,LMP_LOSS_PRC,KERCK1G3_7_B1,ALL,1,0,4,119
2022-09-03T08:45:00-00:00,2022-09-03T09:00:00-00:00,2022-09-03,02,KERCK1G3_7_B1,KERCK1G3_7_B1,KERCK1G3_7_B1,RTPD,MCL,LMP_LOSS_PRC,KERCK1G3_7_B1,ALL,1,12.80627,4,119
2022-09-03T09:45:00-00:00,2022-09-03T10:00:00-00:00,2022-09-03,03,KERCK1G3_7_B1,KERCK1G3_7_B1,KERCK1G3_7_B1,RTPD,MCL,LMP_LOSS_PRC,KERCK1G3_7_B1,ALL,1,11.2149,4,119
2022-09-03T10:45:00-00:00,2022-09-03T11:00:00-00:00,2022-09-03,04,KERCK1G3_7_B1,KERCK1G3_7_B1,KERCK1G3_7_B1,RTPD,MCL,LMP_LOSS_PRC,KERCK1G3_7_B1,ALL,1,12.7007,4,119
2022-09-03T11:45:00-00:00,2022-09-03T12:00:00-00:00,2022-09-03,05,KERCK1G3_7_B1,KERCK1G3_7_B1,KERCK1G3_7_B1,RTPD,MCL,LMP_LOSS_PRC,KERCK1G3_7_B1,ALL,1,8.85251,4,119
2022-09-03T12:45:00-00:00,2022-09-03T13:00:00-00:00,2022-09-03,06,KERCK1G3_7_B1,KERCK1G3_7_B1,KERCK1G3_7_B1,RTPD,MCL,LMP_LOSS_PRC,KERCK1G3_7_B1,ALL,1,7.10581,4,119
2022-09-03T13:45:00-00:00,2022-09-03T14:00:00-00:00,2022-09-03,07,KERCK1G3_7_B1,KERCK1G3_7_B1,KERCK1G3_7_B1,RTPD,MCL,LMP_LOSS_PRC,KERCK1G3_7_B1,ALL,1,5.09479,4,119
2022-09-03T14:45:00-00:00,2022-09-03T15:00:00-00:00,2022-09-03,08,KERCK1G3_7_B1,KERCK1G3_7_B1,KERCK1G3_7_B1,RTPD,MCL,LMP_LOSS_PRC,KERCK1G3_7_B1,ALL,1,0,4,119
2022-09-03T15:45:00-00:00,2022-09-03T16:00:00-00:00,2022-09-03,09,KERCK1G3_7_B1,KERCK1G3_7_B1,KERCK1G3_7_B1,RTPD,MCL,LMP_LOSS_PRC,KERCK1G3_7_B1,ALL,1,2.4806,4,119
2022-09-03T16:45:00-00:00,2022-09-03T17:00:00-00:00,2022-09-03,10,KERCK1G3_7_B1,KERCK1G3_7_B1,KERCK1G3_7_B1,RTPD,MCL,LMP_LOSS_PRC,KERCK1G3_7_B1,ALL,1,3.70873,4,119
2022-09-03T17:45:00-00:00,2022-09-03T18:00:00-00:00,2022-09-03,11,KERCK1G3_7_B1,KERCK1G3_7_B1,KERCK1G3_7_B1,RTPD,MCL,LMP_LOSS_PRC,KERCK1G3_7_B1,ALL,1,5.67716,4,119
2022-09-03T18:45:00-00:00,2022-09-03T19:00:00-00:00,2022-09-03,12,KERCK1G3_7_B1,KERCK1G3_7_B1,KERCK1G3_7_B1,RTPD,MCL,LMP_LOSS_PRC,KERCK1G3_7_B1,ALL,1,0,4,119
2022-09-03T19:45:00-00:00,2022-09-03T20:00:00-00:00,2022-09-03,13,KERCK1G3_7_B1,KERCK1G3_7_B1,KERCK1G3_7_B1,RTPD,MCL,LMP_LOSS_PRC,KERCK1G3_7_B1,ALL,1,0,4,119
2022-09-03T20:45:00-00:00,2022-09-03T21:00:00-00:00,2022-09-03,14,KERCK1G3_7_B1,KERCK1G3_7_B1,KERCK1G3_7_B1,RTPD,MCL,LMP_LOSS_PRC,KERCK1G3_7_B1,ALL,1,4.57546,4,119
2022-09-03T21:45:00-00:00,2022-09-03T22:00:00-00:00,2022-09-03,15,KERCK1G3_7_B1,KERCK1G3_7_B1,KERCK1G3_7_B1,RTPD,MCL,LMP_LOSS_PRC,KERCK1G3_7_B1,ALL,1,2.92415,4,119
2022-09-03T22:45:00-00:00,2022-09-03T23:00:00-00:00,2022-09-03,16,KERCK1G3_7_B1,KERCK1G3_7_B1,KERCK1G3_7_B1,RTPD,MCL,LMP_LOSS_PRC,KERCK1G3_7_B1,ALL,1,7.17874,4,119
2022-09-03T23:45:00-00:00,2022-09-04T00:00:00-00:00,2022-09-03,17,KERCK1G3_7_B1,KERCK1G3_7_B1,KERCK1G3_7_B1,RTPD,MCL,LMP_LOSS_PRC,KERCK1G3_7_B1,ALL,1,10.12736,4,119
2022-09-04T00:45:00-00:00,2022-09-04T01:00:00-00:00,2022-09-03,18,KERCK1G3_7_B1,KERCK1G3_7_B1,KERCK1G3_7_B1,RTPD,MCL,LMP_LOSS_PRC,KERCK1G3_7_B1,ALL,1,0,4,119
2022-09-04T01:45:00-00:00,2022-09-04T02:00:00-00:00,2022-09-03,19,KERCK1G3_7_B1,KERCK1G3_7_B1,KERCK1G3_7_B1,RTPD,MCL,LMP_LOSS_PRC,KERCK1G3_7_B1,ALL,1,47.04935,4,119
2022-09-04T02:45:00-00:00,2022-09-04T03:00:00-00:00,2022-09-03,20,KERCK1G3_7_B1,KERCK1G3_7_B1,KERCK1G3_7_B1,RTPD,MCL,LMP_LOSS_PRC,KERCK1G3_7_B1,ALL,1,14.97416,4,119
2022-09-04T03:45:00-00:00,2022-09-04T04:00:00-00:00,2022-09-03,21,KERCK1G3_7_B1,KERCK1G3_7_B1,KERCK1G3_7_B1,RTPD,MCL,LMP_LOSS_PRC,KERCK1G3_7_B1,ALL,1,9.41342,4,119
2022-09-04T04:45:00-00:00,2022-09-04T05:00:00-00:00,2022-09-03,22,KERCK1G3_7_B1,KERCK1G3_7_B1,KERCK1G3_7_B1,RTPD,MCL,LMP_LOSS_PRC,KERCK1G3_7_B1,ALL,1,12.53889,4,119
2022-09-04T05:45:00-00:00,2022-09-04T06:00:00-00:00,2022-09-03,23,KERCK1G3_7_B1,KERCK1G3_7_B1,KERCK1G3_7_B1,RTPD,MCL,LMP_LOSS_PRC,KERCK1G3_7_B1,ALL,1,11.0394,4,119
2022-09-04T06:45:00-00:00,2022-09-04T07:00:00-00:00,2022-09-03,24,KERCK1G3_7_B1,KERCK1G3_7_B1,KERCK1G3_7_B1,RTPD,MCL,LMP_LOSS_PRC,KERCK1G3_7_B1,ALL,1,9.73744,4,119
2022-09-03T07:00:00-00:00,2022-09-03T07:15:00-00:00,2022-09-03,01,KERCK1G3_7_B1,KERCK1G3_7_B1,KERCK1G3_7_B1,RTPD,MGHG,LMP_GHG_PRC,KERCK1G3_7_B1,ALL,1,0,1,120
2022-09-03T08:00:00-00:00,2022-09-03T08:15:00-00:00,2022-09-03,02,KERCK1G3_7_B1,KERCK1G3_7_B1,KERCK1G3_7_B1,RTPD,MGHG,LMP_GHG_PRC,KERCK1G3_7_B1,ALL,1,0,1,120
2022-09-03T09:00:00-00:00,2022-09-03T09:15:00-00:00,2022-09-03,03,KERCK1G3_7_B1,KERCK1G3_7_B1,KERCK1G3_7_B1,RTPD,MGHG,LMP_GHG_PRC,KERCK1G3_7_B1,ALL,1,0,1,120
2022-09-03T10:00:00-00:00,2022-09-03T10:15:00-00:00,2022-09-03,04,KERCK1G3_7_B1,KERCK1G3_7_B1,KERCK1G3_7_B1,RTPD,MGHG,LMP_GHG_PRC,KERCK1G3_7_B1,ALL,1,0,1,120
2022-09-03T11:00:00-00:00,2022-09-03T11:15:00-00:00,2022-09-03,05,KERCK1G3_7_B1,KERCK1G3_7_B1,KERCK1G3_7_B1,RTPD,MGHG,LMP_GHG_PRC,KERCK1G3_7_B1,ALL,1,0,1,120
2022-09-03T12:00:00-00:00,2022-09-03T12:15:00-00:00,2022-09-03,06,KERCK1G3_7_B1,KERCK1G3_7_B1,KERCK1G3_7_B1,RTPD,MGHG,LMP_GHG_PRC,KERCK1G3_7_B1,ALL,1,0,1,120
2022-09-03T13:00:00-00:00,2022-09-03T13:15:00-00:00,2022-09-03,07,KERCK1G3_7_B1,KERCK1G3_7_B1,KERCK1G3_7_B1,RTPD,MGHG,LMP_GHG_PRC,KERCK1G3_7_B1,ALL,1,0,1,120
2022-09-03T14:00:00-00:00,2022-09-03T14:15:00-00:00,2022-09-03,08,KERCK1G3_7_B1,KERCK1G3_7_B1,KERCK1G3_7_B1,RTPD,MGHG,LMP_GHG_PRC,KERCK1G3_7_B1,ALL,1,0,1,120
2022-09-03T15:00:00-00:00,2022-09-03T15:15:00-00:00,2022-09-03,09,KERCK1G3_7_B1,KERCK1G3_7_B1,KERCK1G3_7_B1,RTPD,MGHG,LMP_GHG_PRC,KERCK1G3_7_B1,ALL,1,0,1,120
2022-09-03T16:00:00-00:00,2022-09-03T16:15:00-00:00,2022-09-03,10,KERCK1G3_7_B1,KERCK1G3_7_B1,KERCK1G3_7_B1,RTPD,MGHG,LMP_GHG_PRC,KERCK1G3_7_B1,ALL,1,0,1,120
2022-09-03T17:00:00-00:00,2022-09-03T17:15:00-00:00,2022-09-03,11,KERCK1G3_7_B1,KERCK1G3_7_B1,KERCK1G3_7_B1,RTPD,MGHG,LMP_GHG_PRC,KERCK1G3_7_B1,ALL,1,0,1,120
2022-09-03T18:00:00-00:00,2022-09-03T18:15:00-00:00,2022-09-03,12,KERCK1G3_7_B1,KERCK1G3_7_B1,KERCK1G3_7_B1,RTPD,MGHG,LMP_GHG_PRC,KERCK1G3_7_B1,ALL,1,0,1,120
2022-09-03T19:00:00-00:00,2022-09-03T19:15:00-00:00,2022-09-03,13,KERCK1G3_7_B1,KERCK1G3_7_B1,KERCK1G3_7_B1,RTPD,MGHG,LMP_GHG_PRC,KERCK1G3_7_B1,ALL,1,0,1,120
2022-09-03T20:00:00-00:00,2022-09-03T20:15:00-00:00,2022-09-03,14,KERCK1G3_7_B1,KERCK1G3_7_B1,KERCK1G3_7_B1,RTPD,MGHG,LMP_GHG_PRC,KERCK1G3_7_B1,ALL,1,0,1,120
2022-09-03T21:00:00-00:00,2022-09-03T21:15:00-00:00,2022-09-03,15,KERCK1G3_7_B1,KERCK1G3_7_B1,KERCK1G3_7_B1,RTPD,MGHG,LMP_GHG_PRC,KERCK1G3_7_B1,ALL,1,0,1,120
2022-09-03T22:00:00-00:00,2022-09-03T22:15:00-00:00,2022-09-03,16,KERCK1G3_7_B1,KERCK1G3_7_B1,KERCK1G3_7_B1,RTPD,MGHG,LMP_GHG_PRC,KERCK1G3_7_B1,ALL,1,0,1,120
2022-09-03T23:00:00-00:00,2022-09-03T23:15:00-00:00,2022-09-03,17,KERCK1G3_7_B1,KERCK1G3_7_B1,KERCK1G3_7_B1,RTPD,MGHG,LMP_GHG_PRC,KERCK1G3_7_B1,ALL,1,0,1,120
2022-09-04T00:00:00-00:00,2022-09-04T00:15:00-00:00,2022-09-03,18,KERCK1G3_7_B1,KERCK1G3_7_B1,KERCK1G3_7_B1,RTPD,MGHG,LMP_GHG_PRC,KERCK1G3_7_B1,ALL,1,0,1,120
2022-09-04T01:00:00-00:00,2022-09-04T01:15:00-00:00,2022-09-03,19,KERCK1G3_7_B1,KERCK1G3_7_B1,KERCK1G3_7_B1,RTPD,MGHG,LMP_GHG_PRC,KERCK1G3_7_B1,ALL,1,0,1,120
2022-09-04T02:00:00-00:00,2022-09-04T02:15:00-00:00,2022-09-03,20,KERCK1G3_7_B1,KERCK1G3_7_B1,KERCK1G3_7_B1,RTPD,MGHG,LMP_GHG_PRC,KERCK1G3_7_B1,ALL,1,0,1,120
2022-09-04T03:00:00-00:00,2022-09-04T03:15:00-00:00,2022-09-03,21,KERCK1G3_7_B1,KERCK1G3_7_B1,KERCK1G3_7_B1,RTPD,MGHG,LMP_GHG_PRC,KERCK1G3_7_B1,ALL,1,0,1,120
2022-09-04T04:00:00-00:00,2022-09-04T04:15:00-00:00,2022-09-03,22,KERCK1G3_7_B1,KERCK1G3_7_B1,KERCK1G3_7_B1,RTPD,MGHG,LMP_GHG_PRC,KERCK1G3_7_B1,ALL,1,0,1,120
2022-09-04T05:00:00-00:00,2022-09-04T05:15:00-00:00,2022-09-03,23,KERCK1G3_7_B1,KERCK1G3_7_B1,KERCK1G3_7_B1,RTPD,MGHG,LMP_GHG_PRC,KERCK1G3_7_B1,ALL,1,0,1,120
2022-09-04T06:00:00-00:00,2022-09-04T06:15:00-00:00,2022-09-03,24,KERCK1G3_7_B1,KERCK1G3_7_B1,KERCK1G3_7_B1,RTPD,MGHG,LMP_GHG_PRC,KERCK1G3_7_B1,ALL,1,0,1,120
2022-09-03T07:15:00-00:00,2022-09-03T07:30:00-00:00,2022-09-03,01,KERCK1G3_7_B1,KERCK1G3_7_B1,KERCK1G3_7_B1,RTPD,MGHG,LMP_GHG_PRC,KERCK1G3_7_B1,ALL,1,0,2,120
2022-09-03T08:15:00-00:00,2022-09-03T08:30:00-00:00,2022-09-03,02,KERCK1G3_7_B1,KERCK1G3_7_B1,KERCK1G3_7_B1,RTPD,MGHG,LMP_GHG_PRC,KERCK1G3_7_B1,ALL,1,0,2,120
2022-09-03T09:15:00-00:00,2022-09-03T09:30:00-00:00,2022-09-03,03,KERCK1G3_7_B1,KERCK1G3_7_B1,KERCK1G3_7_B1,RTPD,MGHG,LMP_GHG_PRC,KERCK1G3_7_B1,ALL,1,0,2,120
2022-09-03T10:15:00-00:00,2022-09-03T10:30:00-00:00,2022-09-03,04,KERCK1G3_7_B1,KERCK1G3_7_B1,KERCK1G3_7_B1,RTPD,MGHG,LMP_GHG_PRC,KERCK1G3_7_B1,ALL,1,0,2,120
2022-09-03T11:15:00-00:00,2022-09-03T11:30:00-00:00,2022-09-03,05,KERCK1G3_7_B1,KERCK1G3_7_B1,KERCK1G3_7_B1,RTPD,MGHG,LMP_GHG_PRC,KERCK1G3_7_B1,ALL,1,0,2,120
2022-09-03T12:15:00-00:00,2022-09-03T12:30:00-00:00,2022-09-03,06,KERCK1G3_7_B1,KERCK1G3_7_B1,KERCK1G3_7_B1,RTPD,MGHG,LMP_GHG_PRC,KERCK1G3_7_B1,ALL,1,0,2,120
2022-09-03T13:15:00-00:00,2022-09-03T13:30:00-00:00,2022-09-03,07,KERCK1G3_7_B1,KERCK1G3_7_B1,KERCK1G3_7_B1,RTPD,MGHG,LMP_GHG_PRC,KERCK1G3_7_B1,ALL,1,0,2,120
2022-09-03T14:15:00-00:00,2022-09-03T14:30:00-00:00,2022-09-03,08,KERCK1G3_7_B1,KERCK1G3_7_B1,KERCK1G3_7_B1,RTPD,MGHG,LMP_GHG_PRC,KERCK1G3_7_B1,ALL,1,0,2,120
2022-09-03T15:15:00-00:00,2022-09-03T15:30:00-00:00,2022-09-03,09,KERCK1G3_7_B1,KERCK1G3_7_B1,KERCK1G3_7_B1,RTPD,MGHG,LMP_GHG_PRC,KERCK1G3_7_B1,ALL,1,0,2,120
2022-09-03T16:15:00-00:00,2022-09-03T16:30:00-00:00,2022-09-03,10,KERCK1G3_7_B1,KERCK1G3_7_B1,KERCK1G3_7_B1,RTPD,MGHG,LMP_GHG_PRC,KERCK1G3_7_B1,ALL,1,0,2,120
2022-09-03T17:15:00-00:00,2022-09-03T17:30:00-00:00,2022-09-03,11,KERCK1G3_7_B1,KERCK1G3_7_B1,KERCK1G3_7_B1,RTPD,MGHG,LMP_GHG_PRC,KERCK1G3_7_B1,ALL,1,0,2,120
2022-09-03T18:15:00-00:00,2022-09-03T18:30:00-00:00,2022-09-03,12,KERCK1G3_7_B1,KERCK1G3_7_B1,KERCK1G3_7_B1,RTPD,MGHG,LMP_GHG_PRC,KERCK1G3_7_B1,ALL,1,0,2,120
2022-09-03T19:15:00-00:00,2022-09-03T19:30:00-00:00,2022-09-03,13,KERCK1G3_7_B1,KERCK1G3_7_B1,KERCK1G3_7_B1,RTPD,MGHG,LMP_GHG_PRC,KERCK1G3_7_B1,ALL,1,0,2,120
2022-09-03T20:15:00-00:00,2022-09-03T20:30:00-00:00,2022-09-03,14,KERCK1G3_7_B1,KERCK1G3_7_B1,KERCK1G3_7_B1,RTPD,MGHG,LMP_GHG_PRC,KERCK1G3_7_B1,ALL,1,0,2,120
2022-09-03T21:15:00-00:00,2022-09-03T21:30:00-00:00,2022-09-03,15,KERCK1G3_7_B1,KERCK1G3_7_B1,KERCK1G3_7_B1,RTPD,MGHG,LMP_GHG_PRC,KERCK1G3_7_B1,ALL,1,0,2,120
2022-09-03T22:15:00-00:00,2022-09-03T22:30:00-00:00,2022-09-03,16,KERCK1G3_7_B1,KERCK1G3_7_B1,KERCK1G3_7_B1,RTPD,MGHG,LMP_GHG_PRC,KERCK1G3_7_B1,ALL,1,0,2,120
2022-09-03T23:15:00-00:00,2022-09-03T23:30:00-00:00,2022-09-03,17,KERCK1G3_7_B1,KERCK1G3_7_B1,KERCK1G3_7_B1,RTPD,MGHG,LMP_GHG_PRC,KERCK1G3_7_B1,ALL,1,0,2,120
2022-09-04T00:15:00-00:00,2022-09-04T00:30:00-00:00,2022-09-03,18,KERCK1G3_7_B1,KERCK1G3_7_B1,KERCK1G3_7_B1,RTPD,MGHG,LMP_GHG_PRC,KERCK1G3_7_B1,ALL,1,0,2,120
2022-09-04T01:15:00-00:00,2022-09-04T01:30:00-00:00,2022-09-03,19,KERCK1G3_7_B1,KERCK1G3_7_B1,KERCK1G3_7_B1,RTPD,MGHG,LMP_GHG_PRC,KERCK1G3_7_B1,ALL,1,0,2,120
2022-09-04T02:15:00-00:00,2022-09-04T02:30:00-00:00,2022-09-03,20,KERCK1G3_7_B1,KERCK1G3_7_B1,KERCK1G3_7_B1,RTPD,MGHG,LMP_GHG_PRC,KERCK1G3_7_B1,ALL,1,0,2,120
2022-09-04T03:15:00-00:00,2022-09-04T03:30:00-00:00,2022-09-03,21,KERCK1G3_7_B1,KERCK1G3_7_B1,KERCK1G3_7_B1,RTPD,MGHG,LMP_GHG_PRC,KERCK1G3_7_B1,ALL,1,0,2,120
2022-09-04T04:15:00-00:00,2022-09-04T04:30:00-00:00,2022-09-03,22,KERCK1G3_7_B1,KERCK1G3_7_B1,KERCK1G3_7_B1,RTPD,MGHG,LMP_GHG_PRC,KERCK1G3_7_B1,ALL,1,0,2,120
2022-09-04T05:15:00-00:00,2022-09-04T05:30:00-00:00,2022-09-03,23,KERCK1G3_7_B1,KERCK1G3_7_B1,KERCK1G3_7_B1,RTPD,MGHG,LMP_GHG_PRC,KERCK1G3_7_B1,ALL,1,0,2,120
2022-09-04T06:15:00-00:00,2022-09-04T06:30:00-00:00,2022-09-03,24,KERCK1G3_7_B1,KERCK1G3_7_B1,KERCK1G3_7_B1,RTPD,MGHG,LMP_GHG_PRC,KERCK1G3_7_B1,ALL,1,0,2,120
2022-09-03T07:30:00-00:00,2022-09-03T07:45:00-00:00,2022-09-03,01,KERCK1G3_7_B1,KERCK1G3_7_B1,KERCK1G3_7_B1,RTPD,MGHG,LMP_GHG_PRC,KERCK1G3_7_B1,ALL,1,0,3,120
2022-09-03T08:30:00-00:00,2022-09-03T08:45:00-00:00,2022-09-03,02,KERCK1G3_7_B1,KERCK1G3_7_B1,KERCK1G3_7_B1,RTPD,MGHG,LMP_GHG_PRC,KERCK1G3_7_B1,ALL,1,0,3,120
2022-09-03T09:30:00-00:00,2022-09-03T09:45:00-00:00,2022-09-03,03,KERCK1G3_7_B1,KERCK1G3_7_B1,KERCK1G3_7_B1,RTPD,MGHG,LMP_GHG_PRC,KERCK1G3_7_B1,ALL,1,0,3,120
2022-09-03T10:30:00-00:00,2022-09-03T10:45:00-00:00,2022-09-03,04,KERCK1G3_7_B1,KERCK1G3_7_B1,KERCK1G3_7_B1,RTPD,MGHG,LMP_GHG_PRC,KERCK1G3_7_B1,ALL,1,0,3,120
2022-09-03T11:30:00-00:00,2022-09-03T11:45:00-00:00,2022-09-03,05,KERCK1G3_7_B1,KERCK1G3_7_B1,KERCK1G3_7_B1,RTPD,MGHG,LMP_GHG_PRC,KERCK1G3_7_B1,ALL,1,0,3,120
2022-09-03T12:30:00-00:00,2022-09-03T12:45:00-00:00,2022-09-03,06,KERCK1G3_7_B1,KERCK1G3_7_B1,KERCK1G3_7_B1,RTPD,MGHG,LMP_GHG_PRC,KERCK1G3_7_B1,ALL,1,0,3,120
2022-09-03T13:30:00-00:00,2022-09-03T13:45:00-00:00,2022-09-03,07,KERCK1G3_7_B1,KERCK1G3_7_B1,KERCK1G3_7_B1,RTPD,MGHG,LMP_GHG_PRC,KERCK1G3_7_B1,ALL,1,0,3,120
2022-09-03T14:30:00-00:00,2022-09-03T14:45:00-00:00,2022-09-03,08,KERCK1G3_7_B1,KERCK1G3_7_B1,KERCK1G3_7_B1,RTPD,MGHG,LMP_GHG_PRC,KERCK1G3_7_B1,ALL,1,0,3,120
2022-09-03T15:30:00-00:00,2022-09-03T15:45:00-00:00,2022-09-03,09,KERCK1G3_7_B1,KERCK1G3_7_B1,KERCK1G3_7_B1,RTPD,MGHG,LMP_GHG_PRC,KERCK1G3_7_B1,ALL,1,0,3,120
2022-09-03T16:30:00-00:00,2022-09-03T16:45:00-00:00,2022-09-03,10,KERCK1G3_7_B1,KERCK1G3_7_B1,KERCK1G3_7_B1,RTPD,MGHG,LMP_GHG_PRC,KERCK1G3_7_B1,ALL,1,0,3,120
2022-09-03T17:30:00-00:00,2022-09-03T17:45:00-00:00,2022-09-03,11,KERCK1G3_7_B1,KERCK1G3_7_B1,KERCK1G3_7_B1,RTPD,MGHG,LMP_GHG_PRC,KERCK1G3_7_B1,ALL,1,0,3,120
2022-09-03T18:30:00-00:00,2022-09-03T18:45:00-00:00,2022-09-03,12,KERCK1G3_7_B1,KERCK1G3_7_B1,KERCK1G3_7_B1,RTPD,MGHG,LMP_GHG_PRC,KERCK1G3_7_B1,ALL,1,0,3,120
2022-09-03T19:30:00-00:00,2022-09-03T19:45:00-00:00,2022-09-03,13,KERCK1G3_7_B1,KERCK1G3_7_B1,KERCK1G3_7_B1,RTPD,MGHG,LMP_GHG_PRC,KERCK1G3_7_B1,ALL,1,0,3,120
2022-09-03T20:30:00-00:00,2022-09-03T20:45:00-00:00,2022-09-03,14,KERCK1G3_7_B1,KERCK1G3_7_B1,KERCK1G3_7_B1,RTPD,MGHG,LMP_GHG_PRC,KERCK1G3_7_B1,ALL,1,0,3,120
2022-09-03T21:30:00-00:00,2022-09-03T21:45:00-00:00,2022-09-03,15,KERCK1G3_7_B1,KERCK1G3_7_B1,KERCK1G3_7_B1,RTPD,MGHG,LMP_GHG_PRC,KERCK1G3_7_B1,ALL,1,0,3,120
2022-09-03T22:30:00-00:00,2022-09-03T22:45:00-00:00,2022-09-03,16,KERCK1G3_7_B1,KERCK1G3_7_B1,KERCK1G3_7_B1,RTPD,MGHG,LMP_GHG_PRC,KERCK1G3_7_B1,ALL,1,0,3,120
2022-09-03T23:30:00-00:00,2022-09-03T23:45:00-00:00,2022-09-03,17,KERCK1G3_7_B1,KERCK1G3_7_B1,KERCK1G3_7_B1,RTPD,MGHG,LMP_GHG_PRC,KERCK1G3_7_B1,ALL,1,0,3,120
2022-09-04T00:30:00-00:00,2022-09-04T00:45:00-00:00,2022-09-03,18,KERCK1G3_7_B1,KERCK1G3_7_B1,KERCK1G3_7_B1,RTPD,MGHG,LMP_GHG_PRC,KERCK1G3_7_B1,ALL,1,0,3,120
2022-09-04T01:30:00-00:00,2022-09-04T01:45:00-00:00,2022-09-03,19,KERCK1G3_7_B1,KERCK1G3_7_B1,KERCK1G3_7_B1,RTPD,MGHG,LMP_GHG_PRC,KERCK1G3_7_B1,ALL,1,0,3,120
2022-09-04T02:30:00-00:00,2022-09-04T02:45:00-00:00,2022-09-03,20,KERCK1G3_7_B1,KERCK1G3_7_B1,KERCK1G3_7_B1,RTPD,MGHG,LMP_GHG_PRC,KERCK1G3_7_B1,ALL,1,0,3,120
2022-09-04T03:30:00-00:00,2022-09-04T03:45:00-00:00,2022-09-03,21,KERCK1G3_7_B1,KERCK1G3_7_B1,KERCK1G3_7_B1,RTPD,MGHG,LMP_GHG_PRC,KERCK1G3_7_B1,ALL,1,0,3,120
2022-09-04T04:30:00-00:00,2022-09-04T04:45:00-00:00,2022-09-03,22,KERCK1G3_7_B1,KERCK1G3_7_B1,KERCK1G3_7_B1,RTPD,MGHG,LMP_GHG_PRC,KERCK1G3_7_B1,ALL,1,0,3,120
2022-09-04T05:30:00-00:00,2022-09-04T05:45:00-00:00,2022-09-03,23,KERCK1G3_7_B1,KERCK1G3_7_B1,KERCK1G3_7_B1,RTPD,MGHG,LMP_GHG_PRC,KERCK1G3_7_B1,ALL,1,0,3,120
2022-09-04T06:30:00-00:00,2022-09-04T06:45:00-00:00,2022-09-03,24,KERCK1G3_7_B1,KERCK1G3_7_B1,KERCK1G3_7_B1,RTPD,MGHG,LMP_GHG_PRC,KERCK1G3_7_B1,ALL,1,0,3,120
2022-09-03T07:45:00-00:00,2022-09-03T08:00:00-00:00,2022-09-03,01,KERCK1G3_7_B1,KERCK1G3_7_B1,KERCK1G3_7_B1,RTPD,MGHG,LMP_GHG_PRC,KERCK1G3_7_B1,ALL,1,0,4,120
2022-09-03T08:45:00-00:00,2022-09-03T09:00:00-00:00,2022-09-03,02,KERCK1G3_7_B1,KERCK1G3_7_B1,KERCK1G3_7_B1,RTPD,MGHG,LMP_GHG_PRC,KERCK1G3_7_B1,ALL,1,0,4,120
2022-09-03T09:45:00-00:00,2022-09-03T10:00:00-00:00,2022-09-03,03,KERCK1G3_7_B1,KERCK1G3_7_B1,KERCK1G3_7_B1,RTPD,MGHG,LMP_GHG_PRC,KERCK1G3_7_B1,ALL,1,0,4,120
2022-09-03T10:45:00-00:00,2022-09-03T11:00:00-00:00,2022-09-03,04,KERCK1G3_7_B1,KERCK1G3_7_B1,KERCK1G3_7_B1,RTPD,MGHG,LMP_GHG_PRC,KERCK1G3_7_B1,ALL,1,0,4,120
2022-09-03T11:45:00-00:00,2022-09-03T12:00:00-00:00,2022-09-03,05,KERCK1G3_7_B1,KERCK1G3_7_B1,KERCK1G3_7_B1,RTPD,MGHG,LMP_GHG_PRC,KERCK1G3_7_B1,ALL,1,0,4,120
2022-09-03T12:45:00-00:00,2022-09-03T13:00:00-00:00,2022-09-03,06,KERCK1G3_7_B1,KERCK1G3_7_B1,KERCK1G3_7_B1,RTPD,MGHG,LMP_GHG_PRC,KERCK1G3_7_B1,ALL,1,0,4,120
2022-09-03T13:45:00-00:00,2022-09-03T14:00:00-00:00,2022-09-03,07,KERCK1G3_7_B1,KERCK1G3_7_B1,KERCK1G3_7_B1,RTPD,MGHG,LMP_GHG_PRC,KERCK1G3_7_B1,ALL,1,0,4,120
2022-09-03T14:45:00-00:00,2022-09-03T15:00:00-00:00,2022-09-03,08,KERCK1G3_7_B1,KERCK1G3_7_B1,KERCK1G3_7_B1,RTPD,MGHG,LMP_GHG_PRC,KERCK1G3_7_B1,ALL,1,0,4,120
2022-09-03T15:45:00-00:00,2022-09-03T16:00:00-00:00,2022-09-03,09,KERCK1G3_7_B1,KERCK1G3_7_B1,KERCK1G3_7_B1,RTPD,MGHG,LMP_GHG_PRC,KERCK1G3_7_B1,ALL,1,0,4,120
2022-09-03T16:45:00-00:00,2022-09-03T17:00:00-00:00,2022-09-03,10,KERCK1G3_7_B1,KERCK1G3_7_B1,KERCK1G3_7_B1,RTPD,MGHG,LMP_GHG_PRC,KERCK1G3_7_B1,ALL,1,0,4,120
2022-09-03T17:45:00-00:00,2022-09-03T18:00:00-00:00,2022-09-03,11,KERCK1G3_7_B1,KERCK1G3_7_B1,KERCK1G3_7_B1,RTPD,MGHG,LMP_GHG_PRC,KERCK1G3_7_B1,ALL,1,0,4,120
2022-09-03T18:45:00-00:00,2022-09-03T19:00:00-00:00,2022-09-03,12,KERCK1G3_7_B1,KERCK1G3_7_B1,KERCK1G3_7_B1,RTPD,MGHG,LMP_GHG_PRC,KERCK1G3_7_B1,ALL,1,0,4,120
2022-09-03T19:45:00-00:00,2022-09-03T20:00:00-00:00,2022-09-03,13,KERCK1G3_7_B1,KERCK1G3_7_B1,KERCK1G3_7_B1,RTPD,MGHG,LMP_GHG_PRC,KERCK1G3_7_B1,ALL,1,0,4,120
2022-09-03T20:45:00-00:00,2022-09-03T21:00:00-00:00,2022-09-03,14,KERCK1G3_7_B1,KERCK1G3_7_B1,KERCK1G3_7_B1,RTPD,MGHG,LMP_GHG_PRC,KERCK1G3_7_B1,ALL,1,0,4,120
2022-09-03T21:45:00-00:00,2022-09-03T22:00:00-00:00,2022-09-03,15,KERCK1G3_7_B1,KERCK1G3_7_B1,KERCK1G3_7_B1,RTPD,MGHG,LMP_GHG_PRC,KERCK1G3_7_B1,ALL,1,0,4,120
2022-09-03T22:45:00-00:00,2022-09-03T23:00:00-00:00,2022-09-03,16,KERCK1G3_7_B1,KERCK1G3_7_B1,KERCK1G3_7_B1,RTPD,MGHG,LMP_GHG_PRC,KERCK1G3_7_B1,ALL,1,0,4,120
2022-09-03T23:45:00-00:00,2022-09-04T00:00:00-00:00,2022-09-03,17,KERCK1G3_7_B1,KERCK1G3_7_B1,KERCK1G3_7_B1,RTPD,MGHG,LMP_GHG_PRC,KERCK1G3_7_B1,ALL,1,0,4,120
2022-09-04T00:45:00-00:00,2022-09-04T01:00:00-00:00,2022-09-03,18,KERCK1G3_7_B1,KERCK1G3_7_B1,KERCK1G3_7_B1,RTPD,MGHG,LMP_GHG_PRC,KERCK1G3_7_B1,ALL,1,0,4,120
2022-09-04T01:45:00-00:00,2022-09-04T02:00:00-00:00,2022-09-03,19,KERCK1G3_7_B1,KERCK1G3_7_B1,KERCK1G3_7_B1,RTPD,MGHG,LMP_GHG_PRC,KERCK1G3_7_B1,ALL,1,0,4,120
2022-09-04T02:45:00-00:00,2022-09-04T03:00:00-00:00,2022-09-03,20,KERCK1G3_7_B1,KERCK1G3_7_B1,KERCK1G3_7_B1,RTPD,MGHG,LMP_GHG_PRC,KERCK1G3_7_B1,ALL,1,0,4,120
2022-09-04T03:45:00-00:00,2022-09-04T04:00:00-00:00,2022-09-03,21,KERCK1G3_7_B1,KERCK1G3_7_B1,KERCK1G3_7_B1,RTPD,MGHG,LMP_GHG_PRC,KERCK1G3_7_B1,ALL,1,0,4,120
2022-09-04T04:45:00-00:00,2022-09-04T05:00:00-00:00,2022-09-03,22,KERCK1G3_7_B1,KERCK1G3_7_B1,KERCK1G3_7_B1,RTPD,MGHG,LMP_GHG_PRC,KERCK1G3_7_B1,ALL,1,0,4,120
2022-09-04T05:45:00-00:00,2022-09-04T06:00:00-00:00,2022-09-03,23,KERCK1G3_7_B1,KERCK1G3_7_B1,KERCK1G3_7_B1,RTPD,MGHG,LMP_GHG_PRC,KERCK1G3_7_B1,ALL,1,0,4,120
2022-09-04T06:45:00-00:00,2022-09-04T07:00:00-00:00,2022-09-03,24,KERCK1G3_7_B1,KERCK1G3_7_B1,KERCK1G3_7_B1,RTPD,MGHG,LMP_GHG_PRC,KERCK1G3_7_B1,ALL,1,0,4,120
2022-09-03T07:00:00-00:00,2022-09-03T07:15:00-00:00,2022-09-03,01,KERCKHOF_7_B1,KERCKHOF_7_B1,KERCKHOF_7_B1,RTPD,LMP,LMP_PRC,KERCKHOF_7_B1,ALL,1,98.88101,1,121
2022-09-03T08:00:00-00:00,2022-09-03T08:15:00-00:00,2022-09-03,02,KERCKHOF_7_B1,KERCKHOF_7_B1,KERCKHOF_7_B1,RTPD,LMP,LMP_PRC,KERCKHOF_7_B1,ALL,1,88.6719,1,121
2022-09-03T09:00:00-00:00,2022-09-03T09:15:00-00:00,2022-09-03,03,KERCKHOF_7_B1,KERCKHOF_7_B1,KERCKHOF_7_B1,RTPD,LMP,LMP_PRC,KERCKHOF_7_B1,ALL,1,123.17536,1,121
2022-09-03T10:00:00-00:00,2022-09-03T10:15:00-00:00,2022-09-03,04,KERCKHOF_7_B1,KERCKHOF_7_B1,KERCKHOF_7_B1,RTPD,LMP,LMP_PRC,KERCKHOF_7_B1,ALL,1,67.47233,1,121
2022-09-03T11:00:00-00:00,2022-09-03T11:15:00-00:00,2022-09-03,05,KERCKHOF_7_B1,KERCKHOF_7_B1,KERCKHOF_7_B1,RTPD,LMP,LMP_PRC,KERCKHOF_7_B1,ALL,1,94.06425,1,121
2022-09-03T12:00:00-00:00,2022-09-03T12:15:00-00:00,2022-09-03,06,KERCKHOF_7_B1,KERCKHOF_7_B1,KERCKHOF_7_B1,RTPD,LMP,LMP_PRC,KERCKHOF_7_B1,ALL,1,67.74603,1,121
2022-09-03T13:00:00-00:00,2022-09-03T13:15:00-00:00,2022-09-03,07,KERCKHOF_7_B1,KERCKHOF_7_B1,KERCKHOF_7_B1,RTPD,LMP,LMP_PRC,KERCKHOF_7_B1,ALL,1,83.68378,1,121
2022-09-03T14:00:00-00:00,2022-09-03T14:15:00-00:00,2022-09-03,08,KERCKHOF_7_B1,KERCKHOF_7_B1,KERCKHOF_7_B1,RTPD,LMP,LMP_PRC,KERCKHOF_7_B1,ALL,1,81.97449,1,121
2022-09-03T15:00:00-00:00,2022-09-03T15:15:00-00:00,2022-09-03,09,KERCKHOF_7_B1,KERCKHOF_7_B1,KERCKHOF_7_B1,RTPD,LMP,LMP_PRC,KERCKHOF_7_B1,ALL,1,29.03021,1,121
2022-09-03T16:00:00-00:00,2022-09-03T16:15:00-00:00,2022-09-03,10,KERCKHOF_7_B1,KERCKHOF_7_B1,KERCKHOF_7_B1,RTPD,LMP,LMP_PRC,KERCKHOF_7_B1,ALL,1,31.16662,1,121
2022-09-03T17:00:00-00:00,2022-09-03T17:15:00-00:00,2022-09-03,11,KERCKHOF_7_B1,KERCKHOF_7_B1,KERCKHOF_7_B1,RTPD,LMP,LMP_PRC,KERCKHOF_7_B1,ALL,1,56.07253,1,121
2022-09-03T18:00:00-00:00,2022-09-03T18:15:00-00:00,2022-09-03,12,KERCKHOF_7_B1,KERCKHOF_7_B1,KERCKHOF_7_B1,RTPD,LMP,LMP_PRC,KERCKHOF_7_B1,ALL,1,63.04021,1,121
2022-09-03T19:00:00-00:00,2022-09-03T19:15:00-00:00,2022-09-03,13,KERCKHOF_7_B1,KERCKHOF_7_B1,KERCKHOF_7_B1,RTPD,LMP,LMP_PRC,KERCKHOF_7_B1,ALL,1,3.35871,1,121
2022-09-03T20:00:00-00:00,2022-09-03T20:15:00-00:00,2022-09-03,14,KERCKHOF_7_B1,KERCKHOF_7_B1,KERCKHOF_7_B1,RTPD,LMP,LMP_PRC,KERCKHOF_7_B1,ALL,1,69.88185,1,121
2022-09-03T21:00:00-00:00,2022-09-03T21:15:00-00:00,2022-09-03,15,KERCKHOF_7_B1,KERCKHOF_7_B1,KERCKHOF_7_B1,RTPD,LMP,LMP_PRC,KERCKHOF_7_B1,ALL,1,73.43654,1,121
2022-09-03T22:00:00-00:00,2022-09-03T22:15:00-00:00,2022-09-03,16,KERCKHOF_7_B1,KERCKHOF_7_B1,KERCKHOF_7_B1,RTPD,LMP,LMP_PRC,KERCKHOF_7_B1,ALL,1,108.38361,1,121
2022-09-03T23:00:00-00:00,2022-09-03T23:15:00-00:00,2022-09-03,17,KERCKHOF_7_B1,KERCKHOF_7_B1,KERCKHOF_7_B1,RTPD,LMP,LMP_PRC,KERCKHOF_7_B1,ALL,1,67.44005,1,121
2022-09-04T00:00:00-00:00,2022-09-04T00:15:00-00:00,2022-09-03,18,KERCKHOF_7_B1,KERCKHOF_7_B1,KERCKHOF_7_B1,RTPD,LMP,LMP_PRC,KERCKHOF_7_B1,ALL,1,75.30245,1,121
2022-09-04T01:00:00-00:00,2022-09-04T01:15:00-00:00,2022-09-03,19,KERCKHOF_7_B1,KERCKHOF_7_B1,KERCKHOF_7_B1,RTPD,LMP,LMP_PRC,KERCKHOF_7_B1,ALL,1,101.91799,1,121
2022-09-04T02:00:00-00:00,2022-09-04T02:15:00-00:00,2022-09-03,20,KERCKHOF_7_B1,KERCKHOF_7_B1,KERCKHOF_7_B1,RTPD,LMP,LMP_PRC,KERCKHOF_7_B1,ALL,1,119.67505,1,121
2022-09-04T03:00:00-00:00,2022-09-04T03:15:00-00:00,2022-09-03,21,KERCKHOF_7_B1,KERCKHOF_7_B1,KERCKHOF_7_B1,RTPD,LMP,LMP_PRC,KERCKHOF_7_B1,ALL,1,136.46143,1,121
2022-09-04T04:00:00-00:00,2022-09-04T04:15:00-00:00,2022-09-03,22,KERCKHOF_7_B1,KERCKHOF_7_B1,KERCKHOF_7_B1,RTPD,LMP,LMP_PRC,KERCKHOF_7_B1,ALL,1,142.2309,1,121
2022-09-04T05:00:00-00:00,2022-09-04T05:15:00-00:00,2022-09-03,23,KERCKHOF_7_B1,KERCKHOF_7_B1,KERCKHOF_7_B1,RTPD,LMP,LMP_PRC,KERCKHOF_7_B1,ALL,1,100.82185,1,121
2022-09-04T06:00:00-00:00,2022-09-04T06:15:00-00:00,2022-09-03,24,KERCKHOF_7_B1,KERCKHOF_7_B1,KERCKHOF_7_B1,RTPD,LMP,LMP_PRC,KERCKHOF_7_B1,ALL,1,116.0702,1,121
2022-09-03T07:15:00-00:00,2022-09-03T07:30:00-00:00,2022-09-03,01,KERCKHOF_7_B1,KERCKHOF_7_B1,KERCKHOF_7_B1,RTPD,LMP,LMP_PRC,KERCKHOF_7_B1,ALL,1,90.83484,2,121
2022-09-03T08:15:00-00:00,2022-09-03T08:30:00-00:00,2022-09-03,02,KERCKHOF_7_B1,KERCKHOF_7_B1,KERCKHOF_7_B1,RTPD,LMP,LMP_PRC,KERCKHOF_7_B1,ALL,1,128.85172,2,121
2022-09-03T09:15:00-00:00,2022-09-03T09:30:00-00:00,2022-09-03,03,KERCKHOF_7_B1,KERCKHOF_7_B1,KERCKHOF_7_B1,RTPD,LMP,LMP_PRC,KERCKHOF_7_B1,ALL,1,70.66206,2,121
2022-09-03T10:15:00-00:00,2022-09-03T10:30:00-00:00,2022-09-03,04,KERCKHOF_7_B1,KERCKHOF_7_B1,KERCKHOF_7_B1,RTPD,LMP,LMP_PRC,KERCKHOF_7_B1,ALL,1,63.82697,2,121
2022-09-03T11:15:00-00:00,2022-09-03T11:30:00-00:00,2022-09-03,05,KERCKHOF_7_B1,KERCKHOF_7_B1,KERCKHOF_7_B1,RTPD,LMP,LMP_PRC,KERCKHOF_7_B1,ALL,1,66.48405,2,121
2022-09-03T12:15:00-00:00,2022-09-03T12:30:00-00:00,2022-09-03,06,KERCKHOF_7_B1,KERCKHOF_7_B1,KERCKHOF_7_B1,RTPD,LMP,LMP_PRC,KERCKHOF_7_B1,ALL,1,65.6734,2,121
2022-09-03T13:15:00-00:00,2022-09-03T13:30:00-00:00,2022-09-03,07,KERCKHOF_7_B1,KERCKHOF_7_B1,KERCKHOF_7_B1,RTPD,LMP,LMP_PRC,KERCKHOF_7_B1,ALL,1,82.4146,2,121
2022-09-03T14:15:00-00:00,2022-09-03T14:30:00-00:00,2022-09-03,08,KERCKHOF_7_B1,KERCKHOF_7_B1,KERCKHOF_7_B1,RTPD,LMP,LMP_PRC,KERCKHOF_7_B1,ALL,1,108.36277,2,121
2022-09-03T15:15:00-00:00,2022-09-03T15:30:00-00:00,2022-09-03,09,KERCKHOF_7_B1,KERCKHOF_7_B1,KERCKHOF_7_B1,RTPD,LMP,LMP_PRC,KERCKHOF_7_B1,ALL,1,28.66036,2,121
2022-09-03T16:15:00-00:00,2022-09-03T16:30:00-00:00,2022-09-03,10,KERCKHOF_7_B1,KERCKHOF_7_B1,KERCKHOF_7_B1,RTPD,LMP,LMP_PRC,KERCKHOF_7_B1,ALL,1,30.81989,2,121
2022-09-03T17:15:00-00:00,2022-09-03T17:30:00-00:00,2022-09-03,11,KERCKHOF_7_B1,KERCKHOF_7_B1,KERCKHOF_7_B1,RTPD,LMP,LMP_PRC,KERCKHOF_7_B1,ALL,1,68.09374,2,121
2022-09-03T18:15:00-00:00,2022-09-03T18:30:00-00:00,2022-09-03,12,KERCKHOF_7_B1,KERCKHOF_7_B1,KERCKHOF_7_B1,RTPD,LMP,LMP_PRC,KERCKHOF_7_B1,ALL,1,71.27041,2,121
2022-09-03T19:15:00-00:00,2022-09-03T19:30:00-00:00,2022-09-03,13,KERCKHOF_7_B1,KERCKHOF_7_B1,KERCKHOF_7_B1,RTPD,LMP,LMP_PRC,KERCKHOF_7_B1,ALL,1,5.17006,2,121
2022-09-03T20:15:00-00:00,2022-09-03T20:30:00-00:00,2022-09-03,14,KERCKHOF_7_B1,KERCKHOF_7_B1,KERCKHOF_7_B1,RTPD,LMP,LMP_PRC,KERCKHOF_7_B1,ALL,1,77.02354,2,121
2022-09-03T21:15:00-00:00,2022-09-03T21:30:00-00:00,2022-09-03,15,KERCKHOF_7_B1,KERCKHOF_7_B1,KERCKHOF_7_B1,RTPD,LMP,LMP_PRC,KERCKHOF_7_B1,ALL,1,96.61288,2,121
2022-09-03T22:15:00-00:00,2022-09-03T22:30:00-00:00,2022-09-03,16,KERCKHOF_7_B1,KERCKHOF_7_B1,KERCKHOF_7_B1,RTPD,LMP,LMP_PRC,KERCKHOF_7_B1,ALL,1,110.80461,2,121
2022-09-03T23:15:00-00:00,2022-09-03T23:30:00-00:00,2022-09-03,17,KERCKHOF_7_B1,KERCKHOF_7_B1,KERCKHOF_7_B1,RTPD,LMP,LMP_PRC,KERCKHOF_7_B1,ALL,1,70.80295,2,121
2022-09-04T00:15:00-00:00,2022-09-04T00:30:00-00:00,2022-09-03,18,KERCKHOF_7_B1,KERCKHOF_7_B1,KERCKHOF_7_B1,RTPD,LMP,LMP_PRC,KERCKHOF_7_B1,ALL,1,129.73586,2,121
2022-09-04T01:15:00-00:00,2022-09-04T01:30:00-00:00,2022-09-03,19,KERCKHOF_7_B1,KERCKHOF_7_B1,KERCKHOF_7_B1,RTPD,LMP,LMP_PRC,KERCKHOF_7_B1,ALL,1,184.66617,2,121
2022-09-04T02:15:00-00:00,2022-09-04T02:30:00-00:00,2022-09-03,20,KERCKHOF_7_B1,KERCKHOF_7_B1,KERCKHOF_7_B1,RTPD,LMP,LMP_PRC,KERCKHOF_7_B1,ALL,1,136.71669,2,121
2022-09-04T03:15:00-00:00,2022-09-04T03:30:00-00:00,2022-09-03,21,KERCKHOF_7_B1,KERCKHOF_7_B1,KERCKHOF_7_B1,RTPD,LMP,LMP_PRC,KERCKHOF_7_B1,ALL,1,128.94801,2,121
2022-09-04T04:15:00-00:00,2022-09-04T04:30:00-00:00,2022-09-03,22,KERCKHOF_7_B1,KERCKHOF_7_B1,KERCKHOF_7_B1,RTPD,LMP,LMP_PRC,KERCKHOF_7_B1,ALL,1,140.78612,2,121
2022-09-04T05:15:00-00:00,2022-09-04T05:30:00-00:00,2022-09-03,23,KERCKHOF_7_B1,KERCKHOF_7_B1,KERCKHOF_7_B1,RTPD,LMP,LMP_PRC,KERCKHOF_7_B1,ALL,1,97.178,2,121
2022-09-04T06:15:00-00:00,2022-09-04T06:30:00-00:00,2022-09-03,24,KERCKHOF_7_B1,KERCKHOF_7_B1,KERCKHOF_7_B1,RTPD,LMP,LMP_PRC,KERCKHOF_7_B1,ALL,1,100.54536,2,121
2022-09-03T07:30:00-00:00,2022-09-03T07:45:00-00:00,2022-09-03,01,KERCKHOF_7_B1,KERCKHOF_7_B1,KERCKHOF_7_B1,RTPD,LMP,LMP_PRC,KERCKHOF_7_B1,ALL,1,89.4899,3,121
2022-09-03T08:30:00-00:00,2022-09-03T08:45:00-00:00,2022-09-03,02,KERCKHOF_7_B1,KERCKHOF_7_B1,KERCKHOF_7_B1,RTPD,LMP,LMP_PRC,KERCKHOF_7_B1,ALL,1,124.54697,3,121
2022-09-03T09:30:00-00:00,2022-09-03T09:45:00-00:00,2022-09-03,03,KERCKHOF_7_B1,KERCKHOF_7_B1,KERCKHOF_7_B1,RTPD,LMP,LMP_PRC,KERCKHOF_7_B1,ALL,1,63.55375,3,121
2022-09-03T10:30:00-00:00,2022-09-03T10:45:00-00:00,2022-09-03,04,KERCKHOF_7_B1,KERCKHOF_7_B1,KERCKHOF_7_B1,RTPD,LMP,LMP_PRC,KERCKHOF_7_B1,ALL,1,62.95171,3,121
2022-09-03T11:30:00-00:00,2022-09-03T11:45:00-00:00,2022-09-03,05,KERCKHOF_7_B1,KERCKHOF_7_B1,KERCKHOF_7_B1,RTPD,LMP,LMP_PRC,KERCKHOF_7_B1,ALL,1,120.35828,3,121
2022-09-03T12:30:00-00:00,2022-09-03T12:45:00-00:00,2022-09-03,06,KERCKHOF_7_B1,KERCKHOF_7_B1,KERCKHOF_7_B1,RTPD,LMP,LMP_PRC,KERCKHOF_7_B1,ALL,1,65.83847,3,121
2022-09-03T13:30:00-00:00,2022-09-03T13:45:00-00:00,2022-09-03,07,KERCKHOF_7_B1,KERCKHOF_7_B1,KERCKHOF_7_B1,RTPD,LMP,LMP_PRC,KERCKHOF_7_B1,ALL,1,81.00685,3,121
2022-09-03T14:30:00-00:00,2022-09-03T14:45:00-00:00,2022-09-03,08,KERCKHOF_7_B1,KERCKHOF_7_B1,KERCKHOF_7_B1,RTPD,LMP,LMP_PRC,KERCKHOF_7_B1,ALL,1,68.01459,3,121
2022-09-03T15:30:00-00:00,2022-09-03T15:45:00-00:00,2022-09-03,09,KERCKHOF_7_B1,KERCKHOF_7_B1,KERCKHOF_7_B1,RTPD,LMP,LMP_PRC,KERCKHOF_7_B1,ALL,1,27.49598,3,121
2022-09-03T16:30:00-00:00,2022-09-03T16:45:00-00:00,2022-09-03,10,KERCKHOF_7_B1,KERCKHOF_7_B1,KERCKHOF_7_B1,RTPD,LMP,LMP_PRC,KERCKHOF_7_B1,ALL,1,29.82128,3,121
2022-09-03T17:30:00-00:00,2022-09-03T17:45:00-00:00,2022-09-03,11,KERCKHOF_7_B1,KERCKHOF_7_B1,KERCKHOF_7_B1,RTPD,LMP,LMP_PRC,KERCKHOF_7_B1,ALL,1,69.05039,3,121
2022-09-03T18:30:00-00:00,2022-09-03T18:45:00-00:00,2022-09-03,12,KERCKHOF_7_B1,KERCKHOF_7_B1,KERCKHOF_7_B1,RTPD,LMP,LMP_PRC,KERCKHOF_7_B1,ALL,1,73.05732,3,121
2022-09-03T19:30:00-00:00,2022-09-03T19:45:00-00:00,2022-09-03,13,KERCKHOF_7_B1,KERCKHOF_7_B1,KERCKHOF_7_B1,RTPD,LMP,LMP_PRC,KERCKHOF_7_B1,ALL,1,-0.38465,3,121
2022-09-03T20:30:00-00:00,2022-09-03T20:45:00-00:00,2022-09-03,14,KERCKHOF_7_B1,KERCKHOF_7_B1,KERCKHOF_7_B1,RTPD,LMP,LMP_PRC,KERCKHOF_7_B1,ALL,1,86.41332,3,121
2022-09-03T21:30:00-00:00,2022-09-03T21:45:00-00:00,2022-09-03,15,KERCKHOF_7_B1,KERCKHOF_7_B1,KERCKHOF_7_B1,RTPD,LMP,LMP_PRC,KERCKHOF_7_B1,ALL,1,98.8961,3,121
2022-09-03T22:30:00-00:00,2022-09-03T22:45:00-00:00,2022-09-03,16,KERCKHOF_7_B1,KERCKHOF_7_B1,KERCKHOF_7_B1,RTPD,LMP,LMP_PRC,KERCKHOF_7_B1,ALL,1,94.90519,3,121
2022-09-03T23:30:00-00:00,2022-09-03T23:45:00-00:00,2022-09-03,17,KERCKHOF_7_B1,KERCKHOF_7_B1,KERCKHOF_7_B1,RTPD,LMP,LMP_PRC,KERCKHOF_7_B1,ALL,1,76.17279,3,121
2022-09-04T00:30:00-00:00,2022-09-04T00:45:00-00:00,2022-09-03,18,KERCKHOF_7_B1,KERCKHOF_7_B1,KERCKHOF_7_B1,RTPD,LMP,LMP_PRC,KERCKHOF_7_B1,ALL,1,107.6612,3,121
2022-09-04T01:30:00-00:00,2022-09-04T01:45:00-00:00,2022-09-03,19,KERCKHOF_7_B1,KERCKHOF_7_B1,KERCKHOF_7_B1,RTPD,LMP,LMP_PRC,KERCKHOF_7_B1,ALL,1,189.97249,3,121
2022-09-04T02:30:00-00:00,2022-09-04T02:45:00-00:00,2022-09-03,20,KERCKHOF_7_B1,KERCKHOF_7_B1,KERCKHOF_7_B1,RTPD,LMP,LMP_PRC,KERCKHOF_7_B1,ALL,1,133.27306,3,121
2022-09-04T03:30:00-00:00,2022-09-04T03:45:00-00:00,2022-09-03,21,KERCKHOF_7_B1,KERCKHOF_7_B1,KERCKHOF_7_B1,RTPD,LMP,LMP_PRC,KERCKHOF_7_B1,ALL,1,126.8887,3,121
2022-09-04T04:30:00-00:00,2022-09-04T04:45:00-00:00,2022-09-03,22,KERCKHOF_7_B1,KERCKHOF_7_B1,KERCKHOF_7_B1,RTPD,LMP,LMP_PRC,KERCKHOF_7_B1,ALL,1,140.44807,3,121
2022-09-04T05:30:00-00:00,2022-09-04T05:45:00-00:00,2022-09-03,23,KERCKHOF_7_B1,KERCKHOF_7_B1,KERCKHOF_7_B1,RTPD,LMP,LMP_PRC,KERCKHOF_7_B1,ALL,1,87.55944,3,121
2022-09-04T06:30:00-00:00,2022-09-04T06:45:00-00:00,2022-09-03,24,KERCKHOF_7_B1,KERCKHOF_7_B1,KERCKHOF_7_B1,RTPD,LMP,LMP_PRC,KERCKHOF_7_B1,ALL,1,88.55132,3,121
2022-09-03T07:45:00-00:00,2022-09-03T08:00:00-00:00,2022-09-03,01,KERCKHOF_7_B1,KERCKHOF_7_B1,KERCKHOF_7_B1,RTPD,LMP,LMP_PRC,KERCKHOF_7_B1,ALL,1,73.73354,4,121
2022-09-03T08:45:00-00:00,2022-09-03T09:00:00-00:00,2022-09-03,02,KERCKHOF_7_B1,KERCKHOF_7_B1,KERCKHOF_7_B1,RTPD,LMP,LMP_PRC,KERCKHOF_7_B1,ALL,1,127.19969,4,121
2022-09-03T09:45:00-00:00,2022-09-03T10:00:00-00:00,2022-09-03,03,KERCKHOF_7_B1,KERCKHOF_7_B1,KERCKHOF_7_B1,RTPD,LMP,LMP_PRC,KERCKHOF_7_B1,ALL,1,73.8154,4,121
2022-09-03T10:45:00-00:00,2022-09-03T11:00:00-00:00,2022-09-03,04,KERCKHOF_7_B1,KERCKHOF_7_B1,KERCKHOF_7_B1,RTPD,LMP,LMP_PRC,KERCKHOF_7_B1,ALL,1,269.58905,4,121
2022-09-03T11:45:00-00:00,2022-09-03T12:00:00-00:00,2022-09-03,05,KERCKHOF_7_B1,KERCKHOF_7_B1,KERCKHOF_7_B1,RTPD,LMP,LMP_PRC,KERCKHOF_7_B1,ALL,1,80.54787,4,121
2022-09-03T12:45:00-00:00,2022-09-03T13:00:00-00:00,2022-09-03,06,KERCKHOF_7_B1,KERCKHOF_7_B1,KERCKHOF_7_B1,RTPD,LMP,LMP_PRC,KERCKHOF_7_B1,ALL,1,67.40057,4,121
2022-09-03T13:45:00-00:00,2022-09-03T14:00:00-00:00,2022-09-03,07,KERCKHOF_7_B1,KERCKHOF_7_B1,KERCKHOF_7_B1,RTPD,LMP,LMP_PRC,KERCKHOF_7_B1,ALL,1,80.99547,4,121
2022-09-03T14:45:00-00:00,2022-09-03T15:00:00-00:00,2022-09-03,08,KERCKHOF_7_B1,KERCKHOF_7_B1,KERCKHOF_7_B1,RTPD,LMP,LMP_PRC,KERCKHOF_7_B1,ALL,1,21.2499,4,121
2022-09-03T15:45:00-00:00,2022-09-03T16:00:00-00:00,2022-09-03,09,KERCKHOF_7_B1,KERCKHOF_7_B1,KERCKHOF_7_B1,RTPD,LMP,LMP_PRC,KERCKHOF_7_B1,ALL,1,25.66373,4,121
2022-09-03T16:45:00-00:00,2022-09-03T17:00:00-00:00,2022-09-03,10,KERCKHOF_7_B1,KERCKHOF_7_B1,KERCKHOF_7_B1,RTPD,LMP,LMP_PRC,KERCKHOF_7_B1,ALL,1,50.30076,4,121
2022-09-03T17:45:00-00:00,2022-09-03T18:00:00-00:00,2022-09-03,11,KERCKHOF_7_B1,KERCKHOF_7_B1,KERCKHOF_7_B1,RTPD,LMP,LMP_PRC,KERCKHOF_7_B1,ALL,1,73.49498,4,121
2022-09-03T18:45:00-00:00,2022-09-03T19:00:00-00:00,2022-09-03,12,KERCKHOF_7_B1,KERCKHOF_7_B1,KERCKHOF_7_B1,RTPD,LMP,LMP_PRC,KERCKHOF_7_B1,ALL,1,64.45007,4,121
2022-09-03T19:45:00-00:00,2022-09-03T20:00:00-00:00,2022-09-03,13,KERCKHOF_7_B1,KERCKHOF_7_B1,KERCKHOF_7_B1,RTPD,LMP,LMP_PRC,KERCKHOF_7_B1,ALL,1,0.05292,4,121
2022-09-03T20:45:00-00:00,2022-09-03T21:00:00-00:00,2022-09-03,14,KERCKHOF_7_B1,KERCKHOF_7_B1,KERCKHOF_7_B1,RTPD,LMP,LMP_PRC,KERCKHOF_7_B1,ALL,1,87.23658,4,121
2022-09-03T21:45:00-00:00,2022-09-03T22:00:00-00:00,2022-09-03,15,KERCKHOF_7_B1,KERCKHOF_7_B1,KERCKHOF_7_B1,RTPD,LMP,LMP_PRC,KERCKHOF_7_B1,ALL,1,115.08266,4,121
2022-09-03T22:45:00-00:00,2022-09-03T23:00:00-00:00,2022-09-03,16,KERCKHOF_7_B1,KERCKHOF_7_B1,KERCKHOF_7_B1,RTPD,LMP,LMP_PRC,KERCKHOF_7_B1,ALL,1,128.91405,4,121
2022-09-03T23:45:00-00:00,2022-09-04T00:00:00-00:00,2022-09-03,17,KERCKHOF_7_B1,KERCKHOF_7_B1,KERCKHOF_7_B1,RTPD,LMP,LMP_PRC,KERCKHOF_7_B1,ALL,1,137.27225,4,121
2022-09-04T00:45:00-00:00,2022-09-04T01:00:00-00:00,2022-09-03,18,KERCKHOF_7_B1,KERCKHOF_7_B1,KERCKHOF_7_B1,RTPD,LMP,LMP_PRC,KERCKHOF_7_B1,ALL,1,65.59984,4,121
2022-09-04T01:45:00-00:00,2022-09-04T02:00:00-00:00,2022-09-03,19,KERCKHOF_7_B1,KERCKHOF_7_B1,KERCKHOF_7_B1,RTPD,LMP,LMP_PRC,KERCKHOF_7_B1,ALL,1,450.94366,4,121
2022-09-04T02:45:00-00:00,2022-09-04T03:00:00-00:00,2022-09-03,20,KERCKHOF_7_B1,KERCKHOF_7_B1,KERCKHOF_7_B1,RTPD,LMP,LMP_PRC,KERCKHOF_7_B1,ALL,1,132.81705,4,121
2022-09-04T03:45:00-00:00,2022-09-04T04:00:00-00:00,2022-09-03,21,KERCKHOF_7_B1,KERCKHOF_7_B1,KERCKHOF_7_B1,RTPD,LMP,LMP_PRC,KERCKHOF_7_B1,ALL,1,82.17212,4,121
2022-09-04T04:45:00-00:00,2022-09-04T05:00:00-00:00,2022-09-03,22,KERCKHOF_7_B1,KERCKHOF_7_B1,KERCKHOF_7_B1,RTPD,LMP,LMP_PRC,KERCKHOF_7_B1,ALL,1,139.58234,4,121
2022-09-04T05:45:00-00:00,2022-09-04T06:00:00-00:00,2022-09-03,23,KERCKHOF_7_B1,KERCKHOF_7_B1,KERCKHOF_7_B1,RTPD,LMP,LMP_PRC,KERCKHOF_7_B1,ALL,1,78.53092,4,121
2022-09-04T06:45:00-00:00,2022-09-04T07:00:00-00:00,2022-09-03,24,KERCKHOF_7_B1,KERCKHOF_7_B1,KERCKHOF_7_B1,RTPD,LMP,LMP_PRC,KERCKHOF_7_B1,ALL,1,76.26114,4,121
2022-09-03T07:00:00-00:00,2022-09-03T07:15:00-00:00,2022-09-03,01,KERCKHOF_7_B1,KERCKHOF_7_B1,KERCKHOF_7_B1,RTPD,MCC,LMP_CONG_PRC,KERCKHOF_7_B1,ALL,1,-11.38778,1,122
2022-09-03T08:00:00-00:00,2022-09-03T08:15:00-00:00,2022-09-03,02,KERCKHOF_7_B1,KERCKHOF_7_B1,KERCKHOF_7_B1,RTPD,MCC,LMP_CONG_PRC,KERCKHOF_7_B1,ALL,1,1.38856,1,122
2022-09-03T09:00:00-00:00,2022-09-03T09:15:00-00:00,2022-09-03,03,KERCKHOF_7_B1,KERCKHOF_7_B1,KERCKHOF_7_B1,RTPD,MCC,LMP_CONG_PRC,KERCKHOF_7_B1,ALL,1,39.51181,1,122
2022-09-03T10:00:00-00:00,2022-09-03T10:15:00-00:00,2022-09-03,04,KERCKHOF_7_B1,KERCKHOF_7_B1,KERCKHOF_7_B1,RTPD,MCC,LMP_CONG_PRC,KERCKHOF_7_B1,ALL,1,-10.54675,1,122
2022-09-03T11:00:00-00:00,2022-09-03T11:15:00-00:00,2022-09-03,05,KERCKHOF_7_B1,KERCKHOF_7_B1,KERCKHOF_7_B1,RTPD,MCC,LMP_CONG_PRC,KERCKHOF_7_B1,ALL,1,19.04718,1,122
2022-09-03T12:00:00-00:00,2022-09-03T12:15:00-00:00,2022-09-03,06,KERCKHOF_7_B1,KERCKHOF_7_B1,KERCKHOF_7_B1,RTPD,MCC,LMP_CONG_PRC,KERCKHOF_7_B1,ALL,1,-2.04128,1,122
2022-09-03T13:00:00-00:00,2022-09-03T13:15:00-00:00,2022-09-03,07,KERCKHOF_7_B1,KERCKHOF_7_B1,KERCKHOF_7_B1,RTPD,MCC,LMP_CONG_PRC,KERCKHOF_7_B1,ALL,1,23.2415,1,122
2022-09-03T14:00:00-00:00,2022-09-03T14:15:00-00:00,2022-09-03,08,KERCKHOF_7_B1,KERCKHOF_7_B1,KERCKHOF_7_B1,RTPD,MCC,LMP_CONG_PRC,KERCKHOF_7_B1,ALL,1,40.91875,1,122
2022-09-03T15:00:00-00:00,2022-09-03T15:15:00-00:00,2022-09-03,09,KERCKHOF_7_B1,KERCKHOF_7_B1,KERCKHOF_7_B1,RTPD,MCC,LMP_CONG_PRC,KERCKHOF_7_B1,ALL,1,0,1,122
2022-09-03T16:00:00-00:00,2022-09-03T16:15:00-00:00,2022-09-03,10,KERCKHOF_7_B1,KERCKHOF_7_B1,KERCKHOF_7_B1,RTPD,MCC,LMP_CONG_PRC,KERCKHOF_7_B1,ALL,1,0,1,122
2022-09-03T17:00:00-00:00,2022-09-03T17:15:00-00:00,2022-09-03,11,KERCKHOF_7_B1,KERCKHOF_7_B1,KERCKHOF_7_B1,RTPD,MCC,LMP_CONG_PRC,KERCKHOF_7_B1,ALL,1,0,1,122
2022-09-03T18:00:00-00:00,2022-09-03T18:15:00-00:00,2022-09-03,12,KERCKHOF_7_B1,KERCKHOF_7_B1,KERCKHOF_7_B1,RTPD,MCC,LMP_CONG_PRC,KERCKHOF_7_B1,ALL,1,-7.43682,1,122
2022-09-03T19:00:00-00:00,2022-09-03T19:15:00-00:00,2022-09-03,13,KERCKHOF_7_B1,KERCKHOF_7_B1,KERCKHOF_7_B1,RTPD,MCC,LMP_CONG_PRC,KERCKHOF_7_B1,ALL,1,-47.58126,1,122
2022-09-03T20:00:00-00:00,2022-09-03T20:15:00-00:00,2022-09-03,14,KERCKHOF_7_B1,KERCKHOF_7_B1,KERCKHOF_7_B1,RTPD,MCC,LMP_CONG_PRC,KERCKHOF_7_B1,ALL,1,3.40983,1,122
2022-09-03T21:00:00-00:00,2022-09-03T21:15:00-00:00,2022-09-03,15,KERCKHOF_7_B1,KERCKHOF_7_B1,KERCKHOF_7_B1,RTPD,MCC,LMP_CONG_PRC,KERCKHOF_7_B1,ALL,1,21.02813,1,122
2022-09-03T22:00:00-00:00,2022-09-03T22:15:00-00:00,2022-09-03,16,KERCKHOF_7_B1,KERCKHOF_7_B1,KERCKHOF_7_B1,RTPD,MCC,LMP_CONG_PRC,KERCKHOF_7_B1,ALL,1,49.24186,1,122
2022-09-03T23:00:00-00:00,2022-09-03T23:15:00-00:00,2022-09-03,17,KERCKHOF_7_B1,KERCKHOF_7_B1,KERCKHOF_7_B1,RTPD,MCC,LMP_CONG_PRC,KERCKHOF_7_B1,ALL,1,-9.92765,1,122
2022-09-04T00:00:00-00:00,2022-09-04T00:15:00-00:00,2022-09-03,18,KERCKHOF_7_B1,KERCKHOF_7_B1,KERCKHOF_7_B1,RTPD,MCC,LMP_CONG_PRC,KERCKHOF_7_B1,ALL,1,-22.02915,1,122
2022-09-04T01:00:00-00:00,2022-09-04T01:15:00-00:00,2022-09-03,19,KERCKHOF_7_B1,KERCKHOF_7_B1,KERCKHOF_7_B1,RTPD,MCC,LMP_CONG_PRC,KERCKHOF_7_B1,ALL,1,-75.32469,1,122
2022-09-04T02:00:00-00:00,2022-09-04T02:15:00-00:00,2022-09-03,20,KERCKHOF_7_B1,KERCKHOF_7_B1,KERCKHOF_7_B1,RTPD,MCC,LMP_CONG_PRC,KERCKHOF_7_B1,ALL,1,-7.32409,1,122
2022-09-04T03:00:00-00:00,2022-09-04T03:15:00-00:00,2022-09-03,21,KERCKHOF_7_B1,KERCKHOF_7_B1,KERCKHOF_7_B1,RTPD,MCC,LMP_CONG_PRC,KERCKHOF_7_B1,ALL,1,8.37805,1,122
2022-09-04T04:00:00-00:00,2022-09-04T04:15:00-00:00,2022-09-03,22,KERCKHOF_7_B1,KERCKHOF_7_B1,KERCKHOF_7_B1,RTPD,MCC,LMP_CONG_PRC,KERCKHOF_7_B1,ALL,1,15.18406,1,122
2022-09-04T05:00:00-00:00,2022-09-04T05:15:00-00:00,2022-09-03,23,KERCKHOF_7_B1,KERCKHOF_7_B1,KERCKHOF_7_B1,RTPD,MCC,LMP_CONG_PRC,KERCKHOF_7_B1,ALL,1,-43.36761,1,122
2022-09-04T06:00:00-00:00,2022-09-04T06:15:00-00:00,2022-09-03,24,KERCKHOF_7_B1,KERCKHOF_7_B1,KERCKHOF_7_B1,RTPD,MCC,LMP_CONG_PRC,KERCKHOF_7_B1,ALL,1,-2.63896,1,122
2022-09-03T07:15:00-00:00,2022-09-03T07:30:00-00:00,2022-09-03,01,KERCKHOF_7_B1,KERCKHOF_7_B1,KERCKHOF_7_B1,RTPD,MCC,LMP_CONG_PRC,KERCKHOF_7_B1,ALL,1,-15.31859,2,122
2022-09-03T08:15:00-00:00,2022-09-03T08:30:00-00:00,2022-09-03,02,KERCKHOF_7_B1,KERCKHOF_7_B1,KERCKHOF_7_B1,RTPD,MCC,LMP_CONG_PRC,KERCKHOF_7_B1,ALL,1,42.77095,2,122
2022-09-03T09:15:00-00:00,2022-09-03T09:30:00-00:00,2022-09-03,03,KERCKHOF_7_B1,KERCKHOF_7_B1,KERCKHOF_7_B1,RTPD,MCC,LMP_CONG_PRC,KERCKHOF_7_B1,ALL,1,-10.86242,2,122
2022-09-03T10:15:00-00:00,2022-09-03T10:30:00-00:00,2022-09-03,04,KERCKHOF_7_B1,KERCKHOF_7_B1,KERCKHOF_7_B1,RTPD,MCC,LMP_CONG_PRC,KERCKHOF_7_B1,ALL,1,-12.25081,2,122
2022-09-03T11:15:00-00:00,2022-09-03T11:30:00-00:00,2022-09-03,05,KERCKHOF_7_B1,KERCKHOF_7_B1,KERCKHOF_7_B1,RTPD,MCC,LMP_CONG_PRC,KERCKHOF_7_B1,ALL,1,-3.831,2,122
2022-09-03T12:15:00-00:00,2022-09-03T12:30:00-00:00,2022-09-03,06,KERCKHOF_7_B1,KERCKHOF_7_B1,KERCKHOF_7_B1,RTPD,MCC,LMP_CONG_PRC,KERCKHOF_7_B1,ALL,1,-4.34976,2,122
2022-09-03T13:15:00-00:00,2022-09-03T13:30:00-00:00,2022-09-03,07,KERCKHOF_7_B1,KERCKHOF_7_B1,KERCKHOF_7_B1,RTPD,MCC,LMP_CONG_PRC,KERCKHOF_7_B1,ALL,1,23.46914,2,122
2022-09-03T14:15:00-00:00,2022-09-03T14:30:00-00:00,2022-09-03,08,KERCKHOF_7_B1,KERCKHOF_7_B1,KERCKHOF_7_B1,RTPD,MCC,LMP_CONG_PRC,KERCKHOF_7_B1,ALL,1,71.47944,2,122
2022-09-03T15:15:00-00:00,2022-09-03T15:30:00-00:00,2022-09-03,09,KERCKHOF_7_B1,KERCKHOF_7_B1,KERCKHOF_7_B1,RTPD,MCC,LMP_CONG_PRC,KERCKHOF_7_B1,ALL,1,0,2,122
2022-09-03T16:15:00-00:00,2022-09-03T16:30:00-00:00,2022-09-03,10,KERCKHOF_7_B1,KERCKHOF_7_B1,KERCKHOF_7_B1,RTPD,MCC,LMP_CONG_PRC,KERCKHOF_7_B1,ALL,1,0,2,122
2022-09-03T17:15:00-00:00,2022-09-03T17:30:00-00:00,2022-09-03,11,KERCKHOF_7_B1,KERCKHOF_7_B1,KERCKHOF_7_B1,RTPD,MCC,LMP_CONG_PRC,KERCKHOF_7_B1,ALL,1,0,2,122
2022-09-03T18:15:00-00:00,2022-09-03T18:30:00-00:00,2022-09-03,12,KERCKHOF_7_B1,KERCKHOF_7_B1,KERCKHOF_7_B1,RTPD,MCC,LMP_CONG_PRC,KERCKHOF_7_B1,ALL,1,-2.65674,2,122
2022-09-03T19:15:00-00:00,2022-09-03T19:30:00-00:00,2022-09-03,13,KERCKHOF_7_B1,KERCKHOF_7_B1,KERCKHOF_7_B1,RTPD,MCC,LMP_CONG_PRC,KERCKHOF_7_B1,ALL,1,-52.12658,2,122
2022-09-03T20:15:00-00:00,2022-09-03T20:30:00-00:00,2022-09-03,14,KERCKHOF_7_B1,KERCKHOF_7_B1,KERCKHOF_7_B1,RTPD,MCC,LMP_CONG_PRC,KERCKHOF_7_B1,ALL,1,10.87864,2,122
2022-09-03T21:15:00-00:00,2022-09-03T21:30:00-00:00,2022-09-03,15,KERCKHOF_7_B1,KERCKHOF_7_B1,KERCKHOF_7_B1,RTPD,MCC,LMP_CONG_PRC,KERCKHOF_7_B1,ALL,1,38.63057,2,122
2022-09-03T22:15:00-00:00,2022-09-03T22:30:00-00:00,2022-09-03,16,KERCKHOF_7_B1,KERCKHOF_7_B1,KERCKHOF_7_B1,RTPD,MCC,LMP_CONG_PRC,KERCKHOF_7_B1,ALL,1,36.81436,2,122
2022-09-03T23:15:00-00:00,2022-09-03T23:30:00-00:00,2022-09-03,17,KERCKHOF_7_B1,KERCKHOF_7_B1,KERCKHOF_7_B1,RTPD,MCC,LMP_CONG_PRC,KERCKHOF_7_B1,ALL,1,-22.81005,2,122
2022-09-04T00:15:00-00:00,2022-09-04T00:30:00-00:00,2022-09-03,18,KERCKHOF_7_B1,KERCKHOF_7_B1,KERCKHOF_7_B1,RTPD,MCC,LMP_CONG_PRC,KERCKHOF_7_B1,ALL,1,18.95902,2,122
2022-09-04T01:15:00-00:00,2022-09-04T01:30:00-00:00,2022-09-03,19,KERCKHOF_7_B1,KERCKHOF_7_B1,KERCKHOF_7_B1,RTPD,MCC,LMP_CONG_PRC,KERCKHOF_7_B1,ALL,1,-60.29117,2,122
2022-09-04T02:15:00-00:00,2022-09-04T02:30:00-00:00,2022-09-03,20,KERCKHOF_7_B1,KERCKHOF_7_B1,KERCKHOF_7_B1,RTPD,MCC,LMP_CONG_PRC,KERCKHOF_7_B1,ALL,1,-10.26947,2,122
2022-09-04T03:15:00-00:00,2022-09-04T03:30:00-00:00,2022-09-03,21,KERCKHOF_7_B1,KERCKHOF_7_B1,KERCKHOF_7_B1,RTPD,MCC,LMP_CONG_PRC,KERCKHOF_7_B1,ALL,1,21.87774,2,122
2022-09-04T04:15:00-00:00,2022-09-04T04:30:00-00:00,2022-09-03,22,KERCKHOF_7_B1,KERCKHOF_7_B1,KERCKHOF_7_B1,RTPD,MCC,LMP_CONG_PRC,KERCKHOF_7_B1,ALL,1,15.73169,2,122
2022-09-04T05:15:00-00:00,2022-09-04T05:30:00-00:00,2022-09-03,23,KERCKHOF_7_B1,KERCKHOF_7_B1,KERCKHOF_7_B1,RTPD,MCC,LMP_CONG_PRC,KERCKHOF_7_B1,ALL,1,-34.96168,2,122
2022-09-04T06:15:00-00:00,2022-09-04T06:30:00-00:00,2022-09-03,24,KERCKHOF_7_B1,KERCKHOF_7_B1,KERCKHOF_7_B1,RTPD,MCC,LMP_CONG_PRC,KERCKHOF_7_B1,ALL,1,-8.3899,2,122
2022-09-03T07:30:00-00:00,2022-09-03T07:45:00-00:00,2022-09-03,01,KERCKHOF_7_B1,KERCKHOF_7_B1,KERCKHOF_7_B1,RTPD,MCC,LMP_CONG_PRC,KERCKHOF_7_B1,ALL,1,-13.14661,3,122
2022-09-03T08:30:00-00:00,2022-09-03T08:45:00-00:00,2022-09-03,02,KERCKHOF_7_B1,KERCKHOF_7_B1,KERCKHOF_7_B1,RTPD,MCC,LMP_CONG_PRC,KERCKHOF_7_B1,ALL,1,40.1721,3,122
2022-09-03T09:30:00-00:00,2022-09-03T09:45:00-00:00,2022-09-03,03,KERCKHOF_7_B1,KERCKHOF_7_B1,KERCKHOF_7_B1,RTPD,MCC,LMP_CONG_PRC,KERCKHOF_7_B1,ALL,1,-15.1179,3,122
2022-09-03T10:30:00-00:00,2022-09-03T10:45:00-00:00,2022-09-03,04,KERCKHOF_7_B1,KERCKHOF_7_B1,KERCKHOF_7_B1,RTPD,MCC,LMP_CONG_PRC,KERCKHOF_7_B1,ALL,1,-11.68532,3,122
2022-09-03T11:30:00-00:00,2022-09-03T11:45:00-00:00,2022-09-03,05,KERCKHOF_7_B1,KERCKHOF_7_B1,KERCKHOF_7_B1,RTPD,MCC,LMP_CONG_PRC,KERCKHOF_7_B1,ALL,1,47.56123,3,122
2022-09-03T12:30:00-00:00,2022-09-03T12:45:00-00:00,2022-09-03,06,KERCKHOF_7_B1,KERCKHOF_7_B1,KERCKHOF_7_B1,RTPD,MCC,LMP_CONG_PRC,KERCKHOF_7_B1,ALL,1,-5.80612,3,122
2022-09-03T13:30:00-00:00,2022-09-03T13:45:00-00:00,2022-09-03,07,KERCKHOF_7_B1,KERCKHOF_7_B1,KERCKHOF_7_B1,RTPD,MCC,LMP_CONG_PRC,KERCKHOF_7_B1,ALL,1,22.40492,3,122
2022-09-03T14:30:00-00:00,2022-09-03T14:45:00-00:00,2022-09-03,08,KERCKHOF_7_B1,KERCKHOF_7_B1,KERCKHOF_7_B1,RTPD,MCC,LMP_CONG_PRC,KERCKHOF_7_B1,ALL,1,32.92372,3,122
2022-09-03T15:30:00-00:00,2022-09-03T15:45:00-00:00,2022-09-03,09,KERCKHOF_7_B1,KERCKHOF_7_B1,KERCKHOF_7_B1,RTPD,MCC,LMP_CONG_PRC,KERCKHOF_7_B1,ALL,1,0,3,122
2022-09-03T16:30:00-00:00,2022-09-03T16:45:00-00:00,2022-09-03,10,KERCKHOF_7_B1,KERCKHOF_7_B1,KERCKHOF_7_B1,RTPD,MCC,LMP_CONG_PRC,KERCKHOF_7_B1,ALL,1,0,3,122
2022-09-03T17:30:00-00:00,2022-09-03T17:45:00-00:00,2022-09-03,11,KERCKHOF_7_B1,KERCKHOF_7_B1,KERCKHOF_7_B1,RTPD,MCC,LMP_CONG_PRC,KERCKHOF_7_B1,ALL,1,0,3,122
2022-09-03T18:30:00-00:00,2022-09-03T18:45:00-00:00,2022-09-03,12,KERCKHOF_7_B1,KERCKHOF_7_B1,KERCKHOF_7_B1,RTPD,MCC,LMP_CONG_PRC,KERCKHOF_7_B1,ALL,1,-5.30508,3,122
2022-09-03T19:30:00-00:00,2022-09-03T19:45:00-00:00,2022-09-03,13,KERCKHOF_7_B1,KERCKHOF_7_B1,KERCKHOF_7_B1,RTPD,MCC,LMP_CONG_PRC,KERCKHOF_7_B1,ALL,1,-70.49916,3,122
2022-09-03T20:30:00-00:00,2022-09-03T20:45:00-00:00,2022-09-03,14,KERCKHOF_7_B1,KERCKHOF_7_B1,KERCKHOF_7_B1,RTPD,MCC,LMP_CONG_PRC,KERCKHOF_7_B1,ALL,1,16.69087,3,122
2022-09-03T21:30:00-00:00,2022-09-03T21:45:00-00:00,2022-09-03,15,KERCKHOF_7_B1,KERCKHOF_7_B1,KERCKHOF_7_B1,RTPD,MCC,LMP_CONG_PRC,KERCKHOF_7_B1,ALL,1,35.29154,3,122
2022-09-03T22:30:00-00:00,2022-09-03T22:45:00-00:00,2022-09-03,16,KERCKHOF_7_B1,KERCKHOF_7_B1,KERCKHOF_7_B1,RTPD,MCC,LMP_CONG_PRC,KERCKHOF_7_B1,ALL,1,-2.95262,3,122
2022-09-03T23:30:00-00:00,2022-09-03T23:45:00-00:00,2022-09-03,17,KERCKHOF_7_B1,KERCKHOF_7_B1,KERCKHOF_7_B1,RTPD,MCC,LMP_CONG_PRC,KERCKHOF_7_B1,ALL,1,-25.08059,3,122
2022-09-04T00:30:00-00:00,2022-09-04T00:45:00-00:00,2022-09-03,18,KERCKHOF_7_B1,KERCKHOF_7_B1,KERCKHOF_7_B1,RTPD,MCC,LMP_CONG_PRC,KERCKHOF_7_B1,ALL,1,-27.03816,3,122
2022-09-04T01:30:00-00:00,2022-09-04T01:45:00-00:00,2022-09-03,19,KERCKHOF_7_B1,KERCKHOF_7_B1,KERCKHOF_7_B1,RTPD,MCC,LMP_CONG_PRC,KERCKHOF_7_B1,ALL,1,-259.66006,3,122
2022-09-04T02:30:00-00:00,2022-09-04T02:45:00-00:00,2022-09-03,20,KERCKHOF_7_B1,KERCKHOF_7_B1,KERCKHOF_7_B1,RTPD,MCC,LMP_CONG_PRC,KERCKHOF_7_B1,ALL,1,1.65341,3,122
2022-09-04T03:30:00-00:00,2022-09-04T03:45:00-00:00,2022-09-03,21,KERCKHOF_7_B1,KERCKHOF_7_B1,KERCKHOF_7_B1,RTPD,MCC,LMP_CONG_PRC,KERCKHOF_7_B1,ALL,1,24.82489,3,122
2022-09-04T04:30:00-00:00,2022-09-04T04:45:00-00:00,2022-09-03,22,KERCKHOF_7_B1,KERCKHOF_7_B1,KERCKHOF_7_B1,RTPD,MCC,LMP_CONG_PRC,KERCKHOF_7_B1,ALL,1,27.10216,3,122
2022-09-04T05:30:00-00:00,2022-09-04T05:45:00-00:00,2022-09-03,23,KERCKHOF_7_B1,KERCKHOF_7_B1,KERCKHOF_7_B1,RTPD,MCC,LMP_CONG_PRC,KERCKHOF_7_B1,ALL,1,-38.62947,3,122
2022-09-04T06:30:00-00:00,2022-09-04T06:45:00-00:00,2022-09-03,24,KERCKHOF_7_B1,KERCKHOF_7_B1,KERCKHOF_7_B1,RTPD,MCC,LMP_CONG_PRC,KERCKHOF_7_B1,ALL,1,-16.24308,3,122
2022-09-03T07:45:00-00:00,2022-09-03T08:00:00-00:00,2022-09-03,01,KERCKHOF_7_B1,KERCKHOF_7_B1,KERCKHOF_7_B1,RTPD,MCC,LMP_CONG_PRC,KERCKHOF_7_B1,ALL,1,-9.79864,4,122
2022-09-03T08:45:00-00:00,2022-09-03T09:00:00-00:00,2022-09-03,02,KERCKHOF_7_B1,KERCKHOF_7_B1,KERCKHOF_7_B1,RTPD,MCC,LMP_CONG_PRC,KERCKHOF_7_B1,ALL,1,32.30197,4,122
2022-09-03T09:45:00-00:00,2022-09-03T10:00:00-00:00,2022-09-03,03,KERCKHOF_7_B1,KERCKHOF_7_B1,KERCKHOF_7_B1,RTPD,MCC,LMP_CONG_PRC,KERCKHOF_7_B1,ALL,1,-12.01628,4,122
2022-09-03T10:45:00-00:00,2022-09-03T11:00:00-00:00,2022-09-03,04,KERCKHOF_7_B1,KERCKHOF_7_B1,KERCKHOF_7_B1,RTPD,MCC,LMP_CONG_PRC,KERCKHOF_7_B1,ALL,1,178.29489,4,122
2022-09-03T11:45:00-00:00,2022-09-03T12:00:00-00:00,2022-09-03,05,KERCKHOF_7_B1,KERCKHOF_7_B1,KERCKHOF_7_B1,RTPD,MCC,LMP_CONG_PRC,KERCKHOF_7_B1,ALL,1,1.93567,4,122
2022-09-03T12:45:00-00:00,2022-09-03T13:00:00-00:00,2022-09-03,06,KERCKHOF_7_B1,KERCKHOF_7_B1,KERCKHOF_7_B1,RTPD,MCC,LMP_CONG_PRC,KERCKHOF_7_B1,ALL,1,-7.55998,4,122
2022-09-03T13:45:00-00:00,2022-09-03T14:00:00-00:00,2022-09-03,07,KERCKHOF_7_B1,KERCKHOF_7_B1,KERCKHOF_7_B1,RTPD,MCC,LMP_CONG_PRC,KERCKHOF_7_B1,ALL,1,29.33504,4,122
2022-09-03T14:45:00-00:00,2022-09-03T15:00:00-00:00,2022-09-03,08,KERCKHOF_7_B1,KERCKHOF_7_B1,KERCKHOF_7_B1,RTPD,MCC,LMP_CONG_PRC,KERCKHOF_7_B1,ALL,1,0.00113,4,122
2022-09-03T15:45:00-00:00,2022-09-03T16:00:00-00:00,2022-09-03,09,KERCKHOF_7_B1,KERCKHOF_7_B1,KERCKHOF_7_B1,RTPD,MCC,LMP_CONG_PRC,KERCKHOF_7_B1,ALL,1,0,4,122
2022-09-03T16:45:00-00:00,2022-09-03T17:00:00-00:00,2022-09-03,10,KERCKHOF_7_B1,KERCKHOF_7_B1,KERCKHOF_7_B1,RTPD,MCC,LMP_CONG_PRC,KERCKHOF_7_B1,ALL,1,0,4,122
2022-09-03T17:45:00-00:00,2022-09-03T18:00:00-00:00,2022-09-03,11,KERCKHOF_7_B1,KERCKHOF_7_B1,KERCKHOF_7_B1,RTPD,MCC,LMP_CONG_PRC,KERCKHOF_7_B1,ALL,1,-2.18409,4,122
2022-09-03T18:45:00-00:00,2022-09-03T19:00:00-00:00,2022-09-03,12,KERCKHOF_7_B1,KERCKHOF_7_B1,KERCKHOF_7_B1,RTPD,MCC,LMP_CONG_PRC,KERCKHOF_7_B1,ALL,1,-8.6824,4,122
2022-09-03T19:45:00-00:00,2022-09-03T20:00:00-00:00,2022-09-03,13,KERCKHOF_7_B1,KERCKHOF_7_B1,KERCKHOF_7_B1,RTPD,MCC,LMP_CONG_PRC,KERCKHOF_7_B1,ALL,1,-73.64057,4,122
2022-09-03T20:45:00-00:00,2022-09-03T21:00:00-00:00,2022-09-03,14,KERCKHOF_7_B1,KERCKHOF_7_B1,KERCKHOF_7_B1,RTPD,MCC,LMP_CONG_PRC,KERCKHOF_7_B1,ALL,1,18.76448,4,122
2022-09-03T21:45:00-00:00,2022-09-03T22:00:00-00:00,2022-09-03,15,KERCKHOF_7_B1,KERCKHOF_7_B1,KERCKHOF_7_B1,RTPD,MCC,LMP_CONG_PRC,KERCKHOF_7_B1,ALL,1,45.69397,4,122
2022-09-03T22:45:00-00:00,2022-09-03T23:00:00-00:00,2022-09-03,16,KERCKHOF_7_B1,KERCKHOF_7_B1,KERCKHOF_7_B1,RTPD,MCC,LMP_CONG_PRC,KERCKHOF_7_B1,ALL,1,3.49305,4,122
2022-09-03T23:45:00-00:00,2022-09-04T00:00:00-00:00,2022-09-03,17,KERCKHOF_7_B1,KERCKHOF_7_B1,KERCKHOF_7_B1,RTPD,MCC,LMP_CONG_PRC,KERCKHOF_7_B1,ALL,1,10.37064,4,122
2022-09-04T00:45:00-00:00,2022-09-04T01:00:00-00:00,2022-09-03,18,KERCKHOF_7_B1,KERCKHOF_7_B1,KERCKHOF_7_B1,RTPD,MCC,LMP_CONG_PRC,KERCKHOF_7_B1,ALL,1,-192.48299,4,122
2022-09-04T01:45:00-00:00,2022-09-04T02:00:00-00:00,2022-09-03,19,KERCKHOF_7_B1,KERCKHOF_7_B1,KERCKHOF_7_B1,RTPD,MCC,LMP_CONG_PRC,KERCKHOF_7_B1,ALL,1,54.63935,4,122
2022-09-04T02:45:00-00:00,2022-09-04T03:00:00-00:00,2022-09-03,20,KERCKHOF_7_B1,KERCKHOF_7_B1,KERCKHOF_7_B1,RTPD,MCC,LMP_CONG_PRC,KERCKHOF_7_B1,ALL,1,-8.79717,4,122
2022-09-04T03:45:00-00:00,2022-09-04T04:00:00-00:00,2022-09-03,21,KERCKHOF_7_B1,KERCKHOF_7_B1,KERCKHOF_7_B1,RTPD,MCC,LMP_CONG_PRC,KERCKHOF_7_B1,ALL,1,-10.2422,4,122
2022-09-04T04:45:00-00:00,2022-09-04T05:00:00-00:00,2022-09-03,22,KERCKHOF_7_B1,KERCKHOF_7_B1,KERCKHOF_7_B1,RTPD,MCC,LMP_CONG_PRC,KERCKHOF_7_B1,ALL,1,34.74687,4,122
2022-09-04T05:45:00-00:00,2022-09-04T06:00:00-00:00,2022-09-03,23,KERCKHOF_7_B1,KERCKHOF_7_B1,KERCKHOF_7_B1,RTPD,MCC,LMP_CONG_PRC,KERCKHOF_7_B1,ALL,1,-31.65483,4,122
2022-09-04T06:45:00-00:00,2022-09-04T07:00:00-00:00,2022-09-03,24,KERCKHOF_7_B1,KERCKHOF_7_B1,KERCKHOF_7_B1,RTPD,MCC,LMP_CONG_PRC,KERCKHOF_7_B1,ALL,1,-19.39436,4,122
2022-09-03T07:00:00-00:00,2022-09-03T07:15:00-00:00,2022-09-03,01,KERCKHOF_7_B1,KERCKHOF_7_B1,KERCKHOF_7_B1,RTPD,MCE,LMP_ENE_PRC,KERCKHOF_7_B1,ALL,1,95.21526,1,123
2022-09-03T08:00:00-00:00,2022-09-03T08:15:00-00:00,2022-09-03,02,KERCKHOF_7_B1,KERCKHOF_7_B1,KERCKHOF_7_B1,RTPD,MCE,LMP_ENE_PRC,KERCKHOF_7_B1,ALL,1,87.28334,1,123
2022-09-03T09:00:00-00:00,2022-09-03T09:15:00-00:00,2022-09-03,03,KERCKHOF_7_B1,KERCKHOF_7_B1,KERCKHOF_7_B1,RTPD,MCE,LMP_ENE_PRC,KERCKHOF_7_B1,ALL,1,83.66355,1,123
2022-09-03T10:00:00-00:00,2022-09-03T10:15:00-00:00,2022-09-03,04,KERCKHOF_7_B1,KERCKHOF_7_B1,KERCKHOF_7_B1,RTPD,MCE,LMP_ENE_PRC,KERCKHOF_7_B1,ALL,1,78.01908,1,123
2022-09-03T11:00:00-00:00,2022-09-03T11:15:00-00:00,2022-09-03,05,KERCKHOF_7_B1,KERCKHOF_7_B1,KERCKHOF_7_B1,RTPD,MCE,LMP_ENE_PRC,KERCKHOF_7_B1,ALL,1,75.01707,1,123
2022-09-03T12:00:00-00:00,2022-09-03T12:15:00-00:00,2022-09-03,06,KERCKHOF_7_B1,KERCKHOF_7_B1,KERCKHOF_7_B1,RTPD,MCE,LMP_ENE_PRC,KERCKHOF_7_B1,ALL,1,69.78732,1,123
2022-09-03T13:00:00-00:00,2022-09-03T13:15:00-00:00,2022-09-03,07,KERCKHOF_7_B1,KERCKHOF_7_B1,KERCKHOF_7_B1,RTPD,MCE,LMP_ENE_PRC,KERCKHOF_7_B1,ALL,1,60.44229,1,123
2022-09-03T14:00:00-00:00,2022-09-03T14:15:00-00:00,2022-09-03,08,KERCKHOF_7_B1,KERCKHOF_7_B1,KERCKHOF_7_B1,RTPD,MCE,LMP_ENE_PRC,KERCKHOF_7_B1,ALL,1,41.05574,1,123
2022-09-03T15:00:00-00:00,2022-09-03T15:15:00-00:00,2022-09-03,09,KERCKHOF_7_B1,KERCKHOF_7_B1,KERCKHOF_7_B1,RTPD,MCE,LMP_ENE_PRC,KERCKHOF_7_B1,ALL,1,25.73144,1,123
2022-09-03T16:00:00-00:00,2022-09-03T16:15:00-00:00,2022-09-03,10,KERCKHOF_7_B1,KERCKHOF_7_B1,KERCKHOF_7_B1,RTPD,MCE,LMP_ENE_PRC,KERCKHOF_7_B1,ALL,1,28.48087,1,123
2022-09-03T17:00:00-00:00,2022-09-03T17:15:00-00:00,2022-09-03,11,KERCKHOF_7_B1,KERCKHOF_7_B1,KERCKHOF_7_B1,RTPD,MCE,LMP_ENE_PRC,KERCKHOF_7_B1,ALL,1,51.7991,1,123
2022-09-03T18:00:00-00:00,2022-09-03T18:15:00-00:00,2022-09-03,12,KERCKHOF_7_B1,KERCKHOF_7_B1,KERCKHOF_7_B1,RTPD,MCE,LMP_ENE_PRC,KERCKHOF_7_B1,ALL,1,66.18183,1,123
2022-09-03T19:00:00-00:00,2022-09-03T19:15:00-00:00,2022-09-03,13,KERCKHOF_7_B1,KERCKHOF_7_B1,KERCKHOF_7_B1,RTPD,MCE,LMP_ENE_PRC,KERCKHOF_7_B1,ALL,1,49.33175,1,123
2022-09-03T20:00:00-00:00,2022-09-03T20:15:00-00:00,2022-09-03,14,KERCKHOF_7_B1,KERCKHOF_7_B1,KERCKHOF_7_B1,RTPD,MCE,LMP_ENE_PRC,KERCKHOF_7_B1,ALL,1,61.97858,1,123
2022-09-03T21:00:00-00:00,2022-09-03T21:15:00-00:00,2022-09-03,15,KERCKHOF_7_B1,KERCKHOF_7_B1,KERCKHOF_7_B1,RTPD,MCE,LMP_ENE_PRC,KERCKHOF_7_B1,ALL,1,48.58929,1,123
2022-09-03T22:00:00-00:00,2022-09-03T22:15:00-00:00,2022-09-03,16,KERCKHOF_7_B1,KERCKHOF_7_B1,KERCKHOF_7_B1,RTPD,MCE,LMP_ENE_PRC,KERCKHOF_7_B1,ALL,1,56.82881,1,123
2022-09-03T23:00:00-00:00,2022-09-03T23:15:00-00:00,2022-09-03,17,KERCKHOF_7_B1,KERCKHOF_7_B1,KERCKHOF_7_B1,RTPD,MCE,LMP_ENE_PRC,KERCKHOF_7_B1,ALL,1,71.87635,1,123
2022-09-04T00:00:00-00:00,2022-09-04T00:15:00-00:00,2022-09-03,18,KERCKHOF_7_B1,KERCKHOF_7_B1,KERCKHOF_7_B1,RTPD,MCE,LMP_ENE_PRC,KERCKHOF_7_B1,ALL,1,89.65697,1,123
2022-09-04T01:00:00-00:00,2022-09-04T01:15:00-00:00,2022-09-03,19,KERCKHOF_7_B1,KERCKHOF_7_B1,KERCKHOF_7_B1,RTPD,MCE,LMP_ENE_PRC,KERCKHOF_7_B1,ALL,1,154.23135,1,123
2022-09-04T02:00:00-00:00,2022-09-04T02:15:00-00:00,2022-09-03,20,KERCKHOF_7_B1,KERCKHOF_7_B1,KERCKHOF_7_B1,RTPD,MCE,LMP_ENE_PRC,KERCKHOF_7_B1,ALL,1,112.79788,1,123
2022-09-04T03:00:00-00:00,2022-09-04T03:15:00-00:00,2022-09-03,21,KERCKHOF_7_B1,KERCKHOF_7_B1,KERCKHOF_7_B1,RTPD,MCE,LMP_ENE_PRC,KERCKHOF_7_B1,ALL,1,114.10546,1,123
2022-09-04T04:00:00-00:00,2022-09-04T04:15:00-00:00,2022-09-03,22,KERCKHOF_7_B1,KERCKHOF_7_B1,KERCKHOF_7_B1,RTPD,MCE,LMP_ENE_PRC,KERCKHOF_7_B1,ALL,1,110.78377,1,123
2022-09-04T05:00:00-00:00,2022-09-04T05:15:00-00:00,2022-09-03,23,KERCKHOF_7_B1,KERCKHOF_7_B1,KERCKHOF_7_B1,RTPD,MCE,LMP_ENE_PRC,KERCKHOF_7_B1,ALL,1,126.90499,1,123
2022-09-04T06:00:00-00:00,2022-09-04T06:15:00-00:00,2022-09-03,24,KERCKHOF_7_B1,KERCKHOF_7_B1,KERCKHOF_7_B1,RTPD,MCE,LMP_ENE_PRC,KERCKHOF_7_B1,ALL,1,104.78344,1,123
2022-09-03T07:15:00-00:00,2022-09-03T07:30:00-00:00,2022-09-03,01,KERCKHOF_7_B1,KERCKHOF_7_B1,KERCKHOF_7_B1,RTPD,MCE,LMP_ENE_PRC,KERCKHOF_7_B1,ALL,1,92.27523,2,123
2022-09-03T08:15:00-00:00,2022-09-03T08:30:00-00:00,2022-09-03,02,KERCKHOF_7_B1,KERCKHOF_7_B1,KERCKHOF_7_B1,RTPD,MCE,LMP_ENE_PRC,KERCKHOF_7_B1,ALL,1,86.08077,2,123
2022-09-03T09:15:00-00:00,2022-09-03T09:30:00-00:00,2022-09-03,03,KERCKHOF_7_B1,KERCKHOF_7_B1,KERCKHOF_7_B1,RTPD,MCE,LMP_ENE_PRC,KERCKHOF_7_B1,ALL,1,81.52448,2,123
2022-09-03T10:15:00-00:00,2022-09-03T10:30:00-00:00,2022-09-03,04,KERCKHOF_7_B1,KERCKHOF_7_B1,KERCKHOF_7_B1,RTPD,MCE,LMP_ENE_PRC,KERCKHOF_7_B1,ALL,1,76.07778,2,123
2022-09-03T11:15:00-00:00,2022-09-03T11:30:00-00:00,2022-09-03,05,KERCKHOF_7_B1,KERCKHOF_7_B1,KERCKHOF_7_B1,RTPD,MCE,LMP_ENE_PRC,KERCKHOF_7_B1,ALL,1,70.31505,2,123
2022-09-03T12:15:00-00:00,2022-09-03T12:30:00-00:00,2022-09-03,06,KERCKHOF_7_B1,KERCKHOF_7_B1,KERCKHOF_7_B1,RTPD,MCE,LMP_ENE_PRC,KERCKHOF_7_B1,ALL,1,70.02316,2,123
2022-09-03T13:15:00-00:00,2022-09-03T13:30:00-00:00,2022-09-03,07,KERCKHOF_7_B1,KERCKHOF_7_B1,KERCKHOF_7_B1,RTPD,MCE,LMP_ENE_PRC,KERCKHOF_7_B1,ALL,1,58.94546,2,123
2022-09-03T14:15:00-00:00,2022-09-03T14:30:00-00:00,2022-09-03,08,KERCKHOF_7_B1,KERCKHOF_7_B1,KERCKHOF_7_B1,RTPD,MCE,LMP_ENE_PRC,KERCKHOF_7_B1,ALL,1,36.88333,2,123
2022-09-03T15:15:00-00:00,2022-09-03T15:30:00-00:00,2022-09-03,09,KERCKHOF_7_B1,KERCKHOF_7_B1,KERCKHOF_7_B1,RTPD,MCE,LMP_ENE_PRC,KERCKHOF_7_B1,ALL,1,25.63309,2,123
2022-09-03T16:15:00-00:00,2022-09-03T16:30:00-00:00,2022-09-03,10,KERCKHOF_7_B1,KERCKHOF_7_B1,KERCKHOF_7_B1,RTPD,MCE,LMP_ENE_PRC,KERCKHOF_7_B1,ALL,1,28.35578,2,123
2022-09-03T17:15:00-00:00,2022-09-03T17:30:00-00:00,2022-09-03,11,KERCKHOF_7_B1,KERCKHOF_7_B1,KERCKHOF_7_B1,RTPD,MCE,LMP_ENE_PRC,KERCKHOF_7_B1,ALL,1,62.78814,2,123
2022-09-03T18:15:00-00:00,2022-09-03T18:30:00-00:00,2022-09-03,12,KERCKHOF_7_B1,KERCKHOF_7_B1,KERCKHOF_7_B1,RTPD,MCE,LMP_ENE_PRC,KERCKHOF_7_B1,ALL,1,69.64405,2,123
2022-09-03T19:15:00-00:00,2022-09-03T19:30:00-00:00,2022-09-03,13,KERCKHOF_7_B1,KERCKHOF_7_B1,KERCKHOF_7_B1,RTPD,MCE,LMP_ENE_PRC,KERCKHOF_7_B1,ALL,1,55.44478,2,123
2022-09-03T20:15:00-00:00,2022-09-03T20:30:00-00:00,2022-09-03,14,KERCKHOF_7_B1,KERCKHOF_7_B1,KERCKHOF_7_B1,RTPD,MCE,LMP_ENE_PRC,KERCKHOF_7_B1,ALL,1,61.55304,2,123
2022-09-03T21:15:00-00:00,2022-09-03T21:30:00-00:00,2022-09-03,15,KERCKHOF_7_B1,KERCKHOF_7_B1,KERCKHOF_7_B1,RTPD,MCE,LMP_ENE_PRC,KERCKHOF_7_B1,ALL,1,53.762,2,123
2022-09-03T22:15:00-00:00,2022-09-03T22:30:00-00:00,2022-09-03,16,KERCKHOF_7_B1,KERCKHOF_7_B1,KERCKHOF_7_B1,RTPD,MCE,LMP_ENE_PRC,KERCKHOF_7_B1,ALL,1,70.72961,2,123
2022-09-03T23:15:00-00:00,2022-09-03T23:30:00-00:00,2022-09-03,17,KERCKHOF_7_B1,KERCKHOF_7_B1,KERCKHOF_7_B1,RTPD,MCE,LMP_ENE_PRC,KERCKHOF_7_B1,ALL,1,86.75099,2,123
2022-09-04T00:15:00-00:00,2022-09-04T00:30:00-00:00,2022-09-03,18,KERCKHOF_7_B1,KERCKHOF_7_B1,KERCKHOF_7_B1,RTPD,MCE,LMP_ENE_PRC,KERCKHOF_7_B1,ALL,1,102.50471,2,123
2022-09-04T01:15:00-00:00,2022-09-04T01:30:00-00:00,2022-09-03,19,KERCKHOF_7_B1,KERCKHOF_7_B1,KERCKHOF_7_B1,RTPD,MCE,LMP_ENE_PRC,KERCKHOF_7_B1,ALL,1,212.54434,2,123
2022-09-04T02:15:00-00:00,2022-09-04T02:30:00-00:00,2022-09-03,20,KERCKHOF_7_B1,KERCKHOF_7_B1,KERCKHOF_7_B1,RTPD,MCE,LMP_ENE_PRC,KERCKHOF_7_B1,ALL,1,130.70084,2,123
2022-09-04T03:15:00-00:00,2022-09-04T03:30:00-00:00,2022-09-03,21,KERCKHOF_7_B1,KERCKHOF_7_B1,KERCKHOF_7_B1,RTPD,MCE,LMP_ENE_PRC,KERCKHOF_7_B1,ALL,1,95.34308,2,123
2022-09-04T04:15:00-00:00,2022-09-04T04:30:00-00:00,2022-09-03,22,KERCKHOF_7_B1,KERCKHOF_7_B1,KERCKHOF_7_B1,RTPD,MCE,LMP_ENE_PRC,KERCKHOF_7_B1,ALL,1,109.32287,2,123
2022-09-04T05:15:00-00:00,2022-09-04T05:30:00-00:00,2022-09-03,23,KERCKHOF_7_B1,KERCKHOF_7_B1,KERCKHOF_7_B1,RTPD,MCE,LMP_ENE_PRC,KERCKHOF_7_B1,ALL,1,116.98954,2,123
2022-09-04T06:15:00-00:00,2022-09-04T06:30:00-00:00,2022-09-03,24,KERCKHOF_7_B1,KERCKHOF_7_B1,KERCKHOF_7_B1,RTPD,MCE,LMP_ENE_PRC,KERCKHOF_7_B1,ALL,1,96.51392,2,123
2022-09-03T07:30:00-00:00,2022-09-03T07:45:00-00:00,2022-09-03,01,KERCKHOF_7_B1,KERCKHOF_7_B1,KERCKHOF_7_B1,RTPD,MCE,LMP_ENE_PRC,KERCKHOF_7_B1,ALL,1,89.3035,3,123
2022-09-03T08:30:00-00:00,2022-09-03T08:45:00-00:00,2022-09-03,02,KERCKHOF_7_B1,KERCKHOF_7_B1,KERCKHOF_7_B1,RTPD,MCE,LMP_ENE_PRC,KERCKHOF_7_B1,ALL,1,84.37487,3,123
2022-09-03T09:30:00-00:00,2022-09-03T09:45:00-00:00,2022-09-03,03,KERCKHOF_7_B1,KERCKHOF_7_B1,KERCKHOF_7_B1,RTPD,MCE,LMP_ENE_PRC,KERCKHOF_7_B1,ALL,1,78.67165,3,123
2022-09-03T10:30:00-00:00,2022-09-03T10:45:00-00:00,2022-09-03,04,KERCKHOF_7_B1,KERCKHOF_7_B1,KERCKHOF_7_B1,RTPD,MCE,LMP_ENE_PRC,KERCKHOF_7_B1,ALL,1,74.63704,3,123
2022-09-03T11:30:00-00:00,2022-09-03T11:45:00-00:00,2022-09-03,05,KERCKHOF_7_B1,KERCKHOF_7_B1,KERCKHOF_7_B1,RTPD,MCE,LMP_ENE_PRC,KERCKHOF_7_B1,ALL,1,72.79705,3,123
2022-09-03T12:30:00-00:00,2022-09-03T12:45:00-00:00,2022-09-03,06,KERCKHOF_7_B1,KERCKHOF_7_B1,KERCKHOF_7_B1,RTPD,MCE,LMP_ENE_PRC,KERCKHOF_7_B1,ALL,1,71.64459,3,123
2022-09-03T13:30:00-00:00,2022-09-03T13:45:00-00:00,2022-09-03,07,KERCKHOF_7_B1,KERCKHOF_7_B1,KERCKHOF_7_B1,RTPD,MCE,LMP_ENE_PRC,KERCKHOF_7_B1,ALL,1,58.60193,3,123
2022-09-03T14:30:00-00:00,2022-09-03T14:45:00-00:00,2022-09-03,08,KERCKHOF_7_B1,KERCKHOF_7_B1,KERCKHOF_7_B1,RTPD,MCE,LMP_ENE_PRC,KERCKHOF_7_B1,ALL,1,35.09087,3,123
2022-09-03T15:30:00-00:00,2022-09-03T15:45:00-00:00,2022-09-03,09,KERCKHOF_7_B1,KERCKHOF_7_B1,KERCKHOF_7_B1,RTPD,MCE,LMP_ENE_PRC,KERCKHOF_7_B1,ALL,1,24.86074,3,123
2022-09-03T16:30:00-00:00,2022-09-03T16:45:00-00:00,2022-09-03,10,KERCKHOF_7_B1,KERCKHOF_7_B1,KERCKHOF_7_B1,RTPD,MCE,LMP_ENE_PRC,KERCKHOF_7_B1,ALL,1,27.53581,3,123
2022-09-03T17:30:00-00:00,2022-09-03T17:45:00-00:00,2022-09-03,11,KERCKHOF_7_B1,KERCKHOF_7_B1,KERCKHOF_7_B1,RTPD,MCE,LMP_ENE_PRC,KERCKHOF_7_B1,ALL,1,63.76433,3,123
2022-09-03T18:30:00-00:00,2022-09-03T18:45:00-00:00,2022-09-03,12,KERCKHOF_7_B1,KERCKHOF_7_B1,KERCKHOF_7_B1,RTPD,MCE,LMP_ENE_PRC,KERCKHOF_7_B1,ALL,1,73.72509,3,123
2022-09-03T19:30:00-00:00,2022-09-03T19:45:00-00:00,2022-09-03,13,KERCKHOF_7_B1,KERCKHOF_7_B1,KERCKHOF_7_B1,RTPD,MCE,LMP_ENE_PRC,KERCKHOF_7_B1,ALL,1,70.11451,3,123
2022-09-03T20:30:00-00:00,2022-09-03T20:45:00-00:00,2022-09-03,14,KERCKHOF_7_B1,KERCKHOF_7_B1,KERCKHOF_7_B1,RTPD,MCE,LMP_ENE_PRC,KERCKHOF_7_B1,ALL,1,64.79179,3,123
2022-09-03T21:30:00-00:00,2022-09-03T21:45:00-00:00,2022-09-03,15,KERCKHOF_7_B1,KERCKHOF_7_B1,KERCKHOF_7_B1,RTPD,MCE,LMP_ENE_PRC,KERCKHOF_7_B1,ALL,1,59.9647,3,123
2022-09-03T22:30:00-00:00,2022-09-03T22:45:00-00:00,2022-09-03,16,KERCKHOF_7_B1,KERCKHOF_7_B1,KERCKHOF_7_B1,RTPD,MCE,LMP_ENE_PRC,KERCKHOF_7_B1,ALL,1,91.4901,3,123
2022-09-03T23:30:00-00:00,2022-09-03T23:45:00-00:00,2022-09-03,17,KERCKHOF_7_B1,KERCKHOF_7_B1,KERCKHOF_7_B1,RTPD,MCE,LMP_ENE_PRC,KERCKHOF_7_B1,ALL,1,93.43303,3,123
2022-09-04T00:30:00-00:00,2022-09-04T00:45:00-00:00,2022-09-03,18,KERCKHOF_7_B1,KERCKHOF_7_B1,KERCKHOF_7_B1,RTPD,MCE,LMP_ENE_PRC,KERCKHOF_7_B1,ALL,1,123.47544,3,123
2022-09-04T01:30:00-00:00,2022-09-04T01:45:00-00:00,2022-09-03,19,KERCKHOF_7_B1,KERCKHOF_7_B1,KERCKHOF_7_B1,RTPD,MCE,LMP_ENE_PRC,KERCKHOF_7_B1,ALL,1,393.41373,3,123
2022-09-04T02:30:00-00:00,2022-09-04T02:45:00-00:00,2022-09-03,20,KERCKHOF_7_B1,KERCKHOF_7_B1,KERCKHOF_7_B1,RTPD,MCE,LMP_ENE_PRC,KERCKHOF_7_B1,ALL,1,116.43634,3,123
2022-09-04T03:30:00-00:00,2022-09-04T03:45:00-00:00,2022-09-03,21,KERCKHOF_7_B1,KERCKHOF_7_B1,KERCKHOF_7_B1,RTPD,MCE,LMP_ENE_PRC,KERCKHOF_7_B1,ALL,1,91.11213,3,123
2022-09-04T04:30:00-00:00,2022-09-04T04:45:00-00:00,2022-09-03,22,KERCKHOF_7_B1,KERCKHOF_7_B1,KERCKHOF_7_B1,RTPD,MCE,LMP_ENE_PRC,KERCKHOF_7_B1,ALL,1,99.5048,3,123
2022-09-04T05:30:00-00:00,2022-09-04T05:45:00-00:00,2022-09-03,23,KERCKHOF_7_B1,KERCKHOF_7_B1,KERCKHOF_7_B1,RTPD,MCE,LMP_ENE_PRC,KERCKHOF_7_B1,ALL,1,112.62845,3,123
2022-09-04T06:30:00-00:00,2022-09-04T06:45:00-00:00,2022-09-03,24,KERCKHOF_7_B1,KERCKHOF_7_B1,KERCKHOF_7_B1,RTPD,MCE,LMP_ENE_PRC,KERCKHOF_7_B1,ALL,1,93.24175,3,123
2022-09-03T07:45:00-00:00,2022-09-03T08:00:00-00:00,2022-09-03,01,KERCKHOF_7_B1,KERCKHOF_7_B1,KERCKHOF_7_B1,RTPD,MCE,LMP_ENE_PRC,KERCKHOF_7_B1,ALL,1,83.53218,4,123
2022-09-03T08:45:00-00:00,2022-09-03T09:00:00-00:00,2022-09-03,02,KERCKHOF_7_B1,KERCKHOF_7_B1,KERCKHOF_7_B1,RTPD,MCE,LMP_ENE_PRC,KERCKHOF_7_B1,ALL,1,82.09146,4,123
2022-09-03T09:45:00-00:00,2022-09-03T10:00:00-00:00,2022-09-03,03,KERCKHOF_7_B1,KERCKHOF_7_B1,KERCKHOF_7_B1,RTPD,MCE,LMP_ENE_PRC,KERCKHOF_7_B1,ALL,1,74.61678,4,123
2022-09-03T10:45:00-00:00,2022-09-03T11:00:00-00:00,2022-09-03,04,KERCKHOF_7_B1,KERCKHOF_7_B1,KERCKHOF_7_B1,RTPD,MCE,LMP_ENE_PRC,KERCKHOF_7_B1,ALL,1,78.59346,4,123
2022-09-03T11:45:00-00:00,2022-09-03T12:00:00-00:00,2022-09-03,05,KERCKHOF_7_B1,KERCKHOF_7_B1,KERCKHOF_7_B1,RTPD,MCE,LMP_ENE_PRC,KERCKHOF_7_B1,ALL,1,69.7597,4,123
2022-09-03T12:45:00-00:00,2022-09-03T13:00:00-00:00,2022-09-03,06,KERCKHOF_7_B1,KERCKHOF_7_B1,KERCKHOF_7_B1,RTPD,MCE,LMP_ENE_PRC,KERCKHOF_7_B1,ALL,1,67.86831,4,123
2022-09-03T13:45:00-00:00,2022-09-03T14:00:00-00:00,2022-09-03,07,KERCKHOF_7_B1,KERCKHOF_7_B1,KERCKHOF_7_B1,RTPD,MCE,LMP_ENE_PRC,KERCKHOF_7_B1,ALL,1,46.5703,4,123
2022-09-03T14:45:00-00:00,2022-09-03T15:00:00-00:00,2022-09-03,08,KERCKHOF_7_B1,KERCKHOF_7_B1,KERCKHOF_7_B1,RTPD,MCE,LMP_ENE_PRC,KERCKHOF_7_B1,ALL,1,21.24877,4,123
2022-09-03T15:45:00-00:00,2022-09-03T16:00:00-00:00,2022-09-03,09,KERCKHOF_7_B1,KERCKHOF_7_B1,KERCKHOF_7_B1,RTPD,MCE,LMP_ENE_PRC,KERCKHOF_7_B1,ALL,1,23.18314,4,123
2022-09-03T16:45:00-00:00,2022-09-03T17:00:00-00:00,2022-09-03,10,KERCKHOF_7_B1,KERCKHOF_7_B1,KERCKHOF_7_B1,RTPD,MCE,LMP_ENE_PRC,KERCKHOF_7_B1,ALL,1,46.59203,4,123
2022-09-03T17:45:00-00:00,2022-09-03T18:00:00-00:00,2022-09-03,11,KERCKHOF_7_B1,KERCKHOF_7_B1,KERCKHOF_7_B1,RTPD,MCE,LMP_ENE_PRC,KERCKHOF_7_B1,ALL,1,70.00191,4,123
2022-09-03T18:45:00-00:00,2022-09-03T19:00:00-00:00,2022-09-03,12,KERCKHOF_7_B1,KERCKHOF_7_B1,KERCKHOF_7_B1,RTPD,MCE,LMP_ENE_PRC,KERCKHOF_7_B1,ALL,1,73.13248,4,123
2022-09-03T19:45:00-00:00,2022-09-03T20:00:00-00:00,2022-09-03,13,KERCKHOF_7_B1,KERCKHOF_7_B1,KERCKHOF_7_B1,RTPD,MCE,LMP_ENE_PRC,KERCKHOF_7_B1,ALL,1,73.69349,4,123
2022-09-03T20:45:00-00:00,2022-09-03T21:00:00-00:00,2022-09-03,14,KERCKHOF_7_B1,KERCKHOF_7_B1,KERCKHOF_7_B1,RTPD,MCE,LMP_ENE_PRC,KERCKHOF_7_B1,ALL,1,63.90304,4,123
2022-09-03T21:45:00-00:00,2022-09-03T22:00:00-00:00,2022-09-03,15,KERCKHOF_7_B1,KERCKHOF_7_B1,KERCKHOF_7_B1,RTPD,MCE,LMP_ENE_PRC,KERCKHOF_7_B1,ALL,1,66.4579,4,123
2022-09-03T22:45:00-00:00,2022-09-03T23:00:00-00:00,2022-09-03,16,KERCKHOF_7_B1,KERCKHOF_7_B1,KERCKHOF_7_B1,RTPD,MCE,LMP_ENE_PRC,KERCKHOF_7_B1,ALL,1,118.26591,4,123
2022-09-03T23:45:00-00:00,2022-09-04T00:00:00-00:00,2022-09-03,17,KERCKHOF_7_B1,KERCKHOF_7_B1,KERCKHOF_7_B1,RTPD,MCE,LMP_ENE_PRC,KERCKHOF_7_B1,ALL,1,116.80928,4,123
2022-09-04T00:45:00-00:00,2022-09-04T01:00:00-00:00,2022-09-03,18,KERCKHOF_7_B1,KERCKHOF_7_B1,KERCKHOF_7_B1,RTPD,MCE,LMP_ENE_PRC,KERCKHOF_7_B1,ALL,1,258.08282,4,123
2022-09-04T01:45:00-00:00,2022-09-04T02:00:00-00:00,2022-09-03,19,KERCKHOF_7_B1,KERCKHOF_7_B1,KERCKHOF_7_B1,RTPD,MCE,LMP_ENE_PRC,KERCKHOF_7_B1,ALL,1,349.2899,4,123
2022-09-04T02:45:00-00:00,2022-09-04T03:00:00-00:00,2022-09-03,20,KERCKHOF_7_B1,KERCKHOF_7_B1,KERCKHOF_7_B1,RTPD,MCE,LMP_ENE_PRC,KERCKHOF_7_B1,ALL,1,126.7922,4,123
2022-09-04T03:45:00-00:00,2022-09-04T04:00:00-00:00,2022-09-03,21,KERCKHOF_7_B1,KERCKHOF_7_B1,KERCKHOF_7_B1,RTPD,MCE,LMP_ENE_PRC,KERCKHOF_7_B1,ALL,1,83.08399,4,123
2022-09-04T04:45:00-00:00,2022-09-04T05:00:00-00:00,2022-09-03,22,KERCKHOF_7_B1,KERCKHOF_7_B1,KERCKHOF_7_B1,RTPD,MCE,LMP_ENE_PRC,KERCKHOF_7_B1,ALL,1,92.33352,4,123
2022-09-04T05:45:00-00:00,2022-09-04T06:00:00-00:00,2022-09-03,23,KERCKHOF_7_B1,KERCKHOF_7_B1,KERCKHOF_7_B1,RTPD,MCE,LMP_ENE_PRC,KERCKHOF_7_B1,ALL,1,99.18602,4,123
2022-09-04T06:45:00-00:00,2022-09-04T07:00:00-00:00,2022-09-03,24,KERCKHOF_7_B1,KERCKHOF_7_B1,KERCKHOF_7_B1,RTPD,MCE,LMP_ENE_PRC,KERCKHOF_7_B1,ALL,1,85.94384,4,123
2022-09-03T07:00:00-00:00,2022-09-03T07:15:00-00:00,2022-09-03,01,KERCKHOF_7_B1,KERCKHOF_7_B1,KERCKHOF_7_B1,RTPD,MCL,LMP_LOSS_PRC,KERCKHOF_7_B1,ALL,1,15.05353,1,124
2022-09-03T08:00:00-00:00,2022-09-03T08:15:00-00:00,2022-09-03,02,KERCKHOF_7_B1,KERCKHOF_7_B1,KERCKHOF_7_B1,RTPD,MCL,LMP_LOSS_PRC,KERCKHOF_7_B1,ALL,1,0,1,124
2022-09-03T09:00:00-00:00,2022-09-03T09:15:00-00:00,2022-09-03,03,KERCKHOF_7_B1,KERCKHOF_7_B1,KERCKHOF_7_B1,RTPD,MCL,LMP_LOSS_PRC,KERCKHOF_7_B1,ALL,1,0,1,124
2022-09-03T10:00:00-00:00,2022-09-03T10:15:00-00:00,2022-09-03,04,KERCKHOF_7_B1,KERCKHOF_7_B1,KERCKHOF_7_B1,RTPD,MCL,LMP_LOSS_PRC,KERCKHOF_7_B1,ALL,1,0,1,124
2022-09-03T11:00:00-00:00,2022-09-03T11:15:00-00:00,2022-09-03,05,KERCKHOF_7_B1,KERCKHOF_7_B1,KERCKHOF_7_B1,RTPD,MCL,LMP_LOSS_PRC,KERCKHOF_7_B1,ALL,1,0,1,124
2022-09-03T12:00:00-00:00,2022-09-03T12:15:00-00:00,2022-09-03,06,KERCKHOF_7_B1,KERCKHOF_7_B1,KERCKHOF_7_B1,RTPD,MCL,LMP_LOSS_PRC,KERCKHOF_7_B1,ALL,1,0,1,124
2022-09-03T13:00:00-00:00,2022-09-03T13:15:00-00:00,2022-09-03,07,KERCKHOF_7_B1,KERCKHOF_7_B1,KERCKHOF_7_B1,RTPD,MCL,LMP_LOSS_PRC,KERCKHOF_7_B1,ALL,1,0,1,124
2022-09-03T14:00:00-00:00,2022-09-03T14:15:00-00:00,2022-09-03,08,KERCKHOF_7_B1,KERCKHOF_7_B1,KERCKHOF_7_B1,RTPD,MCL,LMP_LOSS_PRC,KERCKHOF_7_B1,ALL,1,0,1,124
2022-09-03T15:00:00-00:00,2022-09-03T15:15:00-00:00,2022-09-03,09,KERCKHOF_7_B1,KERCKHOF_7_B1,KERCKHOF_7_B1,RTPD,MCL,LMP_LOSS_PRC,KERCKHOF_7_B1,ALL,1,3.29877,1,124
2022-09-03T16:00:00-00:00,2022-09-03T16:15:00-00:00,2022-09-03,10,KERCKHOF_7_B1,KERCKHOF_7_B1,KERCKHOF_7_B1,RTPD,MCL,LMP_LOSS_PRC,KERCKHOF_7_B1,ALL,1,2.68575,1,124
2022-09-03T17:00:00-00:00,2022-09-03T17:15:00-00:00,2022-09-03,11,KERCKHOF_7_B1,KERCKHOF_7_B1,KERCKHOF_7_B1,RTPD,MCL,LMP_LOSS_PRC,KERCKHOF_7_B1,ALL,1,4.27343,1,124
2022-09-03T18:00:00-00:00,2022-09-03T18:15:00-00:00,2022-09-03,12,KERCKHOF_7_B1,KERCKHOF_7_B1,KERCKHOF_7_B1,RTPD,MCL,LMP_LOSS_PRC,KERCKHOF_7_B1,ALL,1,4.2952,1,124
2022-09-03T19:00:00-00:00,2022-09-03T19:15:00-00:00,2022-09-03,13,KERCKHOF_7_B1,KERCKHOF_7_B1,KERCKHOF_7_B1,RTPD,MCL,LMP_LOSS_PRC,KERCKHOF_7_B1,ALL,1,1.60822,1,124
2022-09-03T20:00:00-00:00,2022-09-03T20:15:00-00:00,2022-09-03,14,KERCKHOF_7_B1,KERCKHOF_7_B1,KERCKHOF_7_B1,RTPD,MCL,LMP_LOSS_PRC,KERCKHOF_7_B1,ALL,1,4.49345,1,124
2022-09-03T21:00:00-00:00,2022-09-03T21:15:00-00:00,2022-09-03,15,KERCKHOF_7_B1,KERCKHOF_7_B1,KERCKHOF_7_B1,RTPD,MCL,LMP_LOSS_PRC,KERCKHOF_7_B1,ALL,1,3.81912,1,124
2022-09-03T22:00:00-00:00,2022-09-03T22:15:00-00:00,2022-09-03,16,KERCKHOF_7_B1,KERCKHOF_7_B1,KERCKHOF_7_B1,RTPD,MCL,LMP_LOSS_PRC,KERCKHOF_7_B1,ALL,1,2.31293,1,124
2022-09-03T23:00:00-00:00,2022-09-03T23:15:00-00:00,2022-09-03,17,KERCKHOF_7_B1,KERCKHOF_7_B1,KERCKHOF_7_B1,RTPD,MCL,LMP_LOSS_PRC,KERCKHOF_7_B1,ALL,1,5.49135,1,124
2022-09-04T00:00:00-00:00,2022-09-04T00:15:00-00:00,2022-09-03,18,KERCKHOF_7_B1,KERCKHOF_7_B1,KERCKHOF_7_B1,RTPD,MCL,LMP_LOSS_PRC,KERCKHOF_7_B1,ALL,1,7.67464,1,124
2022-09-04T01:00:00-00:00,2022-09-04T01:15:00-00:00,2022-09-03,19,KERCKHOF_7_B1,KERCKHOF_7_B1,KERCKHOF_7_B1,RTPD,MCL,LMP_LOSS_PRC,KERCKHOF_7_B1,ALL,1,23.01132,1,124
2022-09-04T02:00:00-00:00,2022-09-04T02:15:00-00:00,2022-09-03,20,KERCKHOF_7_B1,KERCKHOF_7_B1,KERCKHOF_7_B1,RTPD,MCL,LMP_LOSS_PRC,KERCKHOF_7_B1,ALL,1,14.20125,1,124
2022-09-04T03:00:00-00:00,2022-09-04T03:15:00-00:00,2022-09-03,21,KERCKHOF_7_B1,KERCKHOF_7_B1,KERCKHOF_7_B1,RTPD,MCL,LMP_LOSS_PRC,KERCKHOF_7_B1,ALL,1,13.97792,1,124
2022-09-04T04:00:00-00:00,2022-09-04T04:15:00-00:00,2022-09-03,22,KERCKHOF_7_B1,KERCKHOF_7_B1,KERCKHOF_7_B1,RTPD,MCL,LMP_LOSS_PRC,KERCKHOF_7_B1,ALL,1,16.26306,1,124
2022-09-04T05:00:00-00:00,2022-09-04T05:15:00-00:00,2022-09-03,23,KERCKHOF_7_B1,KERCKHOF_7_B1,KERCKHOF_7_B1,RTPD,MCL,LMP_LOSS_PRC,KERCKHOF_7_B1,ALL,1,17.28446,1,124
2022-09-04T06:00:00-00:00,2022-09-04T06:15:00-00:00,2022-09-03,24,KERCKHOF_7_B1,KERCKHOF_7_B1,KERCKHOF_7_B1,RTPD,MCL,LMP_LOSS_PRC,KERCKHOF_7_B1,ALL,1,13.92572,1,124
2022-09-03T07:15:00-00:00,2022-09-03T07:30:00-00:00,2022-09-03,01,KERCKHOF_7_B1,KERCKHOF_7_B1,KERCKHOF_7_B1,RTPD,MCL,LMP_LOSS_PRC,KERCKHOF_7_B1,ALL,1,13.8782,2,124
2022-09-03T08:15:00-00:00,2022-09-03T08:30:00-00:00,2022-09-03,02,KERCKHOF_7_B1,KERCKHOF_7_B1,KERCKHOF_7_B1,RTPD,MCL,LMP_LOSS_PRC,KERCKHOF_7_B1,ALL,1,0,2,124
2022-09-03T09:15:00-00:00,2022-09-03T09:30:00-00:00,2022-09-03,03,KERCKHOF_7_B1,KERCKHOF_7_B1,KERCKHOF_7_B1,RTPD,MCL,LMP_LOSS_PRC,KERCKHOF_7_B1,ALL,1,0,2,124
2022-09-03T10:15:00-00:00,2022-09-03T10:30:00-00:00,2022-09-03,04,KERCKHOF_7_B1,KERCKHOF_7_B1,KERCKHOF_7_B1,RTPD,MCL,LMP_LOSS_PRC,KERCKHOF_7_B1,ALL,1,0,2,124
2022-09-03T11:15:00-00:00,2022-09-03T11:30:00-00:00,2022-09-03,05,KERCKHOF_7_B1,KERCKHOF_7_B1,KERCKHOF_7_B1,RTPD,MCL,LMP_LOSS_PRC,KERCKHOF_7_B1,ALL,1,0,2,124
2022-09-03T12:15:00-00:00,2022-09-03T12:30:00-00:00,2022-09-03,06,KERCKHOF_7_B1,KERCKHOF_7_B1,KERCKHOF_7_B1,RTPD,MCL,LMP_LOSS_PRC,KERCKHOF_7_B1,ALL,1,0,2,124
2022-09-03T13:15:00-00:00,2022-09-03T13:30:00-00:00,2022-09-03,07,KERCKHOF_7_B1,KERCKHOF_7_B1,KERCKHOF_7_B1,RTPD,MCL,LMP_LOSS_PRC,KERCKHOF_7_B1,ALL,1,0,2,124
2022-09-03T14:15:00-00:00,2022-09-03T14:30:00-00:00,2022-09-03,08,KERCKHOF_7_B1,KERCKHOF_7_B1,KERCKHOF_7_B1,RTPD,MCL,LMP_LOSS_PRC,KERCKHOF_7_B1,ALL,1,0,2,124
2022-09-03T15:15:00-00:00,2022-09-03T15:30:00-00:00,2022-09-03,09,KERCKHOF_7_B1,KERCKHOF_7_B1,KERCKHOF_7_B1,RTPD,MCL,LMP_LOSS_PRC,KERCKHOF_7_B1,ALL,1,3.02727,2,124
2022-09-03T16:15:00-00:00,2022-09-03T16:30:00-00:00,2022-09-03,10,KERCKHOF_7_B1,KERCKHOF_7_B1,KERCKHOF_7_B1,RTPD,MCL,LMP_LOSS_PRC,KERCKHOF_7_B1,ALL,1,2.46412,2,124
2022-09-03T17:15:00-00:00,2022-09-03T17:30:00-00:00,2022-09-03,11,KERCKHOF_7_B1,KERCKHOF_7_B1,KERCKHOF_7_B1,RTPD,MCL,LMP_LOSS_PRC,KERCKHOF_7_B1,ALL,1,5.3056,2,124
2022-09-03T18:15:00-00:00,2022-09-03T18:30:00-00:00,2022-09-03,12,KERCKHOF_7_B1,KERCKHOF_7_B1,KERCKHOF_7_B1,RTPD,MCL,LMP_LOSS_PRC,KERCKHOF_7_B1,ALL,1,4.28311,2,124
2022-09-03T19:15:00-00:00,2022-09-03T19:30:00-00:00,2022-09-03,13,KERCKHOF_7_B1,KERCKHOF_7_B1,KERCKHOF_7_B1,RTPD,MCL,LMP_LOSS_PRC,KERCKHOF_7_B1,ALL,1,1.85186,2,124
2022-09-03T20:15:00-00:00,2022-09-03T20:30:00-00:00,2022-09-03,14,KERCKHOF_7_B1,KERCKHOF_7_B1,KERCKHOF_7_B1,RTPD,MCL,LMP_LOSS_PRC,KERCKHOF_7_B1,ALL,1,4.59186,2,124
2022-09-03T21:15:00-00:00,2022-09-03T21:30:00-00:00,2022-09-03,15,KERCKHOF_7_B1,KERCKHOF_7_B1,KERCKHOF_7_B1,RTPD,MCL,LMP_LOSS_PRC,KERCKHOF_7_B1,ALL,1,4.22032,2,124
2022-09-03T22:15:00-00:00,2022-09-03T22:30:00-00:00,2022-09-03,16,KERCKHOF_7_B1,KERCKHOF_7_B1,KERCKHOF_7_B1,RTPD,MCL,LMP_LOSS_PRC,KERCKHOF_7_B1,ALL,1,3.26064,2,124
2022-09-03T23:15:00-00:00,2022-09-03T23:30:00-00:00,2022-09-03,17,KERCKHOF_7_B1,KERCKHOF_7_B1,KERCKHOF_7_B1,RTPD,MCL,LMP_LOSS_PRC,KERCKHOF_7_B1,ALL,1,6.862,2,124
2022-09-04T00:15:00-00:00,2022-09-04T00:30:00-00:00,2022-09-03,18,KERCKHOF_7_B1,KERCKHOF_7_B1,KERCKHOF_7_B1,RTPD,MCL,LMP_LOSS_PRC,KERCKHOF_7_B1,ALL,1,8.27213,2,124
2022-09-04T01:15:00-00:00,2022-09-04T01:30:00-00:00,2022-09-03,19,KERCKHOF_7_B1,KERCKHOF_7_B1,KERCKHOF_7_B1,RTPD,MCL,LMP_LOSS_PRC,KERCKHOF_7_B1,ALL,1,32.41301,2,124
2022-09-04T02:15:00-00:00,2022-09-04T02:30:00-00:00,2022-09-03,20,KERCKHOF_7_B1,KERCKHOF_7_B1,KERCKHOF_7_B1,RTPD,MCL,LMP_LOSS_PRC,KERCKHOF_7_B1,ALL,1,16.28532,2,124
2022-09-04T03:15:00-00:00,2022-09-04T03:30:00-00:00,2022-09-03,21,KERCKHOF_7_B1,KERCKHOF_7_B1,KERCKHOF_7_B1,RTPD,MCL,LMP_LOSS_PRC,KERCKHOF_7_B1,ALL,1,11.7272,2,124
2022-09-04T04:15:00-00:00,2022-09-04T04:30:00-00:00,2022-09-03,22,KERCKHOF_7_B1,KERCKHOF_7_B1,KERCKHOF_7_B1,RTPD,MCL,LMP_LOSS_PRC,KERCKHOF_7_B1,ALL,1,15.73156,2,124
2022-09-04T05:15:00-00:00,2022-09-04T05:30:00-00:00,2022-09-03,23,KERCKHOF_7_B1,KERCKHOF_7_B1,KERCKHOF_7_B1,RTPD,MCL,LMP_LOSS_PRC,KERCKHOF_7_B1,ALL,1,15.15015,2,124
2022-09-04T06:15:00-00:00,2022-09-04T06:30:00-00:00,2022-09-03,24,KERCKHOF_7_B1,KERCKHOF_7_B1,KERCKHOF_7_B1,RTPD,MCL,LMP_LOSS_PRC,KERCKHOF_7_B1,ALL,1,12.42134,2,124
2022-09-03T07:30:00-00:00,2022-09-03T07:45:00-00:00,2022-09-03,01,KERCKHOF_7_B1,KERCKHOF_7_B1,KERCKHOF_7_B1,RTPD,MCL,LMP_LOSS_PRC,KERCKHOF_7_B1,ALL,1,13.33301,3,124
2022-09-03T08:30:00-00:00,2022-09-03T08:45:00-00:00,2022-09-03,02,KERCKHOF_7_B1,KERCKHOF_7_B1,KERCKHOF_7_B1,RTPD,MCL,LMP_LOSS_PRC,KERCKHOF_7_B1,ALL,1,0,3,124
2022-09-03T09:30:00-00:00,2022-09-03T09:45:00-00:00,2022-09-03,03,KERCKHOF_7_B1,KERCKHOF_7_B1,KERCKHOF_7_B1,RTPD,MCL,LMP_LOSS_PRC,KERCKHOF_7_B1,ALL,1,0,3,124
2022-09-03T10:30:00-00:00,2022-09-03T10:45:00-00:00,2022-09-03,04,KERCKHOF_7_B1,KERCKHOF_7_B1,KERCKHOF_7_B1,RTPD,MCL,LMP_LOSS_PRC,KERCKHOF_7_B1,ALL,1,0,3,124
2022-09-03T11:30:00-00:00,2022-09-03T11:45:00-00:00,2022-09-03,05,KERCKHOF_7_B1,KERCKHOF_7_B1,KERCKHOF_7_B1,RTPD,MCL,LMP_LOSS_PRC,KERCKHOF_7_B1,ALL,1,0,3,124
2022-09-03T12:30:00-00:00,2022-09-03T12:45:00-00:00,2022-09-03,06,KERCKHOF_7_B1,KERCKHOF_7_B1,KERCKHOF_7_B1,RTPD,MCL,LMP_LOSS_PRC,KERCKHOF_7_B1,ALL,1,0,3,124
2022-09-03T13:30:00-00:00,2022-09-03T13:45:00-00:00,2022-09-03,07,KERCKHOF_7_B1,KERCKHOF_7_B1,KERCKHOF_7_B1,RTPD,MCL,LMP_LOSS_PRC,KERCKHOF_7_B1,ALL,1,0,3,124
2022-09-03T14:30:00-00:00,2022-09-03T14:45:00-00:00,2022-09-03,08,KERCKHOF_7_B1,KERCKHOF_7_B1,KERCKHOF_7_B1,RTPD,MCL,LMP_LOSS_PRC,KERCKHOF_7_B1,ALL,1,0,3,124
2022-09-03T15:30:00-00:00,2022-09-03T15:45:00-00:00,2022-09-03,09,KERCKHOF_7_B1,KERCKHOF_7_B1,KERCKHOF_7_B1,RTPD,MCL,LMP_LOSS_PRC,KERCKHOF_7_B1,ALL,1,2.63524,3,124
2022-09-03T16:30:00-00:00,2022-09-03T16:45:00-00:00,2022-09-03,10,KERCKHOF_7_B1,KERCKHOF_7_B1,KERCKHOF_7_B1,RTPD,MCL,LMP_LOSS_PRC,KERCKHOF_7_B1,ALL,1,2.28547,3,124
2022-09-03T17:30:00-00:00,2022-09-03T17:45:00-00:00,2022-09-03,11,KERCKHOF_7_B1,KERCKHOF_7_B1,KERCKHOF_7_B1,RTPD,MCL,LMP_LOSS_PRC,KERCKHOF_7_B1,ALL,1,5.28606,3,124
2022-09-03T18:30:00-00:00,2022-09-03T18:45:00-00:00,2022-09-03,12,KERCKHOF_7_B1,KERCKHOF_7_B1,KERCKHOF_7_B1,RTPD,MCL,LMP_LOSS_PRC,KERCKHOF_7_B1,ALL,1,4.63731,3,124
2022-09-03T19:30:00-00:00,2022-09-03T19:45:00-00:00,2022-09-03,13,KERCKHOF_7_B1,KERCKHOF_7_B1,KERCKHOF_7_B1,RTPD,MCL,LMP_LOSS_PRC,KERCKHOF_7_B1,ALL,1,0,3,124
2022-09-03T20:30:00-00:00,2022-09-03T20:45:00-00:00,2022-09-03,14,KERCKHOF_7_B1,KERCKHOF_7_B1,KERCKHOF_7_B1,RTPD,MCL,LMP_LOSS_PRC,KERCKHOF_7_B1,ALL,1,4.93066,3,124
2022-09-03T21:30:00-00:00,2022-09-03T21:45:00-00:00,2022-09-03,15,KERCKHOF_7_B1,KERCKHOF_7_B1,KERCKHOF_7_B1,RTPD,MCL,LMP_LOSS_PRC,KERCKHOF_7_B1,ALL,1,3.63986,3,124
2022-09-03T22:30:00-00:00,2022-09-03T22:45:00-00:00,2022-09-03,16,KERCKHOF_7_B1,KERCKHOF_7_B1,KERCKHOF_7_B1,RTPD,MCL,LMP_LOSS_PRC,KERCKHOF_7_B1,ALL,1,6.36771,3,124
2022-09-03T23:30:00-00:00,2022-09-03T23:45:00-00:00,2022-09-03,17,KERCKHOF_7_B1,KERCKHOF_7_B1,KERCKHOF_7_B1,RTPD,MCL,LMP_LOSS_PRC,KERCKHOF_7_B1,ALL,1,7.82034,3,124
2022-09-04T00:30:00-00:00,2022-09-04T00:45:00-00:00,2022-09-03,18,KERCKHOF_7_B1,KERCKHOF_7_B1,KERCKHOF_7_B1,RTPD,MCL,LMP_LOSS_PRC,KERCKHOF_7_B1,ALL,1,11.22392,3,124
2022-09-04T01:30:00-00:00,2022-09-04T01:45:00-00:00,2022-09-03,19,KERCKHOF_7_B1,KERCKHOF_7_B1,KERCKHOF_7_B1,RTPD,MCL,LMP_LOSS_PRC,KERCKHOF_7_B1,ALL,1,56.21882,3,124
2022-09-04T02:30:00-00:00,2022-09-04T02:45:00-00:00,2022-09-03,20,KERCKHOF_7_B1,KERCKHOF_7_B1,KERCKHOF_7_B1,RTPD,MCL,LMP_LOSS_PRC,KERCKHOF_7_B1,ALL,1,15.1833,3,124
2022-09-04T03:30:00-00:00,2022-09-04T03:45:00-00:00,2022-09-03,21,KERCKHOF_7_B1,KERCKHOF_7_B1,KERCKHOF_7_B1,RTPD,MCL,LMP_LOSS_PRC,KERCKHOF_7_B1,ALL,1,10.95168,3,124
2022-09-04T04:30:00-00:00,2022-09-04T04:45:00-00:00,2022-09-03,22,KERCKHOF_7_B1,KERCKHOF_7_B1,KERCKHOF_7_B1,RTPD,MCL,LMP_LOSS_PRC,KERCKHOF_7_B1,ALL,1,13.84112,3,124
2022-09-04T05:30:00-00:00,2022-09-04T05:45:00-00:00,2022-09-03,23,KERCKHOF_7_B1,KERCKHOF_7_B1,KERCKHOF_7_B1,RTPD,MCL,LMP_LOSS_PRC,KERCKHOF_7_B1,ALL,1,13.56046,3,124
2022-09-04T06:30:00-00:00,2022-09-04T06:45:00-00:00,2022-09-03,24,KERCKHOF_7_B1,KERCKHOF_7_B1,KERCKHOF_7_B1,RTPD,MCL,LMP_LOSS_PRC,KERCKHOF_7_B1,ALL,1,11.55265,3,124
2022-09-03T07:45:00-00:00,2022-09-03T08:00:00-00:00,2022-09-03,01,KERCKHOF_7_B1,KERCKHOF_7_B1,KERCKHOF_7_B1,RTPD,MCL,LMP_LOSS_PRC,KERCKHOF_7_B1,ALL,1,0,4,124
2022-09-03T08:45:00-00:00,2022-09-03T09:00:00-00:00,2022-09-03,02,KERCKHOF_7_B1,KERCKHOF_7_B1,KERCKHOF_7_B1,RTPD,MCL,LMP_LOSS_PRC,KERCKHOF_7_B1,ALL,1,12.80627,4,124
2022-09-03T09:45:00-00:00,2022-09-03T10:00:00-00:00,2022-09-03,03,KERCKHOF_7_B1,KERCKHOF_7_B1,KERCKHOF_7_B1,RTPD,MCL,LMP_LOSS_PRC,KERCKHOF_7_B1,ALL,1,11.2149,4,124
2022-09-03T10:45:00-00:00,2022-09-03T11:00:00-00:00,2022-09-03,04,KERCKHOF_7_B1,KERCKHOF_7_B1,KERCKHOF_7_B1,RTPD,MCL,LMP_LOSS_PRC,KERCKHOF_7_B1,ALL,1,12.7007,4,124
2022-09-03T11:45:00-00:00,2022-09-03T12:00:00-00:00,2022-09-03,05,KERCKHOF_7_B1,KERCKHOF_7_B1,KERCKHOF_7_B1,RTPD,MCL,LMP_LOSS_PRC,KERCKHOF_7_B1,ALL,1,8.85251,4,124
2022-09-03T12:45:00-00:00,2022-09-03T13:00:00-00:00,2022-09-03,06,KERCKHOF_7_B1,KERCKHOF_7_B1,KERCKHOF_7_B1,RTPD,MCL,LMP_LOSS_PRC,KERCKHOF_7_B1,ALL,1,7.09224,4,124
2022-09-03T13:45:00-00:00,2022-09-03T14:00:00-00:00,2022-09-03,07,KERCKHOF_7_B1,KERCKHOF_7_B1,KERCKHOF_7_B1,RTPD,MCL,LMP_LOSS_PRC,KERCKHOF_7_B1,ALL,1,5.09013,4,124
2022-09-03T14:45:00-00:00,2022-09-03T15:00:00-00:00,2022-09-03,08,KERCKHOF_7_B1,KERCKHOF_7_B1,KERCKHOF_7_B1,RTPD,MCL,LMP_LOSS_PRC,KERCKHOF_7_B1,ALL,1,0,4,124
2022-09-03T15:45:00-00:00,2022-09-03T16:00:00-00:00,2022-09-03,09,KERCKHOF_7_B1,KERCKHOF_7_B1,KERCKHOF_7_B1,RTPD,MCL,LMP_LOSS_PRC,KERCKHOF_7_B1,ALL,1,2.4806,4,124
2022-09-03T16:45:00-00:00,2022-09-03T17:00:00-00:00,2022-09-03,10,KERCKHOF_7_B1,KERCKHOF_7_B1,KERCKHOF_7_B1,RTPD,MCL,LMP_LOSS_PRC,KERCKHOF_7_B1,ALL,1,3.70873,4,124
2022-09-03T17:45:00-00:00,2022-09-03T18:00:00-00:00,2022-09-03,11,KERCKHOF_7_B1,KERCKHOF_7_B1,KERCKHOF_7_B1,RTPD,MCL,LMP_LOSS_PRC,KERCKHOF_7_B1,ALL,1,5.67716,4,124
2022-09-03T18:45:00-00:00,2022-09-03T19:00:00-00:00,2022-09-03,12,KERCKHOF_7_B1,KERCKHOF_7_B1,KERCKHOF_7_B1,RTPD,MCL,LMP_LOSS_PRC,KERCKHOF_7_B1,ALL,1,0,4,124
2022-09-03T19:45:00-00:00,2022-09-03T20:00:00-00:00,2022-09-03,13,KERCKHOF_7_B1,KERCKHOF_7_B1,KERCKHOF_7_B1,RTPD,MCL,LMP_LOSS_PRC,KERCKHOF_7_B1,ALL,1,0,4,124
2022-09-03T20:45:00-00:00,2022-09-03T21:00:00-00:00,2022-09-03,14,KERCKHOF_7_B1,KERCKHOF_7_B1,KERCKHOF_7_B1,RTPD,MCL,LMP_LOSS_PRC,KERCKHOF_7_B1,ALL,1,4.56907,4,124
2022-09-03T21:45:00-00:00,2022-09-03T22:00:00-00:00,2022-09-03,15,KERCKHOF_7_B1,KERCKHOF_7_B1,KERCKHOF_7_B1,RTPD,MCL,LMP_LOSS_PRC,KERCKHOF_7_B1,ALL,1,2.93079,4,124
2022-09-03T22:45:00-00:00,2022-09-03T23:00:00-00:00,2022-09-03,16,KERCKHOF_7_B1,KERCKHOF_7_B1,KERCKHOF_7_B1,RTPD,MCL,LMP_LOSS_PRC,KERCKHOF_7_B1,ALL,1,7.15509,4,124
2022-09-03T23:45:00-00:00,2022-09-04T00:00:00-00:00,2022-09-03,17,KERCKHOF_7_B1,KERCKHOF_7_B1,KERCKHOF_7_B1,RTPD,MCL,LMP_LOSS_PRC,KERCKHOF_7_B1,ALL,1,10.09232,4,124
2022-09-04T00:45:00-00:00,2022-09-04T01:00:00-00:00,2022-09-03,18,KERCKHOF_7_B1,KERCKHOF_7_B1,KERCKHOF_7_B1,RTPD,MCL,LMP_LOSS_PRC,KERCKHOF_7_B1,ALL,1,0,4,124
2022-09-04T01:45:00-00:00,2022-09-04T02:00:00-00:00,2022-09-03,19,KERCKHOF_7_B1,KERCKHOF_7_B1,KERCKHOF_7_B1,RTPD,MCL,LMP_LOSS_PRC,KERCKHOF_7_B1,ALL,1,47.01442,4,124
2022-09-04T02:45:00-00:00,2022-09-04T03:00:00-00:00,2022-09-03,20,KERCKHOF_7_B1,KERCKHOF_7_B1,KERCKHOF_7_B1,RTPD,MCL,LMP_LOSS_PRC,KERCKHOF_7_B1,ALL,1,14.82201,4,124
2022-09-04T03:45:00-00:00,2022-09-04T04:00:00-00:00,2022-09-03,21,KERCKHOF_7_B1,KERCKHOF_7_B1,KERCKHOF_7_B1,RTPD,MCL,LMP_LOSS_PRC,KERCKHOF_7_B1,ALL,1,9.33033,4,124
2022-09-04T04:45:00-00:00,2022-09-04T05:00:00-00:00,2022-09-03,22,KERCKHOF_7_B1,KERCKHOF_7_B1,KERCKHOF_7_B1,RTPD,MCL,LMP_LOSS_PRC,KERCKHOF_7_B1,ALL,1,12.50196,4,124
2022-09-04T05:45:00-00:00,2022-09-04T06:00:00-00:00,2022-09-03,23,KERCKHOF_7_B1,KERCKHOF_7_B1,KERCKHOF_7_B1,RTPD,MCL,LMP_LOSS_PRC,KERCKHOF_7_B1,ALL,1,10.99973,4,124
2022-09-04T06:45:00-00:00,2022-09-04T07:00:00-00:00,2022-09-03,24,KERCKHOF_7_B1,KERCKHOF_7_B1,KERCKHOF_7_B1,RTPD,MCL,LMP_LOSS_PRC,KERCKHOF_7_B1,ALL,1,9.71165,4,124
2022-09-03T07:00:00-00:00,2022-09-03T07:15:00-00:00,2022-09-03,01,KERCKHOF_7_B1,KERCKHOF_7_B1,KERCKHOF_7_B1,RTPD,MGHG,LMP_GHG_PRC,KERCKHOF_7_B1,ALL,1,0,1,125
2022-09-03T08:00:00-00:00,2022-09-03T08:15:00-00:00,2022-09-03,02,KERCKHOF_7_B1,KERCKHOF_7_B1,KERCKHOF_7_B1,RTPD,MGHG,LMP_GHG_PRC,KERCKHOF_7_B1,ALL,1,0,1,125
2022-09-03T09:00:00-00:00,2022-09-03T09:15:00-00:00,2022-09-03,03,KERCKHOF_7_B1,KERCKHOF_7_B1,KERCKHOF_7_B1,RTPD,MGHG,LMP_GHG_PRC,KERCKHOF_7_B1,ALL,1,0,1,125
2022-09-03T10:00:00-00:00,2022-09-03T10:15:00-00:00,2022-09-03,04,KERCKHOF_7_B1,KERCKHOF_7_B1,KERCKHOF_7_B1,RTPD,MGHG,LMP_GHG_PRC,KERCKHOF_7_B1,ALL,1,0,1,125
2022-09-03T11:00:00-00:00,2022-09-03T11:15:00-00:00,2022-09-03,05,KERCKHOF_7_B1,KERCKHOF_7_B1,KERCKHOF_7_B1,RTPD,MGHG,LMP_GHG_PRC,KERCKHOF_7_B1,ALL,1,0,1,125
2022-09-03T12:00:00-00:00,2022-09-03T12:15:00-00:00,2022-09-03,06,KERCKHOF_7_B1,KERCKHOF_7_B1,KERCKHOF_7_B1,RTPD,MGHG,LMP_GHG_PRC,KERCKHOF_7_B1,ALL,1,0,1,125
2022-09-03T13:00:00-00:00,2022-09-03T13:15:00-00:00,2022-09-03,07,KERCKHOF_7_B1,KERCKHOF_7_B1,KERCKHOF_7_B1,RTPD,MGHG,LMP_GHG_PRC,KERCKHOF_7_B1,ALL,1,0,1,125
2022-09-03T14:00:00-00:00,2022-09-03T14:15:00-00:00,2022-09-03,08,KERCKHOF_7_B1,KERCKHOF_7_B1,KERCKHOF_7_B1,RTPD,MGHG,LMP_GHG_PRC,KERCKHOF_7_B1,ALL,1,0,1,125
2022-09-03T15:00:00-00:00,2022-09-03T15:15:00-00:00,2022-09-03,09,KERCKHOF_7_B1,KERCKHOF_7_B1,KERCKHOF_7_B1,RTPD,MGHG,LMP_GHG_PRC,KERCKHOF_7_B1,ALL,1,0,1,125
2022-09-03T16:00:00-00:00,2022-09-03T16:15:00-00:00,2022-09-03,10,KERCKHOF_7_B1,KERCKHOF_7_B1,KERCKHOF_7_B1,RTPD,MGHG,LMP_GHG_PRC,KERCKHOF_7_B1,ALL,1,0,1,125
2022-09-03T17:00:00-00:00,2022-09-03T17:15:00-00:00,2022-09-03,11,KERCKHOF_7_B1,KERCKHOF_7_B1,KERCKHOF_7_B1,RTPD,MGHG,LMP_GHG_PRC,KERCKHOF_7_B1,ALL,1,0,1,125
2022-09-03T18:00:00-00:00,2022-09-03T18:15:00-00:00,2022-09-03,12,KERCKHOF_7_B1,KERCKHOF_7_B1,KERCKHOF_7_B1,RTPD,MGHG,LMP_GHG_PRC,KERCKHOF_7_B1,ALL,1,0,1,125
2022-09-03T19:00:00-00:00,2022-09-03T19:15:00-00:00,2022-09-03,13,KERCKHOF_7_B1,KERCKHOF_7_B1,KERCKHOF_7_B1,RTPD,MGHG,LMP_GHG_PRC,KERCKHOF_7_B1,ALL,1,0,1,125
2022-09-03T20:00:00-00:00,2022-09-03T20:15:00-00:00,2022-09-03,14,KERCKHOF_7_B1,KERCKHOF_7_B1,KERCKHOF_7_B1,RTPD,MGHG,LMP_GHG_PRC,KERCKHOF_7_B1,ALL,1,0,1,125
2022-09-03T21:00:00-00:00,2022-09-03T21:15:00-00:00,2022-09-03,15,KERCKHOF_7_B1,KERCKHOF_7_B1,KERCKHOF_7_B1,RTPD,MGHG,LMP_GHG_PRC,KERCKHOF_7_B1,ALL,1,0,1,125
2022-09-03T22:00:00-00:00,2022-09-03T22:15:00-00:00,2022-09-03,16,KERCKHOF_7_B1,KERCKHOF_7_B1,KERCKHOF_7_B1,RTPD,MGHG,LMP_GHG_PRC,KERCKHOF_7_B1,ALL,1,0,1,125
2022-09-03T23:00:00-00:00,2022-09-03T23:15:00-00:00,2022-09-03,17,KERCKHOF_7_B1,KERCKHOF_7_B1,KERCKHOF_7_B1,RTPD,MGHG,LMP_GHG_PRC,KERCKHOF_7_B1,ALL,1,0,1,125
2022-09-04T00:00:00-00:00,2022-09-04T00:15:00-00:00,2022-09-03,18,KERCKHOF_7_B1,KERCKHOF_7_B1,KERCKHOF_7_B1,RTPD,MGHG,LMP_GHG_PRC,KERCKHOF_7_B1,ALL,1,0,1,125
2022-09-04T01:00:00-00:00,2022-09-04T01:15:00-00:00,2022-09-03,19,KERCKHOF_7_B1,KERCKHOF_7_B1,KERCKHOF_7_B1,RTPD,MGHG,LMP_GHG_PRC,KERCKHOF_7_B1,ALL,1,0,1,125
2022-09-04T02:00:00-00:00,2022-09-04T02:15:00-00:00,2022-09-03,20,KERCKHOF_7_B1,KERCKHOF_7_B1,KERCKHOF_7_B1,RTPD,MGHG,LMP_GHG_PRC,KERCKHOF_7_B1,ALL,1,0,1,125
2022-09-04T03:00:00-00:00,2022-09-04T03:15:00-00:00,2022-09-03,21,KERCKHOF_7_B1,KERCKHOF_7_B1,KERCKHOF_7_B1,RTPD,MGHG,LMP_GHG_PRC,KERCKHOF_7_B1,ALL,1,0,1,125
2022-09-04T04:00:00-00:00,2022-09-04T04:15:00-00:00,2022-09-03,22,KERCKHOF_7_B1,KERCKHOF_7_B1,KERCKHOF_7_B1,RTPD,MGHG,LMP_GHG_PRC,KERCKHOF_7_B1,ALL,1,0,1,125
2022-09-04T05:00:00-00:00,2022-09-04T05:15:00-00:00,2022-09-03,23,KERCKHOF_7_B1,KERCKHOF_7_B1,KERCKHOF_7_B1,RTPD,MGHG,LMP_GHG_PRC,KERCKHOF_7_B1,ALL,1,0,1,125
2022-09-04T06:00:00-00:00,2022-09-04T06:15:00-00:00,2022-09-03,24,KERCKHOF_7_B1,KERCKHOF_7_B1,KERCKHOF_7_B1,RTPD,MGHG,LMP_GHG_PRC,KERCKHOF_7_B1,ALL,1,0,1,125
2022-09-03T07:15:00-00:00,2022-09-03T07:30:00-00:00,2022-09-03,01,KERCKHOF_7_B1,KERCKHOF_7_B1,KERCKHOF_7_B1,RTPD,MGHG,LMP_GHG_PRC,KERCKHOF_7_B1,ALL,1,0,2,125
2022-09-03T08:15:00-00:00,2022-09-03T08:30:00-00:00,2022-09-03,02,KERCKHOF_7_B1,KERCKHOF_7_B1,KERCKHOF_7_B1,RTPD,MGHG,LMP_GHG_PRC,KERCKHOF_7_B1,ALL,1,0,2,125
2022-09-03T09:15:00-00:00,2022-09-03T09:30:00-00:00,2022-09-03,03,KERCKHOF_7_B1,KERCKHOF_7_B1,KERCKHOF_7_B1,RTPD,MGHG,LMP_GHG_PRC,KERCKHOF_7_B1,ALL,1,0,2,125
2022-09-03T10:15:00-00:00,2022-09-03T10:30:00-00:00,2022-09-03,04,KERCKHOF_7_B1,KERCKHOF_7_B1,KERCKHOF_7_B1,RTPD,MGHG,LMP_GHG_PRC,KERCKHOF_7_B1,ALL,1,0,2,125
2022-09-03T11:15:00-00:00,2022-09-03T11:30:00-00:00,2022-09-03,05,KERCKHOF_7_B1,KERCKHOF_7_B1,KERCKHOF_7_B1,RTPD,MGHG,LMP_GHG_PRC,KERCKHOF_7_B1,ALL,1,0,2,125
2022-09-03T12:15:00-00:00,2022-09-03T12:30:00-00:00,2022-09-03,06,KERCKHOF_7_B1,KERCKHOF_7_B1,KERCKHOF_7_B1,RTPD,MGHG,LMP_GHG_PRC,KERCKHOF_7_B1,ALL,1,0,2,125
2022-09-03T13:15:00-00:00,2022-09-03T13:30:00-00:00,2022-09-03,07,KERCKHOF_7_B1,KERCKHOF_7_B1,KERCKHOF_7_B1,RTPD,MGHG,LMP_GHG_PRC,KERCKHOF_7_B1,ALL,1,0,2,125
2022-09-03T14:15:00-00:00,2022-09-03T14:30:00-00:00,2022-09-03,08,KERCKHOF_7_B1,KERCKHOF_7_B1,KERCKHOF_7_B1,RTPD,MGHG,LMP_GHG_PRC,KERCKHOF_7_B1,ALL,1,0,2,125
2022-09-03T15:15:00-00:00,2022-09-03T15:30:00-00:00,2022-09-03,09,KERCKHOF_7_B1,KERCKHOF_7_B1,KERCKHOF_7_B1,RTPD,MGHG,LMP_GHG_PRC,KERCKHOF_7_B1,ALL,1,0,2,125
2022-09-03T16:15:00-00:00,2022-09-03T16:30:00-00:00,2022-09-03,10,KERCKHOF_7_B1,KERCKHOF_7_B1,KERCKHOF_7_B1,RTPD,MGHG,LMP_GHG_PRC,KERCKHOF_7_B1,ALL,1,0,2,125
2022-09-03T17:15:00-00:00,2022-09-03T17:30:00-00:00,2022-09-03,11,KERCKHOF_7_B1,KERCKHOF_7_B1,KERCKHOF_7_B1,RTPD,MGHG,LMP_GHG_PRC,KERCKHOF_7_B1,ALL,1,0,2,125
2022-09-03T18:15:00-00:00,2022-09-03T18:30:00-00:00,2022-09-03,12,KERCKHOF_7_B1,KERCKHOF_7_B1,KERCKHOF_7_B1,RTPD,MGHG,LMP_GHG_PRC,KERCKHOF_7_B1,ALL,1,0,2,125
2022-09-03T19:15:00-00:00,2022-09-03T19:30:00-00:00,2022-09-03,13,KERCKHOF_7_B1,KERCKHOF_7_B1,KERCKHOF_7_B1,RTPD,MGHG,LMP_GHG_PRC,KERCKHOF_7_B1,ALL,1,0,2,125
2022-09-03T20:15:00-00:00,2022-09-03T20:30:00-00:00,2022-09-03,14,KERCKHOF_7_B1,KERCKHOF_7_B1,KERCKHOF_7_B1,RTPD,MGHG,LMP_GHG_PRC,KERCKHOF_7_B1,ALL,1,0,2,125
2022-09-03T21:15:00-00:00,2022-09-03T21:30:00-00:00,2022-09-03,15,KERCKHOF_7_B1,KERCKHOF_7_B1,KERCKHOF_7_B1,RTPD,MGHG,LMP_GHG_PRC,KERCKHOF_7_B1,ALL,1,0,2,125
2022-09-03T22:15:00-00:00,2022-09-03T22:30:00-00:00,2022-09-03,16,KERCKHOF_7_B1,KERCKHOF_7_B1,KERCKHOF_7_B1,RTPD,MGHG,LMP_GHG_PRC,KERCKHOF_7_B1,ALL,1,0,2,125
2022-09-03T23:15:00-00:00,2022-09-03T23:30:00-00:00,2022-09-03,17,KERCKHOF_7_B1,KERCKHOF_7_B1,KERCKHOF_7_B1,RTPD,MGHG,LMP_GHG_PRC,KERCKHOF_7_B1,ALL,1,0,2,125
2022-09-04T00:15:00-00:00,2022-09-04T00:30:00-00:00,2022-09-03,18,KERCKHOF_7_B1,KERCKHOF_7_B1,KERCKHOF_7_B1,RTPD,MGHG,LMP_GHG_PRC,KERCKHOF_7_B1,ALL,1,0,2,125
2022-09-04T01:15:00-00:00,2022-09-04T01:30:00-00:00,2022-09-03,19,KERCKHOF_7_B1,KERCKHOF_7_B1,KERCKHOF_7_B1,RTPD,MGHG,LMP_GHG_PRC,KERCKHOF_7_B1,ALL,1,0,2,125
2022-09-04T02:15:00-00:00,2022-09-04T02:30:00-00:00,2022-09-03,20,KERCKHOF_7_B1,KERCKHOF_7_B1,KERCKHOF_7_B1,RTPD,MGHG,LMP_GHG_PRC,KERCKHOF_7_B1,ALL,1,0,2,125
2022-09-04T03:15:00-00:00,2022-09-04T03:30:00-00:00,2022-09-03,21,KERCKHOF_7_B1,KERCKHOF_7_B1,KERCKHOF_7_B1,RTPD,MGHG,LMP_GHG_PRC,KERCKHOF_7_B1,ALL,1,0,2,125
2022-09-04T04:15:00-00:00,2022-09-04T04:30:00-00:00,2022-09-03,22,KERCKHOF_7_B1,KERCKHOF_7_B1,KERCKHOF_7_B1,RTPD,MGHG,LMP_GHG_PRC,KERCKHOF_7_B1,ALL,1,0,2,125
2022-09-04T05:15:00-00:00,2022-09-04T05:30:00-00:00,2022-09-03,23,KERCKHOF_7_B1,KERCKHOF_7_B1,KERCKHOF_7_B1,RTPD,MGHG,LMP_GHG_PRC,KERCKHOF_7_B1,ALL,1,0,2,125
2022-09-04T06:15:00-00:00,2022-09-04T06:30:00-00:00,2022-09-03,24,KERCKHOF_7_B1,KERCKHOF_7_B1,KERCKHOF_7_B1,RTPD,MGHG,LMP_GHG_PRC,KERCKHOF_7_B1,ALL,1,0,2,125
2022-09-03T07:30:00-00:00,2022-09-03T07:45:00-00:00,2022-09-03,01,KERCKHOF_7_B1,KERCKHOF_7_B1,KERCKHOF_7_B1,RTPD,MGHG,LMP_GHG_PRC,KERCKHOF_7_B1,ALL,1,0,3,125
2022-09-03T08:30:00-00:00,2022-09-03T08:45:00-00:00,2022-09-03,02,KERCKHOF_7_B1,KERCKHOF_7_B1,KERCKHOF_7_B1,RTPD,MGHG,LMP_GHG_PRC,KERCKHOF_7_B1,ALL,1,0,3,125
2022-09-03T09:30:00-00:00,2022-09-03T09:45:00-00:00,2022-09-03,03,KERCKHOF_7_B1,KERCKHOF_7_B1,KERCKHOF_7_B1,RTPD,MGHG,LMP_GHG_PRC,KERCKHOF_7_B1,ALL,1,0,3,125
2022-09-03T10:30:00-00:00,2022-09-03T10:45:00-00:00,2022-09-03,04,KERCKHOF_7_B1,KERCKHOF_7_B1,KERCKHOF_7_B1,RTPD,MGHG,LMP_GHG_PRC,KERCKHOF_7_B1,ALL,1,0,3,125
2022-09-03T11:30:00-00:00,2022-09-03T11:45:00-00:00,2022-09-03,05,KERCKHOF_7_B1,KERCKHOF_7_B1,KERCKHOF_7_B1,RTPD,MGHG,LMP_GHG_PRC,KERCKHOF_7_B1,ALL,1,0,3,125
2022-09-03T12:30:00-00:00,2022-09-03T12:45:00-00:00,2022-09-03,06,KERCKHOF_7_B1,KERCKHOF_7_B1,KERCKHOF_7_B1,RTPD,MGHG,LMP_GHG_PRC,KERCKHOF_7_B1,ALL,1,0,3,125
2022-09-03T13:30:00-00:00,2022-09-03T13:45:00-00:00,2022-09-03,07,KERCKHOF_7_B1,KERCKHOF_7_B1,KERCKHOF_7_B1,RTPD,MGHG,LMP_GHG_PRC,KERCKHOF_7_B1,ALL,1,0,3,125
2022-09-03T14:30:00-00:00,2022-09-03T14:45:00-00:00,2022-09-03,08,KERCKHOF_7_B1,KERCKHOF_7_B1,KERCKHOF_7_B1,RTPD,MGHG,LMP_GHG_PRC,KERCKHOF_7_B1,ALL,1,0,3,125
2022-09-03T15:30:00-00:00,2022-09-03T15:45:00-00:00,2022-09-03,09,KERCKHOF_7_B1,KERCKHOF_7_B1,KERCKHOF_7_B1,RTPD,MGHG,LMP_GHG_PRC,KERCKHOF_7_B1,ALL,1,0,3,125
2022-09-03T16:30:00-00:00,2022-09-03T16:45:00-00:00,2022-09-03,10,KERCKHOF_7_B1,KERCKHOF_7_B1,KERCKHOF_7_B1,RTPD,MGHG,LMP_GHG_PRC,KERCKHOF_7_B1,ALL,1,0,3,125
2022-09-03T17:30:00-00:00,2022-09-03T17:45:00-00:00,2022-09-03,11,KERCKHOF_7_B1,KERCKHOF_7_B1,KERCKHOF_7_B1,RTPD,MGHG,LMP_GHG_PRC,KERCKHOF_7_B1,ALL,1,0,3,125
2022-09-03T18:30:00-00:00,2022-09-03T18:45:00-00:00,2022-09-03,12,KERCKHOF_7_B1,KERCKHOF_7_B1,KERCKHOF_7_B1,RTPD,MGHG,LMP_GHG_PRC,KERCKHOF_7_B1,ALL,1,0,3,125
2022-09-03T19:30:00-00:00,2022-09-03T19:45:00-00:00,2022-09-03,13,KERCKHOF_7_B1,KERCKHOF_7_B1,KERCKHOF_7_B1,RTPD,MGHG,LMP_GHG_PRC,KERCKHOF_7_B1,ALL,1,0,3,125
2022-09-03T20:30:00-00:00,2022-09-03T20:45:00-00:00,2022-09-03,14,KERCKHOF_7_B1,KERCKHOF_7_B1,KERCKHOF_7_B1,RTPD,MGHG,LMP_GHG_PRC,KERCKHOF_7_B1,ALL,1,0,3,125
2022-09-03T21:30:00-00:00,2022-09-03T21:45:00-00:00,2022-09-03,15,KERCKHOF_7_B1,KERCKHOF_7_B1,KERCKHOF_7_B1,RTPD,MGHG,LMP_GHG_PRC,KERCKHOF_7_B1,ALL,1,0,3,125
2022-09-03T22:30:00-00:00,2022-09-03T22:45:00-00:00,2022-09-03,16,KERCKHOF_7_B1,KERCKHOF_7_B1,KERCKHOF_7_B1,RTPD,MGHG,LMP_GHG_PRC,KERCKHOF_7_B1,ALL,1,0,3,125
2022-09-03T23:30:00-00:00,2022-09-03T23:45:00-00:00,2022-09-03,17,KERCKHOF_7_B1,KERCKHOF_7_B1,KERCKHOF_7_B1,RTPD,MGHG,LMP_GHG_PRC,KERCKHOF_7_B1,ALL,1,0,3,125
2022-09-04T00:30:00-00:00,2022-09-04T00:45:00-00:00,2022-09-03,18,KERCKHOF_7_B1,KERCKHOF_7_B1,KERCKHOF_7_B1,RTPD,MGHG,LMP_GHG_PRC,KERCKHOF_7_B1,ALL,1,0,3,125
2022-09-04T01:30:00-00:00,2022-09-04T01:45:00-00:00,2022-09-03,19,KERCKHOF_7_B1,KERCKHOF_7_B1,KERCKHOF_7_B1,RTPD,MGHG,LMP_GHG_PRC,KERCKHOF_7_B1,ALL,1,0,3,125
2022-09-04T02:30:00-00:00,2022-09-04T02:45:00-00:00,2022-09-03,20,KERCKHOF_7_B1,KERCKHOF_7_B1,KERCKHOF_7_B1,RTPD,MGHG,LMP_GHG_PRC,KERCKHOF_7_B1,ALL,1,0,3,125
2022-09-04T03:30:00-00:00,2022-09-04T03:45:00-00:00,2022-09-03,21,KERCKHOF_7_B1,KERCKHOF_7_B1,KERCKHOF_7_B1,RTPD,MGHG,LMP_GHG_PRC,KERCKHOF_7_B1,ALL,1,0,3,125
2022-09-04T04:30:00-00:00,2022-09-04T04:45:00-00:00,2022-09-03,22,KERCKHOF_7_B1,KERCKHOF_7_B1,KERCKHOF_7_B1,RTPD,MGHG,LMP_GHG_PRC,KERCKHOF_7_B1,ALL,1,0,3,125
2022-09-04T05:30:00-00:00,2022-09-04T05:45:00-00:00,2022-09-03,23,KERCKHOF_7_B1,KERCKHOF_7_B1,KERCKHOF_7_B1,RTPD,MGHG,LMP_GHG_PRC,KERCKHOF_7_B1,ALL,1,0,3,125
2022-09-04T06:30:00-00:00,2022-09-04T06:45:00-00:00,2022-09-03,24,KERCKHOF_7_B1,KERCKHOF_7_B1,KERCKHOF_7_B1,RTPD,MGHG,LMP_GHG_PRC,KERCKHOF_7_B1,ALL,1,0,3,125
2022-09-03T07:45:00-00:00,2022-09-03T08:00:00-00:00,2022-09-03,01,KERCKHOF_7_B1,KERCKHOF_7_B1,KERCKHOF_7_B1,RTPD,MGHG,LMP_GHG_PRC,KERCKHOF_7_B1,ALL,1,0,4,125
2022-09-03T08:45:00-00:00,2022-09-03T09:00:00-00:00,2022-09-03,02,KERCKHOF_7_B1,KERCKHOF_7_B1,KERCKHOF_7_B1,RTPD,MGHG,LMP_GHG_PRC,KERCKHOF_7_B1,ALL,1,0,4,125
2022-09-03T09:45:00-00:00,2022-09-03T10:00:00-00:00,2022-09-03,03,KERCKHOF_7_B1,KERCKHOF_7_B1,KERCKHOF_7_B1,RTPD,MGHG,LMP_GHG_PRC,KERCKHOF_7_B1,ALL,1,0,4,125
2022-09-03T10:45:00-00:00,2022-09-03T11:00:00-00:00,2022-09-03,04,KERCKHOF_7_B1,KERCKHOF_7_B1,KERCKHOF_7_B1,RTPD,MGHG,LMP_GHG_PRC,KERCKHOF_7_B1,ALL,1,0,4,125
2022-09-03T11:45:00-00:00,2022-09-03T12:00:00-00:00,2022-09-03,05,KERCKHOF_7_B1,KERCKHOF_7_B1,KERCKHOF_7_B1,RTPD,MGHG,LMP_GHG_PRC,KERCKHOF_7_B1,ALL,1,0,4,125
2022-09-03T12:45:00-00:00,2022-09-03T13:00:00-00:00,2022-09-03,06,KERCKHOF_7_B1,KERCKHOF_7_B1,KERCKHOF_7_B1,RTPD,MGHG,LMP_GHG_PRC,KERCKHOF_7_B1,ALL,1,0,4,125
2022-09-03T13:45:00-00:00,2022-09-03T14:00:00-00:00,2022-09-03,07,KERCKHOF_7_B1,KERCKHOF_7_B1,KERCKHOF_7_B1,RTPD,MGHG,LMP_GHG_PRC,KERCKHOF_7_B1,ALL,1,0,4,125
2022-09-03T14:45:00-00:00,2022-09-03T15:00:00-00:00,2022-09-03,08,KERCKHOF_7_B1,KERCKHOF_7_B1,KERCKHOF_7_B1,RTPD,MGHG,LMP_GHG_PRC,KERCKHOF_7_B1,ALL,1,0,4,125
2022-09-03T15:45:00-00:00,2022-09-03T16:00:00-00:00,2022-09-03,09,KERCKHOF_7_B1,KERCKHOF_7_B1,KERCKHOF_7_B1,RTPD,MGHG,LMP_GHG_PRC,KERCKHOF_7_B1,ALL,1,0,4,125
2022-09-03T16:45:00-00:00,2022-09-03T17:00:00-00:00,2022-09-03,10,KERCKHOF_7_B1,KERCKHOF_7_B1,KERCKHOF_7_B1,RTPD,MGHG,LMP_GHG_PRC,KERCKHOF_7_B1,ALL,1,0,4,125
2022-09-03T17:45:00-00:00,2022-09-03T18:00:00-00:00,2022-09-03,11,KERCKHOF_7_B1,KERCKHOF_7_B1,KERCKHOF_7_B1,RTPD,MGHG,LMP_GHG_PRC,KERCKHOF_7_B1,ALL,1,0,4,125
2022-09-03T18:45:00-00:00,2022-09-03T19:00:00-00:00,2022-09-03,12,KERCKHOF_7_B1,KERCKHOF_7_B1,KERCKHOF_7_B1,RTPD,MGHG,LMP_GHG_PRC,KERCKHOF_7_B1,ALL,1,0,4,125
2022-09-03T19:45:00-00:00,2022-09-03T20:00:00-00:00,2022-09-03,13,KERCKHOF_7_B1,KERCKHOF_7_B1,KERCKHOF_7_B1,RTPD,MGHG,LMP_GHG_PRC,KERCKHOF_7_B1,ALL,1,0,4,125
2022-09-03T20:45:00-00:00,2022-09-03T21:00:00-00:00,2022-09-03,14,KERCKHOF_7_B1,KERCKHOF_7_B1,KERCKHOF_7_B1,RTPD,MGHG,LMP_GHG_PRC,KERCKHOF_7_B1,ALL,1,0,4,125
2022-09-03T21:45:00-00:00,2022-09-03T22:00:00-00:00,2022-09-03,15,KERCKHOF_7_B1,KERCKHOF_7_B1,KERCKHOF_7_B1,RTPD,MGHG,LMP_GHG_PRC,KERCKHOF_7_B1,ALL,1,0,4,125
2022-09-03T22:45:00-00:00,2022-09-03T23:00:00-00:00,2022-09-03,16,KERCKHOF_7_B1,KERCKHOF_7_B1,KERCKHOF_7_B1,RTPD,MGHG,LMP_GHG_PRC,KERCKHOF_7_B1,ALL,1,0,4,125
2022-09-03T23:45:00-00:00,2022-09-04T00:00:00-00:00,2022-09-03,17,KERCKHOF_7_B1,KERCKHOF_7_B1,KERCKHOF_7_B1,RTPD,MGHG,LMP_GHG_PRC,KERCKHOF_7_B1,ALL,1,0,4,125
2022-09-04T00:45:00-00:00,2022-09-04T01:00:00-00:00,2022-09-03,18,KERCKHOF_7_B1,KERCKHOF_7_B1,KERCKHOF_7_B1,RTPD,MGHG,LMP_GHG_PRC,KERCKHOF_7_B1,ALL,1,0,4,125
2022-09-04T01:45:00-00:00,2022-09-04T02:00:00-00:00,2022-09-03,19,KERCKHOF_7_B1,KERCKHOF_7_B1,KERCKHOF_7_B1,RTPD,MGHG,LMP_GHG_PRC,KERCKHOF_7_B1,ALL,1,0,4,125
2022-09-04T02:45:00-00:00,2022-09-04T03:00:00-00:00,2022-09-03,20,KERCKHOF_7_B1,KERCKHOF_7_B1,KERCKHOF_7_B1,RTPD,MGHG,LMP_GHG_PRC,KERCKHOF_7_B1,ALL,1,0,4,125
2022-09-04T03:45:00-00:00,2022-09-04T04:00:00-00:00,2022-09-03,21,KERCKHOF_7_B1,KERCKHOF_7_B1,KERCKHOF_7_B1,RTPD,MGHG,LMP_GHG_PRC,KERCKHOF_7_B1,ALL,1,0,4,125
2022-09-04T04:45:00-00:00,2022-09-04T05:00:00-00:00,2022-09-03,22,KERCKHOF_7_B1,KERCKHOF_7_B1,KERCKHOF_7_B1,RTPD,MGHG,LMP_GHG_PRC,KERCKHOF_7_B1,ALL,1,0,4,125
2022-09-04T05:45:00-00:00,2022-09-04T06:00:00-00:00,2022-09-03,23,KERCKHOF_7_B1,KERCKHOF_7_B1,KERCKHOF_7_B1,RTPD,MGHG,LMP_GHG_PRC,KERCKHOF_7_B1,ALL,1,0,4,125
2022-09-04T06:45:00-00:00,2022-09-04T07:00:00-00:00,2022-09-03,24,KERCKHOF_7_B1,KERCKHOF_7_B1,KERCKHOF_7_B1,RTPD,MGHG,LMP_GHG_PRC,KERCKHOF_7_B1,ALL,1,0,4,125
2022-09-03T07:00:00-00:00,2022-09-03T07:15:00-00:00,2022-09-03,01,KERMAN_6_N001,KERMAN_6_N001,KERMAN_6_N001,RTPD,LMP,LMP_PRC,KERMAN_6_N001,ALL,1,95.65992,1,126
2022-09-03T08:00:00-00:00,2022-09-03T08:15:00-00:00,2022-09-03,02,KERMAN_6_N001,KERMAN_6_N001,KERMAN_6_N001,RTPD,LMP,LMP_PRC,KERMAN_6_N001,ALL,1,87.42185,1,126
2022-09-03T09:00:00-00:00,2022-09-03T09:15:00-00:00,2022-09-03,03,KERMAN_6_N001,KERMAN_6_N001,KERMAN_6_N001,RTPD,LMP,LMP_PRC,KERMAN_6_N001,ALL,1,116.57076,1,126
2022-09-03T10:00:00-00:00,2022-09-03T10:15:00-00:00,2022-09-03,04,KERMAN_6_N001,KERMAN_6_N001,KERMAN_6_N001,RTPD,LMP,LMP_PRC,KERMAN_6_N001,ALL,1,67.47233,1,126
2022-09-03T11:00:00-00:00,2022-09-03T11:15:00-00:00,2022-09-03,05,KERMAN_6_N001,KERMAN_6_N001,KERMAN_6_N001,RTPD,LMP,LMP_PRC,KERMAN_6_N001,ALL,1,90.63489,1,126
2022-09-03T12:00:00-00:00,2022-09-03T12:15:00-00:00,2022-09-03,06,KERMAN_6_N001,KERMAN_6_N001,KERMAN_6_N001,RTPD,LMP,LMP_PRC,KERMAN_6_N001,ALL,1,67.74603,1,126
2022-09-03T13:00:00-00:00,2022-09-03T13:15:00-00:00,2022-09-03,07,KERMAN_6_N001,KERMAN_6_N001,KERMAN_6_N001,RTPD,LMP,LMP_PRC,KERMAN_6_N001,ALL,1,83.68378,1,126
2022-09-03T14:00:00-00:00,2022-09-03T14:15:00-00:00,2022-09-03,08,KERMAN_6_N001,KERMAN_6_N001,KERMAN_6_N001,RTPD,LMP,LMP_PRC,KERMAN_6_N001,ALL,1,81.93317,1,126
2022-09-03T15:00:00-00:00,2022-09-03T15:15:00-00:00,2022-09-03,09,KERMAN_6_N001,KERMAN_6_N001,KERMAN_6_N001,RTPD,LMP,LMP_PRC,KERMAN_6_N001,ALL,1,27.76937,1,126
2022-09-03T16:00:00-00:00,2022-09-03T16:15:00-00:00,2022-09-03,10,KERMAN_6_N001,KERMAN_6_N001,KERMAN_6_N001,RTPD,LMP,LMP_PRC,KERMAN_6_N001,ALL,1,29.87074,1,126
2022-09-03T17:00:00-00:00,2022-09-03T17:15:00-00:00,2022-09-03,11,KERMAN_6_N001,KERMAN_6_N001,KERMAN_6_N001,RTPD,LMP,LMP_PRC,KERMAN_6_N001,ALL,1,53.62761,1,126
2022-09-03T18:00:00-00:00,2022-09-03T18:15:00-00:00,2022-09-03,12,KERMAN_6_N001,KERMAN_6_N001,KERMAN_6_N001,RTPD,LMP,LMP_PRC,KERMAN_6_N001,ALL,1,60.75031,1,126
2022-09-03T19:00:00-00:00,2022-09-03T19:15:00-00:00,2022-09-03,13,KERMAN_6_N001,KERMAN_6_N001,KERMAN_6_N001,RTPD,LMP,LMP_PRC,KERMAN_6_N001,ALL,1,3.05547,1,126
2022-09-03T20:00:00-00:00,2022-09-03T20:15:00-00:00,2022-09-03,14,KERMAN_6_N001,KERMAN_6_N001,KERMAN_6_N001,RTPD,LMP,LMP_PRC,KERMAN_6_N001,ALL,1,66.62798,1,126
2022-09-03T21:00:00-00:00,2022-09-03T21:15:00-00:00,2022-09-03,15,KERMAN_6_N001,KERMAN_6_N001,KERMAN_6_N001,RTPD,LMP,LMP_PRC,KERMAN_6_N001,ALL,1,70.73497,1,126
2022-09-03T22:00:00-00:00,2022-09-03T22:15:00-00:00,2022-09-03,16,KERMAN_6_N001,KERMAN_6_N001,KERMAN_6_N001,RTPD,LMP,LMP_PRC,KERMAN_6_N001,ALL,1,106.63896,1,126
2022-09-03T23:00:00-00:00,2022-09-03T23:15:00-00:00,2022-09-03,17,KERMAN_6_N001,KERMAN_6_N001,KERMAN_6_N001,RTPD,LMP,LMP_PRC,KERMAN_6_N001,ALL,1,65.55546,1,126
2022-09-04T00:00:00-00:00,2022-09-04T00:15:00-00:00,2022-09-03,18,KERMAN_6_N001,KERMAN_6_N001,KERMAN_6_N001,RTPD,LMP,LMP_PRC,KERMAN_6_N001,ALL,1,73.9891,1,126
2022-09-04T01:00:00-00:00,2022-09-04T01:15:00-00:00,2022-09-03,19,KERMAN_6_N001,KERMAN_6_N001,KERMAN_6_N001,RTPD,LMP,LMP_PRC,KERMAN_6_N001,ALL,1,95.23978,1,126
2022-09-04T02:00:00-00:00,2022-09-04T02:15:00-00:00,2022-09-03,20,KERMAN_6_N001,KERMAN_6_N001,KERMAN_6_N001,RTPD,LMP,LMP_PRC,KERMAN_6_N001,ALL,1,117.54444,1,126
2022-09-04T03:00:00-00:00,2022-09-04T03:15:00-00:00,2022-09-03,21,KERMAN_6_N001,KERMAN_6_N001,KERMAN_6_N001,RTPD,LMP,LMP_PRC,KERMAN_6_N001,ALL,1,132.43716,1,126
2022-09-04T04:00:00-00:00,2022-09-04T04:15:00-00:00,2022-09-03,22,KERMAN_6_N001,KERMAN_6_N001,KERMAN_6_N001,RTPD,LMP,LMP_PRC,KERMAN_6_N001,ALL,1,134.58475,1,126
2022-09-04T05:00:00-00:00,2022-09-04T05:15:00-00:00,2022-09-03,23,KERMAN_6_N001,KERMAN_6_N001,KERMAN_6_N001,RTPD,LMP,LMP_PRC,KERMAN_6_N001,ALL,1,99.95938,1,126
2022-09-04T06:00:00-00:00,2022-09-04T06:15:00-00:00,2022-09-03,24,KERMAN_6_N001,KERMAN_6_N001,KERMAN_6_N001,RTPD,LMP,LMP_PRC,KERMAN_6_N001,ALL,1,111.26497,1,126
2022-09-03T07:15:00-00:00,2022-09-03T07:30:00-00:00,2022-09-03,01,KERMAN_6_N001,KERMAN_6_N001,KERMAN_6_N001,RTPD,LMP,LMP_PRC,KERMAN_6_N001,ALL,1,87.96126,2,126
2022-09-03T08:15:00-00:00,2022-09-03T08:30:00-00:00,2022-09-03,02,KERMAN_6_N001,KERMAN_6_N001,KERMAN_6_N001,RTPD,LMP,LMP_PRC,KERMAN_6_N001,ALL,1,113.54176,2,126
2022-09-03T09:15:00-00:00,2022-09-03T09:30:00-00:00,2022-09-03,03,KERMAN_6_N001,KERMAN_6_N001,KERMAN_6_N001,RTPD,LMP,LMP_PRC,KERMAN_6_N001,ALL,1,70.66206,2,126
2022-09-03T10:15:00-00:00,2022-09-03T10:30:00-00:00,2022-09-03,04,KERMAN_6_N001,KERMAN_6_N001,KERMAN_6_N001,RTPD,LMP,LMP_PRC,KERMAN_6_N001,ALL,1,63.77099,2,126
2022-09-03T11:15:00-00:00,2022-09-03T11:30:00-00:00,2022-09-03,05,KERMAN_6_N001,KERMAN_6_N001,KERMAN_6_N001,RTPD,LMP,LMP_PRC,KERMAN_6_N001,ALL,1,66.48405,2,126
2022-09-03T12:15:00-00:00,2022-09-03T12:30:00-00:00,2022-09-03,06,KERMAN_6_N001,KERMAN_6_N001,KERMAN_6_N001,RTPD,LMP,LMP_PRC,KERMAN_6_N001,ALL,1,65.6734,2,126
2022-09-03T13:15:00-00:00,2022-09-03T13:30:00-00:00,2022-09-03,07,KERMAN_6_N001,KERMAN_6_N001,KERMAN_6_N001,RTPD,LMP,LMP_PRC,KERMAN_6_N001,ALL,1,82.4146,2,126
2022-09-03T14:15:00-00:00,2022-09-03T14:30:00-00:00,2022-09-03,08,KERMAN_6_N001,KERMAN_6_N001,KERMAN_6_N001,RTPD,LMP,LMP_PRC,KERMAN_6_N001,ALL,1,92.10134,2,126
2022-09-03T15:15:00-00:00,2022-09-03T15:30:00-00:00,2022-09-03,09,KERMAN_6_N001,KERMAN_6_N001,KERMAN_6_N001,RTPD,LMP,LMP_PRC,KERMAN_6_N001,ALL,1,27.38896,2,126
2022-09-03T16:15:00-00:00,2022-09-03T16:30:00-00:00,2022-09-03,10,KERMAN_6_N001,KERMAN_6_N001,KERMAN_6_N001,RTPD,LMP,LMP_PRC,KERMAN_6_N001,ALL,1,29.53538,2,126
2022-09-03T17:15:00-00:00,2022-09-03T17:30:00-00:00,2022-09-03,11,KERMAN_6_N001,KERMAN_6_N001,KERMAN_6_N001,RTPD,LMP,LMP_PRC,KERMAN_6_N001,ALL,1,65.11759,2,126
2022-09-03T18:15:00-00:00,2022-09-03T18:30:00-00:00,2022-09-03,12,KERMAN_6_N001,KERMAN_6_N001,KERMAN_6_N001,RTPD,LMP,LMP_PRC,KERMAN_6_N001,ALL,1,68.71448,2,126
2022-09-03T19:15:00-00:00,2022-09-03T19:30:00-00:00,2022-09-03,13,KERMAN_6_N001,KERMAN_6_N001,KERMAN_6_N001,RTPD,LMP,LMP_PRC,KERMAN_6_N001,ALL,1,4.9235,2,126
2022-09-03T20:15:00-00:00,2022-09-03T20:30:00-00:00,2022-09-03,14,KERMAN_6_N001,KERMAN_6_N001,KERMAN_6_N001,RTPD,LMP,LMP_PRC,KERMAN_6_N001,ALL,1,73.65043,2,126
2022-09-03T21:15:00-00:00,2022-09-03T21:30:00-00:00,2022-09-03,15,KERMAN_6_N001,KERMAN_6_N001,KERMAN_6_N001,RTPD,LMP,LMP_PRC,KERMAN_6_N001,ALL,1,93.56995,2,126
2022-09-03T22:15:00-00:00,2022-09-03T22:30:00-00:00,2022-09-03,16,KERMAN_6_N001,KERMAN_6_N001,KERMAN_6_N001,RTPD,LMP,LMP_PRC,KERMAN_6_N001,ALL,1,108.49883,2,126
2022-09-03T23:15:00-00:00,2022-09-03T23:30:00-00:00,2022-09-03,17,KERMAN_6_N001,KERMAN_6_N001,KERMAN_6_N001,RTPD,LMP,LMP_PRC,KERMAN_6_N001,ALL,1,68.44395,2,126
2022-09-04T00:15:00-00:00,2022-09-04T00:30:00-00:00,2022-09-03,18,KERMAN_6_N001,KERMAN_6_N001,KERMAN_6_N001,RTPD,LMP,LMP_PRC,KERMAN_6_N001,ALL,1,127.97366,2,126
2022-09-04T01:15:00-00:00,2022-09-04T01:30:00-00:00,2022-09-03,19,KERMAN_6_N001,KERMAN_6_N001,KERMAN_6_N001,RTPD,LMP,LMP_PRC,KERMAN_6_N001,ALL,1,175.3996,2,126
2022-09-04T02:15:00-00:00,2022-09-04T02:30:00-00:00,2022-09-03,20,KERMAN_6_N001,KERMAN_6_N001,KERMAN_6_N001,RTPD,LMP,LMP_PRC,KERMAN_6_N001,ALL,1,136.76897,2,126
2022-09-04T03:15:00-00:00,2022-09-04T03:30:00-00:00,2022-09-03,21,KERMAN_6_N001,KERMAN_6_N001,KERMAN_6_N001,RTPD,LMP,LMP_PRC,KERMAN_6_N001,ALL,1,121.47957,2,126
2022-09-04T04:15:00-00:00,2022-09-04T04:30:00-00:00,2022-09-03,22,KERMAN_6_N001,KERMAN_6_N001,KERMAN_6_N001,RTPD,LMP,LMP_PRC,KERMAN_6_N001,ALL,1,133.31812,2,126
2022-09-04T05:15:00-00:00,2022-09-04T05:30:00-00:00,2022-09-03,23,KERMAN_6_N001,KERMAN_6_N001,KERMAN_6_N001,RTPD,LMP,LMP_PRC,KERMAN_6_N001,ALL,1,96.56966,2,126
2022-09-04T06:15:00-00:00,2022-09-04T06:30:00-00:00,2022-09-03,24,KERMAN_6_N001,KERMAN_6_N001,KERMAN_6_N001,RTPD,LMP,LMP_PRC,KERMAN_6_N001,ALL,1,97.87691,2,126
2022-09-03T07:30:00-00:00,2022-09-03T07:45:00-00:00,2022-09-03,01,KERMAN_6_N001,KERMAN_6_N001,KERMAN_6_N001,RTPD,LMP,LMP_PRC,KERMAN_6_N001,ALL,1,86.73935,3,126
2022-09-03T08:30:00-00:00,2022-09-03T08:45:00-00:00,2022-09-03,02,KERMAN_6_N001,KERMAN_6_N001,KERMAN_6_N001,RTPD,LMP,LMP_PRC,KERMAN_6_N001,ALL,1,111.99906,3,126
2022-09-03T09:30:00-00:00,2022-09-03T09:45:00-00:00,2022-09-03,03,KERMAN_6_N001,KERMAN_6_N001,KERMAN_6_N001,RTPD,LMP,LMP_PRC,KERMAN_6_N001,ALL,1,63.55375,3,126
2022-09-03T10:30:00-00:00,2022-09-03T10:45:00-00:00,2022-09-03,04,KERMAN_6_N001,KERMAN_6_N001,KERMAN_6_N001,RTPD,LMP,LMP_PRC,KERMAN_6_N001,ALL,1,62.95171,3,126
2022-09-03T11:30:00-00:00,2022-09-03T11:45:00-00:00,2022-09-03,05,KERMAN_6_N001,KERMAN_6_N001,KERMAN_6_N001,RTPD,LMP,LMP_PRC,KERMAN_6_N001,ALL,1,114.33797,3,126
2022-09-03T12:30:00-00:00,2022-09-03T12:45:00-00:00,2022-09-03,06,KERMAN_6_N001,KERMAN_6_N001,KERMAN_6_N001,RTPD,LMP,LMP_PRC,KERMAN_6_N001,ALL,1,65.84948,3,126
2022-09-03T13:30:00-00:00,2022-09-03T13:45:00-00:00,2022-09-03,07,KERMAN_6_N001,KERMAN_6_N001,KERMAN_6_N001,RTPD,LMP,LMP_PRC,KERMAN_6_N001,ALL,1,81.00685,3,126
2022-09-03T14:30:00-00:00,2022-09-03T14:45:00-00:00,2022-09-03,08,KERMAN_6_N001,KERMAN_6_N001,KERMAN_6_N001,RTPD,LMP,LMP_PRC,KERMAN_6_N001,ALL,1,67.85706,3,126
2022-09-03T15:30:00-00:00,2022-09-03T15:45:00-00:00,2022-09-03,09,KERMAN_6_N001,KERMAN_6_N001,KERMAN_6_N001,RTPD,LMP,LMP_PRC,KERMAN_6_N001,ALL,1,26.27283,3,126
2022-09-03T16:30:00-00:00,2022-09-03T16:45:00-00:00,2022-09-03,10,KERMAN_6_N001,KERMAN_6_N001,KERMAN_6_N001,RTPD,LMP,LMP_PRC,KERMAN_6_N001,ALL,1,28.57942,3,126
2022-09-03T17:30:00-00:00,2022-09-03T17:45:00-00:00,2022-09-03,11,KERMAN_6_N001,KERMAN_6_N001,KERMAN_6_N001,RTPD,LMP,LMP_PRC,KERMAN_6_N001,ALL,1,66.05984,3,126
2022-09-03T18:30:00-00:00,2022-09-03T18:45:00-00:00,2022-09-03,12,KERMAN_6_N001,KERMAN_6_N001,KERMAN_6_N001,RTPD,LMP,LMP_PRC,KERMAN_6_N001,ALL,1,70.28525,3,126
2022-09-03T19:30:00-00:00,2022-09-03T19:45:00-00:00,2022-09-03,13,KERMAN_6_N001,KERMAN_6_N001,KERMAN_6_N001,RTPD,LMP,LMP_PRC,KERMAN_6_N001,ALL,1,-0.38465,3,126
2022-09-03T20:30:00-00:00,2022-09-03T20:45:00-00:00,2022-09-03,14,KERMAN_6_N001,KERMAN_6_N001,KERMAN_6_N001,RTPD,LMP,LMP_PRC,KERMAN_6_N001,ALL,1,82.81737,3,126
2022-09-03T21:30:00-00:00,2022-09-03T21:45:00-00:00,2022-09-03,15,KERMAN_6_N001,KERMAN_6_N001,KERMAN_6_N001,RTPD,LMP,LMP_PRC,KERMAN_6_N001,ALL,1,95.98557,3,126
2022-09-03T22:30:00-00:00,2022-09-03T22:45:00-00:00,2022-09-03,16,KERMAN_6_N001,KERMAN_6_N001,KERMAN_6_N001,RTPD,LMP,LMP_PRC,KERMAN_6_N001,ALL,1,91.34026,3,126
2022-09-03T23:30:00-00:00,2022-09-03T23:45:00-00:00,2022-09-03,17,KERMAN_6_N001,KERMAN_6_N001,KERMAN_6_N001,RTPD,LMP,LMP_PRC,KERMAN_6_N001,ALL,1,73.94278,3,126
2022-09-04T00:30:00-00:00,2022-09-04T00:45:00-00:00,2022-09-03,18,KERMAN_6_N001,KERMAN_6_N001,KERMAN_6_N001,RTPD,LMP,LMP_PRC,KERMAN_6_N001,ALL,1,105.57436,3,126
2022-09-04T01:30:00-00:00,2022-09-04T01:45:00-00:00,2022-09-03,19,KERMAN_6_N001,KERMAN_6_N001,KERMAN_6_N001,RTPD,LMP,LMP_PRC,KERMAN_6_N001,ALL,1,179.36613,3,126
2022-09-04T02:30:00-00:00,2022-09-04T02:45:00-00:00,2022-09-03,20,KERMAN_6_N001,KERMAN_6_N001,KERMAN_6_N001,RTPD,LMP,LMP_PRC,KERMAN_6_N001,ALL,1,132.14024,3,126
2022-09-04T03:30:00-00:00,2022-09-04T03:45:00-00:00,2022-09-03,21,KERMAN_6_N001,KERMAN_6_N001,KERMAN_6_N001,RTPD,LMP,LMP_PRC,KERMAN_6_N001,ALL,1,119.09333,3,126
2022-09-04T04:30:00-00:00,2022-09-04T04:45:00-00:00,2022-09-03,22,KERMAN_6_N001,KERMAN_6_N001,KERMAN_6_N001,RTPD,LMP,LMP_PRC,KERMAN_6_N001,ALL,1,132.85213,3,126
2022-09-04T05:30:00-00:00,2022-09-04T05:45:00-00:00,2022-09-03,23,KERMAN_6_N001,KERMAN_6_N001,KERMAN_6_N001,RTPD,LMP,LMP_PRC,KERMAN_6_N001,ALL,1,87.24408,3,126
2022-09-04T06:30:00-00:00,2022-09-04T06:45:00-00:00,2022-09-03,24,KERMAN_6_N001,KERMAN_6_N001,KERMAN_6_N001,RTPD,LMP,LMP_PRC,KERMAN_6_N001,ALL,1,87.01681,3,126
2022-09-03T07:45:00-00:00,2022-09-03T08:00:00-00:00,2022-09-03,01,KERMAN_6_N001,KERMAN_6_N001,KERMAN_6_N001,RTPD,LMP,LMP_PRC,KERMAN_6_N001,ALL,1,73.05125,4,126
2022-09-03T08:45:00-00:00,2022-09-03T09:00:00-00:00,2022-09-03,02,KERMAN_6_N001,KERMAN_6_N001,KERMAN_6_N001,RTPD,LMP,LMP_PRC,KERMAN_6_N001,ALL,1,118.6311,4,126
2022-09-03T09:45:00-00:00,2022-09-03T10:00:00-00:00,2022-09-03,03,KERMAN_6_N001,KERMAN_6_N001,KERMAN_6_N001,RTPD,LMP,LMP_PRC,KERMAN_6_N001,ALL,1,71.09935,4,126
2022-09-03T10:45:00-00:00,2022-09-03T11:00:00-00:00,2022-09-03,04,KERMAN_6_N001,KERMAN_6_N001,KERMAN_6_N001,RTPD,LMP,LMP_PRC,KERMAN_6_N001,ALL,1,257.4432,4,126
2022-09-03T11:45:00-00:00,2022-09-03T12:00:00-00:00,2022-09-03,05,KERMAN_6_N001,KERMAN_6_N001,KERMAN_6_N001,RTPD,LMP,LMP_PRC,KERMAN_6_N001,ALL,1,79.08292,4,126
2022-09-03T12:45:00-00:00,2022-09-03T13:00:00-00:00,2022-09-03,06,KERMAN_6_N001,KERMAN_6_N001,KERMAN_6_N001,RTPD,LMP,LMP_PRC,KERMAN_6_N001,ALL,1,67.387,4,126
2022-09-03T13:45:00-00:00,2022-09-03T14:00:00-00:00,2022-09-03,07,KERMAN_6_N001,KERMAN_6_N001,KERMAN_6_N001,RTPD,LMP,LMP_PRC,KERMAN_6_N001,ALL,1,80.75371,4,126
2022-09-03T14:45:00-00:00,2022-09-03T15:00:00-00:00,2022-09-03,08,KERMAN_6_N001,KERMAN_6_N001,KERMAN_6_N001,RTPD,LMP,LMP_PRC,KERMAN_6_N001,ALL,1,21.2499,4,126
2022-09-03T15:45:00-00:00,2022-09-03T16:00:00-00:00,2022-09-03,09,KERMAN_6_N001,KERMAN_6_N001,KERMAN_6_N001,RTPD,LMP,LMP_PRC,KERMAN_6_N001,ALL,1,24.58803,4,126
2022-09-03T16:45:00-00:00,2022-09-03T17:00:00-00:00,2022-09-03,10,KERMAN_6_N001,KERMAN_6_N001,KERMAN_6_N001,RTPD,LMP,LMP_PRC,KERMAN_6_N001,ALL,1,48.38583,4,126
2022-09-03T17:45:00-00:00,2022-09-03T18:00:00-00:00,2022-09-03,11,KERMAN_6_N001,KERMAN_6_N001,KERMAN_6_N001,RTPD,LMP,LMP_PRC,KERMAN_6_N001,ALL,1,70.35889,4,126
2022-09-03T18:45:00-00:00,2022-09-03T19:00:00-00:00,2022-09-03,12,KERMAN_6_N001,KERMAN_6_N001,KERMAN_6_N001,RTPD,LMP,LMP_PRC,KERMAN_6_N001,ALL,1,64.45007,4,126
2022-09-03T19:45:00-00:00,2022-09-03T20:00:00-00:00,2022-09-03,13,KERMAN_6_N001,KERMAN_6_N001,KERMAN_6_N001,RTPD,LMP,LMP_PRC,KERMAN_6_N001,ALL,1,0.05292,4,126
2022-09-03T20:45:00-00:00,2022-09-03T21:00:00-00:00,2022-09-03,14,KERMAN_6_N001,KERMAN_6_N001,KERMAN_6_N001,RTPD,LMP,LMP_PRC,KERMAN_6_N001,ALL,1,83.81777,4,126
2022-09-03T21:45:00-00:00,2022-09-03T22:00:00-00:00,2022-09-03,15,KERMAN_6_N001,KERMAN_6_N001,KERMAN_6_N001,RTPD,LMP,LMP_PRC,KERMAN_6_N001,ALL,1,112.32466,4,126
2022-09-03T22:45:00-00:00,2022-09-03T23:00:00-00:00,2022-09-03,16,KERMAN_6_N001,KERMAN_6_N001,KERMAN_6_N001,RTPD,LMP,LMP_PRC,KERMAN_6_N001,ALL,1,124.72744,4,126
2022-09-03T23:45:00-00:00,2022-09-04T00:00:00-00:00,2022-09-03,17,KERMAN_6_N001,KERMAN_6_N001,KERMAN_6_N001,RTPD,LMP,LMP_PRC,KERMAN_6_N001,ALL,1,134.19489,4,126
2022-09-04T00:45:00-00:00,2022-09-04T01:00:00-00:00,2022-09-03,18,KERMAN_6_N001,KERMAN_6_N001,KERMAN_6_N001,RTPD,LMP,LMP_PRC,KERMAN_6_N001,ALL,1,65.59984,4,126
2022-09-04T01:45:00-00:00,2022-09-04T02:00:00-00:00,2022-09-03,19,KERMAN_6_N001,KERMAN_6_N001,KERMAN_6_N001,RTPD,LMP,LMP_PRC,KERMAN_6_N001,ALL,1,444.30188,4,126
2022-09-04T02:45:00-00:00,2022-09-04T03:00:00-00:00,2022-09-03,20,KERMAN_6_N001,KERMAN_6_N001,KERMAN_6_N001,RTPD,LMP,LMP_PRC,KERMAN_6_N001,ALL,1,133.81718,4,126
2022-09-04T03:45:00-00:00,2022-09-04T04:00:00-00:00,2022-09-03,21,KERMAN_6_N001,KERMAN_6_N001,KERMAN_6_N001,RTPD,LMP,LMP_PRC,KERMAN_6_N001,ALL,1,82.63529,4,126
2022-09-04T04:45:00-00:00,2022-09-04T05:00:00-00:00,2022-09-03,22,KERMAN_6_N001,KERMAN_6_N001,KERMAN_6_N001,RTPD,LMP,LMP_PRC,KERMAN_6_N001,ALL,1,132.54718,4,126
2022-09-04T05:45:00-00:00,2022-09-04T06:00:00-00:00,2022-09-03,23,KERMAN_6_N001,KERMAN_6_N001,KERMAN_6_N001,RTPD,LMP,LMP_PRC,KERMAN_6_N001,ALL,1,79.06653,4,126
2022-09-04T06:45:00-00:00,2022-09-04T07:00:00-00:00,2022-09-03,24,KERMAN_6_N001,KERMAN_6_N001,KERMAN_6_N001,RTPD,LMP,LMP_PRC,KERMAN_6_N001,ALL,1,76.22676,4,126
2022-09-03T07:00:00-00:00,2022-09-03T07:15:00-00:00,2022-09-03,01,KERMAN_6_N001,KERMAN_6_N001,KERMAN_6_N001,RTPD,MCC,LMP_CONG_PRC,KERMAN_6_N001,ALL,1,-11.49534,1,127
2022-09-03T08:00:00-00:00,2022-09-03T08:15:00-00:00,2022-09-03,02,KERMAN_6_N001,KERMAN_6_N001,KERMAN_6_N001,RTPD,MCC,LMP_CONG_PRC,KERMAN_6_N001,ALL,1,0.13851,1,127
2022-09-03T09:00:00-00:00,2022-09-03T09:15:00-00:00,2022-09-03,03,KERMAN_6_N001,KERMAN_6_N001,KERMAN_6_N001,RTPD,MCC,LMP_CONG_PRC,KERMAN_6_N001,ALL,1,32.90721,1,127
2022-09-03T10:00:00-00:00,2022-09-03T10:15:00-00:00,2022-09-03,04,KERMAN_6_N001,KERMAN_6_N001,KERMAN_6_N001,RTPD,MCC,LMP_CONG_PRC,KERMAN_6_N001,ALL,1,-10.54675,1,127
2022-09-03T11:00:00-00:00,2022-09-03T11:15:00-00:00,2022-09-03,05,KERMAN_6_N001,KERMAN_6_N001,KERMAN_6_N001,RTPD,MCC,LMP_CONG_PRC,KERMAN_6_N001,ALL,1,15.61782,1,127
2022-09-03T12:00:00-00:00,2022-09-03T12:15:00-00:00,2022-09-03,06,KERMAN_6_N001,KERMAN_6_N001,KERMAN_6_N001,RTPD,MCC,LMP_CONG_PRC,KERMAN_6_N001,ALL,1,-2.04128,1,127
2022-09-03T13:00:00-00:00,2022-09-03T13:15:00-00:00,2022-09-03,07,KERMAN_6_N001,KERMAN_6_N001,KERMAN_6_N001,RTPD,MCC,LMP_CONG_PRC,KERMAN_6_N001,ALL,1,23.2415,1,127
2022-09-03T14:00:00-00:00,2022-09-03T14:15:00-00:00,2022-09-03,08,KERMAN_6_N001,KERMAN_6_N001,KERMAN_6_N001,RTPD,MCC,LMP_CONG_PRC,KERMAN_6_N001,ALL,1,40.87743,1,127
2022-09-03T15:00:00-00:00,2022-09-03T15:15:00-00:00,2022-09-03,09,KERMAN_6_N001,KERMAN_6_N001,KERMAN_6_N001,RTPD,MCC,LMP_CONG_PRC,KERMAN_6_N001,ALL,1,0,1,127
2022-09-03T16:00:00-00:00,2022-09-03T16:15:00-00:00,2022-09-03,10,KERMAN_6_N001,KERMAN_6_N001,KERMAN_6_N001,RTPD,MCC,LMP_CONG_PRC,KERMAN_6_N001,ALL,1,0,1,127
2022-09-03T17:00:00-00:00,2022-09-03T17:15:00-00:00,2022-09-03,11,KERMAN_6_N001,KERMAN_6_N001,KERMAN_6_N001,RTPD,MCC,LMP_CONG_PRC,KERMAN_6_N001,ALL,1,0,1,127
2022-09-03T18:00:00-00:00,2022-09-03T18:15:00-00:00,2022-09-03,12,KERMAN_6_N001,KERMAN_6_N001,KERMAN_6_N001,RTPD,MCC,LMP_CONG_PRC,KERMAN_6_N001,ALL,1,-7.43682,1,127
2022-09-03T19:00:00-00:00,2022-09-03T19:15:00-00:00,2022-09-03,13,KERMAN_6_N001,KERMAN_6_N001,KERMAN_6_N001,RTPD,MCC,LMP_CONG_PRC,KERMAN_6_N001,ALL,1,-47.59344,1,127
2022-09-03T20:00:00-00:00,2022-09-03T20:15:00-00:00,2022-09-03,14,KERMAN_6_N001,KERMAN_6_N001,KERMAN_6_N001,RTPD,MCC,LMP_CONG_PRC,KERMAN_6_N001,ALL,1,3.40983,1,127
2022-09-03T21:00:00-00:00,2022-09-03T21:15:00-00:00,2022-09-03,15,KERMAN_6_N001,KERMAN_6_N001,KERMAN_6_N001,RTPD,MCC,LMP_CONG_PRC,KERMAN_6_N001,ALL,1,21.02813,1,127
2022-09-03T22:00:00-00:00,2022-09-03T22:15:00-00:00,2022-09-03,16,KERMAN_6_N001,KERMAN_6_N001,KERMAN_6_N001,RTPD,MCC,LMP_CONG_PRC,KERMAN_6_N001,ALL,1,49.24186,1,127
2022-09-03T23:00:00-00:00,2022-09-03T23:15:00-00:00,2022-09-03,17,KERMAN_6_N001,KERMAN_6_N001,KERMAN_6_N001,RTPD,MCC,LMP_CONG_PRC,KERMAN_6_N001,ALL,1,-10.1519,1,127
2022-09-04T00:00:00-00:00,2022-09-04T00:15:00-00:00,2022-09-03,18,KERMAN_6_N001,KERMAN_6_N001,KERMAN_6_N001,RTPD,MCC,LMP_CONG_PRC,KERMAN_6_N001,ALL,1,-21.8273,1,127
2022-09-04T01:00:00-00:00,2022-09-04T01:15:00-00:00,2022-09-03,19,KERMAN_6_N001,KERMAN_6_N001,KERMAN_6_N001,RTPD,MCC,LMP_CONG_PRC,KERMAN_6_N001,ALL,1,-75.32469,1,127
2022-09-04T02:00:00-00:00,2022-09-04T02:15:00-00:00,2022-09-03,20,KERMAN_6_N001,KERMAN_6_N001,KERMAN_6_N001,RTPD,MCC,LMP_CONG_PRC,KERMAN_6_N001,ALL,1,-9.22911,1,127
2022-09-04T03:00:00-00:00,2022-09-04T03:15:00-00:00,2022-09-03,21,KERMAN_6_N001,KERMAN_6_N001,KERMAN_6_N001,RTPD,MCC,LMP_CONG_PRC,KERMAN_6_N001,ALL,1,3.64634,1,127
2022-09-04T04:00:00-00:00,2022-09-04T04:15:00-00:00,2022-09-03,22,KERMAN_6_N001,KERMAN_6_N001,KERMAN_6_N001,RTPD,MCC,LMP_CONG_PRC,KERMAN_6_N001,ALL,1,8.67898,1,127
2022-09-04T05:00:00-00:00,2022-09-04T05:15:00-00:00,2022-09-03,23,KERMAN_6_N001,KERMAN_6_N001,KERMAN_6_N001,RTPD,MCC,LMP_CONG_PRC,KERMAN_6_N001,ALL,1,-43.37981,1,127
2022-09-04T06:00:00-00:00,2022-09-04T06:15:00-00:00,2022-09-03,24,KERMAN_6_N001,KERMAN_6_N001,KERMAN_6_N001,RTPD,MCC,LMP_CONG_PRC,KERMAN_6_N001,ALL,1,-6.39636,1,127
2022-09-03T07:15:00-00:00,2022-09-03T07:30:00-00:00,2022-09-03,01,KERMAN_6_N001,KERMAN_6_N001,KERMAN_6_N001,RTPD,MCC,LMP_CONG_PRC,KERMAN_6_N001,ALL,1,-15.43313,2,127
2022-09-03T08:15:00-00:00,2022-09-03T08:30:00-00:00,2022-09-03,02,KERMAN_6_N001,KERMAN_6_N001,KERMAN_6_N001,RTPD,MCC,LMP_CONG_PRC,KERMAN_6_N001,ALL,1,27.46098,2,127
2022-09-03T09:15:00-00:00,2022-09-03T09:30:00-00:00,2022-09-03,03,KERMAN_6_N001,KERMAN_6_N001,KERMAN_6_N001,RTPD,MCC,LMP_CONG_PRC,KERMAN_6_N001,ALL,1,-10.86242,2,127
2022-09-03T10:15:00-00:00,2022-09-03T10:30:00-00:00,2022-09-03,04,KERMAN_6_N001,KERMAN_6_N001,KERMAN_6_N001,RTPD,MCC,LMP_CONG_PRC,KERMAN_6_N001,ALL,1,-12.3068,2,127
2022-09-03T11:15:00-00:00,2022-09-03T11:30:00-00:00,2022-09-03,05,KERMAN_6_N001,KERMAN_6_N001,KERMAN_6_N001,RTPD,MCC,LMP_CONG_PRC,KERMAN_6_N001,ALL,1,-3.831,2,127
2022-09-03T12:15:00-00:00,2022-09-03T12:30:00-00:00,2022-09-03,06,KERMAN_6_N001,KERMAN_6_N001,KERMAN_6_N001,RTPD,MCC,LMP_CONG_PRC,KERMAN_6_N001,ALL,1,-4.34976,2,127
2022-09-03T13:15:00-00:00,2022-09-03T13:30:00-00:00,2022-09-03,07,KERMAN_6_N001,KERMAN_6_N001,KERMAN_6_N001,RTPD,MCC,LMP_CONG_PRC,KERMAN_6_N001,ALL,1,23.46914,2,127
2022-09-03T14:15:00-00:00,2022-09-03T14:30:00-00:00,2022-09-03,08,KERMAN_6_N001,KERMAN_6_N001,KERMAN_6_N001,RTPD,MCC,LMP_CONG_PRC,KERMAN_6_N001,ALL,1,55.21801,2,127
2022-09-03T15:15:00-00:00,2022-09-03T15:30:00-00:00,2022-09-03,09,KERMAN_6_N001,KERMAN_6_N001,KERMAN_6_N001,RTPD,MCC,LMP_CONG_PRC,KERMAN_6_N001,ALL,1,0,2,127
2022-09-03T16:15:00-00:00,2022-09-03T16:30:00-00:00,2022-09-03,10,KERMAN_6_N001,KERMAN_6_N001,KERMAN_6_N001,RTPD,MCC,LMP_CONG_PRC,KERMAN_6_N001,ALL,1,0,2,127
2022-09-03T17:15:00-00:00,2022-09-03T17:30:00-00:00,2022-09-03,11,KERMAN_6_N001,KERMAN_6_N001,KERMAN_6_N001,RTPD,MCC,LMP_CONG_PRC,KERMAN_6_N001,ALL,1,0,2,127
2022-09-03T18:15:00-00:00,2022-09-03T18:30:00-00:00,2022-09-03,12,KERMAN_6_N001,KERMAN_6_N001,KERMAN_6_N001,RTPD,MCC,LMP_CONG_PRC,KERMAN_6_N001,ALL,1,-2.65674,2,127
2022-09-03T19:15:00-00:00,2022-09-03T19:30:00-00:00,2022-09-03,13,KERMAN_6_N001,KERMAN_6_N001,KERMAN_6_N001,RTPD,MCC,LMP_CONG_PRC,KERMAN_6_N001,ALL,1,-52.0183,2,127
2022-09-03T20:15:00-00:00,2022-09-03T20:30:00-00:00,2022-09-03,14,KERMAN_6_N001,KERMAN_6_N001,KERMAN_6_N001,RTPD,MCC,LMP_CONG_PRC,KERMAN_6_N001,ALL,1,10.87864,2,127
2022-09-03T21:15:00-00:00,2022-09-03T21:30:00-00:00,2022-09-03,15,KERMAN_6_N001,KERMAN_6_N001,KERMAN_6_N001,RTPD,MCC,LMP_CONG_PRC,KERMAN_6_N001,ALL,1,38.63057,2,127
2022-09-03T22:15:00-00:00,2022-09-03T22:30:00-00:00,2022-09-03,16,KERMAN_6_N001,KERMAN_6_N001,KERMAN_6_N001,RTPD,MCC,LMP_CONG_PRC,KERMAN_6_N001,ALL,1,36.81436,2,127
2022-09-03T23:15:00-00:00,2022-09-03T23:30:00-00:00,2022-09-03,17,KERMAN_6_N001,KERMAN_6_N001,KERMAN_6_N001,RTPD,MCC,LMP_CONG_PRC,KERMAN_6_N001,ALL,1,-23.03497,2,127
2022-09-04T00:15:00-00:00,2022-09-04T00:30:00-00:00,2022-09-03,18,KERMAN_6_N001,KERMAN_6_N001,KERMAN_6_N001,RTPD,MCC,LMP_CONG_PRC,KERMAN_6_N001,ALL,1,19.06241,2,127
2022-09-04T01:15:00-00:00,2022-09-04T01:30:00-00:00,2022-09-03,19,KERMAN_6_N001,KERMAN_6_N001,KERMAN_6_N001,RTPD,MCC,LMP_CONG_PRC,KERMAN_6_N001,ALL,1,-60.56714,2,127
2022-09-04T02:15:00-00:00,2022-09-04T02:30:00-00:00,2022-09-03,20,KERMAN_6_N001,KERMAN_6_N001,KERMAN_6_N001,RTPD,MCC,LMP_CONG_PRC,KERMAN_6_N001,ALL,1,-10.26947,2,127
2022-09-04T03:15:00-00:00,2022-09-04T03:30:00-00:00,2022-09-03,21,KERMAN_6_N001,KERMAN_6_N001,KERMAN_6_N001,RTPD,MCC,LMP_CONG_PRC,KERMAN_6_N001,ALL,1,13.78956,2,127
2022-09-04T04:15:00-00:00,2022-09-04T04:30:00-00:00,2022-09-03,22,KERMAN_6_N001,KERMAN_6_N001,KERMAN_6_N001,RTPD,MCC,LMP_CONG_PRC,KERMAN_6_N001,ALL,1,9.22573,2,127
2022-09-04T05:15:00-00:00,2022-09-04T05:30:00-00:00,2022-09-03,23,KERMAN_6_N001,KERMAN_6_N001,KERMAN_6_N001,RTPD,MCC,LMP_CONG_PRC,KERMAN_6_N001,ALL,1,-34.96168,2,127
2022-09-04T06:15:00-00:00,2022-09-04T06:30:00-00:00,2022-09-03,24,KERMAN_6_N001,KERMAN_6_N001,KERMAN_6_N001,RTPD,MCC,LMP_CONG_PRC,KERMAN_6_N001,ALL,1,-10.19937,2,127
2022-09-03T07:30:00-00:00,2022-09-03T07:45:00-00:00,2022-09-03,01,KERMAN_6_N001,KERMAN_6_N001,KERMAN_6_N001,RTPD,MCC,LMP_CONG_PRC,KERMAN_6_N001,ALL,1,-13.14661,3,127
2022-09-03T08:30:00-00:00,2022-09-03T08:45:00-00:00,2022-09-03,02,KERMAN_6_N001,KERMAN_6_N001,KERMAN_6_N001,RTPD,MCC,LMP_CONG_PRC,KERMAN_6_N001,ALL,1,27.6242,3,127
2022-09-03T09:30:00-00:00,2022-09-03T09:45:00-00:00,2022-09-03,03,KERMAN_6_N001,KERMAN_6_N001,KERMAN_6_N001,RTPD,MCC,LMP_CONG_PRC,KERMAN_6_N001,ALL,1,-15.1179,3,127
2022-09-03T10:30:00-00:00,2022-09-03T10:45:00-00:00,2022-09-03,04,KERMAN_6_N001,KERMAN_6_N001,KERMAN_6_N001,RTPD,MCC,LMP_CONG_PRC,KERMAN_6_N001,ALL,1,-11.68532,3,127
2022-09-03T11:30:00-00:00,2022-09-03T11:45:00-00:00,2022-09-03,05,KERMAN_6_N001,KERMAN_6_N001,KERMAN_6_N001,RTPD,MCC,LMP_CONG_PRC,KERMAN_6_N001,ALL,1,41.54092,3,127
2022-09-03T12:30:00-00:00,2022-09-03T12:45:00-00:00,2022-09-03,06,KERMAN_6_N001,KERMAN_6_N001,KERMAN_6_N001,RTPD,MCC,LMP_CONG_PRC,KERMAN_6_N001,ALL,1,-5.7951,3,127
2022-09-03T13:30:00-00:00,2022-09-03T13:45:00-00:00,2022-09-03,07,KERMAN_6_N001,KERMAN_6_N001,KERMAN_6_N001,RTPD,MCC,LMP_CONG_PRC,KERMAN_6_N001,ALL,1,22.40492,3,127
2022-09-03T14:30:00-00:00,2022-09-03T14:45:00-00:00,2022-09-03,08,KERMAN_6_N001,KERMAN_6_N001,KERMAN_6_N001,RTPD,MCC,LMP_CONG_PRC,KERMAN_6_N001,ALL,1,32.76619,3,127
2022-09-03T15:30:00-00:00,2022-09-03T15:45:00-00:00,2022-09-03,09,KERMAN_6_N001,KERMAN_6_N001,KERMAN_6_N001,RTPD,MCC,LMP_CONG_PRC,KERMAN_6_N001,ALL,1,0,3,127
2022-09-03T16:30:00-00:00,2022-09-03T16:45:00-00:00,2022-09-03,10,KERMAN_6_N001,KERMAN_6_N001,KERMAN_6_N001,RTPD,MCC,LMP_CONG_PRC,KERMAN_6_N001,ALL,1,0,3,127
2022-09-03T17:30:00-00:00,2022-09-03T17:45:00-00:00,2022-09-03,11,KERMAN_6_N001,KERMAN_6_N001,KERMAN_6_N001,RTPD,MCC,LMP_CONG_PRC,KERMAN_6_N001,ALL,1,0,3,127
2022-09-03T18:30:00-00:00,2022-09-03T18:45:00-00:00,2022-09-03,12,KERMAN_6_N001,KERMAN_6_N001,KERMAN_6_N001,RTPD,MCC,LMP_CONG_PRC,KERMAN_6_N001,ALL,1,-5.30508,3,127
2022-09-03T19:30:00-00:00,2022-09-03T19:45:00-00:00,2022-09-03,13,KERMAN_6_N001,KERMAN_6_N001,KERMAN_6_N001,RTPD,MCC,LMP_CONG_PRC,KERMAN_6_N001,ALL,1,-70.49916,3,127
2022-09-03T20:30:00-00:00,2022-09-03T20:45:00-00:00,2022-09-03,14,KERMAN_6_N001,KERMAN_6_N001,KERMAN_6_N001,RTPD,MCC,LMP_CONG_PRC,KERMAN_6_N001,ALL,1,16.69087,3,127
2022-09-03T21:30:00-00:00,2022-09-03T21:45:00-00:00,2022-09-03,15,KERMAN_6_N001,KERMAN_6_N001,KERMAN_6_N001,RTPD,MCC,LMP_CONG_PRC,KERMAN_6_N001,ALL,1,35.33127,3,127
2022-09-03T22:30:00-00:00,2022-09-03T22:45:00-00:00,2022-09-03,16,KERMAN_6_N001,KERMAN_6_N001,KERMAN_6_N001,RTPD,MCC,LMP_CONG_PRC,KERMAN_6_N001,ALL,1,-3.21476,3,127
2022-09-03T23:30:00-00:00,2022-09-03T23:45:00-00:00,2022-09-03,17,KERMAN_6_N001,KERMAN_6_N001,KERMAN_6_N001,RTPD,MCC,LMP_CONG_PRC,KERMAN_6_N001,ALL,1,-24.84397,3,127
2022-09-04T00:30:00-00:00,2022-09-04T00:45:00-00:00,2022-09-03,18,KERMAN_6_N001,KERMAN_6_N001,KERMAN_6_N001,RTPD,MCC,LMP_CONG_PRC,KERMAN_6_N001,ALL,1,-26.89009,3,127
2022-09-04T01:30:00-00:00,2022-09-04T01:45:00-00:00,2022-09-03,19,KERMAN_6_N001,KERMAN_6_N001,KERMAN_6_N001,RTPD,MCC,LMP_CONG_PRC,KERMAN_6_N001,ALL,1,-258.1886,3,127
2022-09-04T02:30:00-00:00,2022-09-04T02:45:00-00:00,2022-09-03,20,KERMAN_6_N001,KERMAN_6_N001,KERMAN_6_N001,RTPD,MCC,LMP_CONG_PRC,KERMAN_6_N001,ALL,1,0.0665,3,127
2022-09-04T03:30:00-00:00,2022-09-04T03:45:00-00:00,2022-09-03,21,KERMAN_6_N001,KERMAN_6_N001,KERMAN_6_N001,RTPD,MCC,LMP_CONG_PRC,KERMAN_6_N001,ALL,1,16.33708,3,127
2022-09-04T04:30:00-00:00,2022-09-04T04:45:00-00:00,2022-09-03,22,KERMAN_6_N001,KERMAN_6_N001,KERMAN_6_N001,RTPD,MCC,LMP_CONG_PRC,KERMAN_6_N001,ALL,1,20.2525,3,127
2022-09-04T05:30:00-00:00,2022-09-04T05:45:00-00:00,2022-09-03,23,KERMAN_6_N001,KERMAN_6_N001,KERMAN_6_N001,RTPD,MCC,LMP_CONG_PRC,KERMAN_6_N001,ALL,1,-38.62947,3,127
2022-09-04T06:30:00-00:00,2022-09-04T06:45:00-00:00,2022-09-03,24,KERMAN_6_N001,KERMAN_6_N001,KERMAN_6_N001,RTPD,MCC,LMP_CONG_PRC,KERMAN_6_N001,ALL,1,-17.06895,3,127
2022-09-03T07:45:00-00:00,2022-09-03T08:00:00-00:00,2022-09-03,01,KERMAN_6_N001,KERMAN_6_N001,KERMAN_6_N001,RTPD,MCC,LMP_CONG_PRC,KERMAN_6_N001,ALL,1,-10.48093,4,127
2022-09-03T08:45:00-00:00,2022-09-03T09:00:00-00:00,2022-09-03,02,KERMAN_6_N001,KERMAN_6_N001,KERMAN_6_N001,RTPD,MCC,LMP_CONG_PRC,KERMAN_6_N001,ALL,1,26.52448,4,127
2022-09-03T09:45:00-00:00,2022-09-03T10:00:00-00:00,2022-09-03,03,KERMAN_6_N001,KERMAN_6_N001,KERMAN_6_N001,RTPD,MCC,LMP_CONG_PRC,KERMAN_6_N001,ALL,1,-12.01628,4,127
2022-09-03T10:45:00-00:00,2022-09-03T11:00:00-00:00,2022-09-03,04,KERMAN_6_N001,KERMAN_6_N001,KERMAN_6_N001,RTPD,MCC,LMP_CONG_PRC,KERMAN_6_N001,ALL,1,169.34781,4,127
2022-09-03T11:45:00-00:00,2022-09-03T12:00:00-00:00,2022-09-03,05,KERMAN_6_N001,KERMAN_6_N001,KERMAN_6_N001,RTPD,MCC,LMP_CONG_PRC,KERMAN_6_N001,ALL,1,1.93567,4,127
2022-09-03T12:45:00-00:00,2022-09-03T13:00:00-00:00,2022-09-03,06,KERMAN_6_N001,KERMAN_6_N001,KERMAN_6_N001,RTPD,MCC,LMP_CONG_PRC,KERMAN_6_N001,ALL,1,-7.55998,4,127
2022-09-03T13:45:00-00:00,2022-09-03T14:00:00-00:00,2022-09-03,07,KERMAN_6_N001,KERMAN_6_N001,KERMAN_6_N001,RTPD,MCC,LMP_CONG_PRC,KERMAN_6_N001,ALL,1,29.19574,4,127
2022-09-03T14:45:00-00:00,2022-09-03T15:00:00-00:00,2022-09-03,08,KERMAN_6_N001,KERMAN_6_N001,KERMAN_6_N001,RTPD,MCC,LMP_CONG_PRC,KERMAN_6_N001,ALL,1,0.00113,4,127
2022-09-03T15:45:00-00:00,2022-09-03T16:00:00-00:00,2022-09-03,09,KERMAN_6_N001,KERMAN_6_N001,KERMAN_6_N001,RTPD,MCC,LMP_CONG_PRC,KERMAN_6_N001,ALL,1,0,4,127
2022-09-03T16:45:00-00:00,2022-09-03T17:00:00-00:00,2022-09-03,10,KERMAN_6_N001,KERMAN_6_N001,KERMAN_6_N001,RTPD,MCC,LMP_CONG_PRC,KERMAN_6_N001,ALL,1,0,4,127
2022-09-03T17:45:00-00:00,2022-09-03T18:00:00-00:00,2022-09-03,11,KERMAN_6_N001,KERMAN_6_N001,KERMAN_6_N001,RTPD,MCC,LMP_CONG_PRC,KERMAN_6_N001,ALL,1,-2.18409,4,127
2022-09-03T18:45:00-00:00,2022-09-03T19:00:00-00:00,2022-09-03,12,KERMAN_6_N001,KERMAN_6_N001,KERMAN_6_N001,RTPD,MCC,LMP_CONG_PRC,KERMAN_6_N001,ALL,1,-8.6824,4,127
2022-09-03T19:45:00-00:00,2022-09-03T20:00:00-00:00,2022-09-03,13,KERMAN_6_N001,KERMAN_6_N001,KERMAN_6_N001,RTPD,MCC,LMP_CONG_PRC,KERMAN_6_N001,ALL,1,-73.64057,4,127
2022-09-03T20:45:00-00:00,2022-09-03T21:00:00-00:00,2022-09-03,14,KERMAN_6_N001,KERMAN_6_N001,KERMAN_6_N001,RTPD,MCC,LMP_CONG_PRC,KERMAN_6_N001,ALL,1,18.76448,4,127
2022-09-03T21:45:00-00:00,2022-09-03T22:00:00-00:00,2022-09-03,15,KERMAN_6_N001,KERMAN_6_N001,KERMAN_6_N001,RTPD,MCC,LMP_CONG_PRC,KERMAN_6_N001,ALL,1,45.69397,4,127
2022-09-03T22:45:00-00:00,2022-09-03T23:00:00-00:00,2022-09-03,16,KERMAN_6_N001,KERMAN_6_N001,KERMAN_6_N001,RTPD,MCC,LMP_CONG_PRC,KERMAN_6_N001,ALL,1,3.49305,4,127
2022-09-03T23:45:00-00:00,2022-09-04T00:00:00-00:00,2022-09-03,17,KERMAN_6_N001,KERMAN_6_N001,KERMAN_6_N001,RTPD,MCC,LMP_CONG_PRC,KERMAN_6_N001,ALL,1,9.65284,4,127
2022-09-04T00:45:00-00:00,2022-09-04T01:00:00-00:00,2022-09-03,18,KERMAN_6_N001,KERMAN_6_N001,KERMAN_6_N001,RTPD,MCC,LMP_CONG_PRC,KERMAN_6_N001,ALL,1,-192.48299,4,127
2022-09-04T01:45:00-00:00,2022-09-04T02:00:00-00:00,2022-09-03,19,KERMAN_6_N001,KERMAN_6_N001,KERMAN_6_N001,RTPD,MCC,LMP_CONG_PRC,KERMAN_6_N001,ALL,1,54.00535,4,127
2022-09-04T02:45:00-00:00,2022-09-04T03:00:00-00:00,2022-09-03,20,KERMAN_6_N001,KERMAN_6_N001,KERMAN_6_N001,RTPD,MCC,LMP_CONG_PRC,KERMAN_6_N001,ALL,1,-8.87477,4,127
2022-09-04T03:45:00-00:00,2022-09-04T04:00:00-00:00,2022-09-03,21,KERMAN_6_N001,KERMAN_6_N001,KERMAN_6_N001,RTPD,MCC,LMP_CONG_PRC,KERMAN_6_N001,ALL,1,-10.75942,4,127
2022-09-04T04:45:00-00:00,2022-09-04T05:00:00-00:00,2022-09-03,22,KERMAN_6_N001,KERMAN_6_N001,KERMAN_6_N001,RTPD,MCC,LMP_CONG_PRC,KERMAN_6_N001,ALL,1,27.85944,4,127
2022-09-04T05:45:00-00:00,2022-09-04T06:00:00-00:00,2022-09-03,23,KERMAN_6_N001,KERMAN_6_N001,KERMAN_6_N001,RTPD,MCC,LMP_CONG_PRC,KERMAN_6_N001,ALL,1,-31.65483,4,127
2022-09-04T06:45:00-00:00,2022-09-04T07:00:00-00:00,2022-09-03,24,KERMAN_6_N001,KERMAN_6_N001,KERMAN_6_N001,RTPD,MCC,LMP_CONG_PRC,KERMAN_6_N001,ALL,1,-19.39436,4,127
2022-09-03T07:00:00-00:00,2022-09-03T07:15:00-00:00,2022-09-03,01,KERMAN_6_N001,KERMAN_6_N001,KERMAN_6_N001,RTPD,MCE,LMP_ENE_PRC,KERMAN_6_N001,ALL,1,95.21526,1,128
2022-09-03T08:00:00-00:00,2022-09-03T08:15:00-00:00,2022-09-03,02,KERMAN_6_N001,KERMAN_6_N001,KERMAN_6_N001,RTPD,MCE,LMP_ENE_PRC,KERMAN_6_N001,ALL,1,87.28334,1,128
2022-09-03T09:00:00-00:00,2022-09-03T09:15:00-00:00,2022-09-03,03,KERMAN_6_N001,KERMAN_6_N001,KERMAN_6_N001,RTPD,MCE,LMP_ENE_PRC,KERMAN_6_N001,ALL,1,83.66355,1,128
2022-09-03T10:00:00-00:00,2022-09-03T10:15:00-00:00,2022-09-03,04,KERMAN_6_N001,KERMAN_6_N001,KERMAN_6_N001,RTPD,MCE,LMP_ENE_PRC,KERMAN_6_N001,ALL,1,78.01908,1,128
2022-09-03T11:00:00-00:00,2022-09-03T11:15:00-00:00,2022-09-03,05,KERMAN_6_N001,KERMAN_6_N001,KERMAN_6_N001,RTPD,MCE,LMP_ENE_PRC,KERMAN_6_N001,ALL,1,75.01707,1,128
2022-09-03T12:00:00-00:00,2022-09-03T12:15:00-00:00,2022-09-03,06,KERMAN_6_N001,KERMAN_6_N001,KERMAN_6_N001,RTPD,MCE,LMP_ENE_PRC,KERMAN_6_N001,ALL,1,69.78732,1,128
2022-09-03T13:00:00-00:00,2022-09-03T13:15:00-00:00,2022-09-03,07,KERMAN_6_N001,KERMAN_6_N001,KERMAN_6_N001,RTPD,MCE,LMP_ENE_PRC,KERMAN_6_N001,ALL,1,60.44229,1,128
2022-09-03T14:00:00-00:00,2022-09-03T14:15:00-00:00,2022-09-03,08,KERMAN_6_N001,KERMAN_6_N001,KERMAN_6_N001,RTPD,MCE,LMP_ENE_PRC,KERMAN_6_N001,ALL,1,41.05574,1,128
2022-09-03T15:00:00-00:00,2022-09-03T15:15:00-00:00,2022-09-03,09,KERMAN_6_N001,KERMAN_6_N001,KERMAN_6_N001,RTPD,MCE,LMP_ENE_PRC,KERMAN_6_N001,ALL,1,25.73144,1,128
2022-09-03T16:00:00-00:00,2022-09-03T16:15:00-00:00,2022-09-03,10,KERMAN_6_N001,KERMAN_6_N001,KERMAN_6_N001,RTPD,MCE,LMP_ENE_PRC,KERMAN_6_N001,ALL,1,28.48087,1,128
2022-09-03T17:00:00-00:00,2022-09-03T17:15:00-00:00,2022-09-03,11,KERMAN_6_N001,KERMAN_6_N001,KERMAN_6_N001,RTPD,MCE,LMP_ENE_PRC,KERMAN_6_N001,ALL,1,51.7991,1,128
2022-09-03T18:00:00-00:00,2022-09-03T18:15:00-00:00,2022-09-03,12,KERMAN_6_N001,KERMAN_6_N001,KERMAN_6_N001,RTPD,MCE,LMP_ENE_PRC,KERMAN_6_N001,ALL,1,66.18183,1,128
2022-09-03T19:00:00-00:00,2022-09-03T19:15:00-00:00,2022-09-03,13,KERMAN_6_N001,KERMAN_6_N001,KERMAN_6_N001,RTPD,MCE,LMP_ENE_PRC,KERMAN_6_N001,ALL,1,49.33175,1,128
2022-09-03T20:00:00-00:00,2022-09-03T20:15:00-00:00,2022-09-03,14,KERMAN_6_N001,KERMAN_6_N001,KERMAN_6_N001,RTPD,MCE,LMP_ENE_PRC,KERMAN_6_N001,ALL,1,61.97858,1,128
2022-09-03T21:00:00-00:00,2022-09-03T21:15:00-00:00,2022-09-03,15,KERMAN_6_N001,KERMAN_6_N001,KERMAN_6_N001,RTPD,MCE,LMP_ENE_PRC,KERMAN_6_N001,ALL,1,48.58929,1,128
2022-09-03T22:00:00-00:00,2022-09-03T22:15:00-00:00,2022-09-03,16,KERMAN_6_N001,KERMAN_6_N001,KERMAN_6_N001,RTPD,MCE,LMP_ENE_PRC,KERMAN_6_N001,ALL,1,56.82881,1,128
2022-09-03T23:00:00-00:00,2022-09-03T23:15:00-00:00,2022-09-03,17,KERMAN_6_N001,KERMAN_6_N001,KERMAN_6_N001,RTPD,MCE,LMP_ENE_PRC,KERMAN_6_N001,ALL,1,71.87635,1,128
2022-09-04T00:00:00-00:00,2022-09-04T00:15:00-00:00,2022-09-03,18,KERMAN_6_N001,KERMAN_6_N001,KERMAN_6_N001,RTPD,MCE,LMP_ENE_PRC,KERMAN_6_N001,ALL,1,89.65697,1,128
2022-09-04T01:00:00-00:00,2022-09-04T01:15:00-00:00,2022-09-03,19,KERMAN_6_N001,KERMAN_6_N001,KERMAN_6_N001,RTPD,MCE,LMP_ENE_PRC,KERMAN_6_N001,ALL,1,154.23135,1,128
2022-09-04T02:00:00-00:00,2022-09-04T02:15:00-00:00,2022-09-03,20,KERMAN_6_N001,KERMAN_6_N001,KERMAN_6_N001,RTPD,MCE,LMP_ENE_PRC,KERMAN_6_N001,ALL,1,112.79788,1,128
2022-09-04T03:00:00-00:00,2022-09-04T03:15:00-00:00,2022-09-03,21,KERMAN_6_N001,KERMAN_6_N001,KERMAN_6_N001,RTPD,MCE,LMP_ENE_PRC,KERMAN_6_N001,ALL,1,114.10546,1,128
2022-09-04T04:00:00-00:00,2022-09-04T04:15:00-00:00,2022-09-03,22,KERMAN_6_N001,KERMAN_6_N001,KERMAN_6_N001,RTPD,MCE,LMP_ENE_PRC,KERMAN_6_N001,ALL,1,110.78377,1,128
2022-09-04T05:00:00-00:00,2022-09-04T05:15:00-00:00,2022-09-03,23,KERMAN_6_N001,KERMAN_6_N001,KERMAN_6_N001,RTPD,MCE,LMP_ENE_PRC,KERMAN_6_N001,ALL,1,126.90499,1,128
2022-09-04T06:00:00-00:00,2022-09-04T06:15:00-00:00,2022-09-03,24,KERMAN_6_N001,KERMAN_6_N001,KERMAN_6_N001,RTPD,MCE,LMP_ENE_PRC,KERMAN_6_N001,ALL,1,104.78344,1,128
2022-09-03T07:15:00-00:00,2022-09-03T07:30:00-00:00,2022-09-03,01,KERMAN_6_N001,KERMAN_6_N001,KERMAN_6_N001,RTPD,MCE,LMP_ENE_PRC,KERMAN_6_N001,ALL,1,92.27523,2,128
2022-09-03T08:15:00-00:00,2022-09-03T08:30:00-00:00,2022-09-03,02,KERMAN_6_N001,KERMAN_6_N001,KERMAN_6_N001,RTPD,MCE,LMP_ENE_PRC,KERMAN_6_N001,ALL,1,86.08077,2,128
2022-09-03T09:15:00-00:00,2022-09-03T09:30:00-00:00,2022-09-03,03,KERMAN_6_N001,KERMAN_6_N001,KERMAN_6_N001,RTPD,MCE,LMP_ENE_PRC,KERMAN_6_N001,ALL,1,81.52448,2,128
2022-09-03T10:15:00-00:00,2022-09-03T10:30:00-00:00,2022-09-03,04,KERMAN_6_N001,KERMAN_6_N001,KERMAN_6_N001,RTPD,MCE,LMP_ENE_PRC,KERMAN_6_N001,ALL,1,76.07778,2,128
2022-09-03T11:15:00-00:00,2022-09-03T11:30:00-00:00,2022-09-03,05,KERMAN_6_N001,KERMAN_6_N001,KERMAN_6_N001,RTPD,MCE,LMP_ENE_PRC,KERMAN_6_N001,ALL,1,70.31505,2,128
2022-09-03T12:15:00-00:00,2022-09-03T12:30:00-00:00,2022-09-03,06,KERMAN_6_N001,KERMAN_6_N001,KERMAN_6_N001,RTPD,MCE,LMP_ENE_PRC,KERMAN_6_N001,ALL,1,70.02316,2,128
2022-09-03T13:15:00-00:00,2022-09-03T13:30:00-00:00,2022-09-03,07,KERMAN_6_N001,KERMAN_6_N001,KERMAN_6_N001,RTPD,MCE,LMP_ENE_PRC,KERMAN_6_N001,ALL,1,58.94546,2,128
2022-09-03T14:15:00-00:00,2022-09-03T14:30:00-00:00,2022-09-03,08,KERMAN_6_N001,KERMAN_6_N001,KERMAN_6_N001,RTPD,MCE,LMP_ENE_PRC,KERMAN_6_N001,ALL,1,36.88333,2,128
2022-09-03T15:15:00-00:00,2022-09-03T15:30:00-00:00,2022-09-03,09,KERMAN_6_N001,KERMAN_6_N001,KERMAN_6_N001,RTPD,MCE,LMP_ENE_PRC,KERMAN_6_N001,ALL,1,25.63309,2,128
2022-09-03T16:15:00-00:00,2022-09-03T16:30:00-00:00,2022-09-03,10,KERMAN_6_N001,KERMAN_6_N001,KERMAN_6_N001,RTPD,MCE,LMP_ENE_PRC,KERMAN_6_N001,ALL,1,28.35578,2,128
2022-09-03T17:15:00-00:00,2022-09-03T17:30:00-00:00,2022-09-03,11,KERMAN_6_N001,KERMAN_6_N001,KERMAN_6_N001,RTPD,MCE,LMP_ENE_PRC,KERMAN_6_N001,ALL,1,62.78814,2,128
2022-09-03T18:15:00-00:00,2022-09-03T18:30:00-00:00,2022-09-03,12,KERMAN_6_N001,KERMAN_6_N001,KERMAN_6_N001,RTPD,MCE,LMP_ENE_PRC,KERMAN_6_N001,ALL,1,69.64405,2,128
2022-09-03T19:15:00-00:00,2022-09-03T19:30:00-00:00,2022-09-03,13,KERMAN_6_N001,KERMAN_6_N001,KERMAN_6_N001,RTPD,MCE,LMP_ENE_PRC,KERMAN_6_N001,ALL,1,55.44478,2,128
2022-09-03T20:15:00-00:00,2022-09-03T20:30:00-00:00,2022-09-03,14,KERMAN_6_N001,KERMAN_6_N001,KERMAN_6_N001,RTPD,MCE,LMP_ENE_PRC,KERMAN_6_N001,ALL,1,61.55304,2,128
2022-09-03T21:15:00-00:00,2022-09-03T21:30:00-00:00,2022-09-03,15,KERMAN_6_N001,KERMAN_6_N001,KERMAN_6_N001,RTPD,MCE,LMP_ENE_PRC,KERMAN_6_N001,ALL,1,53.762,2,128
2022-09-03T22:15:00-00:00,2022-09-03T22:30:00-00:00,2022-09-03,16,KERMAN_6_N001,KERMAN_6_N001,KERMAN_6_N001,RTPD,MCE,LMP_ENE_PRC,KERMAN_6_N001,ALL,1,70.72961,2,128
2022-09-03T23:15:00-00:00,2022-09-03T23:30:00-00:00,2022-09-03,17,KERMAN_6_N001,KERMAN_6_N001,KERMAN_6_N001,RTPD,MCE,LMP_ENE_PRC,KERMAN_6_N001,ALL,1,86.75099,2,128
2022-09-04T00:15:00-00:00,2022-09-04T00:30:00-00:00,2022-09-03,18,KERMAN_6_N001,KERMAN_6_N001,KERMAN_6_N001,RTPD,MCE,LMP_ENE_PRC,KERMAN_6_N001,ALL,1,102.50471,2,128
2022-09-04T01:15:00-00:00,2022-09-04T01:30:00-00:00,2022-09-03,19,KERMAN_6_N001,KERMAN_6_N001,KERMAN_6_N001,RTPD,MCE,LMP_ENE_PRC,KERMAN_6_N001,ALL,1,212.54434,2,128
2022-09-04T02:15:00-00:00,2022-09-04T02:30:00-00:00,2022-09-03,20,KERMAN_6_N001,KERMAN_6_N001,KERMAN_6_N001,RTPD,MCE,LMP_ENE_PRC,KERMAN_6_N001,ALL,1,130.70084,2,128
2022-09-04T03:15:00-00:00,2022-09-04T03:30:00-00:00,2022-09-03,21,KERMAN_6_N001,KERMAN_6_N001,KERMAN_6_N001,RTPD,MCE,LMP_ENE_PRC,KERMAN_6_N001,ALL,1,95.34308,2,128
2022-09-04T04:15:00-00:00,2022-09-04T04:30:00-00:00,2022-09-03,22,KERMAN_6_N001,KERMAN_6_N001,KERMAN_6_N001,RTPD,MCE,LMP_ENE_PRC,KERMAN_6_N001,ALL,1,109.32287,2,128
2022-09-04T05:15:00-00:00,2022-09-04T05:30:00-00:00,2022-09-03,23,KERMAN_6_N001,KERMAN_6_N001,KERMAN_6_N001,RTPD,MCE,LMP_ENE_PRC,KERMAN_6_N001,ALL,1,116.98954,2,128
2022-09-04T06:15:00-00:00,2022-09-04T06:30:00-00:00,2022-09-03,24,KERMAN_6_N001,KERMAN_6_N001,KERMAN_6_N001,RTPD,MCE,LMP_ENE_PRC,KERMAN_6_N001,ALL,1,96.51392,2,128
2022-09-03T07:30:00-00:00,2022-09-03T07:45:00-00:00,2022-09-03,01,KERMAN_6_N001,KERMAN_6_N001,KERMAN_6_N001,RTPD,MCE,LMP_ENE_PRC,KERMAN_6_N001,ALL,1,89.3035,3,128
2022-09-03T08:30:00-00:00,2022-09-03T08:45:00-00:00,2022-09-03,02,KERMAN_6_N001,KERMAN_6_N001,KERMAN_6_N001,RTPD,MCE,LMP_ENE_PRC,KERMAN_6_N001,ALL,1,84.37487,3,128
2022-09-03T09:30:00-00:00,2022-09-03T09:45:00-00:00,2022-09-03,03,KERMAN_6_N001,KERMAN_6_N001,KERMAN_6_N001,RTPD,MCE,LMP_ENE_PRC,KERMAN_6_N001,ALL,1,78.67165,3,128
2022-09-03T10:30:00-00:00,2022-09-03T10:45:00-00:00,2022-09-03,04,KERMAN_6_N001,KERMAN_6_N001,KERMAN_6_N001,RTPD,MCE,LMP_ENE_PRC,KERMAN_6_N001,ALL,1,74.63704,3,128
2022-09-03T11:30:00-00:00,2022-09-03T11:45:00-00:00,2022-09-03,05,KERMAN_6_N001,KERMAN_6_N001,KERMAN_6_N001,RTPD,MCE,LMP_ENE_PRC,KERMAN_6_N001,ALL,1,72.79705,3,128
2022-09-03T12:30:00-00:00,2022-09-03T12:45:00-00:00,2022-09-03,06,KERMAN_6_N001,KERMAN_6_N001,KERMAN_6_N001,RTPD,MCE,LMP_ENE_PRC,KERMAN_6_N001,ALL,1,71.64459,3,128
2022-09-03T13:30:00-00:00,2022-09-03T13:45:00-00:00,2022-09-03,07,KERMAN_6_N001,KERMAN_6_N001,KERMAN_6_N001,RTPD,MCE,LMP_ENE_PRC,KERMAN_6_N001,ALL,1,58.60193,3,128
2022-09-03T14:30:00-00:00,2022-09-03T14:45:00-00:00,2022-09-03,08,KERMAN_6_N001,KERMAN_6_N001,KERMAN_6_N001,RTPD,MCE,LMP_ENE_PRC,KERMAN_6_N001,ALL,1,35.09087,3,128
2022-09-03T15:30:00-00:00,2022-09-03T15:45:00-00:00,2022-09-03,09,KERMAN_6_N001,KERMAN_6_N001,KERMAN_6_N001,RTPD,MCE,LMP_ENE_PRC,KERMAN_6_N001,ALL,1,24.86074,3,128
2022-09-03T16:30:00-00:00,2022-09-03T16:45:00-00:00,2022-09-03,10,KERMAN_6_N001,KERMAN_6_N001,KERMAN_6_N001,RTPD,MCE,LMP_ENE_PRC,KERMAN_6_N001,ALL,1,27.53581,3,128
2022-09-03T17:30:00-00:00,2022-09-03T17:45:00-00:00,2022-09-03,11,KERMAN_6_N001,KERMAN_6_N001,KERMAN_6_N001,RTPD,MCE,LMP_ENE_PRC,KERMAN_6_N001,ALL,1,63.76433,3,128
2022-09-03T18:30:00-00:00,2022-09-03T18:45:00-00:00,2022-09-03,12,KERMAN_6_N001,KERMAN_6_N001,KERMAN_6_N001,RTPD,MCE,LMP_ENE_PRC,KERMAN_6_N001,ALL,1,73.72509,3,128
2022-09-03T19:30:00-00:00,2022-09-03T19:45:00-00:00,2022-09-03,13,KERMAN_6_N001,KERMAN_6_N001,KERMAN_6_N001,RTPD,MCE,LMP_ENE_PRC,KERMAN_6_N001,ALL,1,70.11451,3,128
2022-09-03T20:30:00-00:00,2022-09-03T20:45:00-00:00,2022-09-03,14,KERMAN_6_N001,KERMAN_6_N001,KERMAN_6_N001,RTPD,MCE,LMP_ENE_PRC,KERMAN_6_N001,ALL,1,64.79179,3,128
2022-09-03T21:30:00-00:00,2022-09-03T21:45:00-00:00,2022-09-03,15,KERMAN_6_N001,KERMAN_6_N001,KERMAN_6_N001,RTPD,MCE,LMP_ENE_PRC,KERMAN_6_N001,ALL,1,59.9647,3,128
2022-09-03T22:30:00-00:00,2022-09-03T22:45:00-00:00,2022-09-03,16,KERMAN_6_N001,KERMAN_6_N001,KERMAN_6_N001,RTPD,MCE,LMP_ENE_PRC,KERMAN_6_N001,ALL,1,91.4901,3,128
2022-09-03T23:30:00-00:00,2022-09-03T23:45:00-00:00,2022-09-03,17,KERMAN_6_N001,KERMAN_6_N001,KERMAN_6_N001,RTPD,MCE,LMP_ENE_PRC,KERMAN_6_N001,ALL,1,93.43303,3,128
2022-09-04T00:30:00-00:00,2022-09-04T00:45:00-00:00,2022-09-03,18,KERMAN_6_N001,KERMAN_6_N001,KERMAN_6_N001,RTPD,MCE,LMP_ENE_PRC,KERMAN_6_N001,ALL,1,123.47544,3,128
2022-09-04T01:30:00-00:00,2022-09-04T01:45:00-00:00,2022-09-03,19,KERMAN_6_N001,KERMAN_6_N001,KERMAN_6_N001,RTPD,MCE,LMP_ENE_PRC,KERMAN_6_N001,ALL,1,393.41373,3,128
2022-09-04T02:30:00-00:00,2022-09-04T02:45:00-00:00,2022-09-03,20,KERMAN_6_N001,KERMAN_6_N001,KERMAN_6_N001,RTPD,MCE,LMP_ENE_PRC,KERMAN_6_N001,ALL,1,116.43634,3,128
2022-09-04T03:30:00-00:00,2022-09-04T03:45:00-00:00,2022-09-03,21,KERMAN_6_N001,KERMAN_6_N001,KERMAN_6_N001,RTPD,MCE,LMP_ENE_PRC,KERMAN_6_N001,ALL,1,91.11213,3,128
2022-09-04T04:30:00-00:00,2022-09-04T04:45:00-00:00,2022-09-03,22,KERMAN_6_N001,KERMAN_6_N001,KERMAN_6_N001,RTPD,MCE,LMP_ENE_PRC,KERMAN_6_N001,ALL,1,99.5048,3,128
2022-09-04T05:30:00-00:00,2022-09-04T05:45:00-00:00,2022-09-03,23,KERMAN_6_N001,KERMAN_6_N001,KERMAN_6_N001,RTPD,MCE,LMP_ENE_PRC,KERMAN_6_N001,ALL,1,112.62845,3,128
2022-09-04T06:30:00-00:00,2022-09-04T06:45:00-00:00,2022-09-03,24,KERMAN_6_N001,KERMAN_6_N001,KERMAN_6_N001,RTPD,MCE,LMP_ENE_PRC,KERMAN_6_N001,ALL,1,93.24175,3,128
2022-09-03T07:45:00-00:00,2022-09-03T08:00:00-00:00,2022-09-03,01,KERMAN_6_N001,KERMAN_6_N001,KERMAN_6_N001,RTPD,MCE,LMP_ENE_PRC,KERMAN_6_N001,ALL,1,83.53218,4,128
2022-09-03T08:45:00-00:00,2022-09-03T09:00:00-00:00,2022-09-03,02,KERMAN_6_N001,KERMAN_6_N001,KERMAN_6_N001,RTPD,MCE,LMP_ENE_PRC,KERMAN_6_N001,ALL,1,82.09146,4,128
2022-09-03T09:45:00-00:00,2022-09-03T10:00:00-00:00,2022-09-03,03,KERMAN_6_N001,KERMAN_6_N001,KERMAN_6_N001,RTPD,MCE,LMP_ENE_PRC,KERMAN_6_N001,ALL,1,74.61678,4,128
2022-09-03T10:45:00-00:00,2022-09-03T11:00:00-00:00,2022-09-03,04,KERMAN_6_N001,KERMAN_6_N001,KERMAN_6_N001,RTPD,MCE,LMP_ENE_PRC,KERMAN_6_N001,ALL,1,78.59346,4,128
2022-09-03T11:45:00-00:00,2022-09-03T12:00:00-00:00,2022-09-03,05,KERMAN_6_N001,KERMAN_6_N001,KERMAN_6_N001,RTPD,MCE,LMP_ENE_PRC,KERMAN_6_N001,ALL,1,69.7597,4,128
2022-09-03T12:45:00-00:00,2022-09-03T13:00:00-00:00,2022-09-03,06,KERMAN_6_N001,KERMAN_6_N001,KERMAN_6_N001,RTPD,MCE,LMP_ENE_PRC,KERMAN_6_N001,ALL,1,67.86831,4,128
2022-09-03T13:45:00-00:00,2022-09-03T14:00:00-00:00,2022-09-03,07,KERMAN_6_N001,KERMAN_6_N001,KERMAN_6_N001,RTPD,MCE,LMP_ENE_PRC,KERMAN_6_N001,ALL,1,46.5703,4,128
2022-09-03T14:45:00-00:00,2022-09-03T15:00:00-00:00,2022-09-03,08,KERMAN_6_N001,KERMAN_6_N001,KERMAN_6_N001,RTPD,MCE,LMP_ENE_PRC,KERMAN_6_N001,ALL,1,21.24877,4,128
2022-09-03T15:45:00-00:00,2022-09-03T16:00:00-00:00,2022-09-03,09,KERMAN_6_N001,KERMAN_6_N001,KERMAN_6_N001,RTPD,MCE,LMP_ENE_PRC,KERMAN_6_N001,ALL,1,23.18314,4,128
2022-09-03T16:45:00-00:00,2022-09-03T17:00:00-00:00,2022-09-03,10,KERMAN_6_N001,KERMAN_6_N001,KERMAN_6_N001,RTPD,MCE,LMP_ENE_PRC,KERMAN_6_N001,ALL,1,46.59203,4,128
2022-09-03T17:45:00-00:00,2022-09-03T18:00:00-00:00,2022-09-03,11,KERMAN_6_N001,KERMAN_6_N001,KERMAN_6_N001,RTPD,MCE,LMP_ENE_PRC,KERMAN_6_N001,ALL,1,70.00191,4,128
2022-09-03T18:45:00-00:00,2022-09-03T19:00:00-00:00,2022-09-03,12,KERMAN_6_N001,KERMAN_6_N001,KERMAN_6_N001,RTPD,MCE,LMP_ENE_PRC,KERMAN_6_N001,ALL,1,73.13248,4,128
2022-09-03T19:45:00-00:00,2022-09-03T20:00:00-00:00,2022-09-03,13,KERMAN_6_N001,KERMAN_6_N001,KERMAN_6_N001,RTPD,MCE,LMP_ENE_PRC,KERMAN_6_N001,ALL,1,73.69349,4,128
2022-09-03T20:45:00-00:00,2022-09-03T21:00:00-00:00,2022-09-03,14,KERMAN_6_N001,KERMAN_6_N001,KERMAN_6_N001,RTPD,MCE,LMP_ENE_PRC,KERMAN_6_N001,ALL,1,63.90304,4,128
2022-09-03T21:45:00-00:00,2022-09-03T22:00:00-00:00,2022-09-03,15,KERMAN_6_N001,KERMAN_6_N001,KERMAN_6_N001,RTPD,MCE,LMP_ENE_PRC,KERMAN_6_N001,ALL,1,66.4579,4,128
2022-09-03T22:45:00-00:00,2022-09-03T23:00:00-00:00,2022-09-03,16,KERMAN_6_N001,KERMAN_6_N001,KERMAN_6_N001,RTPD,MCE,LMP_ENE_PRC,KERMAN_6_N001,ALL,1,118.26591,4,128
2022-09-03T23:45:00-00:00,2022-09-04T00:00:00-00:00,2022-09-03,17,KERMAN_6_N001,KERMAN_6_N001,KERMAN_6_N001,RTPD,MCE,LMP_ENE_PRC,KERMAN_6_N001,ALL,1,116.80928,4,128
2022-09-04T00:45:00-00:00,2022-09-04T01:00:00-00:00,2022-09-03,18,KERMAN_6_N001,KERMAN_6_N001,KERMAN_6_N001,RTPD,MCE,LMP_ENE_PRC,KERMAN_6_N001,ALL,1,258.08282,4,128
2022-09-04T01:45:00-00:00,2022-09-04T02:00:00-00:00,2022-09-03,19,KERMAN_6_N001,KERMAN_6_N001,KERMAN_6_N001,RTPD,MCE,LMP_ENE_PRC,KERMAN_6_N001,ALL,1,349.2899,4,128
2022-09-04T02:45:00-00:00,2022-09-04T03:00:00-00:00,2022-09-03,20,KERMAN_6_N001,KERMAN_6_N001,KERMAN_6_N001,RTPD,MCE,LMP_ENE_PRC,KERMAN_6_N001,ALL,1,126.7922,4,128
2022-09-04T03:45:00-00:00,2022-09-04T04:00:00-00:00,2022-09-03,21,KERMAN_6_N001,KERMAN_6_N001,KERMAN_6_N001,RTPD,MCE,LMP_ENE_PRC,KERMAN_6_N001,ALL,1,83.08399,4,128
2022-09-04T04:45:00-00:00,2022-09-04T05:00:00-00:00,2022-09-03,22,KERMAN_6_N001,KERMAN_6_N001,KERMAN_6_N001,RTPD,MCE,LMP_ENE_PRC,KERMAN_6_N001,ALL,1,92.33352,4,128
2022-09-04T05:45:00-00:00,2022-09-04T06:00:00-00:00,2022-09-03,23,KERMAN_6_N001,KERMAN_6_N001,KERMAN_6_N001,RTPD,MCE,LMP_ENE_PRC,KERMAN_6_N001,ALL,1,99.18602,4,128
2022-09-04T06:45:00-00:00,2022-09-04T07:00:00-00:00,2022-09-03,24,KERMAN_6_N001,KERMAN_6_N001,KERMAN_6_N001,RTPD,MCE,LMP_ENE_PRC,KERMAN_6_N001,ALL,1,85.94384,4,128
2022-09-03T07:00:00-00:00,2022-09-03T07:15:00-00:00,2022-09-03,01,KERMAN_6_N001,KERMAN_6_N001,KERMAN_6_N001,RTPD,MCL,LMP_LOSS_PRC,KERMAN_6_N001,ALL,1,11.93999,1,129
2022-09-03T08:00:00-00:00,2022-09-03T08:15:00-00:00,2022-09-03,02,KERMAN_6_N001,KERMAN_6_N001,KERMAN_6_N001,RTPD,MCL,LMP_LOSS_PRC,KERMAN_6_N001,ALL,1,0,1,129
2022-09-03T09:00:00-00:00,2022-09-03T09:15:00-00:00,2022-09-03,03,KERMAN_6_N001,KERMAN_6_N001,KERMAN_6_N001,RTPD,MCL,LMP_LOSS_PRC,KERMAN_6_N001,ALL,1,0,1,129
2022-09-03T10:00:00-00:00,2022-09-03T10:15:00-00:00,2022-09-03,04,KERMAN_6_N001,KERMAN_6_N001,KERMAN_6_N001,RTPD,MCL,LMP_LOSS_PRC,KERMAN_6_N001,ALL,1,0,1,129
2022-09-03T11:00:00-00:00,2022-09-03T11:15:00-00:00,2022-09-03,05,KERMAN_6_N001,KERMAN_6_N001,KERMAN_6_N001,RTPD,MCL,LMP_LOSS_PRC,KERMAN_6_N001,ALL,1,0,1,129
2022-09-03T12:00:00-00:00,2022-09-03T12:15:00-00:00,2022-09-03,06,KERMAN_6_N001,KERMAN_6_N001,KERMAN_6_N001,RTPD,MCL,LMP_LOSS_PRC,KERMAN_6_N001,ALL,1,0,1,129
2022-09-03T13:00:00-00:00,2022-09-03T13:15:00-00:00,2022-09-03,07,KERMAN_6_N001,KERMAN_6_N001,KERMAN_6_N001,RTPD,MCL,LMP_LOSS_PRC,KERMAN_6_N001,ALL,1,0,1,129
2022-09-03T14:00:00-00:00,2022-09-03T14:15:00-00:00,2022-09-03,08,KERMAN_6_N001,KERMAN_6_N001,KERMAN_6_N001,RTPD,MCL,LMP_LOSS_PRC,KERMAN_6_N001,ALL,1,0,1,129
2022-09-03T15:00:00-00:00,2022-09-03T15:15:00-00:00,2022-09-03,09,KERMAN_6_N001,KERMAN_6_N001,KERMAN_6_N001,RTPD,MCL,LMP_LOSS_PRC,KERMAN_6_N001,ALL,1,2.03793,1,129
2022-09-03T16:00:00-00:00,2022-09-03T16:15:00-00:00,2022-09-03,10,KERMAN_6_N001,KERMAN_6_N001,KERMAN_6_N001,RTPD,MCL,LMP_LOSS_PRC,KERMAN_6_N001,ALL,1,1.38987,1,129
2022-09-03T17:00:00-00:00,2022-09-03T17:15:00-00:00,2022-09-03,11,KERMAN_6_N001,KERMAN_6_N001,KERMAN_6_N001,RTPD,MCL,LMP_LOSS_PRC,KERMAN_6_N001,ALL,1,1.82851,1,129
2022-09-03T18:00:00-00:00,2022-09-03T18:15:00-00:00,2022-09-03,12,KERMAN_6_N001,KERMAN_6_N001,KERMAN_6_N001,RTPD,MCL,LMP_LOSS_PRC,KERMAN_6_N001,ALL,1,2.00531,1,129
2022-09-03T19:00:00-00:00,2022-09-03T19:15:00-00:00,2022-09-03,13,KERMAN_6_N001,KERMAN_6_N001,KERMAN_6_N001,RTPD,MCL,LMP_LOSS_PRC,KERMAN_6_N001,ALL,1,1.31716,1,129
2022-09-03T20:00:00-00:00,2022-09-03T20:15:00-00:00,2022-09-03,14,KERMAN_6_N001,KERMAN_6_N001,KERMAN_6_N001,RTPD,MCL,LMP_LOSS_PRC,KERMAN_6_N001,ALL,1,1.23957,1,129
2022-09-03T21:00:00-00:00,2022-09-03T21:15:00-00:00,2022-09-03,15,KERMAN_6_N001,KERMAN_6_N001,KERMAN_6_N001,RTPD,MCL,LMP_LOSS_PRC,KERMAN_6_N001,ALL,1,1.11755,1,129
2022-09-03T22:00:00-00:00,2022-09-03T22:15:00-00:00,2022-09-03,16,KERMAN_6_N001,KERMAN_6_N001,KERMAN_6_N001,RTPD,MCL,LMP_LOSS_PRC,KERMAN_6_N001,ALL,1,0.56829,1,129
2022-09-03T23:00:00-00:00,2022-09-03T23:15:00-00:00,2022-09-03,17,KERMAN_6_N001,KERMAN_6_N001,KERMAN_6_N001,RTPD,MCL,LMP_LOSS_PRC,KERMAN_6_N001,ALL,1,3.83101,1,129
2022-09-04T00:00:00-00:00,2022-09-04T00:15:00-00:00,2022-09-03,18,KERMAN_6_N001,KERMAN_6_N001,KERMAN_6_N001,RTPD,MCL,LMP_LOSS_PRC,KERMAN_6_N001,ALL,1,6.15943,1,129
2022-09-04T01:00:00-00:00,2022-09-04T01:15:00-00:00,2022-09-03,19,KERMAN_6_N001,KERMAN_6_N001,KERMAN_6_N001,RTPD,MCL,LMP_LOSS_PRC,KERMAN_6_N001,ALL,1,16.3331,1,129
2022-09-04T02:00:00-00:00,2022-09-04T02:15:00-00:00,2022-09-03,20,KERMAN_6_N001,KERMAN_6_N001,KERMAN_6_N001,RTPD,MCL,LMP_LOSS_PRC,KERMAN_6_N001,ALL,1,13.97566,1,129
2022-09-04T03:00:00-00:00,2022-09-04T03:15:00-00:00,2022-09-03,21,KERMAN_6_N001,KERMAN_6_N001,KERMAN_6_N001,RTPD,MCL,LMP_LOSS_PRC,KERMAN_6_N001,ALL,1,14.68537,1,129
2022-09-04T04:00:00-00:00,2022-09-04T04:15:00-00:00,2022-09-03,22,KERMAN_6_N001,KERMAN_6_N001,KERMAN_6_N001,RTPD,MCL,LMP_LOSS_PRC,KERMAN_6_N001,ALL,1,15.12198,1,129
2022-09-04T05:00:00-00:00,2022-09-04T05:15:00-00:00,2022-09-03,23,KERMAN_6_N001,KERMAN_6_N001,KERMAN_6_N001,RTPD,MCL,LMP_LOSS_PRC,KERMAN_6_N001,ALL,1,16.4342,1,129
2022-09-04T06:00:00-00:00,2022-09-04T06:15:00-00:00,2022-09-03,24,KERMAN_6_N001,KERMAN_6_N001,KERMAN_6_N001,RTPD,MCL,LMP_LOSS_PRC,KERMAN_6_N001,ALL,1,12.87788,1,129
2022-09-03T07:15:00-00:00,2022-09-03T07:30:00-00:00,2022-09-03,01,KERMAN_6_N001,KERMAN_6_N001,KERMAN_6_N001,RTPD,MCL,LMP_LOSS_PRC,KERMAN_6_N001,ALL,1,11.11917,2,129
2022-09-03T08:15:00-00:00,2022-09-03T08:30:00-00:00,2022-09-03,02,KERMAN_6_N001,KERMAN_6_N001,KERMAN_6_N001,RTPD,MCL,LMP_LOSS_PRC,KERMAN_6_N001,ALL,1,0,2,129
2022-09-03T09:15:00-00:00,2022-09-03T09:30:00-00:00,2022-09-03,03,KERMAN_6_N001,KERMAN_6_N001,KERMAN_6_N001,RTPD,MCL,LMP_LOSS_PRC,KERMAN_6_N001,ALL,1,0,2,129
2022-09-03T10:15:00-00:00,2022-09-03T10:30:00-00:00,2022-09-03,04,KERMAN_6_N001,KERMAN_6_N001,KERMAN_6_N001,RTPD,MCL,LMP_LOSS_PRC,KERMAN_6_N001,ALL,1,0,2,129
2022-09-03T11:15:00-00:00,2022-09-03T11:30:00-00:00,2022-09-03,05,KERMAN_6_N001,KERMAN_6_N001,KERMAN_6_N001,RTPD,MCL,LMP_LOSS_PRC,KERMAN_6_N001,ALL,1,0,2,129
2022-09-03T12:15:00-00:00,2022-09-03T12:30:00-00:00,2022-09-03,06,KERMAN_6_N001,KERMAN_6_N001,KERMAN_6_N001,RTPD,MCL,LMP_LOSS_PRC,KERMAN_6_N001,ALL,1,0,2,129
2022-09-03T13:15:00-00:00,2022-09-03T13:30:00-00:00,2022-09-03,07,KERMAN_6_N001,KERMAN_6_N001,KERMAN_6_N001,RTPD,MCL,LMP_LOSS_PRC,KERMAN_6_N001,ALL,1,0,2,129
2022-09-03T14:15:00-00:00,2022-09-03T14:30:00-00:00,2022-09-03,08,KERMAN_6_N001,KERMAN_6_N001,KERMAN_6_N001,RTPD,MCL,LMP_LOSS_PRC,KERMAN_6_N001,ALL,1,0,2,129
2022-09-03T15:15:00-00:00,2022-09-03T15:30:00-00:00,2022-09-03,09,KERMAN_6_N001,KERMAN_6_N001,KERMAN_6_N001,RTPD,MCL,LMP_LOSS_PRC,KERMAN_6_N001,ALL,1,1.75587,2,129
2022-09-03T16:15:00-00:00,2022-09-03T16:30:00-00:00,2022-09-03,10,KERMAN_6_N001,KERMAN_6_N001,KERMAN_6_N001,RTPD,MCL,LMP_LOSS_PRC,KERMAN_6_N001,ALL,1,1.1796,2,129
2022-09-03T17:15:00-00:00,2022-09-03T17:30:00-00:00,2022-09-03,11,KERMAN_6_N001,KERMAN_6_N001,KERMAN_6_N001,RTPD,MCL,LMP_LOSS_PRC,KERMAN_6_N001,ALL,1,2.32944,2,129
2022-09-03T18:15:00-00:00,2022-09-03T18:30:00-00:00,2022-09-03,12,KERMAN_6_N001,KERMAN_6_N001,KERMAN_6_N001,RTPD,MCL,LMP_LOSS_PRC,KERMAN_6_N001,ALL,1,1.72717,2,129
2022-09-03T19:15:00-00:00,2022-09-03T19:30:00-00:00,2022-09-03,13,KERMAN_6_N001,KERMAN_6_N001,KERMAN_6_N001,RTPD,MCL,LMP_LOSS_PRC,KERMAN_6_N001,ALL,1,1.49701,2,129
2022-09-03T20:15:00-00:00,2022-09-03T20:30:00-00:00,2022-09-03,14,KERMAN_6_N001,KERMAN_6_N001,KERMAN_6_N001,RTPD,MCL,LMP_LOSS_PRC,KERMAN_6_N001,ALL,1,1.21875,2,129
2022-09-03T21:15:00-00:00,2022-09-03T21:30:00-00:00,2022-09-03,15,KERMAN_6_N001,KERMAN_6_N001,KERMAN_6_N001,RTPD,MCL,LMP_LOSS_PRC,KERMAN_6_N001,ALL,1,1.17739,2,129
2022-09-03T22:15:00-00:00,2022-09-03T22:30:00-00:00,2022-09-03,16,KERMAN_6_N001,KERMAN_6_N001,KERMAN_6_N001,RTPD,MCL,LMP_LOSS_PRC,KERMAN_6_N001,ALL,1,0.95485,2,129
2022-09-03T23:15:00-00:00,2022-09-03T23:30:00-00:00,2022-09-03,17,KERMAN_6_N001,KERMAN_6_N001,KERMAN_6_N001,RTPD,MCL,LMP_LOSS_PRC,KERMAN_6_N001,ALL,1,4.72793,2,129
2022-09-04T00:15:00-00:00,2022-09-04T00:30:00-00:00,2022-09-03,18,KERMAN_6_N001,KERMAN_6_N001,KERMAN_6_N001,RTPD,MCL,LMP_LOSS_PRC,KERMAN_6_N001,ALL,1,6.40654,2,129
2022-09-04T01:15:00-00:00,2022-09-04T01:30:00-00:00,2022-09-03,19,KERMAN_6_N001,KERMAN_6_N001,KERMAN_6_N001,RTPD,MCL,LMP_LOSS_PRC,KERMAN_6_N001,ALL,1,23.42239,2,129
2022-09-04T02:15:00-00:00,2022-09-04T02:30:00-00:00,2022-09-03,20,KERMAN_6_N001,KERMAN_6_N001,KERMAN_6_N001,RTPD,MCL,LMP_LOSS_PRC,KERMAN_6_N001,ALL,1,16.3376,2,129
2022-09-04T03:15:00-00:00,2022-09-04T03:30:00-00:00,2022-09-03,21,KERMAN_6_N001,KERMAN_6_N001,KERMAN_6_N001,RTPD,MCL,LMP_LOSS_PRC,KERMAN_6_N001,ALL,1,12.34693,2,129
2022-09-04T04:15:00-00:00,2022-09-04T04:30:00-00:00,2022-09-03,22,KERMAN_6_N001,KERMAN_6_N001,KERMAN_6_N001,RTPD,MCL,LMP_LOSS_PRC,KERMAN_6_N001,ALL,1,14.76952,2,129
2022-09-04T05:15:00-00:00,2022-09-04T05:30:00-00:00,2022-09-03,23,KERMAN_6_N001,KERMAN_6_N001,KERMAN_6_N001,RTPD,MCL,LMP_LOSS_PRC,KERMAN_6_N001,ALL,1,14.5418,2,129
2022-09-04T06:15:00-00:00,2022-09-04T06:30:00-00:00,2022-09-03,24,KERMAN_6_N001,KERMAN_6_N001,KERMAN_6_N001,RTPD,MCL,LMP_LOSS_PRC,KERMAN_6_N001,ALL,1,11.56237,2,129
2022-09-03T07:30:00-00:00,2022-09-03T07:45:00-00:00,2022-09-03,01,KERMAN_6_N001,KERMAN_6_N001,KERMAN_6_N001,RTPD,MCL,LMP_LOSS_PRC,KERMAN_6_N001,ALL,1,10.58246,3,129
2022-09-03T08:30:00-00:00,2022-09-03T08:45:00-00:00,2022-09-03,02,KERMAN_6_N001,KERMAN_6_N001,KERMAN_6_N001,RTPD,MCL,LMP_LOSS_PRC,KERMAN_6_N001,ALL,1,0,3,129
2022-09-03T09:30:00-00:00,2022-09-03T09:45:00-00:00,2022-09-03,03,KERMAN_6_N001,KERMAN_6_N001,KERMAN_6_N001,RTPD,MCL,LMP_LOSS_PRC,KERMAN_6_N001,ALL,1,0,3,129
2022-09-03T10:30:00-00:00,2022-09-03T10:45:00-00:00,2022-09-03,04,KERMAN_6_N001,KERMAN_6_N001,KERMAN_6_N001,RTPD,MCL,LMP_LOSS_PRC,KERMAN_6_N001,ALL,1,0,3,129
2022-09-03T11:30:00-00:00,2022-09-03T11:45:00-00:00,2022-09-03,05,KERMAN_6_N001,KERMAN_6_N001,KERMAN_6_N001,RTPD,MCL,LMP_LOSS_PRC,KERMAN_6_N001,ALL,1,0,3,129
2022-09-03T12:30:00-00:00,2022-09-03T12:45:00-00:00,2022-09-03,06,KERMAN_6_N001,KERMAN_6_N001,KERMAN_6_N001,RTPD,MCL,LMP_LOSS_PRC,KERMAN_6_N001,ALL,1,0,3,129
2022-09-03T13:30:00-00:00,2022-09-03T13:45:00-00:00,2022-09-03,07,KERMAN_6_N001,KERMAN_6_N001,KERMAN_6_N001,RTPD,MCL,LMP_LOSS_PRC,KERMAN_6_N001,ALL,1,0,3,129
2022-09-03T14:30:00-00:00,2022-09-03T14:45:00-00:00,2022-09-03,08,KERMAN_6_N001,KERMAN_6_N001,KERMAN_6_N001,RTPD,MCL,LMP_LOSS_PRC,KERMAN_6_N001,ALL,1,0,3,129
2022-09-03T15:30:00-00:00,2022-09-03T15:45:00-00:00,2022-09-03,09,KERMAN_6_N001,KERMAN_6_N001,KERMAN_6_N001,RTPD,MCL,LMP_LOSS_PRC,KERMAN_6_N001,ALL,1,1.41209,3,129
2022-09-03T16:30:00-00:00,2022-09-03T16:45:00-00:00,2022-09-03,10,KERMAN_6_N001,KERMAN_6_N001,KERMAN_6_N001,RTPD,MCL,LMP_LOSS_PRC,KERMAN_6_N001,ALL,1,1.04361,3,129
2022-09-03T17:30:00-00:00,2022-09-03T17:45:00-00:00,2022-09-03,11,KERMAN_6_N001,KERMAN_6_N001,KERMAN_6_N001,RTPD,MCL,LMP_LOSS_PRC,KERMAN_6_N001,ALL,1,2.29552,3,129
2022-09-03T18:30:00-00:00,2022-09-03T18:45:00-00:00,2022-09-03,12,KERMAN_6_N001,KERMAN_6_N001,KERMAN_6_N001,RTPD,MCL,LMP_LOSS_PRC,KERMAN_6_N001,ALL,1,1.86524,3,129
2022-09-03T19:30:00-00:00,2022-09-03T19:45:00-00:00,2022-09-03,13,KERMAN_6_N001,KERMAN_6_N001,KERMAN_6_N001,RTPD,MCL,LMP_LOSS_PRC,KERMAN_6_N001,ALL,1,0,3,129
2022-09-03T20:30:00-00:00,2022-09-03T20:45:00-00:00,2022-09-03,14,KERMAN_6_N001,KERMAN_6_N001,KERMAN_6_N001,RTPD,MCL,LMP_LOSS_PRC,KERMAN_6_N001,ALL,1,1.33471,3,129
2022-09-03T21:30:00-00:00,2022-09-03T21:45:00-00:00,2022-09-03,15,KERMAN_6_N001,KERMAN_6_N001,KERMAN_6_N001,RTPD,MCL,LMP_LOSS_PRC,KERMAN_6_N001,ALL,1,0.68959,3,129
2022-09-03T22:30:00-00:00,2022-09-03T22:45:00-00:00,2022-09-03,16,KERMAN_6_N001,KERMAN_6_N001,KERMAN_6_N001,RTPD,MCL,LMP_LOSS_PRC,KERMAN_6_N001,ALL,1,3.06492,3,129
2022-09-03T23:30:00-00:00,2022-09-03T23:45:00-00:00,2022-09-03,17,KERMAN_6_N001,KERMAN_6_N001,KERMAN_6_N001,RTPD,MCL,LMP_LOSS_PRC,KERMAN_6_N001,ALL,1,5.35371,3,129
2022-09-04T00:30:00-00:00,2022-09-04T00:45:00-00:00,2022-09-03,18,KERMAN_6_N001,KERMAN_6_N001,KERMAN_6_N001,RTPD,MCL,LMP_LOSS_PRC,KERMAN_6_N001,ALL,1,8.98901,3,129
2022-09-04T01:30:00-00:00,2022-09-04T01:45:00-00:00,2022-09-03,19,KERMAN_6_N001,KERMAN_6_N001,KERMAN_6_N001,RTPD,MCL,LMP_LOSS_PRC,KERMAN_6_N001,ALL,1,44.14102,3,129
2022-09-04T02:30:00-00:00,2022-09-04T02:45:00-00:00,2022-09-03,20,KERMAN_6_N001,KERMAN_6_N001,KERMAN_6_N001,RTPD,MCL,LMP_LOSS_PRC,KERMAN_6_N001,ALL,1,15.6374,3,129
2022-09-04T03:30:00-00:00,2022-09-04T03:45:00-00:00,2022-09-03,21,KERMAN_6_N001,KERMAN_6_N001,KERMAN_6_N001,RTPD,MCL,LMP_LOSS_PRC,KERMAN_6_N001,ALL,1,11.64413,3,129
2022-09-04T04:30:00-00:00,2022-09-04T04:45:00-00:00,2022-09-03,22,KERMAN_6_N001,KERMAN_6_N001,KERMAN_6_N001,RTPD,MCL,LMP_LOSS_PRC,KERMAN_6_N001,ALL,1,13.09483,3,129
2022-09-04T05:30:00-00:00,2022-09-04T05:45:00-00:00,2022-09-03,23,KERMAN_6_N001,KERMAN_6_N001,KERMAN_6_N001,RTPD,MCL,LMP_LOSS_PRC,KERMAN_6_N001,ALL,1,13.24511,3,129
2022-09-04T06:30:00-00:00,2022-09-04T06:45:00-00:00,2022-09-03,24,KERMAN_6_N001,KERMAN_6_N001,KERMAN_6_N001,RTPD,MCL,LMP_LOSS_PRC,KERMAN_6_N001,ALL,1,10.84402,3,129
2022-09-03T07:45:00-00:00,2022-09-03T08:00:00-00:00,2022-09-03,01,KERMAN_6_N001,KERMAN_6_N001,KERMAN_6_N001,RTPD,MCL,LMP_LOSS_PRC,KERMAN_6_N001,ALL,1,0,4,129
2022-09-03T08:45:00-00:00,2022-09-03T09:00:00-00:00,2022-09-03,02,KERMAN_6_N001,KERMAN_6_N001,KERMAN_6_N001,RTPD,MCL,LMP_LOSS_PRC,KERMAN_6_N001,ALL,1,10.01516,4,129
2022-09-03T09:45:00-00:00,2022-09-03T10:00:00-00:00,2022-09-03,03,KERMAN_6_N001,KERMAN_6_N001,KERMAN_6_N001,RTPD,MCL,LMP_LOSS_PRC,KERMAN_6_N001,ALL,1,8.49885,4,129
2022-09-03T10:45:00-00:00,2022-09-03T11:00:00-00:00,2022-09-03,04,KERMAN_6_N001,KERMAN_6_N001,KERMAN_6_N001,RTPD,MCL,LMP_LOSS_PRC,KERMAN_6_N001,ALL,1,9.50195,4,129
2022-09-03T11:45:00-00:00,2022-09-03T12:00:00-00:00,2022-09-03,05,KERMAN_6_N001,KERMAN_6_N001,KERMAN_6_N001,RTPD,MCL,LMP_LOSS_PRC,KERMAN_6_N001,ALL,1,7.38755,4,129
2022-09-03T12:45:00-00:00,2022-09-03T13:00:00-00:00,2022-09-03,06,KERMAN_6_N001,KERMAN_6_N001,KERMAN_6_N001,RTPD,MCL,LMP_LOSS_PRC,KERMAN_6_N001,ALL,1,7.07866,4,129
2022-09-03T13:45:00-00:00,2022-09-03T14:00:00-00:00,2022-09-03,07,KERMAN_6_N001,KERMAN_6_N001,KERMAN_6_N001,RTPD,MCL,LMP_LOSS_PRC,KERMAN_6_N001,ALL,1,4.98768,4,129
2022-09-03T14:45:00-00:00,2022-09-03T15:00:00-00:00,2022-09-03,08,KERMAN_6_N001,KERMAN_6_N001,KERMAN_6_N001,RTPD,MCL,LMP_LOSS_PRC,KERMAN_6_N001,ALL,1,0,4,129
2022-09-03T15:45:00-00:00,2022-09-03T16:00:00-00:00,2022-09-03,09,KERMAN_6_N001,KERMAN_6_N001,KERMAN_6_N001,RTPD,MCL,LMP_LOSS_PRC,KERMAN_6_N001,ALL,1,1.4049,4,129
2022-09-03T16:45:00-00:00,2022-09-03T17:00:00-00:00,2022-09-03,10,KERMAN_6_N001,KERMAN_6_N001,KERMAN_6_N001,RTPD,MCL,LMP_LOSS_PRC,KERMAN_6_N001,ALL,1,1.79379,4,129
2022-09-03T17:45:00-00:00,2022-09-03T18:00:00-00:00,2022-09-03,11,KERMAN_6_N001,KERMAN_6_N001,KERMAN_6_N001,RTPD,MCL,LMP_LOSS_PRC,KERMAN_6_N001,ALL,1,2.54107,4,129
2022-09-03T18:45:00-00:00,2022-09-03T19:00:00-00:00,2022-09-03,12,KERMAN_6_N001,KERMAN_6_N001,KERMAN_6_N001,RTPD,MCL,LMP_LOSS_PRC,KERMAN_6_N001,ALL,1,0,4,129
2022-09-03T19:45:00-00:00,2022-09-03T20:00:00-00:00,2022-09-03,13,KERMAN_6_N001,KERMAN_6_N001,KERMAN_6_N001,RTPD,MCL,LMP_LOSS_PRC,KERMAN_6_N001,ALL,1,0,4,129
2022-09-03T20:45:00-00:00,2022-09-03T21:00:00-00:00,2022-09-03,14,KERMAN_6_N001,KERMAN_6_N001,KERMAN_6_N001,RTPD,MCL,LMP_LOSS_PRC,KERMAN_6_N001,ALL,1,1.15025,4,129
2022-09-03T21:45:00-00:00,2022-09-03T22:00:00-00:00,2022-09-03,15,KERMAN_6_N001,KERMAN_6_N001,KERMAN_6_N001,RTPD,MCL,LMP_LOSS_PRC,KERMAN_6_N001,ALL,1,0.17279,4,129
2022-09-03T22:45:00-00:00,2022-09-03T23:00:00-00:00,2022-09-03,16,KERMAN_6_N001,KERMAN_6_N001,KERMAN_6_N001,RTPD,MCL,LMP_LOSS_PRC,KERMAN_6_N001,ALL,1,2.96847,4,129
2022-09-03T23:45:00-00:00,2022-09-04T00:00:00-00:00,2022-09-03,17,KERMAN_6_N001,KERMAN_6_N001,KERMAN_6_N001,RTPD,MCL,LMP_LOSS_PRC,KERMAN_6_N001,ALL,1,7.73277,4,129
2022-09-04T00:45:00-00:00,2022-09-04T01:00:00-00:00,2022-09-03,18,KERMAN_6_N001,KERMAN_6_N001,KERMAN_6_N001,RTPD,MCL,LMP_LOSS_PRC,KERMAN_6_N001,ALL,1,0,4,129
2022-09-04T01:45:00-00:00,2022-09-04T02:00:00-00:00,2022-09-03,19,KERMAN_6_N001,KERMAN_6_N001,KERMAN_6_N001,RTPD,MCL,LMP_LOSS_PRC,KERMAN_6_N001,ALL,1,41.00663,4,129
2022-09-04T02:45:00-00:00,2022-09-04T03:00:00-00:00,2022-09-03,20,KERMAN_6_N001,KERMAN_6_N001,KERMAN_6_N001,RTPD,MCL,LMP_LOSS_PRC,KERMAN_6_N001,ALL,1,15.89974,4,129
2022-09-04T03:45:00-00:00,2022-09-04T04:00:00-00:00,2022-09-03,21,KERMAN_6_N001,KERMAN_6_N001,KERMAN_6_N001,RTPD,MCL,LMP_LOSS_PRC,KERMAN_6_N001,ALL,1,10.31072,4,129
2022-09-04T04:45:00-00:00,2022-09-04T05:00:00-00:00,2022-09-03,22,KERMAN_6_N001,KERMAN_6_N001,KERMAN_6_N001,RTPD,MCL,LMP_LOSS_PRC,KERMAN_6_N001,ALL,1,12.35422,4,129
2022-09-04T05:45:00-00:00,2022-09-04T06:00:00-00:00,2022-09-03,23,KERMAN_6_N001,KERMAN_6_N001,KERMAN_6_N001,RTPD,MCL,LMP_LOSS_PRC,KERMAN_6_N001,ALL,1,11.53533,4,129
2022-09-04T06:45:00-00:00,2022-09-04T07:00:00-00:00,2022-09-03,24,KERMAN_6_N001,KERMAN_6_N001,KERMAN_6_N001,RTPD,MCL,LMP_LOSS_PRC,KERMAN_6_N001,ALL,1,9.67728,4,129
2022-09-03T07:00:00-00:00,2022-09-03T07:15:00-00:00,2022-09-03,01,KERMAN_6_N001,KERMAN_6_N001,KERMAN_6_N001,RTPD,MGHG,LMP_GHG_PRC,KERMAN_6_N001,ALL,1,0,1,130
2022-09-03T08:00:00-00:00,2022-09-03T08:15:00-00:00,2022-09-03,02,KERMAN_6_N001,KERMAN_6_N001,KERMAN_6_N001,RTPD,MGHG,LMP_GHG_PRC,KERMAN_6_N001,ALL,1,0,1,130
2022-09-03T09:00:00-00:00,2022-09-03T09:15:00-00:00,2022-09-03,03,KERMAN_6_N001,KERMAN_6_N001,KERMAN_6_N001,RTPD,MGHG,LMP_GHG_PRC,KERMAN_6_N001,ALL,1,0,1,130
2022-09-03T10:00:00-00:00,2022-09-03T10:15:00-00:00,2022-09-03,04,KERMAN_6_N001,KERMAN_6_N001,KERMAN_6_N001,RTPD,MGHG,LMP_GHG_PRC,KERMAN_6_N001,ALL,1,0,1,130
2022-09-03T11:00:00-00:00,2022-09-03T11:15:00-00:00,2022-09-03,05,KERMAN_6_N001,KERMAN_6_N001,KERMAN_6_N001,RTPD,MGHG,LMP_GHG_PRC,KERMAN_6_N001,ALL,1,0,1,130
2022-09-03T12:00:00-00:00,2022-09-03T12:15:00-00:00,2022-09-03,06,KERMAN_6_N001,KERMAN_6_N001,KERMAN_6_N001,RTPD,MGHG,LMP_GHG_PRC,KERMAN_6_N001,ALL,1,0,1,130
2022-09-03T13:00:00-00:00,2022-09-03T13:15:00-00:00,2022-09-03,07,KERMAN_6_N001,KERMAN_6_N001,KERMAN_6_N001,RTPD,MGHG,LMP_GHG_PRC,KERMAN_6_N001,ALL,1,0,1,130
2022-09-03T14:00:00-00:00,2022-09-03T14:15:00-00:00,2022-09-03,08,KERMAN_6_N001,KERMAN_6_N001,KERMAN_6_N001,RTPD,MGHG,LMP_GHG_PRC,KERMAN_6_N001,ALL,1,0,1,130
2022-09-03T15:00:00-00:00,2022-09-03T15:15:00-00:00,2022-09-03,09,KERMAN_6_N001,KERMAN_6_N001,KERMAN_6_N001,RTPD,MGHG,LMP_GHG_PRC,KERMAN_6_N001,ALL,1,0,1,130
2022-09-03T16:00:00-00:00,2022-09-03T16:15:00-00:00,2022-09-03,10,KERMAN_6_N001,KERMAN_6_N001,KERMAN_6_N001,RTPD,MGHG,LMP_GHG_PRC,KERMAN_6_N001,ALL,1,0,1,130
2022-09-03T17:00:00-00:00,2022-09-03T17:15:00-00:00,2022-09-03,11,KERMAN_6_N001,KERMAN_6_N001,KERMAN_6_N001,RTPD,MGHG,LMP_GHG_PRC,KERMAN_6_N001,ALL,1,0,1,130
2022-09-03T18:00:00-00:00,2022-09-03T18:15:00-00:00,2022-09-03,12,KERMAN_6_N001,KERMAN_6_N001,KERMAN_6_N001,RTPD,MGHG,LMP_GHG_PRC,KERMAN_6_N001,ALL,1,0,1,130
2022-09-03T19:00:00-00:00,2022-09-03T19:15:00-00:00,2022-09-03,13,KERMAN_6_N001,KERMAN_6_N001,KERMAN_6_N001,RTPD,MGHG,LMP_GHG_PRC,KERMAN_6_N001,ALL,1,0,1,130
2022-09-03T20:00:00-00:00,2022-09-03T20:15:00-00:00,2022-09-03,14,KERMAN_6_N001,KERMAN_6_N001,KERMAN_6_N001,RTPD,MGHG,LMP_GHG_PRC,KERMAN_6_N001,ALL,1,0,1,130
2022-09-03T21:00:00-00:00,2022-09-03T21:15:00-00:00,2022-09-03,15,KERMAN_6_N001,KERMAN_6_N001,KERMAN_6_N001,RTPD,MGHG,LMP_GHG_PRC,KERMAN_6_N001,ALL,1,0,1,130
2022-09-03T22:00:00-00:00,2022-09-03T22:15:00-00:00,2022-09-03,16,KERMAN_6_N001,KERMAN_6_N001,KERMAN_6_N001,RTPD,MGHG,LMP_GHG_PRC,KERMAN_6_N001,ALL,1,0,1,130
2022-09-03T23:00:00-00:00,2022-09-03T23:15:00-00:00,2022-09-03,17,KERMAN_6_N001,KERMAN_6_N001,KERMAN_6_N001,RTPD,MGHG,LMP_GHG_PRC,KERMAN_6_N001,ALL,1,0,1,130
2022-09-04T00:00:00-00:00,2022-09-04T00:15:00-00:00,2022-09-03,18,KERMAN_6_N001,KERMAN_6_N001,KERMAN_6_N001,RTPD,MGHG,LMP_GHG_PRC,KERMAN_6_N001,ALL,1,0,1,130
2022-09-04T01:00:00-00:00,2022-09-04T01:15:00-00:00,2022-09-03,19,KERMAN_6_N001,KERMAN_6_N001,KERMAN_6_N001,RTPD,MGHG,LMP_GHG_PRC,KERMAN_6_N001,ALL,1,0,1,130
2022-09-04T02:00:00-00:00,2022-09-04T02:15:00-00:00,2022-09-03,20,KERMAN_6_N001,KERMAN_6_N001,KERMAN_6_N001,RTPD,MGHG,LMP_GHG_PRC,KERMAN_6_N001,ALL,1,0,1,130
2022-09-04T03:00:00-00:00,2022-09-04T03:15:00-00:00,2022-09-03,21,KERMAN_6_N001,KERMAN_6_N001,KERMAN_6_N001,RTPD,MGHG,LMP_GHG_PRC,KERMAN_6_N001,ALL,1,0,1,130
2022-09-04T04:00:00-00:00,2022-09-04T04:15:00-00:00,2022-09-03,22,KERMAN_6_N001,KERMAN_6_N001,KERMAN_6_N001,RTPD,MGHG,LMP_GHG_PRC,KERMAN_6_N001,ALL,1,0,1,130
2022-09-04T05:00:00-00:00,2022-09-04T05:15:00-00:00,2022-09-03,23,KERMAN_6_N001,KERMAN_6_N001,KERMAN_6_N001,RTPD,MGHG,LMP_GHG_PRC,KERMAN_6_N001,ALL,1,0,1,130
2022-09-04T06:00:00-00:00,2022-09-04T06:15:00-00:00,2022-09-03,24,KERMAN_6_N001,KERMAN_6_N001,KERMAN_6_N001,RTPD,MGHG,LMP_GHG_PRC,KERMAN_6_N001,ALL,1,0,1,130
2022-09-03T07:15:00-00:00,2022-09-03T07:30:00-00:00,2022-09-03,01,KERMAN_6_N001,KERMAN_6_N001,KERMAN_6_N001,RTPD,MGHG,LMP_GHG_PRC,KERMAN_6_N001,ALL,1,0,2,130
2022-09-03T08:15:00-00:00,2022-09-03T08:30:00-00:00,2022-09-03,02,KERMAN_6_N001,KERMAN_6_N001,KERMAN_6_N001,RTPD,MGHG,LMP_GHG_PRC,KERMAN_6_N001,ALL,1,0,2,130
2022-09-03T09:15:00-00:00,2022-09-03T09:30:00-00:00,2022-09-03,03,KERMAN_6_N001,KERMAN_6_N001,KERMAN_6_N001,RTPD,MGHG,LMP_GHG_PRC,KERMAN_6_N001,ALL,1,0,2,130
2022-09-03T10:15:00-00:00,2022-09-03T10:30:00-00:00,2022-09-03,04,KERMAN_6_N001,KERMAN_6_N001,KERMAN_6_N001,RTPD,MGHG,LMP_GHG_PRC,KERMAN_6_N001,ALL,1,0,2,130
2022-09-03T11:15:00-00:00,2022-09-03T11:30:00-00:00,2022-09-03,05,KERMAN_6_N001,KERMAN_6_N001,KERMAN_6_N001,RTPD,MGHG,LMP_GHG_PRC,KERMAN_6_N001,ALL,1,0,2,130
2022-09-03T12:15:00-00:00,2022-09-03T12:30:00-00:00,2022-09-03,06,KERMAN_6_N001,KERMAN_6_N001,KERMAN_6_N001,RTPD,MGHG,LMP_GHG_PRC,KERMAN_6_N001,ALL,1,0,2,130
2022-09-03T13:15:00-00:00,2022-09-03T13:30:00-00:00,2022-09-03,07,KERMAN_6_N001,KERMAN_6_N001,KERMAN_6_N001,RTPD,MGHG,LMP_GHG_PRC,KERMAN_6_N001,ALL,1,0,2,130
2022-09-03T14:15:00-00:00,2022-09-03T14:30:00-00:00,2022-09-03,08,KERMAN_6_N001,KERMAN_6_N001,KERMAN_6_N001,RTPD,MGHG,LMP_GHG_PRC,KERMAN_6_N001,ALL,1,0,2,130
2022-09-03T15:15:00-00:00,2022-09-03T15:30:00-00:00,2022-09-03,09,KERMAN_6_N001,KERMAN_6_N001,KERMAN_6_N001,RTPD,MGHG,LMP_GHG_PRC,KERMAN_6_N001,ALL,1,0,2,130
2022-09-03T16:15:00-00:00,2022-09-03T16:30:00-00:00,2022-09-03,10,KERMAN_6_N001,KERMAN_6_N001,KERMAN_6_N001,RTPD,MGHG,LMP_GHG_PRC,KERMAN_6_N001,ALL,1,0,2,130
2022-09-03T17:15:00-00:00,2022-09-03T17:30:00-00:00,2022-09-03,11,KERMAN_6_N001,KERMAN_6_N001,KERMAN_6_N001,RTPD,MGHG,LMP_GHG_PRC,KERMAN_6_N001,ALL,1,0,2,130
2022-09-03T18:15:00-00:00,2022-09-03T18:30:00-00:00,2022-09-03,12,KERMAN_6_N001,KERMAN_6_N001,KERMAN_6_N001,RTPD,MGHG,LMP_GHG_PRC,KERMAN_6_N001,ALL,1,0,2,130
2022-09-03T19:15:00-00:00,2022-09-03T19:30:00-00:00,2022-09-03,13,KERMAN_6_N001,KERMAN_6_N001,KERMAN_6_N001,RTPD,MGHG,LMP_GHG_PRC,KERMAN_6_N001,ALL,1,0,2,130
2022-09-03T20:15:00-00:00,2022-09-03T20:30:00-00:00,2022-09-03,14,KERMAN_6_N001,KERMAN_6_N001,KERMAN_6_N001,RTPD,MGHG,LMP_GHG_PRC,KERMAN_6_N001,ALL,1,0,2,130
2022-09-03T21:15:00-00:00,2022-09-03T21:30:00-00:00,2022-09-03,15,KERMAN_6_N001,KERMAN_6_N001,KERMAN_6_N001,RTPD,MGHG,LMP_GHG_PRC,KERMAN_6_N001,ALL,1,0,2,130
2022-09-03T22:15:00-00:00,2022-09-03T22:30:00-00:00,2022-09-03,16,KERMAN_6_N001,KERMAN_6_N001,KERMAN_6_N001,RTPD,MGHG,LMP_GHG_PRC,KERMAN_6_N001,ALL,1,0,2,130
2022-09-03T23:15:00-00:00,2022-09-03T23:30:00-00:00,2022-09-03,17,KERMAN_6_N001,KERMAN_6_N001,KERMAN_6_N001,RTPD,MGHG,LMP_GHG_PRC,KERMAN_6_N001,ALL,1,0,2,130
2022-09-04T00:15:00-00:00,2022-09-04T00:30:00-00:00,2022-09-03,18,KERMAN_6_N001,KERMAN_6_N001,KERMAN_6_N001,RTPD,MGHG,LMP_GHG_PRC,KERMAN_6_N001,ALL,1,0,2,130
2022-09-04T01:15:00-00:00,2022-09-04T01:30:00-00:00,2022-09-03,19,KERMAN_6_N001,KERMAN_6_N001,KERMAN_6_N001,RTPD,MGHG,LMP_GHG_PRC,KERMAN_6_N001,ALL,1,0,2,130
2022-09-04T02:15:00-00:00,2022-09-04T02:30:00-00:00,2022-09-03,20,KERMAN_6_N001,KERMAN_6_N001,KERMAN_6_N001,RTPD,MGHG,LMP_GHG_PRC,KERMAN_6_N001,ALL,1,0,2,130
2022-09-04T03:15:00-00:00,2022-09-04T03:30:00-00:00,2022-09-03,21,KERMAN_6_N001,KERMAN_6_N001,KERMAN_6_N001,RTPD,MGHG,LMP_GHG_PRC,KERMAN_6_N001,ALL,1,0,2,130
2022-09-04T04:15:00-00:00,2022-09-04T04:30:00-00:00,2022-09-03,22,KERMAN_6_N001,KERMAN_6_N001,KERMAN_6_N001,RTPD,MGHG,LMP_GHG_PRC,KERMAN_6_N001,ALL,1,0,2,130
2022-09-04T05:15:00-00:00,2022-09-04T05:30:00-00:00,2022-09-03,23,KERMAN_6_N001,KERMAN_6_N001,KERMAN_6_N001,RTPD,MGHG,LMP_GHG_PRC,KERMAN_6_N001,ALL,1,0,2,130
2022-09-04T06:15:00-00:00,2022-09-04T06:30:00-00:00,2022-09-03,24,KERMAN_6_N001,KERMAN_6_N001,KERMAN_6_N001,RTPD,MGHG,LMP_GHG_PRC,KERMAN_6_N001,ALL,1,0,2,130
2022-09-03T07:30:00-00:00,2022-09-03T07:45:00-00:00,2022-09-03,01,KERMAN_6_N001,KERMAN_6_N001,KERMAN_6_N001,RTPD,MGHG,LMP_GHG_PRC,KERMAN_6_N001,ALL,1,0,3,130
2022-09-03T08:30:00-00:00,2022-09-03T08:45:00-00:00,2022-09-03,02,KERMAN_6_N001,KERMAN_6_N001,KERMAN_6_N001,RTPD,MGHG,LMP_GHG_PRC,KERMAN_6_N001,ALL,1,0,3,130
2022-09-03T09:30:00-00:00,2022-09-03T09:45:00-00:00,2022-09-03,03,KERMAN_6_N001,KERMAN_6_N001,KERMAN_6_N001,RTPD,MGHG,LMP_GHG_PRC,KERMAN_6_N001,ALL,1,0,3,130
2022-09-03T10:30:00-00:00,2022-09-03T10:45:00-00:00,2022-09-03,04,KERMAN_6_N001,KERMAN_6_N001,KERMAN_6_N001,RTPD,MGHG,LMP_GHG_PRC,KERMAN_6_N001,ALL,1,0,3,130
2022-09-03T11:30:00-00:00,2022-09-03T11:45:00-00:00,2022-09-03,05,KERMAN_6_N001,KERMAN_6_N001,KERMAN_6_N001,RTPD,MGHG,LMP_GHG_PRC,KERMAN_6_N001,ALL,1,0,3,130
2022-09-03T12:30:00-00:00,2022-09-03T12:45:00-00:00,2022-09-03,06,KERMAN_6_N001,KERMAN_6_N001,KERMAN_6_N001,RTPD,MGHG,LMP_GHG_PRC,KERMAN_6_N001,ALL,1,0,3,130
2022-09-03T13:30:00-00:00,2022-09-03T13:45:00-00:00,2022-09-03,07,KERMAN_6_N001,KERMAN_6_N001,KERMAN_6_N001,RTPD,MGHG,LMP_GHG_PRC,KERMAN_6_N001,ALL,1,0,3,130
2022-09-03T14:30:00-00:00,2022-09-03T14:45:00-00:00,2022-09-03,08,KERMAN_6_N001,KERMAN_6_N001,KERMAN_6_N001,RTPD,MGHG,LMP_GHG_PRC,KERMAN_6_N001,ALL,1,0,3,130
2022-09-03T15:30:00-00:00,2022-09-03T15:45:00-00:00,2022-09-03,09,KERMAN_6_N001,KERMAN_6_N001,KERMAN_6_N001,RTPD,MGHG,LMP_GHG_PRC,KERMAN_6_N001,ALL,1,0,3,130
2022-09-03T16:30:00-00:00,2022-09-03T16:45:00-00:00,2022-09-03,10,KERMAN_6_N001,KERMAN_6_N001,KERMAN_6_N001,RTPD,MGHG,LMP_GHG_PRC,KERMAN_6_N001,ALL,1,0,3,130
2022-09-03T17:30:00-00:00,2022-09-03T17:45:00-00:00,2022-09-03,11,KERMAN_6_N001,KERMAN_6_N001,KERMAN_6_N001,RTPD,MGHG,LMP_GHG_PRC,KERMAN_6_N001,ALL,1,0,3,130
2022-09-03T18:30:00-00:00,2022-09-03T18:45:00-00:00,2022-09-03,12,KERMAN_6_N001,KERMAN_6_N001,KERMAN_6_N001,RTPD,MGHG,LMP_GHG_PRC,KERMAN_6_N001,ALL,1,0,3,130
2022-09-03T19:30:00-00:00,2022-09-03T19:45:00-00:00,2022-09-03,13,KERMAN_6_N001,KERMAN_6_N001,KERMAN_6_N001,RTPD,MGHG,LMP_GHG_PRC,KERMAN_6_N001,ALL,1,0,3,130
2022-09-03T20:30:00-00:00,2022-09-03T20:45:00-00:00,2022-09-03,14,KERMAN_6_N001,KERMAN_6_N001,KERMAN_6_N001,RTPD,MGHG,LMP_GHG_PRC,KERMAN_6_N001,ALL,1,0,3,130
2022-09-03T21:30:00-00:00,2022-09-03T21:45:00-00:00,2022-09-03,15,KERMAN_6_N001,KERMAN_6_N001,KERMAN_6_N001,RTPD,MGHG,LMP_GHG_PRC,KERMAN_6_N001,ALL,1,0,3,130
2022-09-03T22:30:00-00:00,2022-09-03T22:45:00-00:00,2022-09-03,16,KERMAN_6_N001,KERMAN_6_N001,KERMAN_6_N001,RTPD,MGHG,LMP_GHG_PRC,KERMAN_6_N001,ALL,1,0,3,130
2022-09-03T23:30:00-00:00,2022-09-03T23:45:00-00:00,2022-09-03,17,KERMAN_6_N001,KERMAN_6_N001,KERMAN_6_N001,RTPD,MGHG,LMP_GHG_PRC,KERMAN_6_N001,ALL,1,0,3,130
2022-09-04T00:30:00-00:00,2022-09-04T00:45:00-00:00,2022-09-03,18,KERMAN_6_N001,KERMAN_6_N001,KERMAN_6_N001,RTPD,MGHG,LMP_GHG_PRC,KERMAN_6_N001,ALL,1,0,3,130
2022-09-04T01:30:00-00:00,2022-09-04T01:45:00-00:00,2022-09-03,19,KERMAN_6_N001,KERMAN_6_N001,KERMAN_6_N001,RTPD,MGHG,LMP_GHG_PRC,KERMAN_6_N001,ALL,1,0,3,130
2022-09-04T02:30:00-00:00,2022-09-04T02:45:00-00:00,2022-09-03,20,KERMAN_6_N001,KERMAN_6_N001,KERMAN_6_N001,RTPD,MGHG,LMP_GHG_PRC,KERMAN_6_N001,ALL,1,0,3,130
2022-09-04T03:30:00-00:00,2022-09-04T03:45:00-00:00,2022-09-03,21,KERMAN_6_N001,KERMAN_6_N001,KERMAN_6_N001,RTPD,MGHG,LMP_GHG_PRC,KERMAN_6_N001,ALL,1,0,3,130
2022-09-04T04:30:00-00:00,2022-09-04T04:45:00-00:00,2022-09-03,22,KERMAN_6_N001,KERMAN_6_N001,KERMAN_6_N001,RTPD,MGHG,LMP_GHG_PRC,KERMAN_6_N001,ALL,1,0,3,130
2022-09-04T05:30:00-00:00,2022-09-04T05:45:00-00:00,2022-09-03,23,KERMAN_6_N001,KERMAN_6_N001,KERMAN_6_N001,RTPD,MGHG,LMP_GHG_PRC,KERMAN_6_N001,ALL,1,0,3,130
2022-09-04T06:30:00-00:00,2022-09-04T06:45:00-00:00,2022-09-03,24,KERMAN_6_N001,KERMAN_6_N001,KERMAN_6_N001,RTPD,MGHG,LMP_GHG_PRC,KERMAN_6_N001,ALL,1,0,3,130
2022-09-03T07:45:00-00:00,2022-09-03T08:00:00-00:00,2022-09-03,01,KERMAN_6_N001,KERMAN_6_N001,KERMAN_6_N001,RTPD,MGHG,LMP_GHG_PRC,KERMAN_6_N001,ALL,1,0,4,130
2022-09-03T08:45:00-00:00,2022-09-03T09:00:00-00:00,2022-09-03,02,KERMAN_6_N001,KERMAN_6_N001,KERMAN_6_N001,RTPD,MGHG,LMP_GHG_PRC,KERMAN_6_N001,ALL,1,0,4,130
2022-09-03T09:45:00-00:00,2022-09-03T10:00:00-00:00,2022-09-03,03,KERMAN_6_N001,KERMAN_6_N001,KERMAN_6_N001,RTPD,MGHG,LMP_GHG_PRC,KERMAN_6_N001,ALL,1,0,4,130
2022-09-03T10:45:00-00:00,2022-09-03T11:00:00-00:00,2022-09-03,04,KERMAN_6_N001,KERMAN_6_N001,KERMAN_6_N001,RTPD,MGHG,LMP_GHG_PRC,KERMAN_6_N001,ALL,1,0,4,130
2022-09-03T11:45:00-00:00,2022-09-03T12:00:00-00:00,2022-09-03,05,KERMAN_6_N001,KERMAN_6_N001,KERMAN_6_N001,RTPD,MGHG,LMP_GHG_PRC,KERMAN_6_N001,ALL,1,0,4,130
2022-09-03T12:45:00-00:00,2022-09-03T13:00:00-00:00,2022-09-03,06,KERMAN_6_N001,KERMAN_6_N001,KERMAN_6_N001,RTPD,MGHG,LMP_GHG_PRC,KERMAN_6_N001,ALL,1,0,4,130
2022-09-03T13:45:00-00:00,2022-09-03T14:00:00-00:00,2022-09-03,07,KERMAN_6_N001,KERMAN_6_N001,KERMAN_6_N001,RTPD,MGHG,LMP_GHG_PRC,KERMAN_6_N001,ALL,1,0,4,130
2022-09-03T14:45:00-00:00,2022-09-03T15:00:00-00:00,2022-09-03,08,KERMAN_6_N001,KERMAN_6_N001,KERMAN_6_N001,RTPD,MGHG,LMP_GHG_PRC,KERMAN_6_N001,ALL,1,0,4,130
2022-09-03T15:45:00-00:00,2022-09-03T16:00:00-00:00,2022-09-03,09,KERMAN_6_N001,KERMAN_6_N001,KERMAN_6_N001,RTPD,MGHG,LMP_GHG_PRC,KERMAN_6_N001,ALL,1,0,4,130
2022-09-03T16:45:00-00:00,2022-09-03T17:00:00-00:00,2022-09-03,10,KERMAN_6_N001,KERMAN_6_N001,KERMAN_6_N001,RTPD,MGHG,LMP_GHG_PRC,KERMAN_6_N001,ALL,1,0,4,130
2022-09-03T17:45:00-00:00,2022-09-03T18:00:00-00:00,2022-09-03,11,KERMAN_6_N001,KERMAN_6_N001,KERMAN_6_N001,RTPD,MGHG,LMP_GHG_PRC,KERMAN_6_N001,ALL,1,0,4,130
2022-09-03T18:45:00-00:00,2022-09-03T19:00:00-00:00,2022-09-03,12,KERMAN_6_N001,KERMAN_6_N001,KERMAN_6_N001,RTPD,MGHG,LMP_GHG_PRC,KERMAN_6_N001,ALL,1,0,4,130
2022-09-03T19:45:00-00:00,2022-09-03T20:00:00-00:00,2022-09-03,13,KERMAN_6_N001,KERMAN_6_N001,KERMAN_6_N001,RTPD,MGHG,LMP_GHG_PRC,KERMAN_6_N001,ALL,1,0,4,130
2022-09-03T20:45:00-00:00,2022-09-03T21:00:00-00:00,2022-09-03,14,KERMAN_6_N001,KERMAN_6_N001,KERMAN_6_N001,RTPD,MGHG,LMP_GHG_PRC,KERMAN_6_N001,ALL,1,0,4,130
2022-09-03T21:45:00-00:00,2022-09-03T22:00:00-00:00,2022-09-03,15,KERMAN_6_N001,KERMAN_6_N001,KERMAN_6_N001,RTPD,MGHG,LMP_GHG_PRC,KERMAN_6_N001,ALL,1,0,4,130
2022-09-03T22:45:00-00:00,2022-09-03T23:00:00-00:00,2022-09-03,16,KERMAN_6_N001,KERMAN_6_N001,KERMAN_6_N001,RTPD,MGHG,LMP_GHG_PRC,KERMAN_6_N001,ALL,1,0,4,130
2022-09-03T23:45:00-00:00,2022-09-04T00:00:00-00:00,2022-09-03,17,KERMAN_6_N001,KERMAN_6_N001,KERMAN_6_N001,RTPD,MGHG,LMP_GHG_PRC,KERMAN_6_N001,ALL,1,0,4,130
2022-09-04T00:45:00-00:00,2022-09-04T01:00:00-00:00,2022-09-03,18,KERMAN_6_N001,KERMAN_6_N001,KERMAN_6_N001,RTPD,MGHG,LMP_GHG_PRC,KERMAN_6_N001,ALL,1,0,4,130
2022-09-04T01:45:00-00:00,2022-09-04T02:00:00-00:00,2022-09-03,19,KERMAN_6_N001,KERMAN_6_N001,KERMAN_6_N001,RTPD,MGHG,LMP_GHG_PRC,KERMAN_6_N001,ALL,1,0,4,130
2022-09-04T02:45:00-00:00,2022-09-04T03:00:00-00:00,2022-09-03,20,KERMAN_6_N001,KERMAN_6_N001,KERMAN_6_N001,RTPD,MGHG,LMP_GHG_PRC,KERMAN_6_N001,ALL,1,0,4,130
2022-09-04T03:45:00-00:00,2022-09-04T04:00:00-00:00,2022-09-03,21,KERMAN_6_N001,KERMAN_6_N001,KERMAN_6_N001,RTPD,MGHG,LMP_GHG_PRC,KERMAN_6_N001,ALL,1,0,4,130
2022-09-04T04:45:00-00:00,2022-09-04T05:00:00-00:00,2022-09-03,22,KERMAN_6_N001,KERMAN_6_N001,KERMAN_6_N001,RTPD,MGHG,LMP_GHG_PRC,KERMAN_6_N001,ALL,1,0,4,130
2022-09-04T05:45:00-00:00,2022-09-04T06:00:00-00:00,2022-09-03,23,KERMAN_6_N001,KERMAN_6_N001,KERMAN_6_N001,RTPD,MGHG,LMP_GHG_PRC,KERMAN_6_N001,ALL,1,0,4,130
2022-09-04T06:45:00-00:00,2022-09-04T07:00:00-00:00,2022-09-03,24,KERMAN_6_N001,KERMAN_6_N001,KERMAN_6_N001,RTPD,MGHG,LMP_GHG_PRC,KERMAN_6_N001,ALL,1,0,4,130
2022-09-03T07:00:00-00:00,2022-09-03T07:15:00-00:00,2022-09-03,01,KERMAN_6_N002,KERMAN_6_N002,KERMAN_6_N002,RTPD,LMP,LMP_PRC,KERMAN_6_N002,ALL,1,95.66944,1,131
2022-09-03T08:00:00-00:00,2022-09-03T08:15:00-00:00,2022-09-03,02,KERMAN_6_N002,KERMAN_6_N002,KERMAN_6_N002,RTPD,LMP,LMP_PRC,KERMAN_6_N002,ALL,1,87.42185,1,131
2022-09-03T09:00:00-00:00,2022-09-03T09:15:00-00:00,2022-09-03,03,KERMAN_6_N002,KERMAN_6_N002,KERMAN_6_N002,RTPD,LMP,LMP_PRC,KERMAN_6_N002,ALL,1,116.57076,1,131
2022-09-03T10:00:00-00:00,2022-09-03T10:15:00-00:00,2022-09-03,04,KERMAN_6_N002,KERMAN_6_N002,KERMAN_6_N002,RTPD,LMP,LMP_PRC,KERMAN_6_N002,ALL,1,67.47233,1,131
2022-09-03T11:00:00-00:00,2022-09-03T11:15:00-00:00,2022-09-03,05,KERMAN_6_N002,KERMAN_6_N002,KERMAN_6_N002,RTPD,LMP,LMP_PRC,KERMAN_6_N002,ALL,1,90.63489,1,131
2022-09-03T12:00:00-00:00,2022-09-03T12:15:00-00:00,2022-09-03,06,KERMAN_6_N002,KERMAN_6_N002,KERMAN_6_N002,RTPD,LMP,LMP_PRC,KERMAN_6_N002,ALL,1,67.74603,1,131
2022-09-03T13:00:00-00:00,2022-09-03T13:15:00-00:00,2022-09-03,07,KERMAN_6_N002,KERMAN_6_N002,KERMAN_6_N002,RTPD,LMP,LMP_PRC,KERMAN_6_N002,ALL,1,83.68378,1,131
2022-09-03T14:00:00-00:00,2022-09-03T14:15:00-00:00,2022-09-03,08,KERMAN_6_N002,KERMAN_6_N002,KERMAN_6_N002,RTPD,LMP,LMP_PRC,KERMAN_6_N002,ALL,1,81.93317,1,131
2022-09-03T15:00:00-00:00,2022-09-03T15:15:00-00:00,2022-09-03,09,KERMAN_6_N002,KERMAN_6_N002,KERMAN_6_N002,RTPD,LMP,LMP_PRC,KERMAN_6_N002,ALL,1,27.76937,1,131
2022-09-03T16:00:00-00:00,2022-09-03T16:15:00-00:00,2022-09-03,10,KERMAN_6_N002,KERMAN_6_N002,KERMAN_6_N002,RTPD,LMP,LMP_PRC,KERMAN_6_N002,ALL,1,29.87074,1,131
2022-09-03T17:00:00-00:00,2022-09-03T17:15:00-00:00,2022-09-03,11,KERMAN_6_N002,KERMAN_6_N002,KERMAN_6_N002,RTPD,LMP,LMP_PRC,KERMAN_6_N002,ALL,1,53.62761,1,131
2022-09-03T18:00:00-00:00,2022-09-03T18:15:00-00:00,2022-09-03,12,KERMAN_6_N002,KERMAN_6_N002,KERMAN_6_N002,RTPD,LMP,LMP_PRC,KERMAN_6_N002,ALL,1,60.75031,1,131
2022-09-03T19:00:00-00:00,2022-09-03T19:15:00-00:00,2022-09-03,13,KERMAN_6_N002,KERMAN_6_N002,KERMAN_6_N002,RTPD,LMP,LMP_PRC,KERMAN_6_N002,ALL,1,3.05547,1,131
2022-09-03T20:00:00-00:00,2022-09-03T20:15:00-00:00,2022-09-03,14,KERMAN_6_N002,KERMAN_6_N002,KERMAN_6_N002,RTPD,LMP,LMP_PRC,KERMAN_6_N002,ALL,1,66.62798,1,131
2022-09-03T21:00:00-00:00,2022-09-03T21:15:00-00:00,2022-09-03,15,KERMAN_6_N002,KERMAN_6_N002,KERMAN_6_N002,RTPD,LMP,LMP_PRC,KERMAN_6_N002,ALL,1,70.73497,1,131
2022-09-03T22:00:00-00:00,2022-09-03T22:15:00-00:00,2022-09-03,16,KERMAN_6_N002,KERMAN_6_N002,KERMAN_6_N002,RTPD,LMP,LMP_PRC,KERMAN_6_N002,ALL,1,106.63896,1,131
2022-09-03T23:00:00-00:00,2022-09-03T23:15:00-00:00,2022-09-03,17,KERMAN_6_N002,KERMAN_6_N002,KERMAN_6_N002,RTPD,LMP,LMP_PRC,KERMAN_6_N002,ALL,1,65.55546,1,131
2022-09-04T00:00:00-00:00,2022-09-04T00:15:00-00:00,2022-09-03,18,KERMAN_6_N002,KERMAN_6_N002,KERMAN_6_N002,RTPD,LMP,LMP_PRC,KERMAN_6_N002,ALL,1,73.99806,1,131
2022-09-04T01:00:00-00:00,2022-09-04T01:15:00-00:00,2022-09-03,19,KERMAN_6_N002,KERMAN_6_N002,KERMAN_6_N002,RTPD,LMP,LMP_PRC,KERMAN_6_N002,ALL,1,95.2552,1,131
2022-09-04T02:00:00-00:00,2022-09-04T02:15:00-00:00,2022-09-03,20,KERMAN_6_N002,KERMAN_6_N002,KERMAN_6_N002,RTPD,LMP,LMP_PRC,KERMAN_6_N002,ALL,1,117.55572,1,131
2022-09-04T03:00:00-00:00,2022-09-04T03:15:00-00:00,2022-09-03,21,KERMAN_6_N002,KERMAN_6_N002,KERMAN_6_N002,RTPD,LMP,LMP_PRC,KERMAN_6_N002,ALL,1,132.4714,1,131
2022-09-04T04:00:00-00:00,2022-09-04T04:15:00-00:00,2022-09-03,22,KERMAN_6_N002,KERMAN_6_N002,KERMAN_6_N002,RTPD,LMP,LMP_PRC,KERMAN_6_N002,ALL,1,134.59581,1,131
2022-09-04T05:00:00-00:00,2022-09-04T05:15:00-00:00,2022-09-03,23,KERMAN_6_N002,KERMAN_6_N002,KERMAN_6_N002,RTPD,LMP,LMP_PRC,KERMAN_6_N002,ALL,1,99.97207,1,131
2022-09-04T06:00:00-00:00,2022-09-04T06:15:00-00:00,2022-09-03,24,KERMAN_6_N002,KERMAN_6_N002,KERMAN_6_N002,RTPD,LMP,LMP_PRC,KERMAN_6_N002,ALL,1,111.27545,1,131
2022-09-03T07:15:00-00:00,2022-09-03T07:30:00-00:00,2022-09-03,01,KERMAN_6_N002,KERMAN_6_N002,KERMAN_6_N002,RTPD,LMP,LMP_PRC,KERMAN_6_N002,ALL,1,87.97049,2,131
2022-09-03T08:15:00-00:00,2022-09-03T08:30:00-00:00,2022-09-03,02,KERMAN_6_N002,KERMAN_6_N002,KERMAN_6_N002,RTPD,LMP,LMP_PRC,KERMAN_6_N002,ALL,1,113.54176,2,131
2022-09-03T09:15:00-00:00,2022-09-03T09:30:00-00:00,2022-09-03,03,KERMAN_6_N002,KERMAN_6_N002,KERMAN_6_N002,RTPD,LMP,LMP_PRC,KERMAN_6_N002,ALL,1,70.66206,2,131
2022-09-03T10:15:00-00:00,2022-09-03T10:30:00-00:00,2022-09-03,04,KERMAN_6_N002,KERMAN_6_N002,KERMAN_6_N002,RTPD,LMP,LMP_PRC,KERMAN_6_N002,ALL,1,63.77099,2,131
2022-09-03T11:15:00-00:00,2022-09-03T11:30:00-00:00,2022-09-03,05,KERMAN_6_N002,KERMAN_6_N002,KERMAN_6_N002,RTPD,LMP,LMP_PRC,KERMAN_6_N002,ALL,1,66.48405,2,131
2022-09-03T12:15:00-00:00,2022-09-03T12:30:00-00:00,2022-09-03,06,KERMAN_6_N002,KERMAN_6_N002,KERMAN_6_N002,RTPD,LMP,LMP_PRC,KERMAN_6_N002,ALL,1,65.6734,2,131
2022-09-03T13:15:00-00:00,2022-09-03T13:30:00-00:00,2022-09-03,07,KERMAN_6_N002,KERMAN_6_N002,KERMAN_6_N002,RTPD,LMP,LMP_PRC,KERMAN_6_N002,ALL,1,82.4146,2,131
2022-09-03T14:15:00-00:00,2022-09-03T14:30:00-00:00,2022-09-03,08,KERMAN_6_N002,KERMAN_6_N002,KERMAN_6_N002,RTPD,LMP,LMP_PRC,KERMAN_6_N002,ALL,1,92.10134,2,131
2022-09-03T15:15:00-00:00,2022-09-03T15:30:00-00:00,2022-09-03,09,KERMAN_6_N002,KERMAN_6_N002,KERMAN_6_N002,RTPD,LMP,LMP_PRC,KERMAN_6_N002,ALL,1,27.38896,2,131
2022-09-03T16:15:00-00:00,2022-09-03T16:30:00-00:00,2022-09-03,10,KERMAN_6_N002,KERMAN_6_N002,KERMAN_6_N002,RTPD,LMP,LMP_PRC,KERMAN_6_N002,ALL,1,29.53538,2,131
2022-09-03T17:15:00-00:00,2022-09-03T17:30:00-00:00,2022-09-03,11,KERMAN_6_N002,KERMAN_6_N002,KERMAN_6_N002,RTPD,LMP,LMP_PRC,KERMAN_6_N002,ALL,1,65.12386,2,131
2022-09-03T18:15:00-00:00,2022-09-03T18:30:00-00:00,2022-09-03,12,KERMAN_6_N002,KERMAN_6_N002,KERMAN_6_N002,RTPD,LMP,LMP_PRC,KERMAN_6_N002,ALL,1,68.71448,2,131
2022-09-03T19:15:00-00:00,2022-09-03T19:30:00-00:00,2022-09-03,13,KERMAN_6_N002,KERMAN_6_N002,KERMAN_6_N002,RTPD,LMP,LMP_PRC,KERMAN_6_N002,ALL,1,4.9235,2,131
2022-09-03T20:15:00-00:00,2022-09-03T20:30:00-00:00,2022-09-03,14,KERMAN_6_N002,KERMAN_6_N002,KERMAN_6_N002,RTPD,LMP,LMP_PRC,KERMAN_6_N002,ALL,1,73.65043,2,131
2022-09-03T21:15:00-00:00,2022-09-03T21:30:00-00:00,2022-09-03,15,KERMAN_6_N002,KERMAN_6_N002,KERMAN_6_N002,RTPD,LMP,LMP_PRC,KERMAN_6_N002,ALL,1,93.56995,2,131
2022-09-03T22:15:00-00:00,2022-09-03T22:30:00-00:00,2022-09-03,16,KERMAN_6_N002,KERMAN_6_N002,KERMAN_6_N002,RTPD,LMP,LMP_PRC,KERMAN_6_N002,ALL,1,108.49883,2,131
2022-09-03T23:15:00-00:00,2022-09-03T23:30:00-00:00,2022-09-03,17,KERMAN_6_N002,KERMAN_6_N002,KERMAN_6_N002,RTPD,LMP,LMP_PRC,KERMAN_6_N002,ALL,1,68.44395,2,131
2022-09-04T00:15:00-00:00,2022-09-04T00:30:00-00:00,2022-09-03,18,KERMAN_6_N002,KERMAN_6_N002,KERMAN_6_N002,RTPD,LMP,LMP_PRC,KERMAN_6_N002,ALL,1,127.97366,2,131
2022-09-04T01:15:00-00:00,2022-09-04T01:30:00-00:00,2022-09-03,19,KERMAN_6_N002,KERMAN_6_N002,KERMAN_6_N002,RTPD,LMP,LMP_PRC,KERMAN_6_N002,ALL,1,175.42084,2,131
2022-09-04T02:15:00-00:00,2022-09-04T02:30:00-00:00,2022-09-03,20,KERMAN_6_N002,KERMAN_6_N002,KERMAN_6_N002,RTPD,LMP,LMP_PRC,KERMAN_6_N002,ALL,1,136.78204,2,131
2022-09-04T03:15:00-00:00,2022-09-04T03:30:00-00:00,2022-09-03,21,KERMAN_6_N002,KERMAN_6_N002,KERMAN_6_N002,RTPD,LMP,LMP_PRC,KERMAN_6_N002,ALL,1,121.49864,2,131
2022-09-04T04:15:00-00:00,2022-09-04T04:30:00-00:00,2022-09-03,22,KERMAN_6_N002,KERMAN_6_N002,KERMAN_6_N002,RTPD,LMP,LMP_PRC,KERMAN_6_N002,ALL,1,133.33998,2,131
2022-09-04T05:15:00-00:00,2022-09-04T05:30:00-00:00,2022-09-03,23,KERMAN_6_N002,KERMAN_6_N002,KERMAN_6_N002,RTPD,LMP,LMP_PRC,KERMAN_6_N002,ALL,1,96.58135,2,131
2022-09-04T06:15:00-00:00,2022-09-04T06:30:00-00:00,2022-09-03,24,KERMAN_6_N002,KERMAN_6_N002,KERMAN_6_N002,RTPD,LMP,LMP_PRC,KERMAN_6_N002,ALL,1,97.88656,2,131
2022-09-03T07:30:00-00:00,2022-09-03T07:45:00-00:00,2022-09-03,01,KERMAN_6_N002,KERMAN_6_N002,KERMAN_6_N002,RTPD,LMP,LMP_PRC,KERMAN_6_N002,ALL,1,86.74828,3,131
2022-09-03T08:30:00-00:00,2022-09-03T08:45:00-00:00,2022-09-03,02,KERMAN_6_N002,KERMAN_6_N002,KERMAN_6_N002,RTPD,LMP,LMP_PRC,KERMAN_6_N002,ALL,1,111.99906,3,131
2022-09-03T09:30:00-00:00,2022-09-03T09:45:00-00:00,2022-09-03,03,KERMAN_6_N002,KERMAN_6_N002,KERMAN_6_N002,RTPD,LMP,LMP_PRC,KERMAN_6_N002,ALL,1,63.55375,3,131
2022-09-03T10:30:00-00:00,2022-09-03T10:45:00-00:00,2022-09-03,04,KERMAN_6_N002,KERMAN_6_N002,KERMAN_6_N002,RTPD,LMP,LMP_PRC,KERMAN_6_N002,ALL,1,62.95171,3,131
2022-09-03T11:30:00-00:00,2022-09-03T11:45:00-00:00,2022-09-03,05,KERMAN_6_N002,KERMAN_6_N002,KERMAN_6_N002,RTPD,LMP,LMP_PRC,KERMAN_6_N002,ALL,1,114.33797,3,131
2022-09-03T12:30:00-00:00,2022-09-03T12:45:00-00:00,2022-09-03,06,KERMAN_6_N002,KERMAN_6_N002,KERMAN_6_N002,RTPD,LMP,LMP_PRC,KERMAN_6_N002,ALL,1,65.84948,3,131
2022-09-03T13:30:00-00:00,2022-09-03T13:45:00-00:00,2022-09-03,07,KERMAN_6_N002,KERMAN_6_N002,KERMAN_6_N002,RTPD,LMP,LMP_PRC,KERMAN_6_N002,ALL,1,81.00685,3,131
2022-09-03T14:30:00-00:00,2022-09-03T14:45:00-00:00,2022-09-03,08,KERMAN_6_N002,KERMAN_6_N002,KERMAN_6_N002,RTPD,LMP,LMP_PRC,KERMAN_6_N002,ALL,1,67.85706,3,131
2022-09-03T15:30:00-00:00,2022-09-03T15:45:00-00:00,2022-09-03,09,KERMAN_6_N002,KERMAN_6_N002,KERMAN_6_N002,RTPD,LMP,LMP_PRC,KERMAN_6_N002,ALL,1,26.27283,3,131
2022-09-03T16:30:00-00:00,2022-09-03T16:45:00-00:00,2022-09-03,10,KERMAN_6_N002,KERMAN_6_N002,KERMAN_6_N002,RTPD,LMP,LMP_PRC,KERMAN_6_N002,ALL,1,28.58217,3,131
2022-09-03T17:30:00-00:00,2022-09-03T17:45:00-00:00,2022-09-03,11,KERMAN_6_N002,KERMAN_6_N002,KERMAN_6_N002,RTPD,LMP,LMP_PRC,KERMAN_6_N002,ALL,1,66.05984,3,131
2022-09-03T18:30:00-00:00,2022-09-03T18:45:00-00:00,2022-09-03,12,KERMAN_6_N002,KERMAN_6_N002,KERMAN_6_N002,RTPD,LMP,LMP_PRC,KERMAN_6_N002,ALL,1,70.28525,3,131
2022-09-03T19:30:00-00:00,2022-09-03T19:45:00-00:00,2022-09-03,13,KERMAN_6_N002,KERMAN_6_N002,KERMAN_6_N002,RTPD,LMP,LMP_PRC,KERMAN_6_N002,ALL,1,-0.38465,3,131
2022-09-03T20:30:00-00:00,2022-09-03T20:45:00-00:00,2022-09-03,14,KERMAN_6_N002,KERMAN_6_N002,KERMAN_6_N002,RTPD,LMP,LMP_PRC,KERMAN_6_N002,ALL,1,82.81737,3,131
2022-09-03T21:30:00-00:00,2022-09-03T21:45:00-00:00,2022-09-03,15,KERMAN_6_N002,KERMAN_6_N002,KERMAN_6_N002,RTPD,LMP,LMP_PRC,KERMAN_6_N002,ALL,1,95.98557,3,131
2022-09-03T22:30:00-00:00,2022-09-03T22:45:00-00:00,2022-09-03,16,KERMAN_6_N002,KERMAN_6_N002,KERMAN_6_N002,RTPD,LMP,LMP_PRC,KERMAN_6_N002,ALL,1,91.34026,3,131
2022-09-03T23:30:00-00:00,2022-09-03T23:45:00-00:00,2022-09-03,17,KERMAN_6_N002,KERMAN_6_N002,KERMAN_6_N002,RTPD,LMP,LMP_PRC,KERMAN_6_N002,ALL,1,73.95212,3,131
2022-09-04T00:30:00-00:00,2022-09-04T00:45:00-00:00,2022-09-03,18,KERMAN_6_N002,KERMAN_6_N002,KERMAN_6_N002,RTPD,LMP,LMP_PRC,KERMAN_6_N002,ALL,1,105.58671,3,131
2022-09-04T01:30:00-00:00,2022-09-04T01:45:00-00:00,2022-09-03,19,KERMAN_6_N002,KERMAN_6_N002,KERMAN_6_N002,RTPD,LMP,LMP_PRC,KERMAN_6_N002,ALL,1,179.44482,3,131
2022-09-04T02:30:00-00:00,2022-09-04T02:45:00-00:00,2022-09-03,20,KERMAN_6_N002,KERMAN_6_N002,KERMAN_6_N002,RTPD,LMP,LMP_PRC,KERMAN_6_N002,ALL,1,132.17517,3,131
2022-09-04T03:30:00-00:00,2022-09-04T03:45:00-00:00,2022-09-03,21,KERMAN_6_N002,KERMAN_6_N002,KERMAN_6_N002,RTPD,LMP,LMP_PRC,KERMAN_6_N002,ALL,1,119.11156,3,131
2022-09-04T04:30:00-00:00,2022-09-04T04:45:00-00:00,2022-09-03,22,KERMAN_6_N002,KERMAN_6_N002,KERMAN_6_N002,RTPD,LMP,LMP_PRC,KERMAN_6_N002,ALL,1,132.86208,3,131
2022-09-04T05:30:00-00:00,2022-09-04T05:45:00-00:00,2022-09-03,23,KERMAN_6_N002,KERMAN_6_N002,KERMAN_6_N002,RTPD,LMP,LMP_PRC,KERMAN_6_N002,ALL,1,87.25534,3,131
2022-09-04T06:30:00-00:00,2022-09-04T06:45:00-00:00,2022-09-03,24,KERMAN_6_N002,KERMAN_6_N002,KERMAN_6_N002,RTPD,LMP,LMP_PRC,KERMAN_6_N002,ALL,1,87.01681,3,131
2022-09-03T07:45:00-00:00,2022-09-03T08:00:00-00:00,2022-09-03,01,KERMAN_6_N002,KERMAN_6_N002,KERMAN_6_N002,RTPD,LMP,LMP_PRC,KERMAN_6_N002,ALL,1,73.05125,4,131
2022-09-03T08:45:00-00:00,2022-09-03T09:00:00-00:00,2022-09-03,02,KERMAN_6_N002,KERMAN_6_N002,KERMAN_6_N002,RTPD,LMP,LMP_PRC,KERMAN_6_N002,ALL,1,118.64752,4,131
2022-09-03T09:45:00-00:00,2022-09-03T10:00:00-00:00,2022-09-03,03,KERMAN_6_N002,KERMAN_6_N002,KERMAN_6_N002,RTPD,LMP,LMP_PRC,KERMAN_6_N002,ALL,1,71.09935,4,131
2022-09-03T10:45:00-00:00,2022-09-03T11:00:00-00:00,2022-09-03,04,KERMAN_6_N002,KERMAN_6_N002,KERMAN_6_N002,RTPD,LMP,LMP_PRC,KERMAN_6_N002,ALL,1,257.45108,4,131
2022-09-03T11:45:00-00:00,2022-09-03T12:00:00-00:00,2022-09-03,05,KERMAN_6_N002,KERMAN_6_N002,KERMAN_6_N002,RTPD,LMP,LMP_PRC,KERMAN_6_N002,ALL,1,79.08292,4,131
2022-09-03T12:45:00-00:00,2022-09-03T13:00:00-00:00,2022-09-03,06,KERMAN_6_N002,KERMAN_6_N002,KERMAN_6_N002,RTPD,LMP,LMP_PRC,KERMAN_6_N002,ALL,1,67.39378,4,131
2022-09-03T13:45:00-00:00,2022-09-03T14:00:00-00:00,2022-09-03,07,KERMAN_6_N002,KERMAN_6_N002,KERMAN_6_N002,RTPD,LMP,LMP_PRC,KERMAN_6_N002,ALL,1,80.75371,4,131
2022-09-03T14:45:00-00:00,2022-09-03T15:00:00-00:00,2022-09-03,08,KERMAN_6_N002,KERMAN_6_N002,KERMAN_6_N002,RTPD,LMP,LMP_PRC,KERMAN_6_N002,ALL,1,21.2499,4,131
2022-09-03T15:45:00-00:00,2022-09-03T16:00:00-00:00,2022-09-03,09,KERMAN_6_N002,KERMAN_6_N002,KERMAN_6_N002,RTPD,LMP,LMP_PRC,KERMAN_6_N002,ALL,1,24.58803,4,131
2022-09-03T16:45:00-00:00,2022-09-03T17:00:00-00:00,2022-09-03,10,KERMAN_6_N002,KERMAN_6_N002,KERMAN_6_N002,RTPD,LMP,LMP_PRC,KERMAN_6_N002,ALL,1,48.38583,4,131
2022-09-03T17:45:00-00:00,2022-09-03T18:00:00-00:00,2022-09-03,11,KERMAN_6_N002,KERMAN_6_N002,KERMAN_6_N002,RTPD,LMP,LMP_PRC,KERMAN_6_N002,ALL,1,70.35889,4,131
2022-09-03T18:45:00-00:00,2022-09-03T19:00:00-00:00,2022-09-03,12,KERMAN_6_N002,KERMAN_6_N002,KERMAN_6_N002,RTPD,LMP,LMP_PRC,KERMAN_6_N002,ALL,1,64.45007,4,131
2022-09-03T19:45:00-00:00,2022-09-03T20:00:00-00:00,2022-09-03,13,KERMAN_6_N002,KERMAN_6_N002,KERMAN_6_N002,RTPD,LMP,LMP_PRC,KERMAN_6_N002,ALL,1,0.05292,4,131
2022-09-03T20:45:00-00:00,2022-09-03T21:00:00-00:00,2022-09-03,14,KERMAN_6_N002,KERMAN_6_N002,KERMAN_6_N002,RTPD,LMP,LMP_PRC,KERMAN_6_N002,ALL,1,83.81777,4,131
2022-09-03T21:45:00-00:00,2022-09-03T22:00:00-00:00,2022-09-03,15,KERMAN_6_N002,KERMAN_6_N002,KERMAN_6_N002,RTPD,LMP,LMP_PRC,KERMAN_6_N002,ALL,1,112.32466,4,131
2022-09-03T22:45:00-00:00,2022-09-03T23:00:00-00:00,2022-09-03,16,KERMAN_6_N002,KERMAN_6_N002,KERMAN_6_N002,RTPD,LMP,LMP_PRC,KERMAN_6_N002,ALL,1,124.73927,4,131
2022-09-03T23:45:00-00:00,2022-09-04T00:00:00-00:00,2022-09-03,17,KERMAN_6_N002,KERMAN_6_N002,KERMAN_6_N002,RTPD,LMP,LMP_PRC,KERMAN_6_N002,ALL,1,134.19489,4,131
2022-09-04T00:45:00-00:00,2022-09-04T01:00:00-00:00,2022-09-03,18,KERMAN_6_N002,KERMAN_6_N002,KERMAN_6_N002,RTPD,LMP,LMP_PRC,KERMAN_6_N002,ALL,1,65.59984,4,131
2022-09-04T01:45:00-00:00,2022-09-04T02:00:00-00:00,2022-09-03,19,KERMAN_6_N002,KERMAN_6_N002,KERMAN_6_N002,RTPD,LMP,LMP_PRC,KERMAN_6_N002,ALL,1,444.37173,4,131
2022-09-04T02:45:00-00:00,2022-09-04T03:00:00-00:00,2022-09-03,20,KERMAN_6_N002,KERMAN_6_N002,KERMAN_6_N002,RTPD,LMP,LMP_PRC,KERMAN_6_N002,ALL,1,133.84254,4,131
2022-09-04T03:45:00-00:00,2022-09-04T04:00:00-00:00,2022-09-03,21,KERMAN_6_N002,KERMAN_6_N002,KERMAN_6_N002,RTPD,LMP,LMP_PRC,KERMAN_6_N002,ALL,1,82.6436,4,131
2022-09-04T04:45:00-00:00,2022-09-04T05:00:00-00:00,2022-09-03,22,KERMAN_6_N002,KERMAN_6_N002,KERMAN_6_N002,RTPD,LMP,LMP_PRC,KERMAN_6_N002,ALL,1,132.55641,4,131
2022-09-04T05:45:00-00:00,2022-09-04T06:00:00-00:00,2022-09-03,23,KERMAN_6_N002,KERMAN_6_N002,KERMAN_6_N002,RTPD,LMP,LMP_PRC,KERMAN_6_N002,ALL,1,79.07645,4,131
2022-09-04T06:45:00-00:00,2022-09-04T07:00:00-00:00,2022-09-03,24,KERMAN_6_N002,KERMAN_6_N002,KERMAN_6_N002,RTPD,LMP,LMP_PRC,KERMAN_6_N002,ALL,1,76.22676,4,131
2022-09-03T07:00:00-00:00,2022-09-03T07:15:00-00:00,2022-09-03,01,KERMAN_6_N002,KERMAN_6_N002,KERMAN_6_N002,RTPD,MCC,LMP_CONG_PRC,KERMAN_6_N002,ALL,1,-11.49534,1,132
2022-09-03T08:00:00-00:00,2022-09-03T08:15:00-00:00,2022-09-03,02,KERMAN_6_N002,KERMAN_6_N002,KERMAN_6_N002,RTPD,MCC,LMP_CONG_PRC,KERMAN_6_N002,ALL,1,0.13851,1,132
2022-09-03T09:00:00-00:00,2022-09-03T09:15:00-00:00,2022-09-03,03,KERMAN_6_N002,KERMAN_6_N002,KERMAN_6_N002,RTPD,MCC,LMP_CONG_PRC,KERMAN_6_N002,ALL,1,32.90721,1,132
2022-09-03T10:00:00-00:00,2022-09-03T10:15:00-00:00,2022-09-03,04,KERMAN_6_N002,KERMAN_6_N002,KERMAN_6_N002,RTPD,MCC,LMP_CONG_PRC,KERMAN_6_N002,ALL,1,-10.54675,1,132
2022-09-03T11:00:00-00:00,2022-09-03T11:15:00-00:00,2022-09-03,05,KERMAN_6_N002,KERMAN_6_N002,KERMAN_6_N002,RTPD,MCC,LMP_CONG_PRC,KERMAN_6_N002,ALL,1,15.61782,1,132
2022-09-03T12:00:00-00:00,2022-09-03T12:15:00-00:00,2022-09-03,06,KERMAN_6_N002,KERMAN_6_N002,KERMAN_6_N002,RTPD,MCC,LMP_CONG_PRC,KERMAN_6_N002,ALL,1,-2.04128,1,132
2022-09-03T13:00:00-00:00,2022-09-03T13:15:00-00:00,2022-09-03,07,KERMAN_6_N002,KERMAN_6_N002,KERMAN_6_N002,RTPD,MCC,LMP_CONG_PRC,KERMAN_6_N002,ALL,1,23.2415,1,132
2022-09-03T14:00:00-00:00,2022-09-03T14:15:00-00:00,2022-09-03,08,KERMAN_6_N002,KERMAN_6_N002,KERMAN_6_N002,RTPD,MCC,LMP_CONG_PRC,KERMAN_6_N002,ALL,1,40.87743,1,132
2022-09-03T15:00:00-00:00,2022-09-03T15:15:00-00:00,2022-09-03,09,KERMAN_6_N002,KERMAN_6_N002,KERMAN_6_N002,RTPD,MCC,LMP_CONG_PRC,KERMAN_6_N002,ALL,1,0,1,132
2022-09-03T16:00:00-00:00,2022-09-03T16:15:00-00:00,2022-09-03,10,KERMAN_6_N002,KERMAN_6_N002,KERMAN_6_N002,RTPD,MCC,LMP_CONG_PRC,KERMAN_6_N002,ALL,1,0,1,132
2022-09-03T17:00:00-00:00,2022-09-03T17:15:00-00:00,2022-09-03,11,KERMAN_6_N002,KERMAN_6_N002,KERMAN_6_N002,RTPD,MCC,LMP_CONG_PRC,KERMAN_6_N002,ALL,1,0,1,132
2022-09-03T18:00:00-00:00,2022-09-03T18:15:00-00:00,2022-09-03,12,KERMAN_6_N002,KERMAN_6_N002,KERMAN_6_N002,RTPD,MCC,LMP_CONG_PRC,KERMAN_6_N002,ALL,1,-7.43682,1,132
2022-09-03T19:00:00-00:00,2022-09-03T19:15:00-00:00,2022-09-03,13,KERMAN_6_N002,KERMAN_6_N002,KERMAN_6_N002,RTPD,MCC,LMP_CONG_PRC,KERMAN_6_N002,ALL,1,-47.59344,1,132
2022-09-03T20:00:00-00:00,2022-09-03T20:15:00-00:00,2022-09-03,14,KERMAN_6_N002,KERMAN_6_N002,KERMAN_6_N002,RTPD,MCC,LMP_CONG_PRC,KERMAN_6_N002,ALL,1,3.40983,1,132
2022-09-03T21:00:00-00:00,2022-09-03T21:15:00-00:00,2022-09-03,15,KERMAN_6_N002,KERMAN_6_N002,KERMAN_6_N002,RTPD,MCC,LMP_CONG_PRC,KERMAN_6_N002,ALL,1,21.02813,1,132
2022-09-03T22:00:00-00:00,2022-09-03T22:15:00-00:00,2022-09-03,16,KERMAN_6_N002,KERMAN_6_N002,KERMAN_6_N002,RTPD,MCC,LMP_CONG_PRC,KERMAN_6_N002,ALL,1,49.24186,1,132
2022-09-03T23:00:00-00:00,2022-09-03T23:15:00-00:00,2022-09-03,17,KERMAN_6_N002,KERMAN_6_N002,KERMAN_6_N002,RTPD,MCC,LMP_CONG_PRC,KERMAN_6_N002,ALL,1,-10.1519,1,132
2022-09-04T00:00:00-00:00,2022-09-04T00:15:00-00:00,2022-09-03,18,KERMAN_6_N002,KERMAN_6_N002,KERMAN_6_N002,RTPD,MCC,LMP_CONG_PRC,KERMAN_6_N002,ALL,1,-21.8273,1,132
2022-09-04T01:00:00-00:00,2022-09-04T01:15:00-00:00,2022-09-03,19,KERMAN_6_N002,KERMAN_6_N002,KERMAN_6_N002,RTPD,MCC,LMP_CONG_PRC,KERMAN_6_N002,ALL,1,-75.32469,1,132
2022-09-04T02:00:00-00:00,2022-09-04T02:15:00-00:00,2022-09-03,20,KERMAN_6_N002,KERMAN_6_N002,KERMAN_6_N002,RTPD,MCC,LMP_CONG_PRC,KERMAN_6_N002,ALL,1,-9.22911,1,132
2022-09-04T03:00:00-00:00,2022-09-04T03:15:00-00:00,2022-09-03,21,KERMAN_6_N002,KERMAN_6_N002,KERMAN_6_N002,RTPD,MCC,LMP_CONG_PRC,KERMAN_6_N002,ALL,1,3.64634,1,132
2022-09-04T04:00:00-00:00,2022-09-04T04:15:00-00:00,2022-09-03,22,KERMAN_6_N002,KERMAN_6_N002,KERMAN_6_N002,RTPD,MCC,LMP_CONG_PRC,KERMAN_6_N002,ALL,1,8.67898,1,132
2022-09-04T05:00:00-00:00,2022-09-04T05:15:00-00:00,2022-09-03,23,KERMAN_6_N002,KERMAN_6_N002,KERMAN_6_N002,RTPD,MCC,LMP_CONG_PRC,KERMAN_6_N002,ALL,1,-43.37981,1,132
2022-09-04T06:00:00-00:00,2022-09-04T06:15:00-00:00,2022-09-03,24,KERMAN_6_N002,KERMAN_6_N002,KERMAN_6_N002,RTPD,MCC,LMP_CONG_PRC,KERMAN_6_N002,ALL,1,-6.39636,1,132
2022-09-03T07:15:00-00:00,2022-09-03T07:30:00-00:00,2022-09-03,01,KERMAN_6_N002,KERMAN_6_N002,KERMAN_6_N002,RTPD,MCC,LMP_CONG_PRC,KERMAN_6_N002,ALL,1,-15.43313,2,132
2022-09-03T08:15:00-00:00,2022-09-03T08:30:00-00:00,2022-09-03,02,KERMAN_6_N002,KERMAN_6_N002,KERMAN_6_N002,RTPD,MCC,LMP_CONG_PRC,KERMAN_6_N002,ALL,1,27.46098,2,132
2022-09-03T09:15:00-00:00,2022-09-03T09:30:00-00:00,2022-09-03,03,KERMAN_6_N002,KERMAN_6_N002,KERMAN_6_N002,RTPD,MCC,LMP_CONG_PRC,KERMAN_6_N002,ALL,1,-10.86242,2,132
2022-09-03T10:15:00-00:00,2022-09-03T10:30:00-00:00,2022-09-03,04,KERMAN_6_N002,KERMAN_6_N002,KERMAN_6_N002,RTPD,MCC,LMP_CONG_PRC,KERMAN_6_N002,ALL,1,-12.3068,2,132
2022-09-03T11:15:00-00:00,2022-09-03T11:30:00-00:00,2022-09-03,05,KERMAN_6_N002,KERMAN_6_N002,KERMAN_6_N002,RTPD,MCC,LMP_CONG_PRC,KERMAN_6_N002,ALL,1,-3.831,2,132
2022-09-03T12:15:00-00:00,2022-09-03T12:30:00-00:00,2022-09-03,06,KERMAN_6_N002,KERMAN_6_N002,KERMAN_6_N002,RTPD,MCC,LMP_CONG_PRC,KERMAN_6_N002,ALL,1,-4.34976,2,132
2022-09-03T13:15:00-00:00,2022-09-03T13:30:00-00:00,2022-09-03,07,KERMAN_6_N002,KERMAN_6_N002,KERMAN_6_N002,RTPD,MCC,LMP_CONG_PRC,KERMAN_6_N002,ALL,1,23.46914,2,132
2022-09-03T14:15:00-00:00,2022-09-03T14:30:00-00:00,2022-09-03,08,KERMAN_6_N002,KERMAN_6_N002,KERMAN_6_N002,RTPD,MCC,LMP_CONG_PRC,KERMAN_6_N002,ALL,1,55.21801,2,132
2022-09-03T15:15:00-00:00,2022-09-03T15:30:00-00:00,2022-09-03,09,KERMAN_6_N002,KERMAN_6_N002,KERMAN_6_N002,RTPD,MCC,LMP_CONG_PRC,KERMAN_6_N002,ALL,1,0,2,132
2022-09-03T16:15:00-00:00,2022-09-03T16:30:00-00:00,2022-09-03,10,KERMAN_6_N002,KERMAN_6_N002,KERMAN_6_N002,RTPD,MCC,LMP_CONG_PRC,KERMAN_6_N002,ALL,1,0,2,132
2022-09-03T17:15:00-00:00,2022-09-03T17:30:00-00:00,2022-09-03,11,KERMAN_6_N002,KERMAN_6_N002,KERMAN_6_N002,RTPD,MCC,LMP_CONG_PRC,KERMAN_6_N002,ALL,1,0,2,132
2022-09-03T18:15:00-00:00,2022-09-03T18:30:00-00:00,2022-09-03,12,KERMAN_6_N002,KERMAN_6_N002,KERMAN_6_N002,RTPD,MCC,LMP_CONG_PRC,KERMAN_6_N002,ALL,1,-2.65674,2,132
2022-09-03T19:15:00-00:00,2022-09-03T19:30:00-00:00,2022-09-03,13,KERMAN_6_N002,KERMAN_6_N002,KERMAN_6_N002,RTPD,MCC,LMP_CONG_PRC,KERMAN_6_N002,ALL,1,-52.0183,2,132
2022-09-03T20:15:00-00:00,2022-09-03T20:30:00-00:00,2022-09-03,14,KERMAN_6_N002,KERMAN_6_N002,KERMAN_6_N002,RTPD,MCC,LMP_CONG_PRC,KERMAN_6_N002,ALL,1,10.87864,2,132
2022-09-03T21:15:00-00:00,2022-09-03T21:30:00-00:00,2022-09-03,15,KERMAN_6_N002,KERMAN_6_N002,KERMAN_6_N002,RTPD,MCC,LMP_CONG_PRC,KERMAN_6_N002,ALL,1,38.63057,2,132
2022-09-03T22:15:00-00:00,2022-09-03T22:30:00-00:00,2022-09-03,16,KERMAN_6_N002,KERMAN_6_N002,KERMAN_6_N002,RTPD,MCC,LMP_CONG_PRC,KERMAN_6_N002,ALL,1,36.81436,2,132
2022-09-03T23:15:00-00:00,2022-09-03T23:30:00-00:00,2022-09-03,17,KERMAN_6_N002,KERMAN_6_N002,KERMAN_6_N002,RTPD,MCC,LMP_CONG_PRC,KERMAN_6_N002,ALL,1,-23.03497,2,132
2022-09-04T00:15:00-00:00,2022-09-04T00:30:00-00:00,2022-09-03,18,KERMAN_6_N002,KERMAN_6_N002,KERMAN_6_N002,RTPD,MCC,LMP_CONG_PRC,KERMAN_6_N002,ALL,1,19.06241,2,132
2022-09-04T01:15:00-00:00,2022-09-04T01:30:00-00:00,2022-09-03,19,KERMAN_6_N002,KERMAN_6_N002,KERMAN_6_N002,RTPD,MCC,LMP_CONG_PRC,KERMAN_6_N002,ALL,1,-60.56714,2,132
2022-09-04T02:15:00-00:00,2022-09-04T02:30:00-00:00,2022-09-03,20,KERMAN_6_N002,KERMAN_6_N002,KERMAN_6_N002,RTPD,MCC,LMP_CONG_PRC,KERMAN_6_N002,ALL,1,-10.26947,2,132
2022-09-04T03:15:00-00:00,2022-09-04T03:30:00-00:00,2022-09-03,21,KERMAN_6_N002,KERMAN_6_N002,KERMAN_6_N002,RTPD,MCC,LMP_CONG_PRC,KERMAN_6_N002,ALL,1,13.78956,2,132
2022-09-04T04:15:00-00:00,2022-09-04T04:30:00-00:00,2022-09-03,22,KERMAN_6_N002,KERMAN_6_N002,KERMAN_6_N002,RTPD,MCC,LMP_CONG_PRC,KERMAN_6_N002,ALL,1,9.22573,2,132
2022-09-04T05:15:00-00:00,2022-09-04T05:30:00-00:00,2022-09-03,23,KERMAN_6_N002,KERMAN_6_N002,KERMAN_6_N002,RTPD,MCC,LMP_CONG_PRC,KERMAN_6_N002,ALL,1,-34.96168,2,132
2022-09-04T06:15:00-00:00,2022-09-04T06:30:00-00:00,2022-09-03,24,KERMAN_6_N002,KERMAN_6_N002,KERMAN_6_N002,RTPD,MCC,LMP_CONG_PRC,KERMAN_6_N002,ALL,1,-10.19937,2,132
2022-09-03T07:30:00-00:00,2022-09-03T07:45:00-00:00,2022-09-03,01,KERMAN_6_N002,KERMAN_6_N002,KERMAN_6_N002,RTPD,MCC,LMP_CONG_PRC,KERMAN_6_N002,ALL,1,-13.14661,3,132
2022-09-03T08:30:00-00:00,2022-09-03T08:45:00-00:00,2022-09-03,02,KERMAN_6_N002,KERMAN_6_N002,KERMAN_6_N002,RTPD,MCC,LMP_CONG_PRC,KERMAN_6_N002,ALL,1,27.6242,3,132
2022-09-03T09:30:00-00:00,2022-09-03T09:45:00-00:00,2022-09-03,03,KERMAN_6_N002,KERMAN_6_N002,KERMAN_6_N002,RTPD,MCC,LMP_CONG_PRC,KERMAN_6_N002,ALL,1,-15.1179,3,132
2022-09-03T10:30:00-00:00,2022-09-03T10:45:00-00:00,2022-09-03,04,KERMAN_6_N002,KERMAN_6_N002,KERMAN_6_N002,RTPD,MCC,LMP_CONG_PRC,KERMAN_6_N002,ALL,1,-11.68532,3,132
2022-09-03T11:30:00-00:00,2022-09-03T11:45:00-00:00,2022-09-03,05,KERMAN_6_N002,KERMAN_6_N002,KERMAN_6_N002,RTPD,MCC,LMP_CONG_PRC,KERMAN_6_N002,ALL,1,41.54092,3,132
2022-09-03T12:30:00-00:00,2022-09-03T12:45:00-00:00,2022-09-03,06,KERMAN_6_N002,KERMAN_6_N002,KERMAN_6_N002,RTPD,MCC,LMP_CONG_PRC,KERMAN_6_N002,ALL,1,-5.7951,3,132
2022-09-03T13:30:00-00:00,2022-09-03T13:45:00-00:00,2022-09-03,07,KERMAN_6_N002,KERMAN_6_N002,KERMAN_6_N002,RTPD,MCC,LMP_CONG_PRC,KERMAN_6_N002,ALL,1,22.40492,3,132
2022-09-03T14:30:00-00:00,2022-09-03T14:45:00-00:00,2022-09-03,08,KERMAN_6_N002,KERMAN_6_N002,KERMAN_6_N002,RTPD,MCC,LMP_CONG_PRC,KERMAN_6_N002,ALL,1,32.76619,3,132
2022-09-03T15:30:00-00:00,2022-09-03T15:45:00-00:00,2022-09-03,09,KERMAN_6_N002,KERMAN_6_N002,KERMAN_6_N002,RTPD,MCC,LMP_CONG_PRC,KERMAN_6_N002,ALL,1,0,3,132
2022-09-03T16:30:00-00:00,2022-09-03T16:45:00-00:00,2022-09-03,10,KERMAN_6_N002,KERMAN_6_N002,KERMAN_6_N002,RTPD,MCC,LMP_CONG_PRC,KERMAN_6_N002,ALL,1,0,3,132
2022-09-03T17:30:00-00:00,2022-09-03T17:45:00-00:00,2022-09-03,11,KERMAN_6_N002,KERMAN_6_N002,KERMAN_6_N002,RTPD,MCC,LMP_CONG_PRC,KERMAN_6_N002,ALL,1,0,3,132
2022-09-03T18:30:00-00:00,2022-09-03T18:45:00-00:00,2022-09-03,12,KERMAN_6_N002,KERMAN_6_N002,KERMAN_6_N002,RTPD,MCC,LMP_CONG_PRC,KERMAN_6_N002,ALL,1,-5.30508,3,132
2022-09-03T19:30:00-00:00,2022-09-03T19:45:00-00:00,2022-09-03,13,KERMAN_6_N002,KERMAN_6_N002,KERMAN_6_N002,RTPD,MCC,LMP_CONG_PRC,KERMAN_6_N002,ALL,1,-70.49916,3,132
2022-09-03T20:30:00-00:00,2022-09-03T20:45:00-00:00,2022-09-03,14,KERMAN_6_N002,KERMAN_6_N002,KERMAN_6_N002,RTPD,MCC,LMP_CONG_PRC,KERMAN_6_N002,ALL,1,16.69087,3,132
2022-09-03T21:30:00-00:00,2022-09-03T21:45:00-00:00,2022-09-03,15,KERMAN_6_N002,KERMAN_6_N002,KERMAN_6_N002,RTPD,MCC,LMP_CONG_PRC,KERMAN_6_N002,ALL,1,35.33127,3,132
2022-09-03T22:30:00-00:00,2022-09-03T22:45:00-00:00,2022-09-03,16,KERMAN_6_N002,KERMAN_6_N002,KERMAN_6_N002,RTPD,MCC,LMP_CONG_PRC,KERMAN_6_N002,ALL,1,-3.21476,3,132
2022-09-03T23:30:00-00:00,2022-09-03T23:45:00-00:00,2022-09-03,17,KERMAN_6_N002,KERMAN_6_N002,KERMAN_6_N002,RTPD,MCC,LMP_CONG_PRC,KERMAN_6_N002,ALL,1,-24.84397,3,132
2022-09-04T00:30:00-00:00,2022-09-04T00:45:00-00:00,2022-09-03,18,KERMAN_6_N002,KERMAN_6_N002,KERMAN_6_N002,RTPD,MCC,LMP_CONG_PRC,KERMAN_6_N002,ALL,1,-26.89009,3,132
2022-09-04T01:30:00-00:00,2022-09-04T01:45:00-00:00,2022-09-03,19,KERMAN_6_N002,KERMAN_6_N002,KERMAN_6_N002,RTPD,MCC,LMP_CONG_PRC,KERMAN_6_N002,ALL,1,-258.1886,3,132
2022-09-04T02:30:00-00:00,2022-09-04T02:45:00-00:00,2022-09-03,20,KERMAN_6_N002,KERMAN_6_N002,KERMAN_6_N002,RTPD,MCC,LMP_CONG_PRC,KERMAN_6_N002,ALL,1,0.0665,3,132
2022-09-04T03:30:00-00:00,2022-09-04T03:45:00-00:00,2022-09-03,21,KERMAN_6_N002,KERMAN_6_N002,KERMAN_6_N002,RTPD,MCC,LMP_CONG_PRC,KERMAN_6_N002,ALL,1,16.33708,3,132
2022-09-04T04:30:00-00:00,2022-09-04T04:45:00-00:00,2022-09-03,22,KERMAN_6_N002,KERMAN_6_N002,KERMAN_6_N002,RTPD,MCC,LMP_CONG_PRC,KERMAN_6_N002,ALL,1,20.2525,3,132
2022-09-04T05:30:00-00:00,2022-09-04T05:45:00-00:00,2022-09-03,23,KERMAN_6_N002,KERMAN_6_N002,KERMAN_6_N002,RTPD,MCC,LMP_CONG_PRC,KERMAN_6_N002,ALL,1,-38.62947,3,132
2022-09-04T06:30:00-00:00,2022-09-04T06:45:00-00:00,2022-09-03,24,KERMAN_6_N002,KERMAN_6_N002,KERMAN_6_N002,RTPD,MCC,LMP_CONG_PRC,KERMAN_6_N002,ALL,1,-17.06895,3,132
2022-09-03T07:45:00-00:00,2022-09-03T08:00:00-00:00,2022-09-03,01,KERMAN_6_N002,KERMAN_6_N002,KERMAN_6_N002,RTPD,MCC,LMP_CONG_PRC,KERMAN_6_N002,ALL,1,-10.48093,4,132
2022-09-03T08:45:00-00:00,2022-09-03T09:00:00-00:00,2022-09-03,02,KERMAN_6_N002,KERMAN_6_N002,KERMAN_6_N002,RTPD,MCC,LMP_CONG_PRC,KERMAN_6_N002,ALL,1,26.52448,4,132
2022-09-03T09:45:00-00:00,2022-09-03T10:00:00-00:00,2022-09-03,03,KERMAN_6_N002,KERMAN_6_N002,KERMAN_6_N002,RTPD,MCC,LMP_CONG_PRC,KERMAN_6_N002,ALL,1,-12.01628,4,132
2022-09-03T10:45:00-00:00,2022-09-03T11:00:00-00:00,2022-09-03,04,KERMAN_6_N002,KERMAN_6_N002,KERMAN_6_N002,RTPD,MCC,LMP_CONG_PRC,KERMAN_6_N002,ALL,1,169.34781,4,132
2022-09-03T11:45:00-00:00,2022-09-03T12:00:00-00:00,2022-09-03,05,KERMAN_6_N002,KERMAN_6_N002,KERMAN_6_N002,RTPD,MCC,LMP_CONG_PRC,KERMAN_6_N002,ALL,1,1.93567,4,132
2022-09-03T12:45:00-00:00,2022-09-03T13:00:00-00:00,2022-09-03,06,KERMAN_6_N002,KERMAN_6_N002,KERMAN_6_N002,RTPD,MCC,LMP_CONG_PRC,KERMAN_6_N002,ALL,1,-7.55998,4,132
2022-09-03T13:45:00-00:00,2022-09-03T14:00:00-00:00,2022-09-03,07,KERMAN_6_N002,KERMAN_6_N002,KERMAN_6_N002,RTPD,MCC,LMP_CONG_PRC,KERMAN_6_N002,ALL,1,29.19574,4,132
2022-09-03T14:45:00-00:00,2022-09-03T15:00:00-00:00,2022-09-03,08,KERMAN_6_N002,KERMAN_6_N002,KERMAN_6_N002,RTPD,MCC,LMP_CONG_PRC,KERMAN_6_N002,ALL,1,0.00113,4,132
2022-09-03T15:45:00-00:00,2022-09-03T16:00:00-00:00,2022-09-03,09,KERMAN_6_N002,KERMAN_6_N002,KERMAN_6_N002,RTPD,MCC,LMP_CONG_PRC,KERMAN_6_N002,ALL,1,0,4,132
2022-09-03T16:45:00-00:00,2022-09-03T17:00:00-00:00,2022-09-03,10,KERMAN_6_N002,KERMAN_6_N002,KERMAN_6_N002,RTPD,MCC,LMP_CONG_PRC,KERMAN_6_N002,ALL,1,0,4,132
2022-09-03T17:45:00-00:00,2022-09-03T18:00:00-00:00,2022-09-03,11,KERMAN_6_N002,KERMAN_6_N002,KERMAN_6_N002,RTPD,MCC,LMP_CONG_PRC,KERMAN_6_N002,ALL,1,-2.18409,4,132
2022-09-03T18:45:00-00:00,2022-09-03T19:00:00-00:00,2022-09-03,12,KERMAN_6_N002,KERMAN_6_N002,KERMAN_6_N002,RTPD,MCC,LMP_CONG_PRC,KERMAN_6_N002,ALL,1,-8.6824,4,132
2022-09-03T19:45:00-00:00,2022-09-03T20:00:00-00:00,2022-09-03,13,KERMAN_6_N002,KERMAN_6_N002,KERMAN_6_N002,RTPD,MCC,LMP_CONG_PRC,KERMAN_6_N002,ALL,1,-73.64057,4,132
2022-09-03T20:45:00-00:00,2022-09-03T21:00:00-00:00,2022-09-03,14,KERMAN_6_N002,KERMAN_6_N002,KERMAN_6_N002,RTPD,MCC,LMP_CONG_PRC,KERMAN_6_N002,ALL,1,18.76448,4,132
2022-09-03T21:45:00-00:00,2022-09-03T22:00:00-00:00,2022-09-03,15,KERMAN_6_N002,KERMAN_6_N002,KERMAN_6_N002,RTPD,MCC,LMP_CONG_PRC,KERMAN_6_N002,ALL,1,45.69397,4,132
2022-09-03T22:45:00-00:00,2022-09-03T23:00:00-00:00,2022-09-03,16,KERMAN_6_N002,KERMAN_6_N002,KERMAN_6_N002,RTPD,MCC,LMP_CONG_PRC,KERMAN_6_N002,ALL,1,3.49305,4,132
2022-09-03T23:45:00-00:00,2022-09-04T00:00:00-00:00,2022-09-03,17,KERMAN_6_N002,KERMAN_6_N002,KERMAN_6_N002,RTPD,MCC,LMP_CONG_PRC,KERMAN_6_N002,ALL,1,9.65284,4,132
2022-09-04T00:45:00-00:00,2022-09-04T01:00:00-00:00,2022-09-03,18,KERMAN_6_N002,KERMAN_6_N002,KERMAN_6_N002,RTPD,MCC,LMP_CONG_PRC,KERMAN_6_N002,ALL,1,-192.48299,4,132
2022-09-04T01:45:00-00:00,2022-09-04T02:00:00-00:00,2022-09-03,19,KERMAN_6_N002,KERMAN_6_N002,KERMAN_6_N002,RTPD,MCC,LMP_CONG_PRC,KERMAN_6_N002,ALL,1,54.00535,4,132
2022-09-04T02:45:00-00:00,2022-09-04T03:00:00-00:00,2022-09-03,20,KERMAN_6_N002,KERMAN_6_N002,KERMAN_6_N002,RTPD,MCC,LMP_CONG_PRC,KERMAN_6_N002,ALL,1,-8.87477,4,132
2022-09-04T03:45:00-00:00,2022-09-04T04:00:00-00:00,2022-09-03,21,KERMAN_6_N002,KERMAN_6_N002,KERMAN_6_N002,RTPD,MCC,LMP_CONG_PRC,KERMAN_6_N002,ALL,1,-10.75942,4,132
2022-09-04T04:45:00-00:00,2022-09-04T05:00:00-00:00,2022-09-03,22,KERMAN_6_N002,KERMAN_6_N002,KERMAN_6_N002,RTPD,MCC,LMP_CONG_PRC,KERMAN_6_N002,ALL,1,27.85944,4,132
2022-09-04T05:45:00-00:00,2022-09-04T06:00:00-00:00,2022-09-03,23,KERMAN_6_N002,KERMAN_6_N002,KERMAN_6_N002,RTPD,MCC,LMP_CONG_PRC,KERMAN_6_N002,ALL,1,-31.65483,4,132
2022-09-04T06:45:00-00:00,2022-09-04T07:00:00-00:00,2022-09-03,24,KERMAN_6_N002,KERMAN_6_N002,KERMAN_6_N002,RTPD,MCC,LMP_CONG_PRC,KERMAN_6_N002,ALL,1,-19.39436,4,132
2022-09-03T07:00:00-00:00,2022-09-03T07:15:00-00:00,2022-09-03,01,KERMAN_6_N002,KERMAN_6_N002,KERMAN_6_N002,RTPD,MCE,LMP_ENE_PRC,KERMAN_6_N002,ALL,1,95.21526,1,133
2022-09-03T08:00:00-00:00,2022-09-03T08:15:00-00:00,2022-09-03,02,KERMAN_6_N002,KERMAN_6_N002,KERMAN_6_N002,RTPD,MCE,LMP_ENE_PRC,KERMAN_6_N002,ALL,1,87.28334,1,133
2022-09-03T09:00:00-00:00,2022-09-03T09:15:00-00:00,2022-09-03,03,KERMAN_6_N002,KERMAN_6_N002,KERMAN_6_N002,RTPD,MCE,LMP_ENE_PRC,KERMAN_6_N002,ALL,1,83.66355,1,133
2022-09-03T10:00:00-00:00,2022-09-03T10:15:00-00:00,2022-09-03,04,KERMAN_6_N002,KERMAN_6_N002,KERMAN_6_N002,RTPD,MCE,LMP_ENE_PRC,KERMAN_6_N002,ALL,1,78.01908,1,133
2022-09-03T11:00:00-00:00,2022-09-03T11:15:00-00:00,2022-09-03,05,KERMAN_6_N002,KERMAN_6_N002,KERMAN_6_N002,RTPD,MCE,LMP_ENE_PRC,KERMAN_6_N002,ALL,1,75.01707,1,133
2022-09-03T12:00:00-00:00,2022-09-03T12:15:00-00:00,2022-09-03,06,KERMAN_6_N002,KERMAN_6_N002,KERMAN_6_N002,RTPD,MCE,LMP_ENE_PRC,KERMAN_6_N002,ALL,1,69.78732,1,133
2022-09-03T13:00:00-00:00,2022-09-03T13:15:00-00:00,2022-09-03,07,KERMAN_6_N002,KERMAN_6_N002,KERMAN_6_N002,RTPD,MCE,LMP_ENE_PRC,KERMAN_6_N002,ALL,1,60.44229,1,133
2022-09-03T14:00:00-00:00,2022-09-03T14:15:00-00:00,2022-09-03,08,KERMAN_6_N002,KERMAN_6_N002,KERMAN_6_N002,RTPD,MCE,LMP_ENE_PRC,KERMAN_6_N002,ALL,1,41.05574,1,133
2022-09-03T15:00:00-00:00,2022-09-03T15:15:00-00:00,2022-09-03,09,KERMAN_6_N002,KERMAN_6_N002,KERMAN_6_N002,RTPD,MCE,LMP_ENE_PRC,KERMAN_6_N002,ALL,1,25.73144,1,133
2022-09-03T16:00:00-00:00,2022-09-03T16:15:00-00:00,2022-09-03,10,KERMAN_6_N002,KERMAN_6_N002,KERMAN_6_N002,RTPD,MCE,LMP_ENE_PRC,KERMAN_6_N002,ALL,1,28.48087,1,133
2022-09-03T17:00:00-00:00,2022-09-03T17:15:00-00:00,2022-09-03,11,KERMAN_6_N002,KERMAN_6_N002,KERMAN_6_N002,RTPD,MCE,LMP_ENE_PRC,KERMAN_6_N002,ALL,1,51.7991,1,133
2022-09-03T18:00:00-00:00,2022-09-03T18:15:00-00:00,2022-09-03,12,KERMAN_6_N002,KERMAN_6_N002,KERMAN_6_N002,RTPD,MCE,LMP_ENE_PRC,KERMAN_6_N002,ALL,1,66.18183,1,133
2022-09-03T19:00:00-00:00,2022-09-03T19:15:00-00:00,2022-09-03,13,KERMAN_6_N002,KERMAN_6_N002,KERMAN_6_N002,RTPD,MCE,LMP_ENE_PRC,KERMAN_6_N002,ALL,1,49.33175,1,133
2022-09-03T20:00:00-00:00,2022-09-03T20:15:00-00:00,2022-09-03,14,KERMAN_6_N002,KERMAN_6_N002,KERMAN_6_N002,RTPD,MCE,LMP_ENE_PRC,KERMAN_6_N002,ALL,1,61.97858,1,133
2022-09-03T21:00:00-00:00,2022-09-03T21:15:00-00:00,2022-09-03,15,KERMAN_6_N002,KERMAN_6_N002,KERMAN_6_N002,RTPD,MCE,LMP_ENE_PRC,KERMAN_6_N002,ALL,1,48.58929,1,133
2022-09-03T22:00:00-00:00,2022-09-03T22:15:00-00:00,2022-09-03,16,KERMAN_6_N002,KERMAN_6_N002,KERMAN_6_N002,RTPD,MCE,LMP_ENE_PRC,KERMAN_6_N002,ALL,1,56.82881,1,133
2022-09-03T23:00:00-00:00,2022-09-03T23:15:00-00:00,2022-09-03,17,KERMAN_6_N002,KERMAN_6_N002,KERMAN_6_N002,RTPD,MCE,LMP_ENE_PRC,KERMAN_6_N002,ALL,1,71.87635,1,133
2022-09-04T00:00:00-00:00,2022-09-04T00:15:00-00:00,2022-09-03,18,KERMAN_6_N002,KERMAN_6_N002,KERMAN_6_N002,RTPD,MCE,LMP_ENE_PRC,KERMAN_6_N002,ALL,1,89.65697,1,133
2022-09-04T01:00:00-00:00,2022-09-04T01:15:00-00:00,2022-09-03,19,KERMAN_6_N002,KERMAN_6_N002,KERMAN_6_N002,RTPD,MCE,LMP_ENE_PRC,KERMAN_6_N002,ALL,1,154.23135,1,133
2022-09-04T02:00:00-00:00,2022-09-04T02:15:00-00:00,2022-09-03,20,KERMAN_6_N002,KERMAN_6_N002,KERMAN_6_N002,RTPD,MCE,LMP_ENE_PRC,KERMAN_6_N002,ALL,1,112.79788,1,133
2022-09-04T03:00:00-00:00,2022-09-04T03:15:00-00:00,2022-09-03,21,KERMAN_6_N002,KERMAN_6_N002,KERMAN_6_N002,RTPD,MCE,LMP_ENE_PRC,KERMAN_6_N002,ALL,1,114.10546,1,133
2022-09-04T04:00:00-00:00,2022-09-04T04:15:00-00:00,2022-09-03,22,KERMAN_6_N002,KERMAN_6_N002,KERMAN_6_N002,RTPD,MCE,LMP_ENE_PRC,KERMAN_6_N002,ALL,1,110.78377,1,133
2022-09-04T05:00:00-00:00,2022-09-04T05:15:00-00:00,2022-09-03,23,KERMAN_6_N002,KERMAN_6_N002,KERMAN_6_N002,RTPD,MCE,LMP_ENE_PRC,KERMAN_6_N002,ALL,1,126.90499,1,133
2022-09-04T06:00:00-00:00,2022-09-04T06:15:00-00:00,2022-09-03,24,KERMAN_6_N002,KERMAN_6_N002,KERMAN_6_N002,RTPD,MCE,LMP_ENE_PRC,KERMAN_6_N002,ALL,1,104.78344,1,133
2022-09-03T07:15:00-00:00,2022-09-03T07:30:00-00:00,2022-09-03,01,KERMAN_6_N002,KERMAN_6_N002,KERMAN_6_N002,RTPD,MCE,LMP_ENE_PRC,KERMAN_6_N002,ALL,1,92.27523,2,133
2022-09-03T08:15:00-00:00,2022-09-03T08:30:00-00:00,2022-09-03,02,KERMAN_6_N002,KERMAN_6_N002,KERMAN_6_N002,RTPD,MCE,LMP_ENE_PRC,KERMAN_6_N002,ALL,1,86.08077,2,133
2022-09-03T09:15:00-00:00,2022-09-03T09:30:00-00:00,2022-09-03,03,KERMAN_6_N002,KERMAN_6_N002,KERMAN_6_N002,RTPD,MCE,LMP_ENE_PRC,KERMAN_6_N002,ALL,1,81.52448,2,133
2022-09-03T10:15:00-00:00,2022-09-03T10:30:00-00:00,2022-09-03,04,KERMAN_6_N002,KERMAN_6_N002,KERMAN_6_N002,RTPD,MCE,LMP_ENE_PRC,KERMAN_6_N002,ALL,1,76.07778,2,133
2022-09-03T11:15:00-00:00,2022-09-03T11:30:00-00:00,2022-09-03,05,KERMAN_6_N002,KERMAN_6_N002,KERMAN_6_N002,RTPD,MCE,LMP_ENE_PRC,KERMAN_6_N002,ALL,1,70.31505,2,133
2022-09-03T12:15:00-00:00,2022-09-03T12:30:00-00:00,2022-09-03,06,KERMAN_6_N002,KERMAN_6_N002,KERMAN_6_N002,RTPD,MCE,LMP_ENE_PRC,KERMAN_6_N002,ALL,1,70.02316,2,133
2022-09-03T13:15:00-00:00,2022-09-03T13:30:00-00:00,2022-09-03,07,KERMAN_6_N002,KERMAN_6_N002,KERMAN_6_N002,RTPD,MCE,LMP_ENE_PRC,KERMAN_6_N002,ALL,1,58.94546,2,133
2022-09-03T14:15:00-00:00,2022-09-03T14:30:00-00:00,2022-09-03,08,KERMAN_6_N002,KERMAN_6_N002,KERMAN_6_N002,RTPD,MCE,LMP_ENE_PRC,KERMAN_6_N002,ALL,1,36.88333,2,133
2022-09-03T15:15:00-00:00,2022-09-03T15:30:00-00:00,2022-09-03,09,KERMAN_6_N002,KERMAN_6_N002,KERMAN_6_N002,RTPD,MCE,LMP_ENE_PRC,KERMAN_6_N002,ALL,1,25.63309,2,133
2022-09-03T16:15:00-00:00,2022-09-03T16:30:00-00:00,2022-09-03,10,KERMAN_6_N002,KERMAN_6_N002,KERMAN_6_N002,RTPD,MCE,LMP_ENE_PRC,KERMAN_6_N002,ALL,1,28.35578,2,133
2022-09-03T17:15:00-00:00,2022-09-03T17:30:00-00:00,2022-09-03,11,KERMAN_6_N002,KERMAN_6_N002,KERMAN_6_N002,RTPD,MCE,LMP_ENE_PRC,KERMAN_6_N002,ALL,1,62.78814,2,133
2022-09-03T18:15:00-00:00,2022-09-03T18:30:00-00:00,2022-09-03,12,KERMAN_6_N002,KERMAN_6_N002,KERMAN_6_N002,RTPD,MCE,LMP_ENE_PRC,KERMAN_6_N002,ALL,1,69.64405,2,133
2022-09-03T19:15:00-00:00,2022-09-03T19:30:00-00:00,2022-09-03,13,KERMAN_6_N002,KERMAN_6_N002,KERMAN_6_N002,RTPD,MCE,LMP_ENE_PRC,KERMAN_6_N002,ALL,1,55.44478,2,133
2022-09-03T20:15:00-00:00,2022-09-03T20:30:00-00:00,2022-09-03,14,KERMAN_6_N002,KERMAN_6_N002,KERMAN_6_N002,RTPD,MCE,LMP_ENE_PRC,KERMAN_6_N002,ALL,1,61.55304,2,133
2022-09-03T21:15:00-00:00,2022-09-03T21:30:00-00:00,2022-09-03,15,KERMAN_6_N002,KERMAN_6_N002,KERMAN_6_N002,RTPD,MCE,LMP_ENE_PRC,KERMAN_6_N002,ALL,1,53.762,2,133
2022-09-03T22:15:00-00:00,2022-09-03T22:30:00-00:00,2022-09-03,16,KERMAN_6_N002,KERMAN_6_N002,KERMAN_6_N002,RTPD,MCE,LMP_ENE_PRC,KERMAN_6_N002,ALL,1,70.72961,2,133
2022-09-03T23:15:00-00:00,2022-09-03T23:30:00-00:00,2022-09-03,17,KERMAN_6_N002,KERMAN_6_N002,KERMAN_6_N002,RTPD,MCE,LMP_ENE_PRC,KERMAN_6_N002,ALL,1,86.75099,2,133
2022-09-04T00:15:00-00:00,2022-09-04T00:30:00-00:00,2022-09-03,18,KERMAN_6_N002,KERMAN_6_N002,KERMAN_6_N002,RTPD,MCE,LMP_ENE_PRC,KERMAN_6_N002,ALL,1,102.50471,2,133
2022-09-04T01:15:00-00:00,2022-09-04T01:30:00-00:00,2022-09-03,19,KERMAN_6_N002,KERMAN_6_N002,KERMAN_6_N002,RTPD,MCE,LMP_ENE_PRC,KERMAN_6_N002,ALL,1,212.54434,2,133
2022-09-04T02:15:00-00:00,2022-09-04T02:30:00-00:00,2022-09-03,20,KERMAN_6_N002,KERMAN_6_N002,KERMAN_6_N002,RTPD,MCE,LMP_ENE_PRC,KERMAN_6_N002,ALL,1,130.70084,2,133
2022-09-04T03:15:00-00:00,2022-09-04T03:30:00-00:00,2022-09-03,21,KERMAN_6_N002,KERMAN_6_N002,KERMAN_6_N002,RTPD,MCE,LMP_ENE_PRC,KERMAN_6_N002,ALL,1,95.34308,2,133
2022-09-04T04:15:00-00:00,2022-09-04T04:30:00-00:00,2022-09-03,22,KERMAN_6_N002,KERMAN_6_N002,KERMAN_6_N002,RTPD,MCE,LMP_ENE_PRC,KERMAN_6_N002,ALL,1,109.32287,2,133
2022-09-04T05:15:00-00:00,2022-09-04T05:30:00-00:00,2022-09-03,23,KERMAN_6_N002,KERMAN_6_N002,KERMAN_6_N002,RTPD,MCE,LMP_ENE_PRC,KERMAN_6_N002,ALL,1,116.98954,2,133
2022-09-04T06:15:00-00:00,2022-09-04T06:30:00-00:00,2022-09-03,24,KERMAN_6_N002,KERMAN_6_N002,KERMAN_6_N002,RTPD,MCE,LMP_ENE_PRC,KERMAN_6_N002,ALL,1,96.51392,2,133
2022-09-03T07:30:00-00:00,2022-09-03T07:45:00-00:00,2022-09-03,01,KERMAN_6_N002,KERMAN_6_N002,KERMAN_6_N002,RTPD,MCE,LMP_ENE_PRC,KERMAN_6_N002,ALL,1,89.3035,3,133
2022-09-03T08:30:00-00:00,2022-09-03T08:45:00-00:00,2022-09-03,02,KERMAN_6_N002,KERMAN_6_N002,KERMAN_6_N002,RTPD,MCE,LMP_ENE_PRC,KERMAN_6_N002,ALL,1,84.37487,3,133
2022-09-03T09:30:00-00:00,2022-09-03T09:45:00-00:00,2022-09-03,03,KERMAN_6_N002,KERMAN_6_N002,KERMAN_6_N002,RTPD,MCE,LMP_ENE_PRC,KERMAN_6_N002,ALL,1,78.67165,3,133
2022-09-03T10:30:00-00:00,2022-09-03T10:45:00-00:00,2022-09-03,04,KERMAN_6_N002,KERMAN_6_N002,KERMAN_6_N002,RTPD,MCE,LMP_ENE_PRC,KERMAN_6_N002,ALL,1,74.63704,3,133
2022-09-03T11:30:00-00:00,2022-09-03T11:45:00-00:00,2022-09-03,05,KERMAN_6_N002,KERMAN_6_N002,KERMAN_6_N002,RTPD,MCE,LMP_ENE_PRC,KERMAN_6_N002,ALL,1,72.79705,3,133
2022-09-03T12:30:00-00:00,2022-09-03T12:45:00-00:00,2022-09-03,06,KERMAN_6_N002,KERMAN_6_N002,KERMAN_6_N002,RTPD,MCE,LMP_ENE_PRC,KERMAN_6_N002,ALL,1,71.64459,3,133
2022-09-03T13:30:00-00:00,2022-09-03T13:45:00-00:00,2022-09-03,07,KERMAN_6_N002,KERMAN_6_N002,KERMAN_6_N002,RTPD,MCE,LMP_ENE_PRC,KERMAN_6_N002,ALL,1,58.60193,3,133
2022-09-03T14:30:00-00:00,2022-09-03T14:45:00-00:00,2022-09-03,08,KERMAN_6_N002,KERMAN_6_N002,KERMAN_6_N002,RTPD,MCE,LMP_ENE_PRC,KERMAN_6_N002,ALL,1,35.09087,3,133
2022-09-03T15:30:00-00:00,2022-09-03T15:45:00-00:00,2022-09-03,09,KERMAN_6_N002,KERMAN_6_N002,KERMAN_6_N002,RTPD,MCE,LMP_ENE_PRC,KERMAN_6_N002,ALL,1,24.86074,3,133
2022-09-03T16:30:00-00:00,2022-09-03T16:45:00-00:00,2022-09-03,10,KERMAN_6_N002,KERMAN_6_N002,KERMAN_6_N002,RTPD,MCE,LMP_ENE_PRC,KERMAN_6_N002,ALL,1,27.53581,3,133
2022-09-03T17:30:00-00:00,2022-09-03T17:45:00-00:00,2022-09-03,11,KERMAN_6_N002,KERMAN_6_N002,KERMAN_6_N002,RTPD,MCE,LMP_ENE_PRC,KERMAN_6_N002,ALL,1,63.76433,3,133
2022-09-03T18:30:00-00:00,2022-09-03T18:45:00-00:00,2022-09-03,12,KERMAN_6_N002,KERMAN_6_N002,KERMAN_6_N002,RTPD,MCE,LMP_ENE_PRC,KERMAN_6_N002,ALL,1,73.72509,3,133
2022-09-03T19:30:00-00:00,2022-09-03T19:45:00-00:00,2022-09-03,13,KERMAN_6_N002,KERMAN_6_N002,KERMAN_6_N002,RTPD,MCE,LMP_ENE_PRC,KERMAN_6_N002,ALL,1,70.11451,3,133
2022-09-03T20:30:00-00:00,2022-09-03T20:45:00-00:00,2022-09-03,14,KERMAN_6_N002,KERMAN_6_N002,KERMAN_6_N002,RTPD,MCE,LMP_ENE_PRC,KERMAN_6_N002,ALL,1,64.79179,3,133
2022-09-03T21:30:00-00:00,2022-09-03T21:45:00-00:00,2022-09-03,15,KERMAN_6_N002,KERMAN_6_N002,KERMAN_6_N002,RTPD,MCE,LMP_ENE_PRC,KERMAN_6_N002,ALL,1,59.9647,3,133
2022-09-03T22:30:00-00:00,2022-09-03T22:45:00-00:00,2022-09-03,16,KERMAN_6_N002,KERMAN_6_N002,KERMAN_6_N002,RTPD,MCE,LMP_ENE_PRC,KERMAN_6_N002,ALL,1,91.4901,3,133
2022-09-03T23:30:00-00:00,2022-09-03T23:45:00-00:00,2022-09-03,17,KERMAN_6_N002,KERMAN_6_N002,KERMAN_6_N002,RTPD,MCE,LMP_ENE_PRC,KERMAN_6_N002,ALL,1,93.43303,3,133
2022-09-04T00:30:00-00:00,2022-09-04T00:45:00-00:00,2022-09-03,18,KERMAN_6_N002,KERMAN_6_N002,KERMAN_6_N002,RTPD,MCE,LMP_ENE_PRC,KERMAN_6_N002,ALL,1,123.47544,3,133
2022-09-04T01:30:00-00:00,2022-09-04T01:45:00-00:00,2022-09-03,19,KERMAN_6_N002,KERMAN_6_N002,KERMAN_6_N002,RTPD,MCE,LMP_ENE_PRC,KERMAN_6_N002,ALL,1,393.41373,3,133
2022-09-04T02:30:00-00:00,2022-09-04T02:45:00-00:00,2022-09-03,20,KERMAN_6_N002,KERMAN_6_N002,KERMAN_6_N002,RTPD,MCE,LMP_ENE_PRC,KERMAN_6_N002,ALL,1,116.43634,3,133
2022-09-04T03:30:00-00:00,2022-09-04T03:45:00-00:00,2022-09-03,21,KERMAN_6_N002,KERMAN_6_N002,KERMAN_6_N002,RTPD,MCE,LMP_ENE_PRC,KERMAN_6_N002,ALL,1,91.11213,3,133
2022-09-04T04:30:00-00:00,2022-09-04T04:45:00-00:00,2022-09-03,22,KERMAN_6_N002,KERMAN_6_N002,KERMAN_6_N002,RTPD,MCE,LMP_ENE_PRC,KERMAN_6_N002,ALL,1,99.5048,3,133
2022-09-04T05:30:00-00:00,2022-09-04T05:45:00-00:00,2022-09-03,23,KERMAN_6_N002,KERMAN_6_N002,KERMAN_6_N002,RTPD,MCE,LMP_ENE_PRC,KERMAN_6_N002,ALL,1,112.62845,3,133
2022-09-04T06:30:00-00:00,2022-09-04T06:45:00-00:00,2022-09-03,24,KERMAN_6_N002,KERMAN_6_N002,KERMAN_6_N002,RTPD,MCE,LMP_ENE_PRC,KERMAN_6_N002,ALL,1,93.24175,3,133
2022-09-03T07:45:00-00:00,2022-09-03T08:00:00-00:00,2022-09-03,01,KERMAN_6_N002,KERMAN_6_N002,KERMAN_6_N002,RTPD,MCE,LMP_ENE_PRC,KERMAN_6_N002,ALL,1,83.53218,4,133
2022-09-03T08:45:00-00:00,2022-09-03T09:00:00-00:00,2022-09-03,02,KERMAN_6_N002,KERMAN_6_N002,KERMAN_6_N002,RTPD,MCE,LMP_ENE_PRC,KERMAN_6_N002,ALL,1,82.09146,4,133
2022-09-03T09:45:00-00:00,2022-09-03T10:00:00-00:00,2022-09-03,03,KERMAN_6_N002,KERMAN_6_N002,KERMAN_6_N002,RTPD,MCE,LMP_ENE_PRC,KERMAN_6_N002,ALL,1,74.61678,4,133
2022-09-03T10:45:00-00:00,2022-09-03T11:00:00-00:00,2022-09-03,04,KERMAN_6_N002,KERMAN_6_N002,KERMAN_6_N002,RTPD,MCE,LMP_ENE_PRC,KERMAN_6_N002,ALL,1,78.59346,4,133
2022-09-03T11:45:00-00:00,2022-09-03T12:00:00-00:00,2022-09-03,05,KERMAN_6_N002,KERMAN_6_N002,KERMAN_6_N002,RTPD,MCE,LMP_ENE_PRC,KERMAN_6_N002,ALL,1,69.7597,4,133
2022-09-03T12:45:00-00:00,2022-09-03T13:00:00-00:00,2022-09-03,06,KERMAN_6_N002,KERMAN_6_N002,KERMAN_6_N002,RTPD,MCE,LMP_ENE_PRC,KERMAN_6_N002,ALL,1,67.86831,4,133
2022-09-03T13:45:00-00:00,2022-09-03T14:00:00-00:00,2022-09-03,07,KERMAN_6_N002,KERMAN_6_N002,KERMAN_6_N002,RTPD,MCE,LMP_ENE_PRC,KERMAN_6_N002,ALL,1,46.5703,4,133
2022-09-03T14:45:00-00:00,2022-09-03T15:00:00-00:00,2022-09-03,08,KERMAN_6_N002,KERMAN_6_N002,KERMAN_6_N002,RTPD,MCE,LMP_ENE_PRC,KERMAN_6_N002,ALL,1,21.24877,4,133
2022-09-03T15:45:00-00:00,2022-09-03T16:00:00-00:00,2022-09-03,09,KERMAN_6_N002,KERMAN_6_N002,KERMAN_6_N002,RTPD,MCE,LMP_ENE_PRC,KERMAN_6_N002,ALL,1,23.18314,4,133
2022-09-03T16:45:00-00:00,2022-09-03T17:00:00-00:00,2022-09-03,10,KERMAN_6_N002,KERMAN_6_N002,KERMAN_6_N002,RTPD,MCE,LMP_ENE_PRC,KERMAN_6_N002,ALL,1,46.59203,4,133
2022-09-03T17:45:00-00:00,2022-09-03T18:00:00-00:00,2022-09-03,11,KERMAN_6_N002,KERMAN_6_N002,KERMAN_6_N002,RTPD,MCE,LMP_ENE_PRC,KERMAN_6_N002,ALL,1,70.00191,4,133
2022-09-03T18:45:00-00:00,2022-09-03T19:00:00-00:00,2022-09-03,12,KERMAN_6_N002,KERMAN_6_N002,KERMAN_6_N002,RTPD,MCE,LMP_ENE_PRC,KERMAN_6_N002,ALL,1,73.13248,4,133
2022-09-03T19:45:00-00:00,2022-09-03T20:00:00-00:00,2022-09-03,13,KERMAN_6_N002,KERMAN_6_N002,KERMAN_6_N002,RTPD,MCE,LMP_ENE_PRC,KERMAN_6_N002,ALL,1,73.69349,4,133
2022-09-03T20:45:00-00:00,2022-09-03T21:00:00-00:00,2022-09-03,14,KERMAN_6_N002,KERMAN_6_N002,KERMAN_6_N002,RTPD,MCE,LMP_ENE_PRC,KERMAN_6_N002,ALL,1,63.90304,4,133
2022-09-03T21:45:00-00:00,2022-09-03T22:00:00-00:00,2022-09-03,15,KERMAN_6_N002,KERMAN_6_N002,KERMAN_6_N002,RTPD,MCE,LMP_ENE_PRC,KERMAN_6_N002,ALL,1,66.4579,4,133
2022-09-03T22:45:00-00:00,2022-09-03T23:00:00-00:00,2022-09-03,16,KERMAN_6_N002,KERMAN_6_N002,KERMAN_6_N002,RTPD,MCE,LMP_ENE_PRC,KERMAN_6_N002,ALL,1,118.26591,4,133
2022-09-03T23:45:00-00:00,2022-09-04T00:00:00-00:00,2022-09-03,17,KERMAN_6_N002,KERMAN_6_N002,KERMAN_6_N002,RTPD,MCE,LMP_ENE_PRC,KERMAN_6_N002,ALL,1,116.80928,4,133
2022-09-04T00:45:00-00:00,2022-09-04T01:00:00-00:00,2022-09-03,18,KERMAN_6_N002,KERMAN_6_N002,KERMAN_6_N002,RTPD,MCE,LMP_ENE_PRC,KERMAN_6_N002,ALL,1,258.08282,4,133
2022-09-04T01:45:00-00:00,2022-09-04T02:00:00-00:00,2022-09-03,19,KERMAN_6_N002,KERMAN_6_N002,KERMAN_6_N002,RTPD,MCE,LMP_ENE_PRC,KERMAN_6_N002,ALL,1,349.2899,4,133
2022-09-04T02:45:00-00:00,2022-09-04T03:00:00-00:00,2022-09-03,20,KERMAN_6_N002,KERMAN_6_N002,KERMAN_6_N002,RTPD,MCE,LMP_ENE_PRC,KERMAN_6_N002,ALL,1,126.7922,4,133
2022-09-04T03:45:00-00:00,2022-09-04T04:00:00-00:00,2022-09-03,21,KERMAN_6_N002,KERMAN_6_N002,KERMAN_6_N002,RTPD,MCE,LMP_ENE_PRC,KERMAN_6_N002,ALL,1,83.08399,4,133
2022-09-04T04:45:00-00:00,2022-09-04T05:00:00-00:00,2022-09-03,22,KERMAN_6_N002,KERMAN_6_N002,KERMAN_6_N002,RTPD,MCE,LMP_ENE_PRC,KERMAN_6_N002,ALL,1,92.33352,4,133
2022-09-04T05:45:00-00:00,2022-09-04T06:00:00-00:00,2022-09-03,23,KERMAN_6_N002,KERMAN_6_N002,KERMAN_6_N002,RTPD,MCE,LMP_ENE_PRC,KERMAN_6_N002,ALL,1,99.18602,4,133
2022-09-04T06:45:00-00:00,2022-09-04T07:00:00-00:00,2022-09-03,24,KERMAN_6_N002,KERMAN_6_N002,KERMAN_6_N002,RTPD,MCE,LMP_ENE_PRC,KERMAN_6_N002,ALL,1,85.94384,4,133
2022-09-03T07:00:00-00:00,2022-09-03T07:15:00-00:00,2022-09-03,01,KERMAN_6_N002,KERMAN_6_N002,KERMAN_6_N002,RTPD,MCL,LMP_LOSS_PRC,KERMAN_6_N002,ALL,1,11.94952,1,134
2022-09-03T08:00:00-00:00,2022-09-03T08:15:00-00:00,2022-09-03,02,KERMAN_6_N002,KERMAN_6_N002,KERMAN_6_N002,RTPD,MCL,LMP_LOSS_PRC,KERMAN_6_N002,ALL,1,0,1,134
2022-09-03T09:00:00-00:00,2022-09-03T09:15:00-00:00,2022-09-03,03,KERMAN_6_N002,KERMAN_6_N002,KERMAN_6_N002,RTPD,MCL,LMP_LOSS_PRC,KERMAN_6_N002,ALL,1,0,1,134
2022-09-03T10:00:00-00:00,2022-09-03T10:15:00-00:00,2022-09-03,04,KERMAN_6_N002,KERMAN_6_N002,KERMAN_6_N002,RTPD,MCL,LMP_LOSS_PRC,KERMAN_6_N002,ALL,1,0,1,134
2022-09-03T11:00:00-00:00,2022-09-03T11:15:00-00:00,2022-09-03,05,KERMAN_6_N002,KERMAN_6_N002,KERMAN_6_N002,RTPD,MCL,LMP_LOSS_PRC,KERMAN_6_N002,ALL,1,0,1,134
2022-09-03T12:00:00-00:00,2022-09-03T12:15:00-00:00,2022-09-03,06,KERMAN_6_N002,KERMAN_6_N002,KERMAN_6_N002,RTPD,MCL,LMP_LOSS_PRC,KERMAN_6_N002,ALL,1,0,1,134
2022-09-03T13:00:00-00:00,2022-09-03T13:15:00-00:00,2022-09-03,07,KERMAN_6_N002,KERMAN_6_N002,KERMAN_6_N002,RTPD,MCL,LMP_LOSS_PRC,KERMAN_6_N002,ALL,1,0,1,134
2022-09-03T14:00:00-00:00,2022-09-03T14:15:00-00:00,2022-09-03,08,KERMAN_6_N002,KERMAN_6_N002,KERMAN_6_N002,RTPD,MCL,LMP_LOSS_PRC,KERMAN_6_N002,ALL,1,0,1,134
2022-09-03T15:00:00-00:00,2022-09-03T15:15:00-00:00,2022-09-03,09,KERMAN_6_N002,KERMAN_6_N002,KERMAN_6_N002,RTPD,MCL,LMP_LOSS_PRC,KERMAN_6_N002,ALL,1,2.03793,1,134
2022-09-03T16:00:00-00:00,2022-09-03T16:15:00-00:00,2022-09-03,10,KERMAN_6_N002,KERMAN_6_N002,KERMAN_6_N002,RTPD,MCL,LMP_LOSS_PRC,KERMAN_6_N002,ALL,1,1.38987,1,134
2022-09-03T17:00:00-00:00,2022-09-03T17:15:00-00:00,2022-09-03,11,KERMAN_6_N002,KERMAN_6_N002,KERMAN_6_N002,RTPD,MCL,LMP_LOSS_PRC,KERMAN_6_N002,ALL,1,1.82851,1,134
2022-09-03T18:00:00-00:00,2022-09-03T18:15:00-00:00,2022-09-03,12,KERMAN_6_N002,KERMAN_6_N002,KERMAN_6_N002,RTPD,MCL,LMP_LOSS_PRC,KERMAN_6_N002,ALL,1,2.00531,1,134
2022-09-03T19:00:00-00:00,2022-09-03T19:15:00-00:00,2022-09-03,13,KERMAN_6_N002,KERMAN_6_N002,KERMAN_6_N002,RTPD,MCL,LMP_LOSS_PRC,KERMAN_6_N002,ALL,1,1.31716,1,134
2022-09-03T20:00:00-00:00,2022-09-03T20:15:00-00:00,2022-09-03,14,KERMAN_6_N002,KERMAN_6_N002,KERMAN_6_N002,RTPD,MCL,LMP_LOSS_PRC,KERMAN_6_N002,ALL,1,1.23957,1,134
2022-09-03T21:00:00-00:00,2022-09-03T21:15:00-00:00,2022-09-03,15,KERMAN_6_N002,KERMAN_6_N002,KERMAN_6_N002,RTPD,MCL,LMP_LOSS_PRC,KERMAN_6_N002,ALL,1,1.11755,1,134
2022-09-03T22:00:00-00:00,2022-09-03T22:15:00-00:00,2022-09-03,16,KERMAN_6_N002,KERMAN_6_N002,KERMAN_6_N002,RTPD,MCL,LMP_LOSS_PRC,KERMAN_6_N002,ALL,1,0.56829,1,134
2022-09-03T23:00:00-00:00,2022-09-03T23:15:00-00:00,2022-09-03,17,KERMAN_6_N002,KERMAN_6_N002,KERMAN_6_N002,RTPD,MCL,LMP_LOSS_PRC,KERMAN_6_N002,ALL,1,3.83101,1,134
2022-09-04T00:00:00-00:00,2022-09-04T00:15:00-00:00,2022-09-03,18,KERMAN_6_N002,KERMAN_6_N002,KERMAN_6_N002,RTPD,MCL,LMP_LOSS_PRC,KERMAN_6_N002,ALL,1,6.1684,1,134
2022-09-04T01:00:00-00:00,2022-09-04T01:15:00-00:00,2022-09-03,19,KERMAN_6_N002,KERMAN_6_N002,KERMAN_6_N002,RTPD,MCL,LMP_LOSS_PRC,KERMAN_6_N002,ALL,1,16.34852,1,134
2022-09-04T02:00:00-00:00,2022-09-04T02:15:00-00:00,2022-09-03,20,KERMAN_6_N002,KERMAN_6_N002,KERMAN_6_N002,RTPD,MCL,LMP_LOSS_PRC,KERMAN_6_N002,ALL,1,13.98694,1,134
2022-09-04T03:00:00-00:00,2022-09-04T03:15:00-00:00,2022-09-03,21,KERMAN_6_N002,KERMAN_6_N002,KERMAN_6_N002,RTPD,MCL,LMP_LOSS_PRC,KERMAN_6_N002,ALL,1,14.7196,1,134
2022-09-04T04:00:00-00:00,2022-09-04T04:15:00-00:00,2022-09-03,22,KERMAN_6_N002,KERMAN_6_N002,KERMAN_6_N002,RTPD,MCL,LMP_LOSS_PRC,KERMAN_6_N002,ALL,1,15.13306,1,134
2022-09-04T05:00:00-00:00,2022-09-04T05:15:00-00:00,2022-09-03,23,KERMAN_6_N002,KERMAN_6_N002,KERMAN_6_N002,RTPD,MCL,LMP_LOSS_PRC,KERMAN_6_N002,ALL,1,16.44689,1,134
2022-09-04T06:00:00-00:00,2022-09-04T06:15:00-00:00,2022-09-03,24,KERMAN_6_N002,KERMAN_6_N002,KERMAN_6_N002,RTPD,MCL,LMP_LOSS_PRC,KERMAN_6_N002,ALL,1,12.88836,1,134
2022-09-03T07:15:00-00:00,2022-09-03T07:30:00-00:00,2022-09-03,01,KERMAN_6_N002,KERMAN_6_N002,KERMAN_6_N002,RTPD,MCL,LMP_LOSS_PRC,KERMAN_6_N002,ALL,1,11.12839,2,134
2022-09-03T08:15:00-00:00,2022-09-03T08:30:00-00:00,2022-09-03,02,KERMAN_6_N002,KERMAN_6_N002,KERMAN_6_N002,RTPD,MCL,LMP_LOSS_PRC,KERMAN_6_N002,ALL,1,0,2,134
2022-09-03T09:15:00-00:00,2022-09-03T09:30:00-00:00,2022-09-03,03,KERMAN_6_N002,KERMAN_6_N002,KERMAN_6_N002,RTPD,MCL,LMP_LOSS_PRC,KERMAN_6_N002,ALL,1,0,2,134
2022-09-03T10:15:00-00:00,2022-09-03T10:30:00-00:00,2022-09-03,04,KERMAN_6_N002,KERMAN_6_N002,KERMAN_6_N002,RTPD,MCL,LMP_LOSS_PRC,KERMAN_6_N002,ALL,1,0,2,134
2022-09-03T11:15:00-00:00,2022-09-03T11:30:00-00:00,2022-09-03,05,KERMAN_6_N002,KERMAN_6_N002,KERMAN_6_N002,RTPD,MCL,LMP_LOSS_PRC,KERMAN_6_N002,ALL,1,0,2,134
2022-09-03T12:15:00-00:00,2022-09-03T12:30:00-00:00,2022-09-03,06,KERMAN_6_N002,KERMAN_6_N002,KERMAN_6_N002,RTPD,MCL,LMP_LOSS_PRC,KERMAN_6_N002,ALL,1,0,2,134
2022-09-03T13:15:00-00:00,2022-09-03T13:30:00-00:00,2022-09-03,07,KERMAN_6_N002,KERMAN_6_N002,KERMAN_6_N002,RTPD,MCL,LMP_LOSS_PRC,KERMAN_6_N002,ALL,1,0,2,134
2022-09-03T14:15:00-00:00,2022-09-03T14:30:00-00:00,2022-09-03,08,KERMAN_6_N002,KERMAN_6_N002,KERMAN_6_N002,RTPD,MCL,LMP_LOSS_PRC,KERMAN_6_N002,ALL,1,0,2,134
2022-09-03T15:15:00-00:00,2022-09-03T15:30:00-00:00,2022-09-03,09,KERMAN_6_N002,KERMAN_6_N002,KERMAN_6_N002,RTPD,MCL,LMP_LOSS_PRC,KERMAN_6_N002,ALL,1,1.75587,2,134
2022-09-03T16:15:00-00:00,2022-09-03T16:30:00-00:00,2022-09-03,10,KERMAN_6_N002,KERMAN_6_N002,KERMAN_6_N002,RTPD,MCL,LMP_LOSS_PRC,KERMAN_6_N002,ALL,1,1.1796,2,134
2022-09-03T17:15:00-00:00,2022-09-03T17:30:00-00:00,2022-09-03,11,KERMAN_6_N002,KERMAN_6_N002,KERMAN_6_N002,RTPD,MCL,LMP_LOSS_PRC,KERMAN_6_N002,ALL,1,2.33572,2,134
2022-09-03T18:15:00-00:00,2022-09-03T18:30:00-00:00,2022-09-03,12,KERMAN_6_N002,KERMAN_6_N002,KERMAN_6_N002,RTPD,MCL,LMP_LOSS_PRC,KERMAN_6_N002,ALL,1,1.72717,2,134
2022-09-03T19:15:00-00:00,2022-09-03T19:30:00-00:00,2022-09-03,13,KERMAN_6_N002,KERMAN_6_N002,KERMAN_6_N002,RTPD,MCL,LMP_LOSS_PRC,KERMAN_6_N002,ALL,1,1.49701,2,134
2022-09-03T20:15:00-00:00,2022-09-03T20:30:00-00:00,2022-09-03,14,KERMAN_6_N002,KERMAN_6_N002,KERMAN_6_N002,RTPD,MCL,LMP_LOSS_PRC,KERMAN_6_N002,ALL,1,1.21875,2,134
2022-09-03T21:15:00-00:00,2022-09-03T21:30:00-00:00,2022-09-03,15,KERMAN_6_N002,KERMAN_6_N002,KERMAN_6_N002,RTPD,MCL,LMP_LOSS_PRC,KERMAN_6_N002,ALL,1,1.17739,2,134
2022-09-03T22:15:00-00:00,2022-09-03T22:30:00-00:00,2022-09-03,16,KERMAN_6_N002,KERMAN_6_N002,KERMAN_6_N002,RTPD,MCL,LMP_LOSS_PRC,KERMAN_6_N002,ALL,1,0.95485,2,134
2022-09-03T23:15:00-00:00,2022-09-03T23:30:00-00:00,2022-09-03,17,KERMAN_6_N002,KERMAN_6_N002,KERMAN_6_N002,RTPD,MCL,LMP_LOSS_PRC,KERMAN_6_N002,ALL,1,4.72793,2,134
2022-09-04T00:15:00-00:00,2022-09-04T00:30:00-00:00,2022-09-03,18,KERMAN_6_N002,KERMAN_6_N002,KERMAN_6_N002,RTPD,MCL,LMP_LOSS_PRC,KERMAN_6_N002,ALL,1,6.40654,2,134
2022-09-04T01:15:00-00:00,2022-09-04T01:30:00-00:00,2022-09-03,19,KERMAN_6_N002,KERMAN_6_N002,KERMAN_6_N002,RTPD,MCL,LMP_LOSS_PRC,KERMAN_6_N002,ALL,1,23.44364,2,134
2022-09-04T02:15:00-00:00,2022-09-04T02:30:00-00:00,2022-09-03,20,KERMAN_6_N002,KERMAN_6_N002,KERMAN_6_N002,RTPD,MCL,LMP_LOSS_PRC,KERMAN_6_N002,ALL,1,16.35067,2,134
2022-09-04T03:15:00-00:00,2022-09-04T03:30:00-00:00,2022-09-03,21,KERMAN_6_N002,KERMAN_6_N002,KERMAN_6_N002,RTPD,MCL,LMP_LOSS_PRC,KERMAN_6_N002,ALL,1,12.366,2,134
2022-09-04T04:15:00-00:00,2022-09-04T04:30:00-00:00,2022-09-03,22,KERMAN_6_N002,KERMAN_6_N002,KERMAN_6_N002,RTPD,MCL,LMP_LOSS_PRC,KERMAN_6_N002,ALL,1,14.79138,2,134
2022-09-04T05:15:00-00:00,2022-09-04T05:30:00-00:00,2022-09-03,23,KERMAN_6_N002,KERMAN_6_N002,KERMAN_6_N002,RTPD,MCL,LMP_LOSS_PRC,KERMAN_6_N002,ALL,1,14.5535,2,134
2022-09-04T06:15:00-00:00,2022-09-04T06:30:00-00:00,2022-09-03,24,KERMAN_6_N002,KERMAN_6_N002,KERMAN_6_N002,RTPD,MCL,LMP_LOSS_PRC,KERMAN_6_N002,ALL,1,11.57202,2,134
2022-09-03T07:30:00-00:00,2022-09-03T07:45:00-00:00,2022-09-03,01,KERMAN_6_N002,KERMAN_6_N002,KERMAN_6_N002,RTPD,MCL,LMP_LOSS_PRC,KERMAN_6_N002,ALL,1,10.59139,3,134
2022-09-03T08:30:00-00:00,2022-09-03T08:45:00-00:00,2022-09-03,02,KERMAN_6_N002,KERMAN_6_N002,KERMAN_6_N002,RTPD,MCL,LMP_LOSS_PRC,KERMAN_6_N002,ALL,1,0,3,134
2022-09-03T09:30:00-00:00,2022-09-03T09:45:00-00:00,2022-09-03,03,KERMAN_6_N002,KERMAN_6_N002,KERMAN_6_N002,RTPD,MCL,LMP_LOSS_PRC,KERMAN_6_N002,ALL,1,0,3,134
2022-09-03T10:30:00-00:00,2022-09-03T10:45:00-00:00,2022-09-03,04,KERMAN_6_N002,KERMAN_6_N002,KERMAN_6_N002,RTPD,MCL,LMP_LOSS_PRC,KERMAN_6_N002,ALL,1,0,3,134
2022-09-03T11:30:00-00:00,2022-09-03T11:45:00-00:00,2022-09-03,05,KERMAN_6_N002,KERMAN_6_N002,KERMAN_6_N002,RTPD,MCL,LMP_LOSS_PRC,KERMAN_6_N002,ALL,1,0,3,134
2022-09-03T12:30:00-00:00,2022-09-03T12:45:00-00:00,2022-09-03,06,KERMAN_6_N002,KERMAN_6_N002,KERMAN_6_N002,RTPD,MCL,LMP_LOSS_PRC,KERMAN_6_N002,ALL,1,0,3,134
2022-09-03T13:30:00-00:00,2022-09-03T13:45:00-00:00,2022-09-03,07,KERMAN_6_N002,KERMAN_6_N002,KERMAN_6_N002,RTPD,MCL,LMP_LOSS_PRC,KERMAN_6_N002,ALL,1,0,3,134
2022-09-03T14:30:00-00:00,2022-09-03T14:45:00-00:00,2022-09-03,08,KERMAN_6_N002,KERMAN_6_N002,KERMAN_6_N002,RTPD,MCL,LMP_LOSS_PRC,KERMAN_6_N002,ALL,1,0,3,134
2022-09-03T15:30:00-00:00,2022-09-03T15:45:00-00:00,2022-09-03,09,KERMAN_6_N002,KERMAN_6_N002,KERMAN_6_N002,RTPD,MCL,LMP_LOSS_PRC,KERMAN_6_N002,ALL,1,1.41209,3,134
2022-09-03T16:30:00-00:00,2022-09-03T16:45:00-00:00,2022-09-03,10,KERMAN_6_N002,KERMAN_6_N002,KERMAN_6_N002,RTPD,MCL,LMP_LOSS_PRC,KERMAN_6_N002,ALL,1,1.04636,3,134
2022-09-03T17:30:00-00:00,2022-09-03T17:45:00-00:00,2022-09-03,11,KERMAN_6_N002,KERMAN_6_N002,KERMAN_6_N002,RTPD,MCL,LMP_LOSS_PRC,KERMAN_6_N002,ALL,1,2.29552,3,134
2022-09-03T18:30:00-00:00,2022-09-03T18:45:00-00:00,2022-09-03,12,KERMAN_6_N002,KERMAN_6_N002,KERMAN_6_N002,RTPD,MCL,LMP_LOSS_PRC,KERMAN_6_N002,ALL,1,1.86524,3,134
2022-09-03T19:30:00-00:00,2022-09-03T19:45:00-00:00,2022-09-03,13,KERMAN_6_N002,KERMAN_6_N002,KERMAN_6_N002,RTPD,MCL,LMP_LOSS_PRC,KERMAN_6_N002,ALL,1,0,3,134
2022-09-03T20:30:00-00:00,2022-09-03T20:45:00-00:00,2022-09-03,14,KERMAN_6_N002,KERMAN_6_N002,KERMAN_6_N002,RTPD,MCL,LMP_LOSS_PRC,KERMAN_6_N002,ALL,1,1.33471,3,134
2022-09-03T21:30:00-00:00,2022-09-03T21:45:00-00:00,2022-09-03,15,KERMAN_6_N002,KERMAN_6_N002,KERMAN_6_N002,RTPD,MCL,LMP_LOSS_PRC,KERMAN_6_N002,ALL,1,0.68959,3,134
2022-09-03T22:30:00-00:00,2022-09-03T22:45:00-00:00,2022-09-03,16,KERMAN_6_N002,KERMAN_6_N002,KERMAN_6_N002,RTPD,MCL,LMP_LOSS_PRC,KERMAN_6_N002,ALL,1,3.06492,3,134
2022-09-03T23:30:00-00:00,2022-09-03T23:45:00-00:00,2022-09-03,17,KERMAN_6_N002,KERMAN_6_N002,KERMAN_6_N002,RTPD,MCL,LMP_LOSS_PRC,KERMAN_6_N002,ALL,1,5.36306,3,134
2022-09-04T00:30:00-00:00,2022-09-04T00:45:00-00:00,2022-09-03,18,KERMAN_6_N002,KERMAN_6_N002,KERMAN_6_N002,RTPD,MCL,LMP_LOSS_PRC,KERMAN_6_N002,ALL,1,9.00136,3,134
2022-09-04T01:30:00-00:00,2022-09-04T01:45:00-00:00,2022-09-03,19,KERMAN_6_N002,KERMAN_6_N002,KERMAN_6_N002,RTPD,MCL,LMP_LOSS_PRC,KERMAN_6_N002,ALL,1,44.2197,3,134
2022-09-04T02:30:00-00:00,2022-09-04T02:45:00-00:00,2022-09-03,20,KERMAN_6_N002,KERMAN_6_N002,KERMAN_6_N002,RTPD,MCL,LMP_LOSS_PRC,KERMAN_6_N002,ALL,1,15.67233,3,134
2022-09-04T03:30:00-00:00,2022-09-04T03:45:00-00:00,2022-09-03,21,KERMAN_6_N002,KERMAN_6_N002,KERMAN_6_N002,RTPD,MCL,LMP_LOSS_PRC,KERMAN_6_N002,ALL,1,11.66235,3,134
2022-09-04T04:30:00-00:00,2022-09-04T04:45:00-00:00,2022-09-03,22,KERMAN_6_N002,KERMAN_6_N002,KERMAN_6_N002,RTPD,MCL,LMP_LOSS_PRC,KERMAN_6_N002,ALL,1,13.10478,3,134
2022-09-04T05:30:00-00:00,2022-09-04T05:45:00-00:00,2022-09-03,23,KERMAN_6_N002,KERMAN_6_N002,KERMAN_6_N002,RTPD,MCL,LMP_LOSS_PRC,KERMAN_6_N002,ALL,1,13.25637,3,134
2022-09-04T06:30:00-00:00,2022-09-04T06:45:00-00:00,2022-09-03,24,KERMAN_6_N002,KERMAN_6_N002,KERMAN_6_N002,RTPD,MCL,LMP_LOSS_PRC,KERMAN_6_N002,ALL,1,10.84402,3,134
2022-09-03T07:45:00-00:00,2022-09-03T08:00:00-00:00,2022-09-03,01,KERMAN_6_N002,KERMAN_6_N002,KERMAN_6_N002,RTPD,MCL,LMP_LOSS_PRC,KERMAN_6_N002,ALL,1,0,4,134
2022-09-03T08:45:00-00:00,2022-09-03T09:00:00-00:00,2022-09-03,02,KERMAN_6_N002,KERMAN_6_N002,KERMAN_6_N002,RTPD,MCL,LMP_LOSS_PRC,KERMAN_6_N002,ALL,1,10.03158,4,134
2022-09-03T09:45:00-00:00,2022-09-03T10:00:00-00:00,2022-09-03,03,KERMAN_6_N002,KERMAN_6_N002,KERMAN_6_N002,RTPD,MCL,LMP_LOSS_PRC,KERMAN_6_N002,ALL,1,8.49885,4,134
2022-09-03T10:45:00-00:00,2022-09-03T11:00:00-00:00,2022-09-03,04,KERMAN_6_N002,KERMAN_6_N002,KERMAN_6_N002,RTPD,MCL,LMP_LOSS_PRC,KERMAN_6_N002,ALL,1,9.50981,4,134
2022-09-03T11:45:00-00:00,2022-09-03T12:00:00-00:00,2022-09-03,05,KERMAN_6_N002,KERMAN_6_N002,KERMAN_6_N002,RTPD,MCL,LMP_LOSS_PRC,KERMAN_6_N002,ALL,1,7.38755,4,134
2022-09-03T12:45:00-00:00,2022-09-03T13:00:00-00:00,2022-09-03,06,KERMAN_6_N002,KERMAN_6_N002,KERMAN_6_N002,RTPD,MCL,LMP_LOSS_PRC,KERMAN_6_N002,ALL,1,7.08545,4,134
2022-09-03T13:45:00-00:00,2022-09-03T14:00:00-00:00,2022-09-03,07,KERMAN_6_N002,KERMAN_6_N002,KERMAN_6_N002,RTPD,MCL,LMP_LOSS_PRC,KERMAN_6_N002,ALL,1,4.98768,4,134
2022-09-03T14:45:00-00:00,2022-09-03T15:00:00-00:00,2022-09-03,08,KERMAN_6_N002,KERMAN_6_N002,KERMAN_6_N002,RTPD,MCL,LMP_LOSS_PRC,KERMAN_6_N002,ALL,1,0,4,134
2022-09-03T15:45:00-00:00,2022-09-03T16:00:00-00:00,2022-09-03,09,KERMAN_6_N002,KERMAN_6_N002,KERMAN_6_N002,RTPD,MCL,LMP_LOSS_PRC,KERMAN_6_N002,ALL,1,1.4049,4,134
2022-09-03T16:45:00-00:00,2022-09-03T17:00:00-00:00,2022-09-03,10,KERMAN_6_N002,KERMAN_6_N002,KERMAN_6_N002,RTPD,MCL,LMP_LOSS_PRC,KERMAN_6_N002,ALL,1,1.79379,4,134
2022-09-03T17:45:00-00:00,2022-09-03T18:00:00-00:00,2022-09-03,11,KERMAN_6_N002,KERMAN_6_N002,KERMAN_6_N002,RTPD,MCL,LMP_LOSS_PRC,KERMAN_6_N002,ALL,1,2.54107,4,134
2022-09-03T18:45:00-00:00,2022-09-03T19:00:00-00:00,2022-09-03,12,KERMAN_6_N002,KERMAN_6_N002,KERMAN_6_N002,RTPD,MCL,LMP_LOSS_PRC,KERMAN_6_N002,ALL,1,0,4,134
2022-09-03T19:45:00-00:00,2022-09-03T20:00:00-00:00,2022-09-03,13,KERMAN_6_N002,KERMAN_6_N002,KERMAN_6_N002,RTPD,MCL,LMP_LOSS_PRC,KERMAN_6_N002,ALL,1,0,4,134
2022-09-03T20:45:00-00:00,2022-09-03T21:00:00-00:00,2022-09-03,14,KERMAN_6_N002,KERMAN_6_N002,KERMAN_6_N002,RTPD,MCL,LMP_LOSS_PRC,KERMAN_6_N002,ALL,1,1.15025,4,134
2022-09-03T21:45:00-00:00,2022-09-03T22:00:00-00:00,2022-09-03,15,KERMAN_6_N002,KERMAN_6_N002,KERMAN_6_N002,RTPD,MCL,LMP_LOSS_PRC,KERMAN_6_N002,ALL,1,0.17279,4,134
2022-09-03T22:45:00-00:00,2022-09-03T23:00:00-00:00,2022-09-03,16,KERMAN_6_N002,KERMAN_6_N002,KERMAN_6_N002,RTPD,MCL,LMP_LOSS_PRC,KERMAN_6_N002,ALL,1,2.9803,4,134
2022-09-03T23:45:00-00:00,2022-09-04T00:00:00-00:00,2022-09-03,17,KERMAN_6_N002,KERMAN_6_N002,KERMAN_6_N002,RTPD,MCL,LMP_LOSS_PRC,KERMAN_6_N002,ALL,1,7.73277,4,134
2022-09-04T00:45:00-00:00,2022-09-04T01:00:00-00:00,2022-09-03,18,KERMAN_6_N002,KERMAN_6_N002,KERMAN_6_N002,RTPD,MCL,LMP_LOSS_PRC,KERMAN_6_N002,ALL,1,0,4,134
2022-09-04T01:45:00-00:00,2022-09-04T02:00:00-00:00,2022-09-03,19,KERMAN_6_N002,KERMAN_6_N002,KERMAN_6_N002,RTPD,MCL,LMP_LOSS_PRC,KERMAN_6_N002,ALL,1,41.07649,4,134
2022-09-04T02:45:00-00:00,2022-09-04T03:00:00-00:00,2022-09-03,20,KERMAN_6_N002,KERMAN_6_N002,KERMAN_6_N002,RTPD,MCL,LMP_LOSS_PRC,KERMAN_6_N002,ALL,1,15.9251,4,134
2022-09-04T03:45:00-00:00,2022-09-04T04:00:00-00:00,2022-09-03,21,KERMAN_6_N002,KERMAN_6_N002,KERMAN_6_N002,RTPD,MCL,LMP_LOSS_PRC,KERMAN_6_N002,ALL,1,10.31903,4,134
2022-09-04T04:45:00-00:00,2022-09-04T05:00:00-00:00,2022-09-03,22,KERMAN_6_N002,KERMAN_6_N002,KERMAN_6_N002,RTPD,MCL,LMP_LOSS_PRC,KERMAN_6_N002,ALL,1,12.36346,4,134
2022-09-04T05:45:00-00:00,2022-09-04T06:00:00-00:00,2022-09-03,23,KERMAN_6_N002,KERMAN_6_N002,KERMAN_6_N002,RTPD,MCL,LMP_LOSS_PRC,KERMAN_6_N002,ALL,1,11.54525,4,134
2022-09-04T06:45:00-00:00,2022-09-04T07:00:00-00:00,2022-09-03,24,KERMAN_6_N002,KERMAN_6_N002,KERMAN_6_N002,RTPD,MCL,LMP_LOSS_PRC,KERMAN_6_N002,ALL,1,9.67728,4,134
2022-09-03T07:00:00-00:00,2022-09-03T07:15:00-00:00,2022-09-03,01,KERMAN_6_N002,KERMAN_6_N002,KERMAN_6_N002,RTPD,MGHG,LMP_GHG_PRC,KERMAN_6_N002,ALL,1,0,1,135
2022-09-03T08:00:00-00:00,2022-09-03T08:15:00-00:00,2022-09-03,02,KERMAN_6_N002,KERMAN_6_N002,KERMAN_6_N002,RTPD,MGHG,LMP_GHG_PRC,KERMAN_6_N002,ALL,1,0,1,135
2022-09-03T09:00:00-00:00,2022-09-03T09:15:00-00:00,2022-09-03,03,KERMAN_6_N002,KERMAN_6_N002,KERMAN_6_N002,RTPD,MGHG,LMP_GHG_PRC,KERMAN_6_N002,ALL,1,0,1,135
2022-09-03T10:00:00-00:00,2022-09-03T10:15:00-00:00,2022-09-03,04,KERMAN_6_N002,KERMAN_6_N002,KERMAN_6_N002,RTPD,MGHG,LMP_GHG_PRC,KERMAN_6_N002,ALL,1,0,1,135
2022-09-03T11:00:00-00:00,2022-09-03T11:15:00-00:00,2022-09-03,05,KERMAN_6_N002,KERMAN_6_N002,KERMAN_6_N002,RTPD,MGHG,LMP_GHG_PRC,KERMAN_6_N002,ALL,1,0,1,135
2022-09-03T12:00:00-00:00,2022-09-03T12:15:00-00:00,2022-09-03,06,KERMAN_6_N002,KERMAN_6_N002,KERMAN_6_N002,RTPD,MGHG,LMP_GHG_PRC,KERMAN_6_N002,ALL,1,0,1,135
2022-09-03T13:00:00-00:00,2022-09-03T13:15:00-00:00,2022-09-03,07,KERMAN_6_N002,KERMAN_6_N002,KERMAN_6_N002,RTPD,MGHG,LMP_GHG_PRC,KERMAN_6_N002,ALL,1,0,1,135
2022-09-03T14:00:00-00:00,2022-09-03T14:15:00-00:00,2022-09-03,08,KERMAN_6_N002,KERMAN_6_N002,KERMAN_6_N002,RTPD,MGHG,LMP_GHG_PRC,KERMAN_6_N002,ALL,1,0,1,135
2022-09-03T15:00:00-00:00,2022-09-03T15:15:00-00:00,2022-09-03,09,KERMAN_6_N002,KERMAN_6_N002,KERMAN_6_N002,RTPD,MGHG,LMP_GHG_PRC,KERMAN_6_N002,ALL,1,0,1,135
2022-09-03T16:00:00-00:00,2022-09-03T16:15:00-00:00,2022-09-03,10,KERMAN_6_N002,KERMAN_6_N002,KERMAN_6_N002,RTPD,MGHG,LMP_GHG_PRC,KERMAN_6_N002,ALL,1,0,1,135
2022-09-03T17:00:00-00:00,2022-09-03T17:15:00-00:00,2022-09-03,11,KERMAN_6_N002,KERMAN_6_N002,KERMAN_6_N002,RTPD,MGHG,LMP_GHG_PRC,KERMAN_6_N002,ALL,1,0,1,135
2022-09-03T18:00:00-00:00,2022-09-03T18:15:00-00:00,2022-09-03,12,KERMAN_6_N002,KERMAN_6_N002,KERMAN_6_N002,RTPD,MGHG,LMP_GHG_PRC,KERMAN_6_N002,ALL,1,0,1,135
2022-09-03T19:00:00-00:00,2022-09-03T19:15:00-00:00,2022-09-03,13,KERMAN_6_N002,KERMAN_6_N002,KERMAN_6_N002,RTPD,MGHG,LMP_GHG_PRC,KERMAN_6_N002,ALL,1,0,1,135
2022-09-03T20:00:00-00:00,2022-09-03T20:15:00-00:00,2022-09-03,14,KERMAN_6_N002,KERMAN_6_N002,KERMAN_6_N002,RTPD,MGHG,LMP_GHG_PRC,KERMAN_6_N002,ALL,1,0,1,135
2022-09-03T21:00:00-00:00,2022-09-03T21:15:00-00:00,2022-09-03,15,KERMAN_6_N002,KERMAN_6_N002,KERMAN_6_N002,RTPD,MGHG,LMP_GHG_PRC,KERMAN_6_N002,ALL,1,0,1,135
2022-09-03T22:00:00-00:00,2022-09-03T22:15:00-00:00,2022-09-03,16,KERMAN_6_N002,KERMAN_6_N002,KERMAN_6_N002,RTPD,MGHG,LMP_GHG_PRC,KERMAN_6_N002,ALL,1,0,1,135
2022-09-03T23:00:00-00:00,2022-09-03T23:15:00-00:00,2022-09-03,17,KERMAN_6_N002,KERMAN_6_N002,KERMAN_6_N002,RTPD,MGHG,LMP_GHG_PRC,KERMAN_6_N002,ALL,1,0,1,135
2022-09-04T00:00:00-00:00,2022-09-04T00:15:00-00:00,2022-09-03,18,KERMAN_6_N002,KERMAN_6_N002,KERMAN_6_N002,RTPD,MGHG,LMP_GHG_PRC,KERMAN_6_N002,ALL,1,0,1,135
2022-09-04T01:00:00-00:00,2022-09-04T01:15:00-00:00,2022-09-03,19,KERMAN_6_N002,KERMAN_6_N002,KERMAN_6_N002,RTPD,MGHG,LMP_GHG_PRC,KERMAN_6_N002,ALL,1,0,1,135
2022-09-04T02:00:00-00:00,2022-09-04T02:15:00-00:00,2022-09-03,20,KERMAN_6_N002,KERMAN_6_N002,KERMAN_6_N002,RTPD,MGHG,LMP_GHG_PRC,KERMAN_6_N002,ALL,1,0,1,135
2022-09-04T03:00:00-00:00,2022-09-04T03:15:00-00:00,2022-09-03,21,KERMAN_6_N002,KERMAN_6_N002,KERMAN_6_N002,RTPD,MGHG,LMP_GHG_PRC,KERMAN_6_N002,ALL,1,0,1,135
2022-09-04T04:00:00-00:00,2022-09-04T04:15:00-00:00,2022-09-03,22,KERMAN_6_N002,KERMAN_6_N002,KERMAN_6_N002,RTPD,MGHG,LMP_GHG_PRC,KERMAN_6_N002,ALL,1,0,1,135
2022-09-04T05:00:00-00:00,2022-09-04T05:15:00-00:00,2022-09-03,23,KERMAN_6_N002,KERMAN_6_N002,KERMAN_6_N002,RTPD,MGHG,LMP_GHG_PRC,KERMAN_6_N002,ALL,1,0,1,135
2022-09-04T06:00:00-00:00,2022-09-04T06:15:00-00:00,2022-09-03,24,KERMAN_6_N002,KERMAN_6_N002,KERMAN_6_N002,RTPD,MGHG,LMP_GHG_PRC,KERMAN_6_N002,ALL,1,0,1,135
2022-09-03T07:15:00-00:00,2022-09-03T07:30:00-00:00,2022-09-03,01,KERMAN_6_N002,KERMAN_6_N002,KERMAN_6_N002,RTPD,MGHG,LMP_GHG_PRC,KERMAN_6_N002,ALL,1,0,2,135
2022-09-03T08:15:00-00:00,2022-09-03T08:30:00-00:00,2022-09-03,02,KERMAN_6_N002,KERMAN_6_N002,KERMAN_6_N002,RTPD,MGHG,LMP_GHG_PRC,KERMAN_6_N002,ALL,1,0,2,135
2022-09-03T09:15:00-00:00,2022-09-03T09:30:00-00:00,2022-09-03,03,KERMAN_6_N002,KERMAN_6_N002,KERMAN_6_N002,RTPD,MGHG,LMP_GHG_PRC,KERMAN_6_N002,ALL,1,0,2,135
2022-09-03T10:15:00-00:00,2022-09-03T10:30:00-00:00,2022-09-03,04,KERMAN_6_N002,KERMAN_6_N002,KERMAN_6_N002,RTPD,MGHG,LMP_GHG_PRC,KERMAN_6_N002,ALL,1,0,2,135
2022-09-03T11:15:00-00:00,2022-09-03T11:30:00-00:00,2022-09-03,05,KERMAN_6_N002,KERMAN_6_N002,KERMAN_6_N002,RTPD,MGHG,LMP_GHG_PRC,KERMAN_6_N002,ALL,1,0,2,135
2022-09-03T12:15:00-00:00,2022-09-03T12:30:00-00:00,2022-09-03,06,KERMAN_6_N002,KERMAN_6_N002,KERMAN_6_N002,RTPD,MGHG,LMP_GHG_PRC,KERMAN_6_N002,ALL,1,0,2,135
2022-09-03T13:15:00-00:00,2022-09-03T13:30:00-00:00,2022-09-03,07,KERMAN_6_N002,KERMAN_6_N002,KERMAN_6_N002,RTPD,MGHG,LMP_GHG_PRC,KERMAN_6_N002,ALL,1,0,2,135
2022-09-03T14:15:00-00:00,2022-09-03T14:30:00-00:00,2022-09-03,08,KERMAN_6_N002,KERMAN_6_N002,KERMAN_6_N002,RTPD,MGHG,LMP_GHG_PRC,KERMAN_6_N002,ALL,1,0,2,135
2022-09-03T15:15:00-00:00,2022-09-03T15:30:00-00:00,2022-09-03,09,KERMAN_6_N002,KERMAN_6_N002,KERMAN_6_N002,RTPD,MGHG,LMP_GHG_PRC,KERMAN_6_N002,ALL,1,0,2,135
2022-09-03T16:15:00-00:00,2022-09-03T16:30:00-00:00,2022-09-03,10,KERMAN_6_N002,KERMAN_6_N002,KERMAN_6_N002,RTPD,MGHG,LMP_GHG_PRC,KERMAN_6_N002,ALL,1,0,2,135
2022-09-03T17:15:00-00:00,2022-09-03T17:30:00-00:00,2022-09-03,11,KERMAN_6_N002,KERMAN_6_N002,KERMAN_6_N002,RTPD,MGHG,LMP_GHG_PRC,KERMAN_6_N002,ALL,1,0,2,135
2022-09-03T18:15:00-00:00,2022-09-03T18:30:00-00:00,2022-09-03,12,KERMAN_6_N002,KERMAN_6_N002,KERMAN_6_N002,RTPD,MGHG,LMP_GHG_PRC,KERMAN_6_N002,ALL,1,0,2,135
2022-09-03T19:15:00-00:00,2022-09-03T19:30:00-00:00,2022-09-03,13,KERMAN_6_N002,KERMAN_6_N002,KERMAN_6_N002,RTPD,MGHG,LMP_GHG_PRC,KERMAN_6_N002,ALL,1,0,2,135
2022-09-03T20:15:00-00:00,2022-09-03T20:30:00-00:00,2022-09-03,14,KERMAN_6_N002,KERMAN_6_N002,KERMAN_6_N002,RTPD,MGHG,LMP_GHG_PRC,KERMAN_6_N002,ALL,1,0,2,135
2022-09-03T21:15:00-00:00,2022-09-03T21:30:00-00:00,2022-09-03,15,KERMAN_6_N002,KERMAN_6_N002,KERMAN_6_N002,RTPD,MGHG,LMP_GHG_PRC,KERMAN_6_N002,ALL,1,0,2,135
2022-09-03T22:15:00-00:00,2022-09-03T22:30:00-00:00,2022-09-03,16,KERMAN_6_N002,KERMAN_6_N002,KERMAN_6_N002,RTPD,MGHG,LMP_GHG_PRC,KERMAN_6_N002,ALL,1,0,2,135
2022-09-03T23:15:00-00:00,2022-09-03T23:30:00-00:00,2022-09-03,17,KERMAN_6_N002,KERMAN_6_N002,KERMAN_6_N002,RTPD,MGHG,LMP_GHG_PRC,KERMAN_6_N002,ALL,1,0,2,135
2022-09-04T00:15:00-00:00,2022-09-04T00:30:00-00:00,2022-09-03,18,KERMAN_6_N002,KERMAN_6_N002,KERMAN_6_N002,RTPD,MGHG,LMP_GHG_PRC,KERMAN_6_N002,ALL,1,0,2,135
2022-09-04T01:15:00-00:00,2022-09-04T01:30:00-00:00,2022-09-03,19,KERMAN_6_N002,KERMAN_6_N002,KERMAN_6_N002,RTPD,MGHG,LMP_GHG_PRC,KERMAN_6_N002,ALL,1,0,2,135
2022-09-04T02:15:00-00:00,2022-09-04T02:30:00-00:00,2022-09-03,20,KERMAN_6_N002,KERMAN_6_N002,KERMAN_6_N002,RTPD,MGHG,LMP_GHG_PRC,KERMAN_6_N002,ALL,1,0,2,135
2022-09-04T03:15:00-00:00,2022-09-04T03:30:00-00:00,2022-09-03,21,KERMAN_6_N002,KERMAN_6_N002,KERMAN_6_N002,RTPD,MGHG,LMP_GHG_PRC,KERMAN_6_N002,ALL,1,0,2,135
2022-09-04T04:15:00-00:00,2022-09-04T04:30:00-00:00,2022-09-03,22,KERMAN_6_N002,KERMAN_6_N002,KERMAN_6_N002,RTPD,MGHG,LMP_GHG_PRC,KERMAN_6_N002,ALL,1,0,2,135
2022-09-04T05:15:00-00:00,2022-09-04T05:30:00-00:00,2022-09-03,23,KERMAN_6_N002,KERMAN_6_N002,KERMAN_6_N002,RTPD,MGHG,LMP_GHG_PRC,KERMAN_6_N002,ALL,1,0,2,135
2022-09-04T06:15:00-00:00,2022-09-04T06:30:00-00:00,2022-09-03,24,KERMAN_6_N002,KERMAN_6_N002,KERMAN_6_N002,RTPD,MGHG,LMP_GHG_PRC,KERMAN_6_N002,ALL,1,0,2,135
2022-09-03T07:30:00-00:00,2022-09-03T07:45:00-00:00,2022-09-03,01,KERMAN_6_N002,KERMAN_6_N002,KERMAN_6_N002,RTPD,MGHG,LMP_GHG_PRC,KERMAN_6_N002,ALL,1,0,3,135
2022-09-03T08:30:00-00:00,2022-09-03T08:45:00-00:00,2022-09-03,02,KERMAN_6_N002,KERMAN_6_N002,KERMAN_6_N002,RTPD,MGHG,LMP_GHG_PRC,KERMAN_6_N002,ALL,1,0,3,135
2022-09-03T09:30:00-00:00,2022-09-03T09:45:00-00:00,2022-09-03,03,KERMAN_6_N002,KERMAN_6_N002,KERMAN_6_N002,RTPD,MGHG,LMP_GHG_PRC,KERMAN_6_N002,ALL,1,0,3,135
2022-09-03T10:30:00-00:00,2022-09-03T10:45:00-00:00,2022-09-03,04,KERMAN_6_N002,KERMAN_6_N002,KERMAN_6_N002,RTPD,MGHG,LMP_GHG_PRC,KERMAN_6_N002,ALL,1,0,3,135
2022-09-03T11:30:00-00:00,2022-09-03T11:45:00-00:00,2022-09-03,05,KERMAN_6_N002,KERMAN_6_N002,KERMAN_6_N002,RTPD,MGHG,LMP_GHG_PRC,KERMAN_6_N002,ALL,1,0,3,135
2022-09-03T12:30:00-00:00,2022-09-03T12:45:00-00:00,2022-09-03,06,KERMAN_6_N002,KERMAN_6_N002,KERMAN_6_N002,RTPD,MGHG,LMP_GHG_PRC,KERMAN_6_N002,ALL,1,0,3,135
2022-09-03T13:30:00-00:00,2022-09-03T13:45:00-00:00,2022-09-03,07,KERMAN_6_N002,KERMAN_6_N002,KERMAN_6_N002,RTPD,MGHG,LMP_GHG_PRC,KERMAN_6_N002,ALL,1,0,3,135
2022-09-03T14:30:00-00:00,2022-09-03T14:45:00-00:00,2022-09-03,08,KERMAN_6_N002,KERMAN_6_N002,KERMAN_6_N002,RTPD,MGHG,LMP_GHG_PRC,KERMAN_6_N002,ALL,1,0,3,135
2022-09-03T15:30:00-00:00,2022-09-03T15:45:00-00:00,2022-09-03,09,KERMAN_6_N002,KERMAN_6_N002,KERMAN_6_N002,RTPD,MGHG,LMP_GHG_PRC,KERMAN_6_N002,ALL,1,0,3,135
2022-09-03T16:30:00-00:00,2022-09-03T16:45:00-00:00,2022-09-03,10,KERMAN_6_N002,KERMAN_6_N002,KERMAN_6_N002,RTPD,MGHG,LMP_GHG_PRC,KERMAN_6_N002,ALL,1,0,3,135
2022-09-03T17:30:00-00:00,2022-09-03T17:45:00-00:00,2022-09-03,11,KERMAN_6_N002,KERMAN_6_N002,KERMAN_6_N002,RTPD,MGHG,LMP_GHG_PRC,KERMAN_6_N002,ALL,1,0,3,135
2022-09-03T18:30:00-00:00,2022-09-03T18:45:00-00:00,2022-09-03,12,KERMAN_6_N002,KERMAN_6_N002,KERMAN_6_N002,RTPD,MGHG,LMP_GHG_PRC,KERMAN_6_N002,ALL,1,0,3,135
2022-09-03T19:30:00-00:00,2022-09-03T19:45:00-00:00,2022-09-03,13,KERMAN_6_N002,KERMAN_6_N002,KERMAN_6_N002,RTPD,MGHG,LMP_GHG_PRC,KERMAN_6_N002,ALL,1,0,3,135
2022-09-03T20:30:00-00:00,2022-09-03T20:45:00-00:00,2022-09-03,14,KERMAN_6_N002,KERMAN_6_N002,KERMAN_6_N002,RTPD,MGHG,LMP_GHG_PRC,KERMAN_6_N002,ALL,1,0,3,135
2022-09-03T21:30:00-00:00,2022-09-03T21:45:00-00:00,2022-09-03,15,KERMAN_6_N002,KERMAN_6_N002,KERMAN_6_N002,RTPD,MGHG,LMP_GHG_PRC,KERMAN_6_N002,ALL,1,0,3,135
2022-09-03T22:30:00-00:00,2022-09-03T22:45:00-00:00,2022-09-03,16,KERMAN_6_N002,KERMAN_6_N002,KERMAN_6_N002,RTPD,MGHG,LMP_GHG_PRC,KERMAN_6_N002,ALL,1,0,3,135
2022-09-03T23:30:00-00:00,2022-09-03T23:45:00-00:00,2022-09-03,17,KERMAN_6_N002,KERMAN_6_N002,KERMAN_6_N002,RTPD,MGHG,LMP_GHG_PRC,KERMAN_6_N002,ALL,1,0,3,135
2022-09-04T00:30:00-00:00,2022-09-04T00:45:00-00:00,2022-09-03,18,KERMAN_6_N002,KERMAN_6_N002,KERMAN_6_N002,RTPD,MGHG,LMP_GHG_PRC,KERMAN_6_N002,ALL,1,0,3,135
2022-09-04T01:30:00-00:00,2022-09-04T01:45:00-00:00,2022-09-03,19,KERMAN_6_N002,KERMAN_6_N002,KERMAN_6_N002,RTPD,MGHG,LMP_GHG_PRC,KERMAN_6_N002,ALL,1,0,3,135
2022-09-04T02:30:00-00:00,2022-09-04T02:45:00-00:00,2022-09-03,20,KERMAN_6_N002,KERMAN_6_N002,KERMAN_6_N002,RTPD,MGHG,LMP_GHG_PRC,KERMAN_6_N002,ALL,1,0,3,135
2022-09-04T03:30:00-00:00,2022-09-04T03:45:00-00:00,2022-09-03,21,KERMAN_6_N002,KERMAN_6_N002,KERMAN_6_N002,RTPD,MGHG,LMP_GHG_PRC,KERMAN_6_N002,ALL,1,0,3,135
2022-09-04T04:30:00-00:00,2022-09-04T04:45:00-00:00,2022-09-03,22,KERMAN_6_N002,KERMAN_6_N002,KERMAN_6_N002,RTPD,MGHG,LMP_GHG_PRC,KERMAN_6_N002,ALL,1,0,3,135
2022-09-04T05:30:00-00:00,2022-09-04T05:45:00-00:00,2022-09-03,23,KERMAN_6_N002,KERMAN_6_N002,KERMAN_6_N002,RTPD,MGHG,LMP_GHG_PRC,KERMAN_6_N002,ALL,1,0,3,135
2022-09-04T06:30:00-00:00,2022-09-04T06:45:00-00:00,2022-09-03,24,KERMAN_6_N002,KERMAN_6_N002,KERMAN_6_N002,RTPD,MGHG,LMP_GHG_PRC,KERMAN_6_N002,ALL,1,0,3,135
2022-09-03T07:45:00-00:00,2022-09-03T08:00:00-00:00,2022-09-03,01,KERMAN_6_N002,KERMAN_6_N002,KERMAN_6_N002,RTPD,MGHG,LMP_GHG_PRC,KERMAN_6_N002,ALL,1,0,4,135
2022-09-03T08:45:00-00:00,2022-09-03T09:00:00-00:00,2022-09-03,02,KERMAN_6_N002,KERMAN_6_N002,KERMAN_6_N002,RTPD,MGHG,LMP_GHG_PRC,KERMAN_6_N002,ALL,1,0,4,135
2022-09-03T09:45:00-00:00,2022-09-03T10:00:00-00:00,2022-09-03,03,KERMAN_6_N002,KERMAN_6_N002,KERMAN_6_N002,RTPD,MGHG,LMP_GHG_PRC,KERMAN_6_N002,ALL,1,0,4,135
2022-09-03T10:45:00-00:00,2022-09-03T11:00:00-00:00,2022-09-03,04,KERMAN_6_N002,KERMAN_6_N002,KERMAN_6_N002,RTPD,MGHG,LMP_GHG_PRC,KERMAN_6_N002,ALL,1,0,4,135
2022-09-03T11:45:00-00:00,2022-09-03T12:00:00-00:00,2022-09-03,05,KERMAN_6_N002,KERMAN_6_N002,KERMAN_6_N002,RTPD,MGHG,LMP_GHG_PRC,KERMAN_6_N002,ALL,1,0,4,135
2022-09-03T12:45:00-00:00,2022-09-03T13:00:00-00:00,2022-09-03,06,KERMAN_6_N002,KERMAN_6_N002,KERMAN_6_N002,RTPD,MGHG,LMP_GHG_PRC,KERMAN_6_N002,ALL,1,0,4,135
2022-09-03T13:45:00-00:00,2022-09-03T14:00:00-00:00,2022-09-03,07,KERMAN_6_N002,KERMAN_6_N002,KERMAN_6_N002,RTPD,MGHG,LMP_GHG_PRC,KERMAN_6_N002,ALL,1,0,4,135
2022-09-03T14:45:00-00:00,2022-09-03T15:00:00-00:00,2022-09-03,08,KERMAN_6_N002,KERMAN_6_N002,KERMAN_6_N002,RTPD,MGHG,LMP_GHG_PRC,KERMAN_6_N002,ALL,1,0,4,135
2022-09-03T15:45:00-00:00,2022-09-03T16:00:00-00:00,2022-09-03,09,KERMAN_6_N002,KERMAN_6_N002,KERMAN_6_N002,RTPD,MGHG,LMP_GHG_PRC,KERMAN_6_N002,ALL,1,0,4,135
2022-09-03T16:45:00-00:00,2022-09-03T17:00:00-00:00,2022-09-03,10,KERMAN_6_N002,KERMAN_6_N002,KERMAN_6_N002,RTPD,MGHG,LMP_GHG_PRC,KERMAN_6_N002,ALL,1,0,4,135
2022-09-03T17:45:00-00:00,2022-09-03T18:00:00-00:00,2022-09-03,11,KERMAN_6_N002,KERMAN_6_N002,KERMAN_6_N002,RTPD,MGHG,LMP_GHG_PRC,KERMAN_6_N002,ALL,1,0,4,135
2022-09-03T18:45:00-00:00,2022-09-03T19:00:00-00:00,2022-09-03,12,KERMAN_6_N002,KERMAN_6_N002,KERMAN_6_N002,RTPD,MGHG,LMP_GHG_PRC,KERMAN_6_N002,ALL,1,0,4,135
2022-09-03T19:45:00-00:00,2022-09-03T20:00:00-00:00,2022-09-03,13,KERMAN_6_N002,KERMAN_6_N002,KERMAN_6_N002,RTPD,MGHG,LMP_GHG_PRC,KERMAN_6_N002,ALL,1,0,4,135
2022-09-03T20:45:00-00:00,2022-09-03T21:00:00-00:00,2022-09-03,14,KERMAN_6_N002,KERMAN_6_N002,KERMAN_6_N002,RTPD,MGHG,LMP_GHG_PRC,KERMAN_6_N002,ALL,1,0,4,135
2022-09-03T21:45:00-00:00,2022-09-03T22:00:00-00:00,2022-09-03,15,KERMAN_6_N002,KERMAN_6_N002,KERMAN_6_N002,RTPD,MGHG,LMP_GHG_PRC,KERMAN_6_N002,ALL,1,0,4,135
2022-09-03T22:45:00-00:00,2022-09-03T23:00:00-00:00,2022-09-03,16,KERMAN_6_N002,KERMAN_6_N002,KERMAN_6_N002,RTPD,MGHG,LMP_GHG_PRC,KERMAN_6_N002,ALL,1,0,4,135
2022-09-03T23:45:00-00:00,2022-09-04T00:00:00-00:00,2022-09-03,17,KERMAN_6_N002,KERMAN_6_N002,KERMAN_6_N002,RTPD,MGHG,LMP_GHG_PRC,KERMAN_6_N002,ALL,1,0,4,135
2022-09-04T00:45:00-00:00,2022-09-04T01:00:00-00:00,2022-09-03,18,KERMAN_6_N002,KERMAN_6_N002,KERMAN_6_N002,RTPD,MGHG,LMP_GHG_PRC,KERMAN_6_N002,ALL,1,0,4,135
2022-09-04T01:45:00-00:00,2022-09-04T02:00:00-00:00,2022-09-03,19,KERMAN_6_N002,KERMAN_6_N002,KERMAN_6_N002,RTPD,MGHG,LMP_GHG_PRC,KERMAN_6_N002,ALL,1,0,4,135
2022-09-04T02:45:00-00:00,2022-09-04T03:00:00-00:00,2022-09-03,20,KERMAN_6_N002,KERMAN_6_N002,KERMAN_6_N002,RTPD,MGHG,LMP_GHG_PRC,KERMAN_6_N002,ALL,1,0,4,135
2022-09-04T03:45:00-00:00,2022-09-04T04:00:00-00:00,2022-09-03,21,KERMAN_6_N002,KERMAN_6_N002,KERMAN_6_N002,RTPD,MGHG,LMP_GHG_PRC,KERMAN_6_N002,ALL,1,0,4,135
2022-09-04T04:45:00-00:00,2022-09-04T05:00:00-00:00,2022-09-03,22,KERMAN_6_N002,KERMAN_6_N002,KERMAN_6_N002,RTPD,MGHG,LMP_GHG_PRC,KERMAN_6_N002,ALL,1,0,4,135
2022-09-04T05:45:00-00:00,2022-09-04T06:00:00-00:00,2022-09-03,23,KERMAN_6_N002,KERMAN_6_N002,KERMAN_6_N002,RTPD,MGHG,LMP_GHG_PRC,KERMAN_6_N002,ALL,1,0,4,135
2022-09-04T06:45:00-00:00,2022-09-04T07:00:00-00:00,2022-09-03,24,KERMAN_6_N002,KERMAN_6_N002,KERMAN_6_N002,RTPD,MGHG,LMP_GHG_PRC,KERMAN_6_N002,ALL,1,0,4,135
2022-09-03T07:00:00-00:00,2022-09-03T07:15:00-00:00,2022-09-03,01,KERNFRNT_7_B1,KERNFRNT_7_B1,KERNFRNT_7_B1,RTPD,LMP,LMP_PRC,KERNFRNT_7_B1,ALL,1,102.06978,1,136
2022-09-03T08:00:00-00:00,2022-09-03T08:15:00-00:00,2022-09-03,02,KERNFRNT_7_B1,KERNFRNT_7_B1,KERNFRNT_7_B1,RTPD,LMP,LMP_PRC,KERNFRNT_7_B1,ALL,1,96.59208,1,136
2022-09-03T09:00:00-00:00,2022-09-03T09:15:00-00:00,2022-09-03,03,KERNFRNT_7_B1,KERNFRNT_7_B1,KERNFRNT_7_B1,RTPD,LMP,LMP_PRC,KERNFRNT_7_B1,ALL,1,99.38187,1,136
2022-09-03T10:00:00-00:00,2022-09-03T10:15:00-00:00,2022-09-03,04,KERNFRNT_7_B1,KERNFRNT_7_B1,KERNFRNT_7_B1,RTPD,LMP,LMP_PRC,KERNFRNT_7_B1,ALL,1,81.16331,1,136
2022-09-03T11:00:00-00:00,2022-09-03T11:15:00-00:00,2022-09-03,05,KERNFRNT_7_B1,KERNFRNT_7_B1,KERNFRNT_7_B1,RTPD,LMP,LMP_PRC,KERNFRNT_7_B1,ALL,1,84.49701,1,136
2022-09-03T12:00:00-00:00,2022-09-03T12:15:00-00:00,2022-09-03,06,KERNFRNT_7_B1,KERNFRNT_7_B1,KERNFRNT_7_B1,RTPD,LMP,LMP_PRC,KERNFRNT_7_B1,ALL,1,73.10485,1,136
2022-09-03T13:00:00-00:00,2022-09-03T13:15:00-00:00,2022-09-03,07,KERNFRNT_7_B1,KERNFRNT_7_B1,KERNFRNT_7_B1,RTPD,LMP,LMP_PRC,KERNFRNT_7_B1,ALL,1,84.13105,1,136
2022-09-03T14:00:00-00:00,2022-09-03T14:15:00-00:00,2022-09-03,08,KERNFRNT_7_B1,KERNFRNT_7_B1,KERNFRNT_7_B1,RTPD,LMP,LMP_PRC,KERNFRNT_7_B1,ALL,1,76.64414,1,136
2022-09-03T15:00:00-00:00,2022-09-03T15:15:00-00:00,2022-09-03,09,KERNFRNT_7_B1,KERNFRNT_7_B1,KERNFRNT_7_B1,RTPD,LMP,LMP_PRC,KERNFRNT_7_B1,ALL,1,26.76842,1,136
2022-09-03T16:00:00-00:00,2022-09-03T16:15:00-00:00,2022-09-03,10,KERNFRNT_7_B1,KERNFRNT_7_B1,KERNFRNT_7_B1,RTPD,LMP,LMP_PRC,KERNFRNT_7_B1,ALL,1,29.17296,1,136
2022-09-03T17:00:00-00:00,2022-09-03T17:15:00-00:00,2022-09-03,11,KERNFRNT_7_B1,KERNFRNT_7_B1,KERNFRNT_7_B1,RTPD,LMP,LMP_PRC,KERNFRNT_7_B1,ALL,1,52.99048,1,136
2022-09-03T18:00:00-00:00,2022-09-03T18:15:00-00:00,2022-09-03,12,KERNFRNT_7_B1,KERNFRNT_7_B1,KERNFRNT_7_B1,RTPD,LMP,LMP_PRC,KERNFRNT_7_B1,ALL,1,65.87362,1,136
2022-09-03T19:00:00-00:00,2022-09-03T19:15:00-00:00,2022-09-03,13,KERNFRNT_7_B1,KERNFRNT_7_B1,KERNFRNT_7_B1,RTPD,LMP,LMP_PRC,KERNFRNT_7_B1,ALL,1,40.04947,1,136
2022-09-03T20:00:00-00:00,2022-09-03T20:15:00-00:00,2022-09-03,14,KERNFRNT_7_B1,KERNFRNT_7_B1,KERNFRNT_7_B1,RTPD,LMP,LMP_PRC,KERNFRNT_7_B1,ALL,1,61.20796,1,136
2022-09-03T21:00:00-00:00,2022-09-03T21:15:00-00:00,2022-09-03,15,KERNFRNT_7_B1,KERNFRNT_7_B1,KERNFRNT_7_B1,RTPD,LMP,LMP_PRC,KERNFRNT_7_B1,ALL,1,60.27594,1,136
2022-09-03T22:00:00-00:00,2022-09-03T22:15:00-00:00,2022-09-03,16,KERNFRNT_7_B1,KERNFRNT_7_B1,KERNFRNT_7_B1,RTPD,LMP,LMP_PRC,KERNFRNT_7_B1,ALL,1,95.53234,1,136
2022-09-03T23:00:00-00:00,2022-09-03T23:15:00-00:00,2022-09-03,17,KERNFRNT_7_B1,KERNFRNT_7_B1,KERNFRNT_7_B1,RTPD,LMP,LMP_PRC,KERNFRNT_7_B1,ALL,1,51.47046,1,136
2022-09-04T00:00:00-00:00,2022-09-04T00:15:00-00:00,2022-09-03,18,KERNFRNT_7_B1,KERNFRNT_7_B1,KERNFRNT_7_B1,RTPD,LMP,LMP_PRC,KERNFRNT_7_B1,ALL,1,97.90273,1,136
2022-09-04T01:00:00-00:00,2022-09-04T01:15:00-00:00,2022-09-03,19,KERNFRNT_7_B1,KERNFRNT_7_B1,KERNFRNT_7_B1,RTPD,LMP,LMP_PRC,KERNFRNT_7_B1,ALL,1,88.03635,1,136
2022-09-04T02:00:00-00:00,2022-09-04T02:15:00-00:00,2022-09-03,20,KERNFRNT_7_B1,KERNFRNT_7_B1,KERNFRNT_7_B1,RTPD,LMP,LMP_PRC,KERNFRNT_7_B1,ALL,1,99.57812,1,136
2022-09-04T03:00:00-00:00,2022-09-04T03:15:00-00:00,2022-09-03,21,KERNFRNT_7_B1,KERNFRNT_7_B1,KERNFRNT_7_B1,RTPD,LMP,LMP_PRC,KERNFRNT_7_B1,ALL,1,92.42746,1,136
2022-09-04T04:00:00-00:00,2022-09-04T04:15:00-00:00,2022-09-03,22,KERNFRNT_7_B1,KERNFRNT_7_B1,KERNFRNT_7_B1,RTPD,LMP,LMP_PRC,KERNFRNT_7_B1,ALL,1,96.25945,1,136
2022-09-04T05:00:00-00:00,2022-09-04T05:15:00-00:00,2022-09-03,23,KERNFRNT_7_B1,KERNFRNT_7_B1,KERNFRNT_7_B1,RTPD,LMP,LMP_PRC,KERNFRNT_7_B1,ALL,1,98.79452,1,136
2022-09-04T06:00:00-00:00,2022-09-04T06:15:00-00:00,2022-09-03,24,KERNFRNT_7_B1,KERNFRNT_7_B1,KERNFRNT_7_B1,RTPD,LMP,LMP_PRC,KERNFRNT_7_B1,ALL,1,94.43326,1,136
2022-09-03T07:15:00-00:00,2022-09-03T07:30:00-00:00,2022-09-03,01,KERNFRNT_7_B1,KERNFRNT_7_B1,KERNFRNT_7_B1,RTPD,LMP,LMP_PRC,KERNFRNT_7_B1,ALL,1,97.31824,2,136
2022-09-03T08:15:00-00:00,2022-09-03T08:30:00-00:00,2022-09-03,02,KERNFRNT_7_B1,KERNFRNT_7_B1,KERNFRNT_7_B1,RTPD,LMP,LMP_PRC,KERNFRNT_7_B1,ALL,1,96.91362,2,136
2022-09-03T09:15:00-00:00,2022-09-03T09:30:00-00:00,2022-09-03,03,KERNFRNT_7_B1,KERNFRNT_7_B1,KERNFRNT_7_B1,RTPD,LMP,LMP_PRC,KERNFRNT_7_B1,ALL,1,82.47365,2,136
2022-09-03T10:15:00-00:00,2022-09-03T10:30:00-00:00,2022-09-03,04,KERNFRNT_7_B1,KERNFRNT_7_B1,KERNFRNT_7_B1,RTPD,LMP,LMP_PRC,KERNFRNT_7_B1,ALL,1,76.37792,2,136
2022-09-03T11:15:00-00:00,2022-09-03T11:30:00-00:00,2022-09-03,05,KERNFRNT_7_B1,KERNFRNT_7_B1,KERNFRNT_7_B1,RTPD,LMP,LMP_PRC,KERNFRNT_7_B1,ALL,1,74.60541,2,136
2022-09-03T12:15:00-00:00,2022-09-03T12:30:00-00:00,2022-09-03,06,KERNFRNT_7_B1,KERNFRNT_7_B1,KERNFRNT_7_B1,RTPD,LMP,LMP_PRC,KERNFRNT_7_B1,ALL,1,73.0093,2,136
2022-09-03T13:15:00-00:00,2022-09-03T13:30:00-00:00,2022-09-03,07,KERNFRNT_7_B1,KERNFRNT_7_B1,KERNFRNT_7_B1,RTPD,LMP,LMP_PRC,KERNFRNT_7_B1,ALL,1,82.71545,2,136
2022-09-03T14:15:00-00:00,2022-09-03T14:30:00-00:00,2022-09-03,08,KERNFRNT_7_B1,KERNFRNT_7_B1,KERNFRNT_7_B1,RTPD,LMP,LMP_PRC,KERNFRNT_7_B1,ALL,1,68.81821,2,136
2022-09-03T15:15:00-00:00,2022-09-03T15:30:00-00:00,2022-09-03,09,KERNFRNT_7_B1,KERNFRNT_7_B1,KERNFRNT_7_B1,RTPD,LMP,LMP_PRC,KERNFRNT_7_B1,ALL,1,26.49437,2,136
2022-09-03T16:15:00-00:00,2022-09-03T16:30:00-00:00,2022-09-03,10,KERNFRNT_7_B1,KERNFRNT_7_B1,KERNFRNT_7_B1,RTPD,LMP,LMP_PRC,KERNFRNT_7_B1,ALL,1,28.9314,2,136
2022-09-03T17:15:00-00:00,2022-09-03T17:30:00-00:00,2022-09-03,11,KERNFRNT_7_B1,KERNFRNT_7_B1,KERNFRNT_7_B1,RTPD,LMP,LMP_PRC,KERNFRNT_7_B1,ALL,1,64.37668,2,136
2022-09-03T18:15:00-00:00,2022-09-03T18:30:00-00:00,2022-09-03,12,KERNFRNT_7_B1,KERNFRNT_7_B1,KERNFRNT_7_B1,RTPD,LMP,LMP_PRC,KERNFRNT_7_B1,ALL,1,70.68908,2,136
2022-09-03T19:15:00-00:00,2022-09-03T19:30:00-00:00,2022-09-03,13,KERNFRNT_7_B1,KERNFRNT_7_B1,KERNFRNT_7_B1,RTPD,LMP,LMP_PRC,KERNFRNT_7_B1,ALL,1,47.51693,2,136
2022-09-03T20:15:00-00:00,2022-09-03T20:30:00-00:00,2022-09-03,14,KERNFRNT_7_B1,KERNFRNT_7_B1,KERNFRNT_7_B1,RTPD,LMP,LMP_PRC,KERNFRNT_7_B1,ALL,1,66.66938,2,136
2022-09-03T21:15:00-00:00,2022-09-03T21:30:00-00:00,2022-09-03,15,KERNFRNT_7_B1,KERNFRNT_7_B1,KERNFRNT_7_B1,RTPD,LMP,LMP_PRC,KERNFRNT_7_B1,ALL,1,82.6049,2,136
2022-09-03T22:15:00-00:00,2022-09-03T22:30:00-00:00,2022-09-03,16,KERNFRNT_7_B1,KERNFRNT_7_B1,KERNFRNT_7_B1,RTPD,LMP,LMP_PRC,KERNFRNT_7_B1,ALL,1,98.49901,2,136
2022-09-03T23:15:00-00:00,2022-09-03T23:30:00-00:00,2022-09-03,17,KERNFRNT_7_B1,KERNFRNT_7_B1,KERNFRNT_7_B1,RTPD,LMP,LMP_PRC,KERNFRNT_7_B1,ALL,1,52.47302,2,136
2022-09-04T00:15:00-00:00,2022-09-04T00:30:00-00:00,2022-09-03,18,KERNFRNT_7_B1,KERNFRNT_7_B1,KERNFRNT_7_B1,RTPD,LMP,LMP_PRC,KERNFRNT_7_B1,ALL,1,120.24406,2,136
2022-09-04T01:15:00-00:00,2022-09-04T01:30:00-00:00,2022-09-03,19,KERNFRNT_7_B1,KERNFRNT_7_B1,KERNFRNT_7_B1,RTPD,LMP,LMP_PRC,KERNFRNT_7_B1,ALL,1,139.67345,2,136
2022-09-04T02:15:00-00:00,2022-09-04T02:30:00-00:00,2022-09-03,20,KERNFRNT_7_B1,KERNFRNT_7_B1,KERNFRNT_7_B1,RTPD,LMP,LMP_PRC,KERNFRNT_7_B1,ALL,1,117.35271,2,136
2022-09-04T03:15:00-00:00,2022-09-04T03:30:00-00:00,2022-09-03,21,KERNFRNT_7_B1,KERNFRNT_7_B1,KERNFRNT_7_B1,RTPD,LMP,LMP_PRC,KERNFRNT_7_B1,ALL,1,80.70411,2,136
2022-09-04T04:15:00-00:00,2022-09-04T04:30:00-00:00,2022-09-03,22,KERNFRNT_7_B1,KERNFRNT_7_B1,KERNFRNT_7_B1,RTPD,LMP,LMP_PRC,KERNFRNT_7_B1,ALL,1,94.23587,2,136
2022-09-04T05:15:00-00:00,2022-09-04T05:30:00-00:00,2022-09-03,23,KERNFRNT_7_B1,KERNFRNT_7_B1,KERNFRNT_7_B1,RTPD,LMP,LMP_PRC,KERNFRNT_7_B1,ALL,1,97.05295,2,136
2022-09-04T06:15:00-00:00,2022-09-04T06:30:00-00:00,2022-09-03,24,KERNFRNT_7_B1,KERNFRNT_7_B1,KERNFRNT_7_B1,RTPD,LMP,LMP_PRC,KERNFRNT_7_B1,ALL,1,87.14457,2,136
2022-09-03T07:30:00-00:00,2022-09-03T07:45:00-00:00,2022-09-03,01,KERNFRNT_7_B1,KERNFRNT_7_B1,KERNFRNT_7_B1,RTPD,LMP,LMP_PRC,KERNFRNT_7_B1,ALL,1,95.33352,3,136
2022-09-03T08:30:00-00:00,2022-09-03T08:45:00-00:00,2022-09-03,02,KERNFRNT_7_B1,KERNFRNT_7_B1,KERNFRNT_7_B1,RTPD,LMP,LMP_PRC,KERNFRNT_7_B1,ALL,1,95.90492,3,136
2022-09-03T09:30:00-00:00,2022-09-03T09:45:00-00:00,2022-09-03,03,KERNFRNT_7_B1,KERNFRNT_7_B1,KERNFRNT_7_B1,RTPD,LMP,LMP_PRC,KERNFRNT_7_B1,ALL,1,77.37971,3,136
2022-09-03T10:30:00-00:00,2022-09-03T10:45:00-00:00,2022-09-03,04,KERNFRNT_7_B1,KERNFRNT_7_B1,KERNFRNT_7_B1,RTPD,LMP,LMP_PRC,KERNFRNT_7_B1,ALL,1,74.2236,3,136
2022-09-03T11:30:00-00:00,2022-09-03T11:45:00-00:00,2022-09-03,05,KERNFRNT_7_B1,KERNFRNT_7_B1,KERNFRNT_7_B1,RTPD,LMP,LMP_PRC,KERNFRNT_7_B1,ALL,1,91.22166,3,136
2022-09-03T12:30:00-00:00,2022-09-03T12:45:00-00:00,2022-09-03,06,KERNFRNT_7_B1,KERNFRNT_7_B1,KERNFRNT_7_B1,RTPD,LMP,LMP_PRC,KERNFRNT_7_B1,ALL,1,74.53013,3,136
2022-09-03T13:30:00-00:00,2022-09-03T13:45:00-00:00,2022-09-03,07,KERNFRNT_7_B1,KERNFRNT_7_B1,KERNFRNT_7_B1,RTPD,LMP,LMP_PRC,KERNFRNT_7_B1,ALL,1,81.44678,3,136
2022-09-03T14:30:00-00:00,2022-09-03T14:45:00-00:00,2022-09-03,08,KERNFRNT_7_B1,KERNFRNT_7_B1,KERNFRNT_7_B1,RTPD,LMP,LMP_PRC,KERNFRNT_7_B1,ALL,1,63.44623,3,136
2022-09-03T15:30:00-00:00,2022-09-03T15:45:00-00:00,2022-09-03,09,KERNFRNT_7_B1,KERNFRNT_7_B1,KERNFRNT_7_B1,RTPD,LMP,LMP_PRC,KERNFRNT_7_B1,ALL,1,25.44248,3,136
2022-09-03T16:30:00-00:00,2022-09-03T16:45:00-00:00,2022-09-03,10,KERNFRNT_7_B1,KERNFRNT_7_B1,KERNFRNT_7_B1,RTPD,LMP,LMP_PRC,KERNFRNT_7_B1,ALL,1,27.99841,3,136
2022-09-03T17:30:00-00:00,2022-09-03T17:45:00-00:00,2022-09-03,11,KERNFRNT_7_B1,KERNFRNT_7_B1,KERNFRNT_7_B1,RTPD,LMP,LMP_PRC,KERNFRNT_7_B1,ALL,1,65.32018,3,136
2022-09-03T18:30:00-00:00,2022-09-03T18:45:00-00:00,2022-09-03,12,KERNFRNT_7_B1,KERNFRNT_7_B1,KERNFRNT_7_B1,RTPD,LMP,LMP_PRC,KERNFRNT_7_B1,ALL,1,74.09536,3,136
2022-09-03T19:30:00-00:00,2022-09-03T19:45:00-00:00,2022-09-03,13,KERNFRNT_7_B1,KERNFRNT_7_B1,KERNFRNT_7_B1,RTPD,LMP,LMP_PRC,KERNFRNT_7_B1,ALL,1,0.90746,3,136
2022-09-03T20:30:00-00:00,2022-09-03T20:45:00-00:00,2022-09-03,14,KERNFRNT_7_B1,KERNFRNT_7_B1,KERNFRNT_7_B1,RTPD,LMP,LMP_PRC,KERNFRNT_7_B1,ALL,1,75.46337,3,136
2022-09-03T21:30:00-00:00,2022-09-03T21:45:00-00:00,2022-09-03,15,KERNFRNT_7_B1,KERNFRNT_7_B1,KERNFRNT_7_B1,RTPD,LMP,LMP_PRC,KERNFRNT_7_B1,ALL,1,88.14017,3,136
2022-09-03T22:30:00-00:00,2022-09-03T22:45:00-00:00,2022-09-03,16,KERNFRNT_7_B1,KERNFRNT_7_B1,KERNFRNT_7_B1,RTPD,LMP,LMP_PRC,KERNFRNT_7_B1,ALL,1,78.23809,3,136
2022-09-03T23:30:00-00:00,2022-09-03T23:45:00-00:00,2022-09-03,17,KERNFRNT_7_B1,KERNFRNT_7_B1,KERNFRNT_7_B1,RTPD,LMP,LMP_PRC,KERNFRNT_7_B1,ALL,1,88.92256,3,136
2022-09-04T00:30:00-00:00,2022-09-04T00:45:00-00:00,2022-09-03,18,KERNFRNT_7_B1,KERNFRNT_7_B1,KERNFRNT_7_B1,RTPD,LMP,LMP_PRC,KERNFRNT_7_B1,ALL,1,100.61288,3,136
2022-09-04T01:30:00-00:00,2022-09-04T01:45:00-00:00,2022-09-03,19,KERNFRNT_7_B1,KERNFRNT_7_B1,KERNFRNT_7_B1,RTPD,LMP,LMP_PRC,KERNFRNT_7_B1,ALL,1,108.41309,3,136
2022-09-04T02:30:00-00:00,2022-09-04T02:45:00-00:00,2022-09-03,20,KERNFRNT_7_B1,KERNFRNT_7_B1,KERNFRNT_7_B1,RTPD,LMP,LMP_PRC,KERNFRNT_7_B1,ALL,1,113.04382,3,136
2022-09-04T03:30:00-00:00,2022-09-04T03:45:00-00:00,2022-09-03,21,KERNFRNT_7_B1,KERNFRNT_7_B1,KERNFRNT_7_B1,RTPD,LMP,LMP_PRC,KERNFRNT_7_B1,ALL,1,81.73865,3,136
2022-09-04T04:30:00-00:00,2022-09-04T04:45:00-00:00,2022-09-03,22,KERNFRNT_7_B1,KERNFRNT_7_B1,KERNFRNT_7_B1,RTPD,LMP,LMP_PRC,KERNFRNT_7_B1,ALL,1,91.39188,3,136
2022-09-04T05:30:00-00:00,2022-09-04T05:45:00-00:00,2022-09-03,23,KERNFRNT_7_B1,KERNFRNT_7_B1,KERNFRNT_7_B1,RTPD,LMP,LMP_PRC,KERNFRNT_7_B1,ALL,1,90.54468,3,136
2022-09-04T06:30:00-00:00,2022-09-04T06:45:00-00:00,2022-09-03,24,KERNFRNT_7_B1,KERNFRNT_7_B1,KERNFRNT_7_B1,RTPD,LMP,LMP_PRC,KERNFRNT_7_B1,ALL,1,79.42471,3,136
2022-09-03T07:45:00-00:00,2022-09-03T08:00:00-00:00,2022-09-03,01,KERNFRNT_7_B1,KERNFRNT_7_B1,KERNFRNT_7_B1,RTPD,LMP,LMP_PRC,KERNFRNT_7_B1,ALL,1,91.94306,4,136
2022-09-03T08:45:00-00:00,2022-09-03T09:00:00-00:00,2022-09-03,02,KERNFRNT_7_B1,KERNFRNT_7_B1,KERNFRNT_7_B1,RTPD,LMP,LMP_PRC,KERNFRNT_7_B1,ALL,1,96.20657,4,136
2022-09-03T09:45:00-00:00,2022-09-03T10:00:00-00:00,2022-09-03,03,KERNFRNT_7_B1,KERNFRNT_7_B1,KERNFRNT_7_B1,RTPD,LMP,LMP_PRC,KERNFRNT_7_B1,ALL,1,75.85195,4,136
2022-09-03T10:45:00-00:00,2022-09-03T11:00:00-00:00,2022-09-03,04,KERNFRNT_7_B1,KERNFRNT_7_B1,KERNFRNT_7_B1,RTPD,LMP,LMP_PRC,KERNFRNT_7_B1,ALL,1,107.43269,4,136
2022-09-03T11:45:00-00:00,2022-09-03T12:00:00-00:00,2022-09-03,05,KERNFRNT_7_B1,KERNFRNT_7_B1,KERNFRNT_7_B1,RTPD,LMP,LMP_PRC,KERNFRNT_7_B1,ALL,1,76.12296,4,136
2022-09-03T12:45:00-00:00,2022-09-03T13:00:00-00:00,2022-09-03,06,KERNFRNT_7_B1,KERNFRNT_7_B1,KERNFRNT_7_B1,RTPD,LMP,LMP_PRC,KERNFRNT_7_B1,ALL,1,72.51568,4,136
2022-09-03T13:45:00-00:00,2022-09-03T14:00:00-00:00,2022-09-03,07,KERNFRNT_7_B1,KERNFRNT_7_B1,KERNFRNT_7_B1,RTPD,LMP,LMP_PRC,KERNFRNT_7_B1,ALL,1,75.11001,4,136
2022-09-03T14:45:00-00:00,2022-09-03T15:00:00-00:00,2022-09-03,08,KERNFRNT_7_B1,KERNFRNT_7_B1,KERNFRNT_7_B1,RTPD,LMP,LMP_PRC,KERNFRNT_7_B1,ALL,1,21.24974,4,136
2022-09-03T15:45:00-00:00,2022-09-03T16:00:00-00:00,2022-09-03,09,KERNFRNT_7_B1,KERNFRNT_7_B1,KERNFRNT_7_B1,RTPD,LMP,LMP_PRC,KERNFRNT_7_B1,ALL,1,23.77431,4,136
2022-09-03T16:45:00-00:00,2022-09-03T17:00:00-00:00,2022-09-03,10,KERNFRNT_7_B1,KERNFRNT_7_B1,KERNFRNT_7_B1,RTPD,LMP,LMP_PRC,KERNFRNT_7_B1,ALL,1,47.3841,4,136
2022-09-03T17:45:00-00:00,2022-09-03T18:00:00-00:00,2022-09-03,11,KERNFRNT_7_B1,KERNFRNT_7_B1,KERNFRNT_7_B1,RTPD,LMP,LMP_PRC,KERNFRNT_7_B1,ALL,1,71.0057,4,136
2022-09-03T18:45:00-00:00,2022-09-03T19:00:00-00:00,2022-09-03,12,KERNFRNT_7_B1,KERNFRNT_7_B1,KERNFRNT_7_B1,RTPD,LMP,LMP_PRC,KERNFRNT_7_B1,ALL,1,73.04794,4,136
2022-09-03T19:45:00-00:00,2022-09-03T20:00:00-00:00,2022-09-03,13,KERNFRNT_7_B1,KERNFRNT_7_B1,KERNFRNT_7_B1,RTPD,LMP,LMP_PRC,KERNFRNT_7_B1,ALL,1,-0.01,4,136
2022-09-03T20:45:00-00:00,2022-09-03T21:00:00-00:00,2022-09-03,14,KERNFRNT_7_B1,KERNFRNT_7_B1,KERNFRNT_7_B1,RTPD,LMP,LMP_PRC,KERNFRNT_7_B1,ALL,1,74.94598,4,136
2022-09-03T21:45:00-00:00,2022-09-03T22:00:00-00:00,2022-09-03,15,KERNFRNT_7_B1,KERNFRNT_7_B1,KERNFRNT_7_B1,RTPD,LMP,LMP_PRC,KERNFRNT_7_B1,ALL,1,97.4031,4,136
2022-09-03T22:45:00-00:00,2022-09-03T23:00:00-00:00,2022-09-03,16,KERNFRNT_7_B1,KERNFRNT_7_B1,KERNFRNT_7_B1,RTPD,LMP,LMP_PRC,KERNFRNT_7_B1,ALL,1,105.14044,4,136
2022-09-03T23:45:00-00:00,2022-09-04T00:00:00-00:00,2022-09-03,17,KERNFRNT_7_B1,KERNFRNT_7_B1,KERNFRNT_7_B1,RTPD,LMP,LMP_PRC,KERNFRNT_7_B1,ALL,1,96.56551,4,136
2022-09-04T00:45:00-00:00,2022-09-04T01:00:00-00:00,2022-09-03,18,KERNFRNT_7_B1,KERNFRNT_7_B1,KERNFRNT_7_B1,RTPD,LMP,LMP_PRC,KERNFRNT_7_B1,ALL,1,78.39799,4,136
2022-09-04T01:45:00-00:00,2022-09-04T02:00:00-00:00,2022-09-03,19,KERNFRNT_7_B1,KERNFRNT_7_B1,KERNFRNT_7_B1,RTPD,LMP,LMP_PRC,KERNFRNT_7_B1,ALL,1,386.80472,4,136
2022-09-04T02:45:00-00:00,2022-09-04T03:00:00-00:00,2022-09-03,20,KERNFRNT_7_B1,KERNFRNT_7_B1,KERNFRNT_7_B1,RTPD,LMP,LMP_PRC,KERNFRNT_7_B1,ALL,1,117.04684,4,136
2022-09-04T03:45:00-00:00,2022-09-04T04:00:00-00:00,2022-09-03,21,KERNFRNT_7_B1,KERNFRNT_7_B1,KERNFRNT_7_B1,RTPD,LMP,LMP_PRC,KERNFRNT_7_B1,ALL,1,67.02768,4,136
2022-09-04T04:45:00-00:00,2022-09-04T05:00:00-00:00,2022-09-03,22,KERNFRNT_7_B1,KERNFRNT_7_B1,KERNFRNT_7_B1,RTPD,LMP,LMP_PRC,KERNFRNT_7_B1,ALL,1,93.75491,4,136
2022-09-04T05:45:00-00:00,2022-09-04T06:00:00-00:00,2022-09-03,23,KERNFRNT_7_B1,KERNFRNT_7_B1,KERNFRNT_7_B1,RTPD,LMP,LMP_PRC,KERNFRNT_7_B1,ALL,1,83.50259,4,136
2022-09-04T06:45:00-00:00,2022-09-04T07:00:00-00:00,2022-09-03,24,KERNFRNT_7_B1,KERNFRNT_7_B1,KERNFRNT_7_B1,RTPD,LMP,LMP_PRC,KERNFRNT_7_B1,ALL,1,67.75132,4,136
2022-09-03T07:00:00-00:00,2022-09-03T07:15:00-00:00,2022-09-03,01,KERNFRNT_7_B1,KERNFRNT_7_B1,KERNFRNT_7_B1,RTPD,MCC,LMP_CONG_PRC,KERNFRNT_7_B1,ALL,1,2.35083,1,137
2022-09-03T08:00:00-00:00,2022-09-03T08:15:00-00:00,2022-09-03,02,KERNFRNT_7_B1,KERNFRNT_7_B1,KERNFRNT_7_B1,RTPD,MCC,LMP_CONG_PRC,KERNFRNT_7_B1,ALL,1,9.30873,1,137
2022-09-03T09:00:00-00:00,2022-09-03T09:15:00-00:00,2022-09-03,03,KERNFRNT_7_B1,KERNFRNT_7_B1,KERNFRNT_7_B1,RTPD,MCC,LMP_CONG_PRC,KERNFRNT_7_B1,ALL,1,15.71832,1,137
2022-09-03T10:00:00-00:00,2022-09-03T10:15:00-00:00,2022-09-03,04,KERNFRNT_7_B1,KERNFRNT_7_B1,KERNFRNT_7_B1,RTPD,MCC,LMP_CONG_PRC,KERNFRNT_7_B1,ALL,1,3.14422,1,137
2022-09-03T11:00:00-00:00,2022-09-03T11:15:00-00:00,2022-09-03,05,KERNFRNT_7_B1,KERNFRNT_7_B1,KERNFRNT_7_B1,RTPD,MCC,LMP_CONG_PRC,KERNFRNT_7_B1,ALL,1,9.47994,1,137
2022-09-03T12:00:00-00:00,2022-09-03T12:15:00-00:00,2022-09-03,06,KERNFRNT_7_B1,KERNFRNT_7_B1,KERNFRNT_7_B1,RTPD,MCC,LMP_CONG_PRC,KERNFRNT_7_B1,ALL,1,3.31753,1,137
2022-09-03T13:00:00-00:00,2022-09-03T13:15:00-00:00,2022-09-03,07,KERNFRNT_7_B1,KERNFRNT_7_B1,KERNFRNT_7_B1,RTPD,MCC,LMP_CONG_PRC,KERNFRNT_7_B1,ALL,1,23.68876,1,137
2022-09-03T14:00:00-00:00,2022-09-03T14:15:00-00:00,2022-09-03,08,KERNFRNT_7_B1,KERNFRNT_7_B1,KERNFRNT_7_B1,RTPD,MCC,LMP_CONG_PRC,KERNFRNT_7_B1,ALL,1,35.58839,1,137
2022-09-03T15:00:00-00:00,2022-09-03T15:15:00-00:00,2022-09-03,09,KERNFRNT_7_B1,KERNFRNT_7_B1,KERNFRNT_7_B1,RTPD,MCC,LMP_CONG_PRC,KERNFRNT_7_B1,ALL,1,0,1,137
2022-09-03T16:00:00-00:00,2022-09-03T16:15:00-00:00,2022-09-03,10,KERNFRNT_7_B1,KERNFRNT_7_B1,KERNFRNT_7_B1,RTPD,MCC,LMP_CONG_PRC,KERNFRNT_7_B1,ALL,1,0,1,137
2022-09-03T17:00:00-00:00,2022-09-03T17:15:00-00:00,2022-09-03,11,KERNFRNT_7_B1,KERNFRNT_7_B1,KERNFRNT_7_B1,RTPD,MCC,LMP_CONG_PRC,KERNFRNT_7_B1,ALL,1,0,1,137
2022-09-03T18:00:00-00:00,2022-09-03T18:15:00-00:00,2022-09-03,12,KERNFRNT_7_B1,KERNFRNT_7_B1,KERNFRNT_7_B1,RTPD,MCC,LMP_CONG_PRC,KERNFRNT_7_B1,ALL,1,-2.04879,1,137
2022-09-03T19:00:00-00:00,2022-09-03T19:15:00-00:00,2022-09-03,13,KERNFRNT_7_B1,KERNFRNT_7_B1,KERNFRNT_7_B1,RTPD,MCC,LMP_CONG_PRC,KERNFRNT_7_B1,ALL,1,-10.70796,1,137
2022-09-03T20:00:00-00:00,2022-09-03T20:15:00-00:00,2022-09-03,14,KERNFRNT_7_B1,KERNFRNT_7_B1,KERNFRNT_7_B1,RTPD,MCC,LMP_CONG_PRC,KERNFRNT_7_B1,ALL,1,-2.16513,1,137
2022-09-03T21:00:00-00:00,2022-09-03T21:15:00-00:00,2022-09-03,15,KERNFRNT_7_B1,KERNFRNT_7_B1,KERNFRNT_7_B1,RTPD,MCC,LMP_CONG_PRC,KERNFRNT_7_B1,ALL,1,11.0064,1,137
2022-09-03T22:00:00-00:00,2022-09-03T22:15:00-00:00,2022-09-03,16,KERNFRNT_7_B1,KERNFRNT_7_B1,KERNFRNT_7_B1,RTPD,MCC,LMP_CONG_PRC,KERNFRNT_7_B1,ALL,1,38.29436,1,137
2022-09-03T23:00:00-00:00,2022-09-03T23:15:00-00:00,2022-09-03,17,KERNFRNT_7_B1,KERNFRNT_7_B1,KERNFRNT_7_B1,RTPD,MCC,LMP_CONG_PRC,KERNFRNT_7_B1,ALL,1,-21.08152,1,137
2022-09-04T00:00:00-00:00,2022-09-04T00:15:00-00:00,2022-09-03,18,KERNFRNT_7_B1,KERNFRNT_7_B1,KERNFRNT_7_B1,RTPD,MCC,LMP_CONG_PRC,KERNFRNT_7_B1,ALL,1,4.99122,1,137
2022-09-04T01:00:00-00:00,2022-09-04T01:15:00-00:00,2022-09-03,19,KERNFRNT_7_B1,KERNFRNT_7_B1,KERNFRNT_7_B1,RTPD,MCC,LMP_CONG_PRC,KERNFRNT_7_B1,ALL,1,-70.43637,1,137
2022-09-04T02:00:00-00:00,2022-09-04T02:15:00-00:00,2022-09-03,20,KERNFRNT_7_B1,KERNFRNT_7_B1,KERNFRNT_7_B1,RTPD,MCC,LMP_CONG_PRC,KERNFRNT_7_B1,ALL,1,-16.96465,1,137
2022-09-04T03:00:00-00:00,2022-09-04T03:15:00-00:00,2022-09-03,21,KERNFRNT_7_B1,KERNFRNT_7_B1,KERNFRNT_7_B1,RTPD,MCC,LMP_CONG_PRC,KERNFRNT_7_B1,ALL,1,-25.66029,1,137
2022-09-04T04:00:00-00:00,2022-09-04T04:15:00-00:00,2022-09-03,22,KERNFRNT_7_B1,KERNFRNT_7_B1,KERNFRNT_7_B1,RTPD,MCC,LMP_CONG_PRC,KERNFRNT_7_B1,ALL,1,-18.72302,1,137
2022-09-04T05:00:00-00:00,2022-09-04T05:15:00-00:00,2022-09-03,23,KERNFRNT_7_B1,KERNFRNT_7_B1,KERNFRNT_7_B1,RTPD,MCC,LMP_CONG_PRC,KERNFRNT_7_B1,ALL,1,-33.97348,1,137
2022-09-04T06:00:00-00:00,2022-09-04T06:15:00-00:00,2022-09-03,24,KERNFRNT_7_B1,KERNFRNT_7_B1,KERNFRNT_7_B1,RTPD,MCC,LMP_CONG_PRC,KERNFRNT_7_B1,ALL,1,-17.47546,1,137
2022-09-03T07:15:00-00:00,2022-09-03T07:30:00-00:00,2022-09-03,01,KERNFRNT_7_B1,KERNFRNT_7_B1,KERNFRNT_7_B1,RTPD,MCC,LMP_CONG_PRC,KERNFRNT_7_B1,ALL,1,0.45693,2,137
2022-09-03T08:15:00-00:00,2022-09-03T08:30:00-00:00,2022-09-03,02,KERNFRNT_7_B1,KERNFRNT_7_B1,KERNFRNT_7_B1,RTPD,MCC,LMP_CONG_PRC,KERNFRNT_7_B1,ALL,1,10.83285,2,137
2022-09-03T09:15:00-00:00,2022-09-03T09:30:00-00:00,2022-09-03,03,KERNFRNT_7_B1,KERNFRNT_7_B1,KERNFRNT_7_B1,RTPD,MCC,LMP_CONG_PRC,KERNFRNT_7_B1,ALL,1,0.94917,2,137
2022-09-03T10:15:00-00:00,2022-09-03T10:30:00-00:00,2022-09-03,04,KERNFRNT_7_B1,KERNFRNT_7_B1,KERNFRNT_7_B1,RTPD,MCC,LMP_CONG_PRC,KERNFRNT_7_B1,ALL,1,0.30014,2,137
2022-09-03T11:15:00-00:00,2022-09-03T11:30:00-00:00,2022-09-03,05,KERNFRNT_7_B1,KERNFRNT_7_B1,KERNFRNT_7_B1,RTPD,MCC,LMP_CONG_PRC,KERNFRNT_7_B1,ALL,1,4.29036,2,137
2022-09-03T12:15:00-00:00,2022-09-03T12:30:00-00:00,2022-09-03,06,KERNFRNT_7_B1,KERNFRNT_7_B1,KERNFRNT_7_B1,RTPD,MCC,LMP_CONG_PRC,KERNFRNT_7_B1,ALL,1,2.98613,2,137
2022-09-03T13:15:00-00:00,2022-09-03T13:30:00-00:00,2022-09-03,07,KERNFRNT_7_B1,KERNFRNT_7_B1,KERNFRNT_7_B1,RTPD,MCC,LMP_CONG_PRC,KERNFRNT_7_B1,ALL,1,23.77,2,137
2022-09-03T14:15:00-00:00,2022-09-03T14:30:00-00:00,2022-09-03,08,KERNFRNT_7_B1,KERNFRNT_7_B1,KERNFRNT_7_B1,RTPD,MCC,LMP_CONG_PRC,KERNFRNT_7_B1,ALL,1,31.93488,2,137
2022-09-03T15:15:00-00:00,2022-09-03T15:30:00-00:00,2022-09-03,09,KERNFRNT_7_B1,KERNFRNT_7_B1,KERNFRNT_7_B1,RTPD,MCC,LMP_CONG_PRC,KERNFRNT_7_B1,ALL,1,0,2,137
2022-09-03T16:15:00-00:00,2022-09-03T16:30:00-00:00,2022-09-03,10,KERNFRNT_7_B1,KERNFRNT_7_B1,KERNFRNT_7_B1,RTPD,MCC,LMP_CONG_PRC,KERNFRNT_7_B1,ALL,1,0,2,137
2022-09-03T17:15:00-00:00,2022-09-03T17:30:00-00:00,2022-09-03,11,KERNFRNT_7_B1,KERNFRNT_7_B1,KERNFRNT_7_B1,RTPD,MCC,LMP_CONG_PRC,KERNFRNT_7_B1,ALL,1,0,2,137
2022-09-03T18:15:00-00:00,2022-09-03T18:30:00-00:00,2022-09-03,12,KERNFRNT_7_B1,KERNFRNT_7_B1,KERNFRNT_7_B1,RTPD,MCC,LMP_CONG_PRC,KERNFRNT_7_B1,ALL,1,-0.74482,2,137
2022-09-03T19:15:00-00:00,2022-09-03T19:30:00-00:00,2022-09-03,13,KERNFRNT_7_B1,KERNFRNT_7_B1,KERNFRNT_7_B1,RTPD,MCC,LMP_CONG_PRC,KERNFRNT_7_B1,ALL,1,-9.45813,2,137
2022-09-03T20:15:00-00:00,2022-09-03T20:30:00-00:00,2022-09-03,14,KERNFRNT_7_B1,KERNFRNT_7_B1,KERNFRNT_7_B1,RTPD,MCC,LMP_CONG_PRC,KERNFRNT_7_B1,ALL,1,3.70677,2,137
2022-09-03T21:15:00-00:00,2022-09-03T21:30:00-00:00,2022-09-03,15,KERNFRNT_7_B1,KERNFRNT_7_B1,KERNFRNT_7_B1,RTPD,MCC,LMP_CONG_PRC,KERNFRNT_7_B1,ALL,1,28.09561,2,137
2022-09-03T22:15:00-00:00,2022-09-03T22:30:00-00:00,2022-09-03,16,KERNFRNT_7_B1,KERNFRNT_7_B1,KERNFRNT_7_B1,RTPD,MCC,LMP_CONG_PRC,KERNFRNT_7_B1,ALL,1,27.34502,2,137
2022-09-03T23:15:00-00:00,2022-09-03T23:30:00-00:00,2022-09-03,17,KERNFRNT_7_B1,KERNFRNT_7_B1,KERNFRNT_7_B1,RTPD,MCC,LMP_CONG_PRC,KERNFRNT_7_B1,ALL,1,-35.15415,2,137
2022-09-04T00:15:00-00:00,2022-09-04T00:30:00-00:00,2022-09-03,18,KERNFRNT_7_B1,KERNFRNT_7_B1,KERNFRNT_7_B1,RTPD,MCC,LMP_CONG_PRC,KERNFRNT_7_B1,ALL,1,14.42846,2,137
2022-09-04T01:15:00-00:00,2022-09-04T01:30:00-00:00,2022-09-03,19,KERNFRNT_7_B1,KERNFRNT_7_B1,KERNFRNT_7_B1,RTPD,MCC,LMP_CONG_PRC,KERNFRNT_7_B1,ALL,1,-78.24826,2,137
2022-09-04T02:15:00-00:00,2022-09-04T02:30:00-00:00,2022-09-03,20,KERNFRNT_7_B1,KERNFRNT_7_B1,KERNFRNT_7_B1,RTPD,MCC,LMP_CONG_PRC,KERNFRNT_7_B1,ALL,1,-17.28222,2,137
2022-09-04T03:15:00-00:00,2022-09-04T03:30:00-00:00,2022-09-03,21,KERNFRNT_7_B1,KERNFRNT_7_B1,KERNFRNT_7_B1,RTPD,MCC,LMP_CONG_PRC,KERNFRNT_7_B1,ALL,1,-18.10945,2,137
2022-09-04T04:15:00-00:00,2022-09-04T04:30:00-00:00,2022-09-03,22,KERNFRNT_7_B1,KERNFRNT_7_B1,KERNFRNT_7_B1,RTPD,MCC,LMP_CONG_PRC,KERNFRNT_7_B1,ALL,1,-19.51457,2,137
2022-09-04T05:15:00-00:00,2022-09-04T05:30:00-00:00,2022-09-03,23,KERNFRNT_7_B1,KERNFRNT_7_B1,KERNFRNT_7_B1,RTPD,MCC,LMP_CONG_PRC,KERNFRNT_7_B1,ALL,1,-25.54038,2,137
2022-09-04T06:15:00-00:00,2022-09-04T06:30:00-00:00,2022-09-03,24,KERNFRNT_7_B1,KERNFRNT_7_B1,KERNFRNT_7_B1,RTPD,MCC,LMP_CONG_PRC,KERNFRNT_7_B1,ALL,1,-15.85508,2,137
2022-09-03T07:30:00-00:00,2022-09-03T07:45:00-00:00,2022-09-03,01,KERNFRNT_7_B1,KERNFRNT_7_B1,KERNFRNT_7_B1,RTPD,MCC,LMP_CONG_PRC,KERNFRNT_7_B1,ALL,1,1.59164,3,137
2022-09-03T08:30:00-00:00,2022-09-03T08:45:00-00:00,2022-09-03,02,KERNFRNT_7_B1,KERNFRNT_7_B1,KERNFRNT_7_B1,RTPD,MCC,LMP_CONG_PRC,KERNFRNT_7_B1,ALL,1,11.53006,3,137
2022-09-03T09:30:00-00:00,2022-09-03T09:45:00-00:00,2022-09-03,03,KERNFRNT_7_B1,KERNFRNT_7_B1,KERNFRNT_7_B1,RTPD,MCC,LMP_CONG_PRC,KERNFRNT_7_B1,ALL,1,-1.29193,3,137
2022-09-03T10:30:00-00:00,2022-09-03T10:45:00-00:00,2022-09-03,04,KERNFRNT_7_B1,KERNFRNT_7_B1,KERNFRNT_7_B1,RTPD,MCC,LMP_CONG_PRC,KERNFRNT_7_B1,ALL,1,-0.41343,3,137
2022-09-03T11:30:00-00:00,2022-09-03T11:45:00-00:00,2022-09-03,05,KERNFRNT_7_B1,KERNFRNT_7_B1,KERNFRNT_7_B1,RTPD,MCC,LMP_CONG_PRC,KERNFRNT_7_B1,ALL,1,18.4246,3,137
2022-09-03T12:30:00-00:00,2022-09-03T12:45:00-00:00,2022-09-03,06,KERNFRNT_7_B1,KERNFRNT_7_B1,KERNFRNT_7_B1,RTPD,MCC,LMP_CONG_PRC,KERNFRNT_7_B1,ALL,1,2.88554,3,137
2022-09-03T13:30:00-00:00,2022-09-03T13:45:00-00:00,2022-09-03,07,KERNFRNT_7_B1,KERNFRNT_7_B1,KERNFRNT_7_B1,RTPD,MCC,LMP_CONG_PRC,KERNFRNT_7_B1,ALL,1,22.84485,3,137
2022-09-03T14:30:00-00:00,2022-09-03T14:45:00-00:00,2022-09-03,08,KERNFRNT_7_B1,KERNFRNT_7_B1,KERNFRNT_7_B1,RTPD,MCC,LMP_CONG_PRC,KERNFRNT_7_B1,ALL,1,28.35536,3,137
2022-09-03T15:30:00-00:00,2022-09-03T15:45:00-00:00,2022-09-03,09,KERNFRNT_7_B1,KERNFRNT_7_B1,KERNFRNT_7_B1,RTPD,MCC,LMP_CONG_PRC,KERNFRNT_7_B1,ALL,1,0,3,137
2022-09-03T16:30:00-00:00,2022-09-03T16:45:00-00:00,2022-09-03,10,KERNFRNT_7_B1,KERNFRNT_7_B1,KERNFRNT_7_B1,RTPD,MCC,LMP_CONG_PRC,KERNFRNT_7_B1,ALL,1,0,3,137
2022-09-03T17:30:00-00:00,2022-09-03T17:45:00-00:00,2022-09-03,11,KERNFRNT_7_B1,KERNFRNT_7_B1,KERNFRNT_7_B1,RTPD,MCC,LMP_CONG_PRC,KERNFRNT_7_B1,ALL,1,0,3,137
2022-09-03T18:30:00-00:00,2022-09-03T18:45:00-00:00,2022-09-03,12,KERNFRNT_7_B1,KERNFRNT_7_B1,KERNFRNT_7_B1,RTPD,MCC,LMP_CONG_PRC,KERNFRNT_7_B1,ALL,1,-1.50971,3,137
2022-09-03T19:30:00-00:00,2022-09-03T19:45:00-00:00,2022-09-03,13,KERNFRNT_7_B1,KERNFRNT_7_B1,KERNFRNT_7_B1,RTPD,MCC,LMP_CONG_PRC,KERNFRNT_7_B1,ALL,1,-69.20705,3,137
2022-09-03T20:30:00-00:00,2022-09-03T20:45:00-00:00,2022-09-03,14,KERNFRNT_7_B1,KERNFRNT_7_B1,KERNFRNT_7_B1,RTPD,MCC,LMP_CONG_PRC,KERNFRNT_7_B1,ALL,1,9.298,3,137
2022-09-03T21:30:00-00:00,2022-09-03T21:45:00-00:00,2022-09-03,15,KERNFRNT_7_B1,KERNFRNT_7_B1,KERNFRNT_7_B1,RTPD,MCC,LMP_CONG_PRC,KERNFRNT_7_B1,ALL,1,27.41392,3,137
2022-09-03T22:30:00-00:00,2022-09-03T22:45:00-00:00,2022-09-03,16,KERNFRNT_7_B1,KERNFRNT_7_B1,KERNFRNT_7_B1,RTPD,MCC,LMP_CONG_PRC,KERNFRNT_7_B1,ALL,1,-15.31054,3,137
2022-09-03T23:30:00-00:00,2022-09-03T23:45:00-00:00,2022-09-03,17,KERNFRNT_7_B1,KERNFRNT_7_B1,KERNFRNT_7_B1,RTPD,MCC,LMP_CONG_PRC,KERNFRNT_7_B1,ALL,1,-5.48218,3,137
2022-09-04T00:30:00-00:00,2022-09-04T00:45:00-00:00,2022-09-03,18,KERNFRNT_7_B1,KERNFRNT_7_B1,KERNFRNT_7_B1,RTPD,MCC,LMP_CONG_PRC,KERNFRNT_7_B1,ALL,1,-27.60402,3,137
2022-09-04T01:30:00-00:00,2022-09-04T01:45:00-00:00,2022-09-03,19,KERNFRNT_7_B1,KERNFRNT_7_B1,KERNFRNT_7_B1,RTPD,MCC,LMP_CONG_PRC,KERNFRNT_7_B1,ALL,1,-295.85886,3,137
2022-09-04T02:30:00-00:00,2022-09-04T02:45:00-00:00,2022-09-03,20,KERNFRNT_7_B1,KERNFRNT_7_B1,KERNFRNT_7_B1,RTPD,MCC,LMP_CONG_PRC,KERNFRNT_7_B1,ALL,1,-6.94382,3,137
2022-09-04T03:30:00-00:00,2022-09-04T03:45:00-00:00,2022-09-03,21,KERNFRNT_7_B1,KERNFRNT_7_B1,KERNFRNT_7_B1,RTPD,MCC,LMP_CONG_PRC,KERNFRNT_7_B1,ALL,1,-12.54418,3,137
2022-09-04T04:30:00-00:00,2022-09-04T04:45:00-00:00,2022-09-03,22,KERNFRNT_7_B1,KERNFRNT_7_B1,KERNFRNT_7_B1,RTPD,MCC,LMP_CONG_PRC,KERNFRNT_7_B1,ALL,1,-12.37172,3,137
2022-09-04T05:30:00-00:00,2022-09-04T05:45:00-00:00,2022-09-03,23,KERNFRNT_7_B1,KERNFRNT_7_B1,KERNFRNT_7_B1,RTPD,MCC,LMP_CONG_PRC,KERNFRNT_7_B1,ALL,1,-27.4674,3,137
2022-09-04T06:30:00-00:00,2022-09-04T06:45:00-00:00,2022-09-03,24,KERNFRNT_7_B1,KERNFRNT_7_B1,KERNFRNT_7_B1,RTPD,MCC,LMP_CONG_PRC,KERNFRNT_7_B1,ALL,1,-20.08288,3,137
2022-09-03T07:45:00-00:00,2022-09-03T08:00:00-00:00,2022-09-03,01,KERNFRNT_7_B1,KERNFRNT_7_B1,KERNFRNT_7_B1,RTPD,MCC,LMP_CONG_PRC,KERNFRNT_7_B1,ALL,1,8.41088,4,137
2022-09-03T08:45:00-00:00,2022-09-03T09:00:00-00:00,2022-09-03,02,KERNFRNT_7_B1,KERNFRNT_7_B1,KERNFRNT_7_B1,RTPD,MCC,LMP_CONG_PRC,KERNFRNT_7_B1,ALL,1,9.48516,4,137
2022-09-03T09:45:00-00:00,2022-09-03T10:00:00-00:00,2022-09-03,03,KERNFRNT_7_B1,KERNFRNT_7_B1,KERNFRNT_7_B1,RTPD,MCC,LMP_CONG_PRC,KERNFRNT_7_B1,ALL,1,-2.8986,4,137
2022-09-03T10:45:00-00:00,2022-09-03T11:00:00-00:00,2022-09-03,04,KERNFRNT_7_B1,KERNFRNT_7_B1,KERNFRNT_7_B1,RTPD,MCC,LMP_CONG_PRC,KERNFRNT_7_B1,ALL,1,24.72093,4,137
2022-09-03T11:45:00-00:00,2022-09-03T12:00:00-00:00,2022-09-03,05,KERNFRNT_7_B1,KERNFRNT_7_B1,KERNFRNT_7_B1,RTPD,MCC,LMP_CONG_PRC,KERNFRNT_7_B1,ALL,1,2.07303,4,137
2022-09-03T12:45:00-00:00,2022-09-03T13:00:00-00:00,2022-09-03,06,KERNFRNT_7_B1,KERNFRNT_7_B1,KERNFRNT_7_B1,RTPD,MCC,LMP_CONG_PRC,KERNFRNT_7_B1,ALL,1,0.35131,4,137
2022-09-03T13:45:00-00:00,2022-09-03T14:00:00-00:00,2022-09-03,07,KERNFRNT_7_B1,KERNFRNT_7_B1,KERNFRNT_7_B1,RTPD,MCC,LMP_CONG_PRC,KERNFRNT_7_B1,ALL,1,25.41485,4,137
2022-09-03T14:45:00-00:00,2022-09-03T15:00:00-00:00,2022-09-03,08,KERNFRNT_7_B1,KERNFRNT_7_B1,KERNFRNT_7_B1,RTPD,MCC,LMP_CONG_PRC,KERNFRNT_7_B1,ALL,1,0.00097,4,137
2022-09-03T15:45:00-00:00,2022-09-03T16:00:00-00:00,2022-09-03,09,KERNFRNT_7_B1,KERNFRNT_7_B1,KERNFRNT_7_B1,RTPD,MCC,LMP_CONG_PRC,KERNFRNT_7_B1,ALL,1,0,4,137
2022-09-03T16:45:00-00:00,2022-09-03T17:00:00-00:00,2022-09-03,10,KERNFRNT_7_B1,KERNFRNT_7_B1,KERNFRNT_7_B1,RTPD,MCC,LMP_CONG_PRC,KERNFRNT_7_B1,ALL,1,0,4,137
2022-09-03T17:45:00-00:00,2022-09-03T18:00:00-00:00,2022-09-03,11,KERNFRNT_7_B1,KERNFRNT_7_B1,KERNFRNT_7_B1,RTPD,MCC,LMP_CONG_PRC,KERNFRNT_7_B1,ALL,1,-0.59226,4,137
2022-09-03T18:45:00-00:00,2022-09-03T19:00:00-00:00,2022-09-03,12,KERNFRNT_7_B1,KERNFRNT_7_B1,KERNFRNT_7_B1,RTPD,MCC,LMP_CONG_PRC,KERNFRNT_7_B1,ALL,1,-0.08454,4,137
2022-09-03T19:45:00-00:00,2022-09-03T20:00:00-00:00,2022-09-03,13,KERNFRNT_7_B1,KERNFRNT_7_B1,KERNFRNT_7_B1,RTPD,MCC,LMP_CONG_PRC,KERNFRNT_7_B1,ALL,1,-73.70349,4,137
2022-09-03T20:45:00-00:00,2022-09-03T21:00:00-00:00,2022-09-03,14,KERNFRNT_7_B1,KERNFRNT_7_B1,KERNFRNT_7_B1,RTPD,MCC,LMP_CONG_PRC,KERNFRNT_7_B1,ALL,1,9.86073,4,137
2022-09-03T21:45:00-00:00,2022-09-03T22:00:00-00:00,2022-09-03,15,KERNFRNT_7_B1,KERNFRNT_7_B1,KERNFRNT_7_B1,RTPD,MCC,LMP_CONG_PRC,KERNFRNT_7_B1,ALL,1,30.42683,4,137
2022-09-03T22:45:00-00:00,2022-09-03T23:00:00-00:00,2022-09-03,16,KERNFRNT_7_B1,KERNFRNT_7_B1,KERNFRNT_7_B1,RTPD,MCC,LMP_CONG_PRC,KERNFRNT_7_B1,ALL,1,-13.95334,4,137
2022-09-03T23:45:00-00:00,2022-09-04T00:00:00-00:00,2022-09-03,17,KERNFRNT_7_B1,KERNFRNT_7_B1,KERNFRNT_7_B1,RTPD,MCC,LMP_CONG_PRC,KERNFRNT_7_B1,ALL,1,-21.0848,4,137
2022-09-04T00:45:00-00:00,2022-09-04T01:00:00-00:00,2022-09-03,18,KERNFRNT_7_B1,KERNFRNT_7_B1,KERNFRNT_7_B1,RTPD,MCC,LMP_CONG_PRC,KERNFRNT_7_B1,ALL,1,-179.68483,4,137
2022-09-04T01:45:00-00:00,2022-09-04T02:00:00-00:00,2022-09-03,19,KERNFRNT_7_B1,KERNFRNT_7_B1,KERNFRNT_7_B1,RTPD,MCC,LMP_CONG_PRC,KERNFRNT_7_B1,ALL,1,30.66875,4,137
2022-09-04T02:45:00-00:00,2022-09-04T03:00:00-00:00,2022-09-03,20,KERNFRNT_7_B1,KERNFRNT_7_B1,KERNFRNT_7_B1,RTPD,MCC,LMP_CONG_PRC,KERNFRNT_7_B1,ALL,1,-13.15607,4,137
2022-09-04T03:45:00-00:00,2022-09-04T04:00:00-00:00,2022-09-03,21,KERNFRNT_7_B1,KERNFRNT_7_B1,KERNFRNT_7_B1,RTPD,MCC,LMP_CONG_PRC,KERNFRNT_7_B1,ALL,1,-18.63192,4,137
2022-09-04T04:45:00-00:00,2022-09-04T05:00:00-00:00,2022-09-03,22,KERNFRNT_7_B1,KERNFRNT_7_B1,KERNFRNT_7_B1,RTPD,MCC,LMP_CONG_PRC,KERNFRNT_7_B1,ALL,1,-2.04111,4,137
2022-09-04T05:45:00-00:00,2022-09-04T06:00:00-00:00,2022-09-03,23,KERNFRNT_7_B1,KERNFRNT_7_B1,KERNFRNT_7_B1,RTPD,MCC,LMP_CONG_PRC,KERNFRNT_7_B1,ALL,1,-20.0377,4,137
2022-09-04T06:45:00-00:00,2022-09-04T07:00:00-00:00,2022-09-03,24,KERNFRNT_7_B1,KERNFRNT_7_B1,KERNFRNT_7_B1,RTPD,MCC,LMP_CONG_PRC,KERNFRNT_7_B1,ALL,1,-23.54683,4,137
2022-09-03T07:00:00-00:00,2022-09-03T07:15:00-00:00,2022-09-03,01,KERNFRNT_7_B1,KERNFRNT_7_B1,KERNFRNT_7_B1,RTPD,MCE,LMP_ENE_PRC,KERNFRNT_7_B1,ALL,1,95.21526,1,138
2022-09-03T08:00:00-00:00,2022-09-03T08:15:00-00:00,2022-09-03,02,KERNFRNT_7_B1,KERNFRNT_7_B1,KERNFRNT_7_B1,RTPD,MCE,LMP_ENE_PRC,KERNFRNT_7_B1,ALL,1,87.28334,1,138
2022-09-03T09:00:00-00:00,2022-09-03T09:15:00-00:00,2022-09-03,03,KERNFRNT_7_B1,KERNFRNT_7_B1,KERNFRNT_7_B1,RTPD,MCE,LMP_ENE_PRC,KERNFRNT_7_B1,ALL,1,83.66355,1,138
2022-09-03T10:00:00-00:00,2022-09-03T10:15:00-00:00,2022-09-03,04,KERNFRNT_7_B1,KERNFRNT_7_B1,KERNFRNT_7_B1,RTPD,MCE,LMP_ENE_PRC,KERNFRNT_7_B1,ALL,1,78.01908,1,138
2022-09-03T11:00:00-00:00,2022-09-03T11:15:00-00:00,2022-09-03,05,KERNFRNT_7_B1,KERNFRNT_7_B1,KERNFRNT_7_B1,RTPD,MCE,LMP_ENE_PRC,KERNFRNT_7_B1,ALL,1,75.01707,1,138
2022-09-03T12:00:00-00:00,2022-09-03T12:15:00-00:00,2022-09-03,06,KERNFRNT_7_B1,KERNFRNT_7_B1,KERNFRNT_7_B1,RTPD,MCE,LMP_ENE_PRC,KERNFRNT_7_B1,ALL,1,69.78732,1,138
2022-09-03T13:00:00-00:00,2022-09-03T13:15:00-00:00,2022-09-03,07,KERNFRNT_7_B1,KERNFRNT_7_B1,KERNFRNT_7_B1,RTPD,MCE,LMP_ENE_PRC,KERNFRNT_7_B1,ALL,1,60.44229,1,138
2022-09-03T14:00:00-00:00,2022-09-03T14:15:00-00:00,2022-09-03,08,KERNFRNT_7_B1,KERNFRNT_7_B1,KERNFRNT_7_B1,RTPD,MCE,LMP_ENE_PRC,KERNFRNT_7_B1,ALL,1,41.05574,1,138
2022-09-03T15:00:00-00:00,2022-09-03T15:15:00-00:00,2022-09-03,09,KERNFRNT_7_B1,KERNFRNT_7_B1,KERNFRNT_7_B1,RTPD,MCE,LMP_ENE_PRC,KERNFRNT_7_B1,ALL,1,25.73144,1,138
2022-09-03T16:00:00-00:00,2022-09-03T16:15:00-00:00,2022-09-03,10,KERNFRNT_7_B1,KERNFRNT_7_B1,KERNFRNT_7_B1,RTPD,MCE,LMP_ENE_PRC,KERNFRNT_7_B1,ALL,1,28.48087,1,138
2022-09-03T17:00:00-00:00,2022-09-03T17:15:00-00:00,2022-09-03,11,KERNFRNT_7_B1,KERNFRNT_7_B1,KERNFRNT_7_B1,RTPD,MCE,LMP_ENE_PRC,KERNFRNT_7_B1,ALL,1,51.7991,1,138
2022-09-03T18:00:00-00:00,2022-09-03T18:15:00-00:00,2022-09-03,12,KERNFRNT_7_B1,KERNFRNT_7_B1,KERNFRNT_7_B1,RTPD,MCE,LMP_ENE_PRC,KERNFRNT_7_B1,ALL,1,66.18183,1,138
2022-09-03T19:00:00-00:00,2022-09-03T19:15:00-00:00,2022-09-03,13,KERNFRNT_7_B1,KERNFRNT_7_B1,KERNFRNT_7_B1,RTPD,MCE,LMP_ENE_PRC,KERNFRNT_7_B1,ALL,1,49.33175,1,138
2022-09-03T20:00:00-00:00,2022-09-03T20:15:00-00:00,2022-09-03,14,KERNFRNT_7_B1,KERNFRNT_7_B1,KERNFRNT_7_B1,RTPD,MCE,LMP_ENE_PRC,KERNFRNT_7_B1,ALL,1,61.97858,1,138
2022-09-03T21:00:00-00:00,2022-09-03T21:15:00-00:00,2022-09-03,15,KERNFRNT_7_B1,KERNFRNT_7_B1,KERNFRNT_7_B1,RTPD,MCE,LMP_ENE_PRC,KERNFRNT_7_B1,ALL,1,48.58929,1,138
2022-09-03T22:00:00-00:00,2022-09-03T22:15:00-00:00,2022-09-03,16,KERNFRNT_7_B1,KERNFRNT_7_B1,KERNFRNT_7_B1,RTPD,MCE,LMP_ENE_PRC,KERNFRNT_7_B1,ALL,1,56.82881,1,138
2022-09-03T23:00:00-00:00,2022-09-03T23:15:00-00:00,2022-09-03,17,KERNFRNT_7_B1,KERNFRNT_7_B1,KERNFRNT_7_B1,RTPD,MCE,LMP_ENE_PRC,KERNFRNT_7_B1,ALL,1,71.87635,1,138
2022-09-04T00:00:00-00:00,2022-09-04T00:15:00-00:00,2022-09-03,18,KERNFRNT_7_B1,KERNFRNT_7_B1,KERNFRNT_7_B1,RTPD,MCE,LMP_ENE_PRC,KERNFRNT_7_B1,ALL,1,89.65697,1,138
2022-09-04T01:00:00-00:00,2022-09-04T01:15:00-00:00,2022-09-03,19,KERNFRNT_7_B1,KERNFRNT_7_B1,KERNFRNT_7_B1,RTPD,MCE,LMP_ENE_PRC,KERNFRNT_7_B1,ALL,1,154.23135,1,138
2022-09-04T02:00:00-00:00,2022-09-04T02:15:00-00:00,2022-09-03,20,KERNFRNT_7_B1,KERNFRNT_7_B1,KERNFRNT_7_B1,RTPD,MCE,LMP_ENE_PRC,KERNFRNT_7_B1,ALL,1,112.79788,1,138
2022-09-04T03:00:00-00:00,2022-09-04T03:15:00-00:00,2022-09-03,21,KERNFRNT_7_B1,KERNFRNT_7_B1,KERNFRNT_7_B1,RTPD,MCE,LMP_ENE_PRC,KERNFRNT_7_B1,ALL,1,114.10546,1,138
2022-09-04T04:00:00-00:00,2022-09-04T04:15:00-00:00,2022-09-03,22,KERNFRNT_7_B1,KERNFRNT_7_B1,KERNFRNT_7_B1,RTPD,MCE,LMP_ENE_PRC,KERNFRNT_7_B1,ALL,1,110.78377,1,138
2022-09-04T05:00:00-00:00,2022-09-04T05:15:00-00:00,2022-09-03,23,KERNFRNT_7_B1,KERNFRNT_7_B1,KERNFRNT_7_B1,RTPD,MCE,LMP_ENE_PRC,KERNFRNT_7_B1,ALL,1,126.90499,1,138
2022-09-04T06:00:00-00:00,2022-09-04T06:15:00-00:00,2022-09-03,24,KERNFRNT_7_B1,KERNFRNT_7_B1,KERNFRNT_7_B1,RTPD,MCE,LMP_ENE_PRC,KERNFRNT_7_B1,ALL,1,104.78344,1,138
2022-09-03T07:15:00-00:00,2022-09-03T07:30:00-00:00,2022-09-03,01,KERNFRNT_7_B1,KERNFRNT_7_B1,KERNFRNT_7_B1,RTPD,MCE,LMP_ENE_PRC,KERNFRNT_7_B1,ALL,1,92.27523,2,138
2022-09-03T08:15:00-00:00,2022-09-03T08:30:00-00:00,2022-09-03,02,KERNFRNT_7_B1,KERNFRNT_7_B1,KERNFRNT_7_B1,RTPD,MCE,LMP_ENE_PRC,KERNFRNT_7_B1,ALL,1,86.08077,2,138
2022-09-03T09:15:00-00:00,2022-09-03T09:30:00-00:00,2022-09-03,03,KERNFRNT_7_B1,KERNFRNT_7_B1,KERNFRNT_7_B1,RTPD,MCE,LMP_ENE_PRC,KERNFRNT_7_B1,ALL,1,81.52448,2,138
2022-09-03T10:15:00-00:00,2022-09-03T10:30:00-00:00,2022-09-03,04,KERNFRNT_7_B1,KERNFRNT_7_B1,KERNFRNT_7_B1,RTPD,MCE,LMP_ENE_PRC,KERNFRNT_7_B1,ALL,1,76.07778,2,138
2022-09-03T11:15:00-00:00,2022-09-03T11:30:00-00:00,2022-09-03,05,KERNFRNT_7_B1,KERNFRNT_7_B1,KERNFRNT_7_B1,RTPD,MCE,LMP_ENE_PRC,KERNFRNT_7_B1,ALL,1,70.31505,2,138
2022-09-03T12:15:00-00:00,2022-09-03T12:30:00-00:00,2022-09-03,06,KERNFRNT_7_B1,KERNFRNT_7_B1,KERNFRNT_7_B1,RTPD,MCE,LMP_ENE_PRC,KERNFRNT_7_B1,ALL,1,70.02316,2,138
2022-09-03T13:15:00-00:00,2022-09-03T13:30:00-00:00,2022-09-03,07,KERNFRNT_7_B1,KERNFRNT_7_B1,KERNFRNT_7_B1,RTPD,MCE,LMP_ENE_PRC,KERNFRNT_7_B1,ALL,1,58.94546,2,138
2022-09-03T14:15:00-00:00,2022-09-03T14:30:00-00:00,2022-09-03,08,KERNFRNT_7_B1,KERNFRNT_7_B1,KERNFRNT_7_B1,RTPD,MCE,LMP_ENE_PRC,KERNFRNT_7_B1,ALL,1,36.88333,2,138
2022-09-03T15:15:00-00:00,2022-09-03T15:30:00-00:00,2022-09-03,09,KERNFRNT_7_B1,KERNFRNT_7_B1,KERNFRNT_7_B1,RTPD,MCE,LMP_ENE_PRC,KERNFRNT_7_B1,ALL,1,25.63309,2,138
2022-09-03T16:15:00-00:00,2022-09-03T16:30:00-00:00,2022-09-03,10,KERNFRNT_7_B1,KERNFRNT_7_B1,KERNFRNT_7_B1,RTPD,MCE,LMP_ENE_PRC,KERNFRNT_7_B1,ALL,1,28.35578,2,138
2022-09-03T17:15:00-00:00,2022-09-03T17:30:00-00:00,2022-09-03,11,KERNFRNT_7_B1,KERNFRNT_7_B1,KERNFRNT_7_B1,RTPD,MCE,LMP_ENE_PRC,KERNFRNT_7_B1,ALL,1,62.78814,2,138
2022-09-03T18:15:00-00:00,2022-09-03T18:30:00-00:00,2022-09-03,12,KERNFRNT_7_B1,KERNFRNT_7_B1,KERNFRNT_7_B1,RTPD,MCE,LMP_ENE_PRC,KERNFRNT_7_B1,ALL,1,69.64405,2,138
2022-09-03T19:15:00-00:00,2022-09-03T19:30:00-00:00,2022-09-03,13,KERNFRNT_7_B1,KERNFRNT_7_B1,KERNFRNT_7_B1,RTPD,MCE,LMP_ENE_PRC,KERNFRNT_7_B1,ALL,1,55.44478,2,138
2022-09-03T20:15:00-00:00,2022-09-03T20:30:00-00:00,2022-09-03,14,KERNFRNT_7_B1,KERNFRNT_7_B1,KERNFRNT_7_B1,RTPD,MCE,LMP_ENE_PRC,KERNFRNT_7_B1,ALL,1,61.55304,2,138
2022-09-03T21:15:00-00:00,2022-09-03T21:30:00-00:00,2022-09-03,15,KERNFRNT_7_B1,KERNFRNT_7_B1,KERNFRNT_7_B1,RTPD,MCE,LMP_ENE_PRC,KERNFRNT_7_B1,ALL,1,53.762,2,138
2022-09-03T22:15:00-00:00,2022-09-03T22:30:00-00:00,2022-09-03,16,KERNFRNT_7_B1,KERNFRNT_7_B1,KERNFRNT_7_B1,RTPD,MCE,LMP_ENE_PRC,KERNFRNT_7_B1,ALL,1,70.72961,2,138
2022-09-03T23:15:00-00:00,2022-09-03T23:30:00-00:00,2022-09-03,17,KERNFRNT_7_B1,KERNFRNT_7_B1,KERNFRNT_7_B1,RTPD,MCE,LMP_ENE_PRC,KERNFRNT_7_B1,ALL,1,86.75099,2,138
2022-09-04T00:15:00-00:00,2022-09-04T00:30:00-00:00,2022-09-03,18,KERNFRNT_7_B1,KERNFRNT_7_B1,KERNFRNT_7_B1,RTPD,MCE,LMP_ENE_PRC,KERNFRNT_7_B1,ALL,1,102.50471,2,138
2022-09-04T01:15:00-00:00,2022-09-04T01:30:00-00:00,2022-09-03,19,KERNFRNT_7_B1,KERNFRNT_7_B1,KERNFRNT_7_B1,RTPD,MCE,LMP_ENE_PRC,KERNFRNT_7_B1,ALL,1,212.54434,2,138
2022-09-04T02:15:00-00:00,2022-09-04T02:30:00-00:00,2022-09-03,20,KERNFRNT_7_B1,KERNFRNT_7_B1,KERNFRNT_7_B1,RTPD,MCE,LMP_ENE_PRC,KERNFRNT_7_B1,ALL,1,130.70084,2,138
2022-09-04T03:15:00-00:00,2022-09-04T03:30:00-00:00,2022-09-03,21,KERNFRNT_7_B1,KERNFRNT_7_B1,KERNFRNT_7_B1,RTPD,MCE,LMP_ENE_PRC,KERNFRNT_7_B1,ALL,1,95.34308,2,138
2022-09-04T04:15:00-00:00,2022-09-04T04:30:00-00:00,2022-09-03,22,KERNFRNT_7_B1,KERNFRNT_7_B1,KERNFRNT_7_B1,RTPD,MCE,LMP_ENE_PRC,KERNFRNT_7_B1,ALL,1,109.32287,2,138
2022-09-04T05:15:00-00:00,2022-09-04T05:30:00-00:00,2022-09-03,23,KERNFRNT_7_B1,KERNFRNT_7_B1,KERNFRNT_7_B1,RTPD,MCE,LMP_ENE_PRC,KERNFRNT_7_B1,ALL,1,116.98954,2,138
2022-09-04T06:15:00-00:00,2022-09-04T06:30:00-00:00,2022-09-03,24,KERNFRNT_7_B1,KERNFRNT_7_B1,KERNFRNT_7_B1,RTPD,MCE,LMP_ENE_PRC,KERNFRNT_7_B1,ALL,1,96.51392,2,138
2022-09-03T07:30:00-00:00,2022-09-03T07:45:00-00:00,2022-09-03,01,KERNFRNT_7_B1,KERNFRNT_7_B1,KERNFRNT_7_B1,RTPD,MCE,LMP_ENE_PRC,KERNFRNT_7_B1,ALL,1,89.3035,3,138
2022-09-03T08:30:00-00:00,2022-09-03T08:45:00-00:00,2022-09-03,02,KERNFRNT_7_B1,KERNFRNT_7_B1,KERNFRNT_7_B1,RTPD,MCE,LMP_ENE_PRC,KERNFRNT_7_B1,ALL,1,84.37487,3,138
2022-09-03T09:30:00-00:00,2022-09-03T09:45:00-00:00,2022-09-03,03,KERNFRNT_7_B1,KERNFRNT_7_B1,KERNFRNT_7_B1,RTPD,MCE,LMP_ENE_PRC,KERNFRNT_7_B1,ALL,1,78.67165,3,138
2022-09-03T10:30:00-00:00,2022-09-03T10:45:00-00:00,2022-09-03,04,KERNFRNT_7_B1,KERNFRNT_7_B1,KERNFRNT_7_B1,RTPD,MCE,LMP_ENE_PRC,KERNFRNT_7_B1,ALL,1,74.63704,3,138
2022-09-03T11:30:00-00:00,2022-09-03T11:45:00-00:00,2022-09-03,05,KERNFRNT_7_B1,KERNFRNT_7_B1,KERNFRNT_7_B1,RTPD,MCE,LMP_ENE_PRC,KERNFRNT_7_B1,ALL,1,72.79705,3,138
2022-09-03T12:30:00-00:00,2022-09-03T12:45:00-00:00,2022-09-03,06,KERNFRNT_7_B1,KERNFRNT_7_B1,KERNFRNT_7_B1,RTPD,MCE,LMP_ENE_PRC,KERNFRNT_7_B1,ALL,1,71.64459,3,138
2022-09-03T13:30:00-00:00,2022-09-03T13:45:00-00:00,2022-09-03,07,KERNFRNT_7_B1,KERNFRNT_7_B1,KERNFRNT_7_B1,RTPD,MCE,LMP_ENE_PRC,KERNFRNT_7_B1,ALL,1,58.60193,3,138
2022-09-03T14:30:00-00:00,2022-09-03T14:45:00-00:00,2022-09-03,08,KERNFRNT_7_B1,KERNFRNT_7_B1,KERNFRNT_7_B1,RTPD,MCE,LMP_ENE_PRC,KERNFRNT_7_B1,ALL,1,35.09087,3,138
2022-09-03T15:30:00-00:00,2022-09-03T15:45:00-00:00,2022-09-03,09,KERNFRNT_7_B1,KERNFRNT_7_B1,KERNFRNT_7_B1,RTPD,MCE,LMP_ENE_PRC,KERNFRNT_7_B1,ALL,1,24.86074,3,138
2022-09-03T16:30:00-00:00,2022-09-03T16:45:00-00:00,2022-09-03,10,KERNFRNT_7_B1,KERNFRNT_7_B1,KERNFRNT_7_B1,RTPD,MCE,LMP_ENE_PRC,KERNFRNT_7_B1,ALL,1,27.53581,3,138
2022-09-03T17:30:00-00:00,2022-09-03T17:45:00-00:00,2022-09-03,11,KERNFRNT_7_B1,KERNFRNT_7_B1,KERNFRNT_7_B1,RTPD,MCE,LMP_ENE_PRC,KERNFRNT_7_B1,ALL,1,63.76433,3,138
2022-09-03T18:30:00-00:00,2022-09-03T18:45:00-00:00,2022-09-03,12,KERNFRNT_7_B1,KERNFRNT_7_B1,KERNFRNT_7_B1,RTPD,MCE,LMP_ENE_PRC,KERNFRNT_7_B1,ALL,1,73.72509,3,138
2022-09-03T19:30:00-00:00,2022-09-03T19:45:00-00:00,2022-09-03,13,KERNFRNT_7_B1,KERNFRNT_7_B1,KERNFRNT_7_B1,RTPD,MCE,LMP_ENE_PRC,KERNFRNT_7_B1,ALL,1,70.11451,3,138
2022-09-03T20:30:00-00:00,2022-09-03T20:45:00-00:00,2022-09-03,14,KERNFRNT_7_B1,KERNFRNT_7_B1,KERNFRNT_7_B1,RTPD,MCE,LMP_ENE_PRC,KERNFRNT_7_B1,ALL,1,64.79179,3,138
2022-09-03T21:30:00-00:00,2022-09-03T21:45:00-00:00,2022-09-03,15,KERNFRNT_7_B1,KERNFRNT_7_B1,KERNFRNT_7_B1,RTPD,MCE,LMP_ENE_PRC,KERNFRNT_7_B1,ALL,1,59.9647,3,138
2022-09-03T22:30:00-00:00,2022-09-03T22:45:00-00:00,2022-09-03,16,KERNFRNT_7_B1,KERNFRNT_7_B1,KERNFRNT_7_B1,RTPD,MCE,LMP_ENE_PRC,KERNFRNT_7_B1,ALL,1,91.4901,3,138
2022-09-03T23:30:00-00:00,2022-09-03T23:45:00-00:00,2022-09-03,17,KERNFRNT_7_B1,KERNFRNT_7_B1,KERNFRNT_7_B1,RTPD,MCE,LMP_ENE_PRC,KERNFRNT_7_B1,ALL,1,93.43303,3,138
2022-09-04T00:30:00-00:00,2022-09-04T00:45:00-00:00,2022-09-03,18,KERNFRNT_7_B1,KERNFRNT_7_B1,KERNFRNT_7_B1,RTPD,MCE,LMP_ENE_PRC,KERNFRNT_7_B1,ALL,1,123.47544,3,138
2022-09-04T01:30:00-00:00,2022-09-04T01:45:00-00:00,2022-09-03,19,KERNFRNT_7_B1,KERNFRNT_7_B1,KERNFRNT_7_B1,RTPD,MCE,LMP_ENE_PRC,KERNFRNT_7_B1,ALL,1,393.41373,3,138
2022-09-04T02:30:00-00:00,2022-09-04T02:45:00-00:00,2022-09-03,20,KERNFRNT_7_B1,KERNFRNT_7_B1,KERNFRNT_7_B1,RTPD,MCE,LMP_ENE_PRC,KERNFRNT_7_B1,ALL,1,116.43634,3,138
2022-09-04T03:30:00-00:00,2022-09-04T03:45:00-00:00,2022-09-03,21,KERNFRNT_7_B1,KERNFRNT_7_B1,KERNFRNT_7_B1,RTPD,MCE,LMP_ENE_PRC,KERNFRNT_7_B1,ALL,1,91.11213,3,138
2022-09-04T04:30:00-00:00,2022-09-04T04:45:00-00:00,2022-09-03,22,KERNFRNT_7_B1,KERNFRNT_7_B1,KERNFRNT_7_B1,RTPD,MCE,LMP_ENE_PRC,KERNFRNT_7_B1,ALL,1,99.5048,3,138
2022-09-04T05:30:00-00:00,2022-09-04T05:45:00-00:00,2022-09-03,23,KERNFRNT_7_B1,KERNFRNT_7_B1,KERNFRNT_7_B1,RTPD,MCE,LMP_ENE_PRC,KERNFRNT_7_B1,ALL,1,112.62845,3,138
2022-09-04T06:30:00-00:00,2022-09-04T06:45:00-00:00,2022-09-03,24,KERNFRNT_7_B1,KERNFRNT_7_B1,KERNFRNT_7_B1,RTPD,MCE,LMP_ENE_PRC,KERNFRNT_7_B1,ALL,1,93.24175,3,138
2022-09-03T07:45:00-00:00,2022-09-03T08:00:00-00:00,2022-09-03,01,KERNFRNT_7_B1,KERNFRNT_7_B1,KERNFRNT_7_B1,RTPD,MCE,LMP_ENE_PRC,KERNFRNT_7_B1,ALL,1,83.53218,4,138
2022-09-03T08:45:00-00:00,2022-09-03T09:00:00-00:00,2022-09-03,02,KERNFRNT_7_B1,KERNFRNT_7_B1,KERNFRNT_7_B1,RTPD,MCE,LMP_ENE_PRC,KERNFRNT_7_B1,ALL,1,82.09146,4,138
2022-09-03T09:45:00-00:00,2022-09-03T10:00:00-00:00,2022-09-03,03,KERNFRNT_7_B1,KERNFRNT_7_B1,KERNFRNT_7_B1,RTPD,MCE,LMP_ENE_PRC,KERNFRNT_7_B1,ALL,1,74.61678,4,138
2022-09-03T10:45:00-00:00,2022-09-03T11:00:00-00:00,2022-09-03,04,KERNFRNT_7_B1,KERNFRNT_7_B1,KERNFRNT_7_B1,RTPD,MCE,LMP_ENE_PRC,KERNFRNT_7_B1,ALL,1,78.59346,4,138
2022-09-03T11:45:00-00:00,2022-09-03T12:00:00-00:00,2022-09-03,05,KERNFRNT_7_B1,KERNFRNT_7_B1,KERNFRNT_7_B1,RTPD,MCE,LMP_ENE_PRC,KERNFRNT_7_B1,ALL,1,69.7597,4,138
2022-09-03T12:45:00-00:00,2022-09-03T13:00:00-00:00,2022-09-03,06,KERNFRNT_7_B1,KERNFRNT_7_B1,KERNFRNT_7_B1,RTPD,MCE,LMP_ENE_PRC,KERNFRNT_7_B1,ALL,1,67.86831,4,138
2022-09-03T13:45:00-00:00,2022-09-03T14:00:00-00:00,2022-09-03,07,KERNFRNT_7_B1,KERNFRNT_7_B1,KERNFRNT_7_B1,RTPD,MCE,LMP_ENE_PRC,KERNFRNT_7_B1,ALL,1,46.5703,4,138
2022-09-03T14:45:00-00:00,2022-09-03T15:00:00-00:00,2022-09-03,08,KERNFRNT_7_B1,KERNFRNT_7_B1,KERNFRNT_7_B1,RTPD,MCE,LMP_ENE_PRC,KERNFRNT_7_B1,ALL,1,21.24877,4,138
2022-09-03T15:45:00-00:00,2022-09-03T16:00:00-00:00,2022-09-03,09,KERNFRNT_7_B1,KERNFRNT_7_B1,KERNFRNT_7_B1,RTPD,MCE,LMP_ENE_PRC,KERNFRNT_7_B1,ALL,1,23.18314,4,138
2022-09-03T16:45:00-00:00,2022-09-03T17:00:00-00:00,2022-09-03,10,KERNFRNT_7_B1,KERNFRNT_7_B1,KERNFRNT_7_B1,RTPD,MCE,LMP_ENE_PRC,KERNFRNT_7_B1,ALL,1,46.59203,4,138
2022-09-03T17:45:00-00:00,2022-09-03T18:00:00-00:00,2022-09-03,11,KERNFRNT_7_B1,KERNFRNT_7_B1,KERNFRNT_7_B1,RTPD,MCE,LMP_ENE_PRC,KERNFRNT_7_B1,ALL,1,70.00191,4,138
2022-09-03T18:45:00-00:00,2022-09-03T19:00:00-00:00,2022-09-03,12,KERNFRNT_7_B1,KERNFRNT_7_B1,KERNFRNT_7_B1,RTPD,MCE,LMP_ENE_PRC,KERNFRNT_7_B1,ALL,1,73.13248,4,138
2022-09-03T19:45:00-00:00,2022-09-03T20:00:00-00:00,2022-09-03,13,KERNFRNT_7_B1,KERNFRNT_7_B1,KERNFRNT_7_B1,RTPD,MCE,LMP_ENE_PRC,KERNFRNT_7_B1,ALL,1,73.69349,4,138
2022-09-03T20:45:00-00:00,2022-09-03T21:00:00-00:00,2022-09-03,14,KERNFRNT_7_B1,KERNFRNT_7_B1,KERNFRNT_7_B1,RTPD,MCE,LMP_ENE_PRC,KERNFRNT_7_B1,ALL,1,63.90304,4,138
2022-09-03T21:45:00-00:00,2022-09-03T22:00:00-00:00,2022-09-03,15,KERNFRNT_7_B1,KERNFRNT_7_B1,KERNFRNT_7_B1,RTPD,MCE,LMP_ENE_PRC,KERNFRNT_7_B1,ALL,1,66.4579,4,138
2022-09-03T22:45:00-00:00,2022-09-03T23:00:00-00:00,2022-09-03,16,KERNFRNT_7_B1,KERNFRNT_7_B1,KERNFRNT_7_B1,RTPD,MCE,LMP_ENE_PRC,KERNFRNT_7_B1,ALL,1,118.26591,4,138
2022-09-03T23:45:00-00:00,2022-09-04T00:00:00-00:00,2022-09-03,17,KERNFRNT_7_B1,KERNFRNT_7_B1,KERNFRNT_7_B1,RTPD,MCE,LMP_ENE_PRC,KERNFRNT_7_B1,ALL,1,116.80928,4,138
2022-09-04T00:45:00-00:00,2022-09-04T01:00:00-00:00,2022-09-03,18,KERNFRNT_7_B1,KERNFRNT_7_B1,KERNFRNT_7_B1,RTPD,MCE,LMP_ENE_PRC,KERNFRNT_7_B1,ALL,1,258.08282,4,138
2022-09-04T01:45:00-00:00,2022-09-04T02:00:00-00:00,2022-09-03,19,KERNFRNT_7_B1,KERNFRNT_7_B1,KERNFRNT_7_B1,RTPD,MCE,LMP_ENE_PRC,KERNFRNT_7_B1,ALL,1,349.2899,4,138
2022-09-04T02:45:00-00:00,2022-09-04T03:00:00-00:00,2022-09-03,20,KERNFRNT_7_B1,KERNFRNT_7_B1,KERNFRNT_7_B1,RTPD,MCE,LMP_ENE_PRC,KERNFRNT_7_B1,ALL,1,126.7922,4,138
2022-09-04T03:45:00-00:00,2022-09-04T04:00:00-00:00,2022-09-03,21,KERNFRNT_7_B1,KERNFRNT_7_B1,KERNFRNT_7_B1,RTPD,MCE,LMP_ENE_PRC,KERNFRNT_7_B1,ALL,1,83.08399,4,138
2022-09-04T04:45:00-00:00,2022-09-04T05:00:00-00:00,2022-09-03,22,KERNFRNT_7_B1,KERNFRNT_7_B1,KERNFRNT_7_B1,RTPD,MCE,LMP_ENE_PRC,KERNFRNT_7_B1,ALL,1,92.33352,4,138
2022-09-04T05:45:00-00:00,2022-09-04T06:00:00-00:00,2022-09-03,23,KERNFRNT_7_B1,KERNFRNT_7_B1,KERNFRNT_7_B1,RTPD,MCE,LMP_ENE_PRC,KERNFRNT_7_B1,ALL,1,99.18602,4,138
2022-09-04T06:45:00-00:00,2022-09-04T07:00:00-00:00,2022-09-03,24,KERNFRNT_7_B1,KERNFRNT_7_B1,KERNFRNT_7_B1,RTPD,MCE,LMP_ENE_PRC,KERNFRNT_7_B1,ALL,1,85.94384,4,138
2022-09-03T07:00:00-00:00,2022-09-03T07:15:00-00:00,2022-09-03,01,KERNFRNT_7_B1,KERNFRNT_7_B1,KERNFRNT_7_B1,RTPD,MCL,LMP_LOSS_PRC,KERNFRNT_7_B1,ALL,1,4.50368,1,139
2022-09-03T08:00:00-00:00,2022-09-03T08:15:00-00:00,2022-09-03,02,KERNFRNT_7_B1,KERNFRNT_7_B1,KERNFRNT_7_B1,RTPD,MCL,LMP_LOSS_PRC,KERNFRNT_7_B1,ALL,1,0,1,139
2022-09-03T09:00:00-00:00,2022-09-03T09:15:00-00:00,2022-09-03,03,KERNFRNT_7_B1,KERNFRNT_7_B1,KERNFRNT_7_B1,RTPD,MCL,LMP_LOSS_PRC,KERNFRNT_7_B1,ALL,1,0,1,139
2022-09-03T10:00:00-00:00,2022-09-03T10:15:00-00:00,2022-09-03,04,KERNFRNT_7_B1,KERNFRNT_7_B1,KERNFRNT_7_B1,RTPD,MCL,LMP_LOSS_PRC,KERNFRNT_7_B1,ALL,1,0,1,139
2022-09-03T11:00:00-00:00,2022-09-03T11:15:00-00:00,2022-09-03,05,KERNFRNT_7_B1,KERNFRNT_7_B1,KERNFRNT_7_B1,RTPD,MCL,LMP_LOSS_PRC,KERNFRNT_7_B1,ALL,1,0,1,139
2022-09-03T12:00:00-00:00,2022-09-03T12:15:00-00:00,2022-09-03,06,KERNFRNT_7_B1,KERNFRNT_7_B1,KERNFRNT_7_B1,RTPD,MCL,LMP_LOSS_PRC,KERNFRNT_7_B1,ALL,1,0,1,139
2022-09-03T13:00:00-00:00,2022-09-03T13:15:00-00:00,2022-09-03,07,KERNFRNT_7_B1,KERNFRNT_7_B1,KERNFRNT_7_B1,RTPD,MCL,LMP_LOSS_PRC,KERNFRNT_7_B1,ALL,1,0,1,139
2022-09-03T14:00:00-00:00,2022-09-03T14:15:00-00:00,2022-09-03,08,KERNFRNT_7_B1,KERNFRNT_7_B1,KERNFRNT_7_B1,RTPD,MCL,LMP_LOSS_PRC,KERNFRNT_7_B1,ALL,1,0,1,139
2022-09-03T15:00:00-00:00,2022-09-03T15:15:00-00:00,2022-09-03,09,KERNFRNT_7_B1,KERNFRNT_7_B1,KERNFRNT_7_B1,RTPD,MCL,LMP_LOSS_PRC,KERNFRNT_7_B1,ALL,1,1.03698,1,139
2022-09-03T16:00:00-00:00,2022-09-03T16:15:00-00:00,2022-09-03,10,KERNFRNT_7_B1,KERNFRNT_7_B1,KERNFRNT_7_B1,RTPD,MCL,LMP_LOSS_PRC,KERNFRNT_7_B1,ALL,1,0.69209,1,139
2022-09-03T17:00:00-00:00,2022-09-03T17:15:00-00:00,2022-09-03,11,KERNFRNT_7_B1,KERNFRNT_7_B1,KERNFRNT_7_B1,RTPD,MCL,LMP_LOSS_PRC,KERNFRNT_7_B1,ALL,1,1.19138,1,139
2022-09-03T18:00:00-00:00,2022-09-03T18:15:00-00:00,2022-09-03,12,KERNFRNT_7_B1,KERNFRNT_7_B1,KERNFRNT_7_B1,RTPD,MCL,LMP_LOSS_PRC,KERNFRNT_7_B1,ALL,1,1.74058,1,139
2022-09-03T19:00:00-00:00,2022-09-03T19:15:00-00:00,2022-09-03,13,KERNFRNT_7_B1,KERNFRNT_7_B1,KERNFRNT_7_B1,RTPD,MCL,LMP_LOSS_PRC,KERNFRNT_7_B1,ALL,1,1.42569,1,139
2022-09-03T20:00:00-00:00,2022-09-03T20:15:00-00:00,2022-09-03,14,KERNFRNT_7_B1,KERNFRNT_7_B1,KERNFRNT_7_B1,RTPD,MCL,LMP_LOSS_PRC,KERNFRNT_7_B1,ALL,1,1.39452,1,139
2022-09-03T21:00:00-00:00,2022-09-03T21:15:00-00:00,2022-09-03,15,KERNFRNT_7_B1,KERNFRNT_7_B1,KERNFRNT_7_B1,RTPD,MCL,LMP_LOSS_PRC,KERNFRNT_7_B1,ALL,1,0.68025,1,139
2022-09-03T22:00:00-00:00,2022-09-03T22:15:00-00:00,2022-09-03,16,KERNFRNT_7_B1,KERNFRNT_7_B1,KERNFRNT_7_B1,RTPD,MCL,LMP_LOSS_PRC,KERNFRNT_7_B1,ALL,1,0.40917,1,139
2022-09-03T23:00:00-00:00,2022-09-03T23:15:00-00:00,2022-09-03,17,KERNFRNT_7_B1,KERNFRNT_7_B1,KERNFRNT_7_B1,RTPD,MCL,LMP_LOSS_PRC,KERNFRNT_7_B1,ALL,1,0.67564,1,139
2022-09-04T00:00:00-00:00,2022-09-04T00:15:00-00:00,2022-09-03,18,KERNFRNT_7_B1,KERNFRNT_7_B1,KERNFRNT_7_B1,RTPD,MCL,LMP_LOSS_PRC,KERNFRNT_7_B1,ALL,1,3.25455,1,139
2022-09-04T01:00:00-00:00,2022-09-04T01:15:00-00:00,2022-09-03,19,KERNFRNT_7_B1,KERNFRNT_7_B1,KERNFRNT_7_B1,RTPD,MCL,LMP_LOSS_PRC,KERNFRNT_7_B1,ALL,1,4.24136,1,139
2022-09-04T02:00:00-00:00,2022-09-04T02:15:00-00:00,2022-09-03,20,KERNFRNT_7_B1,KERNFRNT_7_B1,KERNFRNT_7_B1,RTPD,MCL,LMP_LOSS_PRC,KERNFRNT_7_B1,ALL,1,3.74489,1,139
2022-09-04T03:00:00-00:00,2022-09-04T03:15:00-00:00,2022-09-03,21,KERNFRNT_7_B1,KERNFRNT_7_B1,KERNFRNT_7_B1,RTPD,MCL,LMP_LOSS_PRC,KERNFRNT_7_B1,ALL,1,3.98228,1,139
2022-09-04T04:00:00-00:00,2022-09-04T04:15:00-00:00,2022-09-03,22,KERNFRNT_7_B1,KERNFRNT_7_B1,KERNFRNT_7_B1,RTPD,MCL,LMP_LOSS_PRC,KERNFRNT_7_B1,ALL,1,4.1987,1,139
2022-09-04T05:00:00-00:00,2022-09-04T05:15:00-00:00,2022-09-03,23,KERNFRNT_7_B1,KERNFRNT_7_B1,KERNFRNT_7_B1,RTPD,MCL,LMP_LOSS_PRC,KERNFRNT_7_B1,ALL,1,5.86301,1,139
2022-09-04T06:00:00-00:00,2022-09-04T06:15:00-00:00,2022-09-03,24,KERNFRNT_7_B1,KERNFRNT_7_B1,KERNFRNT_7_B1,RTPD,MCL,LMP_LOSS_PRC,KERNFRNT_7_B1,ALL,1,7.12527,1,139
2022-09-03T07:15:00-00:00,2022-09-03T07:30:00-00:00,2022-09-03,01,KERNFRNT_7_B1,KERNFRNT_7_B1,KERNFRNT_7_B1,RTPD,MCL,LMP_LOSS_PRC,KERNFRNT_7_B1,ALL,1,4.58608,2,139
2022-09-03T08:15:00-00:00,2022-09-03T08:30:00-00:00,2022-09-03,02,KERNFRNT_7_B1,KERNFRNT_7_B1,KERNFRNT_7_B1,RTPD,MCL,LMP_LOSS_PRC,KERNFRNT_7_B1,ALL,1,0,2,139
2022-09-03T09:15:00-00:00,2022-09-03T09:30:00-00:00,2022-09-03,03,KERNFRNT_7_B1,KERNFRNT_7_B1,KERNFRNT_7_B1,RTPD,MCL,LMP_LOSS_PRC,KERNFRNT_7_B1,ALL,1,0,2,139
2022-09-03T10:15:00-00:00,2022-09-03T10:30:00-00:00,2022-09-03,04,KERNFRNT_7_B1,KERNFRNT_7_B1,KERNFRNT_7_B1,RTPD,MCL,LMP_LOSS_PRC,KERNFRNT_7_B1,ALL,1,0,2,139
2022-09-03T11:15:00-00:00,2022-09-03T11:30:00-00:00,2022-09-03,05,KERNFRNT_7_B1,KERNFRNT_7_B1,KERNFRNT_7_B1,RTPD,MCL,LMP_LOSS_PRC,KERNFRNT_7_B1,ALL,1,0,2,139
2022-09-03T12:15:00-00:00,2022-09-03T12:30:00-00:00,2022-09-03,06,KERNFRNT_7_B1,KERNFRNT_7_B1,KERNFRNT_7_B1,RTPD,MCL,LMP_LOSS_PRC,KERNFRNT_7_B1,ALL,1,0,2,139
2022-09-03T13:15:00-00:00,2022-09-03T13:30:00-00:00,2022-09-03,07,KERNFRNT_7_B1,KERNFRNT_7_B1,KERNFRNT_7_B1,RTPD,MCL,LMP_LOSS_PRC,KERNFRNT_7_B1,ALL,1,0,2,139
2022-09-03T14:15:00-00:00,2022-09-03T14:30:00-00:00,2022-09-03,08,KERNFRNT_7_B1,KERNFRNT_7_B1,KERNFRNT_7_B1,RTPD,MCL,LMP_LOSS_PRC,KERNFRNT_7_B1,ALL,1,0,2,139
2022-09-03T15:15:00-00:00,2022-09-03T15:30:00-00:00,2022-09-03,09,KERNFRNT_7_B1,KERNFRNT_7_B1,KERNFRNT_7_B1,RTPD,MCL,LMP_LOSS_PRC,KERNFRNT_7_B1,ALL,1,0.86127,2,139
2022-09-03T16:15:00-00:00,2022-09-03T16:30:00-00:00,2022-09-03,10,KERNFRNT_7_B1,KERNFRNT_7_B1,KERNFRNT_7_B1,RTPD,MCL,LMP_LOSS_PRC,KERNFRNT_7_B1,ALL,1,0.57562,2,139
2022-09-03T17:15:00-00:00,2022-09-03T17:30:00-00:00,2022-09-03,11,KERNFRNT_7_B1,KERNFRNT_7_B1,KERNFRNT_7_B1,RTPD,MCL,LMP_LOSS_PRC,KERNFRNT_7_B1,ALL,1,1.58854,2,139
2022-09-03T18:15:00-00:00,2022-09-03T18:30:00-00:00,2022-09-03,12,KERNFRNT_7_B1,KERNFRNT_7_B1,KERNFRNT_7_B1,RTPD,MCL,LMP_LOSS_PRC,KERNFRNT_7_B1,ALL,1,1.78985,2,139
2022-09-03T19:15:00-00:00,2022-09-03T19:30:00-00:00,2022-09-03,13,KERNFRNT_7_B1,KERNFRNT_7_B1,KERNFRNT_7_B1,RTPD,MCL,LMP_LOSS_PRC,KERNFRNT_7_B1,ALL,1,1.53028,2,139
2022-09-03T20:15:00-00:00,2022-09-03T20:30:00-00:00,2022-09-03,14,KERNFRNT_7_B1,KERNFRNT_7_B1,KERNFRNT_7_B1,RTPD,MCL,LMP_LOSS_PRC,KERNFRNT_7_B1,ALL,1,1.40956,2,139
2022-09-03T21:15:00-00:00,2022-09-03T21:30:00-00:00,2022-09-03,15,KERNFRNT_7_B1,KERNFRNT_7_B1,KERNFRNT_7_B1,RTPD,MCL,LMP_LOSS_PRC,KERNFRNT_7_B1,ALL,1,0.74729,2,139
2022-09-03T22:15:00-00:00,2022-09-03T22:30:00-00:00,2022-09-03,16,KERNFRNT_7_B1,KERNFRNT_7_B1,KERNFRNT_7_B1,RTPD,MCL,LMP_LOSS_PRC,KERNFRNT_7_B1,ALL,1,0.42438,2,139
2022-09-03T23:15:00-00:00,2022-09-03T23:30:00-00:00,2022-09-03,17,KERNFRNT_7_B1,KERNFRNT_7_B1,KERNFRNT_7_B1,RTPD,MCL,LMP_LOSS_PRC,KERNFRNT_7_B1,ALL,1,0.87618,2,139
2022-09-04T00:15:00-00:00,2022-09-04T00:30:00-00:00,2022-09-03,18,KERNFRNT_7_B1,KERNFRNT_7_B1,KERNFRNT_7_B1,RTPD,MCL,LMP_LOSS_PRC,KERNFRNT_7_B1,ALL,1,3.3109,2,139
2022-09-04T01:15:00-00:00,2022-09-04T01:30:00-00:00,2022-09-03,19,KERNFRNT_7_B1,KERNFRNT_7_B1,KERNFRNT_7_B1,RTPD,MCL,LMP_LOSS_PRC,KERNFRNT_7_B1,ALL,1,5.37737,2,139
2022-09-04T02:15:00-00:00,2022-09-04T02:30:00-00:00,2022-09-03,20,KERNFRNT_7_B1,KERNFRNT_7_B1,KERNFRNT_7_B1,RTPD,MCL,LMP_LOSS_PRC,KERNFRNT_7_B1,ALL,1,3.9341,2,139
2022-09-04T03:15:00-00:00,2022-09-04T03:30:00-00:00,2022-09-03,21,KERNFRNT_7_B1,KERNFRNT_7_B1,KERNFRNT_7_B1,RTPD,MCL,LMP_LOSS_PRC,KERNFRNT_7_B1,ALL,1,3.47049,2,139
2022-09-04T04:15:00-00:00,2022-09-04T04:30:00-00:00,2022-09-03,22,KERNFRNT_7_B1,KERNFRNT_7_B1,KERNFRNT_7_B1,RTPD,MCL,LMP_LOSS_PRC,KERNFRNT_7_B1,ALL,1,4.42758,2,139
2022-09-04T05:15:00-00:00,2022-09-04T05:30:00-00:00,2022-09-03,23,KERNFRNT_7_B1,KERNFRNT_7_B1,KERNFRNT_7_B1,RTPD,MCL,LMP_LOSS_PRC,KERNFRNT_7_B1,ALL,1,5.6038,2,139
2022-09-04T06:15:00-00:00,2022-09-04T06:30:00-00:00,2022-09-03,24,KERNFRNT_7_B1,KERNFRNT_7_B1,KERNFRNT_7_B1,RTPD,MCL,LMP_LOSS_PRC,KERNFRNT_7_B1,ALL,1,6.48574,2,139
2022-09-03T07:30:00-00:00,2022-09-03T07:45:00-00:00,2022-09-03,01,KERNFRNT_7_B1,KERNFRNT_7_B1,KERNFRNT_7_B1,RTPD,MCL,LMP_LOSS_PRC,KERNFRNT_7_B1,ALL,1,4.43838,3,139
2022-09-03T08:30:00-00:00,2022-09-03T08:45:00-00:00,2022-09-03,02,KERNFRNT_7_B1,KERNFRNT_7_B1,KERNFRNT_7_B1,RTPD,MCL,LMP_LOSS_PRC,KERNFRNT_7_B1,ALL,1,0,3,139
2022-09-03T09:30:00-00:00,2022-09-03T09:45:00-00:00,2022-09-03,03,KERNFRNT_7_B1,KERNFRNT_7_B1,KERNFRNT_7_B1,RTPD,MCL,LMP_LOSS_PRC,KERNFRNT_7_B1,ALL,1,0,3,139
2022-09-03T10:30:00-00:00,2022-09-03T10:45:00-00:00,2022-09-03,04,KERNFRNT_7_B1,KERNFRNT_7_B1,KERNFRNT_7_B1,RTPD,MCL,LMP_LOSS_PRC,KERNFRNT_7_B1,ALL,1,0,3,139
2022-09-03T11:30:00-00:00,2022-09-03T11:45:00-00:00,2022-09-03,05,KERNFRNT_7_B1,KERNFRNT_7_B1,KERNFRNT_7_B1,RTPD,MCL,LMP_LOSS_PRC,KERNFRNT_7_B1,ALL,1,0,3,139
2022-09-03T12:30:00-00:00,2022-09-03T12:45:00-00:00,2022-09-03,06,KERNFRNT_7_B1,KERNFRNT_7_B1,KERNFRNT_7_B1,RTPD,MCL,LMP_LOSS_PRC,KERNFRNT_7_B1,ALL,1,0,3,139
2022-09-03T13:30:00-00:00,2022-09-03T13:45:00-00:00,2022-09-03,07,KERNFRNT_7_B1,KERNFRNT_7_B1,KERNFRNT_7_B1,RTPD,MCL,LMP_LOSS_PRC,KERNFRNT_7_B1,ALL,1,0,3,139
2022-09-03T14:30:00-00:00,2022-09-03T14:45:00-00:00,2022-09-03,08,KERNFRNT_7_B1,KERNFRNT_7_B1,KERNFRNT_7_B1,RTPD,MCL,LMP_LOSS_PRC,KERNFRNT_7_B1,ALL,1,0,3,139
2022-09-03T15:30:00-00:00,2022-09-03T15:45:00-00:00,2022-09-03,09,KERNFRNT_7_B1,KERNFRNT_7_B1,KERNFRNT_7_B1,RTPD,MCL,LMP_LOSS_PRC,KERNFRNT_7_B1,ALL,1,0.58174,3,139
2022-09-03T16:30:00-00:00,2022-09-03T16:45:00-00:00,2022-09-03,10,KERNFRNT_7_B1,KERNFRNT_7_B1,KERNFRNT_7_B1,RTPD,MCL,LMP_LOSS_PRC,KERNFRNT_7_B1,ALL,1,0.4626,3,139
2022-09-03T17:30:00-00:00,2022-09-03T17:45:00-00:00,2022-09-03,11,KERNFRNT_7_B1,KERNFRNT_7_B1,KERNFRNT_7_B1,RTPD,MCL,LMP_LOSS_PRC,KERNFRNT_7_B1,ALL,1,1.55585,3,139
2022-09-03T18:30:00-00:00,2022-09-03T18:45:00-00:00,2022-09-03,12,KERNFRNT_7_B1,KERNFRNT_7_B1,KERNFRNT_7_B1,RTPD,MCL,LMP_LOSS_PRC,KERNFRNT_7_B1,ALL,1,1.87999,3,139
2022-09-03T19:30:00-00:00,2022-09-03T19:45:00-00:00,2022-09-03,13,KERNFRNT_7_B1,KERNFRNT_7_B1,KERNFRNT_7_B1,RTPD,MCL,LMP_LOSS_PRC,KERNFRNT_7_B1,ALL,1,0,3,139
2022-09-03T20:30:00-00:00,2022-09-03T20:45:00-00:00,2022-09-03,14,KERNFRNT_7_B1,KERNFRNT_7_B1,KERNFRNT_7_B1,RTPD,MCL,LMP_LOSS_PRC,KERNFRNT_7_B1,ALL,1,1.37359,3,139
2022-09-03T21:30:00-00:00,2022-09-03T21:45:00-00:00,2022-09-03,15,KERNFRNT_7_B1,KERNFRNT_7_B1,KERNFRNT_7_B1,RTPD,MCL,LMP_LOSS_PRC,KERNFRNT_7_B1,ALL,1,0.76155,3,139
2022-09-03T22:30:00-00:00,2022-09-03T22:45:00-00:00,2022-09-03,16,KERNFRNT_7_B1,KERNFRNT_7_B1,KERNFRNT_7_B1,RTPD,MCL,LMP_LOSS_PRC,KERNFRNT_7_B1,ALL,1,2.05853,3,139
2022-09-03T23:30:00-00:00,2022-09-03T23:45:00-00:00,2022-09-03,17,KERNFRNT_7_B1,KERNFRNT_7_B1,KERNFRNT_7_B1,RTPD,MCL,LMP_LOSS_PRC,KERNFRNT_7_B1,ALL,1,0.9717,3,139
2022-09-04T00:30:00-00:00,2022-09-04T00:45:00-00:00,2022-09-03,18,KERNFRNT_7_B1,KERNFRNT_7_B1,KERNFRNT_7_B1,RTPD,MCL,LMP_LOSS_PRC,KERNFRNT_7_B1,ALL,1,4.74146,3,139
2022-09-04T01:30:00-00:00,2022-09-04T01:45:00-00:00,2022-09-03,19,KERNFRNT_7_B1,KERNFRNT_7_B1,KERNFRNT_7_B1,RTPD,MCL,LMP_LOSS_PRC,KERNFRNT_7_B1,ALL,1,10.85822,3,139
2022-09-04T02:30:00-00:00,2022-09-04T02:45:00-00:00,2022-09-03,20,KERNFRNT_7_B1,KERNFRNT_7_B1,KERNFRNT_7_B1,RTPD,MCL,LMP_LOSS_PRC,KERNFRNT_7_B1,ALL,1,3.55131,3,139
2022-09-04T03:30:00-00:00,2022-09-04T03:45:00-00:00,2022-09-03,21,KERNFRNT_7_B1,KERNFRNT_7_B1,KERNFRNT_7_B1,RTPD,MCL,LMP_LOSS_PRC,KERNFRNT_7_B1,ALL,1,3.1707,3,139
2022-09-04T04:30:00-00:00,2022-09-04T04:45:00-00:00,2022-09-03,22,KERNFRNT_7_B1,KERNFRNT_7_B1,KERNFRNT_7_B1,RTPD,MCL,LMP_LOSS_PRC,KERNFRNT_7_B1,ALL,1,4.25881,3,139
2022-09-04T05:30:00-00:00,2022-09-04T05:45:00-00:00,2022-09-03,23,KERNFRNT_7_B1,KERNFRNT_7_B1,KERNFRNT_7_B1,RTPD,MCL,LMP_LOSS_PRC,KERNFRNT_7_B1,ALL,1,5.38364,3,139
2022-09-04T06:30:00-00:00,2022-09-04T06:45:00-00:00,2022-09-03,24,KERNFRNT_7_B1,KERNFRNT_7_B1,KERNFRNT_7_B1,RTPD,MCL,LMP_LOSS_PRC,KERNFRNT_7_B1,ALL,1,6.26585,3,139
2022-09-03T07:45:00-00:00,2022-09-03T08:00:00-00:00,2022-09-03,01,KERNFRNT_7_B1,KERNFRNT_7_B1,KERNFRNT_7_B1,RTPD,MCL,LMP_LOSS_PRC,KERNFRNT_7_B1,ALL,1,0,4,139
2022-09-03T08:45:00-00:00,2022-09-03T09:00:00-00:00,2022-09-03,02,KERNFRNT_7_B1,KERNFRNT_7_B1,KERNFRNT_7_B1,RTPD,MCL,LMP_LOSS_PRC,KERNFRNT_7_B1,ALL,1,4.62996,4,139
2022-09-03T09:45:00-00:00,2022-09-03T10:00:00-00:00,2022-09-03,03,KERNFRNT_7_B1,KERNFRNT_7_B1,KERNFRNT_7_B1,RTPD,MCL,LMP_LOSS_PRC,KERNFRNT_7_B1,ALL,1,4.13377,4,139
2022-09-03T10:45:00-00:00,2022-09-03T11:00:00-00:00,2022-09-03,04,KERNFRNT_7_B1,KERNFRNT_7_B1,KERNFRNT_7_B1,RTPD,MCL,LMP_LOSS_PRC,KERNFRNT_7_B1,ALL,1,4.1183,4,139
2022-09-03T11:45:00-00:00,2022-09-03T12:00:00-00:00,2022-09-03,05,KERNFRNT_7_B1,KERNFRNT_7_B1,KERNFRNT_7_B1,RTPD,MCL,LMP_LOSS_PRC,KERNFRNT_7_B1,ALL,1,4.29022,4,139
2022-09-03T12:45:00-00:00,2022-09-03T13:00:00-00:00,2022-09-03,06,KERNFRNT_7_B1,KERNFRNT_7_B1,KERNFRNT_7_B1,RTPD,MCL,LMP_LOSS_PRC,KERNFRNT_7_B1,ALL,1,4.29606,4,139
2022-09-03T13:45:00-00:00,2022-09-03T14:00:00-00:00,2022-09-03,07,KERNFRNT_7_B1,KERNFRNT_7_B1,KERNFRNT_7_B1,RTPD,MCL,LMP_LOSS_PRC,KERNFRNT_7_B1,ALL,1,3.12487,4,139
2022-09-03T14:45:00-00:00,2022-09-03T15:00:00-00:00,2022-09-03,08,KERNFRNT_7_B1,KERNFRNT_7_B1,KERNFRNT_7_B1,RTPD,MCL,LMP_LOSS_PRC,KERNFRNT_7_B1,ALL,1,0,4,139
2022-09-03T15:45:00-00:00,2022-09-03T16:00:00-00:00,2022-09-03,09,KERNFRNT_7_B1,KERNFRNT_7_B1,KERNFRNT_7_B1,RTPD,MCL,LMP_LOSS_PRC,KERNFRNT_7_B1,ALL,1,0.59117,4,139
2022-09-03T16:45:00-00:00,2022-09-03T17:00:00-00:00,2022-09-03,10,KERNFRNT_7_B1,KERNFRNT_7_B1,KERNFRNT_7_B1,RTPD,MCL,LMP_LOSS_PRC,KERNFRNT_7_B1,ALL,1,0.79206,4,139
2022-09-03T17:45:00-00:00,2022-09-03T18:00:00-00:00,2022-09-03,11,KERNFRNT_7_B1,KERNFRNT_7_B1,KERNFRNT_7_B1,RTPD,MCL,LMP_LOSS_PRC,KERNFRNT_7_B1,ALL,1,1.59604,4,139
2022-09-03T18:45:00-00:00,2022-09-03T19:00:00-00:00,2022-09-03,12,KERNFRNT_7_B1,KERNFRNT_7_B1,KERNFRNT_7_B1,RTPD,MCL,LMP_LOSS_PRC,KERNFRNT_7_B1,ALL,1,0,4,139
2022-09-03T19:45:00-00:00,2022-09-03T20:00:00-00:00,2022-09-03,13,KERNFRNT_7_B1,KERNFRNT_7_B1,KERNFRNT_7_B1,RTPD,MCL,LMP_LOSS_PRC,KERNFRNT_7_B1,ALL,1,0,4,139
2022-09-03T20:45:00-00:00,2022-09-03T21:00:00-00:00,2022-09-03,14,KERNFRNT_7_B1,KERNFRNT_7_B1,KERNFRNT_7_B1,RTPD,MCL,LMP_LOSS_PRC,KERNFRNT_7_B1,ALL,1,1.18221,4,139
2022-09-03T21:45:00-00:00,2022-09-03T22:00:00-00:00,2022-09-03,15,KERNFRNT_7_B1,KERNFRNT_7_B1,KERNFRNT_7_B1,RTPD,MCL,LMP_LOSS_PRC,KERNFRNT_7_B1,ALL,1,0.51837,4,139
2022-09-03T22:45:00-00:00,2022-09-03T23:00:00-00:00,2022-09-03,16,KERNFRNT_7_B1,KERNFRNT_7_B1,KERNFRNT_7_B1,RTPD,MCL,LMP_LOSS_PRC,KERNFRNT_7_B1,ALL,1,0.82786,4,139
2022-09-03T23:45:00-00:00,2022-09-04T00:00:00-00:00,2022-09-03,17,KERNFRNT_7_B1,KERNFRNT_7_B1,KERNFRNT_7_B1,RTPD,MCL,LMP_LOSS_PRC,KERNFRNT_7_B1,ALL,1,0.84103,4,139
2022-09-04T00:45:00-00:00,2022-09-04T01:00:00-00:00,2022-09-03,18,KERNFRNT_7_B1,KERNFRNT_7_B1,KERNFRNT_7_B1,RTPD,MCL,LMP_LOSS_PRC,KERNFRNT_7_B1,ALL,1,0,4,139
2022-09-04T01:45:00-00:00,2022-09-04T02:00:00-00:00,2022-09-03,19,KERNFRNT_7_B1,KERNFRNT_7_B1,KERNFRNT_7_B1,RTPD,MCL,LMP_LOSS_PRC,KERNFRNT_7_B1,ALL,1,6.84608,4,139
2022-09-04T02:45:00-00:00,2022-09-04T03:00:00-00:00,2022-09-03,20,KERNFRNT_7_B1,KERNFRNT_7_B1,KERNFRNT_7_B1,RTPD,MCL,LMP_LOSS_PRC,KERNFRNT_7_B1,ALL,1,3.41071,4,139
2022-09-04T03:45:00-00:00,2022-09-04T04:00:00-00:00,2022-09-03,21,KERNFRNT_7_B1,KERNFRNT_7_B1,KERNFRNT_7_B1,RTPD,MCL,LMP_LOSS_PRC,KERNFRNT_7_B1,ALL,1,2.5756,4,139
2022-09-04T04:45:00-00:00,2022-09-04T05:00:00-00:00,2022-09-03,22,KERNFRNT_7_B1,KERNFRNT_7_B1,KERNFRNT_7_B1,RTPD,MCL,LMP_LOSS_PRC,KERNFRNT_7_B1,ALL,1,3.46251,4,139
2022-09-04T05:45:00-00:00,2022-09-04T06:00:00-00:00,2022-09-03,23,KERNFRNT_7_B1,KERNFRNT_7_B1,KERNFRNT_7_B1,RTPD,MCL,LMP_LOSS_PRC,KERNFRNT_7_B1,ALL,1,4.35427,4,139
2022-09-04T06:45:00-00:00,2022-09-04T07:00:00-00:00,2022-09-03,24,KERNFRNT_7_B1,KERNFRNT_7_B1,KERNFRNT_7_B1,RTPD,MCL,LMP_LOSS_PRC,KERNFRNT_7_B1,ALL,1,5.3543,4,139
2022-09-03T07:00:00-00:00,2022-09-03T07:15:00-00:00,2022-09-03,01,KERNFRNT_7_B1,KERNFRNT_7_B1,KERNFRNT_7_B1,RTPD,MGHG,LMP_GHG_PRC,KERNFRNT_7_B1,ALL,1,0,1,140
2022-09-03T08:00:00-00:00,2022-09-03T08:15:00-00:00,2022-09-03,02,KERNFRNT_7_B1,KERNFRNT_7_B1,KERNFRNT_7_B1,RTPD,MGHG,LMP_GHG_PRC,KERNFRNT_7_B1,ALL,1,0,1,140
2022-09-03T09:00:00-00:00,2022-09-03T09:15:00-00:00,2022-09-03,03,KERNFRNT_7_B1,KERNFRNT_7_B1,KERNFRNT_7_B1,RTPD,MGHG,LMP_GHG_PRC,KERNFRNT_7_B1,ALL,1,0,1,140
2022-09-03T10:00:00-00:00,2022-09-03T10:15:00-00:00,2022-09-03,04,KERNFRNT_7_B1,KERNFRNT_7_B1,KERNFRNT_7_B1,RTPD,MGHG,LMP_GHG_PRC,KERNFRNT_7_B1,ALL,1,0,1,140
2022-09-03T11:00:00-00:00,2022-09-03T11:15:00-00:00,2022-09-03,05,KERNFRNT_7_B1,KERNFRNT_7_B1,KERNFRNT_7_B1,RTPD,MGHG,LMP_GHG_PRC,KERNFRNT_7_B1,ALL,1,0,1,140
2022-09-03T12:00:00-00:00,2022-09-03T12:15:00-00:00,2022-09-03,06,KERNFRNT_7_B1,KERNFRNT_7_B1,KERNFRNT_7_B1,RTPD,MGHG,LMP_GHG_PRC,KERNFRNT_7_B1,ALL,1,0,1,140
2022-09-03T13:00:00-00:00,2022-09-03T13:15:00-00:00,2022-09-03,07,KERNFRNT_7_B1,KERNFRNT_7_B1,KERNFRNT_7_B1,RTPD,MGHG,LMP_GHG_PRC,KERNFRNT_7_B1,ALL,1,0,1,140
2022-09-03T14:00:00-00:00,2022-09-03T14:15:00-00:00,2022-09-03,08,KERNFRNT_7_B1,KERNFRNT_7_B1,KERNFRNT_7_B1,RTPD,MGHG,LMP_GHG_PRC,KERNFRNT_7_B1,ALL,1,0,1,140
2022-09-03T15:00:00-00:00,2022-09-03T15:15:00-00:00,2022-09-03,09,KERNFRNT_7_B1,KERNFRNT_7_B1,KERNFRNT_7_B1,RTPD,MGHG,LMP_GHG_PRC,KERNFRNT_7_B1,ALL,1,0,1,140
2022-09-03T16:00:00-00:00,2022-09-03T16:15:00-00:00,2022-09-03,10,KERNFRNT_7_B1,KERNFRNT_7_B1,KERNFRNT_7_B1,RTPD,MGHG,LMP_GHG_PRC,KERNFRNT_7_B1,ALL,1,0,1,140
2022-09-03T17:00:00-00:00,2022-09-03T17:15:00-00:00,2022-09-03,11,KERNFRNT_7_B1,KERNFRNT_7_B1,KERNFRNT_7_B1,RTPD,MGHG,LMP_GHG_PRC,KERNFRNT_7_B1,ALL,1,0,1,140
2022-09-03T18:00:00-00:00,2022-09-03T18:15:00-00:00,2022-09-03,12,KERNFRNT_7_B1,KERNFRNT_7_B1,KERNFRNT_7_B1,RTPD,MGHG,LMP_GHG_PRC,KERNFRNT_7_B1,ALL,1,0,1,140
2022-09-03T19:00:00-00:00,2022-09-03T19:15:00-00:00,2022-09-03,13,KERNFRNT_7_B1,KERNFRNT_7_B1,KERNFRNT_7_B1,RTPD,MGHG,LMP_GHG_PRC,KERNFRNT_7_B1,ALL,1,0,1,140
2022-09-03T20:00:00-00:00,2022-09-03T20:15:00-00:00,2022-09-03,14,KERNFRNT_7_B1,KERNFRNT_7_B1,KERNFRNT_7_B1,RTPD,MGHG,LMP_GHG_PRC,KERNFRNT_7_B1,ALL,1,0,1,140
2022-09-03T21:00:00-00:00,2022-09-03T21:15:00-00:00,2022-09-03,15,KERNFRNT_7_B1,KERNFRNT_7_B1,KERNFRNT_7_B1,RTPD,MGHG,LMP_GHG_PRC,KERNFRNT_7_B1,ALL,1,0,1,140
2022-09-03T22:00:00-00:00,2022-09-03T22:15:00-00:00,2022-09-03,16,KERNFRNT_7_B1,KERNFRNT_7_B1,KERNFRNT_7_B1,RTPD,MGHG,LMP_GHG_PRC,KERNFRNT_7_B1,ALL,1,0,1,140
2022-09-03T23:00:00-00:00,2022-09-03T23:15:00-00:00,2022-09-03,17,KERNFRNT_7_B1,KERNFRNT_7_B1,KERNFRNT_7_B1,RTPD,MGHG,LMP_GHG_PRC,KERNFRNT_7_B1,ALL,1,0,1,140
2022-09-04T00:00:00-00:00,2022-09-04T00:15:00-00:00,2022-09-03,18,KERNFRNT_7_B1,KERNFRNT_7_B1,KERNFRNT_7_B1,RTPD,MGHG,LMP_GHG_PRC,KERNFRNT_7_B1,ALL,1,0,1,140
2022-09-04T01:00:00-00:00,2022-09-04T01:15:00-00:00,2022-09-03,19,KERNFRNT_7_B1,KERNFRNT_7_B1,KERNFRNT_7_B1,RTPD,MGHG,LMP_GHG_PRC,KERNFRNT_7_B1,ALL,1,0,1,140
2022-09-04T02:00:00-00:00,2022-09-04T02:15:00-00:00,2022-09-03,20,KERNFRNT_7_B1,KERNFRNT_7_B1,KERNFRNT_7_B1,RTPD,MGHG,LMP_GHG_PRC,KERNFRNT_7_B1,ALL,1,0,1,140
2022-09-04T03:00:00-00:00,2022-09-04T03:15:00-00:00,2022-09-03,21,KERNFRNT_7_B1,KERNFRNT_7_B1,KERNFRNT_7_B1,RTPD,MGHG,LMP_GHG_PRC,KERNFRNT_7_B1,ALL,1,0,1,140
2022-09-04T04:00:00-00:00,2022-09-04T04:15:00-00:00,2022-09-03,22,KERNFRNT_7_B1,KERNFRNT_7_B1,KERNFRNT_7_B1,RTPD,MGHG,LMP_GHG_PRC,KERNFRNT_7_B1,ALL,1,0,1,140
2022-09-04T05:00:00-00:00,2022-09-04T05:15:00-00:00,2022-09-03,23,KERNFRNT_7_B1,KERNFRNT_7_B1,KERNFRNT_7_B1,RTPD,MGHG,LMP_GHG_PRC,KERNFRNT_7_B1,ALL,1,0,1,140
2022-09-04T06:00:00-00:00,2022-09-04T06:15:00-00:00,2022-09-03,24,KERNFRNT_7_B1,KERNFRNT_7_B1,KERNFRNT_7_B1,RTPD,MGHG,LMP_GHG_PRC,KERNFRNT_7_B1,ALL,1,0,1,140
2022-09-03T07:15:00-00:00,2022-09-03T07:30:00-00:00,2022-09-03,01,KERNFRNT_7_B1,KERNFRNT_7_B1,KERNFRNT_7_B1,RTPD,MGHG,LMP_GHG_PRC,KERNFRNT_7_B1,ALL,1,0,2,140
2022-09-03T08:15:00-00:00,2022-09-03T08:30:00-00:00,2022-09-03,02,KERNFRNT_7_B1,KERNFRNT_7_B1,KERNFRNT_7_B1,RTPD,MGHG,LMP_GHG_PRC,KERNFRNT_7_B1,ALL,1,0,2,140
2022-09-03T09:15:00-00:00,2022-09-03T09:30:00-00:00,2022-09-03,03,KERNFRNT_7_B1,KERNFRNT_7_B1,KERNFRNT_7_B1,RTPD,MGHG,LMP_GHG_PRC,KERNFRNT_7_B1,ALL,1,0,2,140
2022-09-03T10:15:00-00:00,2022-09-03T10:30:00-00:00,2022-09-03,04,KERNFRNT_7_B1,KERNFRNT_7_B1,KERNFRNT_7_B1,RTPD,MGHG,LMP_GHG_PRC,KERNFRNT_7_B1,ALL,1,0,2,140
2022-09-03T11:15:00-00:00,2022-09-03T11:30:00-00:00,2022-09-03,05,KERNFRNT_7_B1,KERNFRNT_7_B1,KERNFRNT_7_B1,RTPD,MGHG,LMP_GHG_PRC,KERNFRNT_7_B1,ALL,1,0,2,140
2022-09-03T12:15:00-00:00,2022-09-03T12:30:00-00:00,2022-09-03,06,KERNFRNT_7_B1,KERNFRNT_7_B1,KERNFRNT_7_B1,RTPD,MGHG,LMP_GHG_PRC,KERNFRNT_7_B1,ALL,1,0,2,140
2022-09-03T13:15:00-00:00,2022-09-03T13:30:00-00:00,2022-09-03,07,KERNFRNT_7_B1,KERNFRNT_7_B1,KERNFRNT_7_B1,RTPD,MGHG,LMP_GHG_PRC,KERNFRNT_7_B1,ALL,1,0,2,140
2022-09-03T14:15:00-00:00,2022-09-03T14:30:00-00:00,2022-09-03,08,KERNFRNT_7_B1,KERNFRNT_7_B1,KERNFRNT_7_B1,RTPD,MGHG,LMP_GHG_PRC,KERNFRNT_7_B1,ALL,1,0,2,140
2022-09-03T15:15:00-00:00,2022-09-03T15:30:00-00:00,2022-09-03,09,KERNFRNT_7_B1,KERNFRNT_7_B1,KERNFRNT_7_B1,RTPD,MGHG,LMP_GHG_PRC,KERNFRNT_7_B1,ALL,1,0,2,140
2022-09-03T16:15:00-00:00,2022-09-03T16:30:00-00:00,2022-09-03,10,KERNFRNT_7_B1,KERNFRNT_7_B1,KERNFRNT_7_B1,RTPD,MGHG,LMP_GHG_PRC,KERNFRNT_7_B1,ALL,1,0,2,140
2022-09-03T17:15:00-00:00,2022-09-03T17:30:00-00:00,2022-09-03,11,KERNFRNT_7_B1,KERNFRNT_7_B1,KERNFRNT_7_B1,RTPD,MGHG,LMP_GHG_PRC,KERNFRNT_7_B1,ALL,1,0,2,140
2022-09-03T18:15:00-00:00,2022-09-03T18:30:00-00:00,2022-09-03,12,KERNFRNT_7_B1,KERNFRNT_7_B1,KERNFRNT_7_B1,RTPD,MGHG,LMP_GHG_PRC,KERNFRNT_7_B1,ALL,1,0,2,140
2022-09-03T19:15:00-00:00,2022-09-03T19:30:00-00:00,2022-09-03,13,KERNFRNT_7_B1,KERNFRNT_7_B1,KERNFRNT_7_B1,RTPD,MGHG,LMP_GHG_PRC,KERNFRNT_7_B1,ALL,1,0,2,140
2022-09-03T20:15:00-00:00,2022-09-03T20:30:00-00:00,2022-09-03,14,KERNFRNT_7_B1,KERNFRNT_7_B1,KERNFRNT_7_B1,RTPD,MGHG,LMP_GHG_PRC,KERNFRNT_7_B1,ALL,1,0,2,140
2022-09-03T21:15:00-00:00,2022-09-03T21:30:00-00:00,2022-09-03,15,KERNFRNT_7_B1,KERNFRNT_7_B1,KERNFRNT_7_B1,RTPD,MGHG,LMP_GHG_PRC,KERNFRNT_7_B1,ALL,1,0,2,140
2022-09-03T22:15:00-00:00,2022-09-03T22:30:00-00:00,2022-09-03,16,KERNFRNT_7_B1,KERNFRNT_7_B1,KERNFRNT_7_B1,RTPD,MGHG,LMP_GHG_PRC,KERNFRNT_7_B1,ALL,1,0,2,140
2022-09-03T23:15:00-00:00,2022-09-03T23:30:00-00:00,2022-09-03,17,KERNFRNT_7_B1,KERNFRNT_7_B1,KERNFRNT_7_B1,RTPD,MGHG,LMP_GHG_PRC,KERNFRNT_7_B1,ALL,1,0,2,140
2022-09-04T00:15:00-00:00,2022-09-04T00:30:00-00:00,2022-09-03,18,KERNFRNT_7_B1,KERNFRNT_7_B1,KERNFRNT_7_B1,RTPD,MGHG,LMP_GHG_PRC,KERNFRNT_7_B1,ALL,1,0,2,140
2022-09-04T01:15:00-00:00,2022-09-04T01:30:00-00:00,2022-09-03,19,KERNFRNT_7_B1,KERNFRNT_7_B1,KERNFRNT_7_B1,RTPD,MGHG,LMP_GHG_PRC,KERNFRNT_7_B1,ALL,1,0,2,140
2022-09-04T02:15:00-00:00,2022-09-04T02:30:00-00:00,2022-09-03,20,KERNFRNT_7_B1,KERNFRNT_7_B1,KERNFRNT_7_B1,RTPD,MGHG,LMP_GHG_PRC,KERNFRNT_7_B1,ALL,1,0,2,140
2022-09-04T03:15:00-00:00,2022-09-04T03:30:00-00:00,2022-09-03,21,KERNFRNT_7_B1,KERNFRNT_7_B1,KERNFRNT_7_B1,RTPD,MGHG,LMP_GHG_PRC,KERNFRNT_7_B1,ALL,1,0,2,140
2022-09-04T04:15:00-00:00,2022-09-04T04:30:00-00:00,2022-09-03,22,KERNFRNT_7_B1,KERNFRNT_7_B1,KERNFRNT_7_B1,RTPD,MGHG,LMP_GHG_PRC,KERNFRNT_7_B1,ALL,1,0,2,140
2022-09-04T05:15:00-00:00,2022-09-04T05:30:00-00:00,2022-09-03,23,KERNFRNT_7_B1,KERNFRNT_7_B1,KERNFRNT_7_B1,RTPD,MGHG,LMP_GHG_PRC,KERNFRNT_7_B1,ALL,1,0,2,140
2022-09-04T06:15:00-00:00,2022-09-04T06:30:00-00:00,2022-09-03,24,KERNFRNT_7_B1,KERNFRNT_7_B1,KERNFRNT_7_B1,RTPD,MGHG,LMP_GHG_PRC,KERNFRNT_7_B1,ALL,1,0,2,140
2022-09-03T07:30:00-00:00,2022-09-03T07:45:00-00:00,2022-09-03,01,KERNFRNT_7_B1,KERNFRNT_7_B1,KERNFRNT_7_B1,RTPD,MGHG,LMP_GHG_PRC,KERNFRNT_7_B1,ALL,1,0,3,140
2022-09-03T08:30:00-00:00,2022-09-03T08:45:00-00:00,2022-09-03,02,KERNFRNT_7_B1,KERNFRNT_7_B1,KERNFRNT_7_B1,RTPD,MGHG,LMP_GHG_PRC,KERNFRNT_7_B1,ALL,1,0,3,140
2022-09-03T09:30:00-00:00,2022-09-03T09:45:00-00:00,2022-09-03,03,KERNFRNT_7_B1,KERNFRNT_7_B1,KERNFRNT_7_B1,RTPD,MGHG,LMP_GHG_PRC,KERNFRNT_7_B1,ALL,1,0,3,140
2022-09-03T10:30:00-00:00,2022-09-03T10:45:00-00:00,2022-09-03,04,KERNFRNT_7_B1,KERNFRNT_7_B1,KERNFRNT_7_B1,RTPD,MGHG,LMP_GHG_PRC,KERNFRNT_7_B1,ALL,1,0,3,140
2022-09-03T11:30:00-00:00,2022-09-03T11:45:00-00:00,2022-09-03,05,KERNFRNT_7_B1,KERNFRNT_7_B1,KERNFRNT_7_B1,RTPD,MGHG,LMP_GHG_PRC,KERNFRNT_7_B1,ALL,1,0,3,140
2022-09-03T12:30:00-00:00,2022-09-03T12:45:00-00:00,2022-09-03,06,KERNFRNT_7_B1,KERNFRNT_7_B1,KERNFRNT_7_B1,RTPD,MGHG,LMP_GHG_PRC,KERNFRNT_7_B1,ALL,1,0,3,140
2022-09-03T13:30:00-00:00,2022-09-03T13:45:00-00:00,2022-09-03,07,KERNFRNT_7_B1,KERNFRNT_7_B1,KERNFRNT_7_B1,RTPD,MGHG,LMP_GHG_PRC,KERNFRNT_7_B1,ALL,1,0,3,140
2022-09-03T14:30:00-00:00,2022-09-03T14:45:00-00:00,2022-09-03,08,KERNFRNT_7_B1,KERNFRNT_7_B1,KERNFRNT_7_B1,RTPD,MGHG,LMP_GHG_PRC,KERNFRNT_7_B1,ALL,1,0,3,140
2022-09-03T15:30:00-00:00,2022-09-03T15:45:00-00:00,2022-09-03,09,KERNFRNT_7_B1,KERNFRNT_7_B1,KERNFRNT_7_B1,RTPD,MGHG,LMP_GHG_PRC,KERNFRNT_7_B1,ALL,1,0,3,140
2022-09-03T16:30:00-00:00,2022-09-03T16:45:00-00:00,2022-09-03,10,KERNFRNT_7_B1,KERNFRNT_7_B1,KERNFRNT_7_B1,RTPD,MGHG,LMP_GHG_PRC,KERNFRNT_7_B1,ALL,1,0,3,140
2022-09-03T17:30:00-00:00,2022-09-03T17:45:00-00:00,2022-09-03,11,KERNFRNT_7_B1,KERNFRNT_7_B1,KERNFRNT_7_B1,RTPD,MGHG,LMP_GHG_PRC,KERNFRNT_7_B1,ALL,1,0,3,140
2022-09-03T18:30:00-00:00,2022-09-03T18:45:00-00:00,2022-09-03,12,KERNFRNT_7_B1,KERNFRNT_7_B1,KERNFRNT_7_B1,RTPD,MGHG,LMP_GHG_PRC,KERNFRNT_7_B1,ALL,1,0,3,140
2022-09-03T19:30:00-00:00,2022-09-03T19:45:00-00:00,2022-09-03,13,KERNFRNT_7_B1,KERNFRNT_7_B1,KERNFRNT_7_B1,RTPD,MGHG,LMP_GHG_PRC,KERNFRNT_7_B1,ALL,1,0,3,140
2022-09-03T20:30:00-00:00,2022-09-03T20:45:00-00:00,2022-09-03,14,KERNFRNT_7_B1,KERNFRNT_7_B1,KERNFRNT_7_B1,RTPD,MGHG,LMP_GHG_PRC,KERNFRNT_7_B1,ALL,1,0,3,140
2022-09-03T21:30:00-00:00,2022-09-03T21:45:00-00:00,2022-09-03,15,KERNFRNT_7_B1,KERNFRNT_7_B1,KERNFRNT_7_B1,RTPD,MGHG,LMP_GHG_PRC,KERNFRNT_7_B1,ALL,1,0,3,140
2022-09-03T22:30:00-00:00,2022-09-03T22:45:00-00:00,2022-09-03,16,KERNFRNT_7_B1,KERNFRNT_7_B1,KERNFRNT_7_B1,RTPD,MGHG,LMP_GHG_PRC,KERNFRNT_7_B1,ALL,1,0,3,140
2022-09-03T23:30:00-00:00,2022-09-03T23:45:00-00:00,2022-09-03,17,KERNFRNT_7_B1,KERNFRNT_7_B1,KERNFRNT_7_B1,RTPD,MGHG,LMP_GHG_PRC,KERNFRNT_7_B1,ALL,1,0,3,140
2022-09-04T00:30:00-00:00,2022-09-04T00:45:00-00:00,2022-09-03,18,KERNFRNT_7_B1,KERNFRNT_7_B1,KERNFRNT_7_B1,RTPD,MGHG,LMP_GHG_PRC,KERNFRNT_7_B1,ALL,1,0,3,140
2022-09-04T01:30:00-00:00,2022-09-04T01:45:00-00:00,2022-09-03,19,KERNFRNT_7_B1,KERNFRNT_7_B1,KERNFRNT_7_B1,RTPD,MGHG,LMP_GHG_PRC,KERNFRNT_7_B1,ALL,1,0,3,140
2022-09-04T02:30:00-00:00,2022-09-04T02:45:00-00:00,2022-09-03,20,KERNFRNT_7_B1,KERNFRNT_7_B1,KERNFRNT_7_B1,RTPD,MGHG,LMP_GHG_PRC,KERNFRNT_7_B1,ALL,1,0,3,140
2022-09-04T03:30:00-00:00,2022-09-04T03:45:00-00:00,2022-09-03,21,KERNFRNT_7_B1,KERNFRNT_7_B1,KERNFRNT_7_B1,RTPD,MGHG,LMP_GHG_PRC,KERNFRNT_7_B1,ALL,1,0,3,140
2022-09-04T04:30:00-00:00,2022-09-04T04:45:00-00:00,2022-09-03,22,KERNFRNT_7_B1,KERNFRNT_7_B1,KERNFRNT_7_B1,RTPD,MGHG,LMP_GHG_PRC,KERNFRNT_7_B1,ALL,1,0,3,140
2022-09-04T05:30:00-00:00,2022-09-04T05:45:00-00:00,2022-09-03,23,KERNFRNT_7_B1,KERNFRNT_7_B1,KERNFRNT_7_B1,RTPD,MGHG,LMP_GHG_PRC,KERNFRNT_7_B1,ALL,1,0,3,140
2022-09-04T06:30:00-00:00,2022-09-04T06:45:00-00:00,2022-09-03,24,KERNFRNT_7_B1,KERNFRNT_7_B1,KERNFRNT_7_B1,RTPD,MGHG,LMP_GHG_PRC,KERNFRNT_7_B1,ALL,1,0,3,140
2022-09-03T07:45:00-00:00,2022-09-03T08:00:00-00:00,2022-09-03,01,KERNFRNT_7_B1,KERNFRNT_7_B1,KERNFRNT_7_B1,RTPD,MGHG,LMP_GHG_PRC,KERNFRNT_7_B1,ALL,1,0,4,140
2022-09-03T08:45:00-00:00,2022-09-03T09:00:00-00:00,2022-09-03,02,KERNFRNT_7_B1,KERNFRNT_7_B1,KERNFRNT_7_B1,RTPD,MGHG,LMP_GHG_PRC,KERNFRNT_7_B1,ALL,1,0,4,140
2022-09-03T09:45:00-00:00,2022-09-03T10:00:00-00:00,2022-09-03,03,KERNFRNT_7_B1,KERNFRNT_7_B1,KERNFRNT_7_B1,RTPD,MGHG,LMP_GHG_PRC,KERNFRNT_7_B1,ALL,1,0,4,140
2022-09-03T10:45:00-00:00,2022-09-03T11:00:00-00:00,2022-09-03,04,KERNFRNT_7_B1,KERNFRNT_7_B1,KERNFRNT_7_B1,RTPD,MGHG,LMP_GHG_PRC,KERNFRNT_7_B1,ALL,1,0,4,140
2022-09-03T11:45:00-00:00,2022-09-03T12:00:00-00:00,2022-09-03,05,KERNFRNT_7_B1,KERNFRNT_7_B1,KERNFRNT_7_B1,RTPD,MGHG,LMP_GHG_PRC,KERNFRNT_7_B1,ALL,1,0,4,140
2022-09-03T12:45:00-00:00,2022-09-03T13:00:00-00:00,2022-09-03,06,KERNFRNT_7_B1,KERNFRNT_7_B1,KERNFRNT_7_B1,RTPD,MGHG,LMP_GHG_PRC,KERNFRNT_7_B1,ALL,1,0,4,140
2022-09-03T13:45:00-00:00,2022-09-03T14:00:00-00:00,2022-09-03,07,KERNFRNT_7_B1,KERNFRNT_7_B1,KERNFRNT_7_B1,RTPD,MGHG,LMP_GHG_PRC,KERNFRNT_7_B1,ALL,1,0,4,140
2022-09-03T14:45:00-00:00,2022-09-03T15:00:00-00:00,2022-09-03,08,KERNFRNT_7_B1,KERNFRNT_7_B1,KERNFRNT_7_B1,RTPD,MGHG,LMP_GHG_PRC,KERNFRNT_7_B1,ALL,1,0,4,140
2022-09-03T15:45:00-00:00,2022-09-03T16:00:00-00:00,2022-09-03,09,KERNFRNT_7_B1,KERNFRNT_7_B1,KERNFRNT_7_B1,RTPD,MGHG,LMP_GHG_PRC,KERNFRNT_7_B1,ALL,1,0,4,140
2022-09-03T16:45:00-00:00,2022-09-03T17:00:00-00:00,2022-09-03,10,KERNFRNT_7_B1,KERNFRNT_7_B1,KERNFRNT_7_B1,RTPD,MGHG,LMP_GHG_PRC,KERNFRNT_7_B1,ALL,1,0,4,140
2022-09-03T17:45:00-00:00,2022-09-03T18:00:00-00:00,2022-09-03,11,KERNFRNT_7_B1,KERNFRNT_7_B1,KERNFRNT_7_B1,RTPD,MGHG,LMP_GHG_PRC,KERNFRNT_7_B1,ALL,1,0,4,140
2022-09-03T18:45:00-00:00,2022-09-03T19:00:00-00:00,2022-09-03,12,KERNFRNT_7_B1,KERNFRNT_7_B1,KERNFRNT_7_B1,RTPD,MGHG,LMP_GHG_PRC,KERNFRNT_7_B1,ALL,1,0,4,140
2022-09-03T19:45:00-00:00,2022-09-03T20:00:00-00:00,2022-09-03,13,KERNFRNT_7_B1,KERNFRNT_7_B1,KERNFRNT_7_B1,RTPD,MGHG,LMP_GHG_PRC,KERNFRNT_7_B1,ALL,1,0,4,140
2022-09-03T20:45:00-00:00,2022-09-03T21:00:00-00:00,2022-09-03,14,KERNFRNT_7_B1,KERNFRNT_7_B1,KERNFRNT_7_B1,RTPD,MGHG,LMP_GHG_PRC,KERNFRNT_7_B1,ALL,1,0,4,140
2022-09-03T21:45:00-00:00,2022-09-03T22:00:00-00:00,2022-09-03,15,KERNFRNT_7_B1,KERNFRNT_7_B1,KERNFRNT_7_B1,RTPD,MGHG,LMP_GHG_PRC,KERNFRNT_7_B1,ALL,1,0,4,140
2022-09-03T22:45:00-00:00,2022-09-03T23:00:00-00:00,2022-09-03,16,KERNFRNT_7_B1,KERNFRNT_7_B1,KERNFRNT_7_B1,RTPD,MGHG,LMP_GHG_PRC,KERNFRNT_7_B1,ALL,1,0,4,140
2022-09-03T23:45:00-00:00,2022-09-04T00:00:00-00:00,2022-09-03,17,KERNFRNT_7_B1,KERNFRNT_7_B1,KERNFRNT_7_B1,RTPD,MGHG,LMP_GHG_PRC,KERNFRNT_7_B1,ALL,1,0,4,140
2022-09-04T00:45:00-00:00,2022-09-04T01:00:00-00:00,2022-09-03,18,KERNFRNT_7_B1,KERNFRNT_7_B1,KERNFRNT_7_B1,RTPD,MGHG,LMP_GHG_PRC,KERNFRNT_7_B1,ALL,1,0,4,140
2022-09-04T01:45:00-00:00,2022-09-04T02:00:00-00:00,2022-09-03,19,KERNFRNT_7_B1,KERNFRNT_7_B1,KERNFRNT_7_B1,RTPD,MGHG,LMP_GHG_PRC,KERNFRNT_7_B1,ALL,1,0,4,140
2022-09-04T02:45:00-00:00,2022-09-04T03:00:00-00:00,2022-09-03,20,KERNFRNT_7_B1,KERNFRNT_7_B1,KERNFRNT_7_B1,RTPD,MGHG,LMP_GHG_PRC,KERNFRNT_7_B1,ALL,1,0,4,140
2022-09-04T03:45:00-00:00,2022-09-04T04:00:00-00:00,2022-09-03,21,KERNFRNT_7_B1,KERNFRNT_7_B1,KERNFRNT_7_B1,RTPD,MGHG,LMP_GHG_PRC,KERNFRNT_7_B1,ALL,1,0,4,140
2022-09-04T04:45:00-00:00,2022-09-04T05:00:00-00:00,2022-09-03,22,KERNFRNT_7_B1,KERNFRNT_7_B1,KERNFRNT_7_B1,RTPD,MGHG,LMP_GHG_PRC,KERNFRNT_7_B1,ALL,1,0,4,140
2022-09-04T05:45:00-00:00,2022-09-04T06:00:00-00:00,2022-09-03,23,KERNFRNT_7_B1,KERNFRNT_7_B1,KERNFRNT_7_B1,RTPD,MGHG,LMP_GHG_PRC,KERNFRNT_7_B1,ALL,1,0,4,140
2022-09-04T06:45:00-00:00,2022-09-04T07:00:00-00:00,2022-09-03,24,KERNFRNT_7_B1,KERNFRNT_7_B1,KERNFRNT_7_B1,RTPD,MGHG,LMP_GHG_PRC,KERNFRNT_7_B1,ALL,1,0,4,140
2022-09-03T07:00:00-00:00,2022-09-03T07:15:00-00:00,2022-09-03,01,KERNOIL_1_N001,KERNOIL_1_N001,KERNOIL_1_N001,RTPD,LMP,LMP_PRC,KERNOIL_1_N001,ALL,1,93.50891,1,141
2022-09-03T08:00:00-00:00,2022-09-03T08:15:00-00:00,2022-09-03,02,KERNOIL_1_N001,KERNOIL_1_N001,KERNOIL_1_N001,RTPD,LMP,LMP_PRC,KERNOIL_1_N001,ALL,1,85.33499,1,141
2022-09-03T09:00:00-00:00,2022-09-03T09:15:00-00:00,2022-09-03,03,KERNOIL_1_N001,KERNOIL_1_N001,KERNOIL_1_N001,RTPD,LMP,LMP_PRC,KERNOIL_1_N001,ALL,1,86.11254,1,141
2022-09-03T10:00:00-00:00,2022-09-03T10:15:00-00:00,2022-09-03,04,KERNOIL_1_N001,KERNOIL_1_N001,KERNOIL_1_N001,RTPD,LMP,LMP_PRC,KERNOIL_1_N001,ALL,1,65.92621,1,141
2022-09-03T11:00:00-00:00,2022-09-03T11:15:00-00:00,2022-09-03,05,KERNOIL_1_N001,KERNOIL_1_N001,KERNOIL_1_N001,RTPD,LMP,LMP_PRC,KERNOIL_1_N001,ALL,1,80.28468,1,141
2022-09-03T12:00:00-00:00,2022-09-03T12:15:00-00:00,2022-09-03,06,KERNOIL_1_N001,KERNOIL_1_N001,KERNOIL_1_N001,RTPD,LMP,LMP_PRC,KERNOIL_1_N001,ALL,1,66.86353,1,141
2022-09-03T13:00:00-00:00,2022-09-03T13:15:00-00:00,2022-09-03,07,KERNOIL_1_N001,KERNOIL_1_N001,KERNOIL_1_N001,RTPD,LMP,LMP_PRC,KERNOIL_1_N001,ALL,1,84.13105,1,141
2022-09-03T14:00:00-00:00,2022-09-03T14:15:00-00:00,2022-09-03,08,KERNOIL_1_N001,KERNOIL_1_N001,KERNOIL_1_N001,RTPD,LMP,LMP_PRC,KERNOIL_1_N001,ALL,1,76.64414,1,141
2022-09-03T15:00:00-00:00,2022-09-03T15:15:00-00:00,2022-09-03,09,KERNOIL_1_N001,KERNOIL_1_N001,KERNOIL_1_N001,RTPD,LMP,LMP_PRC,KERNOIL_1_N001,ALL,1,27.06433,1,141
2022-09-03T16:00:00-00:00,2022-09-03T16:15:00-00:00,2022-09-03,10,KERNOIL_1_N001,KERNOIL_1_N001,KERNOIL_1_N001,RTPD,LMP,LMP_PRC,KERNOIL_1_N001,ALL,1,29.40365,1,141
2022-09-03T17:00:00-00:00,2022-09-03T17:15:00-00:00,2022-09-03,11,KERNOIL_1_N001,KERNOIL_1_N001,KERNOIL_1_N001,RTPD,LMP,LMP_PRC,KERNOIL_1_N001,ALL,1,53.48257,1,141
2022-09-03T18:00:00-00:00,2022-09-03T18:15:00-00:00,2022-09-03,12,KERNOIL_1_N001,KERNOIL_1_N001,KERNOIL_1_N001,RTPD,LMP,LMP_PRC,KERNOIL_1_N001,ALL,1,60.57411,1,141
2022-09-03T19:00:00-00:00,2022-09-03T19:15:00-00:00,2022-09-03,13,KERNOIL_1_N001,KERNOIL_1_N001,KERNOIL_1_N001,RTPD,LMP,LMP_PRC,KERNOIL_1_N001,ALL,1,0.73579,1,141
2022-09-03T20:00:00-00:00,2022-09-03T20:15:00-00:00,2022-09-03,14,KERNOIL_1_N001,KERNOIL_1_N001,KERNOIL_1_N001,RTPD,LMP,LMP_PRC,KERNOIL_1_N001,ALL,1,62.42894,1,141
2022-09-03T21:00:00-00:00,2022-09-03T21:15:00-00:00,2022-09-03,15,KERNOIL_1_N001,KERNOIL_1_N001,KERNOIL_1_N001,RTPD,LMP,LMP_PRC,KERNOIL_1_N001,ALL,1,61.53926,1,141
2022-09-03T22:00:00-00:00,2022-09-03T22:15:00-00:00,2022-09-03,16,KERNOIL_1_N001,KERNOIL_1_N001,KERNOIL_1_N001,RTPD,LMP,LMP_PRC,KERNOIL_1_N001,ALL,1,97.1406,1,141
2022-09-03T23:00:00-00:00,2022-09-03T23:15:00-00:00,2022-09-03,17,KERNOIL_1_N001,KERNOIL_1_N001,KERNOIL_1_N001,RTPD,LMP,LMP_PRC,KERNOIL_1_N001,ALL,1,98.8988,1,141
2022-09-04T00:00:00-00:00,2022-09-04T00:15:00-00:00,2022-09-03,18,KERNOIL_1_N001,KERNOIL_1_N001,KERNOIL_1_N001,RTPD,LMP,LMP_PRC,KERNOIL_1_N001,ALL,1,126.89968,1,141
2022-09-04T01:00:00-00:00,2022-09-04T01:15:00-00:00,2022-09-03,19,KERNOIL_1_N001,KERNOIL_1_N001,KERNOIL_1_N001,RTPD,LMP,LMP_PRC,KERNOIL_1_N001,ALL,1,94.71457,1,141
2022-09-04T02:00:00-00:00,2022-09-04T02:15:00-00:00,2022-09-03,20,KERNOIL_1_N001,KERNOIL_1_N001,KERNOIL_1_N001,RTPD,LMP,LMP_PRC,KERNOIL_1_N001,ALL,1,103.87572,1,141
2022-09-04T03:00:00-00:00,2022-09-04T03:15:00-00:00,2022-09-03,21,KERNOIL_1_N001,KERNOIL_1_N001,KERNOIL_1_N001,RTPD,LMP,LMP_PRC,KERNOIL_1_N001,ALL,1,96.56948,1,141
2022-09-04T04:00:00-00:00,2022-09-04T04:15:00-00:00,2022-09-03,22,KERNOIL_1_N001,KERNOIL_1_N001,KERNOIL_1_N001,RTPD,LMP,LMP_PRC,KERNOIL_1_N001,ALL,1,100.23659,1,141
2022-09-04T05:00:00-00:00,2022-09-04T05:15:00-00:00,2022-09-03,23,KERNOIL_1_N001,KERNOIL_1_N001,KERNOIL_1_N001,RTPD,LMP,LMP_PRC,KERNOIL_1_N001,ALL,1,102.60167,1,141
2022-09-04T06:00:00-00:00,2022-09-04T06:15:00-00:00,2022-09-03,24,KERNOIL_1_N001,KERNOIL_1_N001,KERNOIL_1_N001,RTPD,LMP,LMP_PRC,KERNOIL_1_N001,ALL,1,95.99453,1,141
2022-09-03T07:15:00-00:00,2022-09-03T07:30:00-00:00,2022-09-03,01,KERNOIL_1_N001,KERNOIL_1_N001,KERNOIL_1_N001,RTPD,LMP,LMP_PRC,KERNOIL_1_N001,ALL,1,85.31522,2,141
2022-09-03T08:15:00-00:00,2022-09-03T08:30:00-00:00,2022-09-03,02,KERNOIL_1_N001,KERNOIL_1_N001,KERNOIL_1_N001,RTPD,LMP,LMP_PRC,KERNOIL_1_N001,ALL,1,86.2391,2,141
2022-09-03T09:15:00-00:00,2022-09-03T09:30:00-00:00,2022-09-03,03,KERNOIL_1_N001,KERNOIL_1_N001,KERNOIL_1_N001,RTPD,LMP,LMP_PRC,KERNOIL_1_N001,ALL,1,68.78149,2,141
2022-09-03T10:15:00-00:00,2022-09-03T10:30:00-00:00,2022-09-03,04,KERNOIL_1_N001,KERNOIL_1_N001,KERNOIL_1_N001,RTPD,LMP,LMP_PRC,KERNOIL_1_N001,ALL,1,62.11465,2,141
2022-09-03T11:15:00-00:00,2022-09-03T11:30:00-00:00,2022-09-03,05,KERNOIL_1_N001,KERNOIL_1_N001,KERNOIL_1_N001,RTPD,LMP,LMP_PRC,KERNOIL_1_N001,ALL,1,65.63932,2,141
2022-09-03T12:15:00-00:00,2022-09-03T12:30:00-00:00,2022-09-03,06,KERNOIL_1_N001,KERNOIL_1_N001,KERNOIL_1_N001,RTPD,LMP,LMP_PRC,KERNOIL_1_N001,ALL,1,65.12851,2,141
2022-09-03T13:15:00-00:00,2022-09-03T13:30:00-00:00,2022-09-03,07,KERNOIL_1_N001,KERNOIL_1_N001,KERNOIL_1_N001,RTPD,LMP,LMP_PRC,KERNOIL_1_N001,ALL,1,82.71545,2,141
2022-09-03T14:15:00-00:00,2022-09-03T14:30:00-00:00,2022-09-03,08,KERNOIL_1_N001,KERNOIL_1_N001,KERNOIL_1_N001,RTPD,LMP,LMP_PRC,KERNOIL_1_N001,ALL,1,68.81821,2,141
2022-09-03T15:15:00-00:00,2022-09-03T15:30:00-00:00,2022-09-03,09,KERNOIL_1_N001,KERNOIL_1_N001,KERNOIL_1_N001,RTPD,LMP,LMP_PRC,KERNOIL_1_N001,ALL,1,26.7712,2,141
2022-09-03T16:15:00-00:00,2022-09-03T16:30:00-00:00,2022-09-03,10,KERNOIL_1_N001,KERNOIL_1_N001,KERNOIL_1_N001,RTPD,LMP,LMP_PRC,KERNOIL_1_N001,ALL,1,29.15825,2,141
2022-09-03T17:15:00-00:00,2022-09-03T17:30:00-00:00,2022-09-03,11,KERNOIL_1_N001,KERNOIL_1_N001,KERNOIL_1_N001,RTPD,LMP,LMP_PRC,KERNOIL_1_N001,ALL,1,65.01085,2,141
2022-09-03T18:15:00-00:00,2022-09-03T18:30:00-00:00,2022-09-03,12,KERNOIL_1_N001,KERNOIL_1_N001,KERNOIL_1_N001,RTPD,LMP,LMP_PRC,KERNOIL_1_N001,ALL,1,69.34015,2,141
2022-09-03T19:15:00-00:00,2022-09-03T19:30:00-00:00,2022-09-03,13,KERNOIL_1_N001,KERNOIL_1_N001,KERNOIL_1_N001,RTPD,LMP,LMP_PRC,KERNOIL_1_N001,ALL,1,2.39549,2,141
2022-09-03T20:15:00-00:00,2022-09-03T20:30:00-00:00,2022-09-03,14,KERNOIL_1_N001,KERNOIL_1_N001,KERNOIL_1_N001,RTPD,LMP,LMP_PRC,KERNOIL_1_N001,ALL,1,67.92506,2,141
2022-09-03T21:15:00-00:00,2022-09-03T21:30:00-00:00,2022-09-03,15,KERNOIL_1_N001,KERNOIL_1_N001,KERNOIL_1_N001,RTPD,LMP,LMP_PRC,KERNOIL_1_N001,ALL,1,84.0511,2,141
2022-09-03T22:15:00-00:00,2022-09-03T22:30:00-00:00,2022-09-03,16,KERNOIL_1_N001,KERNOIL_1_N001,KERNOIL_1_N001,RTPD,LMP,LMP_PRC,KERNOIL_1_N001,ALL,1,100.5431,2,141
2022-09-03T23:15:00-00:00,2022-09-03T23:30:00-00:00,2022-09-03,17,KERNOIL_1_N001,KERNOIL_1_N001,KERNOIL_1_N001,RTPD,LMP,LMP_PRC,KERNOIL_1_N001,ALL,1,101.32667,2,141
2022-09-04T00:15:00-00:00,2022-09-04T00:30:00-00:00,2022-09-03,18,KERNOIL_1_N001,KERNOIL_1_N001,KERNOIL_1_N001,RTPD,LMP,LMP_PRC,KERNOIL_1_N001,ALL,1,160.80098,2,141
2022-09-04T01:15:00-00:00,2022-09-04T01:30:00-00:00,2022-09-03,19,KERNOIL_1_N001,KERNOIL_1_N001,KERNOIL_1_N001,RTPD,LMP,LMP_PRC,KERNOIL_1_N001,ALL,1,148.89787,2,141
2022-09-04T02:15:00-00:00,2022-09-04T02:30:00-00:00,2022-09-03,20,KERNOIL_1_N001,KERNOIL_1_N001,KERNOIL_1_N001,RTPD,LMP,LMP_PRC,KERNOIL_1_N001,ALL,1,122.6461,2,141
2022-09-04T03:15:00-00:00,2022-09-04T03:30:00-00:00,2022-09-03,21,KERNOIL_1_N001,KERNOIL_1_N001,KERNOIL_1_N001,RTPD,LMP,LMP_PRC,KERNOIL_1_N001,ALL,1,84.08879,2,141
2022-09-04T04:15:00-00:00,2022-09-04T04:30:00-00:00,2022-09-03,22,KERNOIL_1_N001,KERNOIL_1_N001,KERNOIL_1_N001,RTPD,LMP,LMP_PRC,KERNOIL_1_N001,ALL,1,98.1387,2,141
2022-09-04T05:15:00-00:00,2022-09-04T05:30:00-00:00,2022-09-03,23,KERNOIL_1_N001,KERNOIL_1_N001,KERNOIL_1_N001,RTPD,LMP,LMP_PRC,KERNOIL_1_N001,ALL,1,100.46905,2,141
2022-09-04T06:15:00-00:00,2022-09-04T06:30:00-00:00,2022-09-03,24,KERNOIL_1_N001,KERNOIL_1_N001,KERNOIL_1_N001,RTPD,LMP,LMP_PRC,KERNOIL_1_N001,ALL,1,88.52472,2,141
2022-09-03T07:30:00-00:00,2022-09-03T07:45:00-00:00,2022-09-03,01,KERNOIL_1_N001,KERNOIL_1_N001,KERNOIL_1_N001,RTPD,LMP,LMP_PRC,KERNOIL_1_N001,ALL,1,85.7604,3,141
2022-09-03T08:30:00-00:00,2022-09-03T08:45:00-00:00,2022-09-03,02,KERNOIL_1_N001,KERNOIL_1_N001,KERNOIL_1_N001,RTPD,LMP,LMP_PRC,KERNOIL_1_N001,ALL,1,85.13057,3,141
2022-09-03T09:30:00-00:00,2022-09-03T09:45:00-00:00,2022-09-03,03,KERNOIL_1_N001,KERNOIL_1_N001,KERNOIL_1_N001,RTPD,LMP,LMP_PRC,KERNOIL_1_N001,ALL,1,61.8096,3,141
2022-09-03T10:30:00-00:00,2022-09-03T10:45:00-00:00,2022-09-03,04,KERNOIL_1_N001,KERNOIL_1_N001,KERNOIL_1_N001,RTPD,LMP,LMP_PRC,KERNOIL_1_N001,ALL,1,61.26041,3,141
2022-09-03T11:30:00-00:00,2022-09-03T11:45:00-00:00,2022-09-03,05,KERNOIL_1_N001,KERNOIL_1_N001,KERNOIL_1_N001,RTPD,LMP,LMP_PRC,KERNOIL_1_N001,ALL,1,87.37384,3,141
2022-09-03T12:30:00-00:00,2022-09-03T12:45:00-00:00,2022-09-03,06,KERNOIL_1_N001,KERNOIL_1_N001,KERNOIL_1_N001,RTPD,LMP,LMP_PRC,KERNOIL_1_N001,ALL,1,65.42361,3,141
2022-09-03T13:30:00-00:00,2022-09-03T13:45:00-00:00,2022-09-03,07,KERNOIL_1_N001,KERNOIL_1_N001,KERNOIL_1_N001,RTPD,LMP,LMP_PRC,KERNOIL_1_N001,ALL,1,81.44678,3,141
2022-09-03T14:30:00-00:00,2022-09-03T14:45:00-00:00,2022-09-03,08,KERNOIL_1_N001,KERNOIL_1_N001,KERNOIL_1_N001,RTPD,LMP,LMP_PRC,KERNOIL_1_N001,ALL,1,63.44623,3,141
2022-09-03T15:30:00-00:00,2022-09-03T15:45:00-00:00,2022-09-03,09,KERNOIL_1_N001,KERNOIL_1_N001,KERNOIL_1_N001,RTPD,LMP,LMP_PRC,KERNOIL_1_N001,ALL,1,25.68611,3,141
2022-09-03T16:30:00-00:00,2022-09-03T16:45:00-00:00,2022-09-03,10,KERNOIL_1_N001,KERNOIL_1_N001,KERNOIL_1_N001,RTPD,LMP,LMP_PRC,KERNOIL_1_N001,ALL,1,28.21044,3,141
2022-09-03T17:30:00-00:00,2022-09-03T17:45:00-00:00,2022-09-03,11,KERNOIL_1_N001,KERNOIL_1_N001,KERNOIL_1_N001,RTPD,LMP,LMP_PRC,KERNOIL_1_N001,ALL,1,65.95144,3,141
2022-09-03T18:30:00-00:00,2022-09-03T18:45:00-00:00,2022-09-03,12,KERNOIL_1_N001,KERNOIL_1_N001,KERNOIL_1_N001,RTPD,LMP,LMP_PRC,KERNOIL_1_N001,ALL,1,70.69121,3,141
2022-09-03T19:30:00-00:00,2022-09-03T19:45:00-00:00,2022-09-03,13,KERNOIL_1_N001,KERNOIL_1_N001,KERNOIL_1_N001,RTPD,LMP,LMP_PRC,KERNOIL_1_N001,ALL,1,0.90746,3,141
2022-09-03T20:30:00-00:00,2022-09-03T20:45:00-00:00,2022-09-03,14,KERNOIL_1_N001,KERNOIL_1_N001,KERNOIL_1_N001,RTPD,LMP,LMP_PRC,KERNOIL_1_N001,ALL,1,76.81104,3,141
2022-09-03T21:30:00-00:00,2022-09-03T21:45:00-00:00,2022-09-03,15,KERNOIL_1_N001,KERNOIL_1_N001,KERNOIL_1_N001,RTPD,LMP,LMP_PRC,KERNOIL_1_N001,ALL,1,89.7892,3,141
2022-09-03T22:30:00-00:00,2022-09-03T22:45:00-00:00,2022-09-03,16,KERNOIL_1_N001,KERNOIL_1_N001,KERNOIL_1_N001,RTPD,LMP,LMP_PRC,KERNOIL_1_N001,ALL,1,80.99194,3,141
2022-09-03T23:30:00-00:00,2022-09-03T23:45:00-00:00,2022-09-03,17,KERNOIL_1_N001,KERNOIL_1_N001,KERNOIL_1_N001,RTPD,LMP,LMP_PRC,KERNOIL_1_N001,ALL,1,118.33629,3,141
2022-09-04T00:30:00-00:00,2022-09-04T00:45:00-00:00,2022-09-03,18,KERNOIL_1_N001,KERNOIL_1_N001,KERNOIL_1_N001,RTPD,LMP,LMP_PRC,KERNOIL_1_N001,ALL,1,141.68756,3,141
2022-09-04T01:30:00-00:00,2022-09-04T01:45:00-00:00,2022-09-03,19,KERNOIL_1_N001,KERNOIL_1_N001,KERNOIL_1_N001,RTPD,LMP,LMP_PRC,KERNOIL_1_N001,ALL,1,125.60527,3,141
2022-09-04T02:30:00-00:00,2022-09-04T02:45:00-00:00,2022-09-03,20,KERNOIL_1_N001,KERNOIL_1_N001,KERNOIL_1_N001,RTPD,LMP,LMP_PRC,KERNOIL_1_N001,ALL,1,117.7595,3,141
2022-09-04T03:30:00-00:00,2022-09-04T03:45:00-00:00,2022-09-03,21,KERNOIL_1_N001,KERNOIL_1_N001,KERNOIL_1_N001,RTPD,LMP,LMP_PRC,KERNOIL_1_N001,ALL,1,84.9458,3,141
2022-09-04T04:30:00-00:00,2022-09-04T04:45:00-00:00,2022-09-03,22,KERNOIL_1_N001,KERNOIL_1_N001,KERNOIL_1_N001,RTPD,LMP,LMP_PRC,KERNOIL_1_N001,ALL,1,94.89445,3,141
2022-09-04T05:30:00-00:00,2022-09-04T05:45:00-00:00,2022-09-03,23,KERNOIL_1_N001,KERNOIL_1_N001,KERNOIL_1_N001,RTPD,LMP,LMP_PRC,KERNOIL_1_N001,ALL,1,93.69828,3,141
2022-09-04T06:30:00-00:00,2022-09-04T06:45:00-00:00,2022-09-03,24,KERNOIL_1_N001,KERNOIL_1_N001,KERNOIL_1_N001,RTPD,LMP,LMP_PRC,KERNOIL_1_N001,ALL,1,80.73009,3,141
2022-09-03T07:45:00-00:00,2022-09-03T08:00:00-00:00,2022-09-03,01,KERNOIL_1_N001,KERNOIL_1_N001,KERNOIL_1_N001,RTPD,LMP,LMP_PRC,KERNOIL_1_N001,ALL,1,79.81079,4,141
2022-09-03T08:45:00-00:00,2022-09-03T09:00:00-00:00,2022-09-03,02,KERNOIL_1_N001,KERNOIL_1_N001,KERNOIL_1_N001,RTPD,LMP,LMP_PRC,KERNOIL_1_N001,ALL,1,88.34279,4,141
2022-09-03T09:45:00-00:00,2022-09-03T10:00:00-00:00,2022-09-03,03,KERNOIL_1_N001,KERNOIL_1_N001,KERNOIL_1_N001,RTPD,LMP,LMP_PRC,KERNOIL_1_N001,ALL,1,66.87717,4,141
2022-09-03T10:45:00-00:00,2022-09-03T11:00:00-00:00,2022-09-03,04,KERNOIL_1_N001,KERNOIL_1_N001,KERNOIL_1_N001,RTPD,LMP,LMP_PRC,KERNOIL_1_N001,ALL,1,90.70755,4,141
2022-09-03T11:45:00-00:00,2022-09-03T12:00:00-00:00,2022-09-03,05,KERNOIL_1_N001,KERNOIL_1_N001,KERNOIL_1_N001,RTPD,LMP,LMP_PRC,KERNOIL_1_N001,ALL,1,77.15887,4,141
2022-09-03T12:45:00-00:00,2022-09-03T13:00:00-00:00,2022-09-03,06,KERNOIL_1_N001,KERNOIL_1_N001,KERNOIL_1_N001,RTPD,LMP,LMP_PRC,KERNOIL_1_N001,ALL,1,65.32442,4,141
2022-09-03T13:45:00-00:00,2022-09-03T14:00:00-00:00,2022-09-03,07,KERNOIL_1_N001,KERNOIL_1_N001,KERNOIL_1_N001,RTPD,LMP,LMP_PRC,KERNOIL_1_N001,ALL,1,75.69214,4,141
2022-09-03T14:45:00-00:00,2022-09-03T15:00:00-00:00,2022-09-03,08,KERNOIL_1_N001,KERNOIL_1_N001,KERNOIL_1_N001,RTPD,LMP,LMP_PRC,KERNOIL_1_N001,ALL,1,21.24974,4,141
2022-09-03T15:45:00-00:00,2022-09-03T16:00:00-00:00,2022-09-03,09,KERNOIL_1_N001,KERNOIL_1_N001,KERNOIL_1_N001,RTPD,LMP,LMP_PRC,KERNOIL_1_N001,ALL,1,23.98991,4,141
2022-09-03T16:45:00-00:00,2022-09-03T17:00:00-00:00,2022-09-03,10,KERNOIL_1_N001,KERNOIL_1_N001,KERNOIL_1_N001,RTPD,LMP,LMP_PRC,KERNOIL_1_N001,ALL,1,47.72888,4,141
2022-09-03T17:45:00-00:00,2022-09-03T18:00:00-00:00,2022-09-03,11,KERNOIL_1_N001,KERNOIL_1_N001,KERNOIL_1_N001,RTPD,LMP,LMP_PRC,KERNOIL_1_N001,ALL,1,69.90118,4,141
2022-09-03T18:45:00-00:00,2022-09-03T19:00:00-00:00,2022-09-03,12,KERNOIL_1_N001,KERNOIL_1_N001,KERNOIL_1_N001,RTPD,LMP,LMP_PRC,KERNOIL_1_N001,ALL,1,65.99937,4,141
2022-09-03T19:45:00-00:00,2022-09-03T20:00:00-00:00,2022-09-03,13,KERNOIL_1_N001,KERNOIL_1_N001,KERNOIL_1_N001,RTPD,LMP,LMP_PRC,KERNOIL_1_N001,ALL,1,-0.01,4,141
2022-09-03T20:45:00-00:00,2022-09-03T21:00:00-00:00,2022-09-03,14,KERNOIL_1_N001,KERNOIL_1_N001,KERNOIL_1_N001,RTPD,LMP,LMP_PRC,KERNOIL_1_N001,ALL,1,76.21765,4,141
2022-09-03T21:45:00-00:00,2022-09-03T22:00:00-00:00,2022-09-03,15,KERNOIL_1_N001,KERNOIL_1_N001,KERNOIL_1_N001,RTPD,LMP,LMP_PRC,KERNOIL_1_N001,ALL,1,99.21076,4,141
2022-09-03T22:45:00-00:00,2022-09-03T23:00:00-00:00,2022-09-03,16,KERNOIL_1_N001,KERNOIL_1_N001,KERNOIL_1_N001,RTPD,LMP,LMP_PRC,KERNOIL_1_N001,ALL,1,108.5938,4,141
2022-09-03T23:45:00-00:00,2022-09-04T00:00:00-00:00,2022-09-03,17,KERNOIL_1_N001,KERNOIL_1_N001,KERNOIL_1_N001,RTPD,LMP,LMP_PRC,KERNOIL_1_N001,ALL,1,138.07434,4,141
2022-09-04T00:45:00-00:00,2022-09-04T01:00:00-00:00,2022-09-03,18,KERNOIL_1_N001,KERNOIL_1_N001,KERNOIL_1_N001,RTPD,LMP,LMP_PRC,KERNOIL_1_N001,ALL,1,78.39799,4,141
2022-09-04T01:45:00-00:00,2022-09-04T02:00:00-00:00,2022-09-03,19,KERNOIL_1_N001,KERNOIL_1_N001,KERNOIL_1_N001,RTPD,LMP,LMP_PRC,KERNOIL_1_N001,ALL,1,401.57968,4,141
2022-09-04T02:45:00-00:00,2022-09-04T03:00:00-00:00,2022-09-03,20,KERNOIL_1_N001,KERNOIL_1_N001,KERNOIL_1_N001,RTPD,LMP,LMP_PRC,KERNOIL_1_N001,ALL,1,121.8903,4,141
2022-09-04T03:45:00-00:00,2022-09-04T04:00:00-00:00,2022-09-03,21,KERNOIL_1_N001,KERNOIL_1_N001,KERNOIL_1_N001,RTPD,LMP,LMP_PRC,KERNOIL_1_N001,ALL,1,69.76114,4,141
2022-09-04T04:45:00-00:00,2022-09-04T05:00:00-00:00,2022-09-03,22,KERNOIL_1_N001,KERNOIL_1_N001,KERNOIL_1_N001,RTPD,LMP,LMP_PRC,KERNOIL_1_N001,ALL,1,96.96487,4,141
2022-09-04T05:45:00-00:00,2022-09-04T06:00:00-00:00,2022-09-03,23,KERNOIL_1_N001,KERNOIL_1_N001,KERNOIL_1_N001,RTPD,LMP,LMP_PRC,KERNOIL_1_N001,ALL,1,85.99216,4,141
2022-09-04T06:45:00-00:00,2022-09-04T07:00:00-00:00,2022-09-03,24,KERNOIL_1_N001,KERNOIL_1_N001,KERNOIL_1_N001,RTPD,LMP,LMP_PRC,KERNOIL_1_N001,ALL,1,68.83421,4,141
2022-09-03T07:00:00-00:00,2022-09-03T07:15:00-00:00,2022-09-03,01,KERNOIL_1_N001,KERNOIL_1_N001,KERNOIL_1_N001,RTPD,MCC,LMP_CONG_PRC,KERNOIL_1_N001,ALL,1,-7.99056,1,142
2022-09-03T08:00:00-00:00,2022-09-03T08:15:00-00:00,2022-09-03,02,KERNOIL_1_N001,KERNOIL_1_N001,KERNOIL_1_N001,RTPD,MCC,LMP_CONG_PRC,KERNOIL_1_N001,ALL,1,-1.94836,1,142
2022-09-03T09:00:00-00:00,2022-09-03T09:15:00-00:00,2022-09-03,03,KERNOIL_1_N001,KERNOIL_1_N001,KERNOIL_1_N001,RTPD,MCC,LMP_CONG_PRC,KERNOIL_1_N001,ALL,1,2.44899,1,142
2022-09-03T10:00:00-00:00,2022-09-03T10:15:00-00:00,2022-09-03,04,KERNOIL_1_N001,KERNOIL_1_N001,KERNOIL_1_N001,RTPD,MCC,LMP_CONG_PRC,KERNOIL_1_N001,ALL,1,-12.09287,1,142
2022-09-03T11:00:00-00:00,2022-09-03T11:15:00-00:00,2022-09-03,05,KERNOIL_1_N001,KERNOIL_1_N001,KERNOIL_1_N001,RTPD,MCC,LMP_CONG_PRC,KERNOIL_1_N001,ALL,1,5.26761,1,142
2022-09-03T12:00:00-00:00,2022-09-03T12:15:00-00:00,2022-09-03,06,KERNOIL_1_N001,KERNOIL_1_N001,KERNOIL_1_N001,RTPD,MCC,LMP_CONG_PRC,KERNOIL_1_N001,ALL,1,-2.92379,1,142
2022-09-03T13:00:00-00:00,2022-09-03T13:15:00-00:00,2022-09-03,07,KERNOIL_1_N001,KERNOIL_1_N001,KERNOIL_1_N001,RTPD,MCC,LMP_CONG_PRC,KERNOIL_1_N001,ALL,1,23.68876,1,142
2022-09-03T14:00:00-00:00,2022-09-03T14:15:00-00:00,2022-09-03,08,KERNOIL_1_N001,KERNOIL_1_N001,KERNOIL_1_N001,RTPD,MCC,LMP_CONG_PRC,KERNOIL_1_N001,ALL,1,35.58839,1,142
2022-09-03T15:00:00-00:00,2022-09-03T15:15:00-00:00,2022-09-03,09,KERNOIL_1_N001,KERNOIL_1_N001,KERNOIL_1_N001,RTPD,MCC,LMP_CONG_PRC,KERNOIL_1_N001,ALL,1,0,1,142
2022-09-03T16:00:00-00:00,2022-09-03T16:15:00-00:00,2022-09-03,10,KERNOIL_1_N001,KERNOIL_1_N001,KERNOIL_1_N001,RTPD,MCC,LMP_CONG_PRC,KERNOIL_1_N001,ALL,1,0,1,142
2022-09-03T17:00:00-00:00,2022-09-03T17:15:00-00:00,2022-09-03,11,KERNOIL_1_N001,KERNOIL_1_N001,KERNOIL_1_N001,RTPD,MCC,LMP_CONG_PRC,KERNOIL_1_N001,ALL,1,0,1,142
2022-09-03T18:00:00-00:00,2022-09-03T18:15:00-00:00,2022-09-03,12,KERNOIL_1_N001,KERNOIL_1_N001,KERNOIL_1_N001,RTPD,MCC,LMP_CONG_PRC,KERNOIL_1_N001,ALL,1,-8.10939,1,142
2022-09-03T19:00:00-00:00,2022-09-03T19:15:00-00:00,2022-09-03,13,KERNOIL_1_N001,KERNOIL_1_N001,KERNOIL_1_N001,RTPD,MCC,LMP_CONG_PRC,KERNOIL_1_N001,ALL,1,-50.70736,1,142
2022-09-03T20:00:00-00:00,2022-09-03T20:15:00-00:00,2022-09-03,14,KERNOIL_1_N001,KERNOIL_1_N001,KERNOIL_1_N001,RTPD,MCC,LMP_CONG_PRC,KERNOIL_1_N001,ALL,1,-2.16513,1,142
2022-09-03T21:00:00-00:00,2022-09-03T21:15:00-00:00,2022-09-03,15,KERNOIL_1_N001,KERNOIL_1_N001,KERNOIL_1_N001,RTPD,MCC,LMP_CONG_PRC,KERNOIL_1_N001,ALL,1,11.0064,1,142
2022-09-03T22:00:00-00:00,2022-09-03T22:15:00-00:00,2022-09-03,16,KERNOIL_1_N001,KERNOIL_1_N001,KERNOIL_1_N001,RTPD,MCC,LMP_CONG_PRC,KERNOIL_1_N001,ALL,1,38.29436,1,142
2022-09-03T23:00:00-00:00,2022-09-03T23:15:00-00:00,2022-09-03,17,KERNOIL_1_N001,KERNOIL_1_N001,KERNOIL_1_N001,RTPD,MCC,LMP_CONG_PRC,KERNOIL_1_N001,ALL,1,23.64426,1,142
2022-09-04T00:00:00-00:00,2022-09-04T00:15:00-00:00,2022-09-03,18,KERNOIL_1_N001,KERNOIL_1_N001,KERNOIL_1_N001,RTPD,MCC,LMP_CONG_PRC,KERNOIL_1_N001,ALL,1,31.09225,1,142
2022-09-04T01:00:00-00:00,2022-09-04T01:15:00-00:00,2022-09-03,19,KERNOIL_1_N001,KERNOIL_1_N001,KERNOIL_1_N001,RTPD,MCC,LMP_CONG_PRC,KERNOIL_1_N001,ALL,1,-70.43637,1,142
2022-09-04T02:00:00-00:00,2022-09-04T02:15:00-00:00,2022-09-03,20,KERNOIL_1_N001,KERNOIL_1_N001,KERNOIL_1_N001,RTPD,MCC,LMP_CONG_PRC,KERNOIL_1_N001,ALL,1,-16.96465,1,142
2022-09-04T03:00:00-00:00,2022-09-04T03:15:00-00:00,2022-09-03,21,KERNOIL_1_N001,KERNOIL_1_N001,KERNOIL_1_N001,RTPD,MCC,LMP_CONG_PRC,KERNOIL_1_N001,ALL,1,-25.66029,1,142
2022-09-04T04:00:00-00:00,2022-09-04T04:15:00-00:00,2022-09-03,22,KERNOIL_1_N001,KERNOIL_1_N001,KERNOIL_1_N001,RTPD,MCC,LMP_CONG_PRC,KERNOIL_1_N001,ALL,1,-18.72302,1,142
2022-09-04T05:00:00-00:00,2022-09-04T05:15:00-00:00,2022-09-03,23,KERNOIL_1_N001,KERNOIL_1_N001,KERNOIL_1_N001,RTPD,MCC,LMP_CONG_PRC,KERNOIL_1_N001,ALL,1,-33.97348,1,142
2022-09-04T06:00:00-00:00,2022-09-04T06:15:00-00:00,2022-09-03,24,KERNOIL_1_N001,KERNOIL_1_N001,KERNOIL_1_N001,RTPD,MCC,LMP_CONG_PRC,KERNOIL_1_N001,ALL,1,-17.47546,1,142
2022-09-03T07:15:00-00:00,2022-09-03T07:30:00-00:00,2022-09-03,01,KERNOIL_1_N001,KERNOIL_1_N001,KERNOIL_1_N001,RTPD,MCC,LMP_CONG_PRC,KERNOIL_1_N001,ALL,1,-13.19782,2,142
2022-09-03T08:15:00-00:00,2022-09-03T08:30:00-00:00,2022-09-03,02,KERNOIL_1_N001,KERNOIL_1_N001,KERNOIL_1_N001,RTPD,MCC,LMP_CONG_PRC,KERNOIL_1_N001,ALL,1,0.15832,2,142
2022-09-03T09:15:00-00:00,2022-09-03T09:30:00-00:00,2022-09-03,03,KERNOIL_1_N001,KERNOIL_1_N001,KERNOIL_1_N001,RTPD,MCC,LMP_CONG_PRC,KERNOIL_1_N001,ALL,1,-12.74299,2,142
2022-09-03T10:15:00-00:00,2022-09-03T10:30:00-00:00,2022-09-03,04,KERNOIL_1_N001,KERNOIL_1_N001,KERNOIL_1_N001,RTPD,MCC,LMP_CONG_PRC,KERNOIL_1_N001,ALL,1,-13.96313,2,142
2022-09-03T11:15:00-00:00,2022-09-03T11:30:00-00:00,2022-09-03,05,KERNOIL_1_N001,KERNOIL_1_N001,KERNOIL_1_N001,RTPD,MCC,LMP_CONG_PRC,KERNOIL_1_N001,ALL,1,-4.67573,2,142
2022-09-03T12:15:00-00:00,2022-09-03T12:30:00-00:00,2022-09-03,06,KERNOIL_1_N001,KERNOIL_1_N001,KERNOIL_1_N001,RTPD,MCC,LMP_CONG_PRC,KERNOIL_1_N001,ALL,1,-4.89465,2,142
2022-09-03T13:15:00-00:00,2022-09-03T13:30:00-00:00,2022-09-03,07,KERNOIL_1_N001,KERNOIL_1_N001,KERNOIL_1_N001,RTPD,MCC,LMP_CONG_PRC,KERNOIL_1_N001,ALL,1,23.77,2,142
2022-09-03T14:15:00-00:00,2022-09-03T14:30:00-00:00,2022-09-03,08,KERNOIL_1_N001,KERNOIL_1_N001,KERNOIL_1_N001,RTPD,MCC,LMP_CONG_PRC,KERNOIL_1_N001,ALL,1,31.93488,2,142
2022-09-03T15:15:00-00:00,2022-09-03T15:30:00-00:00,2022-09-03,09,KERNOIL_1_N001,KERNOIL_1_N001,KERNOIL_1_N001,RTPD,MCC,LMP_CONG_PRC,KERNOIL_1_N001,ALL,1,0,2,142
2022-09-03T16:15:00-00:00,2022-09-03T16:30:00-00:00,2022-09-03,10,KERNOIL_1_N001,KERNOIL_1_N001,KERNOIL_1_N001,RTPD,MCC,LMP_CONG_PRC,KERNOIL_1_N001,ALL,1,0,2,142
2022-09-03T17:15:00-00:00,2022-09-03T17:30:00-00:00,2022-09-03,11,KERNOIL_1_N001,KERNOIL_1_N001,KERNOIL_1_N001,RTPD,MCC,LMP_CONG_PRC,KERNOIL_1_N001,ALL,1,0,2,142
2022-09-03T18:15:00-00:00,2022-09-03T18:30:00-00:00,2022-09-03,12,KERNOIL_1_N001,KERNOIL_1_N001,KERNOIL_1_N001,RTPD,MCC,LMP_CONG_PRC,KERNOIL_1_N001,ALL,1,-2.90162,2,142
2022-09-03T19:15:00-00:00,2022-09-03T19:30:00-00:00,2022-09-03,13,KERNOIL_1_N001,KERNOIL_1_N001,KERNOIL_1_N001,RTPD,MCC,LMP_CONG_PRC,KERNOIL_1_N001,ALL,1,-55.36134,2,142
2022-09-03T20:15:00-00:00,2022-09-03T20:30:00-00:00,2022-09-03,14,KERNOIL_1_N001,KERNOIL_1_N001,KERNOIL_1_N001,RTPD,MCC,LMP_CONG_PRC,KERNOIL_1_N001,ALL,1,3.70677,2,142
2022-09-03T21:15:00-00:00,2022-09-03T21:30:00-00:00,2022-09-03,15,KERNOIL_1_N001,KERNOIL_1_N001,KERNOIL_1_N001,RTPD,MCC,LMP_CONG_PRC,KERNOIL_1_N001,ALL,1,28.09561,2,142
2022-09-03T22:15:00-00:00,2022-09-03T22:30:00-00:00,2022-09-03,16,KERNOIL_1_N001,KERNOIL_1_N001,KERNOIL_1_N001,RTPD,MCC,LMP_CONG_PRC,KERNOIL_1_N001,ALL,1,27.34502,2,142
2022-09-03T23:15:00-00:00,2022-09-03T23:30:00-00:00,2022-09-03,17,KERNOIL_1_N001,KERNOIL_1_N001,KERNOIL_1_N001,RTPD,MCC,LMP_CONG_PRC,KERNOIL_1_N001,ALL,1,10.39429,2,142
2022-09-04T00:15:00-00:00,2022-09-04T00:30:00-00:00,2022-09-03,18,KERNOIL_1_N001,KERNOIL_1_N001,KERNOIL_1_N001,RTPD,MCC,LMP_CONG_PRC,KERNOIL_1_N001,ALL,1,51.42846,2,142
2022-09-04T01:15:00-00:00,2022-09-04T01:30:00-00:00,2022-09-03,19,KERNOIL_1_N001,KERNOIL_1_N001,KERNOIL_1_N001,RTPD,MCC,LMP_CONG_PRC,KERNOIL_1_N001,ALL,1,-78.24826,2,142
2022-09-04T02:15:00-00:00,2022-09-04T02:30:00-00:00,2022-09-03,20,KERNOIL_1_N001,KERNOIL_1_N001,KERNOIL_1_N001,RTPD,MCC,LMP_CONG_PRC,KERNOIL_1_N001,ALL,1,-17.28222,2,142
2022-09-04T03:15:00-00:00,2022-09-04T03:30:00-00:00,2022-09-03,21,KERNOIL_1_N001,KERNOIL_1_N001,KERNOIL_1_N001,RTPD,MCC,LMP_CONG_PRC,KERNOIL_1_N001,ALL,1,-18.10945,2,142
2022-09-04T04:15:00-00:00,2022-09-04T04:30:00-00:00,2022-09-03,22,KERNOIL_1_N001,KERNOIL_1_N001,KERNOIL_1_N001,RTPD,MCC,LMP_CONG_PRC,KERNOIL_1_N001,ALL,1,-19.51457,2,142
2022-09-04T05:15:00-00:00,2022-09-04T05:30:00-00:00,2022-09-03,23,KERNOIL_1_N001,KERNOIL_1_N001,KERNOIL_1_N001,RTPD,MCC,LMP_CONG_PRC,KERNOIL_1_N001,ALL,1,-25.54038,2,142
2022-09-04T06:15:00-00:00,2022-09-04T06:30:00-00:00,2022-09-03,24,KERNOIL_1_N001,KERNOIL_1_N001,KERNOIL_1_N001,RTPD,MCC,LMP_CONG_PRC,KERNOIL_1_N001,ALL,1,-15.85508,2,142
2022-09-03T07:30:00-00:00,2022-09-03T07:45:00-00:00,2022-09-03,01,KERNOIL_1_N001,KERNOIL_1_N001,KERNOIL_1_N001,RTPD,MCC,LMP_CONG_PRC,KERNOIL_1_N001,ALL,1,-9.56216,3,142
2022-09-03T08:30:00-00:00,2022-09-03T08:45:00-00:00,2022-09-03,02,KERNOIL_1_N001,KERNOIL_1_N001,KERNOIL_1_N001,RTPD,MCC,LMP_CONG_PRC,KERNOIL_1_N001,ALL,1,0.7557,3,142
2022-09-03T09:30:00-00:00,2022-09-03T09:45:00-00:00,2022-09-03,03,KERNOIL_1_N001,KERNOIL_1_N001,KERNOIL_1_N001,RTPD,MCC,LMP_CONG_PRC,KERNOIL_1_N001,ALL,1,-16.86204,3,142
2022-09-03T10:30:00-00:00,2022-09-03T10:45:00-00:00,2022-09-03,04,KERNOIL_1_N001,KERNOIL_1_N001,KERNOIL_1_N001,RTPD,MCC,LMP_CONG_PRC,KERNOIL_1_N001,ALL,1,-13.37663,3,142
2022-09-03T11:30:00-00:00,2022-09-03T11:45:00-00:00,2022-09-03,05,KERNOIL_1_N001,KERNOIL_1_N001,KERNOIL_1_N001,RTPD,MCC,LMP_CONG_PRC,KERNOIL_1_N001,ALL,1,14.57678,3,142
2022-09-03T12:30:00-00:00,2022-09-03T12:45:00-00:00,2022-09-03,06,KERNOIL_1_N001,KERNOIL_1_N001,KERNOIL_1_N001,RTPD,MCC,LMP_CONG_PRC,KERNOIL_1_N001,ALL,1,-6.22098,3,142
2022-09-03T13:30:00-00:00,2022-09-03T13:45:00-00:00,2022-09-03,07,KERNOIL_1_N001,KERNOIL_1_N001,KERNOIL_1_N001,RTPD,MCC,LMP_CONG_PRC,KERNOIL_1_N001,ALL,1,22.84485,3,142
2022-09-03T14:30:00-00:00,2022-09-03T14:45:00-00:00,2022-09-03,08,KERNOIL_1_N001,KERNOIL_1_N001,KERNOIL_1_N001,RTPD,MCC,LMP_CONG_PRC,KERNOIL_1_N001,ALL,1,28.35536,3,142
2022-09-03T15:30:00-00:00,2022-09-03T15:45:00-00:00,2022-09-03,09,KERNOIL_1_N001,KERNOIL_1_N001,KERNOIL_1_N001,RTPD,MCC,LMP_CONG_PRC,KERNOIL_1_N001,ALL,1,0,3,142
2022-09-03T16:30:00-00:00,2022-09-03T16:45:00-00:00,2022-09-03,10,KERNOIL_1_N001,KERNOIL_1_N001,KERNOIL_1_N001,RTPD,MCC,LMP_CONG_PRC,KERNOIL_1_N001,ALL,1,0,3,142
2022-09-03T17:30:00-00:00,2022-09-03T17:45:00-00:00,2022-09-03,11,KERNOIL_1_N001,KERNOIL_1_N001,KERNOIL_1_N001,RTPD,MCC,LMP_CONG_PRC,KERNOIL_1_N001,ALL,1,0,3,142
2022-09-03T18:30:00-00:00,2022-09-03T18:45:00-00:00,2022-09-03,12,KERNOIL_1_N001,KERNOIL_1_N001,KERNOIL_1_N001,RTPD,MCC,LMP_CONG_PRC,KERNOIL_1_N001,ALL,1,-5.79119,3,142
2022-09-03T19:30:00-00:00,2022-09-03T19:45:00-00:00,2022-09-03,13,KERNOIL_1_N001,KERNOIL_1_N001,KERNOIL_1_N001,RTPD,MCC,LMP_CONG_PRC,KERNOIL_1_N001,ALL,1,-69.20705,3,142
2022-09-03T20:30:00-00:00,2022-09-03T20:45:00-00:00,2022-09-03,14,KERNOIL_1_N001,KERNOIL_1_N001,KERNOIL_1_N001,RTPD,MCC,LMP_CONG_PRC,KERNOIL_1_N001,ALL,1,9.298,3,142
2022-09-03T21:30:00-00:00,2022-09-03T21:45:00-00:00,2022-09-03,15,KERNOIL_1_N001,KERNOIL_1_N001,KERNOIL_1_N001,RTPD,MCC,LMP_CONG_PRC,KERNOIL_1_N001,ALL,1,27.41392,3,142
2022-09-03T22:30:00-00:00,2022-09-03T22:45:00-00:00,2022-09-03,16,KERNOIL_1_N001,KERNOIL_1_N001,KERNOIL_1_N001,RTPD,MCC,LMP_CONG_PRC,KERNOIL_1_N001,ALL,1,-15.31054,3,142
2022-09-03T23:30:00-00:00,2022-09-03T23:45:00-00:00,2022-09-03,17,KERNOIL_1_N001,KERNOIL_1_N001,KERNOIL_1_N001,RTPD,MCC,LMP_CONG_PRC,KERNOIL_1_N001,ALL,1,20.28766,3,142
2022-09-04T00:30:00-00:00,2022-09-04T00:45:00-00:00,2022-09-03,18,KERNOIL_1_N001,KERNOIL_1_N001,KERNOIL_1_N001,RTPD,MCC,LMP_CONG_PRC,KERNOIL_1_N001,ALL,1,9.39598,3,142
2022-09-04T01:30:00-00:00,2022-09-04T01:45:00-00:00,2022-09-03,19,KERNOIL_1_N001,KERNOIL_1_N001,KERNOIL_1_N001,RTPD,MCC,LMP_CONG_PRC,KERNOIL_1_N001,ALL,1,-295.85886,3,142
2022-09-04T02:30:00-00:00,2022-09-04T02:45:00-00:00,2022-09-03,20,KERNOIL_1_N001,KERNOIL_1_N001,KERNOIL_1_N001,RTPD,MCC,LMP_CONG_PRC,KERNOIL_1_N001,ALL,1,-6.94382,3,142
2022-09-04T03:30:00-00:00,2022-09-04T03:45:00-00:00,2022-09-03,21,KERNOIL_1_N001,KERNOIL_1_N001,KERNOIL_1_N001,RTPD,MCC,LMP_CONG_PRC,KERNOIL_1_N001,ALL,1,-12.54418,3,142
2022-09-04T04:30:00-00:00,2022-09-04T04:45:00-00:00,2022-09-03,22,KERNOIL_1_N001,KERNOIL_1_N001,KERNOIL_1_N001,RTPD,MCC,LMP_CONG_PRC,KERNOIL_1_N001,ALL,1,-12.37172,3,142
2022-09-04T05:30:00-00:00,2022-09-04T05:45:00-00:00,2022-09-03,23,KERNOIL_1_N001,KERNOIL_1_N001,KERNOIL_1_N001,RTPD,MCC,LMP_CONG_PRC,KERNOIL_1_N001,ALL,1,-27.4674,3,142
2022-09-04T06:30:00-00:00,2022-09-04T06:45:00-00:00,2022-09-03,24,KERNOIL_1_N001,KERNOIL_1_N001,KERNOIL_1_N001,RTPD,MCC,LMP_CONG_PRC,KERNOIL_1_N001,ALL,1,-20.08288,3,142
2022-09-03T07:45:00-00:00,2022-09-03T08:00:00-00:00,2022-09-03,01,KERNOIL_1_N001,KERNOIL_1_N001,KERNOIL_1_N001,RTPD,MCC,LMP_CONG_PRC,KERNOIL_1_N001,ALL,1,-3.72139,4,142
2022-09-03T08:45:00-00:00,2022-09-03T09:00:00-00:00,2022-09-03,02,KERNOIL_1_N001,KERNOIL_1_N001,KERNOIL_1_N001,RTPD,MCC,LMP_CONG_PRC,KERNOIL_1_N001,ALL,1,0.19299,4,142
2022-09-03T09:45:00-00:00,2022-09-03T10:00:00-00:00,2022-09-03,03,KERNOIL_1_N001,KERNOIL_1_N001,KERNOIL_1_N001,RTPD,MCC,LMP_CONG_PRC,KERNOIL_1_N001,ALL,1,-13.15678,4,142
2022-09-03T10:45:00-00:00,2022-09-03T11:00:00-00:00,2022-09-03,04,KERNOIL_1_N001,KERNOIL_1_N001,KERNOIL_1_N001,RTPD,MCC,LMP_CONG_PRC,KERNOIL_1_N001,ALL,1,6.89548,4,142
2022-09-03T11:45:00-00:00,2022-09-03T12:00:00-00:00,2022-09-03,05,KERNOIL_1_N001,KERNOIL_1_N001,KERNOIL_1_N001,RTPD,MCC,LMP_CONG_PRC,KERNOIL_1_N001,ALL,1,2.0486,4,142
2022-09-03T12:45:00-00:00,2022-09-03T13:00:00-00:00,2022-09-03,06,KERNOIL_1_N001,KERNOIL_1_N001,KERNOIL_1_N001,RTPD,MCC,LMP_CONG_PRC,KERNOIL_1_N001,ALL,1,-7.87834,4,142
2022-09-03T13:45:00-00:00,2022-09-03T14:00:00-00:00,2022-09-03,07,KERNOIL_1_N001,KERNOIL_1_N001,KERNOIL_1_N001,RTPD,MCC,LMP_CONG_PRC,KERNOIL_1_N001,ALL,1,25.41485,4,142
2022-09-03T14:45:00-00:00,2022-09-03T15:00:00-00:00,2022-09-03,08,KERNOIL_1_N001,KERNOIL_1_N001,KERNOIL_1_N001,RTPD,MCC,LMP_CONG_PRC,KERNOIL_1_N001,ALL,1,0.00097,4,142
2022-09-03T15:45:00-00:00,2022-09-03T16:00:00-00:00,2022-09-03,09,KERNOIL_1_N001,KERNOIL_1_N001,KERNOIL_1_N001,RTPD,MCC,LMP_CONG_PRC,KERNOIL_1_N001,ALL,1,0,4,142
2022-09-03T16:45:00-00:00,2022-09-03T17:00:00-00:00,2022-09-03,10,KERNOIL_1_N001,KERNOIL_1_N001,KERNOIL_1_N001,RTPD,MCC,LMP_CONG_PRC,KERNOIL_1_N001,ALL,1,0,4,142
2022-09-03T17:45:00-00:00,2022-09-03T18:00:00-00:00,2022-09-03,11,KERNOIL_1_N001,KERNOIL_1_N001,KERNOIL_1_N001,RTPD,MCC,LMP_CONG_PRC,KERNOIL_1_N001,ALL,1,-2.38279,4,142
2022-09-03T18:45:00-00:00,2022-09-03T19:00:00-00:00,2022-09-03,12,KERNOIL_1_N001,KERNOIL_1_N001,KERNOIL_1_N001,RTPD,MCC,LMP_CONG_PRC,KERNOIL_1_N001,ALL,1,-7.13311,4,142
2022-09-03T19:45:00-00:00,2022-09-03T20:00:00-00:00,2022-09-03,13,KERNOIL_1_N001,KERNOIL_1_N001,KERNOIL_1_N001,RTPD,MCC,LMP_CONG_PRC,KERNOIL_1_N001,ALL,1,-73.70349,4,142
2022-09-03T20:45:00-00:00,2022-09-03T21:00:00-00:00,2022-09-03,14,KERNOIL_1_N001,KERNOIL_1_N001,KERNOIL_1_N001,RTPD,MCC,LMP_CONG_PRC,KERNOIL_1_N001,ALL,1,9.86073,4,142
2022-09-03T21:45:00-00:00,2022-09-03T22:00:00-00:00,2022-09-03,15,KERNOIL_1_N001,KERNOIL_1_N001,KERNOIL_1_N001,RTPD,MCC,LMP_CONG_PRC,KERNOIL_1_N001,ALL,1,30.42683,4,142
2022-09-03T22:45:00-00:00,2022-09-03T23:00:00-00:00,2022-09-03,16,KERNOIL_1_N001,KERNOIL_1_N001,KERNOIL_1_N001,RTPD,MCC,LMP_CONG_PRC,KERNOIL_1_N001,ALL,1,-13.95334,4,142
2022-09-03T23:45:00-00:00,2022-09-04T00:00:00-00:00,2022-09-03,17,KERNOIL_1_N001,KERNOIL_1_N001,KERNOIL_1_N001,RTPD,MCC,LMP_CONG_PRC,KERNOIL_1_N001,ALL,1,15.9152,4,142
2022-09-04T00:45:00-00:00,2022-09-04T01:00:00-00:00,2022-09-03,18,KERNOIL_1_N001,KERNOIL_1_N001,KERNOIL_1_N001,RTPD,MCC,LMP_CONG_PRC,KERNOIL_1_N001,ALL,1,-179.68483,4,142
2022-09-04T01:45:00-00:00,2022-09-04T02:00:00-00:00,2022-09-03,19,KERNOIL_1_N001,KERNOIL_1_N001,KERNOIL_1_N001,RTPD,MCC,LMP_CONG_PRC,KERNOIL_1_N001,ALL,1,30.66875,4,142
2022-09-04T02:45:00-00:00,2022-09-04T03:00:00-00:00,2022-09-03,20,KERNOIL_1_N001,KERNOIL_1_N001,KERNOIL_1_N001,RTPD,MCC,LMP_CONG_PRC,KERNOIL_1_N001,ALL,1,-13.15607,4,142
2022-09-04T03:45:00-00:00,2022-09-04T04:00:00-00:00,2022-09-03,21,KERNOIL_1_N001,KERNOIL_1_N001,KERNOIL_1_N001,RTPD,MCC,LMP_CONG_PRC,KERNOIL_1_N001,ALL,1,-18.63192,4,142
2022-09-04T04:45:00-00:00,2022-09-04T05:00:00-00:00,2022-09-03,22,KERNOIL_1_N001,KERNOIL_1_N001,KERNOIL_1_N001,RTPD,MCC,LMP_CONG_PRC,KERNOIL_1_N001,ALL,1,-1.86892,4,142
2022-09-04T05:45:00-00:00,2022-09-04T06:00:00-00:00,2022-09-03,23,KERNOIL_1_N001,KERNOIL_1_N001,KERNOIL_1_N001,RTPD,MCC,LMP_CONG_PRC,KERNOIL_1_N001,ALL,1,-20.0377,4,142
2022-09-04T06:45:00-00:00,2022-09-04T07:00:00-00:00,2022-09-03,24,KERNOIL_1_N001,KERNOIL_1_N001,KERNOIL_1_N001,RTPD,MCC,LMP_CONG_PRC,KERNOIL_1_N001,ALL,1,-23.54683,4,142
2022-09-03T07:00:00-00:00,2022-09-03T07:15:00-00:00,2022-09-03,01,KERNOIL_1_N001,KERNOIL_1_N001,KERNOIL_1_N001,RTPD,MCE,LMP_ENE_PRC,KERNOIL_1_N001,ALL,1,95.21526,1,143
2022-09-03T08:00:00-00:00,2022-09-03T08:15:00-00:00,2022-09-03,02,KERNOIL_1_N001,KERNOIL_1_N001,KERNOIL_1_N001,RTPD,MCE,LMP_ENE_PRC,KERNOIL_1_N001,ALL,1,87.28334,1,143
2022-09-03T09:00:00-00:00,2022-09-03T09:15:00-00:00,2022-09-03,03,KERNOIL_1_N001,KERNOIL_1_N001,KERNOIL_1_N001,RTPD,MCE,LMP_ENE_PRC,KERNOIL_1_N001,ALL,1,83.66355,1,143
2022-09-03T10:00:00-00:00,2022-09-03T10:15:00-00:00,2022-09-03,04,KERNOIL_1_N001,KERNOIL_1_N001,KERNOIL_1_N001,RTPD,MCE,LMP_ENE_PRC,KERNOIL_1_N001,ALL,1,78.01908,1,143
2022-09-03T11:00:00-00:00,2022-09-03T11:15:00-00:00,2022-09-03,05,KERNOIL_1_N001,KERNOIL_1_N001,KERNOIL_1_N001,RTPD,MCE,LMP_ENE_PRC,KERNOIL_1_N001,ALL,1,75.01707,1,143
2022-09-03T12:00:00-00:00,2022-09-03T12:15:00-00:00,2022-09-03,06,KERNOIL_1_N001,KERNOIL_1_N001,KERNOIL_1_N001,RTPD,MCE,LMP_ENE_PRC,KERNOIL_1_N001,ALL,1,69.78732,1,143
2022-09-03T13:00:00-00:00,2022-09-03T13:15:00-00:00,2022-09-03,07,KERNOIL_1_N001,KERNOIL_1_N001,KERNOIL_1_N001,RTPD,MCE,LMP_ENE_PRC,KERNOIL_1_N001,ALL,1,60.44229,1,143
2022-09-03T14:00:00-00:00,2022-09-03T14:15:00-00:00,2022-09-03,08,KERNOIL_1_N001,KERNOIL_1_N001,KERNOIL_1_N001,RTPD,MCE,LMP_ENE_PRC,KERNOIL_1_N001,ALL,1,41.05574,1,143
2022-09-03T15:00:00-00:00,2022-09-03T15:15:00-00:00,2022-09-03,09,KERNOIL_1_N001,KERNOIL_1_N001,KERNOIL_1_N001,RTPD,MCE,LMP_ENE_PRC,KERNOIL_1_N001,ALL,1,25.73144,1,143
2022-09-03T16:00:00-00:00,2022-09-03T16:15:00-00:00,2022-09-03,10,KERNOIL_1_N001,KERNOIL_1_N001,KERNOIL_1_N001,RTPD,MCE,LMP_ENE_PRC,KERNOIL_1_N001,ALL,1,28.48087,1,143
2022-09-03T17:00:00-00:00,2022-09-03T17:15:00-00:00,2022-09-03,11,KERNOIL_1_N001,KERNOIL_1_N001,KERNOIL_1_N001,RTPD,MCE,LMP_ENE_PRC,KERNOIL_1_N001,ALL,1,51.7991,1,143
2022-09-03T18:00:00-00:00,2022-09-03T18:15:00-00:00,2022-09-03,12,KERNOIL_1_N001,KERNOIL_1_N001,KERNOIL_1_N001,RTPD,MCE,LMP_ENE_PRC,KERNOIL_1_N001,ALL,1,66.18183,1,143
2022-09-03T19:00:00-00:00,2022-09-03T19:15:00-00:00,2022-09-03,13,KERNOIL_1_N001,KERNOIL_1_N001,KERNOIL_1_N001,RTPD,MCE,LMP_ENE_PRC,KERNOIL_1_N001,ALL,1,49.33175,1,143
2022-09-03T20:00:00-00:00,2022-09-03T20:15:00-00:00,2022-09-03,14,KERNOIL_1_N001,KERNOIL_1_N001,KERNOIL_1_N001,RTPD,MCE,LMP_ENE_PRC,KERNOIL_1_N001,ALL,1,61.97858,1,143
2022-09-03T21:00:00-00:00,2022-09-03T21:15:00-00:00,2022-09-03,15,KERNOIL_1_N001,KERNOIL_1_N001,KERNOIL_1_N001,RTPD,MCE,LMP_ENE_PRC,KERNOIL_1_N001,ALL,1,48.58929,1,143
2022-09-03T22:00:00-00:00,2022-09-03T22:15:00-00:00,2022-09-03,16,KERNOIL_1_N001,KERNOIL_1_N001,KERNOIL_1_N001,RTPD,MCE,LMP_ENE_PRC,KERNOIL_1_N001,ALL,1,56.82881,1,143
2022-09-03T23:00:00-00:00,2022-09-03T23:15:00-00:00,2022-09-03,17,KERNOIL_1_N001,KERNOIL_1_N001,KERNOIL_1_N001,RTPD,MCE,LMP_ENE_PRC,KERNOIL_1_N001,ALL,1,71.87635,1,143
2022-09-04T00:00:00-00:00,2022-09-04T00:15:00-00:00,2022-09-03,18,KERNOIL_1_N001,KERNOIL_1_N001,KERNOIL_1_N001,RTPD,MCE,LMP_ENE_PRC,KERNOIL_1_N001,ALL,1,89.65697,1,143
2022-09-04T01:00:00-00:00,2022-09-04T01:15:00-00:00,2022-09-03,19,KERNOIL_1_N001,KERNOIL_1_N001,KERNOIL_1_N001,RTPD,MCE,LMP_ENE_PRC,KERNOIL_1_N001,ALL,1,154.23135,1,143
2022-09-04T02:00:00-00:00,2022-09-04T02:15:00-00:00,2022-09-03,20,KERNOIL_1_N001,KERNOIL_1_N001,KERNOIL_1_N001,RTPD,MCE,LMP_ENE_PRC,KERNOIL_1_N001,ALL,1,112.79788,1,143
2022-09-04T03:00:00-00:00,2022-09-04T03:15:00-00:00,2022-09-03,21,KERNOIL_1_N001,KERNOIL_1_N001,KERNOIL_1_N001,RTPD,MCE,LMP_ENE_PRC,KERNOIL_1_N001,ALL,1,114.10546,1,143
2022-09-04T04:00:00-00:00,2022-09-04T04:15:00-00:00,2022-09-03,22,KERNOIL_1_N001,KERNOIL_1_N001,KERNOIL_1_N001,RTPD,MCE,LMP_ENE_PRC,KERNOIL_1_N001,ALL,1,110.78377,1,143
2022-09-04T05:00:00-00:00,2022-09-04T05:15:00-00:00,2022-09-03,23,KERNOIL_1_N001,KERNOIL_1_N001,KERNOIL_1_N001,RTPD,MCE,LMP_ENE_PRC,KERNOIL_1_N001,ALL,1,126.90499,1,143
2022-09-04T06:00:00-00:00,2022-09-04T06:15:00-00:00,2022-09-03,24,KERNOIL_1_N001,KERNOIL_1_N001,KERNOIL_1_N001,RTPD,MCE,LMP_ENE_PRC,KERNOIL_1_N001,ALL,1,104.78344,1,143
2022-09-03T07:15:00-00:00,2022-09-03T07:30:00-00:00,2022-09-03,01,KERNOIL_1_N001,KERNOIL_1_N001,KERNOIL_1_N001,RTPD,MCE,LMP_ENE_PRC,KERNOIL_1_N001,ALL,1,92.27523,2,143
2022-09-03T08:15:00-00:00,2022-09-03T08:30:00-00:00,2022-09-03,02,KERNOIL_1_N001,KERNOIL_1_N001,KERNOIL_1_N001,RTPD,MCE,LMP_ENE_PRC,KERNOIL_1_N001,ALL,1,86.08077,2,143
2022-09-03T09:15:00-00:00,2022-09-03T09:30:00-00:00,2022-09-03,03,KERNOIL_1_N001,KERNOIL_1_N001,KERNOIL_1_N001,RTPD,MCE,LMP_ENE_PRC,KERNOIL_1_N001,ALL,1,81.52448,2,143
2022-09-03T10:15:00-00:00,2022-09-03T10:30:00-00:00,2022-09-03,04,KERNOIL_1_N001,KERNOIL_1_N001,KERNOIL_1_N001,RTPD,MCE,LMP_ENE_PRC,KERNOIL_1_N001,ALL,1,76.07778,2,143
2022-09-03T11:15:00-00:00,2022-09-03T11:30:00-00:00,2022-09-03,05,KERNOIL_1_N001,KERNOIL_1_N001,KERNOIL_1_N001,RTPD,MCE,LMP_ENE_PRC,KERNOIL_1_N001,ALL,1,70.31505,2,143
2022-09-03T12:15:00-00:00,2022-09-03T12:30:00-00:00,2022-09-03,06,KERNOIL_1_N001,KERNOIL_1_N001,KERNOIL_1_N001,RTPD,MCE,LMP_ENE_PRC,KERNOIL_1_N001,ALL,1,70.02316,2,143
2022-09-03T13:15:00-00:00,2022-09-03T13:30:00-00:00,2022-09-03,07,KERNOIL_1_N001,KERNOIL_1_N001,KERNOIL_1_N001,RTPD,MCE,LMP_ENE_PRC,KERNOIL_1_N001,ALL,1,58.94546,2,143
2022-09-03T14:15:00-00:00,2022-09-03T14:30:00-00:00,2022-09-03,08,KERNOIL_1_N001,KERNOIL_1_N001,KERNOIL_1_N001,RTPD,MCE,LMP_ENE_PRC,KERNOIL_1_N001,ALL,1,36.88333,2,143
2022-09-03T15:15:00-00:00,2022-09-03T15:30:00-00:00,2022-09-03,09,KERNOIL_1_N001,KERNOIL_1_N001,KERNOIL_1_N001,RTPD,MCE,LMP_ENE_PRC,KERNOIL_1_N001,ALL,1,25.63309,2,143
2022-09-03T16:15:00-00:00,2022-09-03T16:30:00-00:00,2022-09-03,10,KERNOIL_1_N001,KERNOIL_1_N001,KERNOIL_1_N001,RTPD,MCE,LMP_ENE_PRC,KERNOIL_1_N001,ALL,1,28.35578,2,143
2022-09-03T17:15:00-00:00,2022-09-03T17:30:00-00:00,2022-09-03,11,KERNOIL_1_N001,KERNOIL_1_N001,KERNOIL_1_N001,RTPD,MCE,LMP_ENE_PRC,KERNOIL_1_N001,ALL,1,62.78814,2,143
2022-09-03T18:15:00-00:00,2022-09-03T18:30:00-00:00,2022-09-03,12,KERNOIL_1_N001,KERNOIL_1_N001,KERNOIL_1_N001,RTPD,MCE,LMP_ENE_PRC,KERNOIL_1_N001,ALL,1,69.64405,2,143
2022-09-03T19:15:00-00:00,2022-09-03T19:30:00-00:00,2022-09-03,13,KERNOIL_1_N001,KERNOIL_1_N001,KERNOIL_1_N001,RTPD,MCE,LMP_ENE_PRC,KERNOIL_1_N001,ALL,1,55.44478,2,143
2022-09-03T20:15:00-00:00,2022-09-03T20:30:00-00:00,2022-09-03,14,KERNOIL_1_N001,KERNOIL_1_N001,KERNOIL_1_N001,RTPD,MCE,LMP_ENE_PRC,KERNOIL_1_N001,ALL,1,61.55304,2,143
2022-09-03T21:15:00-00:00,2022-09-03T21:30:00-00:00,2022-09-03,15,KERNOIL_1_N001,KERNOIL_1_N001,KERNOIL_1_N001,RTPD,MCE,LMP_ENE_PRC,KERNOIL_1_N001,ALL,1,53.762,2,143
2022-09-03T22:15:00-00:00,2022-09-03T22:30:00-00:00,2022-09-03,16,KERNOIL_1_N001,KERNOIL_1_N001,KERNOIL_1_N001,RTPD,MCE,LMP_ENE_PRC,KERNOIL_1_N001,ALL,1,70.72961,2,143
2022-09-03T23:15:00-00:00,2022-09-03T23:30:00-00:00,2022-09-03,17,KERNOIL_1_N001,KERNOIL_1_N001,KERNOIL_1_N001,RTPD,MCE,LMP_ENE_PRC,KERNOIL_1_N001,ALL,1,86.75099,2,143
2022-09-04T00:15:00-00:00,2022-09-04T00:30:00-00:00,2022-09-03,18,KERNOIL_1_N001,KERNOIL_1_N001,KERNOIL_1_N001,RTPD,MCE,LMP_ENE_PRC,KERNOIL_1_N001,ALL,1,102.50471,2,143
2022-09-04T01:15:00-00:00,2022-09-04T01:30:00-00:00,2022-09-03,19,KERNOIL_1_N001,KERNOIL_1_N001,KERNOIL_1_N001,RTPD,MCE,LMP_ENE_PRC,KERNOIL_1_N001,ALL,1,212.54434,2,143
2022-09-04T02:15:00-00:00,2022-09-04T02:30:00-00:00,2022-09-03,20,KERNOIL_1_N001,KERNOIL_1_N001,KERNOIL_1_N001,RTPD,MCE,LMP_ENE_PRC,KERNOIL_1_N001,ALL,1,130.70084,2,143
2022-09-04T03:15:00-00:00,2022-09-04T03:30:00-00:00,2022-09-03,21,KERNOIL_1_N001,KERNOIL_1_N001,KERNOIL_1_N001,RTPD,MCE,LMP_ENE_PRC,KERNOIL_1_N001,ALL,1,95.34308,2,143
2022-09-04T04:15:00-00:00,2022-09-04T04:30:00-00:00,2022-09-03,22,KERNOIL_1_N001,KERNOIL_1_N001,KERNOIL_1_N001,RTPD,MCE,LMP_ENE_PRC,KERNOIL_1_N001,ALL,1,109.32287,2,143
2022-09-04T05:15:00-00:00,2022-09-04T05:30:00-00:00,2022-09-03,23,KERNOIL_1_N001,KERNOIL_1_N001,KERNOIL_1_N001,RTPD,MCE,LMP_ENE_PRC,KERNOIL_1_N001,ALL,1,116.98954,2,143
2022-09-04T06:15:00-00:00,2022-09-04T06:30:00-00:00,2022-09-03,24,KERNOIL_1_N001,KERNOIL_1_N001,KERNOIL_1_N001,RTPD,MCE,LMP_ENE_PRC,KERNOIL_1_N001,ALL,1,96.51392,2,143
2022-09-03T07:30:00-00:00,2022-09-03T07:45:00-00:00,2022-09-03,01,KERNOIL_1_N001,KERNOIL_1_N001,KERNOIL_1_N001,RTPD,MCE,LMP_ENE_PRC,KERNOIL_1_N001,ALL,1,89.3035,3,143
2022-09-03T08:30:00-00:00,2022-09-03T08:45:00-00:00,2022-09-03,02,KERNOIL_1_N001,KERNOIL_1_N001,KERNOIL_1_N001,RTPD,MCE,LMP_ENE_PRC,KERNOIL_1_N001,ALL,1,84.37487,3,143
2022-09-03T09:30:00-00:00,2022-09-03T09:45:00-00:00,2022-09-03,03,KERNOIL_1_N001,KERNOIL_1_N001,KERNOIL_1_N001,RTPD,MCE,LMP_ENE_PRC,KERNOIL_1_N001,ALL,1,78.67165,3,143
2022-09-03T10:30:00-00:00,2022-09-03T10:45:00-00:00,2022-09-03,04,KERNOIL_1_N001,KERNOIL_1_N001,KERNOIL_1_N001,RTPD,MCE,LMP_ENE_PRC,KERNOIL_1_N001,ALL,1,74.63704,3,143
2022-09-03T11:30:00-00:00,2022-09-03T11:45:00-00:00,2022-09-03,05,KERNOIL_1_N001,KERNOIL_1_N001,KERNOIL_1_N001,RTPD,MCE,LMP_ENE_PRC,KERNOIL_1_N001,ALL,1,72.79705,3,143
2022-09-03T12:30:00-00:00,2022-09-03T12:45:00-00:00,2022-09-03,06,KERNOIL_1_N001,KERNOIL_1_N001,KERNOIL_1_N001,RTPD,MCE,LMP_ENE_PRC,KERNOIL_1_N001,ALL,1,71.64459,3,143
2022-09-03T13:30:00-00:00,2022-09-03T13:45:00-00:00,2022-09-03,07,KERNOIL_1_N001,KERNOIL_1_N001,KERNOIL_1_N001,RTPD,MCE,LMP_ENE_PRC,KERNOIL_1_N001,ALL,1,58.60193,3,143
2022-09-03T14:30:00-00:00,2022-09-03T14:45:00-00:00,2022-09-03,08,KERNOIL_1_N001,KERNOIL_1_N001,KERNOIL_1_N001,RTPD,MCE,LMP_ENE_PRC,KERNOIL_1_N001,ALL,1,35.09087,3,143
2022-09-03T15:30:00-00:00,2022-09-03T15:45:00-00:00,2022-09-03,09,KERNOIL_1_N001,KERNOIL_1_N001,KERNOIL_1_N001,RTPD,MCE,LMP_ENE_PRC,KERNOIL_1_N001,ALL,1,24.86074,3,143
2022-09-03T16:30:00-00:00,2022-09-03T16:45:00-00:00,2022-09-03,10,KERNOIL_1_N001,KERNOIL_1_N001,KERNOIL_1_N001,RTPD,MCE,LMP_ENE_PRC,KERNOIL_1_N001,ALL,1,27.53581,3,143
2022-09-03T17:30:00-00:00,2022-09-03T17:45:00-00:00,2022-09-03,11,KERNOIL_1_N001,KERNOIL_1_N001,KERNOIL_1_N001,RTPD,MCE,LMP_ENE_PRC,KERNOIL_1_N001,ALL,1,63.76433,3,143
2022-09-03T18:30:00-00:00,2022-09-03T18:45:00-00:00,2022-09-03,12,KERNOIL_1_N001,KERNOIL_1_N001,KERNOIL_1_N001,RTPD,MCE,LMP_ENE_PRC,KERNOIL_1_N001,ALL,1,73.72509,3,143
2022-09-03T19:30:00-00:00,2022-09-03T19:45:00-00:00,2022-09-03,13,KERNOIL_1_N001,KERNOIL_1_N001,KERNOIL_1_N001,RTPD,MCE,LMP_ENE_PRC,KERNOIL_1_N001,ALL,1,70.11451,3,143
2022-09-03T20:30:00-00:00,2022-09-03T20:45:00-00:00,2022-09-03,14,KERNOIL_1_N001,KERNOIL_1_N001,KERNOIL_1_N001,RTPD,MCE,LMP_ENE_PRC,KERNOIL_1_N001,ALL,1,64.79179,3,143
2022-09-03T21:30:00-00:00,2022-09-03T21:45:00-00:00,2022-09-03,15,KERNOIL_1_N001,KERNOIL_1_N001,KERNOIL_1_N001,RTPD,MCE,LMP_ENE_PRC,KERNOIL_1_N001,ALL,1,59.9647,3,143
2022-09-03T22:30:00-00:00,2022-09-03T22:45:00-00:00,2022-09-03,16,KERNOIL_1_N001,KERNOIL_1_N001,KERNOIL_1_N001,RTPD,MCE,LMP_ENE_PRC,KERNOIL_1_N001,ALL,1,91.4901,3,143
2022-09-03T23:30:00-00:00,2022-09-03T23:45:00-00:00,2022-09-03,17,KERNOIL_1_N001,KERNOIL_1_N001,KERNOIL_1_N001,RTPD,MCE,LMP_ENE_PRC,KERNOIL_1_N001,ALL,1,93.43303,3,143
2022-09-04T00:30:00-00:00,2022-09-04T00:45:00-00:00,2022-09-03,18,KERNOIL_1_N001,KERNOIL_1_N001,KERNOIL_1_N001,RTPD,MCE,LMP_ENE_PRC,KERNOIL_1_N001,ALL,1,123.47544,3,143
2022-09-04T01:30:00-00:00,2022-09-04T01:45:00-00:00,2022-09-03,19,KERNOIL_1_N001,KERNOIL_1_N001,KERNOIL_1_N001,RTPD,MCE,LMP_ENE_PRC,KERNOIL_1_N001,ALL,1,393.41373,3,143
2022-09-04T02:30:00-00:00,2022-09-04T02:45:00-00:00,2022-09-03,20,KERNOIL_1_N001,KERNOIL_1_N001,KERNOIL_1_N001,RTPD,MCE,LMP_ENE_PRC,KERNOIL_1_N001,ALL,1,116.43634,3,143
2022-09-04T03:30:00-00:00,2022-09-04T03:45:00-00:00,2022-09-03,21,KERNOIL_1_N001,KERNOIL_1_N001,KERNOIL_1_N001,RTPD,MCE,LMP_ENE_PRC,KERNOIL_1_N001,ALL,1,91.11213,3,143
2022-09-04T04:30:00-00:00,2022-09-04T04:45:00-00:00,2022-09-03,22,KERNOIL_1_N001,KERNOIL_1_N001,KERNOIL_1_N001,RTPD,MCE,LMP_ENE_PRC,KERNOIL_1_N001,ALL,1,99.5048,3,143
2022-09-04T05:30:00-00:00,2022-09-04T05:45:00-00:00,2022-09-03,23,KERNOIL_1_N001,KERNOIL_1_N001,KERNOIL_1_N001,RTPD,MCE,LMP_ENE_PRC,KERNOIL_1_N001,ALL,1,112.62845,3,143
2022-09-04T06:30:00-00:00,2022-09-04T06:45:00-00:00,2022-09-03,24,KERNOIL_1_N001,KERNOIL_1_N001,KERNOIL_1_N001,RTPD,MCE,LMP_ENE_PRC,KERNOIL_1_N001,ALL,1,93.24175,3,143
2022-09-03T07:45:00-00:00,2022-09-03T08:00:00-00:00,2022-09-03,01,KERNOIL_1_N001,KERNOIL_1_N001,KERNOIL_1_N001,RTPD,MCE,LMP_ENE_PRC,KERNOIL_1_N001,ALL,1,83.53218,4,143
2022-09-03T08:45:00-00:00,2022-09-03T09:00:00-00:00,2022-09-03,02,KERNOIL_1_N001,KERNOIL_1_N001,KERNOIL_1_N001,RTPD,MCE,LMP_ENE_PRC,KERNOIL_1_N001,ALL,1,82.09146,4,143
2022-09-03T09:45:00-00:00,2022-09-03T10:00:00-00:00,2022-09-03,03,KERNOIL_1_N001,KERNOIL_1_N001,KERNOIL_1_N001,RTPD,MCE,LMP_ENE_PRC,KERNOIL_1_N001,ALL,1,74.61678,4,143
2022-09-03T10:45:00-00:00,2022-09-03T11:00:00-00:00,2022-09-03,04,KERNOIL_1_N001,KERNOIL_1_N001,KERNOIL_1_N001,RTPD,MCE,LMP_ENE_PRC,KERNOIL_1_N001,ALL,1,78.59346,4,143
2022-09-03T11:45:00-00:00,2022-09-03T12:00:00-00:00,2022-09-03,05,KERNOIL_1_N001,KERNOIL_1_N001,KERNOIL_1_N001,RTPD,MCE,LMP_ENE_PRC,KERNOIL_1_N001,ALL,1,69.7597,4,143
2022-09-03T12:45:00-00:00,2022-09-03T13:00:00-00:00,2022-09-03,06,KERNOIL_1_N001,KERNOIL_1_N001,KERNOIL_1_N001,RTPD,MCE,LMP_ENE_PRC,KERNOIL_1_N001,ALL,1,67.86831,4,143
2022-09-03T13:45:00-00:00,2022-09-03T14:00:00-00:00,2022-09-03,07,KERNOIL_1_N001,KERNOIL_1_N001,KERNOIL_1_N001,RTPD,MCE,LMP_ENE_PRC,KERNOIL_1_N001,ALL,1,46.5703,4,143
2022-09-03T14:45:00-00:00,2022-09-03T15:00:00-00:00,2022-09-03,08,KERNOIL_1_N001,KERNOIL_1_N001,KERNOIL_1_N001,RTPD,MCE,LMP_ENE_PRC,KERNOIL_1_N001,ALL,1,21.24877,4,143
2022-09-03T15:45:00-00:00,2022-09-03T16:00:00-00:00,2022-09-03,09,KERNOIL_1_N001,KERNOIL_1_N001,KERNOIL_1_N001,RTPD,MCE,LMP_ENE_PRC,KERNOIL_1_N001,ALL,1,23.18314,4,143
2022-09-03T16:45:00-00:00,2022-09-03T17:00:00-00:00,2022-09-03,10,KERNOIL_1_N001,KERNOIL_1_N001,KERNOIL_1_N001,RTPD,MCE,LMP_ENE_PRC,KERNOIL_1_N001,ALL,1,46.59203,4,143
2022-09-03T17:45:00-00:00,2022-09-03T18:00:00-00:00,2022-09-03,11,KERNOIL_1_N001,KERNOIL_1_N001,KERNOIL_1_N001,RTPD,MCE,LMP_ENE_PRC,KERNOIL_1_N001,ALL,1,70.00191,4,143
2022-09-03T18:45:00-00:00,2022-09-03T19:00:00-00:00,2022-09-03,12,KERNOIL_1_N001,KERNOIL_1_N001,KERNOIL_1_N001,RTPD,MCE,LMP_ENE_PRC,KERNOIL_1_N001,ALL,1,73.13248,4,143
2022-09-03T19:45:00-00:00,2022-09-03T20:00:00-00:00,2022-09-03,13,KERNOIL_1_N001,KERNOIL_1_N001,KERNOIL_1_N001,RTPD,MCE,LMP_ENE_PRC,KERNOIL_1_N001,ALL,1,73.69349,4,143
2022-09-03T20:45:00-00:00,2022-09-03T21:00:00-00:00,2022-09-03,14,KERNOIL_1_N001,KERNOIL_1_N001,KERNOIL_1_N001,RTPD,MCE,LMP_ENE_PRC,KERNOIL_1_N001,ALL,1,63.90304,4,143
2022-09-03T21:45:00-00:00,2022-09-03T22:00:00-00:00,2022-09-03,15,KERNOIL_1_N001,KERNOIL_1_N001,KERNOIL_1_N001,RTPD,MCE,LMP_ENE_PRC,KERNOIL_1_N001,ALL,1,66.4579,4,143
2022-09-03T22:45:00-00:00,2022-09-03T23:00:00-00:00,2022-09-03,16,KERNOIL_1_N001,KERNOIL_1_N001,KERNOIL_1_N001,RTPD,MCE,LMP_ENE_PRC,KERNOIL_1_N001,ALL,1,118.26591,4,143
2022-09-03T23:45:00-00:00,2022-09-04T00:00:00-00:00,2022-09-03,17,KERNOIL_1_N001,KERNOIL_1_N001,KERNOIL_1_N001,RTPD,MCE,LMP_ENE_PRC,KERNOIL_1_N001,ALL,1,116.80928,4,143
2022-09-04T00:45:00-00:00,2022-09-04T01:00:00-00:00,2022-09-03,18,KERNOIL_1_N001,KERNOIL_1_N001,KERNOIL_1_N001,RTPD,MCE,LMP_ENE_PRC,KERNOIL_1_N001,ALL,1,258.08282,4,143
2022-09-04T01:45:00-00:00,2022-09-04T02:00:00-00:00,2022-09-03,19,KERNOIL_1_N001,KERNOIL_1_N001,KERNOIL_1_N001,RTPD,MCE,LMP_ENE_PRC,KERNOIL_1_N001,ALL,1,349.2899,4,143
2022-09-04T02:45:00-00:00,2022-09-04T03:00:00-00:00,2022-09-03,20,KERNOIL_1_N001,KERNOIL_1_N001,KERNOIL_1_N001,RTPD,MCE,LMP_ENE_PRC,KERNOIL_1_N001,ALL,1,126.7922,4,143
2022-09-04T03:45:00-00:00,2022-09-04T04:00:00-00:00,2022-09-03,21,KERNOIL_1_N001,KERNOIL_1_N001,KERNOIL_1_N001,RTPD,MCE,LMP_ENE_PRC,KERNOIL_1_N001,ALL,1,83.08399,4,143
2022-09-04T04:45:00-00:00,2022-09-04T05:00:00-00:00,2022-09-03,22,KERNOIL_1_N001,KERNOIL_1_N001,KERNOIL_1_N001,RTPD,MCE,LMP_ENE_PRC,KERNOIL_1_N001,ALL,1,92.33352,4,143
2022-09-04T05:45:00-00:00,2022-09-04T06:00:00-00:00,2022-09-03,23,KERNOIL_1_N001,KERNOIL_1_N001,KERNOIL_1_N001,RTPD,MCE,LMP_ENE_PRC,KERNOIL_1_N001,ALL,1,99.18602,4,143
2022-09-04T06:45:00-00:00,2022-09-04T07:00:00-00:00,2022-09-03,24,KERNOIL_1_N001,KERNOIL_1_N001,KERNOIL_1_N001,RTPD,MCE,LMP_ENE_PRC,KERNOIL_1_N001,ALL,1,85.94384,4,143
2022-09-03T07:00:00-00:00,2022-09-03T07:15:00-00:00,2022-09-03,01,KERNOIL_1_N001,KERNOIL_1_N001,KERNOIL_1_N001,RTPD,MCL,LMP_LOSS_PRC,KERNOIL_1_N001,ALL,1,6.28421,1,144
2022-09-03T08:00:00-00:00,2022-09-03T08:15:00-00:00,2022-09-03,02,KERNOIL_1_N001,KERNOIL_1_N001,KERNOIL_1_N001,RTPD,MCL,LMP_LOSS_PRC,KERNOIL_1_N001,ALL,1,0,1,144
2022-09-03T09:00:00-00:00,2022-09-03T09:15:00-00:00,2022-09-03,03,KERNOIL_1_N001,KERNOIL_1_N001,KERNOIL_1_N001,RTPD,MCL,LMP_LOSS_PRC,KERNOIL_1_N001,ALL,1,0,1,144
2022-09-03T10:00:00-00:00,2022-09-03T10:15:00-00:00,2022-09-03,04,KERNOIL_1_N001,KERNOIL_1_N001,KERNOIL_1_N001,RTPD,MCL,LMP_LOSS_PRC,KERNOIL_1_N001,ALL,1,0,1,144
2022-09-03T11:00:00-00:00,2022-09-03T11:15:00-00:00,2022-09-03,05,KERNOIL_1_N001,KERNOIL_1_N001,KERNOIL_1_N001,RTPD,MCL,LMP_LOSS_PRC,KERNOIL_1_N001,ALL,1,0,1,144
2022-09-03T12:00:00-00:00,2022-09-03T12:15:00-00:00,2022-09-03,06,KERNOIL_1_N001,KERNOIL_1_N001,KERNOIL_1_N001,RTPD,MCL,LMP_LOSS_PRC,KERNOIL_1_N001,ALL,1,0,1,144
2022-09-03T13:00:00-00:00,2022-09-03T13:15:00-00:00,2022-09-03,07,KERNOIL_1_N001,KERNOIL_1_N001,KERNOIL_1_N001,RTPD,MCL,LMP_LOSS_PRC,KERNOIL_1_N001,ALL,1,0,1,144
2022-09-03T14:00:00-00:00,2022-09-03T14:15:00-00:00,2022-09-03,08,KERNOIL_1_N001,KERNOIL_1_N001,KERNOIL_1_N001,RTPD,MCL,LMP_LOSS_PRC,KERNOIL_1_N001,ALL,1,0,1,144
2022-09-03T15:00:00-00:00,2022-09-03T15:15:00-00:00,2022-09-03,09,KERNOIL_1_N001,KERNOIL_1_N001,KERNOIL_1_N001,RTPD,MCL,LMP_LOSS_PRC,KERNOIL_1_N001,ALL,1,1.33289,1,144
2022-09-03T16:00:00-00:00,2022-09-03T16:15:00-00:00,2022-09-03,10,KERNOIL_1_N001,KERNOIL_1_N001,KERNOIL_1_N001,RTPD,MCL,LMP_LOSS_PRC,KERNOIL_1_N001,ALL,1,0.92278,1,144
2022-09-03T17:00:00-00:00,2022-09-03T17:15:00-00:00,2022-09-03,11,KERNOIL_1_N001,KERNOIL_1_N001,KERNOIL_1_N001,RTPD,MCL,LMP_LOSS_PRC,KERNOIL_1_N001,ALL,1,1.68347,1,144
2022-09-03T18:00:00-00:00,2022-09-03T18:15:00-00:00,2022-09-03,12,KERNOIL_1_N001,KERNOIL_1_N001,KERNOIL_1_N001,RTPD,MCL,LMP_LOSS_PRC,KERNOIL_1_N001,ALL,1,2.50167,1,144
2022-09-03T19:00:00-00:00,2022-09-03T19:15:00-00:00,2022-09-03,13,KERNOIL_1_N001,KERNOIL_1_N001,KERNOIL_1_N001,RTPD,MCL,LMP_LOSS_PRC,KERNOIL_1_N001,ALL,1,2.1114,1,144
2022-09-03T20:00:00-00:00,2022-09-03T20:15:00-00:00,2022-09-03,14,KERNOIL_1_N001,KERNOIL_1_N001,KERNOIL_1_N001,RTPD,MCL,LMP_LOSS_PRC,KERNOIL_1_N001,ALL,1,2.6155,1,144
2022-09-03T21:00:00-00:00,2022-09-03T21:15:00-00:00,2022-09-03,15,KERNOIL_1_N001,KERNOIL_1_N001,KERNOIL_1_N001,RTPD,MCL,LMP_LOSS_PRC,KERNOIL_1_N001,ALL,1,1.94357,1,144
2022-09-03T22:00:00-00:00,2022-09-03T22:15:00-00:00,2022-09-03,16,KERNOIL_1_N001,KERNOIL_1_N001,KERNOIL_1_N001,RTPD,MCL,LMP_LOSS_PRC,KERNOIL_1_N001,ALL,1,2.01742,1,144
2022-09-03T23:00:00-00:00,2022-09-03T23:15:00-00:00,2022-09-03,17,KERNOIL_1_N001,KERNOIL_1_N001,KERNOIL_1_N001,RTPD,MCL,LMP_LOSS_PRC,KERNOIL_1_N001,ALL,1,3.37819,1,144
2022-09-04T00:00:00-00:00,2022-09-04T00:15:00-00:00,2022-09-03,18,KERNOIL_1_N001,KERNOIL_1_N001,KERNOIL_1_N001,RTPD,MCL,LMP_LOSS_PRC,KERNOIL_1_N001,ALL,1,6.15047,1,144
2022-09-04T01:00:00-00:00,2022-09-04T01:15:00-00:00,2022-09-03,19,KERNOIL_1_N001,KERNOIL_1_N001,KERNOIL_1_N001,RTPD,MCL,LMP_LOSS_PRC,KERNOIL_1_N001,ALL,1,10.91958,1,144
2022-09-04T02:00:00-00:00,2022-09-04T02:15:00-00:00,2022-09-03,20,KERNOIL_1_N001,KERNOIL_1_N001,KERNOIL_1_N001,RTPD,MCL,LMP_LOSS_PRC,KERNOIL_1_N001,ALL,1,8.04249,1,144
2022-09-04T03:00:00-00:00,2022-09-04T03:15:00-00:00,2022-09-03,21,KERNOIL_1_N001,KERNOIL_1_N001,KERNOIL_1_N001,RTPD,MCL,LMP_LOSS_PRC,KERNOIL_1_N001,ALL,1,8.12431,1,144
2022-09-04T04:00:00-00:00,2022-09-04T04:15:00-00:00,2022-09-03,22,KERNOIL_1_N001,KERNOIL_1_N001,KERNOIL_1_N001,RTPD,MCL,LMP_LOSS_PRC,KERNOIL_1_N001,ALL,1,8.17584,1,144
2022-09-04T05:00:00-00:00,2022-09-04T05:15:00-00:00,2022-09-03,23,KERNOIL_1_N001,KERNOIL_1_N001,KERNOIL_1_N001,RTPD,MCL,LMP_LOSS_PRC,KERNOIL_1_N001,ALL,1,9.67016,1,144
2022-09-04T06:00:00-00:00,2022-09-04T06:15:00-00:00,2022-09-03,24,KERNOIL_1_N001,KERNOIL_1_N001,KERNOIL_1_N001,RTPD,MCL,LMP_LOSS_PRC,KERNOIL_1_N001,ALL,1,8.68655,1,144
2022-09-03T07:15:00-00:00,2022-09-03T07:30:00-00:00,2022-09-03,01,KERNOIL_1_N001,KERNOIL_1_N001,KERNOIL_1_N001,RTPD,MCL,LMP_LOSS_PRC,KERNOIL_1_N001,ALL,1,6.23781,2,144
2022-09-03T08:15:00-00:00,2022-09-03T08:30:00-00:00,2022-09-03,02,KERNOIL_1_N001,KERNOIL_1_N001,KERNOIL_1_N001,RTPD,MCL,LMP_LOSS_PRC,KERNOIL_1_N001,ALL,1,0,2,144
2022-09-03T09:15:00-00:00,2022-09-03T09:30:00-00:00,2022-09-03,03,KERNOIL_1_N001,KERNOIL_1_N001,KERNOIL_1_N001,RTPD,MCL,LMP_LOSS_PRC,KERNOIL_1_N001,ALL,1,0,2,144
2022-09-03T10:15:00-00:00,2022-09-03T10:30:00-00:00,2022-09-03,04,KERNOIL_1_N001,KERNOIL_1_N001,KERNOIL_1_N001,RTPD,MCL,LMP_LOSS_PRC,KERNOIL_1_N001,ALL,1,0,2,144
2022-09-03T11:15:00-00:00,2022-09-03T11:30:00-00:00,2022-09-03,05,KERNOIL_1_N001,KERNOIL_1_N001,KERNOIL_1_N001,RTPD,MCL,LMP_LOSS_PRC,KERNOIL_1_N001,ALL,1,0,2,144
2022-09-03T12:15:00-00:00,2022-09-03T12:30:00-00:00,2022-09-03,06,KERNOIL_1_N001,KERNOIL_1_N001,KERNOIL_1_N001,RTPD,MCL,LMP_LOSS_PRC,KERNOIL_1_N001,ALL,1,0,2,144
2022-09-03T13:15:00-00:00,2022-09-03T13:30:00-00:00,2022-09-03,07,KERNOIL_1_N001,KERNOIL_1_N001,KERNOIL_1_N001,RTPD,MCL,LMP_LOSS_PRC,KERNOIL_1_N001,ALL,1,0,2,144
2022-09-03T14:15:00-00:00,2022-09-03T14:30:00-00:00,2022-09-03,08,KERNOIL_1_N001,KERNOIL_1_N001,KERNOIL_1_N001,RTPD,MCL,LMP_LOSS_PRC,KERNOIL_1_N001,ALL,1,0,2,144
2022-09-03T15:15:00-00:00,2022-09-03T15:30:00-00:00,2022-09-03,09,KERNOIL_1_N001,KERNOIL_1_N001,KERNOIL_1_N001,RTPD,MCL,LMP_LOSS_PRC,KERNOIL_1_N001,ALL,1,1.13811,2,144
2022-09-03T16:15:00-00:00,2022-09-03T16:30:00-00:00,2022-09-03,10,KERNOIL_1_N001,KERNOIL_1_N001,KERNOIL_1_N001,RTPD,MCL,LMP_LOSS_PRC,KERNOIL_1_N001,ALL,1,0.80247,2,144
2022-09-03T17:15:00-00:00,2022-09-03T17:30:00-00:00,2022-09-03,11,KERNOIL_1_N001,KERNOIL_1_N001,KERNOIL_1_N001,RTPD,MCL,LMP_LOSS_PRC,KERNOIL_1_N001,ALL,1,2.2227,2,144
2022-09-03T18:15:00-00:00,2022-09-03T18:30:00-00:00,2022-09-03,12,KERNOIL_1_N001,KERNOIL_1_N001,KERNOIL_1_N001,RTPD,MCL,LMP_LOSS_PRC,KERNOIL_1_N001,ALL,1,2.59772,2,144
2022-09-03T19:15:00-00:00,2022-09-03T19:30:00-00:00,2022-09-03,13,KERNOIL_1_N001,KERNOIL_1_N001,KERNOIL_1_N001,RTPD,MCL,LMP_LOSS_PRC,KERNOIL_1_N001,ALL,1,2.31205,2,144
2022-09-03T20:15:00-00:00,2022-09-03T20:30:00-00:00,2022-09-03,14,KERNOIL_1_N001,KERNOIL_1_N001,KERNOIL_1_N001,RTPD,MCL,LMP_LOSS_PRC,KERNOIL_1_N001,ALL,1,2.66525,2,144
2022-09-03T21:15:00-00:00,2022-09-03T21:30:00-00:00,2022-09-03,15,KERNOIL_1_N001,KERNOIL_1_N001,KERNOIL_1_N001,RTPD,MCL,LMP_LOSS_PRC,KERNOIL_1_N001,ALL,1,2.19349,2,144
2022-09-03T22:15:00-00:00,2022-09-03T22:30:00-00:00,2022-09-03,16,KERNOIL_1_N001,KERNOIL_1_N001,KERNOIL_1_N001,RTPD,MCL,LMP_LOSS_PRC,KERNOIL_1_N001,ALL,1,2.46846,2,144
2022-09-03T23:15:00-00:00,2022-09-03T23:30:00-00:00,2022-09-03,17,KERNOIL_1_N001,KERNOIL_1_N001,KERNOIL_1_N001,RTPD,MCL,LMP_LOSS_PRC,KERNOIL_1_N001,ALL,1,4.1814,2,144
2022-09-04T00:15:00-00:00,2022-09-04T00:30:00-00:00,2022-09-03,18,KERNOIL_1_N001,KERNOIL_1_N001,KERNOIL_1_N001,RTPD,MCL,LMP_LOSS_PRC,KERNOIL_1_N001,ALL,1,6.86782,2,144
2022-09-04T01:15:00-00:00,2022-09-04T01:30:00-00:00,2022-09-03,19,KERNOIL_1_N001,KERNOIL_1_N001,KERNOIL_1_N001,RTPD,MCL,LMP_LOSS_PRC,KERNOIL_1_N001,ALL,1,14.6018,2,144
2022-09-04T02:15:00-00:00,2022-09-04T02:30:00-00:00,2022-09-03,20,KERNOIL_1_N001,KERNOIL_1_N001,KERNOIL_1_N001,RTPD,MCL,LMP_LOSS_PRC,KERNOIL_1_N001,ALL,1,9.22748,2,144
2022-09-04T03:15:00-00:00,2022-09-04T03:30:00-00:00,2022-09-03,21,KERNOIL_1_N001,KERNOIL_1_N001,KERNOIL_1_N001,RTPD,MCL,LMP_LOSS_PRC,KERNOIL_1_N001,ALL,1,6.85517,2,144
2022-09-04T04:15:00-00:00,2022-09-04T04:30:00-00:00,2022-09-03,22,KERNOIL_1_N001,KERNOIL_1_N001,KERNOIL_1_N001,RTPD,MCL,LMP_LOSS_PRC,KERNOIL_1_N001,ALL,1,8.3304,2,144
2022-09-04T05:15:00-00:00,2022-09-04T05:30:00-00:00,2022-09-03,23,KERNOIL_1_N001,KERNOIL_1_N001,KERNOIL_1_N001,RTPD,MCL,LMP_LOSS_PRC,KERNOIL_1_N001,ALL,1,9.01989,2,144
2022-09-04T06:15:00-00:00,2022-09-04T06:30:00-00:00,2022-09-03,24,KERNOIL_1_N001,KERNOIL_1_N001,KERNOIL_1_N001,RTPD,MCL,LMP_LOSS_PRC,KERNOIL_1_N001,ALL,1,7.86588,2,144
2022-09-03T07:30:00-00:00,2022-09-03T07:45:00-00:00,2022-09-03,01,KERNOIL_1_N001,KERNOIL_1_N001,KERNOIL_1_N001,RTPD,MCL,LMP_LOSS_PRC,KERNOIL_1_N001,ALL,1,6.01906,3,144
2022-09-03T08:30:00-00:00,2022-09-03T08:45:00-00:00,2022-09-03,02,KERNOIL_1_N001,KERNOIL_1_N001,KERNOIL_1_N001,RTPD,MCL,LMP_LOSS_PRC,KERNOIL_1_N001,ALL,1,0,3,144
2022-09-03T09:30:00-00:00,2022-09-03T09:45:00-00:00,2022-09-03,03,KERNOIL_1_N001,KERNOIL_1_N001,KERNOIL_1_N001,RTPD,MCL,LMP_LOSS_PRC,KERNOIL_1_N001,ALL,1,0,3,144
2022-09-03T10:30:00-00:00,2022-09-03T10:45:00-00:00,2022-09-03,04,KERNOIL_1_N001,KERNOIL_1_N001,KERNOIL_1_N001,RTPD,MCL,LMP_LOSS_PRC,KERNOIL_1_N001,ALL,1,0,3,144
2022-09-03T11:30:00-00:00,2022-09-03T11:45:00-00:00,2022-09-03,05,KERNOIL_1_N001,KERNOIL_1_N001,KERNOIL_1_N001,RTPD,MCL,LMP_LOSS_PRC,KERNOIL_1_N001,ALL,1,0,3,144
2022-09-03T12:30:00-00:00,2022-09-03T12:45:00-00:00,2022-09-03,06,KERNOIL_1_N001,KERNOIL_1_N001,KERNOIL_1_N001,RTPD,MCL,LMP_LOSS_PRC,KERNOIL_1_N001,ALL,1,0,3,144
2022-09-03T13:30:00-00:00,2022-09-03T13:45:00-00:00,2022-09-03,07,KERNOIL_1_N001,KERNOIL_1_N001,KERNOIL_1_N001,RTPD,MCL,LMP_LOSS_PRC,KERNOIL_1_N001,ALL,1,0,3,144
2022-09-03T14:30:00-00:00,2022-09-03T14:45:00-00:00,2022-09-03,08,KERNOIL_1_N001,KERNOIL_1_N001,KERNOIL_1_N001,RTPD,MCL,LMP_LOSS_PRC,KERNOIL_1_N001,ALL,1,0,3,144
2022-09-03T15:30:00-00:00,2022-09-03T15:45:00-00:00,2022-09-03,09,KERNOIL_1_N001,KERNOIL_1_N001,KERNOIL_1_N001,RTPD,MCL,LMP_LOSS_PRC,KERNOIL_1_N001,ALL,1,0.82538,3,144
2022-09-03T16:30:00-00:00,2022-09-03T16:45:00-00:00,2022-09-03,10,KERNOIL_1_N001,KERNOIL_1_N001,KERNOIL_1_N001,RTPD,MCL,LMP_LOSS_PRC,KERNOIL_1_N001,ALL,1,0.67463,3,144
2022-09-03T17:30:00-00:00,2022-09-03T17:45:00-00:00,2022-09-03,11,KERNOIL_1_N001,KERNOIL_1_N001,KERNOIL_1_N001,RTPD,MCL,LMP_LOSS_PRC,KERNOIL_1_N001,ALL,1,2.18712,3,144
2022-09-03T18:30:00-00:00,2022-09-03T18:45:00-00:00,2022-09-03,12,KERNOIL_1_N001,KERNOIL_1_N001,KERNOIL_1_N001,RTPD,MCL,LMP_LOSS_PRC,KERNOIL_1_N001,ALL,1,2.75732,3,144
2022-09-03T19:30:00-00:00,2022-09-03T19:45:00-00:00,2022-09-03,13,KERNOIL_1_N001,KERNOIL_1_N001,KERNOIL_1_N001,RTPD,MCL,LMP_LOSS_PRC,KERNOIL_1_N001,ALL,1,0,3,144
2022-09-03T20:30:00-00:00,2022-09-03T20:45:00-00:00,2022-09-03,14,KERNOIL_1_N001,KERNOIL_1_N001,KERNOIL_1_N001,RTPD,MCL,LMP_LOSS_PRC,KERNOIL_1_N001,ALL,1,2.72126,3,144
2022-09-03T21:30:00-00:00,2022-09-03T21:45:00-00:00,2022-09-03,15,KERNOIL_1_N001,KERNOIL_1_N001,KERNOIL_1_N001,RTPD,MCL,LMP_LOSS_PRC,KERNOIL_1_N001,ALL,1,2.41058,3,144
2022-09-03T22:30:00-00:00,2022-09-03T22:45:00-00:00,2022-09-03,16,KERNOIL_1_N001,KERNOIL_1_N001,KERNOIL_1_N001,RTPD,MCL,LMP_LOSS_PRC,KERNOIL_1_N001,ALL,1,4.81238,3,144
2022-09-03T23:30:00-00:00,2022-09-03T23:45:00-00:00,2022-09-03,17,KERNOIL_1_N001,KERNOIL_1_N001,KERNOIL_1_N001,RTPD,MCL,LMP_LOSS_PRC,KERNOIL_1_N001,ALL,1,4.61559,3,144
2022-09-04T00:30:00-00:00,2022-09-04T00:45:00-00:00,2022-09-03,18,KERNOIL_1_N001,KERNOIL_1_N001,KERNOIL_1_N001,RTPD,MCL,LMP_LOSS_PRC,KERNOIL_1_N001,ALL,1,8.81615,3,144
2022-09-04T01:30:00-00:00,2022-09-04T01:45:00-00:00,2022-09-03,19,KERNOIL_1_N001,KERNOIL_1_N001,KERNOIL_1_N001,RTPD,MCL,LMP_LOSS_PRC,KERNOIL_1_N001,ALL,1,28.0504,3,144
2022-09-04T02:30:00-00:00,2022-09-04T02:45:00-00:00,2022-09-03,20,KERNOIL_1_N001,KERNOIL_1_N001,KERNOIL_1_N001,RTPD,MCL,LMP_LOSS_PRC,KERNOIL_1_N001,ALL,1,8.26698,3,144
2022-09-04T03:30:00-00:00,2022-09-04T03:45:00-00:00,2022-09-03,21,KERNOIL_1_N001,KERNOIL_1_N001,KERNOIL_1_N001,RTPD,MCL,LMP_LOSS_PRC,KERNOIL_1_N001,ALL,1,6.37785,3,144
2022-09-04T04:30:00-00:00,2022-09-04T04:45:00-00:00,2022-09-03,22,KERNOIL_1_N001,KERNOIL_1_N001,KERNOIL_1_N001,RTPD,MCL,LMP_LOSS_PRC,KERNOIL_1_N001,ALL,1,7.76137,3,144
2022-09-04T05:30:00-00:00,2022-09-04T05:45:00-00:00,2022-09-03,23,KERNOIL_1_N001,KERNOIL_1_N001,KERNOIL_1_N001,RTPD,MCL,LMP_LOSS_PRC,KERNOIL_1_N001,ALL,1,8.53724,3,144
2022-09-04T06:30:00-00:00,2022-09-04T06:45:00-00:00,2022-09-03,24,KERNOIL_1_N001,KERNOIL_1_N001,KERNOIL_1_N001,RTPD,MCL,LMP_LOSS_PRC,KERNOIL_1_N001,ALL,1,7.57123,3,144
2022-09-03T07:45:00-00:00,2022-09-03T08:00:00-00:00,2022-09-03,01,KERNOIL_1_N001,KERNOIL_1_N001,KERNOIL_1_N001,RTPD,MCL,LMP_LOSS_PRC,KERNOIL_1_N001,ALL,1,0,4,144
2022-09-03T08:45:00-00:00,2022-09-03T09:00:00-00:00,2022-09-03,02,KERNOIL_1_N001,KERNOIL_1_N001,KERNOIL_1_N001,RTPD,MCL,LMP_LOSS_PRC,KERNOIL_1_N001,ALL,1,6.05835,4,144
2022-09-03T09:45:00-00:00,2022-09-03T10:00:00-00:00,2022-09-03,03,KERNOIL_1_N001,KERNOIL_1_N001,KERNOIL_1_N001,RTPD,MCL,LMP_LOSS_PRC,KERNOIL_1_N001,ALL,1,5.41718,4,144
2022-09-03T10:45:00-00:00,2022-09-03T11:00:00-00:00,2022-09-03,04,KERNOIL_1_N001,KERNOIL_1_N001,KERNOIL_1_N001,RTPD,MCL,LMP_LOSS_PRC,KERNOIL_1_N001,ALL,1,5.21861,4,144
2022-09-03T11:45:00-00:00,2022-09-03T12:00:00-00:00,2022-09-03,05,KERNOIL_1_N001,KERNOIL_1_N001,KERNOIL_1_N001,RTPD,MCL,LMP_LOSS_PRC,KERNOIL_1_N001,ALL,1,5.35057,4,144
2022-09-03T12:45:00-00:00,2022-09-03T13:00:00-00:00,2022-09-03,06,KERNOIL_1_N001,KERNOIL_1_N001,KERNOIL_1_N001,RTPD,MCL,LMP_LOSS_PRC,KERNOIL_1_N001,ALL,1,5.33445,4,144
2022-09-03T13:45:00-00:00,2022-09-03T14:00:00-00:00,2022-09-03,07,KERNOIL_1_N001,KERNOIL_1_N001,KERNOIL_1_N001,RTPD,MCL,LMP_LOSS_PRC,KERNOIL_1_N001,ALL,1,3.707,4,144
2022-09-03T14:45:00-00:00,2022-09-03T15:00:00-00:00,2022-09-03,08,KERNOIL_1_N001,KERNOIL_1_N001,KERNOIL_1_N001,RTPD,MCL,LMP_LOSS_PRC,KERNOIL_1_N001,ALL,1,0,4,144
2022-09-03T15:45:00-00:00,2022-09-03T16:00:00-00:00,2022-09-03,09,KERNOIL_1_N001,KERNOIL_1_N001,KERNOIL_1_N001,RTPD,MCL,LMP_LOSS_PRC,KERNOIL_1_N001,ALL,1,0.80677,4,144
2022-09-03T16:45:00-00:00,2022-09-03T17:00:00-00:00,2022-09-03,10,KERNOIL_1_N001,KERNOIL_1_N001,KERNOIL_1_N001,RTPD,MCL,LMP_LOSS_PRC,KERNOIL_1_N001,ALL,1,1.13685,4,144
2022-09-03T17:45:00-00:00,2022-09-03T18:00:00-00:00,2022-09-03,11,KERNOIL_1_N001,KERNOIL_1_N001,KERNOIL_1_N001,RTPD,MCL,LMP_LOSS_PRC,KERNOIL_1_N001,ALL,1,2.28206,4,144
2022-09-03T18:45:00-00:00,2022-09-03T19:00:00-00:00,2022-09-03,12,KERNOIL_1_N001,KERNOIL_1_N001,KERNOIL_1_N001,RTPD,MCL,LMP_LOSS_PRC,KERNOIL_1_N001,ALL,1,0,4,144
2022-09-03T19:45:00-00:00,2022-09-03T20:00:00-00:00,2022-09-03,13,KERNOIL_1_N001,KERNOIL_1_N001,KERNOIL_1_N001,RTPD,MCL,LMP_LOSS_PRC,KERNOIL_1_N001,ALL,1,0,4,144
2022-09-03T20:45:00-00:00,2022-09-03T21:00:00-00:00,2022-09-03,14,KERNOIL_1_N001,KERNOIL_1_N001,KERNOIL_1_N001,RTPD,MCL,LMP_LOSS_PRC,KERNOIL_1_N001,ALL,1,2.45388,4,144
2022-09-03T21:45:00-00:00,2022-09-03T22:00:00-00:00,2022-09-03,15,KERNOIL_1_N001,KERNOIL_1_N001,KERNOIL_1_N001,RTPD,MCL,LMP_LOSS_PRC,KERNOIL_1_N001,ALL,1,2.32603,4,144
2022-09-03T22:45:00-00:00,2022-09-03T23:00:00-00:00,2022-09-03,16,KERNOIL_1_N001,KERNOIL_1_N001,KERNOIL_1_N001,RTPD,MCL,LMP_LOSS_PRC,KERNOIL_1_N001,ALL,1,4.28123,4,144
2022-09-03T23:45:00-00:00,2022-09-04T00:00:00-00:00,2022-09-03,17,KERNOIL_1_N001,KERNOIL_1_N001,KERNOIL_1_N001,RTPD,MCL,LMP_LOSS_PRC,KERNOIL_1_N001,ALL,1,5.34987,4,144
2022-09-04T00:45:00-00:00,2022-09-04T01:00:00-00:00,2022-09-03,18,KERNOIL_1_N001,KERNOIL_1_N001,KERNOIL_1_N001,RTPD,MCL,LMP_LOSS_PRC,KERNOIL_1_N001,ALL,1,0,4,144
2022-09-04T01:45:00-00:00,2022-09-04T02:00:00-00:00,2022-09-03,19,KERNOIL_1_N001,KERNOIL_1_N001,KERNOIL_1_N001,RTPD,MCL,LMP_LOSS_PRC,KERNOIL_1_N001,ALL,1,21.62104,4,144
2022-09-04T02:45:00-00:00,2022-09-04T03:00:00-00:00,2022-09-03,20,KERNOIL_1_N001,KERNOIL_1_N001,KERNOIL_1_N001,RTPD,MCL,LMP_LOSS_PRC,KERNOIL_1_N001,ALL,1,8.25417,4,144
2022-09-04T03:45:00-00:00,2022-09-04T04:00:00-00:00,2022-09-03,21,KERNOIL_1_N001,KERNOIL_1_N001,KERNOIL_1_N001,RTPD,MCL,LMP_LOSS_PRC,KERNOIL_1_N001,ALL,1,5.30907,4,144
2022-09-04T04:45:00-00:00,2022-09-04T05:00:00-00:00,2022-09-03,22,KERNOIL_1_N001,KERNOIL_1_N001,KERNOIL_1_N001,RTPD,MCL,LMP_LOSS_PRC,KERNOIL_1_N001,ALL,1,6.50028,4,144
2022-09-04T05:45:00-00:00,2022-09-04T06:00:00-00:00,2022-09-03,23,KERNOIL_1_N001,KERNOIL_1_N001,KERNOIL_1_N001,RTPD,MCL,LMP_LOSS_PRC,KERNOIL_1_N001,ALL,1,6.84384,4,144
2022-09-04T06:45:00-00:00,2022-09-04T07:00:00-00:00,2022-09-03,24,KERNOIL_1_N001,KERNOIL_1_N001,KERNOIL_1_N001,RTPD,MCL,LMP_LOSS_PRC,KERNOIL_1_N001,ALL,1,6.43719,4,144
2022-09-03T07:00:00-00:00,2022-09-03T07:15:00-00:00,2022-09-03,01,KERNOIL_1_N001,KERNOIL_1_N001,KERNOIL_1_N001,RTPD,MGHG,LMP_GHG_PRC,KERNOIL_1_N001,ALL,1,0,1,145
2022-09-03T08:00:00-00:00,2022-09-03T08:15:00-00:00,2022-09-03,02,KERNOIL_1_N001,KERNOIL_1_N001,KERNOIL_1_N001,RTPD,MGHG,LMP_GHG_PRC,KERNOIL_1_N001,ALL,1,0,1,145
2022-09-03T09:00:00-00:00,2022-09-03T09:15:00-00:00,2022-09-03,03,KERNOIL_1_N001,KERNOIL_1_N001,KERNOIL_1_N001,RTPD,MGHG,LMP_GHG_PRC,KERNOIL_1_N001,ALL,1,0,1,145
2022-09-03T10:00:00-00:00,2022-09-03T10:15:00-00:00,2022-09-03,04,KERNOIL_1_N001,KERNOIL_1_N001,KERNOIL_1_N001,RTPD,MGHG,LMP_GHG_PRC,KERNOIL_1_N001,ALL,1,0,1,145
2022-09-03T11:00:00-00:00,2022-09-03T11:15:00-00:00,2022-09-03,05,KERNOIL_1_N001,KERNOIL_1_N001,KERNOIL_1_N001,RTPD,MGHG,LMP_GHG_PRC,KERNOIL_1_N001,ALL,1,0,1,145
2022-09-03T12:00:00-00:00,2022-09-03T12:15:00-00:00,2022-09-03,06,KERNOIL_1_N001,KERNOIL_1_N001,KERNOIL_1_N001,RTPD,MGHG,LMP_GHG_PRC,KERNOIL_1_N001,ALL,1,0,1,145
2022-09-03T13:00:00-00:00,2022-09-03T13:15:00-00:00,2022-09-03,07,KERNOIL_1_N001,KERNOIL_1_N001,KERNOIL_1_N001,RTPD,MGHG,LMP_GHG_PRC,KERNOIL_1_N001,ALL,1,0,1,145
2022-09-03T14:00:00-00:00,2022-09-03T14:15:00-00:00,2022-09-03,08,KERNOIL_1_N001,KERNOIL_1_N001,KERNOIL_1_N001,RTPD,MGHG,LMP_GHG_PRC,KERNOIL_1_N001,ALL,1,0,1,145
2022-09-03T15:00:00-00:00,2022-09-03T15:15:00-00:00,2022-09-03,09,KERNOIL_1_N001,KERNOIL_1_N001,KERNOIL_1_N001,RTPD,MGHG,LMP_GHG_PRC,KERNOIL_1_N001,ALL,1,0,1,145
2022-09-03T16:00:00-00:00,2022-09-03T16:15:00-00:00,2022-09-03,10,KERNOIL_1_N001,KERNOIL_1_N001,KERNOIL_1_N001,RTPD,MGHG,LMP_GHG_PRC,KERNOIL_1_N001,ALL,1,0,1,145
2022-09-03T17:00:00-00:00,2022-09-03T17:15:00-00:00,2022-09-03,11,KERNOIL_1_N001,KERNOIL_1_N001,KERNOIL_1_N001,RTPD,MGHG,LMP_GHG_PRC,KERNOIL_1_N001,ALL,1,0,1,145
2022-09-03T18:00:00-00:00,2022-09-03T18:15:00-00:00,2022-09-03,12,KERNOIL_1_N001,KERNOIL_1_N001,KERNOIL_1_N001,RTPD,MGHG,LMP_GHG_PRC,KERNOIL_1_N001,ALL,1,0,1,145
2022-09-03T19:00:00-00:00,2022-09-03T19:15:00-00:00,2022-09-03,13,KERNOIL_1_N001,KERNOIL_1_N001,KERNOIL_1_N001,RTPD,MGHG,LMP_GHG_PRC,KERNOIL_1_N001,ALL,1,0,1,145
2022-09-03T20:00:00-00:00,2022-09-03T20:15:00-00:00,2022-09-03,14,KERNOIL_1_N001,KERNOIL_1_N001,KERNOIL_1_N001,RTPD,MGHG,LMP_GHG_PRC,KERNOIL_1_N001,ALL,1,0,1,145
2022-09-03T21:00:00-00:00,2022-09-03T21:15:00-00:00,2022-09-03,15,KERNOIL_1_N001,KERNOIL_1_N001,KERNOIL_1_N001,RTPD,MGHG,LMP_GHG_PRC,KERNOIL_1_N001,ALL,1,0,1,145
2022-09-03T22:00:00-00:00,2022-09-03T22:15:00-00:00,2022-09-03,16,KERNOIL_1_N001,KERNOIL_1_N001,KERNOIL_1_N001,RTPD,MGHG,LMP_GHG_PRC,KERNOIL_1_N001,ALL,1,0,1,145
2022-09-03T23:00:00-00:00,2022-09-03T23:15:00-00:00,2022-09-03,17,KERNOIL_1_N001,KERNOIL_1_N001,KERNOIL_1_N001,RTPD,MGHG,LMP_GHG_PRC,KERNOIL_1_N001,ALL,1,0,1,145
2022-09-04T00:00:00-00:00,2022-09-04T00:15:00-00:00,2022-09-03,18,KERNOIL_1_N001,KERNOIL_1_N001,KERNOIL_1_N001,RTPD,MGHG,LMP_GHG_PRC,KERNOIL_1_N001,ALL,1,0,1,145
2022-09-04T01:00:00-00:00,2022-09-04T01:15:00-00:00,2022-09-03,19,KERNOIL_1_N001,KERNOIL_1_N001,KERNOIL_1_N001,RTPD,MGHG,LMP_GHG_PRC,KERNOIL_1_N001,ALL,1,0,1,145
2022-09-04T02:00:00-00:00,2022-09-04T02:15:00-00:00,2022-09-03,20,KERNOIL_1_N001,KERNOIL_1_N001,KERNOIL_1_N001,RTPD,MGHG,LMP_GHG_PRC,KERNOIL_1_N001,ALL,1,0,1,145
2022-09-04T03:00:00-00:00,2022-09-04T03:15:00-00:00,2022-09-03,21,KERNOIL_1_N001,KERNOIL_1_N001,KERNOIL_1_N001,RTPD,MGHG,LMP_GHG_PRC,KERNOIL_1_N001,ALL,1,0,1,145
2022-09-04T04:00:00-00:00,2022-09-04T04:15:00-00:00,2022-09-03,22,KERNOIL_1_N001,KERNOIL_1_N001,KERNOIL_1_N001,RTPD,MGHG,LMP_GHG_PRC,KERNOIL_1_N001,ALL,1,0,1,145
2022-09-04T05:00:00-00:00,2022-09-04T05:15:00-00:00,2022-09-03,23,KERNOIL_1_N001,KERNOIL_1_N001,KERNOIL_1_N001,RTPD,MGHG,LMP_GHG_PRC,KERNOIL_1_N001,ALL,1,0,1,145
2022-09-04T06:00:00-00:00,2022-09-04T06:15:00-00:00,2022-09-03,24,KERNOIL_1_N001,KERNOIL_1_N001,KERNOIL_1_N001,RTPD,MGHG,LMP_GHG_PRC,KERNOIL_1_N001,ALL,1,0,1,145
2022-09-03T07:15:00-00:00,2022-09-03T07:30:00-00:00,2022-09-03,01,KERNOIL_1_N001,KERNOIL_1_N001,KERNOIL_1_N001,RTPD,MGHG,LMP_GHG_PRC,KERNOIL_1_N001,ALL,1,0,2,145
2022-09-03T08:15:00-00:00,2022-09-03T08:30:00-00:00,2022-09-03,02,KERNOIL_1_N001,KERNOIL_1_N001,KERNOIL_1_N001,RTPD,MGHG,LMP_GHG_PRC,KERNOIL_1_N001,ALL,1,0,2,145
2022-09-03T09:15:00-00:00,2022-09-03T09:30:00-00:00,2022-09-03,03,KERNOIL_1_N001,KERNOIL_1_N001,KERNOIL_1_N001,RTPD,MGHG,LMP_GHG_PRC,KERNOIL_1_N001,ALL,1,0,2,145
2022-09-03T10:15:00-00:00,2022-09-03T10:30:00-00:00,2022-09-03,04,KERNOIL_1_N001,KERNOIL_1_N001,KERNOIL_1_N001,RTPD,MGHG,LMP_GHG_PRC,KERNOIL_1_N001,ALL,1,0,2,145
2022-09-03T11:15:00-00:00,2022-09-03T11:30:00-00:00,2022-09-03,05,KERNOIL_1_N001,KERNOIL_1_N001,KERNOIL_1_N001,RTPD,MGHG,LMP_GHG_PRC,KERNOIL_1_N001,ALL,1,0,2,145
2022-09-03T12:15:00-00:00,2022-09-03T12:30:00-00:00,2022-09-03,06,KERNOIL_1_N001,KERNOIL_1_N001,KERNOIL_1_N001,RTPD,MGHG,LMP_GHG_PRC,KERNOIL_1_N001,ALL,1,0,2,145
2022-09-03T13:15:00-00:00,2022-09-03T13:30:00-00:00,2022-09-03,07,KERNOIL_1_N001,KERNOIL_1_N001,KERNOIL_1_N001,RTPD,MGHG,LMP_GHG_PRC,KERNOIL_1_N001,ALL,1,0,2,145
2022-09-03T14:15:00-00:00,2022-09-03T14:30:00-00:00,2022-09-03,08,KERNOIL_1_N001,KERNOIL_1_N001,KERNOIL_1_N001,RTPD,MGHG,LMP_GHG_PRC,KERNOIL_1_N001,ALL,1,0,2,145
2022-09-03T15:15:00-00:00,2022-09-03T15:30:00-00:00,2022-09-03,09,KERNOIL_1_N001,KERNOIL_1_N001,KERNOIL_1_N001,RTPD,MGHG,LMP_GHG_PRC,KERNOIL_1_N001,ALL,1,0,2,145
2022-09-03T16:15:00-00:00,2022-09-03T16:30:00-00:00,2022-09-03,10,KERNOIL_1_N001,KERNOIL_1_N001,KERNOIL_1_N001,RTPD,MGHG,LMP_GHG_PRC,KERNOIL_1_N001,ALL,1,0,2,145
2022-09-03T17:15:00-00:00,2022-09-03T17:30:00-00:00,2022-09-03,11,KERNOIL_1_N001,KERNOIL_1_N001,KERNOIL_1_N001,RTPD,MGHG,LMP_GHG_PRC,KERNOIL_1_N001,ALL,1,0,2,145
2022-09-03T18:15:00-00:00,2022-09-03T18:30:00-00:00,2022-09-03,12,KERNOIL_1_N001,KERNOIL_1_N001,KERNOIL_1_N001,RTPD,MGHG,LMP_GHG_PRC,KERNOIL_1_N001,ALL,1,0,2,145
2022-09-03T19:15:00-00:00,2022-09-03T19:30:00-00:00,2022-09-03,13,KERNOIL_1_N001,KERNOIL_1_N001,KERNOIL_1_N001,RTPD,MGHG,LMP_GHG_PRC,KERNOIL_1_N001,ALL,1,0,2,145
2022-09-03T20:15:00-00:00,2022-09-03T20:30:00-00:00,2022-09-03,14,KERNOIL_1_N001,KERNOIL_1_N001,KERNOIL_1_N001,RTPD,MGHG,LMP_GHG_PRC,KERNOIL_1_N001,ALL,1,0,2,145
2022-09-03T21:15:00-00:00,2022-09-03T21:30:00-00:00,2022-09-03,15,KERNOIL_1_N001,KERNOIL_1_N001,KERNOIL_1_N001,RTPD,MGHG,LMP_GHG_PRC,KERNOIL_1_N001,ALL,1,0,2,145
2022-09-03T22:15:00-00:00,2022-09-03T22:30:00-00:00,2022-09-03,16,KERNOIL_1_N001,KERNOIL_1_N001,KERNOIL_1_N001,RTPD,MGHG,LMP_GHG_PRC,KERNOIL_1_N001,ALL,1,0,2,145
2022-09-03T23:15:00-00:00,2022-09-03T23:30:00-00:00,2022-09-03,17,KERNOIL_1_N001,KERNOIL_1_N001,KERNOIL_1_N001,RTPD,MGHG,LMP_GHG_PRC,KERNOIL_1_N001,ALL,1,0,2,145
2022-09-04T00:15:00-00:00,2022-09-04T00:30:00-00:00,2022-09-03,18,KERNOIL_1_N001,KERNOIL_1_N001,KERNOIL_1_N001,RTPD,MGHG,LMP_GHG_PRC,KERNOIL_1_N001,ALL,1,0,2,145
2022-09-04T01:15:00-00:00,2022-09-04T01:30:00-00:00,2022-09-03,19,KERNOIL_1_N001,KERNOIL_1_N001,KERNOIL_1_N001,RTPD,MGHG,LMP_GHG_PRC,KERNOIL_1_N001,ALL,1,0,2,145
2022-09-04T02:15:00-00:00,2022-09-04T02:30:00-00:00,2022-09-03,20,KERNOIL_1_N001,KERNOIL_1_N001,KERNOIL_1_N001,RTPD,MGHG,LMP_GHG_PRC,KERNOIL_1_N001,ALL,1,0,2,145
2022-09-04T03:15:00-00:00,2022-09-04T03:30:00-00:00,2022-09-03,21,KERNOIL_1_N001,KERNOIL_1_N001,KERNOIL_1_N001,RTPD,MGHG,LMP_GHG_PRC,KERNOIL_1_N001,ALL,1,0,2,145
2022-09-04T04:15:00-00:00,2022-09-04T04:30:00-00:00,2022-09-03,22,KERNOIL_1_N001,KERNOIL_1_N001,KERNOIL_1_N001,RTPD,MGHG,LMP_GHG_PRC,KERNOIL_1_N001,ALL,1,0,2,145
2022-09-04T05:15:00-00:00,2022-09-04T05:30:00-00:00,2022-09-03,23,KERNOIL_1_N001,KERNOIL_1_N001,KERNOIL_1_N001,RTPD,MGHG,LMP_GHG_PRC,KERNOIL_1_N001,ALL,1,0,2,145
2022-09-04T06:15:00-00:00,2022-09-04T06:30:00-00:00,2022-09-03,24,KERNOIL_1_N001,KERNOIL_1_N001,KERNOIL_1_N001,RTPD,MGHG,LMP_GHG_PRC,KERNOIL_1_N001,ALL,1,0,2,145
2022-09-03T07:30:00-00:00,2022-09-03T07:45:00-00:00,2022-09-03,01,KERNOIL_1_N001,KERNOIL_1_N001,KERNOIL_1_N001,RTPD,MGHG,LMP_GHG_PRC,KERNOIL_1_N001,ALL,1,0,3,145
2022-09-03T08:30:00-00:00,2022-09-03T08:45:00-00:00,2022-09-03,02,KERNOIL_1_N001,KERNOIL_1_N001,KERNOIL_1_N001,RTPD,MGHG,LMP_GHG_PRC,KERNOIL_1_N001,ALL,1,0,3,145
2022-09-03T09:30:00-00:00,2022-09-03T09:45:00-00:00,2022-09-03,03,KERNOIL_1_N001,KERNOIL_1_N001,KERNOIL_1_N001,RTPD,MGHG,LMP_GHG_PRC,KERNOIL_1_N001,ALL,1,0,3,145
2022-09-03T10:30:00-00:00,2022-09-03T10:45:00-00:00,2022-09-03,04,KERNOIL_1_N001,KERNOIL_1_N001,KERNOIL_1_N001,RTPD,MGHG,LMP_GHG_PRC,KERNOIL_1_N001,ALL,1,0,3,145
2022-09-03T11:30:00-00:00,2022-09-03T11:45:00-00:00,2022-09-03,05,KERNOIL_1_N001,KERNOIL_1_N001,KERNOIL_1_N001,RTPD,MGHG,LMP_GHG_PRC,KERNOIL_1_N001,ALL,1,0,3,145
2022-09-03T12:30:00-00:00,2022-09-03T12:45:00-00:00,2022-09-03,06,KERNOIL_1_N001,KERNOIL_1_N001,KERNOIL_1_N001,RTPD,MGHG,LMP_GHG_PRC,KERNOIL_1_N001,ALL,1,0,3,145
2022-09-03T13:30:00-00:00,2022-09-03T13:45:00-00:00,2022-09-03,07,KERNOIL_1_N001,KERNOIL_1_N001,KERNOIL_1_N001,RTPD,MGHG,LMP_GHG_PRC,KERNOIL_1_N001,ALL,1,0,3,145
2022-09-03T14:30:00-00:00,2022-09-03T14:45:00-00:00,2022-09-03,08,KERNOIL_1_N001,KERNOIL_1_N001,KERNOIL_1_N001,RTPD,MGHG,LMP_GHG_PRC,KERNOIL_1_N001,ALL,1,0,3,145
2022-09-03T15:30:00-00:00,2022-09-03T15:45:00-00:00,2022-09-03,09,KERNOIL_1_N001,KERNOIL_1_N001,KERNOIL_1_N001,RTPD,MGHG,LMP_GHG_PRC,KERNOIL_1_N001,ALL,1,0,3,145
2022-09-03T16:30:00-00:00,2022-09-03T16:45:00-00:00,2022-09-03,10,KERNOIL_1_N001,KERNOIL_1_N001,KERNOIL_1_N001,RTPD,MGHG,LMP_GHG_PRC,KERNOIL_1_N001,ALL,1,0,3,145
2022-09-03T17:30:00-00:00,2022-09-03T17:45:00-00:00,2022-09-03,11,KERNOIL_1_N001,KERNOIL_1_N001,KERNOIL_1_N001,RTPD,MGHG,LMP_GHG_PRC,KERNOIL_1_N001,ALL,1,0,3,145
2022-09-03T18:30:00-00:00,2022-09-03T18:45:00-00:00,2022-09-03,12,KERNOIL_1_N001,KERNOIL_1_N001,KERNOIL_1_N001,RTPD,MGHG,LMP_GHG_PRC,KERNOIL_1_N001,ALL,1,0,3,145
2022-09-03T19:30:00-00:00,2022-09-03T19:45:00-00:00,2022-09-03,13,KERNOIL_1_N001,KERNOIL_1_N001,KERNOIL_1_N001,RTPD,MGHG,LMP_GHG_PRC,KERNOIL_1_N001,ALL,1,0,3,145
2022-09-03T20:30:00-00:00,2022-09-03T20:45:00-00:00,2022-09-03,14,KERNOIL_1_N001,KERNOIL_1_N001,KERNOIL_1_N001,RTPD,MGHG,LMP_GHG_PRC,KERNOIL_1_N001,ALL,1,0,3,145
2022-09-03T21:30:00-00:00,2022-09-03T21:45:00-00:00,2022-09-03,15,KERNOIL_1_N001,KERNOIL_1_N001,KERNOIL_1_N001,RTPD,MGHG,LMP_GHG_PRC,KERNOIL_1_N001,ALL,1,0,3,145
2022-09-03T22:30:00-00:00,2022-09-03T22:45:00-00:00,2022-09-03,16,KERNOIL_1_N001,KERNOIL_1_N001,KERNOIL_1_N001,RTPD,MGHG,LMP_GHG_PRC,KERNOIL_1_N001,ALL,1,0,3,145
2022-09-03T23:30:00-00:00,2022-09-03T23:45:00-00:00,2022-09-03,17,KERNOIL_1_N001,KERNOIL_1_N001,KERNOIL_1_N001,RTPD,MGHG,LMP_GHG_PRC,KERNOIL_1_N001,ALL,1,0,3,145
2022-09-04T00:30:00-00:00,2022-09-04T00:45:00-00:00,2022-09-03,18,KERNOIL_1_N001,KERNOIL_1_N001,KERNOIL_1_N001,RTPD,MGHG,LMP_GHG_PRC,KERNOIL_1_N001,ALL,1,0,3,145
2022-09-04T01:30:00-00:00,2022-09-04T01:45:00-00:00,2022-09-03,19,KERNOIL_1_N001,KERNOIL_1_N001,KERNOIL_1_N001,RTPD,MGHG,LMP_GHG_PRC,KERNOIL_1_N001,ALL,1,0,3,145
2022-09-04T02:30:00-00:00,2022-09-04T02:45:00-00:00,2022-09-03,20,KERNOIL_1_N001,KERNOIL_1_N001,KERNOIL_1_N001,RTPD,MGHG,LMP_GHG_PRC,KERNOIL_1_N001,ALL,1,0,3,145
2022-09-04T03:30:00-00:00,2022-09-04T03:45:00-00:00,2022-09-03,21,KERNOIL_1_N001,KERNOIL_1_N001,KERNOIL_1_N001,RTPD,MGHG,LMP_GHG_PRC,KERNOIL_1_N001,ALL,1,0,3,145
2022-09-04T04:30:00-00:00,2022-09-04T04:45:00-00:00,2022-09-03,22,KERNOIL_1_N001,KERNOIL_1_N001,KERNOIL_1_N001,RTPD,MGHG,LMP_GHG_PRC,KERNOIL_1_N001,ALL,1,0,3,145
2022-09-04T05:30:00-00:00,2022-09-04T05:45:00-00:00,2022-09-03,23,KERNOIL_1_N001,KERNOIL_1_N001,KERNOIL_1_N001,RTPD,MGHG,LMP_GHG_PRC,KERNOIL_1_N001,ALL,1,0,3,145
2022-09-04T06:30:00-00:00,2022-09-04T06:45:00-00:00,2022-09-03,24,KERNOIL_1_N001,KERNOIL_1_N001,KERNOIL_1_N001,RTPD,MGHG,LMP_GHG_PRC,KERNOIL_1_N001,ALL,1,0,3,145
2022-09-03T07:45:00-00:00,2022-09-03T08:00:00-00:00,2022-09-03,01,KERNOIL_1_N001,KERNOIL_1_N001,KERNOIL_1_N001,RTPD,MGHG,LMP_GHG_PRC,KERNOIL_1_N001,ALL,1,0,4,145
2022-09-03T08:45:00-00:00,2022-09-03T09:00:00-00:00,2022-09-03,02,KERNOIL_1_N001,KERNOIL_1_N001,KERNOIL_1_N001,RTPD,MGHG,LMP_GHG_PRC,KERNOIL_1_N001,ALL,1,0,4,145
2022-09-03T09:45:00-00:00,2022-09-03T10:00:00-00:00,2022-09-03,03,KERNOIL_1_N001,KERNOIL_1_N001,KERNOIL_1_N001,RTPD,MGHG,LMP_GHG_PRC,KERNOIL_1_N001,ALL,1,0,4,145
2022-09-03T10:45:00-00:00,2022-09-03T11:00:00-00:00,2022-09-03,04,KERNOIL_1_N001,KERNOIL_1_N001,KERNOIL_1_N001,RTPD,MGHG,LMP_GHG_PRC,KERNOIL_1_N001,ALL,1,0,4,145
2022-09-03T11:45:00-00:00,2022-09-03T12:00:00-00:00,2022-09-03,05,KERNOIL_1_N001,KERNOIL_1_N001,KERNOIL_1_N001,RTPD,MGHG,LMP_GHG_PRC,KERNOIL_1_N001,ALL,1,0,4,145
2022-09-03T12:45:00-00:00,2022-09-03T13:00:00-00:00,2022-09-03,06,KERNOIL_1_N001,KERNOIL_1_N001,KERNOIL_1_N001,RTPD,MGHG,LMP_GHG_PRC,KERNOIL_1_N001,ALL,1,0,4,145
2022-09-03T13:45:00-00:00,2022-09-03T14:00:00-00:00,2022-09-03,07,KERNOIL_1_N001,KERNOIL_1_N001,KERNOIL_1_N001,RTPD,MGHG,LMP_GHG_PRC,KERNOIL_1_N001,ALL,1,0,4,145
2022-09-03T14:45:00-00:00,2022-09-03T15:00:00-00:00,2022-09-03,08,KERNOIL_1_N001,KERNOIL_1_N001,KERNOIL_1_N001,RTPD,MGHG,LMP_GHG_PRC,KERNOIL_1_N001,ALL,1,0,4,145
2022-09-03T15:45:00-00:00,2022-09-03T16:00:00-00:00,2022-09-03,09,KERNOIL_1_N001,KERNOIL_1_N001,KERNOIL_1_N001,RTPD,MGHG,LMP_GHG_PRC,KERNOIL_1_N001,ALL,1,0,4,145
2022-09-03T16:45:00-00:00,2022-09-03T17:00:00-00:00,2022-09-03,10,KERNOIL_1_N001,KERNOIL_1_N001,KERNOIL_1_N001,RTPD,MGHG,LMP_GHG_PRC,KERNOIL_1_N001,ALL,1,0,4,145
2022-09-03T17:45:00-00:00,2022-09-03T18:00:00-00:00,2022-09-03,11,KERNOIL_1_N001,KERNOIL_1_N001,KERNOIL_1_N001,RTPD,MGHG,LMP_GHG_PRC,KERNOIL_1_N001,ALL,1,0,4,145
2022-09-03T18:45:00-00:00,2022-09-03T19:00:00-00:00,2022-09-03,12,KERNOIL_1_N001,KERNOIL_1_N001,KERNOIL_1_N001,RTPD,MGHG,LMP_GHG_PRC,KERNOIL_1_N001,ALL,1,0,4,145
2022-09-03T19:45:00-00:00,2022-09-03T20:00:00-00:00,2022-09-03,13,KERNOIL_1_N001,KERNOIL_1_N001,KERNOIL_1_N001,RTPD,MGHG,LMP_GHG_PRC,KERNOIL_1_N001,ALL,1,0,4,145
2022-09-03T20:45:00-00:00,2022-09-03T21:00:00-00:00,2022-09-03,14,KERNOIL_1_N001,KERNOIL_1_N001,KERNOIL_1_N001,RTPD,MGHG,LMP_GHG_PRC,KERNOIL_1_N001,ALL,1,0,4,145
2022-09-03T21:45:00-00:00,2022-09-03T22:00:00-00:00,2022-09-03,15,KERNOIL_1_N001,KERNOIL_1_N001,KERNOIL_1_N001,RTPD,MGHG,LMP_GHG_PRC,KERNOIL_1_N001,ALL,1,0,4,145
2022-09-03T22:45:00-00:00,2022-09-03T23:00:00-00:00,2022-09-03,16,KERNOIL_1_N001,KERNOIL_1_N001,KERNOIL_1_N001,RTPD,MGHG,LMP_GHG_PRC,KERNOIL_1_N001,ALL,1,0,4,145
2022-09-03T23:45:00-00:00,2022-09-04T00:00:00-00:00,2022-09-03,17,KERNOIL_1_N001,KERNOIL_1_N001,KERNOIL_1_N001,RTPD,MGHG,LMP_GHG_PRC,KERNOIL_1_N001,ALL,1,0,4,145
2022-09-04T00:45:00-00:00,2022-09-04T01:00:00-00:00,2022-09-03,18,KERNOIL_1_N001,KERNOIL_1_N001,KERNOIL_1_N001,RTPD,MGHG,LMP_GHG_PRC,KERNOIL_1_N001,ALL,1,0,4,145
2022-09-04T01:45:00-00:00,2022-09-04T02:00:00-00:00,2022-09-03,19,KERNOIL_1_N001,KERNOIL_1_N001,KERNOIL_1_N001,RTPD,MGHG,LMP_GHG_PRC,KERNOIL_1_N001,ALL,1,0,4,145
2022-09-04T02:45:00-00:00,2022-09-04T03:00:00-00:00,2022-09-03,20,KERNOIL_1_N001,KERNOIL_1_N001,KERNOIL_1_N001,RTPD,MGHG,LMP_GHG_PRC,KERNOIL_1_N001,ALL,1,0,4,145
2022-09-04T03:45:00-00:00,2022-09-04T04:00:00-00:00,2022-09-03,21,KERNOIL_1_N001,KERNOIL_1_N001,KERNOIL_1_N001,RTPD,MGHG,LMP_GHG_PRC,KERNOIL_1_N001,ALL,1,0,4,145
2022-09-04T04:45:00-00:00,2022-09-04T05:00:00-00:00,2022-09-03,22,KERNOIL_1_N001,KERNOIL_1_N001,KERNOIL_1_N001,RTPD,MGHG,LMP_GHG_PRC,KERNOIL_1_N001,ALL,1,0,4,145
2022-09-04T05:45:00-00:00,2022-09-04T06:00:00-00:00,2022-09-03,23,KERNOIL_1_N001,KERNOIL_1_N001,KERNOIL_1_N001,RTPD,MGHG,LMP_GHG_PRC,KERNOIL_1_N001,ALL,1,0,4,145
2022-09-04T06:45:00-00:00,2022-09-04T07:00:00-00:00,2022-09-03,24,KERNOIL_1_N001,KERNOIL_1_N001,KERNOIL_1_N001,RTPD,MGHG,LMP_GHG_PRC,KERNOIL_1_N001,ALL,1,0,4,145
2022-09-03T07:00:00-00:00,2022-09-03T07:15:00-00:00,2022-09-03,01,KERNOIL_1_N012,KERNOIL_1_N012,KERNOIL_1_N012,RTPD,LMP,LMP_PRC,KERNOIL_1_N012,ALL,1,93.50891,1,146
2022-09-03T08:00:00-00:00,2022-09-03T08:15:00-00:00,2022-09-03,02,KERNOIL_1_N012,KERNOIL_1_N012,KERNOIL_1_N012,RTPD,LMP,LMP_PRC,KERNOIL_1_N012,ALL,1,85.33499,1,146
2022-09-03T09:00:00-00:00,2022-09-03T09:15:00-00:00,2022-09-03,03,KERNOIL_1_N012,KERNOIL_1_N012,KERNOIL_1_N012,RTPD,LMP,LMP_PRC,KERNOIL_1_N012,ALL,1,86.11254,1,146
2022-09-03T10:00:00-00:00,2022-09-03T10:15:00-00:00,2022-09-03,04,KERNOIL_1_N012,KERNOIL_1_N012,KERNOIL_1_N012,RTPD,LMP,LMP_PRC,KERNOIL_1_N012,ALL,1,65.92621,1,146
2022-09-03T11:00:00-00:00,2022-09-03T11:15:00-00:00,2022-09-03,05,KERNOIL_1_N012,KERNOIL_1_N012,KERNOIL_1_N012,RTPD,LMP,LMP_PRC,KERNOIL_1_N012,ALL,1,80.28468,1,146
2022-09-03T12:00:00-00:00,2022-09-03T12:15:00-00:00,2022-09-03,06,KERNOIL_1_N012,KERNOIL_1_N012,KERNOIL_1_N012,RTPD,LMP,LMP_PRC,KERNOIL_1_N012,ALL,1,66.86353,1,146
2022-09-03T13:00:00-00:00,2022-09-03T13:15:00-00:00,2022-09-03,07,KERNOIL_1_N012,KERNOIL_1_N012,KERNOIL_1_N012,RTPD,LMP,LMP_PRC,KERNOIL_1_N012,ALL,1,84.13105,1,146
2022-09-03T14:00:00-00:00,2022-09-03T14:15:00-00:00,2022-09-03,08,KERNOIL_1_N012,KERNOIL_1_N012,KERNOIL_1_N012,RTPD,LMP,LMP_PRC,KERNOIL_1_N012,ALL,1,76.64414,1,146
2022-09-03T15:00:00-00:00,2022-09-03T15:15:00-00:00,2022-09-03,09,KERNOIL_1_N012,KERNOIL_1_N012,KERNOIL_1_N012,RTPD,LMP,LMP_PRC,KERNOIL_1_N012,ALL,1,27.06433,1,146
2022-09-03T16:00:00-00:00,2022-09-03T16:15:00-00:00,2022-09-03,10,KERNOIL_1_N012,KERNOIL_1_N012,KERNOIL_1_N012,RTPD,LMP,LMP_PRC,KERNOIL_1_N012,ALL,1,29.40365,1,146
2022-09-03T17:00:00-00:00,2022-09-03T17:15:00-00:00,2022-09-03,11,KERNOIL_1_N012,KERNOIL_1_N012,KERNOIL_1_N012,RTPD,LMP,LMP_PRC,KERNOIL_1_N012,ALL,1,53.48257,1,146
2022-09-03T18:00:00-00:00,2022-09-03T18:15:00-00:00,2022-09-03,12,KERNOIL_1_N012,KERNOIL_1_N012,KERNOIL_1_N012,RTPD,LMP,LMP_PRC,KERNOIL_1_N012,ALL,1,60.57411,1,146
2022-09-03T19:00:00-00:00,2022-09-03T19:15:00-00:00,2022-09-03,13,KERNOIL_1_N012,KERNOIL_1_N012,KERNOIL_1_N012,RTPD,LMP,LMP_PRC,KERNOIL_1_N012,ALL,1,0.73579,1,146
2022-09-03T20:00:00-00:00,2022-09-03T20:15:00-00:00,2022-09-03,14,KERNOIL_1_N012,KERNOIL_1_N012,KERNOIL_1_N012,RTPD,LMP,LMP_PRC,KERNOIL_1_N012,ALL,1,62.42894,1,146
2022-09-03T21:00:00-00:00,2022-09-03T21:15:00-00:00,2022-09-03,15,KERNOIL_1_N012,KERNOIL_1_N012,KERNOIL_1_N012,RTPD,LMP,LMP_PRC,KERNOIL_1_N012,ALL,1,61.53926,1,146
2022-09-03T22:00:00-00:00,2022-09-03T22:15:00-00:00,2022-09-03,16,KERNOIL_1_N012,KERNOIL_1_N012,KERNOIL_1_N012,RTPD,LMP,LMP_PRC,KERNOIL_1_N012,ALL,1,97.1406,1,146
2022-09-03T23:00:00-00:00,2022-09-03T23:15:00-00:00,2022-09-03,17,KERNOIL_1_N012,KERNOIL_1_N012,KERNOIL_1_N012,RTPD,LMP,LMP_PRC,KERNOIL_1_N012,ALL,1,98.8988,1,146
2022-09-04T00:00:00-00:00,2022-09-04T00:15:00-00:00,2022-09-03,18,KERNOIL_1_N012,KERNOIL_1_N012,KERNOIL_1_N012,RTPD,LMP,LMP_PRC,KERNOIL_1_N012,ALL,1,126.89968,1,146
2022-09-04T01:00:00-00:00,2022-09-04T01:15:00-00:00,2022-09-03,19,KERNOIL_1_N012,KERNOIL_1_N012,KERNOIL_1_N012,RTPD,LMP,LMP_PRC,KERNOIL_1_N012,ALL,1,94.71457,1,146
2022-09-04T02:00:00-00:00,2022-09-04T02:15:00-00:00,2022-09-03,20,KERNOIL_1_N012,KERNOIL_1_N012,KERNOIL_1_N012,RTPD,LMP,LMP_PRC,KERNOIL_1_N012,ALL,1,103.87572,1,146
2022-09-04T03:00:00-00:00,2022-09-04T03:15:00-00:00,2022-09-03,21,KERNOIL_1_N012,KERNOIL_1_N012,KERNOIL_1_N012,RTPD,LMP,LMP_PRC,KERNOIL_1_N012,ALL,1,96.56948,1,146
2022-09-04T04:00:00-00:00,2022-09-04T04:15:00-00:00,2022-09-03,22,KERNOIL_1_N012,KERNOIL_1_N012,KERNOIL_1_N012,RTPD,LMP,LMP_PRC,KERNOIL_1_N012,ALL,1,100.23659,1,146
2022-09-04T05:00:00-00:00,2022-09-04T05:15:00-00:00,2022-09-03,23,KERNOIL_1_N012,KERNOIL_1_N012,KERNOIL_1_N012,RTPD,LMP,LMP_PRC,KERNOIL_1_N012,ALL,1,102.60167,1,146
2022-09-04T06:00:00-00:00,2022-09-04T06:15:00-00:00,2022-09-03,24,KERNOIL_1_N012,KERNOIL_1_N012,KERNOIL_1_N012,RTPD,LMP,LMP_PRC,KERNOIL_1_N012,ALL,1,95.99453,1,146
2022-09-03T07:15:00-00:00,2022-09-03T07:30:00-00:00,2022-09-03,01,KERNOIL_1_N012,KERNOIL_1_N012,KERNOIL_1_N012,RTPD,LMP,LMP_PRC,KERNOIL_1_N012,ALL,1,85.31522,2,146
2022-09-03T08:15:00-00:00,2022-09-03T08:30:00-00:00,2022-09-03,02,KERNOIL_1_N012,KERNOIL_1_N012,KERNOIL_1_N012,RTPD,LMP,LMP_PRC,KERNOIL_1_N012,ALL,1,86.2391,2,146
2022-09-03T09:15:00-00:00,2022-09-03T09:30:00-00:00,2022-09-03,03,KERNOIL_1_N012,KERNOIL_1_N012,KERNOIL_1_N012,RTPD,LMP,LMP_PRC,KERNOIL_1_N012,ALL,1,68.78149,2,146
2022-09-03T10:15:00-00:00,2022-09-03T10:30:00-00:00,2022-09-03,04,KERNOIL_1_N012,KERNOIL_1_N012,KERNOIL_1_N012,RTPD,LMP,LMP_PRC,KERNOIL_1_N012,ALL,1,62.11465,2,146
2022-09-03T11:15:00-00:00,2022-09-03T11:30:00-00:00,2022-09-03,05,KERNOIL_1_N012,KERNOIL_1_N012,KERNOIL_1_N012,RTPD,LMP,LMP_PRC,KERNOIL_1_N012,ALL,1,65.63932,2,146
2022-09-03T12:15:00-00:00,2022-09-03T12:30:00-00:00,2022-09-03,06,KERNOIL_1_N012,KERNOIL_1_N012,KERNOIL_1_N012,RTPD,LMP,LMP_PRC,KERNOIL_1_N012,ALL,1,65.12851,2,146
2022-09-03T13:15:00-00:00,2022-09-03T13:30:00-00:00,2022-09-03,07,KERNOIL_1_N012,KERNOIL_1_N012,KERNOIL_1_N012,RTPD,LMP,LMP_PRC,KERNOIL_1_N012,ALL,1,82.71545,2,146
2022-09-03T14:15:00-00:00,2022-09-03T14:30:00-00:00,2022-09-03,08,KERNOIL_1_N012,KERNOIL_1_N012,KERNOIL_1_N012,RTPD,LMP,LMP_PRC,KERNOIL_1_N012,ALL,1,68.81821,2,146
2022-09-03T15:15:00-00:00,2022-09-03T15:30:00-00:00,2022-09-03,09,KERNOIL_1_N012,KERNOIL_1_N012,KERNOIL_1_N012,RTPD,LMP,LMP_PRC,KERNOIL_1_N012,ALL,1,26.7712,2,146
2022-09-03T16:15:00-00:00,2022-09-03T16:30:00-00:00,2022-09-03,10,KERNOIL_1_N012,KERNOIL_1_N012,KERNOIL_1_N012,RTPD,LMP,LMP_PRC,KERNOIL_1_N012,ALL,1,29.15825,2,146
2022-09-03T17:15:00-00:00,2022-09-03T17:30:00-00:00,2022-09-03,11,KERNOIL_1_N012,KERNOIL_1_N012,KERNOIL_1_N012,RTPD,LMP,LMP_PRC,KERNOIL_1_N012,ALL,1,65.01085,2,146
2022-09-03T18:15:00-00:00,2022-09-03T18:30:00-00:00,2022-09-03,12,KERNOIL_1_N012,KERNOIL_1_N012,KERNOIL_1_N012,RTPD,LMP,LMP_PRC,KERNOIL_1_N012,ALL,1,69.34015,2,146
2022-09-03T19:15:00-00:00,2022-09-03T19:30:00-00:00,2022-09-03,13,KERNOIL_1_N012,KERNOIL_1_N012,KERNOIL_1_N012,RTPD,LMP,LMP_PRC,KERNOIL_1_N012,ALL,1,2.39549,2,146
2022-09-03T20:15:00-00:00,2022-09-03T20:30:00-00:00,2022-09-03,14,KERNOIL_1_N012,KERNOIL_1_N012,KERNOIL_1_N012,RTPD,LMP,LMP_PRC,KERNOIL_1_N012,ALL,1,67.92506,2,146
2022-09-03T21:15:00-00:00,2022-09-03T21:30:00-00:00,2022-09-03,15,KERNOIL_1_N012,KERNOIL_1_N012,KERNOIL_1_N012,RTPD,LMP,LMP_PRC,KERNOIL_1_N012,ALL,1,84.0511,2,146
2022-09-03T22:15:00-00:00,2022-09-03T22:30:00-00:00,2022-09-03,16,KERNOIL_1_N012,KERNOIL_1_N012,KERNOIL_1_N012,RTPD,LMP,LMP_PRC,KERNOIL_1_N012,ALL,1,100.5431,2,146
2022-09-03T23:15:00-00:00,2022-09-03T23:30:00-00:00,2022-09-03,17,KERNOIL_1_N012,KERNOIL_1_N012,KERNOIL_1_N012,RTPD,LMP,LMP_PRC,KERNOIL_1_N012,ALL,1,101.32667,2,146
2022-09-04T00:15:00-00:00,2022-09-04T00:30:00-00:00,2022-09-03,18,KERNOIL_1_N012,KERNOIL_1_N012,KERNOIL_1_N012,RTPD,LMP,LMP_PRC,KERNOIL_1_N012,ALL,1,160.80098,2,146
2022-09-04T01:15:00-00:00,2022-09-04T01:30:00-00:00,2022-09-03,19,KERNOIL_1_N012,KERNOIL_1_N012,KERNOIL_1_N012,RTPD,LMP,LMP_PRC,KERNOIL_1_N012,ALL,1,148.89787,2,146
2022-09-04T02:15:00-00:00,2022-09-04T02:30:00-00:00,2022-09-03,20,KERNOIL_1_N012,KERNOIL_1_N012,KERNOIL_1_N012,RTPD,LMP,LMP_PRC,KERNOIL_1_N012,ALL,1,122.6461,2,146
2022-09-04T03:15:00-00:00,2022-09-04T03:30:00-00:00,2022-09-03,21,KERNOIL_1_N012,KERNOIL_1_N012,KERNOIL_1_N012,RTPD,LMP,LMP_PRC,KERNOIL_1_N012,ALL,1,84.08879,2,146
2022-09-04T04:15:00-00:00,2022-09-04T04:30:00-00:00,2022-09-03,22,KERNOIL_1_N012,KERNOIL_1_N012,KERNOIL_1_N012,RTPD,LMP,LMP_PRC,KERNOIL_1_N012,ALL,1,98.1387,2,146
2022-09-04T05:15:00-00:00,2022-09-04T05:30:00-00:00,2022-09-03,23,KERNOIL_1_N012,KERNOIL_1_N012,KERNOIL_1_N012,RTPD,LMP,LMP_PRC,KERNOIL_1_N012,ALL,1,100.46905,2,146
2022-09-04T06:15:00-00:00,2022-09-04T06:30:00-00:00,2022-09-03,24,KERNOIL_1_N012,KERNOIL_1_N012,KERNOIL_1_N012,RTPD,LMP,LMP_PRC,KERNOIL_1_N012,ALL,1,88.52472,2,146
2022-09-03T07:30:00-00:00,2022-09-03T07:45:00-00:00,2022-09-03,01,KERNOIL_1_N012,KERNOIL_1_N012,KERNOIL_1_N012,RTPD,LMP,LMP_PRC,KERNOIL_1_N012,ALL,1,85.7604,3,146
2022-09-03T08:30:00-00:00,2022-09-03T08:45:00-00:00,2022-09-03,02,KERNOIL_1_N012,KERNOIL_1_N012,KERNOIL_1_N012,RTPD,LMP,LMP_PRC,KERNOIL_1_N012,ALL,1,85.13057,3,146
2022-09-03T09:30:00-00:00,2022-09-03T09:45:00-00:00,2022-09-03,03,KERNOIL_1_N012,KERNOIL_1_N012,KERNOIL_1_N012,RTPD,LMP,LMP_PRC,KERNOIL_1_N012,ALL,1,61.8096,3,146
2022-09-03T10:30:00-00:00,2022-09-03T10:45:00-00:00,2022-09-03,04,KERNOIL_1_N012,KERNOIL_1_N012,KERNOIL_1_N012,RTPD,LMP,LMP_PRC,KERNOIL_1_N012,ALL,1,61.26041,3,146
2022-09-03T11:30:00-00:00,2022-09-03T11:45:00-00:00,2022-09-03,05,KERNOIL_1_N012,KERNOIL_1_N012,KERNOIL_1_N012,RTPD,LMP,LMP_PRC,KERNOIL_1_N012,ALL,1,87.37384,3,146
2022-09-03T12:30:00-00:00,2022-09-03T12:45:00-00:00,2022-09-03,06,KERNOIL_1_N012,KERNOIL_1_N012,KERNOIL_1_N012,RTPD,LMP,LMP_PRC,KERNOIL_1_N012,ALL,1,65.42361,3,146
2022-09-03T13:30:00-00:00,2022-09-03T13:45:00-00:00,2022-09-03,07,KERNOIL_1_N012,KERNOIL_1_N012,KERNOIL_1_N012,RTPD,LMP,LMP_PRC,KERNOIL_1_N012,ALL,1,81.44678,3,146
2022-09-03T14:30:00-00:00,2022-09-03T14:45:00-00:00,2022-09-03,08,KERNOIL_1_N012,KERNOIL_1_N012,KERNOIL_1_N012,RTPD,LMP,LMP_PRC,KERNOIL_1_N012,ALL,1,63.44623,3,146
2022-09-03T15:30:00-00:00,2022-09-03T15:45:00-00:00,2022-09-03,09,KERNOIL_1_N012,KERNOIL_1_N012,KERNOIL_1_N012,RTPD,LMP,LMP_PRC,KERNOIL_1_N012,ALL,1,25.68611,3,146
2022-09-03T16:30:00-00:00,2022-09-03T16:45:00-00:00,2022-09-03,10,KERNOIL_1_N012,KERNOIL_1_N012,KERNOIL_1_N012,RTPD,LMP,LMP_PRC,KERNOIL_1_N012,ALL,1,28.21044,3,146
2022-09-03T17:30:00-00:00,2022-09-03T17:45:00-00:00,2022-09-03,11,KERNOIL_1_N012,KERNOIL_1_N012,KERNOIL_1_N012,RTPD,LMP,LMP_PRC,KERNOIL_1_N012,ALL,1,65.95144,3,146
2022-09-03T18:30:00-00:00,2022-09-03T18:45:00-00:00,2022-09-03,12,KERNOIL_1_N012,KERNOIL_1_N012,KERNOIL_1_N012,RTPD,LMP,LMP_PRC,KERNOIL_1_N012,ALL,1,70.69121,3,146
2022-09-03T19:30:00-00:00,2022-09-03T19:45:00-00:00,2022-09-03,13,KERNOIL_1_N012,KERNOIL_1_N012,KERNOIL_1_N012,RTPD,LMP,LMP_PRC,KERNOIL_1_N012,ALL,1,0.90746,3,146
2022-09-03T20:30:00-00:00,2022-09-03T20:45:00-00:00,2022-09-03,14,KERNOIL_1_N012,KERNOIL_1_N012,KERNOIL_1_N012,RTPD,LMP,LMP_PRC,KERNOIL_1_N012,ALL,1,76.81104,3,146
2022-09-03T21:30:00-00:00,2022-09-03T21:45:00-00:00,2022-09-03,15,KERNOIL_1_N012,KERNOIL_1_N012,KERNOIL_1_N012,RTPD,LMP,LMP_PRC,KERNOIL_1_N012,ALL,1,89.7892,3,146
2022-09-03T22:30:00-00:00,2022-09-03T22:45:00-00:00,2022-09-03,16,KERNOIL_1_N012,KERNOIL_1_N012,KERNOIL_1_N012,RTPD,LMP,LMP_PRC,KERNOIL_1_N012,ALL,1,80.99194,3,146
2022-09-03T23:30:00-00:00,2022-09-03T23:45:00-00:00,2022-09-03,17,KERNOIL_1_N012,KERNOIL_1_N012,KERNOIL_1_N012,RTPD,LMP,LMP_PRC,KERNOIL_1_N012,ALL,1,118.33629,3,146
2022-09-04T00:30:00-00:00,2022-09-04T00:45:00-00:00,2022-09-03,18,KERNOIL_1_N012,KERNOIL_1_N012,KERNOIL_1_N012,RTPD,LMP,LMP_PRC,KERNOIL_1_N012,ALL,1,141.68756,3,146
2022-09-04T01:30:00-00:00,2022-09-04T01:45:00-00:00,2022-09-03,19,KERNOIL_1_N012,KERNOIL_1_N012,KERNOIL_1_N012,RTPD,LMP,LMP_PRC,KERNOIL_1_N012,ALL,1,125.60527,3,146
2022-09-04T02:30:00-00:00,2022-09-04T02:45:00-00:00,2022-09-03,20,KERNOIL_1_N012,KERNOIL_1_N012,KERNOIL_1_N012,RTPD,LMP,LMP_PRC,KERNOIL_1_N012,ALL,1,117.7595,3,146
2022-09-04T03:30:00-00:00,2022-09-04T03:45:00-00:00,2022-09-03,21,KERNOIL_1_N012,KERNOIL_1_N012,KERNOIL_1_N012,RTPD,LMP,LMP_PRC,KERNOIL_1_N012,ALL,1,84.9458,3,146
2022-09-04T04:30:00-00:00,2022-09-04T04:45:00-00:00,2022-09-03,22,KERNOIL_1_N012,KERNOIL_1_N012,KERNOIL_1_N012,RTPD,LMP,LMP_PRC,KERNOIL_1_N012,ALL,1,94.89445,3,146
2022-09-04T05:30:00-00:00,2022-09-04T05:45:00-00:00,2022-09-03,23,KERNOIL_1_N012,KERNOIL_1_N012,KERNOIL_1_N012,RTPD,LMP,LMP_PRC,KERNOIL_1_N012,ALL,1,93.69828,3,146
2022-09-04T06:30:00-00:00,2022-09-04T06:45:00-00:00,2022-09-03,24,KERNOIL_1_N012,KERNOIL_1_N012,KERNOIL_1_N012,RTPD,LMP,LMP_PRC,KERNOIL_1_N012,ALL,1,80.73009,3,146
2022-09-03T07:45:00-00:00,2022-09-03T08:00:00-00:00,2022-09-03,01,KERNOIL_1_N012,KERNOIL_1_N012,KERNOIL_1_N012,RTPD,LMP,LMP_PRC,KERNOIL_1_N012,ALL,1,79.81079,4,146
2022-09-03T08:45:00-00:00,2022-09-03T09:00:00-00:00,2022-09-03,02,KERNOIL_1_N012,KERNOIL_1_N012,KERNOIL_1_N012,RTPD,LMP,LMP_PRC,KERNOIL_1_N012,ALL,1,88.34279,4,146
2022-09-03T09:45:00-00:00,2022-09-03T10:00:00-00:00,2022-09-03,03,KERNOIL_1_N012,KERNOIL_1_N012,KERNOIL_1_N012,RTPD,LMP,LMP_PRC,KERNOIL_1_N012,ALL,1,66.87717,4,146
2022-09-03T10:45:00-00:00,2022-09-03T11:00:00-00:00,2022-09-03,04,KERNOIL_1_N012,KERNOIL_1_N012,KERNOIL_1_N012,RTPD,LMP,LMP_PRC,KERNOIL_1_N012,ALL,1,90.70755,4,146
2022-09-03T11:45:00-00:00,2022-09-03T12:00:00-00:00,2022-09-03,05,KERNOIL_1_N012,KERNOIL_1_N012,KERNOIL_1_N012,RTPD,LMP,LMP_PRC,KERNOIL_1_N012,ALL,1,77.15887,4,146
2022-09-03T12:45:00-00:00,2022-09-03T13:00:00-00:00,2022-09-03,06,KERNOIL_1_N012,KERNOIL_1_N012,KERNOIL_1_N012,RTPD,LMP,LMP_PRC,KERNOIL_1_N012,ALL,1,65.32442,4,146
2022-09-03T13:45:00-00:00,2022-09-03T14:00:00-00:00,2022-09-03,07,KERNOIL_1_N012,KERNOIL_1_N012,KERNOIL_1_N012,RTPD,LMP,LMP_PRC,KERNOIL_1_N012,ALL,1,75.69214,4,146
2022-09-03T14:45:00-00:00,2022-09-03T15:00:00-00:00,2022-09-03,08,KERNOIL_1_N012,KERNOIL_1_N012,KERNOIL_1_N012,RTPD,LMP,LMP_PRC,KERNOIL_1_N012,ALL,1,21.24974,4,146
2022-09-03T15:45:00-00:00,2022-09-03T16:00:00-00:00,2022-09-03,09,KERNOIL_1_N012,KERNOIL_1_N012,KERNOIL_1_N012,RTPD,LMP,LMP_PRC,KERNOIL_1_N012,ALL,1,23.98991,4,146
2022-09-03T16:45:00-00:00,2022-09-03T17:00:00-00:00,2022-09-03,10,KERNOIL_1_N012,KERNOIL_1_N012,KERNOIL_1_N012,RTPD,LMP,LMP_PRC,KERNOIL_1_N012,ALL,1,47.72888,4,146
2022-09-03T17:45:00-00:00,2022-09-03T18:00:00-00:00,2022-09-03,11,KERNOIL_1_N012,KERNOIL_1_N012,KERNOIL_1_N012,RTPD,LMP,LMP_PRC,KERNOIL_1_N012,ALL,1,69.90118,4,146
2022-09-03T18:45:00-00:00,2022-09-03T19:00:00-00:00,2022-09-03,12,KERNOIL_1_N012,KERNOIL_1_N012,KERNOIL_1_N012,RTPD,LMP,LMP_PRC,KERNOIL_1_N012,ALL,1,65.99937,4,146
2022-09-03T19:45:00-00:00,2022-09-03T20:00:00-00:00,2022-09-03,13,KERNOIL_1_N012,KERNOIL_1_N012,KERNOIL_1_N012,RTPD,LMP,LMP_PRC,KERNOIL_1_N012,ALL,1,-0.01,4,146
2022-09-03T20:45:00-00:00,2022-09-03T21:00:00-00:00,2022-09-03,14,KERNOIL_1_N012,KERNOIL_1_N012,KERNOIL_1_N012,RTPD,LMP,LMP_PRC,KERNOIL_1_N012,ALL,1,76.21765,4,146
2022-09-03T21:45:00-00:00,2022-09-03T22:00:00-00:00,2022-09-03,15,KERNOIL_1_N012,KERNOIL_1_N012,KERNOIL_1_N012,RTPD,LMP,LMP_PRC,KERNOIL_1_N012,ALL,1,99.21076,4,146
2022-09-03T22:45:00-00:00,2022-09-03T23:00:00-00:00,2022-09-03,16,KERNOIL_1_N012,KERNOIL_1_N012,KERNOIL_1_N012,RTPD,LMP,LMP_PRC,KERNOIL_1_N012,ALL,1,108.5938,4,146
2022-09-03T23:45:00-00:00,2022-09-04T00:00:00-00:00,2022-09-03,17,KERNOIL_1_N012,KERNOIL_1_N012,KERNOIL_1_N012,RTPD,LMP,LMP_PRC,KERNOIL_1_N012,ALL,1,138.07434,4,146
2022-09-04T00:45:00-00:00,2022-09-04T01:00:00-00:00,2022-09-03,18,KERNOIL_1_N012,KERNOIL_1_N012,KERNOIL_1_N012,RTPD,LMP,LMP_PRC,KERNOIL_1_N012,ALL,1,78.39799,4,146
2022-09-04T01:45:00-00:00,2022-09-04T02:00:00-00:00,2022-09-03,19,KERNOIL_1_N012,KERNOIL_1_N012,KERNOIL_1_N012,RTPD,LMP,LMP_PRC,KERNOIL_1_N012,ALL,1,401.57968,4,146
2022-09-04T02:45:00-00:00,2022-09-04T03:00:00-00:00,2022-09-03,20,KERNOIL_1_N012,KERNOIL_1_N012,KERNOIL_1_N012,RTPD,LMP,LMP_PRC,KERNOIL_1_N012,ALL,1,121.8903,4,146
2022-09-04T03:45:00-00:00,2022-09-04T04:00:00-00:00,2022-09-03,21,KERNOIL_1_N012,KERNOIL_1_N012,KERNOIL_1_N012,RTPD,LMP,LMP_PRC,KERNOIL_1_N012,ALL,1,69.76114,4,146
2022-09-04T04:45:00-00:00,2022-09-04T05:00:00-00:00,2022-09-03,22,KERNOIL_1_N012,KERNOIL_1_N012,KERNOIL_1_N012,RTPD,LMP,LMP_PRC,KERNOIL_1_N012,ALL,1,96.96487,4,146
2022-09-04T05:45:00-00:00,2022-09-04T06:00:00-00:00,2022-09-03,23,KERNOIL_1_N012,KERNOIL_1_N012,KERNOIL_1_N012,RTPD,LMP,LMP_PRC,KERNOIL_1_N012,ALL,1,85.99216,4,146
2022-09-04T06:45:00-00:00,2022-09-04T07:00:00-00:00,2022-09-03,24,KERNOIL_1_N012,KERNOIL_1_N012,KERNOIL_1_N012,RTPD,LMP,LMP_PRC,KERNOIL_1_N012,ALL,1,68.83421,4,146
2022-09-03T07:00:00-00:00,2022-09-03T07:15:00-00:00,2022-09-03,01,KERNOIL_1_N012,KERNOIL_1_N012,KERNOIL_1_N012,RTPD,MCC,LMP_CONG_PRC,KERNOIL_1_N012,ALL,1,-7.99056,1,147
2022-09-03T08:00:00-00:00,2022-09-03T08:15:00-00:00,2022-09-03,02,KERNOIL_1_N012,KERNOIL_1_N012,KERNOIL_1_N012,RTPD,MCC,LMP_CONG_PRC,KERNOIL_1_N012,ALL,1,-1.94836,1,147
2022-09-03T09:00:00-00:00,2022-09-03T09:15:00-00:00,2022-09-03,03,KERNOIL_1_N012,KERNOIL_1_N012,KERNOIL_1_N012,RTPD,MCC,LMP_CONG_PRC,KERNOIL_1_N012,ALL,1,2.44899,1,147
2022-09-03T10:00:00-00:00,2022-09-03T10:15:00-00:00,2022-09-03,04,KERNOIL_1_N012,KERNOIL_1_N012,KERNOIL_1_N012,RTPD,MCC,LMP_CONG_PRC,KERNOIL_1_N012,ALL,1,-12.09287,1,147
2022-09-03T11:00:00-00:00,2022-09-03T11:15:00-00:00,2022-09-03,05,KERNOIL_1_N012,KERNOIL_1_N012,KERNOIL_1_N012,RTPD,MCC,LMP_CONG_PRC,KERNOIL_1_N012,ALL,1,5.26761,1,147
2022-09-03T12:00:00-00:00,2022-09-03T12:15:00-00:00,2022-09-03,06,KERNOIL_1_N012,KERNOIL_1_N012,KERNOIL_1_N012,RTPD,MCC,LMP_CONG_PRC,KERNOIL_1_N012,ALL,1,-2.92379,1,147
2022-09-03T13:00:00-00:00,2022-09-03T13:15:00-00:00,2022-09-03,07,KERNOIL_1_N012,KERNOIL_1_N012,KERNOIL_1_N012,RTPD,MCC,LMP_CONG_PRC,KERNOIL_1_N012,ALL,1,23.68876,1,147
2022-09-03T14:00:00-00:00,2022-09-03T14:15:00-00:00,2022-09-03,08,KERNOIL_1_N012,KERNOIL_1_N012,KERNOIL_1_N012,RTPD,MCC,LMP_CONG_PRC,KERNOIL_1_N012,ALL,1,35.58839,1,147
2022-09-03T15:00:00-00:00,2022-09-03T15:15:00-00:00,2022-09-03,09,KERNOIL_1_N012,KERNOIL_1_N012,KERNOIL_1_N012,RTPD,MCC,LMP_CONG_PRC,KERNOIL_1_N012,ALL,1,0,1,147
2022-09-03T16:00:00-00:00,2022-09-03T16:15:00-00:00,2022-09-03,10,KERNOIL_1_N012,KERNOIL_1_N012,KERNOIL_1_N012,RTPD,MCC,LMP_CONG_PRC,KERNOIL_1_N012,ALL,1,0,1,147
2022-09-03T17:00:00-00:00,2022-09-03T17:15:00-00:00,2022-09-03,11,KERNOIL_1_N012,KERNOIL_1_N012,KERNOIL_1_N012,RTPD,MCC,LMP_CONG_PRC,KERNOIL_1_N012,ALL,1,0,1,147
2022-09-03T18:00:00-00:00,2022-09-03T18:15:00-00:00,2022-09-03,12,KERNOIL_1_N012,KERNOIL_1_N012,KERNOIL_1_N012,RTPD,MCC,LMP_CONG_PRC,KERNOIL_1_N012,ALL,1,-8.10939,1,147
2022-09-03T19:00:00-00:00,2022-09-03T19:15:00-00:00,2022-09-03,13,KERNOIL_1_N012,KERNOIL_1_N012,KERNOIL_1_N012,RTPD,MCC,LMP_CONG_PRC,KERNOIL_1_N012,ALL,1,-50.70736,1,147
2022-09-03T20:00:00-00:00,2022-09-03T20:15:00-00:00,2022-09-03,14,KERNOIL_1_N012,KERNOIL_1_N012,KERNOIL_1_N012,RTPD,MCC,LMP_CONG_PRC,KERNOIL_1_N012,ALL,1,-2.16513,1,147
2022-09-03T21:00:00-00:00,2022-09-03T21:15:00-00:00,2022-09-03,15,KERNOIL_1_N012,KERNOIL_1_N012,KERNOIL_1_N012,RTPD,MCC,LMP_CONG_PRC,KERNOIL_1_N012,ALL,1,11.0064,1,147
2022-09-03T22:00:00-00:00,2022-09-03T22:15:00-00:00,2022-09-03,16,KERNOIL_1_N012,KERNOIL_1_N012,KERNOIL_1_N012,RTPD,MCC,LMP_CONG_PRC,KERNOIL_1_N012,ALL,1,38.29436,1,147
2022-09-03T23:00:00-00:00,2022-09-03T23:15:00-00:00,2022-09-03,17,KERNOIL_1_N012,KERNOIL_1_N012,KERNOIL_1_N012,RTPD,MCC,LMP_CONG_PRC,KERNOIL_1_N012,ALL,1,23.64426,1,147
2022-09-04T00:00:00-00:00,2022-09-04T00:15:00-00:00,2022-09-03,18,KERNOIL_1_N012,KERNOIL_1_N012,KERNOIL_1_N012,RTPD,MCC,LMP_CONG_PRC,KERNOIL_1_N012,ALL,1,31.09225,1,147
2022-09-04T01:00:00-00:00,2022-09-04T01:15:00-00:00,2022-09-03,19,KERNOIL_1_N012,KERNOIL_1_N012,KERNOIL_1_N012,RTPD,MCC,LMP_CONG_PRC,KERNOIL_1_N012,ALL,1,-70.43637,1,147
2022-09-04T02:00:00-00:00,2022-09-04T02:15:00-00:00,2022-09-03,20,KERNOIL_1_N012,KERNOIL_1_N012,KERNOIL_1_N012,RTPD,MCC,LMP_CONG_PRC,KERNOIL_1_N012,ALL,1,-16.96465,1,147
2022-09-04T03:00:00-00:00,2022-09-04T03:15:00-00:00,2022-09-03,21,KERNOIL_1_N012,KERNOIL_1_N012,KERNOIL_1_N012,RTPD,MCC,LMP_CONG_PRC,KERNOIL_1_N012,ALL,1,-25.66029,1,147
2022-09-04T04:00:00-00:00,2022-09-04T04:15:00-00:00,2022-09-03,22,KERNOIL_1_N012,KERNOIL_1_N012,KERNOIL_1_N012,RTPD,MCC,LMP_CONG_PRC,KERNOIL_1_N012,ALL,1,-18.72302,1,147
2022-09-04T05:00:00-00:00,2022-09-04T05:15:00-00:00,2022-09-03,23,KERNOIL_1_N012,KERNOIL_1_N012,KERNOIL_1_N012,RTPD,MCC,LMP_CONG_PRC,KERNOIL_1_N012,ALL,1,-33.97348,1,147
2022-09-04T06:00:00-00:00,2022-09-04T06:15:00-00:00,2022-09-03,24,KERNOIL_1_N012,KERNOIL_1_N012,KERNOIL_1_N012,RTPD,MCC,LMP_CONG_PRC,KERNOIL_1_N012,ALL,1,-17.47546,1,147
2022-09-03T07:15:00-00:00,2022-09-03T07:30:00-00:00,2022-09-03,01,KERNOIL_1_N012,KERNOIL_1_N012,KERNOIL_1_N012,RTPD,MCC,LMP_CONG_PRC,KERNOIL_1_N012,ALL,1,-13.19782,2,147
2022-09-03T08:15:00-00:00,2022-09-03T08:30:00-00:00,2022-09-03,02,KERNOIL_1_N012,KERNOIL_1_N012,KERNOIL_1_N012,RTPD,MCC,LMP_CONG_PRC,KERNOIL_1_N012,ALL,1,0.15832,2,147
2022-09-03T09:15:00-00:00,2022-09-03T09:30:00-00:00,2022-09-03,03,KERNOIL_1_N012,KERNOIL_1_N012,KERNOIL_1_N012,RTPD,MCC,LMP_CONG_PRC,KERNOIL_1_N012,ALL,1,-12.74299,2,147
2022-09-03T10:15:00-00:00,2022-09-03T10:30:00-00:00,2022-09-03,04,KERNOIL_1_N012,KERNOIL_1_N012,KERNOIL_1_N012,RTPD,MCC,LMP_CONG_PRC,KERNOIL_1_N012,ALL,1,-13.96313,2,147
2022-09-03T11:15:00-00:00,2022-09-03T11:30:00-00:00,2022-09-03,05,KERNOIL_1_N012,KERNOIL_1_N012,KERNOIL_1_N012,RTPD,MCC,LMP_CONG_PRC,KERNOIL_1_N012,ALL,1,-4.67573,2,147
2022-09-03T12:15:00-00:00,2022-09-03T12:30:00-00:00,2022-09-03,06,KERNOIL_1_N012,KERNOIL_1_N012,KERNOIL_1_N012,RTPD,MCC,LMP_CONG_PRC,KERNOIL_1_N012,ALL,1,-4.89465,2,147
2022-09-03T13:15:00-00:00,2022-09-03T13:30:00-00:00,2022-09-03,07,KERNOIL_1_N012,KERNOIL_1_N012,KERNOIL_1_N012,RTPD,MCC,LMP_CONG_PRC,KERNOIL_1_N012,ALL,1,23.77,2,147
2022-09-03T14:15:00-00:00,2022-09-03T14:30:00-00:00,2022-09-03,08,KERNOIL_1_N012,KERNOIL_1_N012,KERNOIL_1_N012,RTPD,MCC,LMP_CONG_PRC,KERNOIL_1_N012,ALL,1,31.93488,2,147
2022-09-03T15:15:00-00:00,2022-09-03T15:30:00-00:00,2022-09-03,09,KERNOIL_1_N012,KERNOIL_1_N012,KERNOIL_1_N012,RTPD,MCC,LMP_CONG_PRC,KERNOIL_1_N012,ALL,1,0,2,147
2022-09-03T16:15:00-00:00,2022-09-03T16:30:00-00:00,2022-09-03,10,KERNOIL_1_N012,KERNOIL_1_N012,KERNOIL_1_N012,RTPD,MCC,LMP_CONG_PRC,KERNOIL_1_N012,ALL,1,0,2,147
2022-09-03T17:15:00-00:00,2022-09-03T17:30:00-00:00,2022-09-03,11,KERNOIL_1_N012,KERNOIL_1_N012,KERNOIL_1_N012,RTPD,MCC,LMP_CONG_PRC,KERNOIL_1_N012,ALL,1,0,2,147
2022-09-03T18:15:00-00:00,2022-09-03T18:30:00-00:00,2022-09-03,12,KERNOIL_1_N012,KERNOIL_1_N012,KERNOIL_1_N012,RTPD,MCC,LMP_CONG_PRC,KERNOIL_1_N012,ALL,1,-2.90162,2,147
2022-09-03T19:15:00-00:00,2022-09-03T19:30:00-00:00,2022-09-03,13,KERNOIL_1_N012,KERNOIL_1_N012,KERNOIL_1_N012,RTPD,MCC,LMP_CONG_PRC,KERNOIL_1_N012,ALL,1,-55.36134,2,147
2022-09-03T20:15:00-00:00,2022-09-03T20:30:00-00:00,2022-09-03,14,KERNOIL_1_N012,KERNOIL_1_N012,KERNOIL_1_N012,RTPD,MCC,LMP_CONG_PRC,KERNOIL_1_N012,ALL,1,3.70677,2,147
2022-09-03T21:15:00-00:00,2022-09-03T21:30:00-00:00,2022-09-03,15,KERNOIL_1_N012,KERNOIL_1_N012,KERNOIL_1_N012,RTPD,MCC,LMP_CONG_PRC,KERNOIL_1_N012,ALL,1,28.09561,2,147
2022-09-03T22:15:00-00:00,2022-09-03T22:30:00-00:00,2022-09-03,16,KERNOIL_1_N012,KERNOIL_1_N012,KERNOIL_1_N012,RTPD,MCC,LMP_CONG_PRC,KERNOIL_1_N012,ALL,1,27.34502,2,147
2022-09-03T23:15:00-00:00,2022-09-03T23:30:00-00:00,2022-09-03,17,KERNOIL_1_N012,KERNOIL_1_N012,KERNOIL_1_N012,RTPD,MCC,LMP_CONG_PRC,KERNOIL_1_N012,ALL,1,10.39429,2,147
2022-09-04T00:15:00-00:00,2022-09-04T00:30:00-00:00,2022-09-03,18,KERNOIL_1_N012,KERNOIL_1_N012,KERNOIL_1_N012,RTPD,MCC,LMP_CONG_PRC,KERNOIL_1_N012,ALL,1,51.42846,2,147
2022-09-04T01:15:00-00:00,2022-09-04T01:30:00-00:00,2022-09-03,19,KERNOIL_1_N012,KERNOIL_1_N012,KERNOIL_1_N012,RTPD,MCC,LMP_CONG_PRC,KERNOIL_1_N012,ALL,1,-78.24826,2,147
2022-09-04T02:15:00-00:00,2022-09-04T02:30:00-00:00,2022-09-03,20,KERNOIL_1_N012,KERNOIL_1_N012,KERNOIL_1_N012,RTPD,MCC,LMP_CONG_PRC,KERNOIL_1_N012,ALL,1,-17.28222,2,147
2022-09-04T03:15:00-00:00,2022-09-04T03:30:00-00:00,2022-09-03,21,KERNOIL_1_N012,KERNOIL_1_N012,KERNOIL_1_N012,RTPD,MCC,LMP_CONG_PRC,KERNOIL_1_N012,ALL,1,-18.10945,2,147
2022-09-04T04:15:00-00:00,2022-09-04T04:30:00-00:00,2022-09-03,22,KERNOIL_1_N012,KERNOIL_1_N012,KERNOIL_1_N012,RTPD,MCC,LMP_CONG_PRC,KERNOIL_1_N012,ALL,1,-19.51457,2,147
2022-09-04T05:15:00-00:00,2022-09-04T05:30:00-00:00,2022-09-03,23,KERNOIL_1_N012,KERNOIL_1_N012,KERNOIL_1_N012,RTPD,MCC,LMP_CONG_PRC,KERNOIL_1_N012,ALL,1,-25.54038,2,147
2022-09-04T06:15:00-00:00,2022-09-04T06:30:00-00:00,2022-09-03,24,KERNOIL_1_N012,KERNOIL_1_N012,KERNOIL_1_N012,RTPD,MCC,LMP_CONG_PRC,KERNOIL_1_N012,ALL,1,-15.85508,2,147
2022-09-03T07:30:00-00:00,2022-09-03T07:45:00-00:00,2022-09-03,01,KERNOIL_1_N012,KERNOIL_1_N012,KERNOIL_1_N012,RTPD,MCC,LMP_CONG_PRC,KERNOIL_1_N012,ALL,1,-9.56216,3,147
2022-09-03T08:30:00-00:00,2022-09-03T08:45:00-00:00,2022-09-03,02,KERNOIL_1_N012,KERNOIL_1_N012,KERNOIL_1_N012,RTPD,MCC,LMP_CONG_PRC,KERNOIL_1_N012,ALL,1,0.7557,3,147
2022-09-03T09:30:00-00:00,2022-09-03T09:45:00-00:00,2022-09-03,03,KERNOIL_1_N012,KERNOIL_1_N012,KERNOIL_1_N012,RTPD,MCC,LMP_CONG_PRC,KERNOIL_1_N012,ALL,1,-16.86204,3,147
2022-09-03T10:30:00-00:00,2022-09-03T10:45:00-00:00,2022-09-03,04,KERNOIL_1_N012,KERNOIL_1_N012,KERNOIL_1_N012,RTPD,MCC,LMP_CONG_PRC,KERNOIL_1_N012,ALL,1,-13.37663,3,147
2022-09-03T11:30:00-00:00,2022-09-03T11:45:00-00:00,2022-09-03,05,KERNOIL_1_N012,KERNOIL_1_N012,KERNOIL_1_N012,RTPD,MCC,LMP_CONG_PRC,KERNOIL_1_N012,ALL,1,14.57678,3,147
2022-09-03T12:30:00-00:00,2022-09-03T12:45:00-00:00,2022-09-03,06,KERNOIL_1_N012,KERNOIL_1_N012,KERNOIL_1_N012,RTPD,MCC,LMP_CONG_PRC,KERNOIL_1_N012,ALL,1,-6.22098,3,147
2022-09-03T13:30:00-00:00,2022-09-03T13:45:00-00:00,2022-09-03,07,KERNOIL_1_N012,KERNOIL_1_N012,KERNOIL_1_N012,RTPD,MCC,LMP_CONG_PRC,KERNOIL_1_N012,ALL,1,22.84485,3,147
2022-09-03T14:30:00-00:00,2022-09-03T14:45:00-00:00,2022-09-03,08,KERNOIL_1_N012,KERNOIL_1_N012,KERNOIL_1_N012,RTPD,MCC,LMP_CONG_PRC,KERNOIL_1_N012,ALL,1,28.35536,3,147
2022-09-03T15:30:00-00:00,2022-09-03T15:45:00-00:00,2022-09-03,09,KERNOIL_1_N012,KERNOIL_1_N012,KERNOIL_1_N012,RTPD,MCC,LMP_CONG_PRC,KERNOIL_1_N012,ALL,1,0,3,147
2022-09-03T16:30:00-00:00,2022-09-03T16:45:00-00:00,2022-09-03,10,KERNOIL_1_N012,KERNOIL_1_N012,KERNOIL_1_N012,RTPD,MCC,LMP_CONG_PRC,KERNOIL_1_N012,ALL,1,0,3,147
2022-09-03T17:30:00-00:00,2022-09-03T17:45:00-00:00,2022-09-03,11,KERNOIL_1_N012,KERNOIL_1_N012,KERNOIL_1_N012,RTPD,MCC,LMP_CONG_PRC,KERNOIL_1_N012,ALL,1,0,3,147
2022-09-03T18:30:00-00:00,2022-09-03T18:45:00-00:00,2022-09-03,12,KERNOIL_1_N012,KERNOIL_1_N012,KERNOIL_1_N012,RTPD,MCC,LMP_CONG_PRC,KERNOIL_1_N012,ALL,1,-5.79119,3,147
2022-09-03T19:30:00-00:00,2022-09-03T19:45:00-00:00,2022-09-03,13,KERNOIL_1_N012,KERNOIL_1_N012,KERNOIL_1_N012,RTPD,MCC,LMP_CONG_PRC,KERNOIL_1_N012,ALL,1,-69.20705,3,147
2022-09-03T20:30:00-00:00,2022-09-03T20:45:00-00:00,2022-09-03,14,KERNOIL_1_N012,KERNOIL_1_N012,KERNOIL_1_N012,RTPD,MCC,LMP_CONG_PRC,KERNOIL_1_N012,ALL,1,9.298,3,147
2022-09-03T21:30:00-00:00,2022-09-03T21:45:00-00:00,2022-09-03,15,KERNOIL_1_N012,KERNOIL_1_N012,KERNOIL_1_N012,RTPD,MCC,LMP_CONG_PRC,KERNOIL_1_N012,ALL,1,27.41392,3,147
2022-09-03T22:30:00-00:00,2022-09-03T22:45:00-00:00,2022-09-03,16,KERNOIL_1_N012,KERNOIL_1_N012,KERNOIL_1_N012,RTPD,MCC,LMP_CONG_PRC,KERNOIL_1_N012,ALL,1,-15.31054,3,147
2022-09-03T23:30:00-00:00,2022-09-03T23:45:00-00:00,2022-09-03,17,KERNOIL_1_N012,KERNOIL_1_N012,KERNOIL_1_N012,RTPD,MCC,LMP_CONG_PRC,KERNOIL_1_N012,ALL,1,20.28766,3,147
2022-09-04T00:30:00-00:00,2022-09-04T00:45:00-00:00,2022-09-03,18,KERNOIL_1_N012,KERNOIL_1_N012,KERNOIL_1_N012,RTPD,MCC,LMP_CONG_PRC,KERNOIL_1_N012,ALL,1,9.39598,3,147
2022-09-04T01:30:00-00:00,2022-09-04T01:45:00-00:00,2022-09-03,19,KERNOIL_1_N012,KERNOIL_1_N012,KERNOIL_1_N012,RTPD,MCC,LMP_CONG_PRC,KERNOIL_1_N012,ALL,1,-295.85886,3,147
2022-09-04T02:30:00-00:00,2022-09-04T02:45:00-00:00,2022-09-03,20,KERNOIL_1_N012,KERNOIL_1_N012,KERNOIL_1_N012,RTPD,MCC,LMP_CONG_PRC,KERNOIL_1_N012,ALL,1,-6.94382,3,147
2022-09-04T03:30:00-00:00,2022-09-04T03:45:00-00:00,2022-09-03,21,KERNOIL_1_N012,KERNOIL_1_N012,KERNOIL_1_N012,RTPD,MCC,LMP_CONG_PRC,KERNOIL_1_N012,ALL,1,-12.54418,3,147
2022-09-04T04:30:00-00:00,2022-09-04T04:45:00-00:00,2022-09-03,22,KERNOIL_1_N012,KERNOIL_1_N012,KERNOIL_1_N012,RTPD,MCC,LMP_CONG_PRC,KERNOIL_1_N012,ALL,1,-12.37172,3,147
2022-09-04T05:30:00-00:00,2022-09-04T05:45:00-00:00,2022-09-03,23,KERNOIL_1_N012,KERNOIL_1_N012,KERNOIL_1_N012,RTPD,MCC,LMP_CONG_PRC,KERNOIL_1_N012,ALL,1,-27.4674,3,147
2022-09-04T06:30:00-00:00,2022-09-04T06:45:00-00:00,2022-09-03,24,KERNOIL_1_N012,KERNOIL_1_N012,KERNOIL_1_N012,RTPD,MCC,LMP_CONG_PRC,KERNOIL_1_N012,ALL,1,-20.08288,3,147
2022-09-03T07:45:00-00:00,2022-09-03T08:00:00-00:00,2022-09-03,01,KERNOIL_1_N012,KERNOIL_1_N012,KERNOIL_1_N012,RTPD,MCC,LMP_CONG_PRC,KERNOIL_1_N012,ALL,1,-3.72139,4,147
2022-09-03T08:45:00-00:00,2022-09-03T09:00:00-00:00,2022-09-03,02,KERNOIL_1_N012,KERNOIL_1_N012,KERNOIL_1_N012,RTPD,MCC,LMP_CONG_PRC,KERNOIL_1_N012,ALL,1,0.19299,4,147
2022-09-03T09:45:00-00:00,2022-09-03T10:00:00-00:00,2022-09-03,03,KERNOIL_1_N012,KERNOIL_1_N012,KERNOIL_1_N012,RTPD,MCC,LMP_CONG_PRC,KERNOIL_1_N012,ALL,1,-13.15678,4,147
2022-09-03T10:45:00-00:00,2022-09-03T11:00:00-00:00,2022-09-03,04,KERNOIL_1_N012,KERNOIL_1_N012,KERNOIL_1_N012,RTPD,MCC,LMP_CONG_PRC,KERNOIL_1_N012,ALL,1,6.89548,4,147
2022-09-03T11:45:00-00:00,2022-09-03T12:00:00-00:00,2022-09-03,05,KERNOIL_1_N012,KERNOIL_1_N012,KERNOIL_1_N012,RTPD,MCC,LMP_CONG_PRC,KERNOIL_1_N012,ALL,1,2.0486,4,147
2022-09-03T12:45:00-00:00,2022-09-03T13:00:00-00:00,2022-09-03,06,KERNOIL_1_N012,KERNOIL_1_N012,KERNOIL_1_N012,RTPD,MCC,LMP_CONG_PRC,KERNOIL_1_N012,ALL,1,-7.87834,4,147
2022-09-03T13:45:00-00:00,2022-09-03T14:00:00-00:00,2022-09-03,07,KERNOIL_1_N012,KERNOIL_1_N012,KERNOIL_1_N012,RTPD,MCC,LMP_CONG_PRC,KERNOIL_1_N012,ALL,1,25.41485,4,147
2022-09-03T14:45:00-00:00,2022-09-03T15:00:00-00:00,2022-09-03,08,KERNOIL_1_N012,KERNOIL_1_N012,KERNOIL_1_N012,RTPD,MCC,LMP_CONG_PRC,KERNOIL_1_N012,ALL,1,0.00097,4,147
2022-09-03T15:45:00-00:00,2022-09-03T16:00:00-00:00,2022-09-03,09,KERNOIL_1_N012,KERNOIL_1_N012,KERNOIL_1_N012,RTPD,MCC,LMP_CONG_PRC,KERNOIL_1_N012,ALL,1,0,4,147
2022-09-03T16:45:00-00:00,2022-09-03T17:00:00-00:00,2022-09-03,10,KERNOIL_1_N012,KERNOIL_1_N012,KERNOIL_1_N012,RTPD,MCC,LMP_CONG_PRC,KERNOIL_1_N012,ALL,1,0,4,147
2022-09-03T17:45:00-00:00,2022-09-03T18:00:00-00:00,2022-09-03,11,KERNOIL_1_N012,KERNOIL_1_N012,KERNOIL_1_N012,RTPD,MCC,LMP_CONG_PRC,KERNOIL_1_N012,ALL,1,-2.38279,4,147
2022-09-03T18:45:00-00:00,2022-09-03T19:00:00-00:00,2022-09-03,12,KERNOIL_1_N012,KERNOIL_1_N012,KERNOIL_1_N012,RTPD,MCC,LMP_CONG_PRC,KERNOIL_1_N012,ALL,1,-7.13311,4,147
2022-09-03T19:45:00-00:00,2022-09-03T20:00:00-00:00,2022-09-03,13,KERNOIL_1_N012,KERNOIL_1_N012,KERNOIL_1_N012,RTPD,MCC,LMP_CONG_PRC,KERNOIL_1_N012,ALL,1,-73.70349,4,147
2022-09-03T20:45:00-00:00,2022-09-03T21:00:00-00:00,2022-09-03,14,KERNOIL_1_N012,KERNOIL_1_N012,KERNOIL_1_N012,RTPD,MCC,LMP_CONG_PRC,KERNOIL_1_N012,ALL,1,9.86073,4,147
2022-09-03T21:45:00-00:00,2022-09-03T22:00:00-00:00,2022-09-03,15,KERNOIL_1_N012,KERNOIL_1_N012,KERNOIL_1_N012,RTPD,MCC,LMP_CONG_PRC,KERNOIL_1_N012,ALL,1,30.42683,4,147
2022-09-03T22:45:00-00:00,2022-09-03T23:00:00-00:00,2022-09-03,16,KERNOIL_1_N012,KERNOIL_1_N012,KERNOIL_1_N012,RTPD,MCC,LMP_CONG_PRC,KERNOIL_1_N012,ALL,1,-13.95334,4,147
2022-09-03T23:45:00-00:00,2022-09-04T00:00:00-00:00,2022-09-03,17,KERNOIL_1_N012,KERNOIL_1_N012,KERNOIL_1_N012,RTPD,MCC,LMP_CONG_PRC,KERNOIL_1_N012,ALL,1,15.9152,4,147
2022-09-04T00:45:00-00:00,2022-09-04T01:00:00-00:00,2022-09-03,18,KERNOIL_1_N012,KERNOIL_1_N012,KERNOIL_1_N012,RTPD,MCC,LMP_CONG_PRC,KERNOIL_1_N012,ALL,1,-179.68483,4,147
2022-09-04T01:45:00-00:00,2022-09-04T02:00:00-00:00,2022-09-03,19,KERNOIL_1_N012,KERNOIL_1_N012,KERNOIL_1_N012,RTPD,MCC,LMP_CONG_PRC,KERNOIL_1_N012,ALL,1,30.66875,4,147
2022-09-04T02:45:00-00:00,2022-09-04T03:00:00-00:00,2022-09-03,20,KERNOIL_1_N012,KERNOIL_1_N012,KERNOIL_1_N012,RTPD,MCC,LMP_CONG_PRC,KERNOIL_1_N012,ALL,1,-13.15607,4,147
2022-09-04T03:45:00-00:00,2022-09-04T04:00:00-00:00,2022-09-03,21,KERNOIL_1_N012,KERNOIL_1_N012,KERNOIL_1_N012,RTPD,MCC,LMP_CONG_PRC,KERNOIL_1_N012,ALL,1,-18.63192,4,147
2022-09-04T04:45:00-00:00,2022-09-04T05:00:00-00:00,2022-09-03,22,KERNOIL_1_N012,KERNOIL_1_N012,KERNOIL_1_N012,RTPD,MCC,LMP_CONG_PRC,KERNOIL_1_N012,ALL,1,-1.86892,4,147
2022-09-04T05:45:00-00:00,2022-09-04T06:00:00-00:00,2022-09-03,23,KERNOIL_1_N012,KERNOIL_1_N012,KERNOIL_1_N012,RTPD,MCC,LMP_CONG_PRC,KERNOIL_1_N012,ALL,1,-20.0377,4,147
2022-09-04T06:45:00-00:00,2022-09-04T07:00:00-00:00,2022-09-03,24,KERNOIL_1_N012,KERNOIL_1_N012,KERNOIL_1_N012,RTPD,MCC,LMP_CONG_PRC,KERNOIL_1_N012,ALL,1,-23.54683,4,147
2022-09-03T07:00:00-00:00,2022-09-03T07:15:00-00:00,2022-09-03,01,KERNOIL_1_N012,KERNOIL_1_N012,KERNOIL_1_N012,RTPD,MCE,LMP_ENE_PRC,KERNOIL_1_N012,ALL,1,95.21526,1,148
2022-09-03T08:00:00-00:00,2022-09-03T08:15:00-00:00,2022-09-03,02,KERNOIL_1_N012,KERNOIL_1_N012,KERNOIL_1_N012,RTPD,MCE,LMP_ENE_PRC,KERNOIL_1_N012,ALL,1,87.28334,1,148
2022-09-03T09:00:00-00:00,2022-09-03T09:15:00-00:00,2022-09-03,03,KERNOIL_1_N012,KERNOIL_1_N012,KERNOIL_1_N012,RTPD,MCE,LMP_ENE_PRC,KERNOIL_1_N012,ALL,1,83.66355,1,148
2022-09-03T10:00:00-00:00,2022-09-03T10:15:00-00:00,2022-09-03,04,KERNOIL_1_N012,KERNOIL_1_N012,KERNOIL_1_N012,RTPD,MCE,LMP_ENE_PRC,KERNOIL_1_N012,ALL,1,78.01908,1,148
2022-09-03T11:00:00-00:00,2022-09-03T11:15:00-00:00,2022-09-03,05,KERNOIL_1_N012,KERNOIL_1_N012,KERNOIL_1_N012,RTPD,MCE,LMP_ENE_PRC,KERNOIL_1_N012,ALL,1,75.01707,1,148
2022-09-03T12:00:00-00:00,2022-09-03T12:15:00-00:00,2022-09-03,06,KERNOIL_1_N012,KERNOIL_1_N012,KERNOIL_1_N012,RTPD,MCE,LMP_ENE_PRC,KERNOIL_1_N012,ALL,1,69.78732,1,148
2022-09-03T13:00:00-00:00,2022-09-03T13:15:00-00:00,2022-09-03,07,KERNOIL_1_N012,KERNOIL_1_N012,KERNOIL_1_N012,RTPD,MCE,LMP_ENE_PRC,KERNOIL_1_N012,ALL,1,60.44229,1,148
2022-09-03T14:00:00-00:00,2022-09-03T14:15:00-00:00,2022-09-03,08,KERNOIL_1_N012,KERNOIL_1_N012,KERNOIL_1_N012,RTPD,MCE,LMP_ENE_PRC,KERNOIL_1_N012,ALL,1,41.05574,1,148
2022-09-03T15:00:00-00:00,2022-09-03T15:15:00-00:00,2022-09-03,09,KERNOIL_1_N012,KERNOIL_1_N012,KERNOIL_1_N012,RTPD,MCE,LMP_ENE_PRC,KERNOIL_1_N012,ALL,1,25.73144,1,148
2022-09-03T16:00:00-00:00,2022-09-03T16:15:00-00:00,2022-09-03,10,KERNOIL_1_N012,KERNOIL_1_N012,KERNOIL_1_N012,RTPD,MCE,LMP_ENE_PRC,KERNOIL_1_N012,ALL,1,28.48087,1,148
2022-09-03T17:00:00-00:00,2022-09-03T17:15:00-00:00,2022-09-03,11,KERNOIL_1_N012,KERNOIL_1_N012,KERNOIL_1_N012,RTPD,MCE,LMP_ENE_PRC,KERNOIL_1_N012,ALL,1,51.7991,1,148
2022-09-03T18:00:00-00:00,2022-09-03T18:15:00-00:00,2022-09-03,12,KERNOIL_1_N012,KERNOIL_1_N012,KERNOIL_1_N012,RTPD,MCE,LMP_ENE_PRC,KERNOIL_1_N012,ALL,1,66.18183,1,148
2022-09-03T19:00:00-00:00,2022-09-03T19:15:00-00:00,2022-09-03,13,KERNOIL_1_N012,KERNOIL_1_N012,KERNOIL_1_N012,RTPD,MCE,LMP_ENE_PRC,KERNOIL_1_N012,ALL,1,49.33175,1,148
2022-09-03T20:00:00-00:00,2022-09-03T20:15:00-00:00,2022-09-03,14,KERNOIL_1_N012,KERNOIL_1_N012,KERNOIL_1_N012,RTPD,MCE,LMP_ENE_PRC,KERNOIL_1_N012,ALL,1,61.97858,1,148
2022-09-03T21:00:00-00:00,2022-09-03T21:15:00-00:00,2022-09-03,15,KERNOIL_1_N012,KERNOIL_1_N012,KERNOIL_1_N012,RTPD,MCE,LMP_ENE_PRC,KERNOIL_1_N012,ALL,1,48.58929,1,148
2022-09-03T22:00:00-00:00,2022-09-03T22:15:00-00:00,2022-09-03,16,KERNOIL_1_N012,KERNOIL_1_N012,KERNOIL_1_N012,RTPD,MCE,LMP_ENE_PRC,KERNOIL_1_N012,ALL,1,56.82881,1,148
2022-09-03T23:00:00-00:00,2022-09-03T23:15:00-00:00,2022-09-03,17,KERNOIL_1_N012,KERNOIL_1_N012,KERNOIL_1_N012,RTPD,MCE,LMP_ENE_PRC,KERNOIL_1_N012,ALL,1,71.87635,1,148
2022-09-04T00:00:00-00:00,2022-09-04T00:15:00-00:00,2022-09-03,18,KERNOIL_1_N012,KERNOIL_1_N012,KERNOIL_1_N012,RTPD,MCE,LMP_ENE_PRC,KERNOIL_1_N012,ALL,1,89.65697,1,148
2022-09-04T01:00:00-00:00,2022-09-04T01:15:00-00:00,2022-09-03,19,KERNOIL_1_N012,KERNOIL_1_N012,KERNOIL_1_N012,RTPD,MCE,LMP_ENE_PRC,KERNOIL_1_N012,ALL,1,154.23135,1,148
2022-09-04T02:00:00-00:00,2022-09-04T02:15:00-00:00,2022-09-03,20,KERNOIL_1_N012,KERNOIL_1_N012,KERNOIL_1_N012,RTPD,MCE,LMP_ENE_PRC,KERNOIL_1_N012,ALL,1,112.79788,1,148
2022-09-04T03:00:00-00:00,2022-09-04T03:15:00-00:00,2022-09-03,21,KERNOIL_1_N012,KERNOIL_1_N012,KERNOIL_1_N012,RTPD,MCE,LMP_ENE_PRC,KERNOIL_1_N012,ALL,1,114.10546,1,148
2022-09-04T04:00:00-00:00,2022-09-04T04:15:00-00:00,2022-09-03,22,KERNOIL_1_N012,KERNOIL_1_N012,KERNOIL_1_N012,RTPD,MCE,LMP_ENE_PRC,KERNOIL_1_N012,ALL,1,110.78377,1,148
2022-09-04T05:00:00-00:00,2022-09-04T05:15:00-00:00,2022-09-03,23,KERNOIL_1_N012,KERNOIL_1_N012,KERNOIL_1_N012,RTPD,MCE,LMP_ENE_PRC,KERNOIL_1_N012,ALL,1,126.90499,1,148
2022-09-04T06:00:00-00:00,2022-09-04T06:15:00-00:00,2022-09-03,24,KERNOIL_1_N012,KERNOIL_1_N012,KERNOIL_1_N012,RTPD,MCE,LMP_ENE_PRC,KERNOIL_1_N012,ALL,1,104.78344,1,148
2022-09-03T07:15:00-00:00,2022-09-03T07:30:00-00:00,2022-09-03,01,KERNOIL_1_N012,KERNOIL_1_N012,KERNOIL_1_N012,RTPD,MCE,LMP_ENE_PRC,KERNOIL_1_N012,ALL,1,92.27523,2,148
2022-09-03T08:15:00-00:00,2022-09-03T08:30:00-00:00,2022-09-03,02,KERNOIL_1_N012,KERNOIL_1_N012,KERNOIL_1_N012,RTPD,MCE,LMP_ENE_PRC,KERNOIL_1_N012,ALL,1,86.08077,2,148
2022-09-03T09:15:00-00:00,2022-09-03T09:30:00-00:00,2022-09-03,03,KERNOIL_1_N012,KERNOIL_1_N012,KERNOIL_1_N012,RTPD,MCE,LMP_ENE_PRC,KERNOIL_1_N012,ALL,1,81.52448,2,148
2022-09-03T10:15:00-00:00,2022-09-03T10:30:00-00:00,2022-09-03,04,KERNOIL_1_N012,KERNOIL_1_N012,KERNOIL_1_N012,RTPD,MCE,LMP_ENE_PRC,KERNOIL_1_N012,ALL,1,76.07778,2,148
2022-09-03T11:15:00-00:00,2022-09-03T11:30:00-00:00,2022-09-03,05,KERNOIL_1_N012,KERNOIL_1_N012,KERNOIL_1_N012,RTPD,MCE,LMP_ENE_PRC,KERNOIL_1_N012,ALL,1,70.31505,2,148
2022-09-03T12:15:00-00:00,2022-09-03T12:30:00-00:00,2022-09-03,06,KERNOIL_1_N012,KERNOIL_1_N012,KERNOIL_1_N012,RTPD,MCE,LMP_ENE_PRC,KERNOIL_1_N012,ALL,1,70.02316,2,148
2022-09-03T13:15:00-00:00,2022-09-03T13:30:00-00:00,2022-09-03,07,KERNOIL_1_N012,KERNOIL_1_N012,KERNOIL_1_N012,RTPD,MCE,LMP_ENE_PRC,KERNOIL_1_N012,ALL,1,58.94546,2,148
2022-09-03T14:15:00-00:00,2022-09-03T14:30:00-00:00,2022-09-03,08,KERNOIL_1_N012,KERNOIL_1_N012,KERNOIL_1_N012,RTPD,MCE,LMP_ENE_PRC,KERNOIL_1_N012,ALL,1,36.88333,2,148
2022-09-03T15:15:00-00:00,2022-09-03T15:30:00-00:00,2022-09-03,09,KERNOIL_1_N012,KERNOIL_1_N012,KERNOIL_1_N012,RTPD,MCE,LMP_ENE_PRC,KERNOIL_1_N012,ALL,1,25.63309,2,148
2022-09-03T16:15:00-00:00,2022-09-03T16:30:00-00:00,2022-09-03,10,KERNOIL_1_N012,KERNOIL_1_N012,KERNOIL_1_N012,RTPD,MCE,LMP_ENE_PRC,KERNOIL_1_N012,ALL,1,28.35578,2,148
2022-09-03T17:15:00-00:00,2022-09-03T17:30:00-00:00,2022-09-03,11,KERNOIL_1_N012,KERNOIL_1_N012,KERNOIL_1_N012,RTPD,MCE,LMP_ENE_PRC,KERNOIL_1_N012,ALL,1,62.78814,2,148
2022-09-03T18:15:00-00:00,2022-09-03T18:30:00-00:00,2022-09-03,12,KERNOIL_1_N012,KERNOIL_1_N012,KERNOIL_1_N012,RTPD,MCE,LMP_ENE_PRC,KERNOIL_1_N012,ALL,1,69.64405,2,148
2022-09-03T19:15:00-00:00,2022-09-03T19:30:00-00:00,2022-09-03,13,KERNOIL_1_N012,KERNOIL_1_N012,KERNOIL_1_N012,RTPD,MCE,LMP_ENE_PRC,KERNOIL_1_N012,ALL,1,55.44478,2,148
2022-09-03T20:15:00-00:00,2022-09-03T20:30:00-00:00,2022-09-03,14,KERNOIL_1_N012,KERNOIL_1_N012,KERNOIL_1_N012,RTPD,MCE,LMP_ENE_PRC,KERNOIL_1_N012,ALL,1,61.55304,2,148
2022-09-03T21:15:00-00:00,2022-09-03T21:30:00-00:00,2022-09-03,15,KERNOIL_1_N012,KERNOIL_1_N012,KERNOIL_1_N012,RTPD,MCE,LMP_ENE_PRC,KERNOIL_1_N012,ALL,1,53.762,2,148
2022-09-03T22:15:00-00:00,2022-09-03T22:30:00-00:00,2022-09-03,16,KERNOIL_1_N012,KERNOIL_1_N012,KERNOIL_1_N012,RTPD,MCE,LMP_ENE_PRC,KERNOIL_1_N012,ALL,1,70.72961,2,148
2022-09-03T23:15:00-00:00,2022-09-03T23:30:00-00:00,2022-09-03,17,KERNOIL_1_N012,KERNOIL_1_N012,KERNOIL_1_N012,RTPD,MCE,LMP_ENE_PRC,KERNOIL_1_N012,ALL,1,86.75099,2,148
2022-09-04T00:15:00-00:00,2022-09-04T00:30:00-00:00,2022-09-03,18,KERNOIL_1_N012,KERNOIL_1_N012,KERNOIL_1_N012,RTPD,MCE,LMP_ENE_PRC,KERNOIL_1_N012,ALL,1,102.50471,2,148
2022-09-04T01:15:00-00:00,2022-09-04T01:30:00-00:00,2022-09-03,19,KERNOIL_1_N012,KERNOIL_1_N012,KERNOIL_1_N012,RTPD,MCE,LMP_ENE_PRC,KERNOIL_1_N012,ALL,1,212.54434,2,148
2022-09-04T02:15:00-00:00,2022-09-04T02:30:00-00:00,2022-09-03,20,KERNOIL_1_N012,KERNOIL_1_N012,KERNOIL_1_N012,RTPD,MCE,LMP_ENE_PRC,KERNOIL_1_N012,ALL,1,130.70084,2,148
2022-09-04T03:15:00-00:00,2022-09-04T03:30:00-00:00,2022-09-03,21,KERNOIL_1_N012,KERNOIL_1_N012,KERNOIL_1_N012,RTPD,MCE,LMP_ENE_PRC,KERNOIL_1_N012,ALL,1,95.34308,2,148
2022-09-04T04:15:00-00:00,2022-09-04T04:30:00-00:00,2022-09-03,22,KERNOIL_1_N012,KERNOIL_1_N012,KERNOIL_1_N012,RTPD,MCE,LMP_ENE_PRC,KERNOIL_1_N012,ALL,1,109.32287,2,148
2022-09-04T05:15:00-00:00,2022-09-04T05:30:00-00:00,2022-09-03,23,KERNOIL_1_N012,KERNOIL_1_N012,KERNOIL_1_N012,RTPD,MCE,LMP_ENE_PRC,KERNOIL_1_N012,ALL,1,116.98954,2,148
2022-09-04T06:15:00-00:00,2022-09-04T06:30:00-00:00,2022-09-03,24,KERNOIL_1_N012,KERNOIL_1_N012,KERNOIL_1_N012,RTPD,MCE,LMP_ENE_PRC,KERNOIL_1_N012,ALL,1,96.51392,2,148
2022-09-03T07:30:00-00:00,2022-09-03T07:45:00-00:00,2022-09-03,01,KERNOIL_1_N012,KERNOIL_1_N012,KERNOIL_1_N012,RTPD,MCE,LMP_ENE_PRC,KERNOIL_1_N012,ALL,1,89.3035,3,148
2022-09-03T08:30:00-00:00,2022-09-03T08:45:00-00:00,2022-09-03,02,KERNOIL_1_N012,KERNOIL_1_N012,KERNOIL_1_N012,RTPD,MCE,LMP_ENE_PRC,KERNOIL_1_N012,ALL,1,84.37487,3,148
2022-09-03T09:30:00-00:00,2022-09-03T09:45:00-00:00,2022-09-03,03,KERNOIL_1_N012,KERNOIL_1_N012,KERNOIL_1_N012,RTPD,MCE,LMP_ENE_PRC,KERNOIL_1_N012,ALL,1,78.67165,3,148
2022-09-03T10:30:00-00:00,2022-09-03T10:45:00-00:00,2022-09-03,04,KERNOIL_1_N012,KERNOIL_1_N012,KERNOIL_1_N012,RTPD,MCE,LMP_ENE_PRC,KERNOIL_1_N012,ALL,1,74.63704,3,148
2022-09-03T11:30:00-00:00,2022-09-03T11:45:00-00:00,2022-09-03,05,KERNOIL_1_N012,KERNOIL_1_N012,KERNOIL_1_N012,RTPD,MCE,LMP_ENE_PRC,KERNOIL_1_N012,ALL,1,72.79705,3,148
2022-09-03T12:30:00-00:00,2022-09-03T12:45:00-00:00,2022-09-03,06,KERNOIL_1_N012,KERNOIL_1_N012,KERNOIL_1_N012,RTPD,MCE,LMP_ENE_PRC,KERNOIL_1_N012,ALL,1,71.64459,3,148
2022-09-03T13:30:00-00:00,2022-09-03T13:45:00-00:00,2022-09-03,07,KERNOIL_1_N012,KERNOIL_1_N012,KERNOIL_1_N012,RTPD,MCE,LMP_ENE_PRC,KERNOIL_1_N012,ALL,1,58.60193,3,148
2022-09-03T14:30:00-00:00,2022-09-03T14:45:00-00:00,2022-09-03,08,KERNOIL_1_N012,KERNOIL_1_N012,KERNOIL_1_N012,RTPD,MCE,LMP_ENE_PRC,KERNOIL_1_N012,ALL,1,35.09087,3,148
2022-09-03T15:30:00-00:00,2022-09-03T15:45:00-00:00,2022-09-03,09,KERNOIL_1_N012,KERNOIL_1_N012,KERNOIL_1_N012,RTPD,MCE,LMP_ENE_PRC,KERNOIL_1_N012,ALL,1,24.86074,3,148
2022-09-03T16:30:00-00:00,2022-09-03T16:45:00-00:00,2022-09-03,10,KERNOIL_1_N012,KERNOIL_1_N012,KERNOIL_1_N012,RTPD,MCE,LMP_ENE_PRC,KERNOIL_1_N012,ALL,1,27.53581,3,148
2022-09-03T17:30:00-00:00,2022-09-03T17:45:00-00:00,2022-09-03,11,KERNOIL_1_N012,KERNOIL_1_N012,KERNOIL_1_N012,RTPD,MCE,LMP_ENE_PRC,KERNOIL_1_N012,ALL,1,63.76433,3,148
2022-09-03T18:30:00-00:00,2022-09-03T18:45:00-00:00,2022-09-03,12,KERNOIL_1_N012,KERNOIL_1_N012,KERNOIL_1_N012,RTPD,MCE,LMP_ENE_PRC,KERNOIL_1_N012,ALL,1,73.72509,3,148
2022-09-03T19:30:00-00:00,2022-09-03T19:45:00-00:00,2022-09-03,13,KERNOIL_1_N012,KERNOIL_1_N012,KERNOIL_1_N012,RTPD,MCE,LMP_ENE_PRC,KERNOIL_1_N012,ALL,1,70.11451,3,148
2022-09-03T20:30:00-00:00,2022-09-03T20:45:00-00:00,2022-09-03,14,KERNOIL_1_N012,KERNOIL_1_N012,KERNOIL_1_N012,RTPD,MCE,LMP_ENE_PRC,KERNOIL_1_N012,ALL,1,64.79179,3,148
2022-09-03T21:30:00-00:00,2022-09-03T21:45:00-00:00,2022-09-03,15,KERNOIL_1_N012,KERNOIL_1_N012,KERNOIL_1_N012,RTPD,MCE,LMP_ENE_PRC,KERNOIL_1_N012,ALL,1,59.9647,3,148
2022-09-03T22:30:00-00:00,2022-09-03T22:45:00-00:00,2022-09-03,16,KERNOIL_1_N012,KERNOIL_1_N012,KERNOIL_1_N012,RTPD,MCE,LMP_ENE_PRC,KERNOIL_1_N012,ALL,1,91.4901,3,148
2022-09-03T23:30:00-00:00,2022-09-03T23:45:00-00:00,2022-09-03,17,KERNOIL_1_N012,KERNOIL_1_N012,KERNOIL_1_N012,RTPD,MCE,LMP_ENE_PRC,KERNOIL_1_N012,ALL,1,93.43303,3,148
2022-09-04T00:30:00-00:00,2022-09-04T00:45:00-00:00,2022-09-03,18,KERNOIL_1_N012,KERNOIL_1_N012,KERNOIL_1_N012,RTPD,MCE,LMP_ENE_PRC,KERNOIL_1_N012,ALL,1,123.47544,3,148
2022-09-04T01:30:00-00:00,2022-09-04T01:45:00-00:00,2022-09-03,19,KERNOIL_1_N012,KERNOIL_1_N012,KERNOIL_1_N012,RTPD,MCE,LMP_ENE_PRC,KERNOIL_1_N012,ALL,1,393.41373,3,148
2022-09-04T02:30:00-00:00,2022-09-04T02:45:00-00:00,2022-09-03,20,KERNOIL_1_N012,KERNOIL_1_N012,KERNOIL_1_N012,RTPD,MCE,LMP_ENE_PRC,KERNOIL_1_N012,ALL,1,116.43634,3,148
2022-09-04T03:30:00-00:00,2022-09-04T03:45:00-00:00,2022-09-03,21,KERNOIL_1_N012,KERNOIL_1_N012,KERNOIL_1_N012,RTPD,MCE,LMP_ENE_PRC,KERNOIL_1_N012,ALL,1,91.11213,3,148
2022-09-04T04:30:00-00:00,2022-09-04T04:45:00-00:00,2022-09-03,22,KERNOIL_1_N012,KERNOIL_1_N012,KERNOIL_1_N012,RTPD,MCE,LMP_ENE_PRC,KERNOIL_1_N012,ALL,1,99.5048,3,148
2022-09-04T05:30:00-00:00,2022-09-04T05:45:00-00:00,2022-09-03,23,KERNOIL_1_N012,KERNOIL_1_N012,KERNOIL_1_N012,RTPD,MCE,LMP_ENE_PRC,KERNOIL_1_N012,ALL,1,112.62845,3,148
2022-09-04T06:30:00-00:00,2022-09-04T06:45:00-00:00,2022-09-03,24,KERNOIL_1_N012,KERNOIL_1_N012,KERNOIL_1_N012,RTPD,MCE,LMP_ENE_PRC,KERNOIL_1_N012,ALL,1,93.24175,3,148
2022-09-03T07:45:00-00:00,2022-09-03T08:00:00-00:00,2022-09-03,01,KERNOIL_1_N012,KERNOIL_1_N012,KERNOIL_1_N012,RTPD,MCE,LMP_ENE_PRC,KERNOIL_1_N012,ALL,1,83.53218,4,148
2022-09-03T08:45:00-00:00,2022-09-03T09:00:00-00:00,2022-09-03,02,KERNOIL_1_N012,KERNOIL_1_N012,KERNOIL_1_N012,RTPD,MCE,LMP_ENE_PRC,KERNOIL_1_N012,ALL,1,82.09146,4,148
2022-09-03T09:45:00-00:00,2022-09-03T10:00:00-00:00,2022-09-03,03,KERNOIL_1_N012,KERNOIL_1_N012,KERNOIL_1_N012,RTPD,MCE,LMP_ENE_PRC,KERNOIL_1_N012,ALL,1,74.61678,4,148
2022-09-03T10:45:00-00:00,2022-09-03T11:00:00-00:00,2022-09-03,04,KERNOIL_1_N012,KERNOIL_1_N012,KERNOIL_1_N012,RTPD,MCE,LMP_ENE_PRC,KERNOIL_1_N012,ALL,1,78.59346,4,148
2022-09-03T11:45:00-00:00,2022-09-03T12:00:00-00:00,2022-09-03,05,KERNOIL_1_N012,KERNOIL_1_N012,KERNOIL_1_N012,RTPD,MCE,LMP_ENE_PRC,KERNOIL_1_N012,ALL,1,69.7597,4,148
2022-09-03T12:45:00-00:00,2022-09-03T13:00:00-00:00,2022-09-03,06,KERNOIL_1_N012,KERNOIL_1_N012,KERNOIL_1_N012,RTPD,MCE,LMP_ENE_PRC,KERNOIL_1_N012,ALL,1,67.86831,4,148
2022-09-03T13:45:00-00:00,2022-09-03T14:00:00-00:00,2022-09-03,07,KERNOIL_1_N012,KERNOIL_1_N012,KERNOIL_1_N012,RTPD,MCE,LMP_ENE_PRC,KERNOIL_1_N012,ALL,1,46.5703,4,148
2022-09-03T14:45:00-00:00,2022-09-03T15:00:00-00:00,2022-09-03,08,KERNOIL_1_N012,KERNOIL_1_N012,KERNOIL_1_N012,RTPD,MCE,LMP_ENE_PRC,KERNOIL_1_N012,ALL,1,21.24877,4,148
2022-09-03T15:45:00-00:00,2022-09-03T16:00:00-00:00,2022-09-03,09,KERNOIL_1_N012,KERNOIL_1_N012,KERNOIL_1_N012,RTPD,MCE,LMP_ENE_PRC,KERNOIL_1_N012,ALL,1,23.18314,4,148
2022-09-03T16:45:00-00:00,2022-09-03T17:00:00-00:00,2022-09-03,10,KERNOIL_1_N012,KERNOIL_1_N012,KERNOIL_1_N012,RTPD,MCE,LMP_ENE_PRC,KERNOIL_1_N012,ALL,1,46.59203,4,148
2022-09-03T17:45:00-00:00,2022-09-03T18:00:00-00:00,2022-09-03,11,KERNOIL_1_N012,KERNOIL_1_N012,KERNOIL_1_N012,RTPD,MCE,LMP_ENE_PRC,KERNOIL_1_N012,ALL,1,70.00191,4,148
2022-09-03T18:45:00-00:00,2022-09-03T19:00:00-00:00,2022-09-03,12,KERNOIL_1_N012,KERNOIL_1_N012,KERNOIL_1_N012,RTPD,MCE,LMP_ENE_PRC,KERNOIL_1_N012,ALL,1,73.13248,4,148
2022-09-03T19:45:00-00:00,2022-09-03T20:00:00-00:00,2022-09-03,13,KERNOIL_1_N012,KERNOIL_1_N012,KERNOIL_1_N012,RTPD,MCE,LMP_ENE_PRC,KERNOIL_1_N012,ALL,1,73.69349,4,148
2022-09-03T20:45:00-00:00,2022-09-03T21:00:00-00:00,2022-09-03,14,KERNOIL_1_N012,KERNOIL_1_N012,KERNOIL_1_N012,RTPD,MCE,LMP_ENE_PRC,KERNOIL_1_N012,ALL,1,63.90304,4,148
2022-09-03T21:45:00-00:00,2022-09-03T22:00:00-00:00,2022-09-03,15,KERNOIL_1_N012,KERNOIL_1_N012,KERNOIL_1_N012,RTPD,MCE,LMP_ENE_PRC,KERNOIL_1_N012,ALL,1,66.4579,4,148
2022-09-03T22:45:00-00:00,2022-09-03T23:00:00-00:00,2022-09-03,16,KERNOIL_1_N012,KERNOIL_1_N012,KERNOIL_1_N012,RTPD,MCE,LMP_ENE_PRC,KERNOIL_1_N012,ALL,1,118.26591,4,148
2022-09-03T23:45:00-00:00,2022-09-04T00:00:00-00:00,2022-09-03,17,KERNOIL_1_N012,KERNOIL_1_N012,KERNOIL_1_N012,RTPD,MCE,LMP_ENE_PRC,KERNOIL_1_N012,ALL,1,116.80928,4,148
2022-09-04T00:45:00-00:00,2022-09-04T01:00:00-00:00,2022-09-03,18,KERNOIL_1_N012,KERNOIL_1_N012,KERNOIL_1_N012,RTPD,MCE,LMP_ENE_PRC,KERNOIL_1_N012,ALL,1,258.08282,4,148
2022-09-04T01:45:00-00:00,2022-09-04T02:00:00-00:00,2022-09-03,19,KERNOIL_1_N012,KERNOIL_1_N012,KERNOIL_1_N012,RTPD,MCE,LMP_ENE_PRC,KERNOIL_1_N012,ALL,1,349.2899,4,148
2022-09-04T02:45:00-00:00,2022-09-04T03:00:00-00:00,2022-09-03,20,KERNOIL_1_N012,KERNOIL_1_N012,KERNOIL_1_N012,RTPD,MCE,LMP_ENE_PRC,KERNOIL_1_N012,ALL,1,126.7922,4,148
2022-09-04T03:45:00-00:00,2022-09-04T04:00:00-00:00,2022-09-03,21,KERNOIL_1_N012,KERNOIL_1_N012,KERNOIL_1_N012,RTPD,MCE,LMP_ENE_PRC,KERNOIL_1_N012,ALL,1,83.08399,4,148
2022-09-04T04:45:00-00:00,2022-09-04T05:00:00-00:00,2022-09-03,22,KERNOIL_1_N012,KERNOIL_1_N012,KERNOIL_1_N012,RTPD,MCE,LMP_ENE_PRC,KERNOIL_1_N012,ALL,1,92.33352,4,148
2022-09-04T05:45:00-00:00,2022-09-04T06:00:00-00:00,2022-09-03,23,KERNOIL_1_N012,KERNOIL_1_N012,KERNOIL_1_N012,RTPD,MCE,LMP_ENE_PRC,KERNOIL_1_N012,ALL,1,99.18602,4,148
2022-09-04T06:45:00-00:00,2022-09-04T07:00:00-00:00,2022-09-03,24,KERNOIL_1_N012,KERNOIL_1_N012,KERNOIL_1_N012,RTPD,MCE,LMP_ENE_PRC,KERNOIL_1_N012,ALL,1,85.94384,4,148
2022-09-03T07:00:00-00:00,2022-09-03T07:15:00-00:00,2022-09-03,01,KERNOIL_1_N012,KERNOIL_1_N012,KERNOIL_1_N012,RTPD,MCL,LMP_LOSS_PRC,KERNOIL_1_N012,ALL,1,6.28421,1,149
2022-09-03T08:00:00-00:00,2022-09-03T08:15:00-00:00,2022-09-03,02,KERNOIL_1_N012,KERNOIL_1_N012,KERNOIL_1_N012,RTPD,MCL,LMP_LOSS_PRC,KERNOIL_1_N012,ALL,1,0,1,149
2022-09-03T09:00:00-00:00,2022-09-03T09:15:00-00:00,2022-09-03,03,KERNOIL_1_N012,KERNOIL_1_N012,KERNOIL_1_N012,RTPD,MCL,LMP_LOSS_PRC,KERNOIL_1_N012,ALL,1,0,1,149
2022-09-03T10:00:00-00:00,2022-09-03T10:15:00-00:00,2022-09-03,04,KERNOIL_1_N012,KERNOIL_1_N012,KERNOIL_1_N012,RTPD,MCL,LMP_LOSS_PRC,KERNOIL_1_N012,ALL,1,0,1,149
2022-09-03T11:00:00-00:00,2022-09-03T11:15:00-00:00,2022-09-03,05,KERNOIL_1_N012,KERNOIL_1_N012,KERNOIL_1_N012,RTPD,MCL,LMP_LOSS_PRC,KERNOIL_1_N012,ALL,1,0,1,149
2022-09-03T12:00:00-00:00,2022-09-03T12:15:00-00:00,2022-09-03,06,KERNOIL_1_N012,KERNOIL_1_N012,KERNOIL_1_N012,RTPD,MCL,LMP_LOSS_PRC,KERNOIL_1_N012,ALL,1,0,1,149
2022-09-03T13:00:00-00:00,2022-09-03T13:15:00-00:00,2022-09-03,07,KERNOIL_1_N012,KERNOIL_1_N012,KERNOIL_1_N012,RTPD,MCL,LMP_LOSS_PRC,KERNOIL_1_N012,ALL,1,0,1,149
2022-09-03T14:00:00-00:00,2022-09-03T14:15:00-00:00,2022-09-03,08,KERNOIL_1_N012,KERNOIL_1_N012,KERNOIL_1_N012,RTPD,MCL,LMP_LOSS_PRC,KERNOIL_1_N012,ALL,1,0,1,149
2022-09-03T15:00:00-00:00,2022-09-03T15:15:00-00:00,2022-09-03,09,KERNOIL_1_N012,KERNOIL_1_N012,KERNOIL_1_N012,RTPD,MCL,LMP_LOSS_PRC,KERNOIL_1_N012,ALL,1,1.33289,1,149
2022-09-03T16:00:00-00:00,2022-09-03T16:15:00-00:00,2022-09-03,10,KERNOIL_1_N012,KERNOIL_1_N012,KERNOIL_1_N012,RTPD,MCL,LMP_LOSS_PRC,KERNOIL_1_N012,ALL,1,0.92278,1,149
2022-09-03T17:00:00-00:00,2022-09-03T17:15:00-00:00,2022-09-03,11,KERNOIL_1_N012,KERNOIL_1_N012,KERNOIL_1_N012,RTPD,MCL,LMP_LOSS_PRC,KERNOIL_1_N012,ALL,1,1.68347,1,149
2022-09-03T18:00:00-00:00,2022-09-03T18:15:00-00:00,2022-09-03,12,KERNOIL_1_N012,KERNOIL_1_N012,KERNOIL_1_N012,RTPD,MCL,LMP_LOSS_PRC,KERNOIL_1_N012,ALL,1,2.50167,1,149
2022-09-03T19:00:00-00:00,2022-09-03T19:15:00-00:00,2022-09-03,13,KERNOIL_1_N012,KERNOIL_1_N012,KERNOIL_1_N012,RTPD,MCL,LMP_LOSS_PRC,KERNOIL_1_N012,ALL,1,2.1114,1,149
2022-09-03T20:00:00-00:00,2022-09-03T20:15:00-00:00,2022-09-03,14,KERNOIL_1_N012,KERNOIL_1_N012,KERNOIL_1_N012,RTPD,MCL,LMP_LOSS_PRC,KERNOIL_1_N012,ALL,1,2.6155,1,149
2022-09-03T21:00:00-00:00,2022-09-03T21:15:00-00:00,2022-09-03,15,KERNOIL_1_N012,KERNOIL_1_N012,KERNOIL_1_N012,RTPD,MCL,LMP_LOSS_PRC,KERNOIL_1_N012,ALL,1,1.94357,1,149
2022-09-03T22:00:00-00:00,2022-09-03T22:15:00-00:00,2022-09-03,16,KERNOIL_1_N012,KERNOIL_1_N012,KERNOIL_1_N012,RTPD,MCL,LMP_LOSS_PRC,KERNOIL_1_N012,ALL,1,2.01742,1,149
2022-09-03T23:00:00-00:00,2022-09-03T23:15:00-00:00,2022-09-03,17,KERNOIL_1_N012,KERNOIL_1_N012,KERNOIL_1_N012,RTPD,MCL,LMP_LOSS_PRC,KERNOIL_1_N012,ALL,1,3.37819,1,149
2022-09-04T00:00:00-00:00,2022-09-04T00:15:00-00:00,2022-09-03,18,KERNOIL_1_N012,KERNOIL_1_N012,KERNOIL_1_N012,RTPD,MCL,LMP_LOSS_PRC,KERNOIL_1_N012,ALL,1,6.15047,1,149
2022-09-04T01:00:00-00:00,2022-09-04T01:15:00-00:00,2022-09-03,19,KERNOIL_1_N012,KERNOIL_1_N012,KERNOIL_1_N012,RTPD,MCL,LMP_LOSS_PRC,KERNOIL_1_N012,ALL,1,10.91958,1,149
2022-09-04T02:00:00-00:00,2022-09-04T02:15:00-00:00,2022-09-03,20,KERNOIL_1_N012,KERNOIL_1_N012,KERNOIL_1_N012,RTPD,MCL,LMP_LOSS_PRC,KERNOIL_1_N012,ALL,1,8.04249,1,149
2022-09-04T03:00:00-00:00,2022-09-04T03:15:00-00:00,2022-09-03,21,KERNOIL_1_N012,KERNOIL_1_N012,KERNOIL_1_N012,RTPD,MCL,LMP_LOSS_PRC,KERNOIL_1_N012,ALL,1,8.12431,1,149
2022-09-04T04:00:00-00:00,2022-09-04T04:15:00-00:00,2022-09-03,22,KERNOIL_1_N012,KERNOIL_1_N012,KERNOIL_1_N012,RTPD,MCL,LMP_LOSS_PRC,KERNOIL_1_N012,ALL,1,8.17584,1,149
2022-09-04T05:00:00-00:00,2022-09-04T05:15:00-00:00,2022-09-03,23,KERNOIL_1_N012,KERNOIL_1_N012,KERNOIL_1_N012,RTPD,MCL,LMP_LOSS_PRC,KERNOIL_1_N012,ALL,1,9.67016,1,149
2022-09-04T06:00:00-00:00,2022-09-04T06:15:00-00:00,2022-09-03,24,KERNOIL_1_N012,KERNOIL_1_N012,KERNOIL_1_N012,RTPD,MCL,LMP_LOSS_PRC,KERNOIL_1_N012,ALL,1,8.68655,1,149
2022-09-03T07:15:00-00:00,2022-09-03T07:30:00-00:00,2022-09-03,01,KERNOIL_1_N012,KERNOIL_1_N012,KERNOIL_1_N012,RTPD,MCL,LMP_LOSS_PRC,KERNOIL_1_N012,ALL,1,6.23781,2,149
2022-09-03T08:15:00-00:00,2022-09-03T08:30:00-00:00,2022-09-03,02,KERNOIL_1_N012,KERNOIL_1_N012,KERNOIL_1_N012,RTPD,MCL,LMP_LOSS_PRC,KERNOIL_1_N012,ALL,1,0,2,149
2022-09-03T09:15:00-00:00,2022-09-03T09:30:00-00:00,2022-09-03,03,KERNOIL_1_N012,KERNOIL_1_N012,KERNOIL_1_N012,RTPD,MCL,LMP_LOSS_PRC,KERNOIL_1_N012,ALL,1,0,2,149
2022-09-03T10:15:00-00:00,2022-09-03T10:30:00-00:00,2022-09-03,04,KERNOIL_1_N012,KERNOIL_1_N012,KERNOIL_1_N012,RTPD,MCL,LMP_LOSS_PRC,KERNOIL_1_N012,ALL,1,0,2,149
2022-09-03T11:15:00-00:00,2022-09-03T11:30:00-00:00,2022-09-03,05,KERNOIL_1_N012,KERNOIL_1_N012,KERNOIL_1_N012,RTPD,MCL,LMP_LOSS_PRC,KERNOIL_1_N012,ALL,1,0,2,149
2022-09-03T12:15:00-00:00,2022-09-03T12:30:00-00:00,2022-09-03,06,KERNOIL_1_N012,KERNOIL_1_N012,KERNOIL_1_N012,RTPD,MCL,LMP_LOSS_PRC,KERNOIL_1_N012,ALL,1,0,2,149
2022-09-03T13:15:00-00:00,2022-09-03T13:30:00-00:00,2022-09-03,07,KERNOIL_1_N012,KERNOIL_1_N012,KERNOIL_1_N012,RTPD,MCL,LMP_LOSS_PRC,KERNOIL_1_N012,ALL,1,0,2,149
2022-09-03T14:15:00-00:00,2022-09-03T14:30:00-00:00,2022-09-03,08,KERNOIL_1_N012,KERNOIL_1_N012,KERNOIL_1_N012,RTPD,MCL,LMP_LOSS_PRC,KERNOIL_1_N012,ALL,1,0,2,149
2022-09-03T15:15:00-00:00,2022-09-03T15:30:00-00:00,2022-09-03,09,KERNOIL_1_N012,KERNOIL_1_N012,KERNOIL_1_N012,RTPD,MCL,LMP_LOSS_PRC,KERNOIL_1_N012,ALL,1,1.13811,2,149
2022-09-03T16:15:00-00:00,2022-09-03T16:30:00-00:00,2022-09-03,10,KERNOIL_1_N012,KERNOIL_1_N012,KERNOIL_1_N012,RTPD,MCL,LMP_LOSS_PRC,KERNOIL_1_N012,ALL,1,0.80247,2,149
2022-09-03T17:15:00-00:00,2022-09-03T17:30:00-00:00,2022-09-03,11,KERNOIL_1_N012,KERNOIL_1_N012,KERNOIL_1_N012,RTPD,MCL,LMP_LOSS_PRC,KERNOIL_1_N012,ALL,1,2.2227,2,149
2022-09-03T18:15:00-00:00,2022-09-03T18:30:00-00:00,2022-09-03,12,KERNOIL_1_N012,KERNOIL_1_N012,KERNOIL_1_N012,RTPD,MCL,LMP_LOSS_PRC,KERNOIL_1_N012,ALL,1,2.59772,2,149
2022-09-03T19:15:00-00:00,2022-09-03T19:30:00-00:00,2022-09-03,13,KERNOIL_1_N012,KERNOIL_1_N012,KERNOIL_1_N012,RTPD,MCL,LMP_LOSS_PRC,KERNOIL_1_N012,ALL,1,2.31205,2,149
2022-09-03T20:15:00-00:00,2022-09-03T20:30:00-00:00,2022-09-03,14,KERNOIL_1_N012,KERNOIL_1_N012,KERNOIL_1_N012,RTPD,MCL,LMP_LOSS_PRC,KERNOIL_1_N012,ALL,1,2.66525,2,149
2022-09-03T21:15:00-00:00,2022-09-03T21:30:00-00:00,2022-09-03,15,KERNOIL_1_N012,KERNOIL_1_N012,KERNOIL_1_N012,RTPD,MCL,LMP_LOSS_PRC,KERNOIL_1_N012,ALL,1,2.19349,2,149
2022-09-03T22:15:00-00:00,2022-09-03T22:30:00-00:00,2022-09-03,16,KERNOIL_1_N012,KERNOIL_1_N012,KERNOIL_1_N012,RTPD,MCL,LMP_LOSS_PRC,KERNOIL_1_N012,ALL,1,2.46846,2,149
2022-09-03T23:15:00-00:00,2022-09-03T23:30:00-00:00,2022-09-03,17,KERNOIL_1_N012,KERNOIL_1_N012,KERNOIL_1_N012,RTPD,MCL,LMP_LOSS_PRC,KERNOIL_1_N012,ALL,1,4.1814,2,149
2022-09-04T00:15:00-00:00,2022-09-04T00:30:00-00:00,2022-09-03,18,KERNOIL_1_N012,KERNOIL_1_N012,KERNOIL_1_N012,RTPD,MCL,LMP_LOSS_PRC,KERNOIL_1_N012,ALL,1,6.86782,2,149
2022-09-04T01:15:00-00:00,2022-09-04T01:30:00-00:00,2022-09-03,19,KERNOIL_1_N012,KERNOIL_1_N012,KERNOIL_1_N012,RTPD,MCL,LMP_LOSS_PRC,KERNOIL_1_N012,ALL,1,14.6018,2,149
2022-09-04T02:15:00-00:00,2022-09-04T02:30:00-00:00,2022-09-03,20,KERNOIL_1_N012,KERNOIL_1_N012,KERNOIL_1_N012,RTPD,MCL,LMP_LOSS_PRC,KERNOIL_1_N012,ALL,1,9.22748,2,149
2022-09-04T03:15:00-00:00,2022-09-04T03:30:00-00:00,2022-09-03,21,KERNOIL_1_N012,KERNOIL_1_N012,KERNOIL_1_N012,RTPD,MCL,LMP_LOSS_PRC,KERNOIL_1_N012,ALL,1,6.85517,2,149
2022-09-04T04:15:00-00:00,2022-09-04T04:30:00-00:00,2022-09-03,22,KERNOIL_1_N012,KERNOIL_1_N012,KERNOIL_1_N012,RTPD,MCL,LMP_LOSS_PRC,KERNOIL_1_N012,ALL,1,8.3304,2,149
2022-09-04T05:15:00-00:00,2022-09-04T05:30:00-00:00,2022-09-03,23,KERNOIL_1_N012,KERNOIL_1_N012,KERNOIL_1_N012,RTPD,MCL,LMP_LOSS_PRC,KERNOIL_1_N012,ALL,1,9.01989,2,149
2022-09-04T06:15:00-00:00,2022-09-04T06:30:00-00:00,2022-09-03,24,KERNOIL_1_N012,KERNOIL_1_N012,KERNOIL_1_N012,RTPD,MCL,LMP_LOSS_PRC,KERNOIL_1_N012,ALL,1,7.86588,2,149
2022-09-03T07:30:00-00:00,2022-09-03T07:45:00-00:00,2022-09-03,01,KERNOIL_1_N012,KERNOIL_1_N012,KERNOIL_1_N012,RTPD,MCL,LMP_LOSS_PRC,KERNOIL_1_N012,ALL,1,6.01906,3,149
2022-09-03T08:30:00-00:00,2022-09-03T08:45:00-00:00,2022-09-03,02,KERNOIL_1_N012,KERNOIL_1_N012,KERNOIL_1_N012,RTPD,MCL,LMP_LOSS_PRC,KERNOIL_1_N012,ALL,1,0,3,149
2022-09-03T09:30:00-00:00,2022-09-03T09:45:00-00:00,2022-09-03,03,KERNOIL_1_N012,KERNOIL_1_N012,KERNOIL_1_N012,RTPD,MCL,LMP_LOSS_PRC,KERNOIL_1_N012,ALL,1,0,3,149
2022-09-03T10:30:00-00:00,2022-09-03T10:45:00-00:00,2022-09-03,04,KERNOIL_1_N012,KERNOIL_1_N012,KERNOIL_1_N012,RTPD,MCL,LMP_LOSS_PRC,KERNOIL_1_N012,ALL,1,0,3,149
2022-09-03T11:30:00-00:00,2022-09-03T11:45:00-00:00,2022-09-03,05,KERNOIL_1_N012,KERNOIL_1_N012,KERNOIL_1_N012,RTPD,MCL,LMP_LOSS_PRC,KERNOIL_1_N012,ALL,1,0,3,149
2022-09-03T12:30:00-00:00,2022-09-03T12:45:00-00:00,2022-09-03,06,KERNOIL_1_N012,KERNOIL_1_N012,KERNOIL_1_N012,RTPD,MCL,LMP_LOSS_PRC,KERNOIL_1_N012,ALL,1,0,3,149
2022-09-03T13:30:00-00:00,2022-09-03T13:45:00-00:00,2022-09-03,07,KERNOIL_1_N012,KERNOIL_1_N012,KERNOIL_1_N012,RTPD,MCL,LMP_LOSS_PRC,KERNOIL_1_N012,ALL,1,0,3,149
2022-09-03T14:30:00-00:00,2022-09-03T14:45:00-00:00,2022-09-03,08,KERNOIL_1_N012,KERNOIL_1_N012,KERNOIL_1_N012,RTPD,MCL,LMP_LOSS_PRC,KERNOIL_1_N012,ALL,1,0,3,149
2022-09-03T15:30:00-00:00,2022-09-03T15:45:00-00:00,2022-09-03,09,KERNOIL_1_N012,KERNOIL_1_N012,KERNOIL_1_N012,RTPD,MCL,LMP_LOSS_PRC,KERNOIL_1_N012,ALL,1,0.82538,3,149
2022-09-03T16:30:00-00:00,2022-09-03T16:45:00-00:00,2022-09-03,10,KERNOIL_1_N012,KERNOIL_1_N012,KERNOIL_1_N012,RTPD,MCL,LMP_LOSS_PRC,KERNOIL_1_N012,ALL,1,0.67463,3,149
2022-09-03T17:30:00-00:00,2022-09-03T17:45:00-00:00,2022-09-03,11,KERNOIL_1_N012,KERNOIL_1_N012,KERNOIL_1_N012,RTPD,MCL,LMP_LOSS_PRC,KERNOIL_1_N012,ALL,1,2.18712,3,149
2022-09-03T18:30:00-00:00,2022-09-03T18:45:00-00:00,2022-09-03,12,KERNOIL_1_N012,KERNOIL_1_N012,KERNOIL_1_N012,RTPD,MCL,LMP_LOSS_PRC,KERNOIL_1_N012,ALL,1,2.75732,3,149
2022-09-03T19:30:00-00:00,2022-09-03T19:45:00-00:00,2022-09-03,13,KERNOIL_1_N012,KERNOIL_1_N012,KERNOIL_1_N012,RTPD,MCL,LMP_LOSS_PRC,KERNOIL_1_N012,ALL,1,0,3,149
2022-09-03T20:30:00-00:00,2022-09-03T20:45:00-00:00,2022-09-03,14,KERNOIL_1_N012,KERNOIL_1_N012,KERNOIL_1_N012,RTPD,MCL,LMP_LOSS_PRC,KERNOIL_1_N012,ALL,1,2.72126,3,149
2022-09-03T21:30:00-00:00,2022-09-03T21:45:00-00:00,2022-09-03,15,KERNOIL_1_N012,KERNOIL_1_N012,KERNOIL_1_N012,RTPD,MCL,LMP_LOSS_PRC,KERNOIL_1_N012,ALL,1,2.41058,3,149
2022-09-03T22:30:00-00:00,2022-09-03T22:45:00-00:00,2022-09-03,16,KERNOIL_1_N012,KERNOIL_1_N012,KERNOIL_1_N012,RTPD,MCL,LMP_LOSS_PRC,KERNOIL_1_N012,ALL,1,4.81238,3,149
2022-09-03T23:30:00-00:00,2022-09-03T23:45:00-00:00,2022-09-03,17,KERNOIL_1_N012,KERNOIL_1_N012,KERNOIL_1_N012,RTPD,MCL,LMP_LOSS_PRC,KERNOIL_1_N012,ALL,1,4.61559,3,149
2022-09-04T00:30:00-00:00,2022-09-04T00:45:00-00:00,2022-09-03,18,KERNOIL_1_N012,KERNOIL_1_N012,KERNOIL_1_N012,RTPD,MCL,LMP_LOSS_PRC,KERNOIL_1_N012,ALL,1,8.81615,3,149
2022-09-04T01:30:00-00:00,2022-09-04T01:45:00-00:00,2022-09-03,19,KERNOIL_1_N012,KERNOIL_1_N012,KERNOIL_1_N012,RTPD,MCL,LMP_LOSS_PRC,KERNOIL_1_N012,ALL,1,28.0504,3,149
2022-09-04T02:30:00-00:00,2022-09-04T02:45:00-00:00,2022-09-03,20,KERNOIL_1_N012,KERNOIL_1_N012,KERNOIL_1_N012,RTPD,MCL,LMP_LOSS_PRC,KERNOIL_1_N012,ALL,1,8.26698,3,149
2022-09-04T03:30:00-00:00,2022-09-04T03:45:00-00:00,2022-09-03,21,KERNOIL_1_N012,KERNOIL_1_N012,KERNOIL_1_N012,RTPD,MCL,LMP_LOSS_PRC,KERNOIL_1_N012,ALL,1,6.37785,3,149
2022-09-04T04:30:00-00:00,2022-09-04T04:45:00-00:00,2022-09-03,22,KERNOIL_1_N012,KERNOIL_1_N012,KERNOIL_1_N012,RTPD,MCL,LMP_LOSS_PRC,KERNOIL_1_N012,ALL,1,7.76137,3,149
2022-09-04T05:30:00-00:00,2022-09-04T05:45:00-00:00,2022-09-03,23,KERNOIL_1_N012,KERNOIL_1_N012,KERNOIL_1_N012,RTPD,MCL,LMP_LOSS_PRC,KERNOIL_1_N012,ALL,1,8.53724,3,149
2022-09-04T06:30:00-00:00,2022-09-04T06:45:00-00:00,2022-09-03,24,KERNOIL_1_N012,KERNOIL_1_N012,KERNOIL_1_N012,RTPD,MCL,LMP_LOSS_PRC,KERNOIL_1_N012,ALL,1,7.57123,3,149
2022-09-03T07:45:00-00:00,2022-09-03T08:00:00-00:00,2022-09-03,01,KERNOIL_1_N012,KERNOIL_1_N012,KERNOIL_1_N012,RTPD,MCL,LMP_LOSS_PRC,KERNOIL_1_N012,ALL,1,0,4,149
2022-09-03T08:45:00-00:00,2022-09-03T09:00:00-00:00,2022-09-03,02,KERNOIL_1_N012,KERNOIL_1_N012,KERNOIL_1_N012,RTPD,MCL,LMP_LOSS_PRC,KERNOIL_1_N012,ALL,1,6.05835,4,149
2022-09-03T09:45:00-00:00,2022-09-03T10:00:00-00:00,2022-09-03,03,KERNOIL_1_N012,KERNOIL_1_N012,KERNOIL_1_N012,RTPD,MCL,LMP_LOSS_PRC,KERNOIL_1_N012,ALL,1,5.41718,4,149
2022-09-03T10:45:00-00:00,2022-09-03T11:00:00-00:00,2022-09-03,04,KERNOIL_1_N012,KERNOIL_1_N012,KERNOIL_1_N012,RTPD,MCL,LMP_LOSS_PRC,KERNOIL_1_N012,ALL,1,5.21861,4,149
2022-09-03T11:45:00-00:00,2022-09-03T12:00:00-00:00,2022-09-03,05,KERNOIL_1_N012,KERNOIL_1_N012,KERNOIL_1_N012,RTPD,MCL,LMP_LOSS_PRC,KERNOIL_1_N012,ALL,1,5.35057,4,149
2022-09-03T12:45:00-00:00,2022-09-03T13:00:00-00:00,2022-09-03,06,KERNOIL_1_N012,KERNOIL_1_N012,KERNOIL_1_N012,RTPD,MCL,LMP_LOSS_PRC,KERNOIL_1_N012,ALL,1,5.33445,4,149
2022-09-03T13:45:00-00:00,2022-09-03T14:00:00-00:00,2022-09-03,07,KERNOIL_1_N012,KERNOIL_1_N012,KERNOIL_1_N012,RTPD,MCL,LMP_LOSS_PRC,KERNOIL_1_N012,ALL,1,3.707,4,149
2022-09-03T14:45:00-00:00,2022-09-03T15:00:00-00:00,2022-09-03,08,KERNOIL_1_N012,KERNOIL_1_N012,KERNOIL_1_N012,RTPD,MCL,LMP_LOSS_PRC,KERNOIL_1_N012,ALL,1,0,4,149
2022-09-03T15:45:00-00:00,2022-09-03T16:00:00-00:00,2022-09-03,09,KERNOIL_1_N012,KERNOIL_1_N012,KERNOIL_1_N012,RTPD,MCL,LMP_LOSS_PRC,KERNOIL_1_N012,ALL,1,0.80677,4,149
2022-09-03T16:45:00-00:00,2022-09-03T17:00:00-00:00,2022-09-03,10,KERNOIL_1_N012,KERNOIL_1_N012,KERNOIL_1_N012,RTPD,MCL,LMP_LOSS_PRC,KERNOIL_1_N012,ALL,1,1.13685,4,149
2022-09-03T17:45:00-00:00,2022-09-03T18:00:00-00:00,2022-09-03,11,KERNOIL_1_N012,KERNOIL_1_N012,KERNOIL_1_N012,RTPD,MCL,LMP_LOSS_PRC,KERNOIL_1_N012,ALL,1,2.28206,4,149
2022-09-03T18:45:00-00:00,2022-09-03T19:00:00-00:00,2022-09-03,12,KERNOIL_1_N012,KERNOIL_1_N012,KERNOIL_1_N012,RTPD,MCL,LMP_LOSS_PRC,KERNOIL_1_N012,ALL,1,0,4,149
2022-09-03T19:45:00-00:00,2022-09-03T20:00:00-00:00,2022-09-03,13,KERNOIL_1_N012,KERNOIL_1_N012,KERNOIL_1_N012,RTPD,MCL,LMP_LOSS_PRC,KERNOIL_1_N012,ALL,1,0,4,149
2022-09-03T20:45:00-00:00,2022-09-03T21:00:00-00:00,2022-09-03,14,KERNOIL_1_N012,KERNOIL_1_N012,KERNOIL_1_N012,RTPD,MCL,LMP_LOSS_PRC,KERNOIL_1_N012,ALL,1,2.45388,4,149
2022-09-03T21:45:00-00:00,2022-09-03T22:00:00-00:00,2022-09-03,15,KERNOIL_1_N012,KERNOIL_1_N012,KERNOIL_1_N012,RTPD,MCL,LMP_LOSS_PRC,KERNOIL_1_N012,ALL,1,2.32603,4,149
2022-09-03T22:45:00-00:00,2022-09-03T23:00:00-00:00,2022-09-03,16,KERNOIL_1_N012,KERNOIL_1_N012,KERNOIL_1_N012,RTPD,MCL,LMP_LOSS_PRC,KERNOIL_1_N012,ALL,1,4.28123,4,149
2022-09-03T23:45:00-00:00,2022-09-04T00:00:00-00:00,2022-09-03,17,KERNOIL_1_N012,KERNOIL_1_N012,KERNOIL_1_N012,RTPD,MCL,LMP_LOSS_PRC,KERNOIL_1_N012,ALL,1,5.34987,4,149
2022-09-04T00:45:00-00:00,2022-09-04T01:00:00-00:00,2022-09-03,18,KERNOIL_1_N012,KERNOIL_1_N012,KERNOIL_1_N012,RTPD,MCL,LMP_LOSS_PRC,KERNOIL_1_N012,ALL,1,0,4,149
2022-09-04T01:45:00-00:00,2022-09-04T02:00:00-00:00,2022-09-03,19,KERNOIL_1_N012,KERNOIL_1_N012,KERNOIL_1_N012,RTPD,MCL,LMP_LOSS_PRC,KERNOIL_1_N012,ALL,1,21.62104,4,149
2022-09-04T02:45:00-00:00,2022-09-04T03:00:00-00:00,2022-09-03,20,KERNOIL_1_N012,KERNOIL_1_N012,KERNOIL_1_N012,RTPD,MCL,LMP_LOSS_PRC,KERNOIL_1_N012,ALL,1,8.25417,4,149
2022-09-04T03:45:00-00:00,2022-09-04T04:00:00-00:00,2022-09-03,21,KERNOIL_1_N012,KERNOIL_1_N012,KERNOIL_1_N012,RTPD,MCL,LMP_LOSS_PRC,KERNOIL_1_N012,ALL,1,5.30907,4,149
2022-09-04T04:45:00-00:00,2022-09-04T05:00:00-00:00,2022-09-03,22,KERNOIL_1_N012,KERNOIL_1_N012,KERNOIL_1_N012,RTPD,MCL,LMP_LOSS_PRC,KERNOIL_1_N012,ALL,1,6.50028,4,149
2022-09-04T05:45:00-00:00,2022-09-04T06:00:00-00:00,2022-09-03,23,KERNOIL_1_N012,KERNOIL_1_N012,KERNOIL_1_N012,RTPD,MCL,LMP_LOSS_PRC,KERNOIL_1_N012,ALL,1,6.84384,4,149
2022-09-04T06:45:00-00:00,2022-09-04T07:00:00-00:00,2022-09-03,24,KERNOIL_1_N012,KERNOIL_1_N012,KERNOIL_1_N012,RTPD,MCL,LMP_LOSS_PRC,KERNOIL_1_N012,ALL,1,6.43719,4,149
2022-09-03T07:00:00-00:00,2022-09-03T07:15:00-00:00,2022-09-03,01,KERNOIL_1_N012,KERNOIL_1_N012,KERNOIL_1_N012,RTPD,MGHG,LMP_GHG_PRC,KERNOIL_1_N012,ALL,1,0,1,150
2022-09-03T08:00:00-00:00,2022-09-03T08:15:00-00:00,2022-09-03,02,KERNOIL_1_N012,KERNOIL_1_N012,KERNOIL_1_N012,RTPD,MGHG,LMP_GHG_PRC,KERNOIL_1_N012,ALL,1,0,1,150
2022-09-03T09:00:00-00:00,2022-09-03T09:15:00-00:00,2022-09-03,03,KERNOIL_1_N012,KERNOIL_1_N012,KERNOIL_1_N012,RTPD,MGHG,LMP_GHG_PRC,KERNOIL_1_N012,ALL,1,0,1,150
2022-09-03T10:00:00-00:00,2022-09-03T10:15:00-00:00,2022-09-03,04,KERNOIL_1_N012,KERNOIL_1_N012,KERNOIL_1_N012,RTPD,MGHG,LMP_GHG_PRC,KERNOIL_1_N012,ALL,1,0,1,150
2022-09-03T11:00:00-00:00,2022-09-03T11:15:00-00:00,2022-09-03,05,KERNOIL_1_N012,KERNOIL_1_N012,KERNOIL_1_N012,RTPD,MGHG,LMP_GHG_PRC,KERNOIL_1_N012,ALL,1,0,1,150
2022-09-03T12:00:00-00:00,2022-09-03T12:15:00-00:00,2022-09-03,06,KERNOIL_1_N012,KERNOIL_1_N012,KERNOIL_1_N012,RTPD,MGHG,LMP_GHG_PRC,KERNOIL_1_N012,ALL,1,0,1,150
2022-09-03T13:00:00-00:00,2022-09-03T13:15:00-00:00,2022-09-03,07,KERNOIL_1_N012,KERNOIL_1_N012,KERNOIL_1_N012,RTPD,MGHG,LMP_GHG_PRC,KERNOIL_1_N012,ALL,1,0,1,150
2022-09-03T14:00:00-00:00,2022-09-03T14:15:00-00:00,2022-09-03,08,KERNOIL_1_N012,KERNOIL_1_N012,KERNOIL_1_N012,RTPD,MGHG,LMP_GHG_PRC,KERNOIL_1_N012,ALL,1,0,1,150
2022-09-03T15:00:00-00:00,2022-09-03T15:15:00-00:00,2022-09-03,09,KERNOIL_1_N012,KERNOIL_1_N012,KERNOIL_1_N012,RTPD,MGHG,LMP_GHG_PRC,KERNOIL_1_N012,ALL,1,0,1,150
2022-09-03T16:00:00-00:00,2022-09-03T16:15:00-00:00,2022-09-03,10,KERNOIL_1_N012,KERNOIL_1_N012,KERNOIL_1_N012,RTPD,MGHG,LMP_GHG_PRC,KERNOIL_1_N012,ALL,1,0,1,150
2022-09-03T17:00:00-00:00,2022-09-03T17:15:00-00:00,2022-09-03,11,KERNOIL_1_N012,KERNOIL_1_N012,KERNOIL_1_N012,RTPD,MGHG,LMP_GHG_PRC,KERNOIL_1_N012,ALL,1,0,1,150
2022-09-03T18:00:00-00:00,2022-09-03T18:15:00-00:00,2022-09-03,12,KERNOIL_1_N012,KERNOIL_1_N012,KERNOIL_1_N012,RTPD,MGHG,LMP_GHG_PRC,KERNOIL_1_N012,ALL,1,0,1,150
2022-09-03T19:00:00-00:00,2022-09-03T19:15:00-00:00,2022-09-03,13,KERNOIL_1_N012,KERNOIL_1_N012,KERNOIL_1_N012,RTPD,MGHG,LMP_GHG_PRC,KERNOIL_1_N012,ALL,1,0,1,150
2022-09-03T20:00:00-00:00,2022-09-03T20:15:00-00:00,2022-09-03,14,KERNOIL_1_N012,KERNOIL_1_N012,KERNOIL_1_N012,RTPD,MGHG,LMP_GHG_PRC,KERNOIL_1_N012,ALL,1,0,1,150
2022-09-03T21:00:00-00:00,2022-09-03T21:15:00-00:00,2022-09-03,15,KERNOIL_1_N012,KERNOIL_1_N012,KERNOIL_1_N012,RTPD,MGHG,LMP_GHG_PRC,KERNOIL_1_N012,ALL,1,0,1,150
2022-09-03T22:00:00-00:00,2022-09-03T22:15:00-00:00,2022-09-03,16,KERNOIL_1_N012,KERNOIL_1_N012,KERNOIL_1_N012,RTPD,MGHG,LMP_GHG_PRC,KERNOIL_1_N012,ALL,1,0,1,150
2022-09-03T23:00:00-00:00,2022-09-03T23:15:00-00:00,2022-09-03,17,KERNOIL_1_N012,KERNOIL_1_N012,KERNOIL_1_N012,RTPD,MGHG,LMP_GHG_PRC,KERNOIL_1_N012,ALL,1,0,1,150
2022-09-04T00:00:00-00:00,2022-09-04T00:15:00-00:00,2022-09-03,18,KERNOIL_1_N012,KERNOIL_1_N012,KERNOIL_1_N012,RTPD,MGHG,LMP_GHG_PRC,KERNOIL_1_N012,ALL,1,0,1,150
2022-09-04T01:00:00-00:00,2022-09-04T01:15:00-00:00,2022-09-03,19,KERNOIL_1_N012,KERNOIL_1_N012,KERNOIL_1_N012,RTPD,MGHG,LMP_GHG_PRC,KERNOIL_1_N012,ALL,1,0,1,150
2022-09-04T02:00:00-00:00,2022-09-04T02:15:00-00:00,2022-09-03,20,KERNOIL_1_N012,KERNOIL_1_N012,KERNOIL_1_N012,RTPD,MGHG,LMP_GHG_PRC,KERNOIL_1_N012,ALL,1,0,1,150
2022-09-04T03:00:00-00:00,2022-09-04T03:15:00-00:00,2022-09-03,21,KERNOIL_1_N012,KERNOIL_1_N012,KERNOIL_1_N012,RTPD,MGHG,LMP_GHG_PRC,KERNOIL_1_N012,ALL,1,0,1,150
2022-09-04T04:00:00-00:00,2022-09-04T04:15:00-00:00,2022-09-03,22,KERNOIL_1_N012,KERNOIL_1_N012,KERNOIL_1_N012,RTPD,MGHG,LMP_GHG_PRC,KERNOIL_1_N012,ALL,1,0,1,150
2022-09-04T05:00:00-00:00,2022-09-04T05:15:00-00:00,2022-09-03,23,KERNOIL_1_N012,KERNOIL_1_N012,KERNOIL_1_N012,RTPD,MGHG,LMP_GHG_PRC,KERNOIL_1_N012,ALL,1,0,1,150
2022-09-04T06:00:00-00:00,2022-09-04T06:15:00-00:00,2022-09-03,24,KERNOIL_1_N012,KERNOIL_1_N012,KERNOIL_1_N012,RTPD,MGHG,LMP_GHG_PRC,KERNOIL_1_N012,ALL,1,0,1,150
2022-09-03T07:15:00-00:00,2022-09-03T07:30:00-00:00,2022-09-03,01,KERNOIL_1_N012,KERNOIL_1_N012,KERNOIL_1_N012,RTPD,MGHG,LMP_GHG_PRC,KERNOIL_1_N012,ALL,1,0,2,150
2022-09-03T08:15:00-00:00,2022-09-03T08:30:00-00:00,2022-09-03,02,KERNOIL_1_N012,KERNOIL_1_N012,KERNOIL_1_N012,RTPD,MGHG,LMP_GHG_PRC,KERNOIL_1_N012,ALL,1,0,2,150
2022-09-03T09:15:00-00:00,2022-09-03T09:30:00-00:00,2022-09-03,03,KERNOIL_1_N012,KERNOIL_1_N012,KERNOIL_1_N012,RTPD,MGHG,LMP_GHG_PRC,KERNOIL_1_N012,ALL,1,0,2,150
2022-09-03T10:15:00-00:00,2022-09-03T10:30:00-00:00,2022-09-03,04,KERNOIL_1_N012,KERNOIL_1_N012,KERNOIL_1_N012,RTPD,MGHG,LMP_GHG_PRC,KERNOIL_1_N012,ALL,1,0,2,150
2022-09-03T11:15:00-00:00,2022-09-03T11:30:00-00:00,2022-09-03,05,KERNOIL_1_N012,KERNOIL_1_N012,KERNOIL_1_N012,RTPD,MGHG,LMP_GHG_PRC,KERNOIL_1_N012,ALL,1,0,2,150
2022-09-03T12:15:00-00:00,2022-09-03T12:30:00-00:00,2022-09-03,06,KERNOIL_1_N012,KERNOIL_1_N012,KERNOIL_1_N012,RTPD,MGHG,LMP_GHG_PRC,KERNOIL_1_N012,ALL,1,0,2,150
2022-09-03T13:15:00-00:00,2022-09-03T13:30:00-00:00,2022-09-03,07,KERNOIL_1_N012,KERNOIL_1_N012,KERNOIL_1_N012,RTPD,MGHG,LMP_GHG_PRC,KERNOIL_1_N012,ALL,1,0,2,150
2022-09-03T14:15:00-00:00,2022-09-03T14:30:00-00:00,2022-09-03,08,KERNOIL_1_N012,KERNOIL_1_N012,KERNOIL_1_N012,RTPD,MGHG,LMP_GHG_PRC,KERNOIL_1_N012,ALL,1,0,2,150
2022-09-03T15:15:00-00:00,2022-09-03T15:30:00-00:00,2022-09-03,09,KERNOIL_1_N012,KERNOIL_1_N012,KERNOIL_1_N012,RTPD,MGHG,LMP_GHG_PRC,KERNOIL_1_N012,ALL,1,0,2,150
2022-09-03T16:15:00-00:00,2022-09-03T16:30:00-00:00,2022-09-03,10,KERNOIL_1_N012,KERNOIL_1_N012,KERNOIL_1_N012,RTPD,MGHG,LMP_GHG_PRC,KERNOIL_1_N012,ALL,1,0,2,150
2022-09-03T17:15:00-00:00,2022-09-03T17:30:00-00:00,2022-09-03,11,KERNOIL_1_N012,KERNOIL_1_N012,KERNOIL_1_N012,RTPD,MGHG,LMP_GHG_PRC,KERNOIL_1_N012,ALL,1,0,2,150
2022-09-03T18:15:00-00:00,2022-09-03T18:30:00-00:00,2022-09-03,12,KERNOIL_1_N012,KERNOIL_1_N012,KERNOIL_1_N012,RTPD,MGHG,LMP_GHG_PRC,KERNOIL_1_N012,ALL,1,0,2,150
2022-09-03T19:15:00-00:00,2022-09-03T19:30:00-00:00,2022-09-03,13,KERNOIL_1_N012,KERNOIL_1_N012,KERNOIL_1_N012,RTPD,MGHG,LMP_GHG_PRC,KERNOIL_1_N012,ALL,1,0,2,150
2022-09-03T20:15:00-00:00,2022-09-03T20:30:00-00:00,2022-09-03,14,KERNOIL_1_N012,KERNOIL_1_N012,KERNOIL_1_N012,RTPD,MGHG,LMP_GHG_PRC,KERNOIL_1_N012,ALL,1,0,2,150
2022-09-03T21:15:00-00:00,2022-09-03T21:30:00-00:00,2022-09-03,15,KERNOIL_1_N012,KERNOIL_1_N012,KERNOIL_1_N012,RTPD,MGHG,LMP_GHG_PRC,KERNOIL_1_N012,ALL,1,0,2,150
2022-09-03T22:15:00-00:00,2022-09-03T22:30:00-00:00,2022-09-03,16,KERNOIL_1_N012,KERNOIL_1_N012,KERNOIL_1_N012,RTPD,MGHG,LMP_GHG_PRC,KERNOIL_1_N012,ALL,1,0,2,150
2022-09-03T23:15:00-00:00,2022-09-03T23:30:00-00:00,2022-09-03,17,KERNOIL_1_N012,KERNOIL_1_N012,KERNOIL_1_N012,RTPD,MGHG,LMP_GHG_PRC,KERNOIL_1_N012,ALL,1,0,2,150
2022-09-04T00:15:00-00:00,2022-09-04T00:30:00-00:00,2022-09-03,18,KERNOIL_1_N012,KERNOIL_1_N012,KERNOIL_1_N012,RTPD,MGHG,LMP_GHG_PRC,KERNOIL_1_N012,ALL,1,0,2,150
2022-09-04T01:15:00-00:00,2022-09-04T01:30:00-00:00,2022-09-03,19,KERNOIL_1_N012,KERNOIL_1_N012,KERNOIL_1_N012,RTPD,MGHG,LMP_GHG_PRC,KERNOIL_1_N012,ALL,1,0,2,150
2022-09-04T02:15:00-00:00,2022-09-04T02:30:00-00:00,2022-09-03,20,KERNOIL_1_N012,KERNOIL_1_N012,KERNOIL_1_N012,RTPD,MGHG,LMP_GHG_PRC,KERNOIL_1_N012,ALL,1,0,2,150
2022-09-04T03:15:00-00:00,2022-09-04T03:30:00-00:00,2022-09-03,21,KERNOIL_1_N012,KERNOIL_1_N012,KERNOIL_1_N012,RTPD,MGHG,LMP_GHG_PRC,KERNOIL_1_N012,ALL,1,0,2,150
2022-09-04T04:15:00-00:00,2022-09-04T04:30:00-00:00,2022-09-03,22,KERNOIL_1_N012,KERNOIL_1_N012,KERNOIL_1_N012,RTPD,MGHG,LMP_GHG_PRC,KERNOIL_1_N012,ALL,1,0,2,150
2022-09-04T05:15:00-00:00,2022-09-04T05:30:00-00:00,2022-09-03,23,KERNOIL_1_N012,KERNOIL_1_N012,KERNOIL_1_N012,RTPD,MGHG,LMP_GHG_PRC,KERNOIL_1_N012,ALL,1,0,2,150
2022-09-04T06:15:00-00:00,2022-09-04T06:30:00-00:00,2022-09-03,24,KERNOIL_1_N012,KERNOIL_1_N012,KERNOIL_1_N012,RTPD,MGHG,LMP_GHG_PRC,KERNOIL_1_N012,ALL,1,0,2,150
2022-09-03T07:30:00-00:00,2022-09-03T07:45:00-00:00,2022-09-03,01,KERNOIL_1_N012,KERNOIL_1_N012,KERNOIL_1_N012,RTPD,MGHG,LMP_GHG_PRC,KERNOIL_1_N012,ALL,1,0,3,150
2022-09-03T08:30:00-00:00,2022-09-03T08:45:00-00:00,2022-09-03,02,KERNOIL_1_N012,KERNOIL_1_N012,KERNOIL_1_N012,RTPD,MGHG,LMP_GHG_PRC,KERNOIL_1_N012,ALL,1,0,3,150
2022-09-03T09:30:00-00:00,2022-09-03T09:45:00-00:00,2022-09-03,03,KERNOIL_1_N012,KERNOIL_1_N012,KERNOIL_1_N012,RTPD,MGHG,LMP_GHG_PRC,KERNOIL_1_N012,ALL,1,0,3,150
2022-09-03T10:30:00-00:00,2022-09-03T10:45:00-00:00,2022-09-03,04,KERNOIL_1_N012,KERNOIL_1_N012,KERNOIL_1_N012,RTPD,MGHG,LMP_GHG_PRC,KERNOIL_1_N012,ALL,1,0,3,150
2022-09-03T11:30:00-00:00,2022-09-03T11:45:00-00:00,2022-09-03,05,KERNOIL_1_N012,KERNOIL_1_N012,KERNOIL_1_N012,RTPD,MGHG,LMP_GHG_PRC,KERNOIL_1_N012,ALL,1,0,3,150
2022-09-03T12:30:00-00:00,2022-09-03T12:45:00-00:00,2022-09-03,06,KERNOIL_1_N012,KERNOIL_1_N012,KERNOIL_1_N012,RTPD,MGHG,LMP_GHG_PRC,KERNOIL_1_N012,ALL,1,0,3,150
2022-09-03T13:30:00-00:00,2022-09-03T13:45:00-00:00,2022-09-03,07,KERNOIL_1_N012,KERNOIL_1_N012,KERNOIL_1_N012,RTPD,MGHG,LMP_GHG_PRC,KERNOIL_1_N012,ALL,1,0,3,150
2022-09-03T14:30:00-00:00,2022-09-03T14:45:00-00:00,2022-09-03,08,KERNOIL_1_N012,KERNOIL_1_N012,KERNOIL_1_N012,RTPD,MGHG,LMP_GHG_PRC,KERNOIL_1_N012,ALL,1,0,3,150
2022-09-03T15:30:00-00:00,2022-09-03T15:45:00-00:00,2022-09-03,09,KERNOIL_1_N012,KERNOIL_1_N012,KERNOIL_1_N012,RTPD,MGHG,LMP_GHG_PRC,KERNOIL_1_N012,ALL,1,0,3,150
2022-09-03T16:30:00-00:00,2022-09-03T16:45:00-00:00,2022-09-03,10,KERNOIL_1_N012,KERNOIL_1_N012,KERNOIL_1_N012,RTPD,MGHG,LMP_GHG_PRC,KERNOIL_1_N012,ALL,1,0,3,150
2022-09-03T17:30:00-00:00,2022-09-03T17:45:00-00:00,2022-09-03,11,KERNOIL_1_N012,KERNOIL_1_N012,KERNOIL_1_N012,RTPD,MGHG,LMP_GHG_PRC,KERNOIL_1_N012,ALL,1,0,3,150
2022-09-03T18:30:00-00:00,2022-09-03T18:45:00-00:00,2022-09-03,12,KERNOIL_1_N012,KERNOIL_1_N012,KERNOIL_1_N012,RTPD,MGHG,LMP_GHG_PRC,KERNOIL_1_N012,ALL,1,0,3,150
2022-09-03T19:30:00-00:00,2022-09-03T19:45:00-00:00,2022-09-03,13,KERNOIL_1_N012,KERNOIL_1_N012,KERNOIL_1_N012,RTPD,MGHG,LMP_GHG_PRC,KERNOIL_1_N012,ALL,1,0,3,150
2022-09-03T20:30:00-00:00,2022-09-03T20:45:00-00:00,2022-09-03,14,KERNOIL_1_N012,KERNOIL_1_N012,KERNOIL_1_N012,RTPD,MGHG,LMP_GHG_PRC,KERNOIL_1_N012,ALL,1,0,3,150
2022-09-03T21:30:00-00:00,2022-09-03T21:45:00-00:00,2022-09-03,15,KERNOIL_1_N012,KERNOIL_1_N012,KERNOIL_1_N012,RTPD,MGHG,LMP_GHG_PRC,KERNOIL_1_N012,ALL,1,0,3,150
2022-09-03T22:30:00-00:00,2022-09-03T22:45:00-00:00,2022-09-03,16,KERNOIL_1_N012,KERNOIL_1_N012,KERNOIL_1_N012,RTPD,MGHG,LMP_GHG_PRC,KERNOIL_1_N012,ALL,1,0,3,150
2022-09-03T23:30:00-00:00,2022-09-03T23:45:00-00:00,2022-09-03,17,KERNOIL_1_N012,KERNOIL_1_N012,KERNOIL_1_N012,RTPD,MGHG,LMP_GHG_PRC,KERNOIL_1_N012,ALL,1,0,3,150
2022-09-04T00:30:00-00:00,2022-09-04T00:45:00-00:00,2022-09-03,18,KERNOIL_1_N012,KERNOIL_1_N012,KERNOIL_1_N012,RTPD,MGHG,LMP_GHG_PRC,KERNOIL_1_N012,ALL,1,0,3,150
2022-09-04T01:30:00-00:00,2022-09-04T01:45:00-00:00,2022-09-03,19,KERNOIL_1_N012,KERNOIL_1_N012,KERNOIL_1_N012,RTPD,MGHG,LMP_GHG_PRC,KERNOIL_1_N012,ALL,1,0,3,150
2022-09-04T02:30:00-00:00,2022-09-04T02:45:00-00:00,2022-09-03,20,KERNOIL_1_N012,KERNOIL_1_N012,KERNOIL_1_N012,RTPD,MGHG,LMP_GHG_PRC,KERNOIL_1_N012,ALL,1,0,3,150
2022-09-04T03:30:00-00:00,2022-09-04T03:45:00-00:00,2022-09-03,21,KERNOIL_1_N012,KERNOIL_1_N012,KERNOIL_1_N012,RTPD,MGHG,LMP_GHG_PRC,KERNOIL_1_N012,ALL,1,0,3,150
2022-09-04T04:30:00-00:00,2022-09-04T04:45:00-00:00,2022-09-03,22,KERNOIL_1_N012,KERNOIL_1_N012,KERNOIL_1_N012,RTPD,MGHG,LMP_GHG_PRC,KERNOIL_1_N012,ALL,1,0,3,150
2022-09-04T05:30:00-00:00,2022-09-04T05:45:00-00:00,2022-09-03,23,KERNOIL_1_N012,KERNOIL_1_N012,KERNOIL_1_N012,RTPD,MGHG,LMP_GHG_PRC,KERNOIL_1_N012,ALL,1,0,3,150
2022-09-04T06:30:00-00:00,2022-09-04T06:45:00-00:00,2022-09-03,24,KERNOIL_1_N012,KERNOIL_1_N012,KERNOIL_1_N012,RTPD,MGHG,LMP_GHG_PRC,KERNOIL_1_N012,ALL,1,0,3,150
2022-09-03T07:45:00-00:00,2022-09-03T08:00:00-00:00,2022-09-03,01,KERNOIL_1_N012,KERNOIL_1_N012,KERNOIL_1_N012,RTPD,MGHG,LMP_GHG_PRC,KERNOIL_1_N012,ALL,1,0,4,150
2022-09-03T08:45:00-00:00,2022-09-03T09:00:00-00:00,2022-09-03,02,KERNOIL_1_N012,KERNOIL_1_N012,KERNOIL_1_N012,RTPD,MGHG,LMP_GHG_PRC,KERNOIL_1_N012,ALL,1,0,4,150
2022-09-03T09:45:00-00:00,2022-09-03T10:00:00-00:00,2022-09-03,03,KERNOIL_1_N012,KERNOIL_1_N012,KERNOIL_1_N012,RTPD,MGHG,LMP_GHG_PRC,KERNOIL_1_N012,ALL,1,0,4,150
2022-09-03T10:45:00-00:00,2022-09-03T11:00:00-00:00,2022-09-03,04,KERNOIL_1_N012,KERNOIL_1_N012,KERNOIL_1_N012,RTPD,MGHG,LMP_GHG_PRC,KERNOIL_1_N012,ALL,1,0,4,150
2022-09-03T11:45:00-00:00,2022-09-03T12:00:00-00:00,2022-09-03,05,KERNOIL_1_N012,KERNOIL_1_N012,KERNOIL_1_N012,RTPD,MGHG,LMP_GHG_PRC,KERNOIL_1_N012,ALL,1,0,4,150
2022-09-03T12:45:00-00:00,2022-09-03T13:00:00-00:00,2022-09-03,06,KERNOIL_1_N012,KERNOIL_1_N012,KERNOIL_1_N012,RTPD,MGHG,LMP_GHG_PRC,KERNOIL_1_N012,ALL,1,0,4,150
2022-09-03T13:45:00-00:00,2022-09-03T14:00:00-00:00,2022-09-03,07,KERNOIL_1_N012,KERNOIL_1_N012,KERNOIL_1_N012,RTPD,MGHG,LMP_GHG_PRC,KERNOIL_1_N012,ALL,1,0,4,150
2022-09-03T14:45:00-00:00,2022-09-03T15:00:00-00:00,2022-09-03,08,KERNOIL_1_N012,KERNOIL_1_N012,KERNOIL_1_N012,RTPD,MGHG,LMP_GHG_PRC,KERNOIL_1_N012,ALL,1,0,4,150
2022-09-03T15:45:00-00:00,2022-09-03T16:00:00-00:00,2022-09-03,09,KERNOIL_1_N012,KERNOIL_1_N012,KERNOIL_1_N012,RTPD,MGHG,LMP_GHG_PRC,KERNOIL_1_N012,ALL,1,0,4,150
2022-09-03T16:45:00-00:00,2022-09-03T17:00:00-00:00,2022-09-03,10,KERNOIL_1_N012,KERNOIL_1_N012,KERNOIL_1_N012,RTPD,MGHG,LMP_GHG_PRC,KERNOIL_1_N012,ALL,1,0,4,150
2022-09-03T17:45:00-00:00,2022-09-03T18:00:00-00:00,2022-09-03,11,KERNOIL_1_N012,KERNOIL_1_N012,KERNOIL_1_N012,RTPD,MGHG,LMP_GHG_PRC,KERNOIL_1_N012,ALL,1,0,4,150
2022-09-03T18:45:00-00:00,2022-09-03T19:00:00-00:00,2022-09-03,12,KERNOIL_1_N012,KERNOIL_1_N012,KERNOIL_1_N012,RTPD,MGHG,LMP_GHG_PRC,KERNOIL_1_N012,ALL,1,0,4,150
2022-09-03T19:45:00-00:00,2022-09-03T20:00:00-00:00,2022-09-03,13,KERNOIL_1_N012,KERNOIL_1_N012,KERNOIL_1_N012,RTPD,MGHG,LMP_GHG_PRC,KERNOIL_1_N012,ALL,1,0,4,150
2022-09-03T20:45:00-00:00,2022-09-03T21:00:00-00:00,2022-09-03,14,KERNOIL_1_N012,KERNOIL_1_N012,KERNOIL_1_N012,RTPD,MGHG,LMP_GHG_PRC,KERNOIL_1_N012,ALL,1,0,4,150
2022-09-03T21:45:00-00:00,2022-09-03T22:00:00-00:00,2022-09-03,15,KERNOIL_1_N012,KERNOIL_1_N012,KERNOIL_1_N012,RTPD,MGHG,LMP_GHG_PRC,KERNOIL_1_N012,ALL,1,0,4,150
2022-09-03T22:45:00-00:00,2022-09-03T23:00:00-00:00,2022-09-03,16,KERNOIL_1_N012,KERNOIL_1_N012,KERNOIL_1_N012,RTPD,MGHG,LMP_GHG_PRC,KERNOIL_1_N012,ALL,1,0,4,150
2022-09-03T23:45:00-00:00,2022-09-04T00:00:00-00:00,2022-09-03,17,KERNOIL_1_N012,KERNOIL_1_N012,KERNOIL_1_N012,RTPD,MGHG,LMP_GHG_PRC,KERNOIL_1_N012,ALL,1,0,4,150
2022-09-04T00:45:00-00:00,2022-09-04T01:00:00-00:00,2022-09-03,18,KERNOIL_1_N012,KERNOIL_1_N012,KERNOIL_1_N012,RTPD,MGHG,LMP_GHG_PRC,KERNOIL_1_N012,ALL,1,0,4,150
2022-09-04T01:45:00-00:00,2022-09-04T02:00:00-00:00,2022-09-03,19,KERNOIL_1_N012,KERNOIL_1_N012,KERNOIL_1_N012,RTPD,MGHG,LMP_GHG_PRC,KERNOIL_1_N012,ALL,1,0,4,150
2022-09-04T02:45:00-00:00,2022-09-04T03:00:00-00:00,2022-09-03,20,KERNOIL_1_N012,KERNOIL_1_N012,KERNOIL_1_N012,RTPD,MGHG,LMP_GHG_PRC,KERNOIL_1_N012,ALL,1,0,4,150
2022-09-04T03:45:00-00:00,2022-09-04T04:00:00-00:00,2022-09-03,21,KERNOIL_1_N012,KERNOIL_1_N012,KERNOIL_1_N012,RTPD,MGHG,LMP_GHG_PRC,KERNOIL_1_N012,ALL,1,0,4,150
2022-09-04T04:45:00-00:00,2022-09-04T05:00:00-00:00,2022-09-03,22,KERNOIL_1_N012,KERNOIL_1_N012,KERNOIL_1_N012,RTPD,MGHG,LMP_GHG_PRC,KERNOIL_1_N012,ALL,1,0,4,150
2022-09-04T05:45:00-00:00,2022-09-04T06:00:00-00:00,2022-09-03,23,KERNOIL_1_N012,KERNOIL_1_N012,KERNOIL_1_N012,RTPD,MGHG,LMP_GHG_PRC,KERNOIL_1_N012,ALL,1,0,4,150
2022-09-04T06:45:00-00:00,2022-09-04T07:00:00-00:00,2022-09-03,24,KERNOIL_1_N012,KERNOIL_1_N012,KERNOIL_1_N012,RTPD,MGHG,LMP_GHG_PRC,KERNOIL_1_N012,ALL,1,0,4,150
2022-09-04T07:00:00-00:00,2022-09-04T07:15:00-00:00,2022-09-04,01,KELSO_2_N001,KELSO_2_N001,KELSO_2_N001,RTPD,LMP,LMP_PRC,KELSO_2_N001,ALL,1,75.60735,1,151
2022-09-04T08:00:00-00:00,2022-09-04T08:15:00-00:00,2022-09-04,02,KELSO_2_N001,KELSO_2_N001,KELSO_2_N001,RTPD,LMP,LMP_PRC,KELSO_2_N001,ALL,1,72.60407,1,151
2022-09-04T09:00:00-00:00,2022-09-04T09:15:00-00:00,2022-09-04,03,KELSO_2_N001,KELSO_2_N001,KELSO_2_N001,RTPD,LMP,LMP_PRC,KELSO_2_N001,ALL,1,68.98435,1,151
2022-09-04T10:00:00-00:00,2022-09-04T10:15:00-00:00,2022-09-04,04,KELSO_2_N001,KELSO_2_N001,KELSO_2_N001,RTPD,LMP,LMP_PRC,KELSO_2_N001,ALL,1,76.5096,1,151
2022-09-04T11:00:00-00:00,2022-09-04T11:15:00-00:00,2022-09-04,05,KELSO_2_N001,KELSO_2_N001,KELSO_2_N001,RTPD,LMP,LMP_PRC,KELSO_2_N001,ALL,1,73.58836,1,151
2022-09-04T12:00:00-00:00,2022-09-04T12:15:00-00:00,2022-09-04,06,KELSO_2_N001,KELSO_2_N001,KELSO_2_N001,RTPD,LMP,LMP_PRC,KELSO_2_N001,ALL,1,75.38765,1,151
2022-09-04T13:00:00-00:00,2022-09-04T13:15:00-00:00,2022-09-04,07,KELSO_2_N001,KELSO_2_N001,KELSO_2_N001,RTPD,LMP,LMP_PRC,KELSO_2_N001,ALL,1,59.22537,1,151
2022-09-04T14:00:00-00:00,2022-09-04T14:15:00-00:00,2022-09-04,08,KELSO_2_N001,KELSO_2_N001,KELSO_2_N001,RTPD,LMP,LMP_PRC,KELSO_2_N001,ALL,1,75.3666,1,151
2022-09-04T15:00:00-00:00,2022-09-04T15:15:00-00:00,2022-09-04,09,KELSO_2_N001,KELSO_2_N001,KELSO_2_N001,RTPD,LMP,LMP_PRC,KELSO_2_N001,ALL,1,67.66319,1,151
2022-09-04T16:00:00-00:00,2022-09-04T16:15:00-00:00,2022-09-04,10,KELSO_2_N001,KELSO_2_N001,KELSO_2_N001,RTPD,LMP,LMP_PRC,KELSO_2_N001,ALL,1,5.13174,1,151
2022-09-04T17:00:00-00:00,2022-09-04T17:15:00-00:00,2022-09-04,11,KELSO_2_N001,KELSO_2_N001,KELSO_2_N001,RTPD,LMP,LMP_PRC,KELSO_2_N001,ALL,1,3.92963,1,151
2022-09-04T18:00:00-00:00,2022-09-04T18:15:00-00:00,2022-09-04,12,KELSO_2_N001,KELSO_2_N001,KELSO_2_N001,RTPD,LMP,LMP_PRC,KELSO_2_N001,ALL,1,9.37561,1,151
2022-09-04T19:00:00-00:00,2022-09-04T19:15:00-00:00,2022-09-04,13,KELSO_2_N001,KELSO_2_N001,KELSO_2_N001,RTPD,LMP,LMP_PRC,KELSO_2_N001,ALL,1,35.52303,1,151
2022-09-04T20:00:00-00:00,2022-09-04T20:15:00-00:00,2022-09-04,14,KELSO_2_N001,KELSO_2_N001,KELSO_2_N001,RTPD,LMP,LMP_PRC,KELSO_2_N001,ALL,1,73.68826,1,151
2022-09-04T21:00:00-00:00,2022-09-04T21:15:00-00:00,2022-09-04,15,KELSO_2_N001,KELSO_2_N001,KELSO_2_N001,RTPD,LMP,LMP_PRC,KELSO_2_N001,ALL,1,76.85058,1,151
2022-09-04T22:00:00-00:00,2022-09-04T22:15:00-00:00,2022-09-04,16,KELSO_2_N001,KELSO_2_N001,KELSO_2_N001,RTPD,LMP,LMP_PRC,KELSO_2_N001,ALL,1,83.19195,1,151
2022-09-04T23:00:00-00:00,2022-09-04T23:15:00-00:00,2022-09-04,17,KELSO_2_N001,KELSO_2_N001,KELSO_2_N001,RTPD,LMP,LMP_PRC,KELSO_2_N001,ALL,1,90.07961,1,151
2022-09-05T00:00:00-00:00,2022-09-05T00:15:00-00:00,2022-09-04,18,KELSO_2_N001,KELSO_2_N001,KELSO_2_N001,RTPD,LMP,LMP_PRC,KELSO_2_N001,ALL,1,114.41219,1,151
2022-09-05T01:00:00-00:00,2022-09-05T01:15:00-00:00,2022-09-04,19,KELSO_2_N001,KELSO_2_N001,KELSO_2_N001,RTPD,LMP,LMP_PRC,KELSO_2_N001,ALL,1,138.73529,1,151
2022-09-05T02:00:00-00:00,2022-09-05T02:15:00-00:00,2022-09-04,20,KELSO_2_N001,KELSO_2_N001,KELSO_2_N001,RTPD,LMP,LMP_PRC,KELSO_2_N001,ALL,1,158.90852,1,151
2022-09-05T03:00:00-00:00,2022-09-05T03:15:00-00:00,2022-09-04,21,KELSO_2_N001,KELSO_2_N001,KELSO_2_N001,RTPD,LMP,LMP_PRC,KELSO_2_N001,ALL,1,174.77838,1,151
2022-09-05T04:00:00-00:00,2022-09-05T04:15:00-00:00,2022-09-04,22,KELSO_2_N001,KELSO_2_N001,KELSO_2_N001,RTPD,LMP,LMP_PRC,KELSO_2_N001,ALL,1,145.00179,1,151
2022-09-05T05:00:00-00:00,2022-09-05T05:15:00-00:00,2022-09-04,23,KELSO_2_N001,KELSO_2_N001,KELSO_2_N001,RTPD,LMP,LMP_PRC,KELSO_2_N001,ALL,1,167.01337,1,151
2022-09-05T06:00:00-00:00,2022-09-05T06:15:00-00:00,2022-09-04,24,KELSO_2_N001,KELSO_2_N001,KELSO_2_N001,RTPD,LMP,LMP_PRC,KELSO_2_N001,ALL,1,143.05688,1,151
2022-09-04T07:15:00-00:00,2022-09-04T07:30:00-00:00,2022-09-04,01,KELSO_2_N001,KELSO_2_N001,KELSO_2_N001,RTPD,LMP,LMP_PRC,KELSO_2_N001,ALL,1,74.48218,2,151
2022-09-04T08:15:00-00:00,2022-09-04T08:30:00-00:00,2022-09-04,02,KELSO_2_N001,KELSO_2_N001,KELSO_2_N001,RTPD,LMP,LMP_PRC,KELSO_2_N001,ALL,1,71.17819,2,151
2022-09-04T09:15:00-00:00,2022-09-04T09:30:00-00:00,2022-09-04,03,KELSO_2_N001,KELSO_2_N001,KELSO_2_N001,RTPD,LMP,LMP_PRC,KELSO_2_N001,ALL,1,64.74077,2,151
2022-09-04T10:15:00-00:00,2022-09-04T10:30:00-00:00,2022-09-04,04,KELSO_2_N001,KELSO_2_N001,KELSO_2_N001,RTPD,LMP,LMP_PRC,KELSO_2_N001,ALL,1,74.96715,2,151
2022-09-04T11:15:00-00:00,2022-09-04T11:30:00-00:00,2022-09-04,05,KELSO_2_N001,KELSO_2_N001,KELSO_2_N001,RTPD,LMP,LMP_PRC,KELSO_2_N001,ALL,1,72.14899,2,151
2022-09-04T12:15:00-00:00,2022-09-04T12:30:00-00:00,2022-09-04,06,KELSO_2_N001,KELSO_2_N001,KELSO_2_N001,RTPD,LMP,LMP_PRC,KELSO_2_N001,ALL,1,75.57754,2,151
2022-09-04T13:15:00-00:00,2022-09-04T13:30:00-00:00,2022-09-04,07,KELSO_2_N001,KELSO_2_N001,KELSO_2_N001,RTPD,LMP,LMP_PRC,KELSO_2_N001,ALL,1,45.79548,2,151
2022-09-04T14:15:00-00:00,2022-09-04T14:30:00-00:00,2022-09-04,08,KELSO_2_N001,KELSO_2_N001,KELSO_2_N001,RTPD,LMP,LMP_PRC,KELSO_2_N001,ALL,1,69.54198,2,151
2022-09-04T15:15:00-00:00,2022-09-04T15:30:00-00:00,2022-09-04,09,KELSO_2_N001,KELSO_2_N001,KELSO_2_N001,RTPD,LMP,LMP_PRC,KELSO_2_N001,ALL,1,50.60367,2,151
2022-09-04T16:15:00-00:00,2022-09-04T16:30:00-00:00,2022-09-04,10,KELSO_2_N001,KELSO_2_N001,KELSO_2_N001,RTPD,LMP,LMP_PRC,KELSO_2_N001,ALL,1,4.97279,2,151
2022-09-04T17:15:00-00:00,2022-09-04T17:30:00-00:00,2022-09-04,11,KELSO_2_N001,KELSO_2_N001,KELSO_2_N001,RTPD,LMP,LMP_PRC,KELSO_2_N001,ALL,1,5.71913,2,151
2022-09-04T18:15:00-00:00,2022-09-04T18:30:00-00:00,2022-09-04,12,KELSO_2_N001,KELSO_2_N001,KELSO_2_N001,RTPD,LMP,LMP_PRC,KELSO_2_N001,ALL,1,13.4293,2,151
2022-09-04T19:15:00-00:00,2022-09-04T19:30:00-00:00,2022-09-04,13,KELSO_2_N001,KELSO_2_N001,KELSO_2_N001,RTPD,LMP,LMP_PRC,KELSO_2_N001,ALL,1,57.74183,2,151
2022-09-04T20:15:00-00:00,2022-09-04T20:30:00-00:00,2022-09-04,14,KELSO_2_N001,KELSO_2_N001,KELSO_2_N001,RTPD,LMP,LMP_PRC,KELSO_2_N001,ALL,1,73.66786,2,151
2022-09-04T21:15:00-00:00,2022-09-04T21:30:00-00:00,2022-09-04,15,KELSO_2_N001,KELSO_2_N001,KELSO_2_N001,RTPD,LMP,LMP_PRC,KELSO_2_N001,ALL,1,82.87308,2,151
2022-09-04T22:15:00-00:00,2022-09-04T22:30:00-00:00,2022-09-04,16,KELSO_2_N001,KELSO_2_N001,KELSO_2_N001,RTPD,LMP,LMP_PRC,KELSO_2_N001,ALL,1,90.44813,2,151
2022-09-04T23:15:00-00:00,2022-09-04T23:30:00-00:00,2022-09-04,17,KELSO_2_N001,KELSO_2_N001,KELSO_2_N001,RTPD,LMP,LMP_PRC,KELSO_2_N001,ALL,1,103.25604,2,151
2022-09-05T00:15:00-00:00,2022-09-05T00:30:00-00:00,2022-09-04,18,KELSO_2_N001,KELSO_2_N001,KELSO_2_N001,RTPD,LMP,LMP_PRC,KELSO_2_N001,ALL,1,116.95844,2,151
2022-09-05T01:15:00-00:00,2022-09-05T01:30:00-00:00,2022-09-04,19,KELSO_2_N001,KELSO_2_N001,KELSO_2_N001,RTPD,LMP,LMP_PRC,KELSO_2_N001,ALL,1,309.1228,2,151
2022-09-05T02:15:00-00:00,2022-09-05T02:30:00-00:00,2022-09-04,20,KELSO_2_N001,KELSO_2_N001,KELSO_2_N001,RTPD,LMP,LMP_PRC,KELSO_2_N001,ALL,1,167.07985,2,151
2022-09-05T03:15:00-00:00,2022-09-05T03:30:00-00:00,2022-09-04,21,KELSO_2_N001,KELSO_2_N001,KELSO_2_N001,RTPD,LMP,LMP_PRC,KELSO_2_N001,ALL,1,160.20258,2,151
2022-09-05T04:15:00-00:00,2022-09-05T04:30:00-00:00,2022-09-04,22,KELSO_2_N001,KELSO_2_N001,KELSO_2_N001,RTPD,LMP,LMP_PRC,KELSO_2_N001,ALL,1,138.40126,2,151
2022-09-05T05:15:00-00:00,2022-09-05T05:30:00-00:00,2022-09-04,23,KELSO_2_N001,KELSO_2_N001,KELSO_2_N001,RTPD,LMP,LMP_PRC,KELSO_2_N001,ALL,1,169.38374,2,151
2022-09-05T06:15:00-00:00,2022-09-05T06:30:00-00:00,2022-09-04,24,KELSO_2_N001,KELSO_2_N001,KELSO_2_N001,RTPD,LMP,LMP_PRC,KELSO_2_N001,ALL,1,130.78265,2,151
2022-09-04T07:30:00-00:00,2022-09-04T07:45:00-00:00,2022-09-04,01,KELSO_2_N001,KELSO_2_N001,KELSO_2_N001,RTPD,LMP,LMP_PRC,KELSO_2_N001,ALL,1,73.13463,3,151
2022-09-04T08:30:00-00:00,2022-09-04T08:45:00-00:00,2022-09-04,02,KELSO_2_N001,KELSO_2_N001,KELSO_2_N001,RTPD,LMP,LMP_PRC,KELSO_2_N001,ALL,1,66.79888,3,151
2022-09-04T09:30:00-00:00,2022-09-04T09:45:00-00:00,2022-09-04,03,KELSO_2_N001,KELSO_2_N001,KELSO_2_N001,RTPD,LMP,LMP_PRC,KELSO_2_N001,ALL,1,62.57753,3,151
2022-09-04T10:30:00-00:00,2022-09-04T10:45:00-00:00,2022-09-04,04,KELSO_2_N001,KELSO_2_N001,KELSO_2_N001,RTPD,LMP,LMP_PRC,KELSO_2_N001,ALL,1,74.71058,3,151
2022-09-04T11:30:00-00:00,2022-09-04T11:45:00-00:00,2022-09-04,05,KELSO_2_N001,KELSO_2_N001,KELSO_2_N001,RTPD,LMP,LMP_PRC,KELSO_2_N001,ALL,1,72.57012,3,151
2022-09-04T12:30:00-00:00,2022-09-04T12:45:00-00:00,2022-09-04,06,KELSO_2_N001,KELSO_2_N001,KELSO_2_N001,RTPD,LMP,LMP_PRC,KELSO_2_N001,ALL,1,74.79846,3,151
2022-09-04T13:30:00-00:00,2022-09-04T13:45:00-00:00,2022-09-04,07,KELSO_2_N001,KELSO_2_N001,KELSO_2_N001,RTPD,LMP,LMP_PRC,KELSO_2_N001,ALL,1,39.67364,3,151
2022-09-04T14:30:00-00:00,2022-09-04T14:45:00-00:00,2022-09-04,08,KELSO_2_N001,KELSO_2_N001,KELSO_2_N001,RTPD,LMP,LMP_PRC,KELSO_2_N001,ALL,1,68.48066,3,151
2022-09-04T15:30:00-00:00,2022-09-04T15:45:00-00:00,2022-09-04,09,KELSO_2_N001,KELSO_2_N001,KELSO_2_N001,RTPD,LMP,LMP_PRC,KELSO_2_N001,ALL,1,38.82511,3,151
2022-09-04T16:30:00-00:00,2022-09-04T16:45:00-00:00,2022-09-04,10,KELSO_2_N001,KELSO_2_N001,KELSO_2_N001,RTPD,LMP,LMP_PRC,KELSO_2_N001,ALL,1,6.87655,3,151
2022-09-04T17:30:00-00:00,2022-09-04T17:45:00-00:00,2022-09-04,11,KELSO_2_N001,KELSO_2_N001,KELSO_2_N001,RTPD,LMP,LMP_PRC,KELSO_2_N001,ALL,1,6.21506,3,151
2022-09-04T18:30:00-00:00,2022-09-04T18:45:00-00:00,2022-09-04,12,KELSO_2_N001,KELSO_2_N001,KELSO_2_N001,RTPD,LMP,LMP_PRC,KELSO_2_N001,ALL,1,59.39527,3,151
2022-09-04T19:30:00-00:00,2022-09-04T19:45:00-00:00,2022-09-04,13,KELSO_2_N001,KELSO_2_N001,KELSO_2_N001,RTPD,LMP,LMP_PRC,KELSO_2_N001,ALL,1,71.2169,3,151
2022-09-04T20:30:00-00:00,2022-09-04T20:45:00-00:00,2022-09-04,14,KELSO_2_N001,KELSO_2_N001,KELSO_2_N001,RTPD,LMP,LMP_PRC,KELSO_2_N001,ALL,1,74.51009,3,151
2022-09-04T21:30:00-00:00,2022-09-04T21:45:00-00:00,2022-09-04,15,KELSO_2_N001,KELSO_2_N001,KELSO_2_N001,RTPD,LMP,LMP_PRC,KELSO_2_N001,ALL,1,85.91234,3,151
2022-09-04T22:30:00-00:00,2022-09-04T22:45:00-00:00,2022-09-04,16,KELSO_2_N001,KELSO_2_N001,KELSO_2_N001,RTPD,LMP,LMP_PRC,KELSO_2_N001,ALL,1,100.8567,3,151
2022-09-04T23:30:00-00:00,2022-09-04T23:45:00-00:00,2022-09-04,17,KELSO_2_N001,KELSO_2_N001,KELSO_2_N001,RTPD,LMP,LMP_PRC,KELSO_2_N001,ALL,1,108.55593,3,151
2022-09-05T00:30:00-00:00,2022-09-05T00:45:00-00:00,2022-09-04,18,KELSO_2_N001,KELSO_2_N001,KELSO_2_N001,RTPD,LMP,LMP_PRC,KELSO_2_N001,ALL,1,118.37738,3,151
2022-09-05T01:30:00-00:00,2022-09-05T01:45:00-00:00,2022-09-04,19,KELSO_2_N001,KELSO_2_N001,KELSO_2_N001,RTPD,LMP,LMP_PRC,KELSO_2_N001,ALL,1,1377.4331,3,151
2022-09-05T02:30:00-00:00,2022-09-05T02:45:00-00:00,2022-09-04,20,KELSO_2_N001,KELSO_2_N001,KELSO_2_N001,RTPD,LMP,LMP_PRC,KELSO_2_N001,ALL,1,141.81758,3,151
2022-09-05T03:30:00-00:00,2022-09-05T03:45:00-00:00,2022-09-04,21,KELSO_2_N001,KELSO_2_N001,KELSO_2_N001,RTPD,LMP,LMP_PRC,KELSO_2_N001,ALL,1,150.08875,3,151
2022-09-05T04:30:00-00:00,2022-09-05T04:45:00-00:00,2022-09-04,22,KELSO_2_N001,KELSO_2_N001,KELSO_2_N001,RTPD,LMP,LMP_PRC,KELSO_2_N001,ALL,1,140.56021,3,151
2022-09-05T05:30:00-00:00,2022-09-05T05:45:00-00:00,2022-09-04,23,KELSO_2_N001,KELSO_2_N001,KELSO_2_N001,RTPD,LMP,LMP_PRC,KELSO_2_N001,ALL,1,142.83394,3,151
2022-09-05T06:30:00-00:00,2022-09-05T06:45:00-00:00,2022-09-04,24,KELSO_2_N001,KELSO_2_N001,KELSO_2_N001,RTPD,LMP,LMP_PRC,KELSO_2_N001,ALL,1,96.96168,3,151
2022-09-04T07:45:00-00:00,2022-09-04T08:00:00-00:00,2022-09-04,01,KELSO_2_N001,KELSO_2_N001,KELSO_2_N001,RTPD,LMP,LMP_PRC,KELSO_2_N001,ALL,1,60.26097,4,151
2022-09-04T08:45:00-00:00,2022-09-04T09:00:00-00:00,2022-09-04,02,KELSO_2_N001,KELSO_2_N001,KELSO_2_N001,RTPD,LMP,LMP_PRC,KELSO_2_N001,ALL,1,63.28504,4,151
2022-09-04T09:45:00-00:00,2022-09-04T10:00:00-00:00,2022-09-04,03,KELSO_2_N001,KELSO_2_N001,KELSO_2_N001,RTPD,LMP,LMP_PRC,KELSO_2_N001,ALL,1,60.3414,4,151
2022-09-04T10:45:00-00:00,2022-09-04T11:00:00-00:00,2022-09-04,04,KELSO_2_N001,KELSO_2_N001,KELSO_2_N001,RTPD,LMP,LMP_PRC,KELSO_2_N001,ALL,1,73.74161,4,151
2022-09-04T11:45:00-00:00,2022-09-04T12:00:00-00:00,2022-09-04,05,KELSO_2_N001,KELSO_2_N001,KELSO_2_N001,RTPD,LMP,LMP_PRC,KELSO_2_N001,ALL,1,73.30447,4,151
2022-09-04T12:45:00-00:00,2022-09-04T13:00:00-00:00,2022-09-04,06,KELSO_2_N001,KELSO_2_N001,KELSO_2_N001,RTPD,LMP,LMP_PRC,KELSO_2_N001,ALL,1,71.9805,4,151
2022-09-04T13:45:00-00:00,2022-09-04T14:00:00-00:00,2022-09-04,07,KELSO_2_N001,KELSO_2_N001,KELSO_2_N001,RTPD,LMP,LMP_PRC,KELSO_2_N001,ALL,1,32.59083,4,151
2022-09-04T14:45:00-00:00,2022-09-04T15:00:00-00:00,2022-09-04,08,KELSO_2_N001,KELSO_2_N001,KELSO_2_N001,RTPD,LMP,LMP_PRC,KELSO_2_N001,ALL,1,35.30481,4,151
2022-09-04T15:45:00-00:00,2022-09-04T16:00:00-00:00,2022-09-04,09,KELSO_2_N001,KELSO_2_N001,KELSO_2_N001,RTPD,LMP,LMP_PRC,KELSO_2_N001,ALL,1,5.38897,4,151
2022-09-04T16:45:00-00:00,2022-09-04T17:00:00-00:00,2022-09-04,10,KELSO_2_N001,KELSO_2_N001,KELSO_2_N001,RTPD,LMP,LMP_PRC,KELSO_2_N001,ALL,1,4.2458,4,151
2022-09-04T17:45:00-00:00,2022-09-04T18:00:00-00:00,2022-09-04,11,KELSO_2_N001,KELSO_2_N001,KELSO_2_N001,RTPD,LMP,LMP_PRC,KELSO_2_N001,ALL,1,7.38815,4,151
2022-09-04T18:45:00-00:00,2022-09-04T19:00:00-00:00,2022-09-04,12,KELSO_2_N001,KELSO_2_N001,KELSO_2_N001,RTPD,LMP,LMP_PRC,KELSO_2_N001,ALL,1,68.88562,4,151
2022-09-04T19:45:00-00:00,2022-09-04T20:00:00-00:00,2022-09-04,13,KELSO_2_N001,KELSO_2_N001,KELSO_2_N001,RTPD,LMP,LMP_PRC,KELSO_2_N001,ALL,1,53.71695,4,151
2022-09-04T20:45:00-00:00,2022-09-04T21:00:00-00:00,2022-09-04,14,KELSO_2_N001,KELSO_2_N001,KELSO_2_N001,RTPD,LMP,LMP_PRC,KELSO_2_N001,ALL,1,83.4482,4,151
2022-09-04T21:45:00-00:00,2022-09-04T22:00:00-00:00,2022-09-04,15,KELSO_2_N001,KELSO_2_N001,KELSO_2_N001,RTPD,LMP,LMP_PRC,KELSO_2_N001,ALL,1,87.91455,4,151
2022-09-04T22:45:00-00:00,2022-09-04T23:00:00-00:00,2022-09-04,16,KELSO_2_N001,KELSO_2_N001,KELSO_2_N001,RTPD,LMP,LMP_PRC,KELSO_2_N001,ALL,1,130.3828,4,151
2022-09-04T23:45:00-00:00,2022-09-05T00:00:00-00:00,2022-09-04,17,KELSO_2_N001,KELSO_2_N001,KELSO_2_N001,RTPD,LMP,LMP_PRC,KELSO_2_N001,ALL,1,148.78407,4,151
2022-09-05T00:45:00-00:00,2022-09-05T01:00:00-00:00,2022-09-04,18,KELSO_2_N001,KELSO_2_N001,KELSO_2_N001,RTPD,LMP,LMP_PRC,KELSO_2_N001,ALL,1,195.4549,4,151
2022-09-05T01:45:00-00:00,2022-09-05T02:00:00-00:00,2022-09-04,19,KELSO_2_N001,KELSO_2_N001,KELSO_2_N001,RTPD,LMP,LMP_PRC,KELSO_2_N001,ALL,1,1212.6091,4,151
2022-09-05T02:45:00-00:00,2022-09-05T03:00:00-00:00,2022-09-04,20,KELSO_2_N001,KELSO_2_N001,KELSO_2_N001,RTPD,LMP,LMP_PRC,KELSO_2_N001,ALL,1,129.60356,4,151
2022-09-05T03:45:00-00:00,2022-09-05T04:00:00-00:00,2022-09-04,21,KELSO_2_N001,KELSO_2_N001,KELSO_2_N001,RTPD,LMP,LMP_PRC,KELSO_2_N001,ALL,1,123.99428,4,151
2022-09-05T04:45:00-00:00,2022-09-05T05:00:00-00:00,2022-09-04,22,KELSO_2_N001,KELSO_2_N001,KELSO_2_N001,RTPD,LMP,LMP_PRC,KELSO_2_N001,ALL,1,144.29948,4,151
2022-09-05T05:45:00-00:00,2022-09-05T06:00:00-00:00,2022-09-04,23,KELSO_2_N001,KELSO_2_N001,KELSO_2_N001,RTPD,LMP,LMP_PRC,KELSO_2_N001,ALL,1,104.65944,4,151
2022-09-05T06:45:00-00:00,2022-09-05T07:00:00-00:00,2022-09-04,24,KELSO_2_N001,KELSO_2_N001,KELSO_2_N001,RTPD,LMP,LMP_PRC,KELSO_2_N001,ALL,1,86.1798,4,151
2022-09-04T07:00:00-00:00,2022-09-04T07:15:00-00:00,2022-09-04,01,KELSO_2_N001,KELSO_2_N001,KELSO_2_N001,RTPD,MCC,LMP_CONG_PRC,KELSO_2_N001,ALL,1,-31.50721,1,152
2022-09-04T08:00:00-00:00,2022-09-04T08:15:00-00:00,2022-09-04,02,KELSO_2_N001,KELSO_2_N001,KELSO_2_N001,RTPD,MCC,LMP_CONG_PRC,KELSO_2_N001,ALL,1,-24.84131,1,152
2022-09-04T09:00:00-00:00,2022-09-04T09:15:00-00:00,2022-09-04,03,KELSO_2_N001,KELSO_2_N001,KELSO_2_N001,RTPD,MCC,LMP_CONG_PRC,KELSO_2_N001,ALL,1,-18.94275,1,152
2022-09-04T10:00:00-00:00,2022-09-04T10:15:00-00:00,2022-09-04,04,KELSO_2_N001,KELSO_2_N001,KELSO_2_N001,RTPD,MCC,LMP_CONG_PRC,KELSO_2_N001,ALL,1,-13.0943,1,152
2022-09-04T11:00:00-00:00,2022-09-04T11:15:00-00:00,2022-09-04,05,KELSO_2_N001,KELSO_2_N001,KELSO_2_N001,RTPD,MCC,LMP_CONG_PRC,KELSO_2_N001,ALL,1,-9.98063,1,152
2022-09-04T12:00:00-00:00,2022-09-04T12:15:00-00:00,2022-09-04,06,KELSO_2_N001,KELSO_2_N001,KELSO_2_N001,RTPD,MCC,LMP_CONG_PRC,KELSO_2_N001,ALL,1,-8.51862,1,152
2022-09-04T13:00:00-00:00,2022-09-04T13:15:00-00:00,2022-09-04,07,KELSO_2_N001,KELSO_2_N001,KELSO_2_N001,RTPD,MCC,LMP_CONG_PRC,KELSO_2_N001,ALL,1,-18.0489,1,152
2022-09-04T14:00:00-00:00,2022-09-04T14:15:00-00:00,2022-09-04,08,KELSO_2_N001,KELSO_2_N001,KELSO_2_N001,RTPD,MCC,LMP_CONG_PRC,KELSO_2_N001,ALL,1,-9.25395,1,152
2022-09-04T15:00:00-00:00,2022-09-04T15:15:00-00:00,2022-09-04,09,KELSO_2_N001,KELSO_2_N001,KELSO_2_N001,RTPD,MCC,LMP_CONG_PRC,KELSO_2_N001,ALL,1,-8.04086,1,152
2022-09-04T16:00:00-00:00,2022-09-04T16:15:00-00:00,2022-09-04,10,KELSO_2_N001,KELSO_2_N001,KELSO_2_N001,RTPD,MCC,LMP_CONG_PRC,KELSO_2_N001,ALL,1,-46.24429,1,152
2022-09-04T17:00:00-00:00,2022-09-04T17:15:00-00:00,2022-09-04,11,KELSO_2_N001,KELSO_2_N001,KELSO_2_N001,RTPD,MCC,LMP_CONG_PRC,KELSO_2_N001,ALL,1,-56.4032,1,152
2022-09-04T18:00:00-00:00,2022-09-04T18:15:00-00:00,2022-09-04,12,KELSO_2_N001,KELSO_2_N001,KELSO_2_N001,RTPD,MCC,LMP_CONG_PRC,KELSO_2_N001,ALL,1,-57.49422,1,152
2022-09-04T19:00:00-00:00,2022-09-04T19:15:00-00:00,2022-09-04,13,KELSO_2_N001,KELSO_2_N001,KELSO_2_N001,RTPD,MCC,LMP_CONG_PRC,KELSO_2_N001,ALL,1,-42.47926,1,152
2022-09-04T20:00:00-00:00,2022-09-04T20:15:00-00:00,2022-09-04,14,KELSO_2_N001,KELSO_2_N001,KELSO_2_N001,RTPD,MCC,LMP_CONG_PRC,KELSO_2_N001,ALL,1,-16.16036,1,152
2022-09-04T21:00:00-00:00,2022-09-04T21:15:00-00:00,2022-09-04,15,KELSO_2_N001,KELSO_2_N001,KELSO_2_N001,RTPD,MCC,LMP_CONG_PRC,KELSO_2_N001,ALL,1,-27.26642,1,152
2022-09-04T22:00:00-00:00,2022-09-04T22:15:00-00:00,2022-09-04,16,KELSO_2_N001,KELSO_2_N001,KELSO_2_N001,RTPD,MCC,LMP_CONG_PRC,KELSO_2_N001,ALL,1,-21.67874,1,152
2022-09-04T23:00:00-00:00,2022-09-04T23:15:00-00:00,2022-09-04,17,KELSO_2_N001,KELSO_2_N001,KELSO_2_N001,RTPD,MCC,LMP_CONG_PRC,KELSO_2_N001,ALL,1,-15.58204,1,152
2022-09-05T00:00:00-00:00,2022-09-05T00:15:00-00:00,2022-09-04,18,KELSO_2_N001,KELSO_2_N001,KELSO_2_N001,RTPD,MCC,LMP_CONG_PRC,KELSO_2_N001,ALL,1,1.92711,1,152
2022-09-05T01:00:00-00:00,2022-09-05T01:15:00-00:00,2022-09-04,19,KELSO_2_N001,KELSO_2_N001,KELSO_2_N001,RTPD,MCC,LMP_CONG_PRC,KELSO_2_N001,ALL,1,-23.83425,1,152
2022-09-05T02:00:00-00:00,2022-09-05T02:15:00-00:00,2022-09-04,20,KELSO_2_N001,KELSO_2_N001,KELSO_2_N001,RTPD,MCC,LMP_CONG_PRC,KELSO_2_N001,ALL,1,25.18624,1,152
2022-09-05T03:00:00-00:00,2022-09-05T03:15:00-00:00,2022-09-04,21,KELSO_2_N001,KELSO_2_N001,KELSO_2_N001,RTPD,MCC,LMP_CONG_PRC,KELSO_2_N001,ALL,1,35.93924,1,152
2022-09-05T04:00:00-00:00,2022-09-05T04:15:00-00:00,2022-09-04,22,KELSO_2_N001,KELSO_2_N001,KELSO_2_N001,RTPD,MCC,LMP_CONG_PRC,KELSO_2_N001,ALL,1,23.70382,1,152
2022-09-05T05:00:00-00:00,2022-09-05T05:15:00-00:00,2022-09-04,23,KELSO_2_N001,KELSO_2_N001,KELSO_2_N001,RTPD,MCC,LMP_CONG_PRC,KELSO_2_N001,ALL,1,26.45477,1,152
2022-09-05T06:00:00-00:00,2022-09-05T06:15:00-00:00,2022-09-04,24,KELSO_2_N001,KELSO_2_N001,KELSO_2_N001,RTPD,MCC,LMP_CONG_PRC,KELSO_2_N001,ALL,1,15.27592,1,152
2022-09-04T07:15:00-00:00,2022-09-04T07:30:00-00:00,2022-09-04,01,KELSO_2_N001,KELSO_2_N001,KELSO_2_N001,RTPD,MCC,LMP_CONG_PRC,KELSO_2_N001,ALL,1,-25.42018,2,152
2022-09-04T08:15:00-00:00,2022-09-04T08:30:00-00:00,2022-09-04,02,KELSO_2_N001,KELSO_2_N001,KELSO_2_N001,RTPD,MCC,LMP_CONG_PRC,KELSO_2_N001,ALL,1,-25.2553,2,152
2022-09-04T09:15:00-00:00,2022-09-04T09:30:00-00:00,2022-09-04,03,KELSO_2_N001,KELSO_2_N001,KELSO_2_N001,RTPD,MCC,LMP_CONG_PRC,KELSO_2_N001,ALL,1,-20.59168,2,152
2022-09-04T10:15:00-00:00,2022-09-04T10:30:00-00:00,2022-09-04,04,KELSO_2_N001,KELSO_2_N001,KELSO_2_N001,RTPD,MCC,LMP_CONG_PRC,KELSO_2_N001,ALL,1,-12.02339,2,152
2022-09-04T11:15:00-00:00,2022-09-04T11:30:00-00:00,2022-09-04,05,KELSO_2_N001,KELSO_2_N001,KELSO_2_N001,RTPD,MCC,LMP_CONG_PRC,KELSO_2_N001,ALL,1,-10.84504,2,152
2022-09-04T12:15:00-00:00,2022-09-04T12:30:00-00:00,2022-09-04,06,KELSO_2_N001,KELSO_2_N001,KELSO_2_N001,RTPD,MCC,LMP_CONG_PRC,KELSO_2_N001,ALL,1,-8.47216,2,152
2022-09-04T13:15:00-00:00,2022-09-04T13:30:00-00:00,2022-09-04,07,KELSO_2_N001,KELSO_2_N001,KELSO_2_N001,RTPD,MCC,LMP_CONG_PRC,KELSO_2_N001,ALL,1,-26.53019,2,152
2022-09-04T14:15:00-00:00,2022-09-04T14:30:00-00:00,2022-09-04,08,KELSO_2_N001,KELSO_2_N001,KELSO_2_N001,RTPD,MCC,LMP_CONG_PRC,KELSO_2_N001,ALL,1,-9.29869,2,152
2022-09-04T15:15:00-00:00,2022-09-04T15:30:00-00:00,2022-09-04,09,KELSO_2_N001,KELSO_2_N001,KELSO_2_N001,RTPD,MCC,LMP_CONG_PRC,KELSO_2_N001,ALL,1,-17.1893,2,152
2022-09-04T16:15:00-00:00,2022-09-04T16:30:00-00:00,2022-09-04,10,KELSO_2_N001,KELSO_2_N001,KELSO_2_N001,RTPD,MCC,LMP_CONG_PRC,KELSO_2_N001,ALL,1,-47.86898,2,152
2022-09-04T17:15:00-00:00,2022-09-04T17:30:00-00:00,2022-09-04,11,KELSO_2_N001,KELSO_2_N001,KELSO_2_N001,RTPD,MCC,LMP_CONG_PRC,KELSO_2_N001,ALL,1,-64.78643,2,152
2022-09-04T18:15:00-00:00,2022-09-04T18:30:00-00:00,2022-09-04,12,KELSO_2_N001,KELSO_2_N001,KELSO_2_N001,RTPD,MCC,LMP_CONG_PRC,KELSO_2_N001,ALL,1,-62.05805,2,152
2022-09-04T19:15:00-00:00,2022-09-04T19:30:00-00:00,2022-09-04,13,KELSO_2_N001,KELSO_2_N001,KELSO_2_N001,RTPD,MCC,LMP_CONG_PRC,KELSO_2_N001,ALL,1,-30.7041,2,152
2022-09-04T20:15:00-00:00,2022-09-04T20:30:00-00:00,2022-09-04,14,KELSO_2_N001,KELSO_2_N001,KELSO_2_N001,RTPD,MCC,LMP_CONG_PRC,KELSO_2_N001,ALL,1,-17.7508,2,152
2022-09-04T21:15:00-00:00,2022-09-04T21:30:00-00:00,2022-09-04,15,KELSO_2_N001,KELSO_2_N001,KELSO_2_N001,RTPD,MCC,LMP_CONG_PRC,KELSO_2_N001,ALL,1,-31.86796,2,152
2022-09-04T22:15:00-00:00,2022-09-04T22:30:00-00:00,2022-09-04,16,KELSO_2_N001,KELSO_2_N001,KELSO_2_N001,RTPD,MCC,LMP_CONG_PRC,KELSO_2_N001,ALL,1,-18.16057,2,152
2022-09-04T23:15:00-00:00,2022-09-04T23:30:00-00:00,2022-09-04,17,KELSO_2_N001,KELSO_2_N001,KELSO_2_N001,RTPD,MCC,LMP_CONG_PRC,KELSO_2_N001,ALL,1,-3.38792,2,152
2022-09-05T00:15:00-00:00,2022-09-05T00:30:00-00:00,2022-09-04,18,KELSO_2_N001,KELSO_2_N001,KELSO_2_N001,RTPD,MCC,LMP_CONG_PRC,KELSO_2_N001,ALL,1,-72.64852,2,152
2022-09-05T01:15:00-00:00,2022-09-05T01:30:00-00:00,2022-09-04,19,KELSO_2_N001,KELSO_2_N001,KELSO_2_N001,RTPD,MCC,LMP_CONG_PRC,KELSO_2_N001,ALL,1,22.49715,2,152
2022-09-05T02:15:00-00:00,2022-09-05T02:30:00-00:00,2022-09-04,20,KELSO_2_N001,KELSO_2_N001,KELSO_2_N001,RTPD,MCC,LMP_CONG_PRC,KELSO_2_N001,ALL,1,27.87085,2,152
2022-09-05T03:15:00-00:00,2022-09-05T03:30:00-00:00,2022-09-04,21,KELSO_2_N001,KELSO_2_N001,KELSO_2_N001,RTPD,MCC,LMP_CONG_PRC,KELSO_2_N001,ALL,1,32.90092,2,152
2022-09-05T04:15:00-00:00,2022-09-05T04:30:00-00:00,2022-09-04,22,KELSO_2_N001,KELSO_2_N001,KELSO_2_N001,RTPD,MCC,LMP_CONG_PRC,KELSO_2_N001,ALL,1,19.31174,2,152
2022-09-05T05:15:00-00:00,2022-09-05T05:30:00-00:00,2022-09-04,23,KELSO_2_N001,KELSO_2_N001,KELSO_2_N001,RTPD,MCC,LMP_CONG_PRC,KELSO_2_N001,ALL,1,26.8762,2,152
2022-09-05T06:15:00-00:00,2022-09-05T06:30:00-00:00,2022-09-04,24,KELSO_2_N001,KELSO_2_N001,KELSO_2_N001,RTPD,MCC,LMP_CONG_PRC,KELSO_2_N001,ALL,1,14.77202,2,152
2022-09-04T07:30:00-00:00,2022-09-04T07:45:00-00:00,2022-09-04,01,KELSO_2_N001,KELSO_2_N001,KELSO_2_N001,RTPD,MCC,LMP_CONG_PRC,KELSO_2_N001,ALL,1,-22.21183,3,152
2022-09-04T08:30:00-00:00,2022-09-04T08:45:00-00:00,2022-09-04,02,KELSO_2_N001,KELSO_2_N001,KELSO_2_N001,RTPD,MCC,LMP_CONG_PRC,KELSO_2_N001,ALL,1,-22.51642,3,152
2022-09-04T09:30:00-00:00,2022-09-04T09:45:00-00:00,2022-09-04,03,KELSO_2_N001,KELSO_2_N001,KELSO_2_N001,RTPD,MCC,LMP_CONG_PRC,KELSO_2_N001,ALL,1,-20.19226,3,152
2022-09-04T10:30:00-00:00,2022-09-04T10:45:00-00:00,2022-09-04,04,KELSO_2_N001,KELSO_2_N001,KELSO_2_N001,RTPD,MCC,LMP_CONG_PRC,KELSO_2_N001,ALL,1,-11.51323,3,152
2022-09-04T11:30:00-00:00,2022-09-04T11:45:00-00:00,2022-09-04,05,KELSO_2_N001,KELSO_2_N001,KELSO_2_N001,RTPD,MCC,LMP_CONG_PRC,KELSO_2_N001,ALL,1,-9.94781,3,152
2022-09-04T12:30:00-00:00,2022-09-04T12:45:00-00:00,2022-09-04,06,KELSO_2_N001,KELSO_2_N001,KELSO_2_N001,RTPD,MCC,LMP_CONG_PRC,KELSO_2_N001,ALL,1,-9.24776,3,152
2022-09-04T13:30:00-00:00,2022-09-04T13:45:00-00:00,2022-09-04,07,KELSO_2_N001,KELSO_2_N001,KELSO_2_N001,RTPD,MCC,LMP_CONG_PRC,KELSO_2_N001,ALL,1,-31.62666,3,152
2022-09-04T14:30:00-00:00,2022-09-04T14:45:00-00:00,2022-09-04,08,KELSO_2_N001,KELSO_2_N001,KELSO_2_N001,RTPD,MCC,LMP_CONG_PRC,KELSO_2_N001,ALL,1,-7.62557,3,152
2022-09-04T15:30:00-00:00,2022-09-04T15:45:00-00:00,2022-09-04,09,KELSO_2_N001,KELSO_2_N001,KELSO_2_N001,RTPD,MCC,LMP_CONG_PRC,KELSO_2_N001,ALL,1,-20.37474,3,152
2022-09-04T16:30:00-00:00,2022-09-04T16:45:00-00:00,2022-09-04,10,KELSO_2_N001,KELSO_2_N001,KELSO_2_N001,RTPD,MCC,LMP_CONG_PRC,KELSO_2_N001,ALL,1,-48.76351,3,152
2022-09-04T17:30:00-00:00,2022-09-04T17:45:00-00:00,2022-09-04,11,KELSO_2_N001,KELSO_2_N001,KELSO_2_N001,RTPD,MCC,LMP_CONG_PRC,KELSO_2_N001,ALL,1,-65.19621,3,152
2022-09-04T18:30:00-00:00,2022-09-04T18:45:00-00:00,2022-09-04,12,KELSO_2_N001,KELSO_2_N001,KELSO_2_N001,RTPD,MCC,LMP_CONG_PRC,KELSO_2_N001,ALL,1,-29.50208,3,152
2022-09-04T19:30:00-00:00,2022-09-04T19:45:00-00:00,2022-09-04,13,KELSO_2_N001,KELSO_2_N001,KELSO_2_N001,RTPD,MCC,LMP_CONG_PRC,KELSO_2_N001,ALL,1,-33.89872,3,152
2022-09-04T20:30:00-00:00,2022-09-04T20:45:00-00:00,2022-09-04,14,KELSO_2_N001,KELSO_2_N001,KELSO_2_N001,RTPD,MCC,LMP_CONG_PRC,KELSO_2_N001,ALL,1,-36.06099,3,152
2022-09-04T21:30:00-00:00,2022-09-04T21:45:00-00:00,2022-09-04,15,KELSO_2_N001,KELSO_2_N001,KELSO_2_N001,RTPD,MCC,LMP_CONG_PRC,KELSO_2_N001,ALL,1,-24.60265,3,152
2022-09-04T22:30:00-00:00,2022-09-04T22:45:00-00:00,2022-09-04,16,KELSO_2_N001,KELSO_2_N001,KELSO_2_N001,RTPD,MCC,LMP_CONG_PRC,KELSO_2_N001,ALL,1,-16.48879,3,152
2022-09-04T23:30:00-00:00,2022-09-04T23:45:00-00:00,2022-09-04,17,KELSO_2_N001,KELSO_2_N001,KELSO_2_N001,RTPD,MCC,LMP_CONG_PRC,KELSO_2_N001,ALL,1,-4.68318,3,152
2022-09-05T00:30:00-00:00,2022-09-05T00:45:00-00:00,2022-09-04,18,KELSO_2_N001,KELSO_2_N001,KELSO_2_N001,RTPD,MCC,LMP_CONG_PRC,KELSO_2_N001,ALL,1,-30.37024,3,152
2022-09-05T01:30:00-00:00,2022-09-05T01:45:00-00:00,2022-09-04,19,KELSO_2_N001,KELSO_2_N001,KELSO_2_N001,RTPD,MCC,LMP_CONG_PRC,KELSO_2_N001,ALL,1,466.42838,3,152
2022-09-05T02:30:00-00:00,2022-09-05T02:45:00-00:00,2022-09-04,20,KELSO_2_N001,KELSO_2_N001,KELSO_2_N001,RTPD,MCC,LMP_CONG_PRC,KELSO_2_N001,ALL,1,17.35546,3,152
2022-09-05T03:30:00-00:00,2022-09-05T03:45:00-00:00,2022-09-04,21,KELSO_2_N001,KELSO_2_N001,KELSO_2_N001,RTPD,MCC,LMP_CONG_PRC,KELSO_2_N001,ALL,1,27.89118,3,152
2022-09-05T04:30:00-00:00,2022-09-05T04:45:00-00:00,2022-09-04,22,KELSO_2_N001,KELSO_2_N001,KELSO_2_N001,RTPD,MCC,LMP_CONG_PRC,KELSO_2_N001,ALL,1,21.39816,3,152
2022-09-05T05:30:00-00:00,2022-09-05T05:45:00-00:00,2022-09-04,23,KELSO_2_N001,KELSO_2_N001,KELSO_2_N001,RTPD,MCC,LMP_CONG_PRC,KELSO_2_N001,ALL,1,17.91456,3,152
2022-09-05T06:30:00-00:00,2022-09-05T06:45:00-00:00,2022-09-04,24,KELSO_2_N001,KELSO_2_N001,KELSO_2_N001,RTPD,MCC,LMP_CONG_PRC,KELSO_2_N001,ALL,1,4.78391,3,152
2022-09-04T07:45:00-00:00,2022-09-04T08:00:00-00:00,2022-09-04,01,KELSO_2_N001,KELSO_2_N001,KELSO_2_N001,RTPD,MCC,LMP_CONG_PRC,KELSO_2_N001,ALL,1,-24.35972,4,152
2022-09-04T08:45:00-00:00,2022-09-04T09:00:00-00:00,2022-09-04,02,KELSO_2_N001,KELSO_2_N001,KELSO_2_N001,RTPD,MCC,LMP_CONG_PRC,KELSO_2_N001,ALL,1,-19.0784,4,152
2022-09-04T09:45:00-00:00,2022-09-04T10:00:00-00:00,2022-09-04,03,KELSO_2_N001,KELSO_2_N001,KELSO_2_N001,RTPD,MCC,LMP_CONG_PRC,KELSO_2_N001,ALL,1,-18.86462,4,152
2022-09-04T10:45:00-00:00,2022-09-04T11:00:00-00:00,2022-09-04,04,KELSO_2_N001,KELSO_2_N001,KELSO_2_N001,RTPD,MCC,LMP_CONG_PRC,KELSO_2_N001,ALL,1,-7.26803,4,152
2022-09-04T11:45:00-00:00,2022-09-04T12:00:00-00:00,2022-09-04,05,KELSO_2_N001,KELSO_2_N001,KELSO_2_N001,RTPD,MCC,LMP_CONG_PRC,KELSO_2_N001,ALL,1,-7.33507,4,152
2022-09-04T12:45:00-00:00,2022-09-04T13:00:00-00:00,2022-09-04,06,KELSO_2_N001,KELSO_2_N001,KELSO_2_N001,RTPD,MCC,LMP_CONG_PRC,KELSO_2_N001,ALL,1,-10.33799,4,152
2022-09-04T13:45:00-00:00,2022-09-04T14:00:00-00:00,2022-09-04,07,KELSO_2_N001,KELSO_2_N001,KELSO_2_N001,RTPD,MCC,LMP_CONG_PRC,KELSO_2_N001,ALL,1,-29.34087,4,152
2022-09-04T14:45:00-00:00,2022-09-04T15:00:00-00:00,2022-09-04,08,KELSO_2_N001,KELSO_2_N001,KELSO_2_N001,RTPD,MCC,LMP_CONG_PRC,KELSO_2_N001,ALL,1,-18.97864,4,152
2022-09-04T15:45:00-00:00,2022-09-04T16:00:00-00:00,2022-09-04,09,KELSO_2_N001,KELSO_2_N001,KELSO_2_N001,RTPD,MCC,LMP_CONG_PRC,KELSO_2_N001,ALL,1,-36.77268,4,152
2022-09-04T16:45:00-00:00,2022-09-04T17:00:00-00:00,2022-09-04,10,KELSO_2_N001,KELSO_2_N001,KELSO_2_N001,RTPD,MCC,LMP_CONG_PRC,KELSO_2_N001,ALL,1,-52.89965,4,152
2022-09-04T17:45:00-00:00,2022-09-04T18:00:00-00:00,2022-09-04,11,KELSO_2_N001,KELSO_2_N001,KELSO_2_N001,RTPD,MCC,LMP_CONG_PRC,KELSO_2_N001,ALL,1,-74.73055,4,152
2022-09-04T18:45:00-00:00,2022-09-04T19:00:00-00:00,2022-09-04,12,KELSO_2_N001,KELSO_2_N001,KELSO_2_N001,RTPD,MCC,LMP_CONG_PRC,KELSO_2_N001,ALL,1,-25.08636,4,152
2022-09-04T19:45:00-00:00,2022-09-04T20:00:00-00:00,2022-09-04,13,KELSO_2_N001,KELSO_2_N001,KELSO_2_N001,RTPD,MCC,LMP_CONG_PRC,KELSO_2_N001,ALL,1,-48.13615,4,152
2022-09-04T20:45:00-00:00,2022-09-04T21:00:00-00:00,2022-09-04,14,KELSO_2_N001,KELSO_2_N001,KELSO_2_N001,RTPD,MCC,LMP_CONG_PRC,KELSO_2_N001,ALL,1,-30.10031,4,152
2022-09-04T21:45:00-00:00,2022-09-04T22:00:00-00:00,2022-09-04,15,KELSO_2_N001,KELSO_2_N001,KELSO_2_N001,RTPD,MCC,LMP_CONG_PRC,KELSO_2_N001,ALL,1,-55.35546,4,152
2022-09-04T22:45:00-00:00,2022-09-04T23:00:00-00:00,2022-09-04,16,KELSO_2_N001,KELSO_2_N001,KELSO_2_N001,RTPD,MCC,LMP_CONG_PRC,KELSO_2_N001,ALL,1,-13.324,4,152
2022-09-04T23:45:00-00:00,2022-09-05T00:00:00-00:00,2022-09-04,17,KELSO_2_N001,KELSO_2_N001,KELSO_2_N001,RTPD,MCC,LMP_CONG_PRC,KELSO_2_N001,ALL,1,-25.14026,4,152
2022-09-05T00:45:00-00:00,2022-09-05T01:00:00-00:00,2022-09-04,18,KELSO_2_N001,KELSO_2_N001,KELSO_2_N001,RTPD,MCC,LMP_CONG_PRC,KELSO_2_N001,ALL,1,-147.19087,4,152
2022-09-05T01:45:00-00:00,2022-09-05T02:00:00-00:00,2022-09-04,19,KELSO_2_N001,KELSO_2_N001,KELSO_2_N001,RTPD,MCC,LMP_CONG_PRC,KELSO_2_N001,ALL,1,406.57172,4,152
2022-09-05T02:45:00-00:00,2022-09-05T03:00:00-00:00,2022-09-04,20,KELSO_2_N001,KELSO_2_N001,KELSO_2_N001,RTPD,MCC,LMP_CONG_PRC,KELSO_2_N001,ALL,1,15.40435,4,152
2022-09-05T03:45:00-00:00,2022-09-05T04:00:00-00:00,2022-09-04,21,KELSO_2_N001,KELSO_2_N001,KELSO_2_N001,RTPD,MCC,LMP_CONG_PRC,KELSO_2_N001,ALL,1,15.51894,4,152
2022-09-05T04:45:00-00:00,2022-09-05T05:00:00-00:00,2022-09-04,22,KELSO_2_N001,KELSO_2_N001,KELSO_2_N001,RTPD,MCC,LMP_CONG_PRC,KELSO_2_N001,ALL,1,33.51637,4,152
2022-09-05T05:45:00-00:00,2022-09-05T06:00:00-00:00,2022-09-04,23,KELSO_2_N001,KELSO_2_N001,KELSO_2_N001,RTPD,MCC,LMP_CONG_PRC,KELSO_2_N001,ALL,1,8.2445,4,152
2022-09-05T06:45:00-00:00,2022-09-05T07:00:00-00:00,2022-09-04,24,KELSO_2_N001,KELSO_2_N001,KELSO_2_N001,RTPD,MCC,LMP_CONG_PRC,KELSO_2_N001,ALL,1,0.31924,4,152
2022-09-04T07:00:00-00:00,2022-09-04T07:15:00-00:00,2022-09-04,01,KELSO_2_N001,KELSO_2_N001,KELSO_2_N001,RTPD,MCE,LMP_ENE_PRC,KELSO_2_N001,ALL,1,105.77126,1,153
2022-09-04T08:00:00-00:00,2022-09-04T08:15:00-00:00,2022-09-04,02,KELSO_2_N001,KELSO_2_N001,KELSO_2_N001,RTPD,MCE,LMP_ENE_PRC,KELSO_2_N001,ALL,1,97.44538,1,153
2022-09-04T09:00:00-00:00,2022-09-04T09:15:00-00:00,2022-09-04,03,KELSO_2_N001,KELSO_2_N001,KELSO_2_N001,RTPD,MCE,LMP_ENE_PRC,KELSO_2_N001,ALL,1,87.9271,1,153
2022-09-04T10:00:00-00:00,2022-09-04T10:15:00-00:00,2022-09-04,04,KELSO_2_N001,KELSO_2_N001,KELSO_2_N001,RTPD,MCE,LMP_ENE_PRC,KELSO_2_N001,ALL,1,88.48894,1,153
2022-09-04T11:00:00-00:00,2022-09-04T11:15:00-00:00,2022-09-04,05,KELSO_2_N001,KELSO_2_N001,KELSO_2_N001,RTPD,MCE,LMP_ENE_PRC,KELSO_2_N001,ALL,1,82.79075,1,153
2022-09-04T12:00:00-00:00,2022-09-04T12:15:00-00:00,2022-09-04,06,KELSO_2_N001,KELSO_2_N001,KELSO_2_N001,RTPD,MCE,LMP_ENE_PRC,KELSO_2_N001,ALL,1,83.24035,1,153
2022-09-04T13:00:00-00:00,2022-09-04T13:15:00-00:00,2022-09-04,07,KELSO_2_N001,KELSO_2_N001,KELSO_2_N001,RTPD,MCE,LMP_ENE_PRC,KELSO_2_N001,ALL,1,75.91539,1,153
2022-09-04T14:00:00-00:00,2022-09-04T14:15:00-00:00,2022-09-04,08,KELSO_2_N001,KELSO_2_N001,KELSO_2_N001,RTPD,MCE,LMP_ENE_PRC,KELSO_2_N001,ALL,1,82.51639,1,153
2022-09-04T15:00:00-00:00,2022-09-04T15:15:00-00:00,2022-09-04,09,KELSO_2_N001,KELSO_2_N001,KELSO_2_N001,RTPD,MCE,LMP_ENE_PRC,KELSO_2_N001,ALL,1,74.24878,1,153
2022-09-04T16:00:00-00:00,2022-09-04T16:15:00-00:00,2022-09-04,10,KELSO_2_N001,KELSO_2_N001,KELSO_2_N001,RTPD,MCE,LMP_ENE_PRC,KELSO_2_N001,ALL,1,50.67669,1,153
2022-09-04T17:00:00-00:00,2022-09-04T17:15:00-00:00,2022-09-04,11,KELSO_2_N001,KELSO_2_N001,KELSO_2_N001,RTPD,MCE,LMP_ENE_PRC,KELSO_2_N001,ALL,1,59.2544,1,153
2022-09-04T18:00:00-00:00,2022-09-04T18:15:00-00:00,2022-09-04,12,KELSO_2_N001,KELSO_2_N001,KELSO_2_N001,RTPD,MCE,LMP_ENE_PRC,KELSO_2_N001,ALL,1,65.61656,1,153
2022-09-04T19:00:00-00:00,2022-09-04T19:15:00-00:00,2022-09-04,13,KELSO_2_N001,KELSO_2_N001,KELSO_2_N001,RTPD,MCE,LMP_ENE_PRC,KELSO_2_N001,ALL,1,76.33065,1,153
2022-09-04T20:00:00-00:00,2022-09-04T20:15:00-00:00,2022-09-04,14,KELSO_2_N001,KELSO_2_N001,KELSO_2_N001,RTPD,MCE,LMP_ENE_PRC,KELSO_2_N001,ALL,1,87.37588,1,153
2022-09-04T21:00:00-00:00,2022-09-04T21:15:00-00:00,2022-09-04,15,KELSO_2_N001,KELSO_2_N001,KELSO_2_N001,RTPD,MCE,LMP_ENE_PRC,KELSO_2_N001,ALL,1,101.84583,1,153
2022-09-04T22:00:00-00:00,2022-09-04T22:15:00-00:00,2022-09-04,16,KELSO_2_N001,KELSO_2_N001,KELSO_2_N001,RTPD,MCE,LMP_ENE_PRC,KELSO_2_N001,ALL,1,102.30289,1,153
2022-09-04T23:00:00-00:00,2022-09-04T23:15:00-00:00,2022-09-04,17,KELSO_2_N001,KELSO_2_N001,KELSO_2_N001,RTPD,MCE,LMP_ENE_PRC,KELSO_2_N001,ALL,1,105.66165,1,153
2022-09-05T00:00:00-00:00,2022-09-05T00:15:00-00:00,2022-09-04,18,KELSO_2_N001,KELSO_2_N001,KELSO_2_N001,RTPD,MCE,LMP_ENE_PRC,KELSO_2_N001,ALL,1,110.52872,1,153
2022-09-05T01:00:00-00:00,2022-09-05T01:15:00-00:00,2022-09-04,19,KELSO_2_N001,KELSO_2_N001,KELSO_2_N001,RTPD,MCE,LMP_ENE_PRC,KELSO_2_N001,ALL,1,160.46742,1,153
2022-09-05T02:00:00-00:00,2022-09-05T02:15:00-00:00,2022-09-04,20,KELSO_2_N001,KELSO_2_N001,KELSO_2_N001,RTPD,MCE,LMP_ENE_PRC,KELSO_2_N001,ALL,1,133.17627,1,153
2022-09-05T03:00:00-00:00,2022-09-05T03:15:00-00:00,2022-09-04,21,KELSO_2_N001,KELSO_2_N001,KELSO_2_N001,RTPD,MCE,LMP_ENE_PRC,KELSO_2_N001,ALL,1,137.62802,1,153
2022-09-05T04:00:00-00:00,2022-09-05T04:15:00-00:00,2022-09-04,22,KELSO_2_N001,KELSO_2_N001,KELSO_2_N001,RTPD,MCE,LMP_ENE_PRC,KELSO_2_N001,ALL,1,121.32223,1,153
2022-09-05T05:00:00-00:00,2022-09-05T05:15:00-00:00,2022-09-04,23,KELSO_2_N001,KELSO_2_N001,KELSO_2_N001,RTPD,MCE,LMP_ENE_PRC,KELSO_2_N001,ALL,1,138.27702,1,153
2022-09-05T06:00:00-00:00,2022-09-05T06:15:00-00:00,2022-09-04,24,KELSO_2_N001,KELSO_2_N001,KELSO_2_N001,RTPD,MCE,LMP_ENE_PRC,KELSO_2_N001,ALL,1,126.47824,1,153
2022-09-04T07:15:00-00:00,2022-09-04T07:30:00-00:00,2022-09-04,01,KELSO_2_N001,KELSO_2_N001,KELSO_2_N001,RTPD,MCE,LMP_ENE_PRC,KELSO_2_N001,ALL,1,98.33878,2,153
2022-09-04T08:15:00-00:00,2022-09-04T08:30:00-00:00,2022-09-04,02,KELSO_2_N001,KELSO_2_N001,KELSO_2_N001,RTPD,MCE,LMP_ENE_PRC,KELSO_2_N001,ALL,1,96.4335,2,153
2022-09-04T09:15:00-00:00,2022-09-04T09:30:00-00:00,2022-09-04,03,KELSO_2_N001,KELSO_2_N001,KELSO_2_N001,RTPD,MCE,LMP_ENE_PRC,KELSO_2_N001,ALL,1,85.33245,2,153
2022-09-04T10:15:00-00:00,2022-09-04T10:30:00-00:00,2022-09-04,04,KELSO_2_N001,KELSO_2_N001,KELSO_2_N001,RTPD,MCE,LMP_ENE_PRC,KELSO_2_N001,ALL,1,86.06959,2,153
2022-09-04T11:15:00-00:00,2022-09-04T11:30:00-00:00,2022-09-04,05,KELSO_2_N001,KELSO_2_N001,KELSO_2_N001,RTPD,MCE,LMP_ENE_PRC,KELSO_2_N001,ALL,1,82.18044,2,153
2022-09-04T12:15:00-00:00,2022-09-04T12:30:00-00:00,2022-09-04,06,KELSO_2_N001,KELSO_2_N001,KELSO_2_N001,RTPD,MCE,LMP_ENE_PRC,KELSO_2_N001,ALL,1,83.35782,2,153
2022-09-04T13:15:00-00:00,2022-09-04T13:30:00-00:00,2022-09-04,07,KELSO_2_N001,KELSO_2_N001,KELSO_2_N001,RTPD,MCE,LMP_ENE_PRC,KELSO_2_N001,ALL,1,70.93534,2,153
2022-09-04T14:15:00-00:00,2022-09-04T14:30:00-00:00,2022-09-04,08,KELSO_2_N001,KELSO_2_N001,KELSO_2_N001,RTPD,MCE,LMP_ENE_PRC,KELSO_2_N001,ALL,1,76.97029,2,153
2022-09-04T15:15:00-00:00,2022-09-04T15:30:00-00:00,2022-09-04,09,KELSO_2_N001,KELSO_2_N001,KELSO_2_N001,RTPD,MCE,LMP_ENE_PRC,KELSO_2_N001,ALL,1,66.57465,2,153
2022-09-04T16:15:00-00:00,2022-09-04T16:30:00-00:00,2022-09-04,10,KELSO_2_N001,KELSO_2_N001,KELSO_2_N001,RTPD,MCE,LMP_ENE_PRC,KELSO_2_N001,ALL,1,52.1482,2,153
2022-09-04T17:15:00-00:00,2022-09-04T17:30:00-00:00,2022-09-04,11,KELSO_2_N001,KELSO_2_N001,KELSO_2_N001,RTPD,MCE,LMP_ENE_PRC,KELSO_2_N001,ALL,1,69.2657,2,153
2022-09-04T18:15:00-00:00,2022-09-04T18:30:00-00:00,2022-09-04,12,KELSO_2_N001,KELSO_2_N001,KELSO_2_N001,RTPD,MCE,LMP_ENE_PRC,KELSO_2_N001,ALL,1,73.93472,2,153
2022-09-04T19:15:00-00:00,2022-09-04T19:30:00-00:00,2022-09-04,13,KELSO_2_N001,KELSO_2_N001,KELSO_2_N001,RTPD,MCE,LMP_ENE_PRC,KELSO_2_N001,ALL,1,86.63525,2,153
2022-09-04T20:15:00-00:00,2022-09-04T20:30:00-00:00,2022-09-04,14,KELSO_2_N001,KELSO_2_N001,KELSO_2_N001,RTPD,MCE,LMP_ENE_PRC,KELSO_2_N001,ALL,1,89.19764,2,153
2022-09-04T21:15:00-00:00,2022-09-04T21:30:00-00:00,2022-09-04,15,KELSO_2_N001,KELSO_2_N001,KELSO_2_N001,RTPD,MCE,LMP_ENE_PRC,KELSO_2_N001,ALL,1,111.99711,2,153
2022-09-04T22:15:00-00:00,2022-09-04T22:30:00-00:00,2022-09-04,16,KELSO_2_N001,KELSO_2_N001,KELSO_2_N001,RTPD,MCE,LMP_ENE_PRC,KELSO_2_N001,ALL,1,105.68133,2,153
2022-09-04T23:15:00-00:00,2022-09-04T23:30:00-00:00,2022-09-04,17,KELSO_2_N001,KELSO_2_N001,KELSO_2_N001,RTPD,MCE,LMP_ENE_PRC,KELSO_2_N001,ALL,1,106.64397,2,153
2022-09-05T00:15:00-00:00,2022-09-05T00:30:00-00:00,2022-09-04,18,KELSO_2_N001,KELSO_2_N001,KELSO_2_N001,RTPD,MCE,LMP_ENE_PRC,KELSO_2_N001,ALL,1,185.7071,2,153
2022-09-05T01:15:00-00:00,2022-09-05T01:30:00-00:00,2022-09-04,19,KELSO_2_N001,KELSO_2_N001,KELSO_2_N001,RTPD,MCE,LMP_ENE_PRC,KELSO_2_N001,ALL,1,283.75967,2,153
2022-09-05T02:15:00-00:00,2022-09-05T02:30:00-00:00,2022-09-04,20,KELSO_2_N001,KELSO_2_N001,KELSO_2_N001,RTPD,MCE,LMP_ENE_PRC,KELSO_2_N001,ALL,1,138.21387,2,153
2022-09-05T03:15:00-00:00,2022-09-05T03:30:00-00:00,2022-09-04,21,KELSO_2_N001,KELSO_2_N001,KELSO_2_N001,RTPD,MCE,LMP_ENE_PRC,KELSO_2_N001,ALL,1,125.70521,2,153
2022-09-05T04:15:00-00:00,2022-09-05T04:30:00-00:00,2022-09-04,22,KELSO_2_N001,KELSO_2_N001,KELSO_2_N001,RTPD,MCE,LMP_ENE_PRC,KELSO_2_N001,ALL,1,118.54421,2,153
2022-09-05T05:15:00-00:00,2022-09-05T05:30:00-00:00,2022-09-04,23,KELSO_2_N001,KELSO_2_N001,KELSO_2_N001,RTPD,MCE,LMP_ENE_PRC,KELSO_2_N001,ALL,1,140.66483,2,153
2022-09-05T06:15:00-00:00,2022-09-05T06:30:00-00:00,2022-09-04,24,KELSO_2_N001,KELSO_2_N001,KELSO_2_N001,RTPD,MCE,LMP_ENE_PRC,KELSO_2_N001,ALL,1,115.0785,2,153
2022-09-04T07:30:00-00:00,2022-09-04T07:45:00-00:00,2022-09-04,01,KELSO_2_N001,KELSO_2_N001,KELSO_2_N001,RTPD,MCE,LMP_ENE_PRC,KELSO_2_N001,ALL,1,93.67897,3,153
2022-09-04T08:30:00-00:00,2022-09-04T08:45:00-00:00,2022-09-04,02,KELSO_2_N001,KELSO_2_N001,KELSO_2_N001,RTPD,MCE,LMP_ENE_PRC,KELSO_2_N001,ALL,1,89.3153,3,153
2022-09-04T09:30:00-00:00,2022-09-04T09:45:00-00:00,2022-09-04,03,KELSO_2_N001,KELSO_2_N001,KELSO_2_N001,RTPD,MCE,LMP_ENE_PRC,KELSO_2_N001,ALL,1,82.76979,3,153
2022-09-04T10:30:00-00:00,2022-09-04T10:45:00-00:00,2022-09-04,04,KELSO_2_N001,KELSO_2_N001,KELSO_2_N001,RTPD,MCE,LMP_ENE_PRC,KELSO_2_N001,ALL,1,85.2941,3,153
2022-09-04T11:30:00-00:00,2022-09-04T11:45:00-00:00,2022-09-04,05,KELSO_2_N001,KELSO_2_N001,KELSO_2_N001,RTPD,MCE,LMP_ENE_PRC,KELSO_2_N001,ALL,1,81.7171,3,153
2022-09-04T12:30:00-00:00,2022-09-04T12:45:00-00:00,2022-09-04,06,KELSO_2_N001,KELSO_2_N001,KELSO_2_N001,RTPD,MCE,LMP_ENE_PRC,KELSO_2_N001,ALL,1,83.26354,3,153
2022-09-04T13:30:00-00:00,2022-09-04T13:45:00-00:00,2022-09-04,07,KELSO_2_N001,KELSO_2_N001,KELSO_2_N001,RTPD,MCE,LMP_ENE_PRC,KELSO_2_N001,ALL,1,69.8817,3,153
2022-09-04T14:30:00-00:00,2022-09-04T14:45:00-00:00,2022-09-04,08,KELSO_2_N001,KELSO_2_N001,KELSO_2_N001,RTPD,MCE,LMP_ENE_PRC,KELSO_2_N001,ALL,1,74.54818,3,153
2022-09-04T15:30:00-00:00,2022-09-04T15:45:00-00:00,2022-09-04,09,KELSO_2_N001,KELSO_2_N001,KELSO_2_N001,RTPD,MCE,LMP_ENE_PRC,KELSO_2_N001,ALL,1,58.25037,3,153
2022-09-04T16:30:00-00:00,2022-09-04T16:45:00-00:00,2022-09-04,10,KELSO_2_N001,KELSO_2_N001,KELSO_2_N001,RTPD,MCE,LMP_ENE_PRC,KELSO_2_N001,ALL,1,54.84481,3,153
2022-09-04T17:30:00-00:00,2022-09-04T17:45:00-00:00,2022-09-04,11,KELSO_2_N001,KELSO_2_N001,KELSO_2_N001,RTPD,MCE,LMP_ENE_PRC,KELSO_2_N001,ALL,1,69.84671,3,153
2022-09-04T18:30:00-00:00,2022-09-04T18:45:00-00:00,2022-09-04,12,KELSO_2_N001,KELSO_2_N001,KELSO_2_N001,RTPD,MCE,LMP_ENE_PRC,KELSO_2_N001,ALL,1,86.95818,3,153
2022-09-04T19:30:00-00:00,2022-09-04T19:45:00-00:00,2022-09-04,13,KELSO_2_N001,KELSO_2_N001,KELSO_2_N001,RTPD,MCE,LMP_ENE_PRC,KELSO_2_N001,ALL,1,102.56183,3,153
2022-09-04T20:30:00-00:00,2022-09-04T20:45:00-00:00,2022-09-04,14,KELSO_2_N001,KELSO_2_N001,KELSO_2_N001,RTPD,MCE,LMP_ENE_PRC,KELSO_2_N001,ALL,1,107.67463,3,153
2022-09-04T21:30:00-00:00,2022-09-04T21:45:00-00:00,2022-09-04,15,KELSO_2_N001,KELSO_2_N001,KELSO_2_N001,RTPD,MCE,LMP_ENE_PRC,KELSO_2_N001,ALL,1,108.01974,3,153
2022-09-04T22:30:00-00:00,2022-09-04T22:45:00-00:00,2022-09-04,16,KELSO_2_N001,KELSO_2_N001,KELSO_2_N001,RTPD,MCE,LMP_ENE_PRC,KELSO_2_N001,ALL,1,114.08273,3,153
2022-09-04T23:30:00-00:00,2022-09-04T23:45:00-00:00,2022-09-04,17,KELSO_2_N001,KELSO_2_N001,KELSO_2_N001,RTPD,MCE,LMP_ENE_PRC,KELSO_2_N001,ALL,1,113.23912,3,153
2022-09-05T00:30:00-00:00,2022-09-05T00:45:00-00:00,2022-09-04,18,KELSO_2_N001,KELSO_2_N001,KELSO_2_N001,RTPD,MCE,LMP_ENE_PRC,KELSO_2_N001,ALL,1,146.1893,3,153
2022-09-05T01:30:00-00:00,2022-09-05T01:45:00-00:00,2022-09-04,19,KELSO_2_N001,KELSO_2_N001,KELSO_2_N001,RTPD,MCE,LMP_ENE_PRC,KELSO_2_N001,ALL,1,899.31366,3,153
2022-09-05T02:30:00-00:00,2022-09-05T02:45:00-00:00,2022-09-04,20,KELSO_2_N001,KELSO_2_N001,KELSO_2_N001,RTPD,MCE,LMP_ENE_PRC,KELSO_2_N001,ALL,1,124.31294,3,153
2022-09-05T03:30:00-00:00,2022-09-05T03:45:00-00:00,2022-09-04,21,KELSO_2_N001,KELSO_2_N001,KELSO_2_N001,RTPD,MCE,LMP_ENE_PRC,KELSO_2_N001,ALL,1,120.65321,3,153
2022-09-05T04:30:00-00:00,2022-09-05T04:45:00-00:00,2022-09-04,22,KELSO_2_N001,KELSO_2_N001,KELSO_2_N001,RTPD,MCE,LMP_ENE_PRC,KELSO_2_N001,ALL,1,117.97055,3,153
2022-09-05T05:30:00-00:00,2022-09-05T05:45:00-00:00,2022-09-04,23,KELSO_2_N001,KELSO_2_N001,KELSO_2_N001,RTPD,MCE,LMP_ENE_PRC,KELSO_2_N001,ALL,1,123.73156,3,153
2022-09-05T06:30:00-00:00,2022-09-05T06:45:00-00:00,2022-09-04,24,KELSO_2_N001,KELSO_2_N001,KELSO_2_N001,RTPD,MCE,LMP_ENE_PRC,KELSO_2_N001,ALL,1,91.1478,3,153
2022-09-04T07:45:00-00:00,2022-09-04T08:00:00-00:00,2022-09-04,01,KELSO_2_N001,KELSO_2_N001,KELSO_2_N001,RTPD,MCE,LMP_ENE_PRC,KELSO_2_N001,ALL,1,84.62068,4,153
2022-09-04T08:45:00-00:00,2022-09-04T09:00:00-00:00,2022-09-04,02,KELSO_2_N001,KELSO_2_N001,KELSO_2_N001,RTPD,MCE,LMP_ENE_PRC,KELSO_2_N001,ALL,1,80.89122,4,153
2022-09-04T09:45:00-00:00,2022-09-04T10:00:00-00:00,2022-09-04,03,KELSO_2_N001,KELSO_2_N001,KELSO_2_N001,RTPD,MCE,LMP_ENE_PRC,KELSO_2_N001,ALL,1,77.90501,4,153
2022-09-04T10:45:00-00:00,2022-09-04T11:00:00-00:00,2022-09-04,04,KELSO_2_N001,KELSO_2_N001,KELSO_2_N001,RTPD,MCE,LMP_ENE_PRC,KELSO_2_N001,ALL,1,80.46249,4,153
2022-09-04T11:45:00-00:00,2022-09-04T12:00:00-00:00,2022-09-04,05,KELSO_2_N001,KELSO_2_N001,KELSO_2_N001,RTPD,MCE,LMP_ENE_PRC,KELSO_2_N001,ALL,1,79.81742,4,153
2022-09-04T12:45:00-00:00,2022-09-04T13:00:00-00:00,2022-09-04,06,KELSO_2_N001,KELSO_2_N001,KELSO_2_N001,RTPD,MCE,LMP_ENE_PRC,KELSO_2_N001,ALL,1,81.5519,4,153
2022-09-04T13:45:00-00:00,2022-09-04T14:00:00-00:00,2022-09-04,07,KELSO_2_N001,KELSO_2_N001,KELSO_2_N001,RTPD,MCE,LMP_ENE_PRC,KELSO_2_N001,ALL,1,60.75904,4,153
2022-09-04T14:45:00-00:00,2022-09-04T15:00:00-00:00,2022-09-04,08,KELSO_2_N001,KELSO_2_N001,KELSO_2_N001,RTPD,MCE,LMP_ENE_PRC,KELSO_2_N001,ALL,1,53.37606,4,153
2022-09-04T15:45:00-00:00,2022-09-04T16:00:00-00:00,2022-09-04,09,KELSO_2_N001,KELSO_2_N001,KELSO_2_N001,RTPD,MCE,LMP_ENE_PRC,KELSO_2_N001,ALL,1,41.51812,4,153
2022-09-04T16:45:00-00:00,2022-09-04T17:00:00-00:00,2022-09-04,10,KELSO_2_N001,KELSO_2_N001,KELSO_2_N001,RTPD,MCE,LMP_ENE_PRC,KELSO_2_N001,ALL,1,56.27322,4,153
2022-09-04T17:45:00-00:00,2022-09-04T18:00:00-00:00,2022-09-04,11,KELSO_2_N001,KELSO_2_N001,KELSO_2_N001,RTPD,MCE,LMP_ENE_PRC,KELSO_2_N001,ALL,1,80.41392,4,153
2022-09-04T18:45:00-00:00,2022-09-04T19:00:00-00:00,2022-09-04,12,KELSO_2_N001,KELSO_2_N001,KELSO_2_N001,RTPD,MCE,LMP_ENE_PRC,KELSO_2_N001,ALL,1,91.88616,4,153
2022-09-04T19:45:00-00:00,2022-09-04T20:00:00-00:00,2022-09-04,13,KELSO_2_N001,KELSO_2_N001,KELSO_2_N001,RTPD,MCE,LMP_ENE_PRC,KELSO_2_N001,ALL,1,99.49507,4,153
2022-09-04T20:45:00-00:00,2022-09-04T21:00:00-00:00,2022-09-04,14,KELSO_2_N001,KELSO_2_N001,KELSO_2_N001,RTPD,MCE,LMP_ENE_PRC,KELSO_2_N001,ALL,1,111.03904,4,153
2022-09-04T21:45:00-00:00,2022-09-04T22:00:00-00:00,2022-09-04,15,KELSO_2_N001,KELSO_2_N001,KELSO_2_N001,RTPD,MCE,LMP_ENE_PRC,KELSO_2_N001,ALL,1,139.43553,4,153
2022-09-04T22:45:00-00:00,2022-09-04T23:00:00-00:00,2022-09-04,16,KELSO_2_N001,KELSO_2_N001,KELSO_2_N001,RTPD,MCE,LMP_ENE_PRC,KELSO_2_N001,ALL,1,143.70679,4,153
2022-09-04T23:45:00-00:00,2022-09-05T00:00:00-00:00,2022-09-04,17,KELSO_2_N001,KELSO_2_N001,KELSO_2_N001,RTPD,MCE,LMP_ENE_PRC,KELSO_2_N001,ALL,1,173.92435,4,153
2022-09-05T00:45:00-00:00,2022-09-05T01:00:00-00:00,2022-09-04,18,KELSO_2_N001,KELSO_2_N001,KELSO_2_N001,RTPD,MCE,LMP_ENE_PRC,KELSO_2_N001,ALL,1,342.64575,4,153
2022-09-05T01:45:00-00:00,2022-09-05T02:00:00-00:00,2022-09-04,19,KELSO_2_N001,KELSO_2_N001,KELSO_2_N001,RTPD,MCE,LMP_ENE_PRC,KELSO_2_N001,ALL,1,793.1877,4,153
2022-09-05T02:45:00-00:00,2022-09-05T03:00:00-00:00,2022-09-04,20,KELSO_2_N001,KELSO_2_N001,KELSO_2_N001,RTPD,MCE,LMP_ENE_PRC,KELSO_2_N001,ALL,1,113.80091,4,153
2022-09-05T03:45:00-00:00,2022-09-05T04:00:00-00:00,2022-09-04,21,KELSO_2_N001,KELSO_2_N001,KELSO_2_N001,RTPD,MCE,LMP_ENE_PRC,KELSO_2_N001,ALL,1,108.55133,4,153
2022-09-05T04:45:00-00:00,2022-09-05T05:00:00-00:00,2022-09-04,22,KELSO_2_N001,KELSO_2_N001,KELSO_2_N001,RTPD,MCE,LMP_ENE_PRC,KELSO_2_N001,ALL,1,109.13516,4,153
2022-09-05T05:45:00-00:00,2022-09-05T06:00:00-00:00,2022-09-04,23,KELSO_2_N001,KELSO_2_N001,KELSO_2_N001,RTPD,MCE,LMP_ENE_PRC,KELSO_2_N001,ALL,1,95.38478,4,153
2022-09-05T06:45:00-00:00,2022-09-05T07:00:00-00:00,2022-09-04,24,KELSO_2_N001,KELSO_2_N001,KELSO_2_N001,RTPD,MCE,LMP_ENE_PRC,KELSO_2_N001,ALL,1,84.93478,4,153
2022-09-04T07:00:00-00:00,2022-09-04T07:15:00-00:00,2022-09-04,01,KELSO_2_N001,KELSO_2_N001,KELSO_2_N001,RTPD,MCL,LMP_LOSS_PRC,KELSO_2_N001,ALL,1,1.3433,1,154
2022-09-04T08:00:00-00:00,2022-09-04T08:15:00-00:00,2022-09-04,02,KELSO_2_N001,KELSO_2_N001,KELSO_2_N001,RTPD,MCL,LMP_LOSS_PRC,KELSO_2_N001,ALL,1,0,1,154
2022-09-04T09:00:00-00:00,2022-09-04T09:15:00-00:00,2022-09-04,03,KELSO_2_N001,KELSO_2_N001,KELSO_2_N001,RTPD,MCL,LMP_LOSS_PRC,KELSO_2_N001,ALL,1,0,1,154
2022-09-04T10:00:00-00:00,2022-09-04T10:15:00-00:00,2022-09-04,04,KELSO_2_N001,KELSO_2_N001,KELSO_2_N001,RTPD,MCL,LMP_LOSS_PRC,KELSO_2_N001,ALL,1,1.11496,1,154
2022-09-04T11:00:00-00:00,2022-09-04T11:15:00-00:00,2022-09-04,05,KELSO_2_N001,KELSO_2_N001,KELSO_2_N001,RTPD,MCL,LMP_LOSS_PRC,KELSO_2_N001,ALL,1,0.77823,1,154
2022-09-04T12:00:00-00:00,2022-09-04T12:15:00-00:00,2022-09-04,06,KELSO_2_N001,KELSO_2_N001,KELSO_2_N001,RTPD,MCL,LMP_LOSS_PRC,KELSO_2_N001,ALL,1,0.66592,1,154
2022-09-04T13:00:00-00:00,2022-09-04T13:15:00-00:00,2022-09-04,07,KELSO_2_N001,KELSO_2_N001,KELSO_2_N001,RTPD,MCL,LMP_LOSS_PRC,KELSO_2_N001,ALL,1,1.35889,1,154
2022-09-04T14:00:00-00:00,2022-09-04T14:15:00-00:00,2022-09-04,08,KELSO_2_N001,KELSO_2_N001,KELSO_2_N001,RTPD,MCL,LMP_LOSS_PRC,KELSO_2_N001,ALL,1,2.10417,1,154
2022-09-04T15:00:00-00:00,2022-09-04T15:15:00-00:00,2022-09-04,09,KELSO_2_N001,KELSO_2_N001,KELSO_2_N001,RTPD,MCL,LMP_LOSS_PRC,KELSO_2_N001,ALL,1,1.45528,1,154
2022-09-04T16:00:00-00:00,2022-09-04T16:15:00-00:00,2022-09-04,10,KELSO_2_N001,KELSO_2_N001,KELSO_2_N001,RTPD,MCL,LMP_LOSS_PRC,KELSO_2_N001,ALL,1,0.69934,1,154
2022-09-04T17:00:00-00:00,2022-09-04T17:15:00-00:00,2022-09-04,11,KELSO_2_N001,KELSO_2_N001,KELSO_2_N001,RTPD,MCL,LMP_LOSS_PRC,KELSO_2_N001,ALL,1,1.07843,1,154
2022-09-04T18:00:00-00:00,2022-09-04T18:15:00-00:00,2022-09-04,12,KELSO_2_N001,KELSO_2_N001,KELSO_2_N001,RTPD,MCL,LMP_LOSS_PRC,KELSO_2_N001,ALL,1,1.25328,1,154
2022-09-04T19:00:00-00:00,2022-09-04T19:15:00-00:00,2022-09-04,13,KELSO_2_N001,KELSO_2_N001,KELSO_2_N001,RTPD,MCL,LMP_LOSS_PRC,KELSO_2_N001,ALL,1,1.67164,1,154
2022-09-04T20:00:00-00:00,2022-09-04T20:15:00-00:00,2022-09-04,14,KELSO_2_N001,KELSO_2_N001,KELSO_2_N001,RTPD,MCL,LMP_LOSS_PRC,KELSO_2_N001,ALL,1,2.47274,1,154
2022-09-04T21:00:00-00:00,2022-09-04T21:15:00-00:00,2022-09-04,15,KELSO_2_N001,KELSO_2_N001,KELSO_2_N001,RTPD,MCL,LMP_LOSS_PRC,KELSO_2_N001,ALL,1,2.27116,1,154
2022-09-04T22:00:00-00:00,2022-09-04T22:15:00-00:00,2022-09-04,16,KELSO_2_N001,KELSO_2_N001,KELSO_2_N001,RTPD,MCL,LMP_LOSS_PRC,KELSO_2_N001,ALL,1,2.5678,1,154
2022-09-04T23:00:00-00:00,2022-09-04T23:15:00-00:00,2022-09-04,17,KELSO_2_N001,KELSO_2_N001,KELSO_2_N001,RTPD,MCL,LMP_LOSS_PRC,KELSO_2_N001,ALL,1,0,1,154
2022-09-05T00:00:00-00:00,2022-09-05T00:15:00-00:00,2022-09-04,18,KELSO_2_N001,KELSO_2_N001,KELSO_2_N001,RTPD,MCL,LMP_LOSS_PRC,KELSO_2_N001,ALL,1,1.95636,1,154
2022-09-05T01:00:00-00:00,2022-09-05T01:15:00-00:00,2022-09-04,19,KELSO_2_N001,KELSO_2_N001,KELSO_2_N001,RTPD,MCL,LMP_LOSS_PRC,KELSO_2_N001,ALL,1,2.10212,1,154
2022-09-05T02:00:00-00:00,2022-09-05T02:15:00-00:00,2022-09-04,20,KELSO_2_N001,KELSO_2_N001,KELSO_2_N001,RTPD,MCL,LMP_LOSS_PRC,KELSO_2_N001,ALL,1,0.54602,1,154
2022-09-05T03:00:00-00:00,2022-09-05T03:15:00-00:00,2022-09-04,21,KELSO_2_N001,KELSO_2_N001,KELSO_2_N001,RTPD,MCL,LMP_LOSS_PRC,KELSO_2_N001,ALL,1,1.21113,1,154
2022-09-05T04:00:00-00:00,2022-09-05T04:15:00-00:00,2022-09-04,22,KELSO_2_N001,KELSO_2_N001,KELSO_2_N001,RTPD,MCL,LMP_LOSS_PRC,KELSO_2_N001,ALL,1,-0.02426,1,154
2022-09-05T05:00:00-00:00,2022-09-05T05:15:00-00:00,2022-09-04,23,KELSO_2_N001,KELSO_2_N001,KELSO_2_N001,RTPD,MCL,LMP_LOSS_PRC,KELSO_2_N001,ALL,1,2.28157,1,154
2022-09-05T06:00:00-00:00,2022-09-05T06:15:00-00:00,2022-09-04,24,KELSO_2_N001,KELSO_2_N001,KELSO_2_N001,RTPD,MCL,LMP_LOSS_PRC,KELSO_2_N001,ALL,1,1.30273,1,154
2022-09-04T07:15:00-00:00,2022-09-04T07:30:00-00:00,2022-09-04,01,KELSO_2_N001,KELSO_2_N001,KELSO_2_N001,RTPD,MCL,LMP_LOSS_PRC,KELSO_2_N001,ALL,1,1.56359,2,154
2022-09-04T08:15:00-00:00,2022-09-04T08:30:00-00:00,2022-09-04,02,KELSO_2_N001,KELSO_2_N001,KELSO_2_N001,RTPD,MCL,LMP_LOSS_PRC,KELSO_2_N001,ALL,1,0,2,154
2022-09-04T09:15:00-00:00,2022-09-04T09:30:00-00:00,2022-09-04,03,KELSO_2_N001,KELSO_2_N001,KELSO_2_N001,RTPD,MCL,LMP_LOSS_PRC,KELSO_2_N001,ALL,1,0,2,154
2022-09-04T10:15:00-00:00,2022-09-04T10:30:00-00:00,2022-09-04,04,KELSO_2_N001,KELSO_2_N001,KELSO_2_N001,RTPD,MCL,LMP_LOSS_PRC,KELSO_2_N001,ALL,1,0.92094,2,154
2022-09-04T11:15:00-00:00,2022-09-04T11:30:00-00:00,2022-09-04,05,KELSO_2_N001,KELSO_2_N001,KELSO_2_N001,RTPD,MCL,LMP_LOSS_PRC,KELSO_2_N001,ALL,1,0.81359,2,154
2022-09-04T12:15:00-00:00,2022-09-04T12:30:00-00:00,2022-09-04,06,KELSO_2_N001,KELSO_2_N001,KELSO_2_N001,RTPD,MCL,LMP_LOSS_PRC,KELSO_2_N001,ALL,1,0.69187,2,154
2022-09-04T13:15:00-00:00,2022-09-04T13:30:00-00:00,2022-09-04,07,KELSO_2_N001,KELSO_2_N001,KELSO_2_N001,RTPD,MCL,LMP_LOSS_PRC,KELSO_2_N001,ALL,1,1.39033,2,154
2022-09-04T14:15:00-00:00,2022-09-04T14:30:00-00:00,2022-09-04,08,KELSO_2_N001,KELSO_2_N001,KELSO_2_N001,RTPD,MCL,LMP_LOSS_PRC,KELSO_2_N001,ALL,1,1.87038,2,154
2022-09-04T15:15:00-00:00,2022-09-04T15:30:00-00:00,2022-09-04,09,KELSO_2_N001,KELSO_2_N001,KELSO_2_N001,RTPD,MCL,LMP_LOSS_PRC,KELSO_2_N001,ALL,1,1.21832,2,154
2022-09-04T16:15:00-00:00,2022-09-04T16:30:00-00:00,2022-09-04,10,KELSO_2_N001,KELSO_2_N001,KELSO_2_N001,RTPD,MCL,LMP_LOSS_PRC,KELSO_2_N001,ALL,1,0.69357,2,154
2022-09-04T17:15:00-00:00,2022-09-04T17:30:00-00:00,2022-09-04,11,KELSO_2_N001,KELSO_2_N001,KELSO_2_N001,RTPD,MCL,LMP_LOSS_PRC,KELSO_2_N001,ALL,1,1.23986,2,154
2022-09-04T18:15:00-00:00,2022-09-04T18:30:00-00:00,2022-09-04,12,KELSO_2_N001,KELSO_2_N001,KELSO_2_N001,RTPD,MCL,LMP_LOSS_PRC,KELSO_2_N001,ALL,1,1.55263,2,154
2022-09-04T19:15:00-00:00,2022-09-04T19:30:00-00:00,2022-09-04,13,KELSO_2_N001,KELSO_2_N001,KELSO_2_N001,RTPD,MCL,LMP_LOSS_PRC,KELSO_2_N001,ALL,1,1.81068,2,154
2022-09-04T20:15:00-00:00,2022-09-04T20:30:00-00:00,2022-09-04,14,KELSO_2_N001,KELSO_2_N001,KELSO_2_N001,RTPD,MCL,LMP_LOSS_PRC,KELSO_2_N001,ALL,1,2.22102,2,154
2022-09-04T21:15:00-00:00,2022-09-04T21:30:00-00:00,2022-09-04,15,KELSO_2_N001,KELSO_2_N001,KELSO_2_N001,RTPD,MCL,LMP_LOSS_PRC,KELSO_2_N001,ALL,1,2.74393,2,154
2022-09-04T22:15:00-00:00,2022-09-04T22:30:00-00:00,2022-09-04,16,KELSO_2_N001,KELSO_2_N001,KELSO_2_N001,RTPD,MCL,LMP_LOSS_PRC,KELSO_2_N001,ALL,1,2.92737,2,154
2022-09-04T23:15:00-00:00,2022-09-04T23:30:00-00:00,2022-09-04,17,KELSO_2_N001,KELSO_2_N001,KELSO_2_N001,RTPD,MCL,LMP_LOSS_PRC,KELSO_2_N001,ALL,1,0,2,154
2022-09-05T00:15:00-00:00,2022-09-05T00:30:00-00:00,2022-09-04,18,KELSO_2_N001,KELSO_2_N001,KELSO_2_N001,RTPD,MCL,LMP_LOSS_PRC,KELSO_2_N001,ALL,1,3.89985,2,154
2022-09-05T01:15:00-00:00,2022-09-05T01:30:00-00:00,2022-09-04,19,KELSO_2_N001,KELSO_2_N001,KELSO_2_N001,RTPD,MCL,LMP_LOSS_PRC,KELSO_2_N001,ALL,1,2.86597,2,154
2022-09-05T02:15:00-00:00,2022-09-05T02:30:00-00:00,2022-09-04,20,KELSO_2_N001,KELSO_2_N001,KELSO_2_N001,RTPD,MCL,LMP_LOSS_PRC,KELSO_2_N001,ALL,1,0.99514,2,154
2022-09-05T03:15:00-00:00,2022-09-05T03:30:00-00:00,2022-09-04,21,KELSO_2_N001,KELSO_2_N001,KELSO_2_N001,RTPD,MCL,LMP_LOSS_PRC,KELSO_2_N001,ALL,1,1.59646,2,154
2022-09-05T04:15:00-00:00,2022-09-05T04:30:00-00:00,2022-09-04,22,KELSO_2_N001,KELSO_2_N001,KELSO_2_N001,RTPD,MCL,LMP_LOSS_PRC,KELSO_2_N001,ALL,1,0.5453,2,154
2022-09-05T05:15:00-00:00,2022-09-05T05:30:00-00:00,2022-09-04,23,KELSO_2_N001,KELSO_2_N001,KELSO_2_N001,RTPD,MCL,LMP_LOSS_PRC,KELSO_2_N001,ALL,1,1.84271,2,154
2022-09-05T06:15:00-00:00,2022-09-05T06:30:00-00:00,2022-09-04,24,KELSO_2_N001,KELSO_2_N001,KELSO_2_N001,RTPD,MCL,LMP_LOSS_PRC,KELSO_2_N001,ALL,1,0.93214,2,154
2022-09-04T07:30:00-00:00,2022-09-04T07:45:00-00:00,2022-09-04,01,KELSO_2_N001,KELSO_2_N001,KELSO_2_N001,RTPD,MCL,LMP_LOSS_PRC,KELSO_2_N001,ALL,1,1.66749,3,154
2022-09-04T08:30:00-00:00,2022-09-04T08:45:00-00:00,2022-09-04,02,KELSO_2_N001,KELSO_2_N001,KELSO_2_N001,RTPD,MCL,LMP_LOSS_PRC,KELSO_2_N001,ALL,1,0,3,154
2022-09-04T09:30:00-00:00,2022-09-04T09:45:00-00:00,2022-09-04,03,KELSO_2_N001,KELSO_2_N001,KELSO_2_N001,RTPD,MCL,LMP_LOSS_PRC,KELSO_2_N001,ALL,1,0,3,154
2022-09-04T10:30:00-00:00,2022-09-04T10:45:00-00:00,2022-09-04,04,KELSO_2_N001,KELSO_2_N001,KELSO_2_N001,RTPD,MCL,LMP_LOSS_PRC,KELSO_2_N001,ALL,1,0.92971,3,154
2022-09-04T11:30:00-00:00,2022-09-04T11:45:00-00:00,2022-09-04,05,KELSO_2_N001,KELSO_2_N001,KELSO_2_N001,RTPD,MCL,LMP_LOSS_PRC,KELSO_2_N001,ALL,1,0.80083,3,154
2022-09-04T12:30:00-00:00,2022-09-04T12:45:00-00:00,2022-09-04,06,KELSO_2_N001,KELSO_2_N001,KELSO_2_N001,RTPD,MCL,LMP_LOSS_PRC,KELSO_2_N001,ALL,1,0.78268,3,154
2022-09-04T13:30:00-00:00,2022-09-04T13:45:00-00:00,2022-09-04,07,KELSO_2_N001,KELSO_2_N001,KELSO_2_N001,RTPD,MCL,LMP_LOSS_PRC,KELSO_2_N001,ALL,1,1.4186,3,154
2022-09-04T14:30:00-00:00,2022-09-04T14:45:00-00:00,2022-09-04,08,KELSO_2_N001,KELSO_2_N001,KELSO_2_N001,RTPD,MCL,LMP_LOSS_PRC,KELSO_2_N001,ALL,1,1.55806,3,154
2022-09-04T15:30:00-00:00,2022-09-04T15:45:00-00:00,2022-09-04,09,KELSO_2_N001,KELSO_2_N001,KELSO_2_N001,RTPD,MCL,LMP_LOSS_PRC,KELSO_2_N001,ALL,1,0.94948,3,154
2022-09-04T16:30:00-00:00,2022-09-04T16:45:00-00:00,2022-09-04,10,KELSO_2_N001,KELSO_2_N001,KELSO_2_N001,RTPD,MCL,LMP_LOSS_PRC,KELSO_2_N001,ALL,1,0.79525,3,154
2022-09-04T17:30:00-00:00,2022-09-04T17:45:00-00:00,2022-09-04,11,KELSO_2_N001,KELSO_2_N001,KELSO_2_N001,RTPD,MCL,LMP_LOSS_PRC,KELSO_2_N001,ALL,1,1.56457,3,154
2022-09-04T18:30:00-00:00,2022-09-04T18:45:00-00:00,2022-09-04,12,KELSO_2_N001,KELSO_2_N001,KELSO_2_N001,RTPD,MCL,LMP_LOSS_PRC,KELSO_2_N001,ALL,1,1.93917,3,154
2022-09-04T19:30:00-00:00,2022-09-04T19:45:00-00:00,2022-09-04,13,KELSO_2_N001,KELSO_2_N001,KELSO_2_N001,RTPD,MCL,LMP_LOSS_PRC,KELSO_2_N001,ALL,1,2.55379,3,154
2022-09-04T20:30:00-00:00,2022-09-04T20:45:00-00:00,2022-09-04,14,KELSO_2_N001,KELSO_2_N001,KELSO_2_N001,RTPD,MCL,LMP_LOSS_PRC,KELSO_2_N001,ALL,1,2.89645,3,154
2022-09-04T21:30:00-00:00,2022-09-04T21:45:00-00:00,2022-09-04,15,KELSO_2_N001,KELSO_2_N001,KELSO_2_N001,RTPD,MCL,LMP_LOSS_PRC,KELSO_2_N001,ALL,1,2.49526,3,154
2022-09-04T22:30:00-00:00,2022-09-04T22:45:00-00:00,2022-09-04,16,KELSO_2_N001,KELSO_2_N001,KELSO_2_N001,RTPD,MCL,LMP_LOSS_PRC,KELSO_2_N001,ALL,1,3.26277,3,154
2022-09-04T23:30:00-00:00,2022-09-04T23:45:00-00:00,2022-09-04,17,KELSO_2_N001,KELSO_2_N001,KELSO_2_N001,RTPD,MCL,LMP_LOSS_PRC,KELSO_2_N001,ALL,1,0,3,154
2022-09-05T00:30:00-00:00,2022-09-05T00:45:00-00:00,2022-09-04,18,KELSO_2_N001,KELSO_2_N001,KELSO_2_N001,RTPD,MCL,LMP_LOSS_PRC,KELSO_2_N001,ALL,1,2.55831,3,154
2022-09-05T01:30:00-00:00,2022-09-05T01:45:00-00:00,2022-09-04,19,KELSO_2_N001,KELSO_2_N001,KELSO_2_N001,RTPD,MCL,LMP_LOSS_PRC,KELSO_2_N001,ALL,1,11.69108,3,154
2022-09-05T02:30:00-00:00,2022-09-05T02:45:00-00:00,2022-09-04,20,KELSO_2_N001,KELSO_2_N001,KELSO_2_N001,RTPD,MCL,LMP_LOSS_PRC,KELSO_2_N001,ALL,1,0.14918,3,154
2022-09-05T03:30:00-00:00,2022-09-05T03:45:00-00:00,2022-09-04,21,KELSO_2_N001,KELSO_2_N001,KELSO_2_N001,RTPD,MCL,LMP_LOSS_PRC,KELSO_2_N001,ALL,1,1.54436,3,154
2022-09-05T04:30:00-00:00,2022-09-05T04:45:00-00:00,2022-09-04,22,KELSO_2_N001,KELSO_2_N001,KELSO_2_N001,RTPD,MCL,LMP_LOSS_PRC,KELSO_2_N001,ALL,1,1.1915,3,154
2022-09-05T05:30:00-00:00,2022-09-05T05:45:00-00:00,2022-09-04,23,KELSO_2_N001,KELSO_2_N001,KELSO_2_N001,RTPD,MCL,LMP_LOSS_PRC,KELSO_2_N001,ALL,1,1.18782,3,154
2022-09-05T06:30:00-00:00,2022-09-05T06:45:00-00:00,2022-09-04,24,KELSO_2_N001,KELSO_2_N001,KELSO_2_N001,RTPD,MCL,LMP_LOSS_PRC,KELSO_2_N001,ALL,1,1.02997,3,154
2022-09-04T07:45:00-00:00,2022-09-04T08:00:00-00:00,2022-09-04,01,KELSO_2_N001,KELSO_2_N001,KELSO_2_N001,RTPD,MCL,LMP_LOSS_PRC,KELSO_2_N001,ALL,1,0,4,154
2022-09-04T08:45:00-00:00,2022-09-04T09:00:00-00:00,2022-09-04,02,KELSO_2_N001,KELSO_2_N001,KELSO_2_N001,RTPD,MCL,LMP_LOSS_PRC,KELSO_2_N001,ALL,1,1.47222,4,154
2022-09-04T09:45:00-00:00,2022-09-04T10:00:00-00:00,2022-09-04,03,KELSO_2_N001,KELSO_2_N001,KELSO_2_N001,RTPD,MCL,LMP_LOSS_PRC,KELSO_2_N001,ALL,1,1.30101,4,154
2022-09-04T10:45:00-00:00,2022-09-04T11:00:00-00:00,2022-09-04,04,KELSO_2_N001,KELSO_2_N001,KELSO_2_N001,RTPD,MCL,LMP_LOSS_PRC,KELSO_2_N001,ALL,1,0.54714,4,154
2022-09-04T11:45:00-00:00,2022-09-04T12:00:00-00:00,2022-09-04,05,KELSO_2_N001,KELSO_2_N001,KELSO_2_N001,RTPD,MCL,LMP_LOSS_PRC,KELSO_2_N001,ALL,1,0.82212,4,154
2022-09-04T12:45:00-00:00,2022-09-04T13:00:00-00:00,2022-09-04,06,KELSO_2_N001,KELSO_2_N001,KELSO_2_N001,RTPD,MCL,LMP_LOSS_PRC,KELSO_2_N001,ALL,1,0.76659,4,154
2022-09-04T13:45:00-00:00,2022-09-04T14:00:00-00:00,2022-09-04,07,KELSO_2_N001,KELSO_2_N001,KELSO_2_N001,RTPD,MCL,LMP_LOSS_PRC,KELSO_2_N001,ALL,1,1.17265,4,154
2022-09-04T14:45:00-00:00,2022-09-04T15:00:00-00:00,2022-09-04,08,KELSO_2_N001,KELSO_2_N001,KELSO_2_N001,RTPD,MCL,LMP_LOSS_PRC,KELSO_2_N001,ALL,1,0.90739,4,154
2022-09-04T15:45:00-00:00,2022-09-04T16:00:00-00:00,2022-09-04,09,KELSO_2_N001,KELSO_2_N001,KELSO_2_N001,RTPD,MCL,LMP_LOSS_PRC,KELSO_2_N001,ALL,1,0.64353,4,154
2022-09-04T16:45:00-00:00,2022-09-04T17:00:00-00:00,2022-09-04,10,KELSO_2_N001,KELSO_2_N001,KELSO_2_N001,RTPD,MCL,LMP_LOSS_PRC,KELSO_2_N001,ALL,1,0.87223,4,154
2022-09-04T17:45:00-00:00,2022-09-04T18:00:00-00:00,2022-09-04,11,KELSO_2_N001,KELSO_2_N001,KELSO_2_N001,RTPD,MCL,LMP_LOSS_PRC,KELSO_2_N001,ALL,1,1.70478,4,154
2022-09-04T18:45:00-00:00,2022-09-04T19:00:00-00:00,2022-09-04,12,KELSO_2_N001,KELSO_2_N001,KELSO_2_N001,RTPD,MCL,LMP_LOSS_PRC,KELSO_2_N001,ALL,1,2.08582,4,154
2022-09-04T19:45:00-00:00,2022-09-04T20:00:00-00:00,2022-09-04,13,KELSO_2_N001,KELSO_2_N001,KELSO_2_N001,RTPD,MCL,LMP_LOSS_PRC,KELSO_2_N001,ALL,1,2.35803,4,154
2022-09-04T20:45:00-00:00,2022-09-04T21:00:00-00:00,2022-09-04,14,KELSO_2_N001,KELSO_2_N001,KELSO_2_N001,RTPD,MCL,LMP_LOSS_PRC,KELSO_2_N001,ALL,1,2.50948,4,154
2022-09-04T21:45:00-00:00,2022-09-04T22:00:00-00:00,2022-09-04,15,KELSO_2_N001,KELSO_2_N001,KELSO_2_N001,RTPD,MCL,LMP_LOSS_PRC,KELSO_2_N001,ALL,1,3.83448,4,154
2022-09-04T22:45:00-00:00,2022-09-04T23:00:00-00:00,2022-09-04,16,KELSO_2_N001,KELSO_2_N001,KELSO_2_N001,RTPD,MCL,LMP_LOSS_PRC,KELSO_2_N001,ALL,1,0,4,154
2022-09-04T23:45:00-00:00,2022-09-05T00:00:00-00:00,2022-09-04,17,KELSO_2_N001,KELSO_2_N001,KELSO_2_N001,RTPD,MCL,LMP_LOSS_PRC,KELSO_2_N001,ALL,1,0,4,154
2022-09-05T00:45:00-00:00,2022-09-05T01:00:00-00:00,2022-09-04,18,KELSO_2_N001,KELSO_2_N001,KELSO_2_N001,RTPD,MCL,LMP_LOSS_PRC,KELSO_2_N001,ALL,1,0,4,154
2022-09-05T01:45:00-00:00,2022-09-05T02:00:00-00:00,2022-09-04,19,KELSO_2_N001,KELSO_2_N001,KELSO_2_N001,RTPD,MCL,LMP_LOSS_PRC,KELSO_2_N001,ALL,1,12.84964,4,154
2022-09-05T02:45:00-00:00,2022-09-05T03:00:00-00:00,2022-09-04,20,KELSO_2_N001,KELSO_2_N001,KELSO_2_N001,RTPD,MCL,LMP_LOSS_PRC,KELSO_2_N001,ALL,1,0.3983,4,154
2022-09-05T03:45:00-00:00,2022-09-05T04:00:00-00:00,2022-09-04,21,KELSO_2_N001,KELSO_2_N001,KELSO_2_N001,RTPD,MCL,LMP_LOSS_PRC,KELSO_2_N001,ALL,1,-0.07599,4,154
2022-09-05T04:45:00-00:00,2022-09-05T05:00:00-00:00,2022-09-04,22,KELSO_2_N001,KELSO_2_N001,KELSO_2_N001,RTPD,MCL,LMP_LOSS_PRC,KELSO_2_N001,ALL,1,1.64794,4,154
2022-09-05T05:45:00-00:00,2022-09-05T06:00:00-00:00,2022-09-04,23,KELSO_2_N001,KELSO_2_N001,KELSO_2_N001,RTPD,MCL,LMP_LOSS_PRC,KELSO_2_N001,ALL,1,1.03016,4,154
2022-09-05T06:45:00-00:00,2022-09-05T07:00:00-00:00,2022-09-04,24,KELSO_2_N001,KELSO_2_N001,KELSO_2_N001,RTPD,MCL,LMP_LOSS_PRC,KELSO_2_N001,ALL,1,0.92579,4,154
2022-09-04T07:00:00-00:00,2022-09-04T07:15:00-00:00,2022-09-04,01,KELSO_2_N001,KELSO_2_N001,KELSO_2_N001,RTPD,MGHG,LMP_GHG_PRC,KELSO_2_N001,ALL,1,0,1,155
2022-09-04T08:00:00-00:00,2022-09-04T08:15:00-00:00,2022-09-04,02,KELSO_2_N001,KELSO_2_N001,KELSO_2_N001,RTPD,MGHG,LMP_GHG_PRC,KELSO_2_N001,ALL,1,0,1,155
2022-09-04T09:00:00-00:00,2022-09-04T09:15:00-00:00,2022-09-04,03,KELSO_2_N001,KELSO_2_N001,KELSO_2_N001,RTPD,MGHG,LMP_GHG_PRC,KELSO_2_N001,ALL,1,0,1,155
2022-09-04T10:00:00-00:00,2022-09-04T10:15:00-00:00,2022-09-04,04,KELSO_2_N001,KELSO_2_N001,KELSO_2_N001,RTPD,MGHG,LMP_GHG_PRC,KELSO_2_N001,ALL,1,0,1,155
2022-09-04T11:00:00-00:00,2022-09-04T11:15:00-00:00,2022-09-04,05,KELSO_2_N001,KELSO_2_N001,KELSO_2_N001,RTPD,MGHG,LMP_GHG_PRC,KELSO_2_N001,ALL,1,0,1,155
2022-09-04T12:00:00-00:00,2022-09-04T12:15:00-00:00,2022-09-04,06,KELSO_2_N001,KELSO_2_N001,KELSO_2_N001,RTPD,MGHG,LMP_GHG_PRC,KELSO_2_N001,ALL,1,0,1,155
2022-09-04T13:00:00-00:00,2022-09-04T13:15:00-00:00,2022-09-04,07,KELSO_2_N001,KELSO_2_N001,KELSO_2_N001,RTPD,MGHG,LMP_GHG_PRC,KELSO_2_N001,ALL,1,0,1,155
2022-09-04T14:00:00-00:00,2022-09-04T14:15:00-00:00,2022-09-04,08,KELSO_2_N001,KELSO_2_N001,KELSO_2_N001,RTPD,MGHG,LMP_GHG_PRC,KELSO_2_N001,ALL,1,0,1,155
2022-09-04T15:00:00-00:00,2022-09-04T15:15:00-00:00,2022-09-04,09,KELSO_2_N001,KELSO_2_N001,KELSO_2_N001,RTPD,MGHG,LMP_GHG_PRC,KELSO_2_N001,ALL,1,0,1,155
2022-09-04T16:00:00-00:00,2022-09-04T16:15:00-00:00,2022-09-04,10,KELSO_2_N001,KELSO_2_N001,KELSO_2_N001,RTPD,MGHG,LMP_GHG_PRC,KELSO_2_N001,ALL,1,0,1,155
2022-09-04T17:00:00-00:00,2022-09-04T17:15:00-00:00,2022-09-04,11,KELSO_2_N001,KELSO_2_N001,KELSO_2_N001,RTPD,MGHG,LMP_GHG_PRC,KELSO_2_N001,ALL,1,0,1,155
2022-09-04T18:00:00-00:00,2022-09-04T18:15:00-00:00,2022-09-04,12,KELSO_2_N001,KELSO_2_N001,KELSO_2_N001,RTPD,MGHG,LMP_GHG_PRC,KELSO_2_N001,ALL,1,0,1,155
2022-09-04T19:00:00-00:00,2022-09-04T19:15:00-00:00,2022-09-04,13,KELSO_2_N001,KELSO_2_N001,KELSO_2_N001,RTPD,MGHG,LMP_GHG_PRC,KELSO_2_N001,ALL,1,0,1,155
2022-09-04T20:00:00-00:00,2022-09-04T20:15:00-00:00,2022-09-04,14,KELSO_2_N001,KELSO_2_N001,KELSO_2_N001,RTPD,MGHG,LMP_GHG_PRC,KELSO_2_N001,ALL,1,0,1,155
2022-09-04T21:00:00-00:00,2022-09-04T21:15:00-00:00,2022-09-04,15,KELSO_2_N001,KELSO_2_N001,KELSO_2_N001,RTPD,MGHG,LMP_GHG_PRC,KELSO_2_N001,ALL,1,0,1,155
2022-09-04T22:00:00-00:00,2022-09-04T22:15:00-00:00,2022-09-04,16,KELSO_2_N001,KELSO_2_N001,KELSO_2_N001,RTPD,MGHG,LMP_GHG_PRC,KELSO_2_N001,ALL,1,0,1,155
2022-09-04T23:00:00-00:00,2022-09-04T23:15:00-00:00,2022-09-04,17,KELSO_2_N001,KELSO_2_N001,KELSO_2_N001,RTPD,MGHG,LMP_GHG_PRC,KELSO_2_N001,ALL,1,0,1,155
2022-09-05T00:00:00-00:00,2022-09-05T00:15:00-00:00,2022-09-04,18,KELSO_2_N001,KELSO_2_N001,KELSO_2_N001,RTPD,MGHG,LMP_GHG_PRC,KELSO_2_N001,ALL,1,0,1,155
2022-09-05T01:00:00-00:00,2022-09-05T01:15:00-00:00,2022-09-04,19,KELSO_2_N001,KELSO_2_N001,KELSO_2_N001,RTPD,MGHG,LMP_GHG_PRC,KELSO_2_N001,ALL,1,0,1,155
2022-09-05T02:00:00-00:00,2022-09-05T02:15:00-00:00,2022-09-04,20,KELSO_2_N001,KELSO_2_N001,KELSO_2_N001,RTPD,MGHG,LMP_GHG_PRC,KELSO_2_N001,ALL,1,0,1,155
2022-09-05T03:00:00-00:00,2022-09-05T03:15:00-00:00,2022-09-04,21,KELSO_2_N001,KELSO_2_N001,KELSO_2_N001,RTPD,MGHG,LMP_GHG_PRC,KELSO_2_N001,ALL,1,0,1,155
2022-09-05T04:00:00-00:00,2022-09-05T04:15:00-00:00,2022-09-04,22,KELSO_2_N001,KELSO_2_N001,KELSO_2_N001,RTPD,MGHG,LMP_GHG_PRC,KELSO_2_N001,ALL,1,0,1,155
2022-09-05T05:00:00-00:00,2022-09-05T05:15:00-00:00,2022-09-04,23,KELSO_2_N001,KELSO_2_N001,KELSO_2_N001,RTPD,MGHG,LMP_GHG_PRC,KELSO_2_N001,ALL,1,0,1,155
2022-09-05T06:00:00-00:00,2022-09-05T06:15:00-00:00,2022-09-04,24,KELSO_2_N001,KELSO_2_N001,KELSO_2_N001,RTPD,MGHG,LMP_GHG_PRC,KELSO_2_N001,ALL,1,0,1,155
2022-09-04T07:15:00-00:00,2022-09-04T07:30:00-00:00,2022-09-04,01,KELSO_2_N001,KELSO_2_N001,KELSO_2_N001,RTPD,MGHG,LMP_GHG_PRC,KELSO_2_N001,ALL,1,0,2,155
2022-09-04T08:15:00-00:00,2022-09-04T08:30:00-00:00,2022-09-04,02,KELSO_2_N001,KELSO_2_N001,KELSO_2_N001,RTPD,MGHG,LMP_GHG_PRC,KELSO_2_N001,ALL,1,0,2,155
2022-09-04T09:15:00-00:00,2022-09-04T09:30:00-00:00,2022-09-04,03,KELSO_2_N001,KELSO_2_N001,KELSO_2_N001,RTPD,MGHG,LMP_GHG_PRC,KELSO_2_N001,ALL,1,0,2,155
2022-09-04T10:15:00-00:00,2022-09-04T10:30:00-00:00,2022-09-04,04,KELSO_2_N001,KELSO_2_N001,KELSO_2_N001,RTPD,MGHG,LMP_GHG_PRC,KELSO_2_N001,ALL,1,0,2,155
2022-09-04T11:15:00-00:00,2022-09-04T11:30:00-00:00,2022-09-04,05,KELSO_2_N001,KELSO_2_N001,KELSO_2_N001,RTPD,MGHG,LMP_GHG_PRC,KELSO_2_N001,ALL,1,0,2,155
2022-09-04T12:15:00-00:00,2022-09-04T12:30:00-00:00,2022-09-04,06,KELSO_2_N001,KELSO_2_N001,KELSO_2_N001,RTPD,MGHG,LMP_GHG_PRC,KELSO_2_N001,ALL,1,0,2,155
2022-09-04T13:15:00-00:00,2022-09-04T13:30:00-00:00,2022-09-04,07,KELSO_2_N001,KELSO_2_N001,KELSO_2_N001,RTPD,MGHG,LMP_GHG_PRC,KELSO_2_N001,ALL,1,0,2,155
2022-09-04T14:15:00-00:00,2022-09-04T14:30:00-00:00,2022-09-04,08,KELSO_2_N001,KELSO_2_N001,KELSO_2_N001,RTPD,MGHG,LMP_GHG_PRC,KELSO_2_N001,ALL,1,0,2,155
2022-09-04T15:15:00-00:00,2022-09-04T15:30:00-00:00,2022-09-04,09,KELSO_2_N001,KELSO_2_N001,KELSO_2_N001,RTPD,MGHG,LMP_GHG_PRC,KELSO_2_N001,ALL,1,0,2,155
2022-09-04T16:15:00-00:00,2022-09-04T16:30:00-00:00,2022-09-04,10,KELSO_2_N001,KELSO_2_N001,KELSO_2_N001,RTPD,MGHG,LMP_GHG_PRC,KELSO_2_N001,ALL,1,0,2,155
2022-09-04T17:15:00-00:00,2022-09-04T17:30:00-00:00,2022-09-04,11,KELSO_2_N001,KELSO_2_N001,KELSO_2_N001,RTPD,MGHG,LMP_GHG_PRC,KELSO_2_N001,ALL,1,0,2,155
2022-09-04T18:15:00-00:00,2022-09-04T18:30:00-00:00,2022-09-04,12,KELSO_2_N001,KELSO_2_N001,KELSO_2_N001,RTPD,MGHG,LMP_GHG_PRC,KELSO_2_N001,ALL,1,0,2,155
2022-09-04T19:15:00-00:00,2022-09-04T19:30:00-00:00,2022-09-04,13,KELSO_2_N001,KELSO_2_N001,KELSO_2_N001,RTPD,MGHG,LMP_GHG_PRC,KELSO_2_N001,ALL,1,0,2,155
2022-09-04T20:15:00-00:00,2022-09-04T20:30:00-00:00,2022-09-04,14,KELSO_2_N001,KELSO_2_N001,KELSO_2_N001,RTPD,MGHG,LMP_GHG_PRC,KELSO_2_N001,ALL,1,0,2,155
2022-09-04T21:15:00-00:00,2022-09-04T21:30:00-00:00,2022-09-04,15,KELSO_2_N001,KELSO_2_N001,KELSO_2_N001,RTPD,MGHG,LMP_GHG_PRC,KELSO_2_N001,ALL,1,0,2,155
2022-09-04T22:15:00-00:00,2022-09-04T22:30:00-00:00,2022-09-04,16,KELSO_2_N001,KELSO_2_N001,KELSO_2_N001,RTPD,MGHG,LMP_GHG_PRC,KELSO_2_N001,ALL,1,0,2,155
2022-09-04T23:15:00-00:00,2022-09-04T23:30:00-00:00,2022-09-04,17,KELSO_2_N001,KELSO_2_N001,KELSO_2_N001,RTPD,MGHG,LMP_GHG_PRC,KELSO_2_N001,ALL,1,0,2,155
2022-09-05T00:15:00-00:00,2022-09-05T00:30:00-00:00,2022-09-04,18,KELSO_2_N001,KELSO_2_N001,KELSO_2_N001,RTPD,MGHG,LMP_GHG_PRC,KELSO_2_N001,ALL,1,0,2,155
2022-09-05T01:15:00-00:00,2022-09-05T01:30:00-00:00,2022-09-04,19,KELSO_2_N001,KELSO_2_N001,KELSO_2_N001,RTPD,MGHG,LMP_GHG_PRC,KELSO_2_N001,ALL,1,0,2,155
2022-09-05T02:15:00-00:00,2022-09-05T02:30:00-00:00,2022-09-04,20,KELSO_2_N001,KELSO_2_N001,KELSO_2_N001,RTPD,MGHG,LMP_GHG_PRC,KELSO_2_N001,ALL,1,0,2,155
2022-09-05T03:15:00-00:00,2022-09-05T03:30:00-00:00,2022-09-04,21,KELSO_2_N001,KELSO_2_N001,KELSO_2_N001,RTPD,MGHG,LMP_GHG_PRC,KELSO_2_N001,ALL,1,0,2,155
2022-09-05T04:15:00-00:00,2022-09-05T04:30:00-00:00,2022-09-04,22,KELSO_2_N001,KELSO_2_N001,KELSO_2_N001,RTPD,MGHG,LMP_GHG_PRC,KELSO_2_N001,ALL,1,0,2,155
2022-09-05T05:15:00-00:00,2022-09-05T05:30:00-00:00,2022-09-04,23,KELSO_2_N001,KELSO_2_N001,KELSO_2_N001,RTPD,MGHG,LMP_GHG_PRC,KELSO_2_N001,ALL,1,0,2,155
2022-09-05T06:15:00-00:00,2022-09-05T06:30:00-00:00,2022-09-04,24,KELSO_2_N001,KELSO_2_N001,KELSO_2_N001,RTPD,MGHG,LMP_GHG_PRC,KELSO_2_N001,ALL,1,0,2,155
2022-09-04T07:30:00-00:00,2022-09-04T07:45:00-00:00,2022-09-04,01,KELSO_2_N001,KELSO_2_N001,KELSO_2_N001,RTPD,MGHG,LMP_GHG_PRC,KELSO_2_N001,ALL,1,0,3,155
2022-09-04T08:30:00-00:00,2022-09-04T08:45:00-00:00,2022-09-04,02,KELSO_2_N001,KELSO_2_N001,KELSO_2_N001,RTPD,MGHG,LMP_GHG_PRC,KELSO_2_N001,ALL,1,0,3,155
2022-09-04T09:30:00-00:00,2022-09-04T09:45:00-00:00,2022-09-04,03,KELSO_2_N001,KELSO_2_N001,KELSO_2_N001,RTPD,MGHG,LMP_GHG_PRC,KELSO_2_N001,ALL,1,0,3,155
2022-09-04T10:30:00-00:00,2022-09-04T10:45:00-00:00,2022-09-04,04,KELSO_2_N001,KELSO_2_N001,KELSO_2_N001,RTPD,MGHG,LMP_GHG_PRC,KELSO_2_N001,ALL,1,0,3,155
2022-09-04T11:30:00-00:00,2022-09-04T11:45:00-00:00,2022-09-04,05,KELSO_2_N001,KELSO_2_N001,KELSO_2_N001,RTPD,MGHG,LMP_GHG_PRC,KELSO_2_N001,ALL,1,0,3,155
2022-09-04T12:30:00-00:00,2022-09-04T12:45:00-00:00,2022-09-04,06,KELSO_2_N001,KELSO_2_N001,KELSO_2_N001,RTPD,MGHG,LMP_GHG_PRC,KELSO_2_N001,ALL,1,0,3,155
2022-09-04T13:30:00-00:00,2022-09-04T13:45:00-00:00,2022-09-04,07,KELSO_2_N001,KELSO_2_N001,KELSO_2_N001,RTPD,MGHG,LMP_GHG_PRC,KELSO_2_N001,ALL,1,0,3,155
2022-09-04T14:30:00-00:00,2022-09-04T14:45:00-00:00,2022-09-04,08,KELSO_2_N001,KELSO_2_N001,KELSO_2_N001,RTPD,MGHG,LMP_GHG_PRC,KELSO_2_N001,ALL,1,0,3,155
2022-09-04T15:30:00-00:00,2022-09-04T15:45:00-00:00,2022-09-04,09,KELSO_2_N001,KELSO_2_N001,KELSO_2_N001,RTPD,MGHG,LMP_GHG_PRC,KELSO_2_N001,ALL,1,0,3,155
2022-09-04T16:30:00-00:00,2022-09-04T16:45:00-00:00,2022-09-04,10,KELSO_2_N001,KELSO_2_N001,KELSO_2_N001,RTPD,MGHG,LMP_GHG_PRC,KELSO_2_N001,ALL,1,0,3,155
2022-09-04T17:30:00-00:00,2022-09-04T17:45:00-00:00,2022-09-04,11,KELSO_2_N001,KELSO_2_N001,KELSO_2_N001,RTPD,MGHG,LMP_GHG_PRC,KELSO_2_N001,ALL,1,0,3,155
2022-09-04T18:30:00-00:00,2022-09-04T18:45:00-00:00,2022-09-04,12,KELSO_2_N001,KELSO_2_N001,KELSO_2_N001,RTPD,MGHG,LMP_GHG_PRC,KELSO_2_N001,ALL,1,0,3,155
2022-09-04T19:30:00-00:00,2022-09-04T19:45:00-00:00,2022-09-04,13,KELSO_2_N001,KELSO_2_N001,KELSO_2_N001,RTPD,MGHG,LMP_GHG_PRC,KELSO_2_N001,ALL,1,0,3,155
2022-09-04T20:30:00-00:00,2022-09-04T20:45:00-00:00,2022-09-04,14,KELSO_2_N001,KELSO_2_N001,KELSO_2_N001,RTPD,MGHG,LMP_GHG_PRC,KELSO_2_N001,ALL,1,0,3,155
2022-09-04T21:30:00-00:00,2022-09-04T21:45:00-00:00,2022-09-04,15,KELSO_2_N001,KELSO_2_N001,KELSO_2_N001,RTPD,MGHG,LMP_GHG_PRC,KELSO_2_N001,ALL,1,0,3,155
2022-09-04T22:30:00-00:00,2022-09-04T22:45:00-00:00,2022-09-04,16,KELSO_2_N001,KELSO_2_N001,KELSO_2_N001,RTPD,MGHG,LMP_GHG_PRC,KELSO_2_N001,ALL,1,0,3,155
2022-09-04T23:30:00-00:00,2022-09-04T23:45:00-00:00,2022-09-04,17,KELSO_2_N001,KELSO_2_N001,KELSO_2_N001,RTPD,MGHG,LMP_GHG_PRC,KELSO_2_N001,ALL,1,0,3,155
2022-09-05T00:30:00-00:00,2022-09-05T00:45:00-00:00,2022-09-04,18,KELSO_2_N001,KELSO_2_N001,KELSO_2_N001,RTPD,MGHG,LMP_GHG_PRC,KELSO_2_N001,ALL,1,0,3,155
2022-09-05T01:30:00-00:00,2022-09-05T01:45:00-00:00,2022-09-04,19,KELSO_2_N001,KELSO_2_N001,KELSO_2_N001,RTPD,MGHG,LMP_GHG_PRC,KELSO_2_N001,ALL,1,0,3,155
2022-09-05T02:30:00-00:00,2022-09-05T02:45:00-00:00,2022-09-04,20,KELSO_2_N001,KELSO_2_N001,KELSO_2_N001,RTPD,MGHG,LMP_GHG_PRC,KELSO_2_N001,ALL,1,0,3,155
2022-09-05T03:30:00-00:00,2022-09-05T03:45:00-00:00,2022-09-04,21,KELSO_2_N001,KELSO_2_N001,KELSO_2_N001,RTPD,MGHG,LMP_GHG_PRC,KELSO_2_N001,ALL,1,0,3,155
2022-09-05T04:30:00-00:00,2022-09-05T04:45:00-00:00,2022-09-04,22,KELSO_2_N001,KELSO_2_N001,KELSO_2_N001,RTPD,MGHG,LMP_GHG_PRC,KELSO_2_N001,ALL,1,0,3,155
2022-09-05T05:30:00-00:00,2022-09-05T05:45:00-00:00,2022-09-04,23,KELSO_2_N001,KELSO_2_N001,KELSO_2_N001,RTPD,MGHG,LMP_GHG_PRC,KELSO_2_N001,ALL,1,0,3,155
2022-09-05T06:30:00-00:00,2022-09-05T06:45:00-00:00,2022-09-04,24,KELSO_2_N001,KELSO_2_N001,KELSO_2_N001,RTPD,MGHG,LMP_GHG_PRC,KELSO_2_N001,ALL,1,0,3,155
2022-09-04T07:45:00-00:00,2022-09-04T08:00:00-00:00,2022-09-04,01,KELSO_2_N001,KELSO_2_N001,KELSO_2_N001,RTPD,MGHG,LMP_GHG_PRC,KELSO_2_N001,ALL,1,0,4,155
2022-09-04T08:45:00-00:00,2022-09-04T09:00:00-00:00,2022-09-04,02,KELSO_2_N001,KELSO_2_N001,KELSO_2_N001,RTPD,MGHG,LMP_GHG_PRC,KELSO_2_N001,ALL,1,0,4,155
2022-09-04T09:45:00-00:00,2022-09-04T10:00:00-00:00,2022-09-04,03,KELSO_2_N001,KELSO_2_N001,KELSO_2_N001,RTPD,MGHG,LMP_GHG_PRC,KELSO_2_N001,ALL,1,0,4,155
2022-09-04T10:45:00-00:00,2022-09-04T11:00:00-00:00,2022-09-04,04,KELSO_2_N001,KELSO_2_N001,KELSO_2_N001,RTPD,MGHG,LMP_GHG_PRC,KELSO_2_N001,ALL,1,0,4,155
2022-09-04T11:45:00-00:00,2022-09-04T12:00:00-00:00,2022-09-04,05,KELSO_2_N001,KELSO_2_N001,KELSO_2_N001,RTPD,MGHG,LMP_GHG_PRC,KELSO_2_N001,ALL,1,0,4,155
2022-09-04T12:45:00-00:00,2022-09-04T13:00:00-00:00,2022-09-04,06,KELSO_2_N001,KELSO_2_N001,KELSO_2_N001,RTPD,MGHG,LMP_GHG_PRC,KELSO_2_N001,ALL,1,0,4,155
2022-09-04T13:45:00-00:00,2022-09-04T14:00:00-00:00,2022-09-04,07,KELSO_2_N001,KELSO_2_N001,KELSO_2_N001,RTPD,MGHG,LMP_GHG_PRC,KELSO_2_N001,ALL,1,0,4,155
2022-09-04T14:45:00-00:00,2022-09-04T15:00:00-00:00,2022-09-04,08,KELSO_2_N001,KELSO_2_N001,KELSO_2_N001,RTPD,MGHG,LMP_GHG_PRC,KELSO_2_N001,ALL,1,0,4,155
2022-09-04T15:45:00-00:00,2022-09-04T16:00:00-00:00,2022-09-04,09,KELSO_2_N001,KELSO_2_N001,KELSO_2_N001,RTPD,MGHG,LMP_GHG_PRC,KELSO_2_N001,ALL,1,0,4,155
2022-09-04T16:45:00-00:00,2022-09-04T17:00:00-00:00,2022-09-04,10,KELSO_2_N001,KELSO_2_N001,KELSO_2_N001,RTPD,MGHG,LMP_GHG_PRC,KELSO_2_N001,ALL,1,0,4,155
2022-09-04T17:45:00-00:00,2022-09-04T18:00:00-00:00,2022-09-04,11,KELSO_2_N001,KELSO_2_N001,KELSO_2_N001,RTPD,MGHG,LMP_GHG_PRC,KELSO_2_N001,ALL,1,0,4,155
2022-09-04T18:45:00-00:00,2022-09-04T19:00:00-00:00,2022-09-04,12,KELSO_2_N001,KELSO_2_N001,KELSO_2_N001,RTPD,MGHG,LMP_GHG_PRC,KELSO_2_N001,ALL,1,0,4,155
2022-09-04T19:45:00-00:00,2022-09-04T20:00:00-00:00,2022-09-04,13,KELSO_2_N001,KELSO_2_N001,KELSO_2_N001,RTPD,MGHG,LMP_GHG_PRC,KELSO_2_N001,ALL,1,0,4,155
2022-09-04T20:45:00-00:00,2022-09-04T21:00:00-00:00,2022-09-04,14,KELSO_2_N001,KELSO_2_N001,KELSO_2_N001,RTPD,MGHG,LMP_GHG_PRC,KELSO_2_N001,ALL,1,0,4,155
2022-09-04T21:45:00-00:00,2022-09-04T22:00:00-00:00,2022-09-04,15,KELSO_2_N001,KELSO_2_N001,KELSO_2_N001,RTPD,MGHG,LMP_GHG_PRC,KELSO_2_N001,ALL,1,0,4,155
2022-09-04T22:45:00-00:00,2022-09-04T23:00:00-00:00,2022-09-04,16,KELSO_2_N001,KELSO_2_N001,KELSO_2_N001,RTPD,MGHG,LMP_GHG_PRC,KELSO_2_N001,ALL,1,0,4,155
2022-09-04T23:45:00-00:00,2022-09-05T00:00:00-00:00,2022-09-04,17,KELSO_2_N001,KELSO_2_N001,KELSO_2_N001,RTPD,MGHG,LMP_GHG_PRC,KELSO_2_N001,ALL,1,0,4,155
2022-09-05T00:45:00-00:00,2022-09-05T01:00:00-00:00,2022-09-04,18,KELSO_2_N001,KELSO_2_N001,KELSO_2_N001,RTPD,MGHG,LMP_GHG_PRC,KELSO_2_N001,ALL,1,0,4,155
2022-09-05T01:45:00-00:00,2022-09-05T02:00:00-00:00,2022-09-04,19,KELSO_2_N001,KELSO_2_N001,KELSO_2_N001,RTPD,MGHG,LMP_GHG_PRC,KELSO_2_N001,ALL,1,0,4,155
2022-09-05T02:45:00-00:00,2022-09-05T03:00:00-00:00,2022-09-04,20,KELSO_2_N001,KELSO_2_N001,KELSO_2_N001,RTPD,MGHG,LMP_GHG_PRC,KELSO_2_N001,ALL,1,0,4,155
2022-09-05T03:45:00-00:00,2022-09-05T04:00:00-00:00,2022-09-04,21,KELSO_2_N001,KELSO_2_N001,KELSO_2_N001,RTPD,MGHG,LMP_GHG_PRC,KELSO_2_N001,ALL,1,0,4,155
2022-09-05T04:45:00-00:00,2022-09-05T05:00:00-00:00,2022-09-04,22,KELSO_2_N001,KELSO_2_N001,KELSO_2_N001,RTPD,MGHG,LMP_GHG_PRC,KELSO_2_N001,ALL,1,0,4,155
2022-09-05T05:45:00-00:00,2022-09-05T06:00:00-00:00,2022-09-04,23,KELSO_2_N001,KELSO_2_N001,KELSO_2_N001,RTPD,MGHG,LMP_GHG_PRC,KELSO_2_N001,ALL,1,0,4,155
2022-09-05T06:45:00-00:00,2022-09-05T07:00:00-00:00,2022-09-04,24,KELSO_2_N001,KELSO_2_N001,KELSO_2_N001,RTPD,MGHG,LMP_GHG_PRC,KELSO_2_N001,ALL,1,0,4,155
2022-09-04T07:00:00-00:00,2022-09-04T07:15:00-00:00,2022-09-04,01,KERCK1G1_7_B2,KERCK1G1_7_B2,KERCK1G1_7_B2,RTPD,LMP,LMP_PRC,KERCK1G1_7_B2,ALL,1,121.04844,1,156
2022-09-04T08:00:00-00:00,2022-09-04T08:15:00-00:00,2022-09-04,02,KERCK1G1_7_B2,KERCK1G1_7_B2,KERCK1G1_7_B2,RTPD,LMP,LMP_PRC,KERCK1G1_7_B2,ALL,1,108.68108,1,156
2022-09-04T09:00:00-00:00,2022-09-04T09:15:00-00:00,2022-09-04,03,KERCK1G1_7_B2,KERCK1G1_7_B2,KERCK1G1_7_B2,RTPD,LMP,LMP_PRC,KERCK1G1_7_B2,ALL,1,128.25536,1,156
2022-09-04T10:00:00-00:00,2022-09-04T10:15:00-00:00,2022-09-04,04,KERCK1G1_7_B2,KERCK1G1_7_B2,KERCK1G1_7_B2,RTPD,LMP,LMP_PRC,KERCK1G1_7_B2,ALL,1,119.06769,1,156
2022-09-04T11:00:00-00:00,2022-09-04T11:15:00-00:00,2022-09-04,05,KERCK1G1_7_B2,KERCK1G1_7_B2,KERCK1G1_7_B2,RTPD,LMP,LMP_PRC,KERCK1G1_7_B2,ALL,1,99.27039,1,156
2022-09-04T12:00:00-00:00,2022-09-04T12:15:00-00:00,2022-09-04,06,KERCK1G1_7_B2,KERCK1G1_7_B2,KERCK1G1_7_B2,RTPD,LMP,LMP_PRC,KERCK1G1_7_B2,ALL,1,84.3179,1,156
2022-09-04T13:00:00-00:00,2022-09-04T13:15:00-00:00,2022-09-04,07,KERCK1G1_7_B2,KERCK1G1_7_B2,KERCK1G1_7_B2,RTPD,LMP,LMP_PRC,KERCK1G1_7_B2,ALL,1,64.96895,1,156
2022-09-04T14:00:00-00:00,2022-09-04T14:15:00-00:00,2022-09-04,08,KERCK1G1_7_B2,KERCK1G1_7_B2,KERCK1G1_7_B2,RTPD,LMP,LMP_PRC,KERCK1G1_7_B2,ALL,1,83.69504,1,156
2022-09-04T15:00:00-00:00,2022-09-04T15:15:00-00:00,2022-09-04,09,KERCK1G1_7_B2,KERCK1G1_7_B2,KERCK1G1_7_B2,RTPD,LMP,LMP_PRC,KERCK1G1_7_B2,ALL,1,74.0272,1,156
2022-09-04T16:00:00-00:00,2022-09-04T16:15:00-00:00,2022-09-04,10,KERCK1G1_7_B2,KERCK1G1_7_B2,KERCK1G1_7_B2,RTPD,LMP,LMP_PRC,KERCK1G1_7_B2,ALL,1,3.00255,1,156
2022-09-04T17:00:00-00:00,2022-09-04T17:15:00-00:00,2022-09-04,11,KERCK1G1_7_B2,KERCK1G1_7_B2,KERCK1G1_7_B2,RTPD,LMP,LMP_PRC,KERCK1G1_7_B2,ALL,1,0.44874,1,156
2022-09-04T18:00:00-00:00,2022-09-04T18:15:00-00:00,2022-09-04,12,KERCK1G1_7_B2,KERCK1G1_7_B2,KERCK1G1_7_B2,RTPD,LMP,LMP_PRC,KERCK1G1_7_B2,ALL,1,5.33463,1,156
2022-09-04T19:00:00-00:00,2022-09-04T19:15:00-00:00,2022-09-04,13,KERCK1G1_7_B2,KERCK1G1_7_B2,KERCK1G1_7_B2,RTPD,LMP,LMP_PRC,KERCK1G1_7_B2,ALL,1,32.8453,1,156
2022-09-04T20:00:00-00:00,2022-09-04T20:15:00-00:00,2022-09-04,14,KERCK1G1_7_B2,KERCK1G1_7_B2,KERCK1G1_7_B2,RTPD,LMP,LMP_PRC,KERCK1G1_7_B2,ALL,1,76.09343,1,156
2022-09-04T21:00:00-00:00,2022-09-04T21:15:00-00:00,2022-09-04,15,KERCK1G1_7_B2,KERCK1G1_7_B2,KERCK1G1_7_B2,RTPD,LMP,LMP_PRC,KERCK1G1_7_B2,ALL,1,74.15219,1,156
2022-09-04T22:00:00-00:00,2022-09-04T22:15:00-00:00,2022-09-04,16,KERCK1G1_7_B2,KERCK1G1_7_B2,KERCK1G1_7_B2,RTPD,LMP,LMP_PRC,KERCK1G1_7_B2,ALL,1,81.69357,1,156
2022-09-04T23:00:00-00:00,2022-09-04T23:15:00-00:00,2022-09-04,17,KERCK1G1_7_B2,KERCK1G1_7_B2,KERCK1G1_7_B2,RTPD,LMP,LMP_PRC,KERCK1G1_7_B2,ALL,1,85.96179,1,156
2022-09-05T00:00:00-00:00,2022-09-05T00:15:00-00:00,2022-09-04,18,KERCK1G1_7_B2,KERCK1G1_7_B2,KERCK1G1_7_B2,RTPD,LMP,LMP_PRC,KERCK1G1_7_B2,ALL,1,116.09852,1,156
2022-09-05T01:00:00-00:00,2022-09-05T01:15:00-00:00,2022-09-04,19,KERCK1G1_7_B2,KERCK1G1_7_B2,KERCK1G1_7_B2,RTPD,LMP,LMP_PRC,KERCK1G1_7_B2,ALL,1,139.40216,1,156
2022-09-05T02:00:00-00:00,2022-09-05T02:15:00-00:00,2022-09-04,20,KERCK1G1_7_B2,KERCK1G1_7_B2,KERCK1G1_7_B2,RTPD,LMP,LMP_PRC,KERCK1G1_7_B2,ALL,1,170.6582,1,156
2022-09-05T03:00:00-00:00,2022-09-05T03:15:00-00:00,2022-09-04,21,KERCK1G1_7_B2,KERCK1G1_7_B2,KERCK1G1_7_B2,RTPD,LMP,LMP_PRC,KERCK1G1_7_B2,ALL,1,1026.651,1,156
2022-09-05T04:00:00-00:00,2022-09-05T04:15:00-00:00,2022-09-04,22,KERCK1G1_7_B2,KERCK1G1_7_B2,KERCK1G1_7_B2,RTPD,LMP,LMP_PRC,KERCK1G1_7_B2,ALL,1,162.72469,1,156
2022-09-05T05:00:00-00:00,2022-09-05T05:15:00-00:00,2022-09-04,23,KERCK1G1_7_B2,KERCK1G1_7_B2,KERCK1G1_7_B2,RTPD,LMP,LMP_PRC,KERCK1G1_7_B2,ALL,1,179.23318,1,156
2022-09-05T06:00:00-00:00,2022-09-05T06:15:00-00:00,2022-09-04,24,KERCK1G1_7_B2,KERCK1G1_7_B2,KERCK1G1_7_B2,RTPD,LMP,LMP_PRC,KERCK1G1_7_B2,ALL,1,158.4453,1,156
2022-09-04T07:15:00-00:00,2022-09-04T07:30:00-00:00,2022-09-04,01,KERCK1G1_7_B2,KERCK1G1_7_B2,KERCK1G1_7_B2,RTPD,LMP,LMP_PRC,KERCK1G1_7_B2,ALL,1,117.91611,2,156
2022-09-04T08:15:00-00:00,2022-09-04T08:30:00-00:00,2022-09-04,02,KERCK1G1_7_B2,KERCK1G1_7_B2,KERCK1G1_7_B2,RTPD,LMP,LMP_PRC,KERCK1G1_7_B2,ALL,1,128.87091,2,156
2022-09-04T09:15:00-00:00,2022-09-04T09:30:00-00:00,2022-09-04,03,KERCK1G1_7_B2,KERCK1G1_7_B2,KERCK1G1_7_B2,RTPD,LMP,LMP_PRC,KERCK1G1_7_B2,ALL,1,107.00459,2,156
2022-09-04T10:15:00-00:00,2022-09-04T10:30:00-00:00,2022-09-04,04,KERCK1G1_7_B2,KERCK1G1_7_B2,KERCK1G1_7_B2,RTPD,LMP,LMP_PRC,KERCK1G1_7_B2,ALL,1,118.23684,2,156
2022-09-04T11:15:00-00:00,2022-09-04T11:30:00-00:00,2022-09-04,05,KERCK1G1_7_B2,KERCK1G1_7_B2,KERCK1G1_7_B2,RTPD,LMP,LMP_PRC,KERCK1G1_7_B2,ALL,1,133.22615,2,156
2022-09-04T12:15:00-00:00,2022-09-04T12:30:00-00:00,2022-09-04,06,KERCK1G1_7_B2,KERCK1G1_7_B2,KERCK1G1_7_B2,RTPD,LMP,LMP_PRC,KERCK1G1_7_B2,ALL,1,84.20806,2,156
2022-09-04T13:15:00-00:00,2022-09-04T13:30:00-00:00,2022-09-04,07,KERCK1G1_7_B2,KERCK1G1_7_B2,KERCK1G1_7_B2,RTPD,LMP,LMP_PRC,KERCK1G1_7_B2,ALL,1,49.97935,2,156
2022-09-04T14:15:00-00:00,2022-09-04T14:30:00-00:00,2022-09-04,08,KERCK1G1_7_B2,KERCK1G1_7_B2,KERCK1G1_7_B2,RTPD,LMP,LMP_PRC,KERCK1G1_7_B2,ALL,1,76.57219,2,156
2022-09-04T15:15:00-00:00,2022-09-04T15:30:00-00:00,2022-09-04,09,KERCK1G1_7_B2,KERCK1G1_7_B2,KERCK1G1_7_B2,RTPD,LMP,LMP_PRC,KERCK1G1_7_B2,ALL,1,54.5919,2,156
2022-09-04T16:15:00-00:00,2022-09-04T16:30:00-00:00,2022-09-04,10,KERCK1G1_7_B2,KERCK1G1_7_B2,KERCK1G1_7_B2,RTPD,LMP,LMP_PRC,KERCK1G1_7_B2,ALL,1,2.85083,2,156
2022-09-04T17:15:00-00:00,2022-09-04T17:30:00-00:00,2022-09-04,11,KERCK1G1_7_B2,KERCK1G1_7_B2,KERCK1G1_7_B2,RTPD,LMP,LMP_PRC,KERCK1G1_7_B2,ALL,1,2.05477,2,156
2022-09-04T18:15:00-00:00,2022-09-04T18:30:00-00:00,2022-09-04,12,KERCK1G1_7_B2,KERCK1G1_7_B2,KERCK1G1_7_B2,RTPD,LMP,LMP_PRC,KERCK1G1_7_B2,ALL,1,8.68363,2,156
2022-09-04T19:15:00-00:00,2022-09-04T19:30:00-00:00,2022-09-04,13,KERCK1G1_7_B2,KERCK1G1_7_B2,KERCK1G1_7_B2,RTPD,LMP,LMP_PRC,KERCK1G1_7_B2,ALL,1,56.55441,2,156
2022-09-04T20:15:00-00:00,2022-09-04T20:30:00-00:00,2022-09-04,14,KERCK1G1_7_B2,KERCK1G1_7_B2,KERCK1G1_7_B2,RTPD,LMP,LMP_PRC,KERCK1G1_7_B2,ALL,1,74.11144,2,156
2022-09-04T21:15:00-00:00,2022-09-04T21:30:00-00:00,2022-09-04,15,KERCK1G1_7_B2,KERCK1G1_7_B2,KERCK1G1_7_B2,RTPD,LMP,LMP_PRC,KERCK1G1_7_B2,ALL,1,79.30275,2,156
2022-09-04T22:15:00-00:00,2022-09-04T22:30:00-00:00,2022-09-04,16,KERCK1G1_7_B2,KERCK1G1_7_B2,KERCK1G1_7_B2,RTPD,LMP,LMP_PRC,KERCK1G1_7_B2,ALL,1,89.0806,2,156
2022-09-04T23:15:00-00:00,2022-09-04T23:30:00-00:00,2022-09-04,17,KERCK1G1_7_B2,KERCK1G1_7_B2,KERCK1G1_7_B2,RTPD,LMP,LMP_PRC,KERCK1G1_7_B2,ALL,1,99.09684,2,156
2022-09-05T00:15:00-00:00,2022-09-05T00:30:00-00:00,2022-09-04,18,KERCK1G1_7_B2,KERCK1G1_7_B2,KERCK1G1_7_B2,RTPD,LMP,LMP_PRC,KERCK1G1_7_B2,ALL,1,120.35508,2,156
2022-09-05T01:15:00-00:00,2022-09-05T01:30:00-00:00,2022-09-04,19,KERCK1G1_7_B2,KERCK1G1_7_B2,KERCK1G1_7_B2,RTPD,LMP,LMP_PRC,KERCK1G1_7_B2,ALL,1,312.00928,2,156
2022-09-05T02:15:00-00:00,2022-09-05T02:30:00-00:00,2022-09-04,20,KERCK1G1_7_B2,KERCK1G1_7_B2,KERCK1G1_7_B2,RTPD,LMP,LMP_PRC,KERCK1G1_7_B2,ALL,1,190.14056,2,156
2022-09-05T03:15:00-00:00,2022-09-05T03:30:00-00:00,2022-09-04,21,KERCK1G1_7_B2,KERCK1G1_7_B2,KERCK1G1_7_B2,RTPD,LMP,LMP_PRC,KERCK1G1_7_B2,ALL,1,993.77673,2,156
2022-09-05T04:15:00-00:00,2022-09-05T04:30:00-00:00,2022-09-04,22,KERCK1G1_7_B2,KERCK1G1_7_B2,KERCK1G1_7_B2,RTPD,LMP,LMP_PRC,KERCK1G1_7_B2,ALL,1,156.88281,2,156
2022-09-05T05:15:00-00:00,2022-09-05T05:30:00-00:00,2022-09-04,23,KERCK1G1_7_B2,KERCK1G1_7_B2,KERCK1G1_7_B2,RTPD,LMP,LMP_PRC,KERCK1G1_7_B2,ALL,1,181.2008,2,156
2022-09-05T06:15:00-00:00,2022-09-05T06:30:00-00:00,2022-09-04,24,KERCK1G1_7_B2,KERCK1G1_7_B2,KERCK1G1_7_B2,RTPD,LMP,LMP_PRC,KERCK1G1_7_B2,ALL,1,144.27905,2,156
2022-09-04T07:30:00-00:00,2022-09-04T07:45:00-00:00,2022-09-04,01,KERCK1G1_7_B2,KERCK1G1_7_B2,KERCK1G1_7_B2,RTPD,LMP,LMP_PRC,KERCK1G1_7_B2,ALL,1,108.94815,3,156
2022-09-04T08:30:00-00:00,2022-09-04T08:45:00-00:00,2022-09-04,02,KERCK1G1_7_B2,KERCK1G1_7_B2,KERCK1G1_7_B2,RTPD,LMP,LMP_PRC,KERCK1G1_7_B2,ALL,1,129.96645,3,156
2022-09-04T09:30:00-00:00,2022-09-04T09:45:00-00:00,2022-09-04,03,KERCK1G1_7_B2,KERCK1G1_7_B2,KERCK1G1_7_B2,RTPD,LMP,LMP_PRC,KERCK1G1_7_B2,ALL,1,97.51953,3,156
2022-09-04T10:30:00-00:00,2022-09-04T10:45:00-00:00,2022-09-04,04,KERCK1G1_7_B2,KERCK1G1_7_B2,KERCK1G1_7_B2,RTPD,LMP,LMP_PRC,KERCK1G1_7_B2,ALL,1,127.26527,3,156
2022-09-04T11:30:00-00:00,2022-09-04T11:45:00-00:00,2022-09-04,05,KERCK1G1_7_B2,KERCK1G1_7_B2,KERCK1G1_7_B2,RTPD,LMP,LMP_PRC,KERCK1G1_7_B2,ALL,1,133.02782,3,156
2022-09-04T12:30:00-00:00,2022-09-04T12:45:00-00:00,2022-09-04,06,KERCK1G1_7_B2,KERCK1G1_7_B2,KERCK1G1_7_B2,RTPD,LMP,LMP_PRC,KERCK1G1_7_B2,ALL,1,83.22096,3,156
2022-09-04T13:30:00-00:00,2022-09-04T13:45:00-00:00,2022-09-04,07,KERCK1G1_7_B2,KERCK1G1_7_B2,KERCK1G1_7_B2,RTPD,LMP,LMP_PRC,KERCK1G1_7_B2,ALL,1,43.00457,3,156
2022-09-04T14:30:00-00:00,2022-09-04T14:45:00-00:00,2022-09-04,08,KERCK1G1_7_B2,KERCK1G1_7_B2,KERCK1G1_7_B2,RTPD,LMP,LMP_PRC,KERCK1G1_7_B2,ALL,1,75.91185,3,156
2022-09-04T15:30:00-00:00,2022-09-04T15:45:00-00:00,2022-09-04,09,KERCK1G1_7_B2,KERCK1G1_7_B2,KERCK1G1_7_B2,RTPD,LMP,LMP_PRC,KERCK1G1_7_B2,ALL,1,41.29767,3,156
2022-09-04T16:30:00-00:00,2022-09-04T16:45:00-00:00,2022-09-04,10,KERCK1G1_7_B2,KERCK1G1_7_B2,KERCK1G1_7_B2,RTPD,LMP,LMP_PRC,KERCK1G1_7_B2,ALL,1,4.67766,3,156
2022-09-04T17:30:00-00:00,2022-09-04T17:45:00-00:00,2022-09-04,11,KERCK1G1_7_B2,KERCK1G1_7_B2,KERCK1G1_7_B2,RTPD,LMP,LMP_PRC,KERCK1G1_7_B2,ALL,1,2.5417,3,156
2022-09-04T18:30:00-00:00,2022-09-04T18:45:00-00:00,2022-09-04,12,KERCK1G1_7_B2,KERCK1G1_7_B2,KERCK1G1_7_B2,RTPD,LMP,LMP_PRC,KERCK1G1_7_B2,ALL,1,58.142,3,156
2022-09-04T19:30:00-00:00,2022-09-04T19:45:00-00:00,2022-09-04,13,KERCK1G1_7_B2,KERCK1G1_7_B2,KERCK1G1_7_B2,RTPD,LMP,LMP_PRC,KERCK1G1_7_B2,ALL,1,70.07933,3,156
2022-09-04T20:30:00-00:00,2022-09-04T20:45:00-00:00,2022-09-04,14,KERCK1G1_7_B2,KERCK1G1_7_B2,KERCK1G1_7_B2,RTPD,LMP,LMP_PRC,KERCK1G1_7_B2,ALL,1,71.78018,3,156
2022-09-04T21:30:00-00:00,2022-09-04T21:45:00-00:00,2022-09-04,15,KERCK1G1_7_B2,KERCK1G1_7_B2,KERCK1G1_7_B2,RTPD,LMP,LMP_PRC,KERCK1G1_7_B2,ALL,1,83.32545,3,156
2022-09-04T22:30:00-00:00,2022-09-04T22:45:00-00:00,2022-09-04,16,KERCK1G1_7_B2,KERCK1G1_7_B2,KERCK1G1_7_B2,RTPD,LMP,LMP_PRC,KERCK1G1_7_B2,ALL,1,99.61904,3,156
2022-09-04T23:30:00-00:00,2022-09-04T23:45:00-00:00,2022-09-04,17,KERCK1G1_7_B2,KERCK1G1_7_B2,KERCK1G1_7_B2,RTPD,LMP,LMP_PRC,KERCK1G1_7_B2,ALL,1,102.72728,3,156
2022-09-05T00:30:00-00:00,2022-09-05T00:45:00-00:00,2022-09-04,18,KERCK1G1_7_B2,KERCK1G1_7_B2,KERCK1G1_7_B2,RTPD,LMP,LMP_PRC,KERCK1G1_7_B2,ALL,1,124.77138,3,156
2022-09-05T01:30:00-00:00,2022-09-05T01:45:00-00:00,2022-09-04,19,KERCK1G1_7_B2,KERCK1G1_7_B2,KERCK1G1_7_B2,RTPD,LMP,LMP_PRC,KERCK1G1_7_B2,ALL,1,1394.6667,3,156
2022-09-05T02:30:00-00:00,2022-09-05T02:45:00-00:00,2022-09-04,20,KERCK1G1_7_B2,KERCK1G1_7_B2,KERCK1G1_7_B2,RTPD,LMP,LMP_PRC,KERCK1G1_7_B2,ALL,1,151.21954,3,156
2022-09-05T03:30:00-00:00,2022-09-05T03:45:00-00:00,2022-09-04,21,KERCK1G1_7_B2,KERCK1G1_7_B2,KERCK1G1_7_B2,RTPD,LMP,LMP_PRC,KERCK1G1_7_B2,ALL,1,835.1353,3,156
2022-09-05T04:30:00-00:00,2022-09-05T04:45:00-00:00,2022-09-04,22,KERCK1G1_7_B2,KERCK1G1_7_B2,KERCK1G1_7_B2,RTPD,LMP,LMP_PRC,KERCK1G1_7_B2,ALL,1,157.2196,3,156
2022-09-05T05:30:00-00:00,2022-09-05T05:45:00-00:00,2022-09-04,23,KERCK1G1_7_B2,KERCK1G1_7_B2,KERCK1G1_7_B2,RTPD,LMP,LMP_PRC,KERCK1G1_7_B2,ALL,1,153.77621,3,156
2022-09-05T06:30:00-00:00,2022-09-05T06:45:00-00:00,2022-09-04,24,KERCK1G1_7_B2,KERCK1G1_7_B2,KERCK1G1_7_B2,RTPD,LMP,LMP_PRC,KERCK1G1_7_B2,ALL,1,108.01504,3,156
2022-09-04T07:45:00-00:00,2022-09-04T08:00:00-00:00,2022-09-04,01,KERCK1G1_7_B2,KERCK1G1_7_B2,KERCK1G1_7_B2,RTPD,LMP,LMP_PRC,KERCK1G1_7_B2,ALL,1,135.99977,4,156
2022-09-04T08:45:00-00:00,2022-09-04T09:00:00-00:00,2022-09-04,02,KERCK1G1_7_B2,KERCK1G1_7_B2,KERCK1G1_7_B2,RTPD,LMP,LMP_PRC,KERCK1G1_7_B2,ALL,1,133.78699,4,156
2022-09-04T09:45:00-00:00,2022-09-04T10:00:00-00:00,2022-09-04,03,KERCK1G1_7_B2,KERCK1G1_7_B2,KERCK1G1_7_B2,RTPD,LMP,LMP_PRC,KERCK1G1_7_B2,ALL,1,104.57959,4,156
2022-09-04T10:45:00-00:00,2022-09-04T11:00:00-00:00,2022-09-04,04,KERCK1G1_7_B2,KERCK1G1_7_B2,KERCK1G1_7_B2,RTPD,LMP,LMP_PRC,KERCK1G1_7_B2,ALL,1,98.99761,4,156
2022-09-04T11:45:00-00:00,2022-09-04T12:00:00-00:00,2022-09-04,05,KERCK1G1_7_B2,KERCK1G1_7_B2,KERCK1G1_7_B2,RTPD,LMP,LMP_PRC,KERCK1G1_7_B2,ALL,1,81.2288,4,156
2022-09-04T12:45:00-00:00,2022-09-04T13:00:00-00:00,2022-09-04,06,KERCK1G1_7_B2,KERCK1G1_7_B2,KERCK1G1_7_B2,RTPD,LMP,LMP_PRC,KERCK1G1_7_B2,ALL,1,79.57731,4,156
2022-09-04T13:45:00-00:00,2022-09-04T14:00:00-00:00,2022-09-04,07,KERCK1G1_7_B2,KERCK1G1_7_B2,KERCK1G1_7_B2,RTPD,LMP,LMP_PRC,KERCK1G1_7_B2,ALL,1,34.94735,4,156
2022-09-04T14:45:00-00:00,2022-09-04T15:00:00-00:00,2022-09-04,08,KERCK1G1_7_B2,KERCK1G1_7_B2,KERCK1G1_7_B2,RTPD,LMP,LMP_PRC,KERCK1G1_7_B2,ALL,1,38.17568,4,156
2022-09-04T15:45:00-00:00,2022-09-04T16:00:00-00:00,2022-09-04,09,KERCK1G1_7_B2,KERCK1G1_7_B2,KERCK1G1_7_B2,RTPD,LMP,LMP_PRC,KERCK1G1_7_B2,ALL,1,4.45957,4,156
2022-09-04T16:45:00-00:00,2022-09-04T17:00:00-00:00,2022-09-04,10,KERCK1G1_7_B2,KERCK1G1_7_B2,KERCK1G1_7_B2,RTPD,LMP,LMP_PRC,KERCK1G1_7_B2,ALL,1,1.24928,4,156
2022-09-04T17:45:00-00:00,2022-09-04T18:00:00-00:00,2022-09-04,11,KERCK1G1_7_B2,KERCK1G1_7_B2,KERCK1G1_7_B2,RTPD,LMP,LMP_PRC,KERCK1G1_7_B2,ALL,1,2.66838,4,156
2022-09-04T18:45:00-00:00,2022-09-04T19:00:00-00:00,2022-09-04,12,KERCK1G1_7_B2,KERCK1G1_7_B2,KERCK1G1_7_B2,RTPD,LMP,LMP_PRC,KERCK1G1_7_B2,ALL,1,68.85452,4,156
2022-09-04T19:45:00-00:00,2022-09-04T20:00:00-00:00,2022-09-04,13,KERCK1G1_7_B2,KERCK1G1_7_B2,KERCK1G1_7_B2,RTPD,LMP,LMP_PRC,KERCK1G1_7_B2,ALL,1,51.47565,4,156
2022-09-04T20:45:00-00:00,2022-09-04T21:00:00-00:00,2022-09-04,14,KERCK1G1_7_B2,KERCK1G1_7_B2,KERCK1G1_7_B2,RTPD,LMP,LMP_PRC,KERCK1G1_7_B2,ALL,1,81.72538,4,156
2022-09-04T21:45:00-00:00,2022-09-04T22:00:00-00:00,2022-09-04,15,KERCK1G1_7_B2,KERCK1G1_7_B2,KERCK1G1_7_B2,RTPD,LMP,LMP_PRC,KERCK1G1_7_B2,ALL,1,82.10485,4,156
2022-09-04T22:45:00-00:00,2022-09-04T23:00:00-00:00,2022-09-04,16,KERCK1G1_7_B2,KERCK1G1_7_B2,KERCK1G1_7_B2,RTPD,LMP,LMP_PRC,KERCK1G1_7_B2,ALL,1,122.26156,4,156
2022-09-04T23:45:00-00:00,2022-09-05T00:00:00-00:00,2022-09-04,17,KERCK1G1_7_B2,KERCK1G1_7_B2,KERCK1G1_7_B2,RTPD,LMP,LMP_PRC,KERCK1G1_7_B2,ALL,1,135.376,4,156
2022-09-05T00:45:00-00:00,2022-09-05T01:00:00-00:00,2022-09-04,18,KERCK1G1_7_B2,KERCK1G1_7_B2,KERCK1G1_7_B2,RTPD,LMP,LMP_PRC,KERCK1G1_7_B2,ALL,1,154.17883,4,156
2022-09-05T01:45:00-00:00,2022-09-05T02:00:00-00:00,2022-09-04,19,KERCK1G1_7_B2,KERCK1G1_7_B2,KERCK1G1_7_B2,RTPD,LMP,LMP_PRC,KERCK1G1_7_B2,ALL,1,1223.5155,4,156
2022-09-05T02:45:00-00:00,2022-09-05T03:00:00-00:00,2022-09-04,20,KERCK1G1_7_B2,KERCK1G1_7_B2,KERCK1G1_7_B2,RTPD,LMP,LMP_PRC,KERCK1G1_7_B2,ALL,1,134.64401,4,156
2022-09-05T03:45:00-00:00,2022-09-05T04:00:00-00:00,2022-09-04,21,KERCK1G1_7_B2,KERCK1G1_7_B2,KERCK1G1_7_B2,RTPD,LMP,LMP_PRC,KERCK1G1_7_B2,ALL,1,144.24062,4,156
2022-09-05T04:45:00-00:00,2022-09-05T05:00:00-00:00,2022-09-04,22,KERCK1G1_7_B2,KERCK1G1_7_B2,KERCK1G1_7_B2,RTPD,LMP,LMP_PRC,KERCK1G1_7_B2,ALL,1,154.28857,4,156
2022-09-05T05:45:00-00:00,2022-09-05T06:00:00-00:00,2022-09-04,23,KERCK1G1_7_B2,KERCK1G1_7_B2,KERCK1G1_7_B2,RTPD,LMP,LMP_PRC,KERCK1G1_7_B2,ALL,1,112.33762,4,156
2022-09-05T06:45:00-00:00,2022-09-05T07:00:00-00:00,2022-09-04,24,KERCK1G1_7_B2,KERCK1G1_7_B2,KERCK1G1_7_B2,RTPD,LMP,LMP_PRC,KERCK1G1_7_B2,ALL,1,95.65559,4,156
2022-09-04T07:00:00-00:00,2022-09-04T07:15:00-00:00,2022-09-04,01,KERCK1G1_7_B2,KERCK1G1_7_B2,KERCK1G1_7_B2,RTPD,MCC,LMP_CONG_PRC,KERCK1G1_7_B2,ALL,1,2.05577,1,157
2022-09-04T08:00:00-00:00,2022-09-04T08:15:00-00:00,2022-09-04,02,KERCK1G1_7_B2,KERCK1G1_7_B2,KERCK1G1_7_B2,RTPD,MCC,LMP_CONG_PRC,KERCK1G1_7_B2,ALL,1,11.23569,1,157
2022-09-04T09:00:00-00:00,2022-09-04T09:15:00-00:00,2022-09-04,03,KERCK1G1_7_B2,KERCK1G1_7_B2,KERCK1G1_7_B2,RTPD,MCC,LMP_CONG_PRC,KERCK1G1_7_B2,ALL,1,40.32826,1,157
2022-09-04T10:00:00-00:00,2022-09-04T10:15:00-00:00,2022-09-04,04,KERCK1G1_7_B2,KERCK1G1_7_B2,KERCK1G1_7_B2,RTPD,MCC,LMP_CONG_PRC,KERCK1G1_7_B2,ALL,1,18.5885,1,157
2022-09-04T11:00:00-00:00,2022-09-04T11:15:00-00:00,2022-09-04,05,KERCK1G1_7_B2,KERCK1G1_7_B2,KERCK1G1_7_B2,RTPD,MCC,LMP_CONG_PRC,KERCK1G1_7_B2,ALL,1,6.03972,1,157
2022-09-04T12:00:00-00:00,2022-09-04T12:15:00-00:00,2022-09-04,06,KERCK1G1_7_B2,KERCK1G1_7_B2,KERCK1G1_7_B2,RTPD,MCC,LMP_CONG_PRC,KERCK1G1_7_B2,ALL,1,-9.47733,1,157
2022-09-04T13:00:00-00:00,2022-09-04T13:15:00-00:00,2022-09-04,07,KERCK1G1_7_B2,KERCK1G1_7_B2,KERCK1G1_7_B2,RTPD,MCC,LMP_CONG_PRC,KERCK1G1_7_B2,ALL,1,-20.01074,1,157
2022-09-04T14:00:00-00:00,2022-09-04T14:15:00-00:00,2022-09-04,08,KERCK1G1_7_B2,KERCK1G1_7_B2,KERCK1G1_7_B2,RTPD,MCC,LMP_CONG_PRC,KERCK1G1_7_B2,ALL,1,-10.31588,1,157
2022-09-04T15:00:00-00:00,2022-09-04T15:15:00-00:00,2022-09-04,09,KERCK1G1_7_B2,KERCK1G1_7_B2,KERCK1G1_7_B2,RTPD,MCC,LMP_CONG_PRC,KERCK1G1_7_B2,ALL,1,-8.94581,1,157
2022-09-04T16:00:00-00:00,2022-09-04T16:15:00-00:00,2022-09-04,10,KERCK1G1_7_B2,KERCK1G1_7_B2,KERCK1G1_7_B2,RTPD,MCC,LMP_CONG_PRC,KERCK1G1_7_B2,ALL,1,-51.41915,1,157
2022-09-04T17:00:00-00:00,2022-09-04T17:15:00-00:00,2022-09-04,11,KERCK1G1_7_B2,KERCK1G1_7_B2,KERCK1G1_7_B2,RTPD,MCC,LMP_CONG_PRC,KERCK1G1_7_B2,ALL,1,-62.49721,1,157
2022-09-04T18:00:00-00:00,2022-09-04T18:15:00-00:00,2022-09-04,12,KERCK1G1_7_B2,KERCK1G1_7_B2,KERCK1G1_7_B2,RTPD,MCC,LMP_CONG_PRC,KERCK1G1_7_B2,ALL,1,-63.45777,1,157
2022-09-04T19:00:00-00:00,2022-09-04T19:15:00-00:00,2022-09-04,13,KERCK1G1_7_B2,KERCK1G1_7_B2,KERCK1G1_7_B2,RTPD,MCC,LMP_CONG_PRC,KERCK1G1_7_B2,ALL,1,-46.95076,1,157
2022-09-04T20:00:00-00:00,2022-09-04T20:15:00-00:00,2022-09-04,14,KERCK1G1_7_B2,KERCK1G1_7_B2,KERCK1G1_7_B2,RTPD,MCC,LMP_CONG_PRC,KERCK1G1_7_B2,ALL,1,-17.80069,1,157
2022-09-04T21:00:00-00:00,2022-09-04T21:15:00-00:00,2022-09-04,15,KERCK1G1_7_B2,KERCK1G1_7_B2,KERCK1G1_7_B2,RTPD,MCC,LMP_CONG_PRC,KERCK1G1_7_B2,ALL,1,-30.15831,1,157
2022-09-04T22:00:00-00:00,2022-09-04T22:15:00-00:00,2022-09-04,16,KERCK1G1_7_B2,KERCK1G1_7_B2,KERCK1G1_7_B2,RTPD,MCC,LMP_CONG_PRC,KERCK1G1_7_B2,ALL,1,-23.99555,1,157
2022-09-04T23:00:00-00:00,2022-09-04T23:15:00-00:00,2022-09-04,17,KERCK1G1_7_B2,KERCK1G1_7_B2,KERCK1G1_7_B2,RTPD,MCC,LMP_CONG_PRC,KERCK1G1_7_B2,ALL,1,-19.69987,1,157
2022-09-05T00:00:00-00:00,2022-09-05T00:15:00-00:00,2022-09-04,18,KERCK1G1_7_B2,KERCK1G1_7_B2,KERCK1G1_7_B2,RTPD,MCC,LMP_CONG_PRC,KERCK1G1_7_B2,ALL,1,-3.92461,1,157
2022-09-05T01:00:00-00:00,2022-09-05T01:15:00-00:00,2022-09-04,19,KERCK1G1_7_B2,KERCK1G1_7_B2,KERCK1G1_7_B2,RTPD,MCC,LMP_CONG_PRC,KERCK1G1_7_B2,ALL,1,-37.97852,1,157
2022-09-05T02:00:00-00:00,2022-09-05T02:15:00-00:00,2022-09-04,20,KERCK1G1_7_B2,KERCK1G1_7_B2,KERCK1G1_7_B2,RTPD,MCC,LMP_CONG_PRC,KERCK1G1_7_B2,ALL,1,24.71034,1,157
2022-09-05T03:00:00-00:00,2022-09-05T03:15:00-00:00,2022-09-04,21,KERCK1G1_7_B2,KERCK1G1_7_B2,KERCK1G1_7_B2,RTPD,MCC,LMP_CONG_PRC,KERCK1G1_7_B2,ALL,1,856.48773,1,157
2022-09-05T04:00:00-00:00,2022-09-05T04:15:00-00:00,2022-09-04,22,KERCK1G1_7_B2,KERCK1G1_7_B2,KERCK1G1_7_B2,RTPD,MCC,LMP_CONG_PRC,KERCK1G1_7_B2,ALL,1,20.25599,1,157
2022-09-05T05:00:00-00:00,2022-09-05T05:15:00-00:00,2022-09-04,23,KERCK1G1_7_B2,KERCK1G1_7_B2,KERCK1G1_7_B2,RTPD,MCC,LMP_CONG_PRC,KERCK1G1_7_B2,ALL,1,22.6068,1,157
2022-09-05T06:00:00-00:00,2022-09-05T06:15:00-00:00,2022-09-04,24,KERCK1G1_7_B2,KERCK1G1_7_B2,KERCK1G1_7_B2,RTPD,MCC,LMP_CONG_PRC,KERCK1G1_7_B2,ALL,1,13.08386,1,157
2022-09-04T07:15:00-00:00,2022-09-04T07:30:00-00:00,2022-09-04,01,KERCK1G1_7_B2,KERCK1G1_7_B2,KERCK1G1_7_B2,RTPD,MCC,LMP_CONG_PRC,KERCK1G1_7_B2,ALL,1,7.27515,2,157
2022-09-04T08:15:00-00:00,2022-09-04T08:30:00-00:00,2022-09-04,02,KERCK1G1_7_B2,KERCK1G1_7_B2,KERCK1G1_7_B2,RTPD,MCC,LMP_CONG_PRC,KERCK1G1_7_B2,ALL,1,32.43741,2,157
2022-09-04T09:15:00-00:00,2022-09-04T09:30:00-00:00,2022-09-04,03,KERCK1G1_7_B2,KERCK1G1_7_B2,KERCK1G1_7_B2,RTPD,MCC,LMP_CONG_PRC,KERCK1G1_7_B2,ALL,1,21.67214,2,157
2022-09-04T10:15:00-00:00,2022-09-04T10:30:00-00:00,2022-09-04,04,KERCK1G1_7_B2,KERCK1G1_7_B2,KERCK1G1_7_B2,RTPD,MCC,LMP_CONG_PRC,KERCK1G1_7_B2,ALL,1,20.65974,2,157
2022-09-04T11:15:00-00:00,2022-09-04T11:30:00-00:00,2022-09-04,05,KERCK1G1_7_B2,KERCK1G1_7_B2,KERCK1G1_7_B2,RTPD,MCC,LMP_CONG_PRC,KERCK1G1_7_B2,ALL,1,40.67454,2,157
2022-09-04T12:15:00-00:00,2022-09-04T12:30:00-00:00,2022-09-04,06,KERCK1G1_7_B2,KERCK1G1_7_B2,KERCK1G1_7_B2,RTPD,MCC,LMP_CONG_PRC,KERCK1G1_7_B2,ALL,1,-9.42778,2,157
2022-09-04T13:15:00-00:00,2022-09-04T13:30:00-00:00,2022-09-04,07,KERCK1G1_7_B2,KERCK1G1_7_B2,KERCK1G1_7_B2,RTPD,MCC,LMP_CONG_PRC,KERCK1G1_7_B2,ALL,1,-29.57464,2,157
2022-09-04T14:15:00-00:00,2022-09-04T14:30:00-00:00,2022-09-04,08,KERCK1G1_7_B2,KERCK1G1_7_B2,KERCK1G1_7_B2,RTPD,MCC,LMP_CONG_PRC,KERCK1G1_7_B2,ALL,1,-10.36575,2,157
2022-09-04T15:15:00-00:00,2022-09-04T15:30:00-00:00,2022-09-04,09,KERCK1G1_7_B2,KERCK1G1_7_B2,KERCK1G1_7_B2,RTPD,MCC,LMP_CONG_PRC,KERCK1G1_7_B2,ALL,1,-19.10624,2,157
2022-09-04T16:15:00-00:00,2022-09-04T16:30:00-00:00,2022-09-04,10,KERCK1G1_7_B2,KERCK1G1_7_B2,KERCK1G1_7_B2,RTPD,MCC,LMP_CONG_PRC,KERCK1G1_7_B2,ALL,1,-53.16677,2,157
2022-09-04T17:15:00-00:00,2022-09-04T17:30:00-00:00,2022-09-04,11,KERCK1G1_7_B2,KERCK1G1_7_B2,KERCK1G1_7_B2,RTPD,MCC,LMP_CONG_PRC,KERCK1G1_7_B2,ALL,1,-71.74091,2,157
2022-09-04T18:15:00-00:00,2022-09-04T18:30:00-00:00,2022-09-04,12,KERCK1G1_7_B2,KERCK1G1_7_B2,KERCK1G1_7_B2,RTPD,MCC,LMP_CONG_PRC,KERCK1G1_7_B2,ALL,1,-68.61512,2,157
2022-09-04T19:15:00-00:00,2022-09-04T19:30:00-00:00,2022-09-04,13,KERCK1G1_7_B2,KERCK1G1_7_B2,KERCK1G1_7_B2,RTPD,MCC,LMP_CONG_PRC,KERCK1G1_7_B2,ALL,1,-33.93611,2,157
2022-09-04T20:15:00-00:00,2022-09-04T20:30:00-00:00,2022-09-04,14,KERCK1G1_7_B2,KERCK1G1_7_B2,KERCK1G1_7_B2,RTPD,MCC,LMP_CONG_PRC,KERCK1G1_7_B2,ALL,1,-19.62636,2,157
2022-09-04T21:15:00-00:00,2022-09-04T21:30:00-00:00,2022-09-04,15,KERCK1G1_7_B2,KERCK1G1_7_B2,KERCK1G1_7_B2,RTPD,MCC,LMP_CONG_PRC,KERCK1G1_7_B2,ALL,1,-35.2479,2,157
2022-09-04T22:15:00-00:00,2022-09-04T22:30:00-00:00,2022-09-04,16,KERCK1G1_7_B2,KERCK1G1_7_B2,KERCK1G1_7_B2,RTPD,MCC,LMP_CONG_PRC,KERCK1G1_7_B2,ALL,1,-20.56377,2,157
2022-09-04T23:15:00-00:00,2022-09-04T23:30:00-00:00,2022-09-04,17,KERCK1G1_7_B2,KERCK1G1_7_B2,KERCK1G1_7_B2,RTPD,MCC,LMP_CONG_PRC,KERCK1G1_7_B2,ALL,1,-7.54713,2,157
2022-09-05T00:15:00-00:00,2022-09-05T00:30:00-00:00,2022-09-04,18,KERCK1G1_7_B2,KERCK1G1_7_B2,KERCK1G1_7_B2,RTPD,MCC,LMP_CONG_PRC,KERCK1G1_7_B2,ALL,1,-83.36562,2,157
2022-09-05T01:15:00-00:00,2022-09-05T01:30:00-00:00,2022-09-04,19,KERCK1G1_7_B2,KERCK1G1_7_B2,KERCK1G1_7_B2,RTPD,MCC,LMP_CONG_PRC,KERCK1G1_7_B2,ALL,1,-0.15473,2,157
2022-09-05T02:15:00-00:00,2022-09-05T02:30:00-00:00,2022-09-04,20,KERCK1G1_7_B2,KERCK1G1_7_B2,KERCK1G1_7_B2,RTPD,MCC,LMP_CONG_PRC,KERCK1G1_7_B2,ALL,1,38.06385,2,157
2022-09-05T03:15:00-00:00,2022-09-05T03:30:00-00:00,2022-09-04,21,KERCK1G1_7_B2,KERCK1G1_7_B2,KERCK1G1_7_B2,RTPD,MCC,LMP_CONG_PRC,KERCK1G1_7_B2,ALL,1,839.8884,2,157
2022-09-05T04:15:00-00:00,2022-09-05T04:30:00-00:00,2022-09-04,22,KERCK1G1_7_B2,KERCK1G1_7_B2,KERCK1G1_7_B2,RTPD,MCC,LMP_CONG_PRC,KERCK1G1_7_B2,ALL,1,16.50276,2,157
2022-09-05T05:15:00-00:00,2022-09-05T05:30:00-00:00,2022-09-04,23,KERCK1G1_7_B2,KERCK1G1_7_B2,KERCK1G1_7_B2,RTPD,MCC,LMP_CONG_PRC,KERCK1G1_7_B2,ALL,1,22.96694,2,157
2022-09-05T06:15:00-00:00,2022-09-05T06:30:00-00:00,2022-09-04,24,KERCK1G1_7_B2,KERCK1G1_7_B2,KERCK1G1_7_B2,RTPD,MCC,LMP_CONG_PRC,KERCK1G1_7_B2,ALL,1,12.65226,2,157
2022-09-04T07:30:00-00:00,2022-09-04T07:45:00-00:00,2022-09-04,01,KERCK1G1_7_B2,KERCK1G1_7_B2,KERCK1G1_7_B2,RTPD,MCC,LMP_CONG_PRC,KERCK1G1_7_B2,ALL,1,3.59677,3,157
2022-09-04T08:30:00-00:00,2022-09-04T08:45:00-00:00,2022-09-04,02,KERCK1G1_7_B2,KERCK1G1_7_B2,KERCK1G1_7_B2,RTPD,MCC,LMP_CONG_PRC,KERCK1G1_7_B2,ALL,1,40.65116,3,157
2022-09-04T09:30:00-00:00,2022-09-04T09:45:00-00:00,2022-09-04,03,KERCK1G1_7_B2,KERCK1G1_7_B2,KERCK1G1_7_B2,RTPD,MCC,LMP_CONG_PRC,KERCK1G1_7_B2,ALL,1,14.74974,3,157
2022-09-04T10:30:00-00:00,2022-09-04T10:45:00-00:00,2022-09-04,04,KERCK1G1_7_B2,KERCK1G1_7_B2,KERCK1G1_7_B2,RTPD,MCC,LMP_CONG_PRC,KERCK1G1_7_B2,ALL,1,30.63558,3,157
2022-09-04T11:30:00-00:00,2022-09-04T11:45:00-00:00,2022-09-04,05,KERCK1G1_7_B2,KERCK1G1_7_B2,KERCK1G1_7_B2,RTPD,MCC,LMP_CONG_PRC,KERCK1G1_7_B2,ALL,1,41.09608,3,157
2022-09-04T12:30:00-00:00,2022-09-04T12:45:00-00:00,2022-09-04,06,KERCK1G1_7_B2,KERCK1G1_7_B2,KERCK1G1_7_B2,RTPD,MCC,LMP_CONG_PRC,KERCK1G1_7_B2,ALL,1,-10.30898,3,157
2022-09-04T13:30:00-00:00,2022-09-04T13:45:00-00:00,2022-09-04,07,KERCK1G1_7_B2,KERCK1G1_7_B2,KERCK1G1_7_B2,RTPD,MCC,LMP_CONG_PRC,KERCK1G1_7_B2,ALL,1,-35.25595,3,157
2022-09-04T14:30:00-00:00,2022-09-04T14:45:00-00:00,2022-09-04,08,KERCK1G1_7_B2,KERCK1G1_7_B2,KERCK1G1_7_B2,RTPD,MCC,LMP_CONG_PRC,KERCK1G1_7_B2,ALL,1,-8.50651,3,157
2022-09-04T15:30:00-00:00,2022-09-04T15:45:00-00:00,2022-09-04,09,KERCK1G1_7_B2,KERCK1G1_7_B2,KERCK1G1_7_B2,RTPD,MCC,LMP_CONG_PRC,KERCK1G1_7_B2,ALL,1,-22.69619,3,157
2022-09-04T16:30:00-00:00,2022-09-04T16:45:00-00:00,2022-09-04,10,KERCK1G1_7_B2,KERCK1G1_7_B2,KERCK1G1_7_B2,RTPD,MCC,LMP_CONG_PRC,KERCK1G1_7_B2,ALL,1,-54.12695,3,157
2022-09-04T17:30:00-00:00,2022-09-04T17:45:00-00:00,2022-09-04,11,KERCK1G1_7_B2,KERCK1G1_7_B2,KERCK1G1_7_B2,RTPD,MCC,LMP_CONG_PRC,KERCK1G1_7_B2,ALL,1,-72.15237,3,157
2022-09-04T18:30:00-00:00,2022-09-04T18:45:00-00:00,2022-09-04,12,KERCK1G1_7_B2,KERCK1G1_7_B2,KERCK1G1_7_B2,RTPD,MCC,LMP_CONG_PRC,KERCK1G1_7_B2,ALL,1,-32.60756,3,157
2022-09-04T19:30:00-00:00,2022-09-04T19:45:00-00:00,2022-09-04,13,KERCK1G1_7_B2,KERCK1G1_7_B2,KERCK1G1_7_B2,RTPD,MCC,LMP_CONG_PRC,KERCK1G1_7_B2,ALL,1,-37.46701,3,157
2022-09-04T20:30:00-00:00,2022-09-04T20:45:00-00:00,2022-09-04,14,KERCK1G1_7_B2,KERCK1G1_7_B2,KERCK1G1_7_B2,RTPD,MCC,LMP_CONG_PRC,KERCK1G1_7_B2,ALL,1,-39.85688,3,157
2022-09-04T21:30:00-00:00,2022-09-04T21:45:00-00:00,2022-09-04,15,KERCK1G1_7_B2,KERCK1G1_7_B2,KERCK1G1_7_B2,RTPD,MCC,LMP_CONG_PRC,KERCK1G1_7_B2,ALL,1,-27.22195,3,157
2022-09-04T22:30:00-00:00,2022-09-04T22:45:00-00:00,2022-09-04,16,KERCK1G1_7_B2,KERCK1G1_7_B2,KERCK1G1_7_B2,RTPD,MCC,LMP_CONG_PRC,KERCK1G1_7_B2,ALL,1,-18.91291,3,157
2022-09-04T23:30:00-00:00,2022-09-04T23:45:00-00:00,2022-09-04,17,KERCK1G1_7_B2,KERCK1G1_7_B2,KERCK1G1_7_B2,RTPD,MCC,LMP_CONG_PRC,KERCK1G1_7_B2,ALL,1,-10.51184,3,157
2022-09-05T00:30:00-00:00,2022-09-05T00:45:00-00:00,2022-09-04,18,KERCK1G1_7_B2,KERCK1G1_7_B2,KERCK1G1_7_B2,RTPD,MCC,LMP_CONG_PRC,KERCK1G1_7_B2,ALL,1,-36.00761,3,157
2022-09-05T01:30:00-00:00,2022-09-05T01:45:00-00:00,2022-09-04,19,KERCK1G1_7_B2,KERCK1G1_7_B2,KERCK1G1_7_B2,RTPD,MCC,LMP_CONG_PRC,KERCK1G1_7_B2,ALL,1,397.32785,3,157
2022-09-05T02:30:00-00:00,2022-09-05T02:45:00-00:00,2022-09-04,20,KERCK1G1_7_B2,KERCK1G1_7_B2,KERCK1G1_7_B2,RTPD,MCC,LMP_CONG_PRC,KERCK1G1_7_B2,ALL,1,14.78609,3,157
2022-09-05T03:30:00-00:00,2022-09-05T03:45:00-00:00,2022-09-04,21,KERCK1G1_7_B2,KERCK1G1_7_B2,KERCK1G1_7_B2,RTPD,MCC,LMP_CONG_PRC,KERCK1G1_7_B2,ALL,1,688.5175,3,157
2022-09-05T04:30:00-00:00,2022-09-05T04:45:00-00:00,2022-09-04,22,KERCK1G1_7_B2,KERCK1G1_7_B2,KERCK1G1_7_B2,RTPD,MCC,LMP_CONG_PRC,KERCK1G1_7_B2,ALL,1,18.2857,3,157
2022-09-05T05:30:00-00:00,2022-09-05T05:45:00-00:00,2022-09-04,23,KERCK1G1_7_B2,KERCK1G1_7_B2,KERCK1G1_7_B2,RTPD,MCC,LMP_CONG_PRC,KERCK1G1_7_B2,ALL,1,15.32059,3,157
2022-09-05T06:30:00-00:00,2022-09-05T06:45:00-00:00,2022-09-04,24,KERCK1G1_7_B2,KERCK1G1_7_B2,KERCK1G1_7_B2,RTPD,MCC,LMP_CONG_PRC,KERCK1G1_7_B2,ALL,1,4.09743,3,157
2022-09-04T07:45:00-00:00,2022-09-04T08:00:00-00:00,2022-09-04,01,KERCK1G1_7_B2,KERCK1G1_7_B2,KERCK1G1_7_B2,RTPD,MCC,LMP_CONG_PRC,KERCK1G1_7_B2,ALL,1,51.37909,4,157
2022-09-04T08:45:00-00:00,2022-09-04T09:00:00-00:00,2022-09-04,02,KERCK1G1_7_B2,KERCK1G1_7_B2,KERCK1G1_7_B2,RTPD,MCC,LMP_CONG_PRC,KERCK1G1_7_B2,ALL,1,41.28787,4,157
2022-09-04T09:45:00-00:00,2022-09-04T10:00:00-00:00,2022-09-04,03,KERCK1G1_7_B2,KERCK1G1_7_B2,KERCK1G1_7_B2,RTPD,MCC,LMP_CONG_PRC,KERCK1G1_7_B2,ALL,1,15.84578,4,157
2022-09-04T10:45:00-00:00,2022-09-04T11:00:00-00:00,2022-09-04,04,KERCK1G1_7_B2,KERCK1G1_7_B2,KERCK1G1_7_B2,RTPD,MCC,LMP_CONG_PRC,KERCK1G1_7_B2,ALL,1,8.44512,4,157
2022-09-04T11:45:00-00:00,2022-09-04T12:00:00-00:00,2022-09-04,05,KERCK1G1_7_B2,KERCK1G1_7_B2,KERCK1G1_7_B2,RTPD,MCC,LMP_CONG_PRC,KERCK1G1_7_B2,ALL,1,-8.15872,4,157
2022-09-04T12:45:00-00:00,2022-09-04T13:00:00-00:00,2022-09-04,06,KERCK1G1_7_B2,KERCK1G1_7_B2,KERCK1G1_7_B2,RTPD,MCC,LMP_CONG_PRC,KERCK1G1_7_B2,ALL,1,-11.52432,4,157
2022-09-04T13:45:00-00:00,2022-09-04T14:00:00-00:00,2022-09-04,07,KERCK1G1_7_B2,KERCK1G1_7_B2,KERCK1G1_7_B2,RTPD,MCC,LMP_CONG_PRC,KERCK1G1_7_B2,ALL,1,-32.70785,4,157
2022-09-04T14:45:00-00:00,2022-09-04T15:00:00-00:00,2022-09-04,08,KERCK1G1_7_B2,KERCK1G1_7_B2,KERCK1G1_7_B2,RTPD,MCC,LMP_CONG_PRC,KERCK1G1_7_B2,ALL,1,-21.15715,4,157
2022-09-04T15:45:00-00:00,2022-09-04T16:00:00-00:00,2022-09-04,09,KERCK1G1_7_B2,KERCK1G1_7_B2,KERCK1G1_7_B2,RTPD,MCC,LMP_CONG_PRC,KERCK1G1_7_B2,ALL,1,-40.91558,4,157
2022-09-04T16:45:00-00:00,2022-09-04T17:00:00-00:00,2022-09-04,10,KERCK1G1_7_B2,KERCK1G1_7_B2,KERCK1G1_7_B2,RTPD,MCC,LMP_CONG_PRC,KERCK1G1_7_B2,ALL,1,-58.55226,4,157
2022-09-04T17:45:00-00:00,2022-09-04T18:00:00-00:00,2022-09-04,11,KERCK1G1_7_B2,KERCK1G1_7_B2,KERCK1G1_7_B2,RTPD,MCC,LMP_CONG_PRC,KERCK1G1_7_B2,ALL,1,-82.48192,4,157
2022-09-04T18:45:00-00:00,2022-09-04T19:00:00-00:00,2022-09-04,12,KERCK1G1_7_B2,KERCK1G1_7_B2,KERCK1G1_7_B2,RTPD,MCC,LMP_CONG_PRC,KERCK1G1_7_B2,ALL,1,-27.72703,4,157
2022-09-04T19:45:00-00:00,2022-09-04T20:00:00-00:00,2022-09-04,13,KERCK1G1_7_B2,KERCK1G1_7_B2,KERCK1G1_7_B2,RTPD,MCC,LMP_CONG_PRC,KERCK1G1_7_B2,ALL,1,-53.20311,4,157
2022-09-04T20:45:00-00:00,2022-09-04T21:00:00-00:00,2022-09-04,14,KERCK1G1_7_B2,KERCK1G1_7_B2,KERCK1G1_7_B2,RTPD,MCC,LMP_CONG_PRC,KERCK1G1_7_B2,ALL,1,-33.15561,4,157
2022-09-04T21:45:00-00:00,2022-09-04T22:00:00-00:00,2022-09-04,15,KERCK1G1_7_B2,KERCK1G1_7_B2,KERCK1G1_7_B2,RTPD,MCC,LMP_CONG_PRC,KERCK1G1_7_B2,ALL,1,-61.24881,4,157
2022-09-04T22:45:00-00:00,2022-09-04T23:00:00-00:00,2022-09-04,16,KERCK1G1_7_B2,KERCK1G1_7_B2,KERCK1G1_7_B2,RTPD,MCC,LMP_CONG_PRC,KERCK1G1_7_B2,ALL,1,-21.44522,4,157
2022-09-04T23:45:00-00:00,2022-09-05T00:00:00-00:00,2022-09-04,17,KERCK1G1_7_B2,KERCK1G1_7_B2,KERCK1G1_7_B2,RTPD,MCC,LMP_CONG_PRC,KERCK1G1_7_B2,ALL,1,-38.54834,4,157
2022-09-05T00:45:00-00:00,2022-09-05T01:00:00-00:00,2022-09-04,18,KERCK1G1_7_B2,KERCK1G1_7_B2,KERCK1G1_7_B2,RTPD,MCC,LMP_CONG_PRC,KERCK1G1_7_B2,ALL,1,-188.46692,4,157
2022-09-05T01:45:00-00:00,2022-09-05T02:00:00-00:00,2022-09-04,19,KERCK1G1_7_B2,KERCK1G1_7_B2,KERCK1G1_7_B2,RTPD,MCC,LMP_CONG_PRC,KERCK1G1_7_B2,ALL,1,344.74286,4,157
2022-09-05T02:45:00-00:00,2022-09-05T03:00:00-00:00,2022-09-04,20,KERCK1G1_7_B2,KERCK1G1_7_B2,KERCK1G1_7_B2,RTPD,MCC,LMP_CONG_PRC,KERCK1G1_7_B2,ALL,1,11.05622,4,157
2022-09-05T03:45:00-00:00,2022-09-05T04:00:00-00:00,2022-09-04,21,KERCK1G1_7_B2,KERCK1G1_7_B2,KERCK1G1_7_B2,RTPD,MCC,LMP_CONG_PRC,KERCK1G1_7_B2,ALL,1,16.44315,4,157
2022-09-05T04:45:00-00:00,2022-09-05T05:00:00-00:00,2022-09-04,22,KERCK1G1_7_B2,KERCK1G1_7_B2,KERCK1G1_7_B2,RTPD,MCC,LMP_CONG_PRC,KERCK1G1_7_B2,ALL,1,28.64126,4,157
2022-09-05T05:45:00-00:00,2022-09-05T06:00:00-00:00,2022-09-04,23,KERCK1G1_7_B2,KERCK1G1_7_B2,KERCK1G1_7_B2,RTPD,MCC,LMP_CONG_PRC,KERCK1G1_7_B2,ALL,1,7.06144,4,157
2022-09-05T06:45:00-00:00,2022-09-05T07:00:00-00:00,2022-09-04,24,KERCK1G1_7_B2,KERCK1G1_7_B2,KERCK1G1_7_B2,RTPD,MCC,LMP_CONG_PRC,KERCK1G1_7_B2,ALL,1,0.27383,4,157
2022-09-04T07:00:00-00:00,2022-09-04T07:15:00-00:00,2022-09-04,01,KERCK1G1_7_B2,KERCK1G1_7_B2,KERCK1G1_7_B2,RTPD,MCE,LMP_ENE_PRC,KERCK1G1_7_B2,ALL,1,105.77126,1,158
2022-09-04T08:00:00-00:00,2022-09-04T08:15:00-00:00,2022-09-04,02,KERCK1G1_7_B2,KERCK1G1_7_B2,KERCK1G1_7_B2,RTPD,MCE,LMP_ENE_PRC,KERCK1G1_7_B2,ALL,1,97.44538,1,158
2022-09-04T09:00:00-00:00,2022-09-04T09:15:00-00:00,2022-09-04,03,KERCK1G1_7_B2,KERCK1G1_7_B2,KERCK1G1_7_B2,RTPD,MCE,LMP_ENE_PRC,KERCK1G1_7_B2,ALL,1,87.9271,1,158
2022-09-04T10:00:00-00:00,2022-09-04T10:15:00-00:00,2022-09-04,04,KERCK1G1_7_B2,KERCK1G1_7_B2,KERCK1G1_7_B2,RTPD,MCE,LMP_ENE_PRC,KERCK1G1_7_B2,ALL,1,88.48894,1,158
2022-09-04T11:00:00-00:00,2022-09-04T11:15:00-00:00,2022-09-04,05,KERCK1G1_7_B2,KERCK1G1_7_B2,KERCK1G1_7_B2,RTPD,MCE,LMP_ENE_PRC,KERCK1G1_7_B2,ALL,1,82.79075,1,158
2022-09-04T12:00:00-00:00,2022-09-04T12:15:00-00:00,2022-09-04,06,KERCK1G1_7_B2,KERCK1G1_7_B2,KERCK1G1_7_B2,RTPD,MCE,LMP_ENE_PRC,KERCK1G1_7_B2,ALL,1,83.24035,1,158
2022-09-04T13:00:00-00:00,2022-09-04T13:15:00-00:00,2022-09-04,07,KERCK1G1_7_B2,KERCK1G1_7_B2,KERCK1G1_7_B2,RTPD,MCE,LMP_ENE_PRC,KERCK1G1_7_B2,ALL,1,75.91539,1,158
2022-09-04T14:00:00-00:00,2022-09-04T14:15:00-00:00,2022-09-04,08,KERCK1G1_7_B2,KERCK1G1_7_B2,KERCK1G1_7_B2,RTPD,MCE,LMP_ENE_PRC,KERCK1G1_7_B2,ALL,1,82.51639,1,158
2022-09-04T15:00:00-00:00,2022-09-04T15:15:00-00:00,2022-09-04,09,KERCK1G1_7_B2,KERCK1G1_7_B2,KERCK1G1_7_B2,RTPD,MCE,LMP_ENE_PRC,KERCK1G1_7_B2,ALL,1,74.24878,1,158
2022-09-04T16:00:00-00:00,2022-09-04T16:15:00-00:00,2022-09-04,10,KERCK1G1_7_B2,KERCK1G1_7_B2,KERCK1G1_7_B2,RTPD,MCE,LMP_ENE_PRC,KERCK1G1_7_B2,ALL,1,50.67669,1,158
2022-09-04T17:00:00-00:00,2022-09-04T17:15:00-00:00,2022-09-04,11,KERCK1G1_7_B2,KERCK1G1_7_B2,KERCK1G1_7_B2,RTPD,MCE,LMP_ENE_PRC,KERCK1G1_7_B2,ALL,1,59.2544,1,158
2022-09-04T18:00:00-00:00,2022-09-04T18:15:00-00:00,2022-09-04,12,KERCK1G1_7_B2,KERCK1G1_7_B2,KERCK1G1_7_B2,RTPD,MCE,LMP_ENE_PRC,KERCK1G1_7_B2,ALL,1,65.61656,1,158
2022-09-04T19:00:00-00:00,2022-09-04T19:15:00-00:00,2022-09-04,13,KERCK1G1_7_B2,KERCK1G1_7_B2,KERCK1G1_7_B2,RTPD,MCE,LMP_ENE_PRC,KERCK1G1_7_B2,ALL,1,76.33065,1,158
2022-09-04T20:00:00-00:00,2022-09-04T20:15:00-00:00,2022-09-04,14,KERCK1G1_7_B2,KERCK1G1_7_B2,KERCK1G1_7_B2,RTPD,MCE,LMP_ENE_PRC,KERCK1G1_7_B2,ALL,1,87.37588,1,158
2022-09-04T21:00:00-00:00,2022-09-04T21:15:00-00:00,2022-09-04,15,KERCK1G1_7_B2,KERCK1G1_7_B2,KERCK1G1_7_B2,RTPD,MCE,LMP_ENE_PRC,KERCK1G1_7_B2,ALL,1,101.84583,1,158
2022-09-04T22:00:00-00:00,2022-09-04T22:15:00-00:00,2022-09-04,16,KERCK1G1_7_B2,KERCK1G1_7_B2,KERCK1G1_7_B2,RTPD,MCE,LMP_ENE_PRC,KERCK1G1_7_B2,ALL,1,102.30289,1,158
2022-09-04T23:00:00-00:00,2022-09-04T23:15:00-00:00,2022-09-04,17,KERCK1G1_7_B2,KERCK1G1_7_B2,KERCK1G1_7_B2,RTPD,MCE,LMP_ENE_PRC,KERCK1G1_7_B2,ALL,1,105.66165,1,158
2022-09-05T00:00:00-00:00,2022-09-05T00:15:00-00:00,2022-09-04,18,KERCK1G1_7_B2,KERCK1G1_7_B2,KERCK1G1_7_B2,RTPD,MCE,LMP_ENE_PRC,KERCK1G1_7_B2,ALL,1,110.52872,1,158
2022-09-05T01:00:00-00:00,2022-09-05T01:15:00-00:00,2022-09-04,19,KERCK1G1_7_B2,KERCK1G1_7_B2,KERCK1G1_7_B2,RTPD,MCE,LMP_ENE_PRC,KERCK1G1_7_B2,ALL,1,160.46742,1,158
2022-09-05T02:00:00-00:00,2022-09-05T02:15:00-00:00,2022-09-04,20,KERCK1G1_7_B2,KERCK1G1_7_B2,KERCK1G1_7_B2,RTPD,MCE,LMP_ENE_PRC,KERCK1G1_7_B2,ALL,1,133.17627,1,158
2022-09-05T03:00:00-00:00,2022-09-05T03:15:00-00:00,2022-09-04,21,KERCK1G1_7_B2,KERCK1G1_7_B2,KERCK1G1_7_B2,RTPD,MCE,LMP_ENE_PRC,KERCK1G1_7_B2,ALL,1,137.62802,1,158
2022-09-05T04:00:00-00:00,2022-09-05T04:15:00-00:00,2022-09-04,22,KERCK1G1_7_B2,KERCK1G1_7_B2,KERCK1G1_7_B2,RTPD,MCE,LMP_ENE_PRC,KERCK1G1_7_B2,ALL,1,121.32223,1,158
2022-09-05T05:00:00-00:00,2022-09-05T05:15:00-00:00,2022-09-04,23,KERCK1G1_7_B2,KERCK1G1_7_B2,KERCK1G1_7_B2,RTPD,MCE,LMP_ENE_PRC,KERCK1G1_7_B2,ALL,1,138.27702,1,158
2022-09-05T06:00:00-00:00,2022-09-05T06:15:00-00:00,2022-09-04,24,KERCK1G1_7_B2,KERCK1G1_7_B2,KERCK1G1_7_B2,RTPD,MCE,LMP_ENE_PRC,KERCK1G1_7_B2,ALL,1,126.47824,1,158
2022-09-04T07:15:00-00:00,2022-09-04T07:30:00-00:00,2022-09-04,01,KERCK1G1_7_B2,KERCK1G1_7_B2,KERCK1G1_7_B2,RTPD,MCE,LMP_ENE_PRC,KERCK1G1_7_B2,ALL,1,98.33878,2,158
2022-09-04T08:15:00-00:00,2022-09-04T08:30:00-00:00,2022-09-04,02,KERCK1G1_7_B2,KERCK1G1_7_B2,KERCK1G1_7_B2,RTPD,MCE,LMP_ENE_PRC,KERCK1G1_7_B2,ALL,1,96.4335,2,158
2022-09-04T09:15:00-00:00,2022-09-04T09:30:00-00:00,2022-09-04,03,KERCK1G1_7_B2,KERCK1G1_7_B2,KERCK1G1_7_B2,RTPD,MCE,LMP_ENE_PRC,KERCK1G1_7_B2,ALL,1,85.33245,2,158
2022-09-04T10:15:00-00:00,2022-09-04T10:30:00-00:00,2022-09-04,04,KERCK1G1_7_B2,KERCK1G1_7_B2,KERCK1G1_7_B2,RTPD,MCE,LMP_ENE_PRC,KERCK1G1_7_B2,ALL,1,86.06959,2,158
2022-09-04T11:15:00-00:00,2022-09-04T11:30:00-00:00,2022-09-04,05,KERCK1G1_7_B2,KERCK1G1_7_B2,KERCK1G1_7_B2,RTPD,MCE,LMP_ENE_PRC,KERCK1G1_7_B2,ALL,1,82.18044,2,158
2022-09-04T12:15:00-00:00,2022-09-04T12:30:00-00:00,2022-09-04,06,KERCK1G1_7_B2,KERCK1G1_7_B2,KERCK1G1_7_B2,RTPD,MCE,LMP_ENE_PRC,KERCK1G1_7_B2,ALL,1,83.35782,2,158
2022-09-04T13:15:00-00:00,2022-09-04T13:30:00-00:00,2022-09-04,07,KERCK1G1_7_B2,KERCK1G1_7_B2,KERCK1G1_7_B2,RTPD,MCE,LMP_ENE_PRC,KERCK1G1_7_B2,ALL,1,70.93534,2,158
2022-09-04T14:15:00-00:00,2022-09-04T14:30:00-00:00,2022-09-04,08,KERCK1G1_7_B2,KERCK1G1_7_B2,KERCK1G1_7_B2,RTPD,MCE,LMP_ENE_PRC,KERCK1G1_7_B2,ALL,1,76.97029,2,158
2022-09-04T15:15:00-00:00,2022-09-04T15:30:00-00:00,2022-09-04,09,KERCK1G1_7_B2,KERCK1G1_7_B2,KERCK1G1_7_B2,RTPD,MCE,LMP_ENE_PRC,KERCK1G1_7_B2,ALL,1,66.57465,2,158
2022-09-04T16:15:00-00:00,2022-09-04T16:30:00-00:00,2022-09-04,10,KERCK1G1_7_B2,KERCK1G1_7_B2,KERCK1G1_7_B2,RTPD,MCE,LMP_ENE_PRC,KERCK1G1_7_B2,ALL,1,52.1482,2,158
2022-09-04T17:15:00-00:00,2022-09-04T17:30:00-00:00,2022-09-04,11,KERCK1G1_7_B2,KERCK1G1_7_B2,KERCK1G1_7_B2,RTPD,MCE,LMP_ENE_PRC,KERCK1G1_7_B2,ALL,1,69.2657,2,158
2022-09-04T18:15:00-00:00,2022-09-04T18:30:00-00:00,2022-09-04,12,KERCK1G1_7_B2,KERCK1G1_7_B2,KERCK1G1_7_B2,RTPD,MCE,LMP_ENE_PRC,KERCK1G1_7_B2,ALL,1,73.93472,2,158
2022-09-04T19:15:00-00:00,2022-09-04T19:30:00-00:00,2022-09-04,13,KERCK1G1_7_B2,KERCK1G1_7_B2,KERCK1G1_7_B2,RTPD,MCE,LMP_ENE_PRC,KERCK1G1_7_B2,ALL,1,86.63525,2,158
2022-09-04T20:15:00-00:00,2022-09-04T20:30:00-00:00,2022-09-04,14,KERCK1G1_7_B2,KERCK1G1_7_B2,KERCK1G1_7_B2,RTPD,MCE,LMP_ENE_PRC,KERCK1G1_7_B2,ALL,1,89.19764,2,158
2022-09-04T21:15:00-00:00,2022-09-04T21:30:00-00:00,2022-09-04,15,KERCK1G1_7_B2,KERCK1G1_7_B2,KERCK1G1_7_B2,RTPD,MCE,LMP_ENE_PRC,KERCK1G1_7_B2,ALL,1,111.99711,2,158
2022-09-04T22:15:00-00:00,2022-09-04T22:30:00-00:00,2022-09-04,16,KERCK1G1_7_B2,KERCK1G1_7_B2,KERCK1G1_7_B2,RTPD,MCE,LMP_ENE_PRC,KERCK1G1_7_B2,ALL,1,105.68133,2,158
2022-09-04T23:15:00-00:00,2022-09-04T23:30:00-00:00,2022-09-04,17,KERCK1G1_7_B2,KERCK1G1_7_B2,KERCK1G1_7_B2,RTPD,MCE,LMP_ENE_PRC,KERCK1G1_7_B2,ALL,1,106.64397,2,158
2022-09-05T00:15:00-00:00,2022-09-05T00:30:00-00:00,2022-09-04,18,KERCK1G1_7_B2,KERCK1G1_7_B2,KERCK1G1_7_B2,RTPD,MCE,LMP_ENE_PRC,KERCK1G1_7_B2,ALL,1,185.7071,2,158
2022-09-05T01:15:00-00:00,2022-09-05T01:30:00-00:00,2022-09-04,19,KERCK1G1_7_B2,KERCK1G1_7_B2,KERCK1G1_7_B2,RTPD,MCE,LMP_ENE_PRC,KERCK1G1_7_B2,ALL,1,283.75967,2,158
2022-09-05T02:15:00-00:00,2022-09-05T02:30:00-00:00,2022-09-04,20,KERCK1G1_7_B2,KERCK1G1_7_B2,KERCK1G1_7_B2,RTPD,MCE,LMP_ENE_PRC,KERCK1G1_7_B2,ALL,1,138.21387,2,158
2022-09-05T03:15:00-00:00,2022-09-05T03:30:00-00:00,2022-09-04,21,KERCK1G1_7_B2,KERCK1G1_7_B2,KERCK1G1_7_B2,RTPD,MCE,LMP_ENE_PRC,KERCK1G1_7_B2,ALL,1,125.70521,2,158
2022-09-05T04:15:00-00:00,2022-09-05T04:30:00-00:00,2022-09-04,22,KERCK1G1_7_B2,KERCK1G1_7_B2,KERCK1G1_7_B2,RTPD,MCE,LMP_ENE_PRC,KERCK1G1_7_B2,ALL,1,118.54421,2,158
2022-09-05T05:15:00-00:00,2022-09-05T05:30:00-00:00,2022-09-04,23,KERCK1G1_7_B2,KERCK1G1_7_B2,KERCK1G1_7_B2,RTPD,MCE,LMP_ENE_PRC,KERCK1G1_7_B2,ALL,1,140.66483,2,158
2022-09-05T06:15:00-00:00,2022-09-05T06:30:00-00:00,2022-09-04,24,KERCK1G1_7_B2,KERCK1G1_7_B2,KERCK1G1_7_B2,RTPD,MCE,LMP_ENE_PRC,KERCK1G1_7_B2,ALL,1,115.0785,2,158
2022-09-04T07:30:00-00:00,2022-09-04T07:45:00-00:00,2022-09-04,01,KERCK1G1_7_B2,KERCK1G1_7_B2,KERCK1G1_7_B2,RTPD,MCE,LMP_ENE_PRC,KERCK1G1_7_B2,ALL,1,93.67897,3,158
2022-09-04T08:30:00-00:00,2022-09-04T08:45:00-00:00,2022-09-04,02,KERCK1G1_7_B2,KERCK1G1_7_B2,KERCK1G1_7_B2,RTPD,MCE,LMP_ENE_PRC,KERCK1G1_7_B2,ALL,1,89.3153,3,158
2022-09-04T09:30:00-00:00,2022-09-04T09:45:00-00:00,2022-09-04,03,KERCK1G1_7_B2,KERCK1G1_7_B2,KERCK1G1_7_B2,RTPD,MCE,LMP_ENE_PRC,KERCK1G1_7_B2,ALL,1,82.76979,3,158
2022-09-04T10:30:00-00:00,2022-09-04T10:45:00-00:00,2022-09-04,04,KERCK1G1_7_B2,KERCK1G1_7_B2,KERCK1G1_7_B2,RTPD,MCE,LMP_ENE_PRC,KERCK1G1_7_B2,ALL,1,85.2941,3,158
2022-09-04T11:30:00-00:00,2022-09-04T11:45:00-00:00,2022-09-04,05,KERCK1G1_7_B2,KERCK1G1_7_B2,KERCK1G1_7_B2,RTPD,MCE,LMP_ENE_PRC,KERCK1G1_7_B2,ALL,1,81.7171,3,158
2022-09-04T12:30:00-00:00,2022-09-04T12:45:00-00:00,2022-09-04,06,KERCK1G1_7_B2,KERCK1G1_7_B2,KERCK1G1_7_B2,RTPD,MCE,LMP_ENE_PRC,KERCK1G1_7_B2,ALL,1,83.26354,3,158
2022-09-04T13:30:00-00:00,2022-09-04T13:45:00-00:00,2022-09-04,07,KERCK1G1_7_B2,KERCK1G1_7_B2,KERCK1G1_7_B2,RTPD,MCE,LMP_ENE_PRC,KERCK1G1_7_B2,ALL,1,69.8817,3,158
2022-09-04T14:30:00-00:00,2022-09-04T14:45:00-00:00,2022-09-04,08,KERCK1G1_7_B2,KERCK1G1_7_B2,KERCK1G1_7_B2,RTPD,MCE,LMP_ENE_PRC,KERCK1G1_7_B2,ALL,1,74.54818,3,158
2022-09-04T15:30:00-00:00,2022-09-04T15:45:00-00:00,2022-09-04,09,KERCK1G1_7_B2,KERCK1G1_7_B2,KERCK1G1_7_B2,RTPD,MCE,LMP_ENE_PRC,KERCK1G1_7_B2,ALL,1,58.25037,3,158
2022-09-04T16:30:00-00:00,2022-09-04T16:45:00-00:00,2022-09-04,10,KERCK1G1_7_B2,KERCK1G1_7_B2,KERCK1G1_7_B2,RTPD,MCE,LMP_ENE_PRC,KERCK1G1_7_B2,ALL,1,54.84481,3,158
2022-09-04T17:30:00-00:00,2022-09-04T17:45:00-00:00,2022-09-04,11,KERCK1G1_7_B2,KERCK1G1_7_B2,KERCK1G1_7_B2,RTPD,MCE,LMP_ENE_PRC,KERCK1G1_7_B2,ALL,1,69.84671,3,158
2022-09-04T18:30:00-00:00,2022-09-04T18:45:00-00:00,2022-09-04,12,KERCK1G1_7_B2,KERCK1G1_7_B2,KERCK1G1_7_B2,RTPD,MCE,LMP_ENE_PRC,KERCK1G1_7_B2,ALL,1,86.95818,3,158
2022-09-04T19:30:00-00:00,2022-09-04T19:45:00-00:00,2022-09-04,13,KERCK1G1_7_B2,KERCK1G1_7_B2,KERCK1G1_7_B2,RTPD,MCE,LMP_ENE_PRC,KERCK1G1_7_B2,ALL,1,102.56183,3,158
2022-09-04T20:30:00-00:00,2022-09-04T20:45:00-00:00,2022-09-04,14,KERCK1G1_7_B2,KERCK1G1_7_B2,KERCK1G1_7_B2,RTPD,MCE,LMP_ENE_PRC,KERCK1G1_7_B2,ALL,1,107.67463,3,158
2022-09-04T21:30:00-00:00,2022-09-04T21:45:00-00:00,2022-09-04,15,KERCK1G1_7_B2,KERCK1G1_7_B2,KERCK1G1_7_B2,RTPD,MCE,LMP_ENE_PRC,KERCK1G1_7_B2,ALL,1,108.01974,3,158
2022-09-04T22:30:00-00:00,2022-09-04T22:45:00-00:00,2022-09-04,16,KERCK1G1_7_B2,KERCK1G1_7_B2,KERCK1G1_7_B2,RTPD,MCE,LMP_ENE_PRC,KERCK1G1_7_B2,ALL,1,114.08273,3,158
2022-09-04T23:30:00-00:00,2022-09-04T23:45:00-00:00,2022-09-04,17,KERCK1G1_7_B2,KERCK1G1_7_B2,KERCK1G1_7_B2,RTPD,MCE,LMP_ENE_PRC,KERCK1G1_7_B2,ALL,1,113.23912,3,158
2022-09-05T00:30:00-00:00,2022-09-05T00:45:00-00:00,2022-09-04,18,KERCK1G1_7_B2,KERCK1G1_7_B2,KERCK1G1_7_B2,RTPD,MCE,LMP_ENE_PRC,KERCK1G1_7_B2,ALL,1,146.1893,3,158
2022-09-05T01:30:00-00:00,2022-09-05T01:45:00-00:00,2022-09-04,19,KERCK1G1_7_B2,KERCK1G1_7_B2,KERCK1G1_7_B2,RTPD,MCE,LMP_ENE_PRC,KERCK1G1_7_B2,ALL,1,899.31366,3,158
2022-09-05T02:30:00-00:00,2022-09-05T02:45:00-00:00,2022-09-04,20,KERCK1G1_7_B2,KERCK1G1_7_B2,KERCK1G1_7_B2,RTPD,MCE,LMP_ENE_PRC,KERCK1G1_7_B2,ALL,1,124.31294,3,158
2022-09-05T03:30:00-00:00,2022-09-05T03:45:00-00:00,2022-09-04,21,KERCK1G1_7_B2,KERCK1G1_7_B2,KERCK1G1_7_B2,RTPD,MCE,LMP_ENE_PRC,KERCK1G1_7_B2,ALL,1,120.65321,3,158
2022-09-05T04:30:00-00:00,2022-09-05T04:45:00-00:00,2022-09-04,22,KERCK1G1_7_B2,KERCK1G1_7_B2,KERCK1G1_7_B2,RTPD,MCE,LMP_ENE_PRC,KERCK1G1_7_B2,ALL,1,117.97055,3,158
2022-09-05T05:30:00-00:00,2022-09-05T05:45:00-00:00,2022-09-04,23,KERCK1G1_7_B2,KERCK1G1_7_B2,KERCK1G1_7_B2,RTPD,MCE,LMP_ENE_PRC,KERCK1G1_7_B2,ALL,1,123.73156,3,158
2022-09-05T06:30:00-00:00,2022-09-05T06:45:00-00:00,2022-09-04,24,KERCK1G1_7_B2,KERCK1G1_7_B2,KERCK1G1_7_B2,RTPD,MCE,LMP_ENE_PRC,KERCK1G1_7_B2,ALL,1,91.1478,3,158
2022-09-04T07:45:00-00:00,2022-09-04T08:00:00-00:00,2022-09-04,01,KERCK1G1_7_B2,KERCK1G1_7_B2,KERCK1G1_7_B2,RTPD,MCE,LMP_ENE_PRC,KERCK1G1_7_B2,ALL,1,84.62068,4,158
2022-09-04T08:45:00-00:00,2022-09-04T09:00:00-00:00,2022-09-04,02,KERCK1G1_7_B2,KERCK1G1_7_B2,KERCK1G1_7_B2,RTPD,MCE,LMP_ENE_PRC,KERCK1G1_7_B2,ALL,1,80.89122,4,158
2022-09-04T09:45:00-00:00,2022-09-04T10:00:00-00:00,2022-09-04,03,KERCK1G1_7_B2,KERCK1G1_7_B2,KERCK1G1_7_B2,RTPD,MCE,LMP_ENE_PRC,KERCK1G1_7_B2,ALL,1,77.90501,4,158
2022-09-04T10:45:00-00:00,2022-09-04T11:00:00-00:00,2022-09-04,04,KERCK1G1_7_B2,KERCK1G1_7_B2,KERCK1G1_7_B2,RTPD,MCE,LMP_ENE_PRC,KERCK1G1_7_B2,ALL,1,80.46249,4,158
2022-09-04T11:45:00-00:00,2022-09-04T12:00:00-00:00,2022-09-04,05,KERCK1G1_7_B2,KERCK1G1_7_B2,KERCK1G1_7_B2,RTPD,MCE,LMP_ENE_PRC,KERCK1G1_7_B2,ALL,1,79.81742,4,158
2022-09-04T12:45:00-00:00,2022-09-04T13:00:00-00:00,2022-09-04,06,KERCK1G1_7_B2,KERCK1G1_7_B2,KERCK1G1_7_B2,RTPD,MCE,LMP_ENE_PRC,KERCK1G1_7_B2,ALL,1,81.5519,4,158
2022-09-04T13:45:00-00:00,2022-09-04T14:00:00-00:00,2022-09-04,07,KERCK1G1_7_B2,KERCK1G1_7_B2,KERCK1G1_7_B2,RTPD,MCE,LMP_ENE_PRC,KERCK1G1_7_B2,ALL,1,60.75904,4,158
2022-09-04T14:45:00-00:00,2022-09-04T15:00:00-00:00,2022-09-04,08,KERCK1G1_7_B2,KERCK1G1_7_B2,KERCK1G1_7_B2,RTPD,MCE,LMP_ENE_PRC,KERCK1G1_7_B2,ALL,1,53.37606,4,158
2022-09-04T15:45:00-00:00,2022-09-04T16:00:00-00:00,2022-09-04,09,KERCK1G1_7_B2,KERCK1G1_7_B2,KERCK1G1_7_B2,RTPD,MCE,LMP_ENE_PRC,KERCK1G1_7_B2,ALL,1,41.51812,4,158
2022-09-04T16:45:00-00:00,2022-09-04T17:00:00-00:00,2022-09-04,10,KERCK1G1_7_B2,KERCK1G1_7_B2,KERCK1G1_7_B2,RTPD,MCE,LMP_ENE_PRC,KERCK1G1_7_B2,ALL,1,56.27322,4,158
2022-09-04T17:45:00-00:00,2022-09-04T18:00:00-00:00,2022-09-04,11,KERCK1G1_7_B2,KERCK1G1_7_B2,KERCK1G1_7_B2,RTPD,MCE,LMP_ENE_PRC,KERCK1G1_7_B2,ALL,1,80.41392,4,158
2022-09-04T18:45:00-00:00,2022-09-04T19:00:00-00:00,2022-09-04,12,KERCK1G1_7_B2,KERCK1G1_7_B2,KERCK1G1_7_B2,RTPD,MCE,LMP_ENE_PRC,KERCK1G1_7_B2,ALL,1,91.88616,4,158
2022-09-04T19:45:00-00:00,2022-09-04T20:00:00-00:00,2022-09-04,13,KERCK1G1_7_B2,KERCK1G1_7_B2,KERCK1G1_7_B2,RTPD,MCE,LMP_ENE_PRC,KERCK1G1_7_B2,ALL,1,99.49507,4,158
2022-09-04T20:45:00-00:00,2022-09-04T21:00:00-00:00,2022-09-04,14,KERCK1G1_7_B2,KERCK1G1_7_B2,KERCK1G1_7_B2,RTPD,MCE,LMP_ENE_PRC,KERCK1G1_7_B2,ALL,1,111.03904,4,158
2022-09-04T21:45:00-00:00,2022-09-04T22:00:00-00:00,2022-09-04,15,KERCK1G1_7_B2,KERCK1G1_7_B2,KERCK1G1_7_B2,RTPD,MCE,LMP_ENE_PRC,KERCK1G1_7_B2,ALL,1,139.43553,4,158
2022-09-04T22:45:00-00:00,2022-09-04T23:00:00-00:00,2022-09-04,16,KERCK1G1_7_B2,KERCK1G1_7_B2,KERCK1G1_7_B2,RTPD,MCE,LMP_ENE_PRC,KERCK1G1_7_B2,ALL,1,143.70679,4,158
2022-09-04T23:45:00-00:00,2022-09-05T00:00:00-00:00,2022-09-04,17,KERCK1G1_7_B2,KERCK1G1_7_B2,KERCK1G1_7_B2,RTPD,MCE,LMP_ENE_PRC,KERCK1G1_7_B2,ALL,1,173.92435,4,158
2022-09-05T00:45:00-00:00,2022-09-05T01:00:00-00:00,2022-09-04,18,KERCK1G1_7_B2,KERCK1G1_7_B2,KERCK1G1_7_B2,RTPD,MCE,LMP_ENE_PRC,KERCK1G1_7_B2,ALL,1,342.64575,4,158
2022-09-05T01:45:00-00:00,2022-09-05T02:00:00-00:00,2022-09-04,19,KERCK1G1_7_B2,KERCK1G1_7_B2,KERCK1G1_7_B2,RTPD,MCE,LMP_ENE_PRC,KERCK1G1_7_B2,ALL,1,793.1877,4,158
2022-09-05T02:45:00-00:00,2022-09-05T03:00:00-00:00,2022-09-04,20,KERCK1G1_7_B2,KERCK1G1_7_B2,KERCK1G1_7_B2,RTPD,MCE,LMP_ENE_PRC,KERCK1G1_7_B2,ALL,1,113.80091,4,158
2022-09-05T03:45:00-00:00,2022-09-05T04:00:00-00:00,2022-09-04,21,KERCK1G1_7_B2,KERCK1G1_7_B2,KERCK1G1_7_B2,RTPD,MCE,LMP_ENE_PRC,KERCK1G1_7_B2,ALL,1,108.55133,4,158
2022-09-05T04:45:00-00:00,2022-09-05T05:00:00-00:00,2022-09-04,22,KERCK1G1_7_B2,KERCK1G1_7_B2,KERCK1G1_7_B2,RTPD,MCE,LMP_ENE_PRC,KERCK1G1_7_B2,ALL,1,109.13516,4,158
2022-09-05T05:45:00-00:00,2022-09-05T06:00:00-00:00,2022-09-04,23,KERCK1G1_7_B2,KERCK1G1_7_B2,KERCK1G1_7_B2,RTPD,MCE,LMP_ENE_PRC,KERCK1G1_7_B2,ALL,1,95.38478,4,158
2022-09-05T06:45:00-00:00,2022-09-05T07:00:00-00:00,2022-09-04,24,KERCK1G1_7_B2,KERCK1G1_7_B2,KERCK1G1_7_B2,RTPD,MCE,LMP_ENE_PRC,KERCK1G1_7_B2,ALL,1,84.93478,4,158
2022-09-04T07:00:00-00:00,2022-09-04T07:15:00-00:00,2022-09-04,01,KERCK1G1_7_B2,KERCK1G1_7_B2,KERCK1G1_7_B2,RTPD,MCL,LMP_LOSS_PRC,KERCK1G1_7_B2,ALL,1,13.22141,1,159
2022-09-04T08:00:00-00:00,2022-09-04T08:15:00-00:00,2022-09-04,02,KERCK1G1_7_B2,KERCK1G1_7_B2,KERCK1G1_7_B2,RTPD,MCL,LMP_LOSS_PRC,KERCK1G1_7_B2,ALL,1,0,1,159
2022-09-04T09:00:00-00:00,2022-09-04T09:15:00-00:00,2022-09-04,03,KERCK1G1_7_B2,KERCK1G1_7_B2,KERCK1G1_7_B2,RTPD,MCL,LMP_LOSS_PRC,KERCK1G1_7_B2,ALL,1,0,1,159
2022-09-04T10:00:00-00:00,2022-09-04T10:15:00-00:00,2022-09-04,04,KERCK1G1_7_B2,KERCK1G1_7_B2,KERCK1G1_7_B2,RTPD,MCL,LMP_LOSS_PRC,KERCK1G1_7_B2,ALL,1,11.99025,1,159
2022-09-04T11:00:00-00:00,2022-09-04T11:15:00-00:00,2022-09-04,05,KERCK1G1_7_B2,KERCK1G1_7_B2,KERCK1G1_7_B2,RTPD,MCL,LMP_LOSS_PRC,KERCK1G1_7_B2,ALL,1,10.43991,1,159
2022-09-04T12:00:00-00:00,2022-09-04T12:15:00-00:00,2022-09-04,06,KERCK1G1_7_B2,KERCK1G1_7_B2,KERCK1G1_7_B2,RTPD,MCL,LMP_LOSS_PRC,KERCK1G1_7_B2,ALL,1,10.55488,1,159
2022-09-04T13:00:00-00:00,2022-09-04T13:15:00-00:00,2022-09-04,07,KERCK1G1_7_B2,KERCK1G1_7_B2,KERCK1G1_7_B2,RTPD,MCL,LMP_LOSS_PRC,KERCK1G1_7_B2,ALL,1,9.0643,1,159
2022-09-04T14:00:00-00:00,2022-09-04T14:15:00-00:00,2022-09-04,08,KERCK1G1_7_B2,KERCK1G1_7_B2,KERCK1G1_7_B2,RTPD,MCL,LMP_LOSS_PRC,KERCK1G1_7_B2,ALL,1,11.49453,1,159
2022-09-04T15:00:00-00:00,2022-09-04T15:15:00-00:00,2022-09-04,09,KERCK1G1_7_B2,KERCK1G1_7_B2,KERCK1G1_7_B2,RTPD,MCL,LMP_LOSS_PRC,KERCK1G1_7_B2,ALL,1,8.72423,1,159
2022-09-04T16:00:00-00:00,2022-09-04T16:15:00-00:00,2022-09-04,10,KERCK1G1_7_B2,KERCK1G1_7_B2,KERCK1G1_7_B2,RTPD,MCL,LMP_LOSS_PRC,KERCK1G1_7_B2,ALL,1,3.74501,1,159
2022-09-04T17:00:00-00:00,2022-09-04T17:15:00-00:00,2022-09-04,11,KERCK1G1_7_B2,KERCK1G1_7_B2,KERCK1G1_7_B2,RTPD,MCL,LMP_LOSS_PRC,KERCK1G1_7_B2,ALL,1,3.69155,1,159
2022-09-04T18:00:00-00:00,2022-09-04T18:15:00-00:00,2022-09-04,12,KERCK1G1_7_B2,KERCK1G1_7_B2,KERCK1G1_7_B2,RTPD,MCL,LMP_LOSS_PRC,KERCK1G1_7_B2,ALL,1,3.17584,1,159
2022-09-04T19:00:00-00:00,2022-09-04T19:15:00-00:00,2022-09-04,13,KERCK1G1_7_B2,KERCK1G1_7_B2,KERCK1G1_7_B2,RTPD,MCL,LMP_LOSS_PRC,KERCK1G1_7_B2,ALL,1,3.46541,1,159
2022-09-04T20:00:00-00:00,2022-09-04T20:15:00-00:00,2022-09-04,14,KERCK1G1_7_B2,KERCK1G1_7_B2,KERCK1G1_7_B2,RTPD,MCL,LMP_LOSS_PRC,KERCK1G1_7_B2,ALL,1,6.51824,1,159
2022-09-04T21:00:00-00:00,2022-09-04T21:15:00-00:00,2022-09-04,15,KERCK1G1_7_B2,KERCK1G1_7_B2,KERCK1G1_7_B2,RTPD,MCL,LMP_LOSS_PRC,KERCK1G1_7_B2,ALL,1,2.46467,1,159
2022-09-04T22:00:00-00:00,2022-09-04T22:15:00-00:00,2022-09-04,16,KERCK1G1_7_B2,KERCK1G1_7_B2,KERCK1G1_7_B2,RTPD,MCL,LMP_LOSS_PRC,KERCK1G1_7_B2,ALL,1,3.38623,1,159
2022-09-04T23:00:00-00:00,2022-09-04T23:15:00-00:00,2022-09-04,17,KERCK1G1_7_B2,KERCK1G1_7_B2,KERCK1G1_7_B2,RTPD,MCL,LMP_LOSS_PRC,KERCK1G1_7_B2,ALL,1,0,1,159
2022-09-05T00:00:00-00:00,2022-09-05T00:15:00-00:00,2022-09-04,18,KERCK1G1_7_B2,KERCK1G1_7_B2,KERCK1G1_7_B2,RTPD,MCL,LMP_LOSS_PRC,KERCK1G1_7_B2,ALL,1,9.49442,1,159
2022-09-05T01:00:00-00:00,2022-09-05T01:15:00-00:00,2022-09-04,19,KERCK1G1_7_B2,KERCK1G1_7_B2,KERCK1G1_7_B2,RTPD,MCL,LMP_LOSS_PRC,KERCK1G1_7_B2,ALL,1,16.91327,1,159
2022-09-05T02:00:00-00:00,2022-09-05T02:15:00-00:00,2022-09-04,20,KERCK1G1_7_B2,KERCK1G1_7_B2,KERCK1G1_7_B2,RTPD,MCL,LMP_LOSS_PRC,KERCK1G1_7_B2,ALL,1,12.7716,1,159
2022-09-05T03:00:00-00:00,2022-09-05T03:15:00-00:00,2022-09-04,21,KERCK1G1_7_B2,KERCK1G1_7_B2,KERCK1G1_7_B2,RTPD,MCL,LMP_LOSS_PRC,KERCK1G1_7_B2,ALL,1,32.53526,1,159
2022-09-05T04:00:00-00:00,2022-09-05T04:15:00-00:00,2022-09-04,22,KERCK1G1_7_B2,KERCK1G1_7_B2,KERCK1G1_7_B2,RTPD,MCL,LMP_LOSS_PRC,KERCK1G1_7_B2,ALL,1,21.14646,1,159
2022-09-05T05:00:00-00:00,2022-09-05T05:15:00-00:00,2022-09-04,23,KERCK1G1_7_B2,KERCK1G1_7_B2,KERCK1G1_7_B2,RTPD,MCL,LMP_LOSS_PRC,KERCK1G1_7_B2,ALL,1,18.34936,1,159
2022-09-05T06:00:00-00:00,2022-09-05T06:15:00-00:00,2022-09-04,24,KERCK1G1_7_B2,KERCK1G1_7_B2,KERCK1G1_7_B2,RTPD,MCL,LMP_LOSS_PRC,KERCK1G1_7_B2,ALL,1,18.8832,1,159
2022-09-04T07:15:00-00:00,2022-09-04T07:30:00-00:00,2022-09-04,01,KERCK1G1_7_B2,KERCK1G1_7_B2,KERCK1G1_7_B2,RTPD,MCL,LMP_LOSS_PRC,KERCK1G1_7_B2,ALL,1,12.30218,2,159
2022-09-04T08:15:00-00:00,2022-09-04T08:30:00-00:00,2022-09-04,02,KERCK1G1_7_B2,KERCK1G1_7_B2,KERCK1G1_7_B2,RTPD,MCL,LMP_LOSS_PRC,KERCK1G1_7_B2,ALL,1,0,2,159
2022-09-04T09:15:00-00:00,2022-09-04T09:30:00-00:00,2022-09-04,03,KERCK1G1_7_B2,KERCK1G1_7_B2,KERCK1G1_7_B2,RTPD,MCL,LMP_LOSS_PRC,KERCK1G1_7_B2,ALL,1,0,2,159
2022-09-04T10:15:00-00:00,2022-09-04T10:30:00-00:00,2022-09-04,04,KERCK1G1_7_B2,KERCK1G1_7_B2,KERCK1G1_7_B2,RTPD,MCL,LMP_LOSS_PRC,KERCK1G1_7_B2,ALL,1,11.5075,2,159
2022-09-04T11:15:00-00:00,2022-09-04T11:30:00-00:00,2022-09-04,05,KERCK1G1_7_B2,KERCK1G1_7_B2,KERCK1G1_7_B2,RTPD,MCL,LMP_LOSS_PRC,KERCK1G1_7_B2,ALL,1,10.37117,2,159
2022-09-04T12:15:00-00:00,2022-09-04T12:30:00-00:00,2022-09-04,06,KERCK1G1_7_B2,KERCK1G1_7_B2,KERCK1G1_7_B2,RTPD,MCL,LMP_LOSS_PRC,KERCK1G1_7_B2,ALL,1,10.27802,2,159
2022-09-04T13:15:00-00:00,2022-09-04T13:30:00-00:00,2022-09-04,07,KERCK1G1_7_B2,KERCK1G1_7_B2,KERCK1G1_7_B2,RTPD,MCL,LMP_LOSS_PRC,KERCK1G1_7_B2,ALL,1,8.61864,2,159
2022-09-04T14:15:00-00:00,2022-09-04T14:30:00-00:00,2022-09-04,08,KERCK1G1_7_B2,KERCK1G1_7_B2,KERCK1G1_7_B2,RTPD,MCL,LMP_LOSS_PRC,KERCK1G1_7_B2,ALL,1,9.96765,2,159
2022-09-04T15:15:00-00:00,2022-09-04T15:30:00-00:00,2022-09-04,09,KERCK1G1_7_B2,KERCK1G1_7_B2,KERCK1G1_7_B2,RTPD,MCL,LMP_LOSS_PRC,KERCK1G1_7_B2,ALL,1,7.12349,2,159
2022-09-04T16:15:00-00:00,2022-09-04T16:30:00-00:00,2022-09-04,10,KERCK1G1_7_B2,KERCK1G1_7_B2,KERCK1G1_7_B2,RTPD,MCL,LMP_LOSS_PRC,KERCK1G1_7_B2,ALL,1,3.8694,2,159
2022-09-04T17:15:00-00:00,2022-09-04T17:30:00-00:00,2022-09-04,11,KERCK1G1_7_B2,KERCK1G1_7_B2,KERCK1G1_7_B2,RTPD,MCL,LMP_LOSS_PRC,KERCK1G1_7_B2,ALL,1,4.52998,2,159
2022-09-04T18:15:00-00:00,2022-09-04T18:30:00-00:00,2022-09-04,12,KERCK1G1_7_B2,KERCK1G1_7_B2,KERCK1G1_7_B2,RTPD,MCL,LMP_LOSS_PRC,KERCK1G1_7_B2,ALL,1,3.36403,2,159
2022-09-04T19:15:00-00:00,2022-09-04T19:30:00-00:00,2022-09-04,13,KERCK1G1_7_B2,KERCK1G1_7_B2,KERCK1G1_7_B2,RTPD,MCL,LMP_LOSS_PRC,KERCK1G1_7_B2,ALL,1,3.85527,2,159
2022-09-04T20:15:00-00:00,2022-09-04T20:30:00-00:00,2022-09-04,14,KERCK1G1_7_B2,KERCK1G1_7_B2,KERCK1G1_7_B2,RTPD,MCL,LMP_LOSS_PRC,KERCK1G1_7_B2,ALL,1,4.54016,2,159
2022-09-04T21:15:00-00:00,2022-09-04T21:30:00-00:00,2022-09-04,15,KERCK1G1_7_B2,KERCK1G1_7_B2,KERCK1G1_7_B2,RTPD,MCL,LMP_LOSS_PRC,KERCK1G1_7_B2,ALL,1,2.55353,2,159
2022-09-04T22:15:00-00:00,2022-09-04T22:30:00-00:00,2022-09-04,16,KERCK1G1_7_B2,KERCK1G1_7_B2,KERCK1G1_7_B2,RTPD,MCL,LMP_LOSS_PRC,KERCK1G1_7_B2,ALL,1,3.96305,2,159
2022-09-04T23:15:00-00:00,2022-09-04T23:30:00-00:00,2022-09-04,17,KERCK1G1_7_B2,KERCK1G1_7_B2,KERCK1G1_7_B2,RTPD,MCL,LMP_LOSS_PRC,KERCK1G1_7_B2,ALL,1,0,2,159
2022-09-05T00:15:00-00:00,2022-09-05T00:30:00-00:00,2022-09-04,18,KERCK1G1_7_B2,KERCK1G1_7_B2,KERCK1G1_7_B2,RTPD,MCL,LMP_LOSS_PRC,KERCK1G1_7_B2,ALL,1,18.01359,2,159
2022-09-05T01:15:00-00:00,2022-09-05T01:30:00-00:00,2022-09-04,19,KERCK1G1_7_B2,KERCK1G1_7_B2,KERCK1G1_7_B2,RTPD,MCL,LMP_LOSS_PRC,KERCK1G1_7_B2,ALL,1,28.40434,2,159
2022-09-05T02:15:00-00:00,2022-09-05T02:30:00-00:00,2022-09-04,20,KERCK1G1_7_B2,KERCK1G1_7_B2,KERCK1G1_7_B2,RTPD,MCL,LMP_LOSS_PRC,KERCK1G1_7_B2,ALL,1,13.86285,2,159
2022-09-05T03:15:00-00:00,2022-09-05T03:30:00-00:00,2022-09-04,21,KERCK1G1_7_B2,KERCK1G1_7_B2,KERCK1G1_7_B2,RTPD,MCL,LMP_LOSS_PRC,KERCK1G1_7_B2,ALL,1,28.18311,2,159
2022-09-05T04:15:00-00:00,2022-09-05T04:30:00-00:00,2022-09-04,22,KERCK1G1_7_B2,KERCK1G1_7_B2,KERCK1G1_7_B2,RTPD,MCL,LMP_LOSS_PRC,KERCK1G1_7_B2,ALL,1,21.83584,2,159
2022-09-05T05:15:00-00:00,2022-09-05T05:30:00-00:00,2022-09-04,23,KERCK1G1_7_B2,KERCK1G1_7_B2,KERCK1G1_7_B2,RTPD,MCL,LMP_LOSS_PRC,KERCK1G1_7_B2,ALL,1,17.56904,2,159
2022-09-05T06:15:00-00:00,2022-09-05T06:30:00-00:00,2022-09-04,24,KERCK1G1_7_B2,KERCK1G1_7_B2,KERCK1G1_7_B2,RTPD,MCL,LMP_LOSS_PRC,KERCK1G1_7_B2,ALL,1,16.54829,2,159
2022-09-04T07:30:00-00:00,2022-09-04T07:45:00-00:00,2022-09-04,01,KERCK1G1_7_B2,KERCK1G1_7_B2,KERCK1G1_7_B2,RTPD,MCL,LMP_LOSS_PRC,KERCK1G1_7_B2,ALL,1,11.6724,3,159
2022-09-04T08:30:00-00:00,2022-09-04T08:45:00-00:00,2022-09-04,02,KERCK1G1_7_B2,KERCK1G1_7_B2,KERCK1G1_7_B2,RTPD,MCL,LMP_LOSS_PRC,KERCK1G1_7_B2,ALL,1,0,3,159
2022-09-04T09:30:00-00:00,2022-09-04T09:45:00-00:00,2022-09-04,03,KERCK1G1_7_B2,KERCK1G1_7_B2,KERCK1G1_7_B2,RTPD,MCL,LMP_LOSS_PRC,KERCK1G1_7_B2,ALL,1,0,3,159
2022-09-04T10:30:00-00:00,2022-09-04T10:45:00-00:00,2022-09-04,04,KERCK1G1_7_B2,KERCK1G1_7_B2,KERCK1G1_7_B2,RTPD,MCL,LMP_LOSS_PRC,KERCK1G1_7_B2,ALL,1,11.33559,3,159
2022-09-04T11:30:00-00:00,2022-09-04T11:45:00-00:00,2022-09-04,05,KERCK1G1_7_B2,KERCK1G1_7_B2,KERCK1G1_7_B2,RTPD,MCL,LMP_LOSS_PRC,KERCK1G1_7_B2,ALL,1,10.21464,3,159
2022-09-04T12:30:00-00:00,2022-09-04T12:45:00-00:00,2022-09-04,06,KERCK1G1_7_B2,KERCK1G1_7_B2,KERCK1G1_7_B2,RTPD,MCL,LMP_LOSS_PRC,KERCK1G1_7_B2,ALL,1,10.26639,3,159
2022-09-04T13:30:00-00:00,2022-09-04T13:45:00-00:00,2022-09-04,07,KERCK1G1_7_B2,KERCK1G1_7_B2,KERCK1G1_7_B2,RTPD,MCL,LMP_LOSS_PRC,KERCK1G1_7_B2,ALL,1,8.37882,3,159
2022-09-04T14:30:00-00:00,2022-09-04T14:45:00-00:00,2022-09-04,08,KERCK1G1_7_B2,KERCK1G1_7_B2,KERCK1G1_7_B2,RTPD,MCL,LMP_LOSS_PRC,KERCK1G1_7_B2,ALL,1,9.87018,3,159
2022-09-04T15:30:00-00:00,2022-09-04T15:45:00-00:00,2022-09-04,09,KERCK1G1_7_B2,KERCK1G1_7_B2,KERCK1G1_7_B2,RTPD,MCL,LMP_LOSS_PRC,KERCK1G1_7_B2,ALL,1,5.74349,3,159
2022-09-04T16:30:00-00:00,2022-09-04T16:45:00-00:00,2022-09-04,10,KERCK1G1_7_B2,KERCK1G1_7_B2,KERCK1G1_7_B2,RTPD,MCL,LMP_LOSS_PRC,KERCK1G1_7_B2,ALL,1,3.9598,3,159
2022-09-04T17:30:00-00:00,2022-09-04T17:45:00-00:00,2022-09-04,11,KERCK1G1_7_B2,KERCK1G1_7_B2,KERCK1G1_7_B2,RTPD,MCL,LMP_LOSS_PRC,KERCK1G1_7_B2,ALL,1,4.84736,3,159
2022-09-04T18:30:00-00:00,2022-09-04T18:45:00-00:00,2022-09-04,12,KERCK1G1_7_B2,KERCK1G1_7_B2,KERCK1G1_7_B2,RTPD,MCL,LMP_LOSS_PRC,KERCK1G1_7_B2,ALL,1,3.79138,3,159
2022-09-04T19:30:00-00:00,2022-09-04T19:45:00-00:00,2022-09-04,13,KERCK1G1_7_B2,KERCK1G1_7_B2,KERCK1G1_7_B2,RTPD,MCL,LMP_LOSS_PRC,KERCK1G1_7_B2,ALL,1,4.9845,3,159
2022-09-04T20:30:00-00:00,2022-09-04T20:45:00-00:00,2022-09-04,14,KERCK1G1_7_B2,KERCK1G1_7_B2,KERCK1G1_7_B2,RTPD,MCL,LMP_LOSS_PRC,KERCK1G1_7_B2,ALL,1,3.96243,3,159
2022-09-04T21:30:00-00:00,2022-09-04T21:45:00-00:00,2022-09-04,15,KERCK1G1_7_B2,KERCK1G1_7_B2,KERCK1G1_7_B2,RTPD,MCL,LMP_LOSS_PRC,KERCK1G1_7_B2,ALL,1,2.52766,3,159
2022-09-04T22:30:00-00:00,2022-09-04T22:45:00-00:00,2022-09-04,16,KERCK1G1_7_B2,KERCK1G1_7_B2,KERCK1G1_7_B2,RTPD,MCL,LMP_LOSS_PRC,KERCK1G1_7_B2,ALL,1,4.44923,3,159
2022-09-04T23:30:00-00:00,2022-09-04T23:45:00-00:00,2022-09-04,17,KERCK1G1_7_B2,KERCK1G1_7_B2,KERCK1G1_7_B2,RTPD,MCL,LMP_LOSS_PRC,KERCK1G1_7_B2,ALL,1,0,3,159
2022-09-05T00:30:00-00:00,2022-09-05T00:45:00-00:00,2022-09-04,18,KERCK1G1_7_B2,KERCK1G1_7_B2,KERCK1G1_7_B2,RTPD,MCL,LMP_LOSS_PRC,KERCK1G1_7_B2,ALL,1,14.58969,3,159
2022-09-05T01:30:00-00:00,2022-09-05T01:45:00-00:00,2022-09-04,19,KERCK1G1_7_B2,KERCK1G1_7_B2,KERCK1G1_7_B2,RTPD,MCL,LMP_LOSS_PRC,KERCK1G1_7_B2,ALL,1,98.02519,3,159
2022-09-05T02:30:00-00:00,2022-09-05T02:45:00-00:00,2022-09-04,20,KERCK1G1_7_B2,KERCK1G1_7_B2,KERCK1G1_7_B2,RTPD,MCL,LMP_LOSS_PRC,KERCK1G1_7_B2,ALL,1,12.12051,3,159
2022-09-05T03:30:00-00:00,2022-09-05T03:45:00-00:00,2022-09-04,21,KERCK1G1_7_B2,KERCK1G1_7_B2,KERCK1G1_7_B2,RTPD,MCL,LMP_LOSS_PRC,KERCK1G1_7_B2,ALL,1,25.96457,3,159
2022-09-05T04:30:00-00:00,2022-09-05T04:45:00-00:00,2022-09-04,22,KERCK1G1_7_B2,KERCK1G1_7_B2,KERCK1G1_7_B2,RTPD,MCL,LMP_LOSS_PRC,KERCK1G1_7_B2,ALL,1,20.96337,3,159
2022-09-05T05:30:00-00:00,2022-09-05T05:45:00-00:00,2022-09-04,23,KERCK1G1_7_B2,KERCK1G1_7_B2,KERCK1G1_7_B2,RTPD,MCL,LMP_LOSS_PRC,KERCK1G1_7_B2,ALL,1,14.72406,3,159
2022-09-05T06:30:00-00:00,2022-09-05T06:45:00-00:00,2022-09-04,24,KERCK1G1_7_B2,KERCK1G1_7_B2,KERCK1G1_7_B2,RTPD,MCL,LMP_LOSS_PRC,KERCK1G1_7_B2,ALL,1,12.76981,3,159
2022-09-04T07:45:00-00:00,2022-09-04T08:00:00-00:00,2022-09-04,01,KERCK1G1_7_B2,KERCK1G1_7_B2,KERCK1G1_7_B2,RTPD,MCL,LMP_LOSS_PRC,KERCK1G1_7_B2,ALL,1,0,4,159
2022-09-04T08:45:00-00:00,2022-09-04T09:00:00-00:00,2022-09-04,02,KERCK1G1_7_B2,KERCK1G1_7_B2,KERCK1G1_7_B2,RTPD,MCL,LMP_LOSS_PRC,KERCK1G1_7_B2,ALL,1,11.60789,4,159
2022-09-04T09:45:00-00:00,2022-09-04T10:00:00-00:00,2022-09-04,03,KERCK1G1_7_B2,KERCK1G1_7_B2,KERCK1G1_7_B2,RTPD,MCL,LMP_LOSS_PRC,KERCK1G1_7_B2,ALL,1,10.8288,4,159
2022-09-04T10:45:00-00:00,2022-09-04T11:00:00-00:00,2022-09-04,04,KERCK1G1_7_B2,KERCK1G1_7_B2,KERCK1G1_7_B2,RTPD,MCL,LMP_LOSS_PRC,KERCK1G1_7_B2,ALL,1,10.09,4,159
2022-09-04T11:45:00-00:00,2022-09-04T12:00:00-00:00,2022-09-04,05,KERCK1G1_7_B2,KERCK1G1_7_B2,KERCK1G1_7_B2,RTPD,MCL,LMP_LOSS_PRC,KERCK1G1_7_B2,ALL,1,9.57011,4,159
2022-09-04T12:45:00-00:00,2022-09-04T13:00:00-00:00,2022-09-04,06,KERCK1G1_7_B2,KERCK1G1_7_B2,KERCK1G1_7_B2,RTPD,MCL,LMP_LOSS_PRC,KERCK1G1_7_B2,ALL,1,9.54973,4,159
2022-09-04T13:45:00-00:00,2022-09-04T14:00:00-00:00,2022-09-04,07,KERCK1G1_7_B2,KERCK1G1_7_B2,KERCK1G1_7_B2,RTPD,MCL,LMP_LOSS_PRC,KERCK1G1_7_B2,ALL,1,6.89615,4,159
2022-09-04T14:45:00-00:00,2022-09-04T15:00:00-00:00,2022-09-04,08,KERCK1G1_7_B2,KERCK1G1_7_B2,KERCK1G1_7_B2,RTPD,MCL,LMP_LOSS_PRC,KERCK1G1_7_B2,ALL,1,5.95677,4,159
2022-09-04T15:45:00-00:00,2022-09-04T16:00:00-00:00,2022-09-04,09,KERCK1G1_7_B2,KERCK1G1_7_B2,KERCK1G1_7_B2,RTPD,MCL,LMP_LOSS_PRC,KERCK1G1_7_B2,ALL,1,3.85703,4,159
2022-09-04T16:45:00-00:00,2022-09-04T17:00:00-00:00,2022-09-04,10,KERCK1G1_7_B2,KERCK1G1_7_B2,KERCK1G1_7_B2,RTPD,MCL,LMP_LOSS_PRC,KERCK1G1_7_B2,ALL,1,3.52833,4,159
2022-09-04T17:45:00-00:00,2022-09-04T18:00:00-00:00,2022-09-04,11,KERCK1G1_7_B2,KERCK1G1_7_B2,KERCK1G1_7_B2,RTPD,MCL,LMP_LOSS_PRC,KERCK1G1_7_B2,ALL,1,4.73638,4,159
2022-09-04T18:45:00-00:00,2022-09-04T19:00:00-00:00,2022-09-04,12,KERCK1G1_7_B2,KERCK1G1_7_B2,KERCK1G1_7_B2,RTPD,MCL,LMP_LOSS_PRC,KERCK1G1_7_B2,ALL,1,4.69538,4,159
2022-09-04T19:45:00-00:00,2022-09-04T20:00:00-00:00,2022-09-04,13,KERCK1G1_7_B2,KERCK1G1_7_B2,KERCK1G1_7_B2,RTPD,MCL,LMP_LOSS_PRC,KERCK1G1_7_B2,ALL,1,5.18369,4,159
2022-09-04T20:45:00-00:00,2022-09-04T21:00:00-00:00,2022-09-04,14,KERCK1G1_7_B2,KERCK1G1_7_B2,KERCK1G1_7_B2,RTPD,MCL,LMP_LOSS_PRC,KERCK1G1_7_B2,ALL,1,3.84195,4,159
2022-09-04T21:45:00-00:00,2022-09-04T22:00:00-00:00,2022-09-04,15,KERCK1G1_7_B2,KERCK1G1_7_B2,KERCK1G1_7_B2,RTPD,MCL,LMP_LOSS_PRC,KERCK1G1_7_B2,ALL,1,3.91814,4,159
2022-09-04T22:45:00-00:00,2022-09-04T23:00:00-00:00,2022-09-04,16,KERCK1G1_7_B2,KERCK1G1_7_B2,KERCK1G1_7_B2,RTPD,MCL,LMP_LOSS_PRC,KERCK1G1_7_B2,ALL,1,0,4,159
2022-09-04T23:45:00-00:00,2022-09-05T00:00:00-00:00,2022-09-04,17,KERCK1G1_7_B2,KERCK1G1_7_B2,KERCK1G1_7_B2,RTPD,MCL,LMP_LOSS_PRC,KERCK1G1_7_B2,ALL,1,0,4,159
2022-09-05T00:45:00-00:00,2022-09-05T01:00:00-00:00,2022-09-04,18,KERCK1G1_7_B2,KERCK1G1_7_B2,KERCK1G1_7_B2,RTPD,MCL,LMP_LOSS_PRC,KERCK1G1_7_B2,ALL,1,0,4,159
2022-09-05T01:45:00-00:00,2022-09-05T02:00:00-00:00,2022-09-04,19,KERCK1G1_7_B2,KERCK1G1_7_B2,KERCK1G1_7_B2,RTPD,MCL,LMP_LOSS_PRC,KERCK1G1_7_B2,ALL,1,85.58495,4,159
2022-09-05T02:45:00-00:00,2022-09-05T03:00:00-00:00,2022-09-04,20,KERCK1G1_7_B2,KERCK1G1_7_B2,KERCK1G1_7_B2,RTPD,MCL,LMP_LOSS_PRC,KERCK1G1_7_B2,ALL,1,9.78688,4,159
2022-09-05T03:45:00-00:00,2022-09-05T04:00:00-00:00,2022-09-04,21,KERCK1G1_7_B2,KERCK1G1_7_B2,KERCK1G1_7_B2,RTPD,MCL,LMP_LOSS_PRC,KERCK1G1_7_B2,ALL,1,19.24615,4,159
2022-09-05T04:45:00-00:00,2022-09-05T05:00:00-00:00,2022-09-04,22,KERCK1G1_7_B2,KERCK1G1_7_B2,KERCK1G1_7_B2,RTPD,MCL,LMP_LOSS_PRC,KERCK1G1_7_B2,ALL,1,16.51215,4,159
2022-09-05T05:45:00-00:00,2022-09-05T06:00:00-00:00,2022-09-04,23,KERCK1G1_7_B2,KERCK1G1_7_B2,KERCK1G1_7_B2,RTPD,MCL,LMP_LOSS_PRC,KERCK1G1_7_B2,ALL,1,9.8914,4,159
2022-09-05T06:45:00-00:00,2022-09-05T07:00:00-00:00,2022-09-04,24,KERCK1G1_7_B2,KERCK1G1_7_B2,KERCK1G1_7_B2,RTPD,MCL,LMP_LOSS_PRC,KERCK1G1_7_B2,ALL,1,10.44698,4,159
2022-09-04T07:00:00-00:00,2022-09-04T07:15:00-00:00,2022-09-04,01,KERCK1G1_7_B2,KERCK1G1_7_B2,KERCK1G1_7_B2,RTPD,MGHG,LMP_GHG_PRC,KERCK1G1_7_B2,ALL,1,0,1,160
2022-09-04T08:00:00-00:00,2022-09-04T08:15:00-00:00,2022-09-04,02,KERCK1G1_7_B2,KERCK1G1_7_B2,KERCK1G1_7_B2,RTPD,MGHG,LMP_GHG_PRC,KERCK1G1_7_B2,ALL,1,0,1,160
2022-09-04T09:00:00-00:00,2022-09-04T09:15:00-00:00,2022-09-04,03,KERCK1G1_7_B2,KERCK1G1_7_B2,KERCK1G1_7_B2,RTPD,MGHG,LMP_GHG_PRC,KERCK1G1_7_B2,ALL,1,0,1,160
2022-09-04T10:00:00-00:00,2022-09-04T10:15:00-00:00,2022-09-04,04,KERCK1G1_7_B2,KERCK1G1_7_B2,KERCK1G1_7_B2,RTPD,MGHG,LMP_GHG_PRC,KERCK1G1_7_B2,ALL,1,0,1,160
2022-09-04T11:00:00-00:00,2022-09-04T11:15:00-00:00,2022-09-04,05,KERCK1G1_7_B2,KERCK1G1_7_B2,KERCK1G1_7_B2,RTPD,MGHG,LMP_GHG_PRC,KERCK1G1_7_B2,ALL,1,0,1,160
2022-09-04T12:00:00-00:00,2022-09-04T12:15:00-00:00,2022-09-04,06,KERCK1G1_7_B2,KERCK1G1_7_B2,KERCK1G1_7_B2,RTPD,MGHG,LMP_GHG_PRC,KERCK1G1_7_B2,ALL,1,0,1,160
2022-09-04T13:00:00-00:00,2022-09-04T13:15:00-00:00,2022-09-04,07,KERCK1G1_7_B2,KERCK1G1_7_B2,KERCK1G1_7_B2,RTPD,MGHG,LMP_GHG_PRC,KERCK1G1_7_B2,ALL,1,0,1,160
2022-09-04T14:00:00-00:00,2022-09-04T14:15:00-00:00,2022-09-04,08,KERCK1G1_7_B2,KERCK1G1_7_B2,KERCK1G1_7_B2,RTPD,MGHG,LMP_GHG_PRC,KERCK1G1_7_B2,ALL,1,0,1,160
2022-09-04T15:00:00-00:00,2022-09-04T15:15:00-00:00,2022-09-04,09,KERCK1G1_7_B2,KERCK1G1_7_B2,KERCK1G1_7_B2,RTPD,MGHG,LMP_GHG_PRC,KERCK1G1_7_B2,ALL,1,0,1,160
2022-09-04T16:00:00-00:00,2022-09-04T16:15:00-00:00,2022-09-04,10,KERCK1G1_7_B2,KERCK1G1_7_B2,KERCK1G1_7_B2,RTPD,MGHG,LMP_GHG_PRC,KERCK1G1_7_B2,ALL,1,0,1,160
2022-09-04T17:00:00-00:00,2022-09-04T17:15:00-00:00,2022-09-04,11,KERCK1G1_7_B2,KERCK1G1_7_B2,KERCK1G1_7_B2,RTPD,MGHG,LMP_GHG_PRC,KERCK1G1_7_B2,ALL,1,0,1,160
2022-09-04T18:00:00-00:00,2022-09-04T18:15:00-00:00,2022-09-04,12,KERCK1G1_7_B2,KERCK1G1_7_B2,KERCK1G1_7_B2,RTPD,MGHG,LMP_GHG_PRC,KERCK1G1_7_B2,ALL,1,0,1,160
2022-09-04T19:00:00-00:00,2022-09-04T19:15:00-00:00,2022-09-04,13,KERCK1G1_7_B2,KERCK1G1_7_B2,KERCK1G1_7_B2,RTPD,MGHG,LMP_GHG_PRC,KERCK1G1_7_B2,ALL,1,0,1,160
2022-09-04T20:00:00-00:00,2022-09-04T20:15:00-00:00,2022-09-04,14,KERCK1G1_7_B2,KERCK1G1_7_B2,KERCK1G1_7_B2,RTPD,MGHG,LMP_GHG_PRC,KERCK1G1_7_B2,ALL,1,0,1,160
2022-09-04T21:00:00-00:00,2022-09-04T21:15:00-00:00,2022-09-04,15,KERCK1G1_7_B2,KERCK1G1_7_B2,KERCK1G1_7_B2,RTPD,MGHG,LMP_GHG_PRC,KERCK1G1_7_B2,ALL,1,0,1,160
2022-09-04T22:00:00-00:00,2022-09-04T22:15:00-00:00,2022-09-04,16,KERCK1G1_7_B2,KERCK1G1_7_B2,KERCK1G1_7_B2,RTPD,MGHG,LMP_GHG_PRC,KERCK1G1_7_B2,ALL,1,0,1,160
2022-09-04T23:00:00-00:00,2022-09-04T23:15:00-00:00,2022-09-04,17,KERCK1G1_7_B2,KERCK1G1_7_B2,KERCK1G1_7_B2,RTPD,MGHG,LMP_GHG_PRC,KERCK1G1_7_B2,ALL,1,0,1,160
2022-09-05T00:00:00-00:00,2022-09-05T00:15:00-00:00,2022-09-04,18,KERCK1G1_7_B2,KERCK1G1_7_B2,KERCK1G1_7_B2,RTPD,MGHG,LMP_GHG_PRC,KERCK1G1_7_B2,ALL,1,0,1,160
2022-09-05T01:00:00-00:00,2022-09-05T01:15:00-00:00,2022-09-04,19,KERCK1G1_7_B2,KERCK1G1_7_B2,KERCK1G1_7_B2,RTPD,MGHG,LMP_GHG_PRC,KERCK1G1_7_B2,ALL,1,0,1,160
2022-09-05T02:00:00-00:00,2022-09-05T02:15:00-00:00,2022-09-04,20,KERCK1G1_7_B2,KERCK1G1_7_B2,KERCK1G1_7_B2,RTPD,MGHG,LMP_GHG_PRC,KERCK1G1_7_B2,ALL,1,0,1,160
2022-09-05T03:00:00-00:00,2022-09-05T03:15:00-00:00,2022-09-04,21,KERCK1G1_7_B2,KERCK1G1_7_B2,KERCK1G1_7_B2,RTPD,MGHG,LMP_GHG_PRC,KERCK1G1_7_B2,ALL,1,0,1,160
2022-09-05T04:00:00-00:00,2022-09-05T04:15:00-00:00,2022-09-04,22,KERCK1G1_7_B2,KERCK1G1_7_B2,KERCK1G1_7_B2,RTPD,MGHG,LMP_GHG_PRC,KERCK1G1_7_B2,ALL,1,0,1,160
2022-09-05T05:00:00-00:00,2022-09-05T05:15:00-00:00,2022-09-04,23,KERCK1G1_7_B2,KERCK1G1_7_B2,KERCK1G1_7_B2,RTPD,MGHG,LMP_GHG_PRC,KERCK1G1_7_B2,ALL,1,0,1,160
2022-09-05T06:00:00-00:00,2022-09-05T06:15:00-00:00,2022-09-04,24,KERCK1G1_7_B2,KERCK1G1_7_B2,KERCK1G1_7_B2,RTPD,MGHG,LMP_GHG_PRC,KERCK1G1_7_B2,ALL,1,0,1,160
2022-09-04T07:15:00-00:00,2022-09-04T07:30:00-00:00,2022-09-04,01,KERCK1G1_7_B2,KERCK1G1_7_B2,KERCK1G1_7_B2,RTPD,MGHG,LMP_GHG_PRC,KERCK1G1_7_B2,ALL,1,0,2,160
2022-09-04T08:15:00-00:00,2022-09-04T08:30:00-00:00,2022-09-04,02,KERCK1G1_7_B2,KERCK1G1_7_B2,KERCK1G1_7_B2,RTPD,MGHG,LMP_GHG_PRC,KERCK1G1_7_B2,ALL,1,0,2,160
2022-09-04T09:15:00-00:00,2022-09-04T09:30:00-00:00,2022-09-04,03,KERCK1G1_7_B2,KERCK1G1_7_B2,KERCK1G1_7_B2,RTPD,MGHG,LMP_GHG_PRC,KERCK1G1_7_B2,ALL,1,0,2,160
2022-09-04T10:15:00-00:00,2022-09-04T10:30:00-00:00,2022-09-04,04,KERCK1G1_7_B2,KERCK1G1_7_B2,KERCK1G1_7_B2,RTPD,MGHG,LMP_GHG_PRC,KERCK1G1_7_B2,ALL,1,0,2,160
2022-09-04T11:15:00-00:00,2022-09-04T11:30:00-00:00,2022-09-04,05,KERCK1G1_7_B2,KERCK1G1_7_B2,KERCK1G1_7_B2,RTPD,MGHG,LMP_GHG_PRC,KERCK1G1_7_B2,ALL,1,0,2,160
2022-09-04T12:15:00-00:00,2022-09-04T12:30:00-00:00,2022-09-04,06,KERCK1G1_7_B2,KERCK1G1_7_B2,KERCK1G1_7_B2,RTPD,MGHG,LMP_GHG_PRC,KERCK1G1_7_B2,ALL,1,0,2,160
2022-09-04T13:15:00-00:00,2022-09-04T13:30:00-00:00,2022-09-04,07,KERCK1G1_7_B2,KERCK1G1_7_B2,KERCK1G1_7_B2,RTPD,MGHG,LMP_GHG_PRC,KERCK1G1_7_B2,ALL,1,0,2,160
2022-09-04T14:15:00-00:00,2022-09-04T14:30:00-00:00,2022-09-04,08,KERCK1G1_7_B2,KERCK1G1_7_B2,KERCK1G1_7_B2,RTPD,MGHG,LMP_GHG_PRC,KERCK1G1_7_B2,ALL,1,0,2,160
2022-09-04T15:15:00-00:00,2022-09-04T15:30:00-00:00,2022-09-04,09,KERCK1G1_7_B2,KERCK1G1_7_B2,KERCK1G1_7_B2,RTPD,MGHG,LMP_GHG_PRC,KERCK1G1_7_B2,ALL,1,0,2,160
2022-09-04T16:15:00-00:00,2022-09-04T16:30:00-00:00,2022-09-04,10,KERCK1G1_7_B2,KERCK1G1_7_B2,KERCK1G1_7_B2,RTPD,MGHG,LMP_GHG_PRC,KERCK1G1_7_B2,ALL,1,0,2,160
2022-09-04T17:15:00-00:00,2022-09-04T17:30:00-00:00,2022-09-04,11,KERCK1G1_7_B2,KERCK1G1_7_B2,KERCK1G1_7_B2,RTPD,MGHG,LMP_GHG_PRC,KERCK1G1_7_B2,ALL,1,0,2,160
2022-09-04T18:15:00-00:00,2022-09-04T18:30:00-00:00,2022-09-04,12,KERCK1G1_7_B2,KERCK1G1_7_B2,KERCK1G1_7_B2,RTPD,MGHG,LMP_GHG_PRC,KERCK1G1_7_B2,ALL,1,0,2,160
2022-09-04T19:15:00-00:00,2022-09-04T19:30:00-00:00,2022-09-04,13,KERCK1G1_7_B2,KERCK1G1_7_B2,KERCK1G1_7_B2,RTPD,MGHG,LMP_GHG_PRC,KERCK1G1_7_B2,ALL,1,0,2,160
2022-09-04T20:15:00-00:00,2022-09-04T20:30:00-00:00,2022-09-04,14,KERCK1G1_7_B2,KERCK1G1_7_B2,KERCK1G1_7_B2,RTPD,MGHG,LMP_GHG_PRC,KERCK1G1_7_B2,ALL,1,0,2,160
2022-09-04T21:15:00-00:00,2022-09-04T21:30:00-00:00,2022-09-04,15,KERCK1G1_7_B2,KERCK1G1_7_B2,KERCK1G1_7_B2,RTPD,MGHG,LMP_GHG_PRC,KERCK1G1_7_B2,ALL,1,0,2,160
2022-09-04T22:15:00-00:00,2022-09-04T22:30:00-00:00,2022-09-04,16,KERCK1G1_7_B2,KERCK1G1_7_B2,KERCK1G1_7_B2,RTPD,MGHG,LMP_GHG_PRC,KERCK1G1_7_B2,ALL,1,0,2,160
2022-09-04T23:15:00-00:00,2022-09-04T23:30:00-00:00,2022-09-04,17,KERCK1G1_7_B2,KERCK1G1_7_B2,KERCK1G1_7_B2,RTPD,MGHG,LMP_GHG_PRC,KERCK1G1_7_B2,ALL,1,0,2,160
2022-09-05T00:15:00-00:00,2022-09-05T00:30:00-00:00,2022-09-04,18,KERCK1G1_7_B2,KERCK1G1_7_B2,KERCK1G1_7_B2,RTPD,MGHG,LMP_GHG_PRC,KERCK1G1_7_B2,ALL,1,0,2,160
2022-09-05T01:15:00-00:00,2022-09-05T01:30:00-00:00,2022-09-04,19,KERCK1G1_7_B2,KERCK1G1_7_B2,KERCK1G1_7_B2,RTPD,MGHG,LMP_GHG_PRC,KERCK1G1_7_B2,ALL,1,0,2,160
2022-09-05T02:15:00-00:00,2022-09-05T02:30:00-00:00,2022-09-04,20,KERCK1G1_7_B2,KERCK1G1_7_B2,KERCK1G1_7_B2,RTPD,MGHG,LMP_GHG_PRC,KERCK1G1_7_B2,ALL,1,0,2,160
2022-09-05T03:15:00-00:00,2022-09-05T03:30:00-00:00,2022-09-04,21,KERCK1G1_7_B2,KERCK1G1_7_B2,KERCK1G1_7_B2,RTPD,MGHG,LMP_GHG_PRC,KERCK1G1_7_B2,ALL,1,0,2,160
2022-09-05T04:15:00-00:00,2022-09-05T04:30:00-00:00,2022-09-04,22,KERCK1G1_7_B2,KERCK1G1_7_B2,KERCK1G1_7_B2,RTPD,MGHG,LMP_GHG_PRC,KERCK1G1_7_B2,ALL,1,0,2,160
2022-09-05T05:15:00-00:00,2022-09-05T05:30:00-00:00,2022-09-04,23,KERCK1G1_7_B2,KERCK1G1_7_B2,KERCK1G1_7_B2,RTPD,MGHG,LMP_GHG_PRC,KERCK1G1_7_B2,ALL,1,0,2,160
2022-09-05T06:15:00-00:00,2022-09-05T06:30:00-00:00,2022-09-04,24,KERCK1G1_7_B2,KERCK1G1_7_B2,KERCK1G1_7_B2,RTPD,MGHG,LMP_GHG_PRC,KERCK1G1_7_B2,ALL,1,0,2,160
2022-09-04T07:30:00-00:00,2022-09-04T07:45:00-00:00,2022-09-04,01,KERCK1G1_7_B2,KERCK1G1_7_B2,KERCK1G1_7_B2,RTPD,MGHG,LMP_GHG_PRC,KERCK1G1_7_B2,ALL,1,0,3,160
2022-09-04T08:30:00-00:00,2022-09-04T08:45:00-00:00,2022-09-04,02,KERCK1G1_7_B2,KERCK1G1_7_B2,KERCK1G1_7_B2,RTPD,MGHG,LMP_GHG_PRC,KERCK1G1_7_B2,ALL,1,0,3,160
2022-09-04T09:30:00-00:00,2022-09-04T09:45:00-00:00,2022-09-04,03,KERCK1G1_7_B2,KERCK1G1_7_B2,KERCK1G1_7_B2,RTPD,MGHG,LMP_GHG_PRC,KERCK1G1_7_B2,ALL,1,0,3,160
2022-09-04T10:30:00-00:00,2022-09-04T10:45:00-00:00,2022-09-04,04,KERCK1G1_7_B2,KERCK1G1_7_B2,KERCK1G1_7_B2,RTPD,MGHG,LMP_GHG_PRC,KERCK1G1_7_B2,ALL,1,0,3,160
2022-09-04T11:30:00-00:00,2022-09-04T11:45:00-00:00,2022-09-04,05,KERCK1G1_7_B2,KERCK1G1_7_B2,KERCK1G1_7_B2,RTPD,MGHG,LMP_GHG_PRC,KERCK1G1_7_B2,ALL,1,0,3,160
2022-09-04T12:30:00-00:00,2022-09-04T12:45:00-00:00,2022-09-04,06,KERCK1G1_7_B2,KERCK1G1_7_B2,KERCK1G1_7_B2,RTPD,MGHG,LMP_GHG_PRC,KERCK1G1_7_B2,ALL,1,0,3,160
2022-09-04T13:30:00-00:00,2022-09-04T13:45:00-00:00,2022-09-04,07,KERCK1G1_7_B2,KERCK1G1_7_B2,KERCK1G1_7_B2,RTPD,MGHG,LMP_GHG_PRC,KERCK1G1_7_B2,ALL,1,0,3,160
2022-09-04T14:30:00-00:00,2022-09-04T14:45:00-00:00,2022-09-04,08,KERCK1G1_7_B2,KERCK1G1_7_B2,KERCK1G1_7_B2,RTPD,MGHG,LMP_GHG_PRC,KERCK1G1_7_B2,ALL,1,0,3,160
2022-09-04T15:30:00-00:00,2022-09-04T15:45:00-00:00,2022-09-04,09,KERCK1G1_7_B2,KERCK1G1_7_B2,KERCK1G1_7_B2,RTPD,MGHG,LMP_GHG_PRC,KERCK1G1_7_B2,ALL,1,0,3,160
2022-09-04T16:30:00-00:00,2022-09-04T16:45:00-00:00,2022-09-04,10,KERCK1G1_7_B2,KERCK1G1_7_B2,KERCK1G1_7_B2,RTPD,MGHG,LMP_GHG_PRC,KERCK1G1_7_B2,ALL,1,0,3,160
2022-09-04T17:30:00-00:00,2022-09-04T17:45:00-00:00,2022-09-04,11,KERCK1G1_7_B2,KERCK1G1_7_B2,KERCK1G1_7_B2,RTPD,MGHG,LMP_GHG_PRC,KERCK1G1_7_B2,ALL,1,0,3,160
2022-09-04T18:30:00-00:00,2022-09-04T18:45:00-00:00,2022-09-04,12,KERCK1G1_7_B2,KERCK1G1_7_B2,KERCK1G1_7_B2,RTPD,MGHG,LMP_GHG_PRC,KERCK1G1_7_B2,ALL,1,0,3,160
2022-09-04T19:30:00-00:00,2022-09-04T19:45:00-00:00,2022-09-04,13,KERCK1G1_7_B2,KERCK1G1_7_B2,KERCK1G1_7_B2,RTPD,MGHG,LMP_GHG_PRC,KERCK1G1_7_B2,ALL,1,0,3,160
2022-09-04T20:30:00-00:00,2022-09-04T20:45:00-00:00,2022-09-04,14,KERCK1G1_7_B2,KERCK1G1_7_B2,KERCK1G1_7_B2,RTPD,MGHG,LMP_GHG_PRC,KERCK1G1_7_B2,ALL,1,0,3,160
2022-09-04T21:30:00-00:00,2022-09-04T21:45:00-00:00,2022-09-04,15,KERCK1G1_7_B2,KERCK1G1_7_B2,KERCK1G1_7_B2,RTPD,MGHG,LMP_GHG_PRC,KERCK1G1_7_B2,ALL,1,0,3,160
2022-09-04T22:30:00-00:00,2022-09-04T22:45:00-00:00,2022-09-04,16,KERCK1G1_7_B2,KERCK1G1_7_B2,KERCK1G1_7_B2,RTPD,MGHG,LMP_GHG_PRC,KERCK1G1_7_B2,ALL,1,0,3,160
2022-09-04T23:30:00-00:00,2022-09-04T23:45:00-00:00,2022-09-04,17,KERCK1G1_7_B2,KERCK1G1_7_B2,KERCK1G1_7_B2,RTPD,MGHG,LMP_GHG_PRC,KERCK1G1_7_B2,ALL,1,0,3,160
2022-09-05T00:30:00-00:00,2022-09-05T00:45:00-00:00,2022-09-04,18,KERCK1G1_7_B2,KERCK1G1_7_B2,KERCK1G1_7_B2,RTPD,MGHG,LMP_GHG_PRC,KERCK1G1_7_B2,ALL,1,0,3,160
2022-09-05T01:30:00-00:00,2022-09-05T01:45:00-00:00,2022-09-04,19,KERCK1G1_7_B2,KERCK1G1_7_B2,KERCK1G1_7_B2,RTPD,MGHG,LMP_GHG_PRC,KERCK1G1_7_B2,ALL,1,0,3,160
2022-09-05T02:30:00-00:00,2022-09-05T02:45:00-00:00,2022-09-04,20,KERCK1G1_7_B2,KERCK1G1_7_B2,KERCK1G1_7_B2,RTPD,MGHG,LMP_GHG_PRC,KERCK1G1_7_B2,ALL,1,0,3,160
2022-09-05T03:30:00-00:00,2022-09-05T03:45:00-00:00,2022-09-04,21,KERCK1G1_7_B2,KERCK1G1_7_B2,KERCK1G1_7_B2,RTPD,MGHG,LMP_GHG_PRC,KERCK1G1_7_B2,ALL,1,0,3,160
2022-09-05T04:30:00-00:00,2022-09-05T04:45:00-00:00,2022-09-04,22,KERCK1G1_7_B2,KERCK1G1_7_B2,KERCK1G1_7_B2,RTPD,MGHG,LMP_GHG_PRC,KERCK1G1_7_B2,ALL,1,0,3,160
2022-09-05T05:30:00-00:00,2022-09-05T05:45:00-00:00,2022-09-04,23,KERCK1G1_7_B2,KERCK1G1_7_B2,KERCK1G1_7_B2,RTPD,MGHG,LMP_GHG_PRC,KERCK1G1_7_B2,ALL,1,0,3,160
2022-09-05T06:30:00-00:00,2022-09-05T06:45:00-00:00,2022-09-04,24,KERCK1G1_7_B2,KERCK1G1_7_B2,KERCK1G1_7_B2,RTPD,MGHG,LMP_GHG_PRC,KERCK1G1_7_B2,ALL,1,0,3,160
2022-09-04T07:45:00-00:00,2022-09-04T08:00:00-00:00,2022-09-04,01,KERCK1G1_7_B2,KERCK1G1_7_B2,KERCK1G1_7_B2,RTPD,MGHG,LMP_GHG_PRC,KERCK1G1_7_B2,ALL,1,0,4,160
2022-09-04T08:45:00-00:00,2022-09-04T09:00:00-00:00,2022-09-04,02,KERCK1G1_7_B2,KERCK1G1_7_B2,KERCK1G1_7_B2,RTPD,MGHG,LMP_GHG_PRC,KERCK1G1_7_B2,ALL,1,0,4,160
2022-09-04T09:45:00-00:00,2022-09-04T10:00:00-00:00,2022-09-04,03,KERCK1G1_7_B2,KERCK1G1_7_B2,KERCK1G1_7_B2,RTPD,MGHG,LMP_GHG_PRC,KERCK1G1_7_B2,ALL,1,0,4,160
2022-09-04T10:45:00-00:00,2022-09-04T11:00:00-00:00,2022-09-04,04,KERCK1G1_7_B2,KERCK1G1_7_B2,KERCK1G1_7_B2,RTPD,MGHG,LMP_GHG_PRC,KERCK1G1_7_B2,ALL,1,0,4,160
2022-09-04T11:45:00-00:00,2022-09-04T12:00:00-00:00,2022-09-04,05,KERCK1G1_7_B2,KERCK1G1_7_B2,KERCK1G1_7_B2,RTPD,MGHG,LMP_GHG_PRC,KERCK1G1_7_B2,ALL,1,0,4,160
2022-09-04T12:45:00-00:00,2022-09-04T13:00:00-00:00,2022-09-04,06,KERCK1G1_7_B2,KERCK1G1_7_B2,KERCK1G1_7_B2,RTPD,MGHG,LMP_GHG_PRC,KERCK1G1_7_B2,ALL,1,0,4,160
2022-09-04T13:45:00-00:00,2022-09-04T14:00:00-00:00,2022-09-04,07,KERCK1G1_7_B2,KERCK1G1_7_B2,KERCK1G1_7_B2,RTPD,MGHG,LMP_GHG_PRC,KERCK1G1_7_B2,ALL,1,0,4,160
2022-09-04T14:45:00-00:00,2022-09-04T15:00:00-00:00,2022-09-04,08,KERCK1G1_7_B2,KERCK1G1_7_B2,KERCK1G1_7_B2,RTPD,MGHG,LMP_GHG_PRC,KERCK1G1_7_B2,ALL,1,0,4,160
2022-09-04T15:45:00-00:00,2022-09-04T16:00:00-00:00,2022-09-04,09,KERCK1G1_7_B2,KERCK1G1_7_B2,KERCK1G1_7_B2,RTPD,MGHG,LMP_GHG_PRC,KERCK1G1_7_B2,ALL,1,0,4,160
2022-09-04T16:45:00-00:00,2022-09-04T17:00:00-00:00,2022-09-04,10,KERCK1G1_7_B2,KERCK1G1_7_B2,KERCK1G1_7_B2,RTPD,MGHG,LMP_GHG_PRC,KERCK1G1_7_B2,ALL,1,0,4,160
2022-09-04T17:45:00-00:00,2022-09-04T18:00:00-00:00,2022-09-04,11,KERCK1G1_7_B2,KERCK1G1_7_B2,KERCK1G1_7_B2,RTPD,MGHG,LMP_GHG_PRC,KERCK1G1_7_B2,ALL,1,0,4,160
2022-09-04T18:45:00-00:00,2022-09-04T19:00:00-00:00,2022-09-04,12,KERCK1G1_7_B2,KERCK1G1_7_B2,KERCK1G1_7_B2,RTPD,MGHG,LMP_GHG_PRC,KERCK1G1_7_B2,ALL,1,0,4,160
2022-09-04T19:45:00-00:00,2022-09-04T20:00:00-00:00,2022-09-04,13,KERCK1G1_7_B2,KERCK1G1_7_B2,KERCK1G1_7_B2,RTPD,MGHG,LMP_GHG_PRC,KERCK1G1_7_B2,ALL,1,0,4,160
2022-09-04T20:45:00-00:00,2022-09-04T21:00:00-00:00,2022-09-04,14,KERCK1G1_7_B2,KERCK1G1_7_B2,KERCK1G1_7_B2,RTPD,MGHG,LMP_GHG_PRC,KERCK1G1_7_B2,ALL,1,0,4,160
2022-09-04T21:45:00-00:00,2022-09-04T22:00:00-00:00,2022-09-04,15,KERCK1G1_7_B2,KERCK1G1_7_B2,KERCK1G1_7_B2,RTPD,MGHG,LMP_GHG_PRC,KERCK1G1_7_B2,ALL,1,0,4,160
2022-09-04T22:45:00-00:00,2022-09-04T23:00:00-00:00,2022-09-04,16,KERCK1G1_7_B2,KERCK1G1_7_B2,KERCK1G1_7_B2,RTPD,MGHG,LMP_GHG_PRC,KERCK1G1_7_B2,ALL,1,0,4,160
2022-09-04T23:45:00-00:00,2022-09-05T00:00:00-00:00,2022-09-04,17,KERCK1G1_7_B2,KERCK1G1_7_B2,KERCK1G1_7_B2,RTPD,MGHG,LMP_GHG_PRC,KERCK1G1_7_B2,ALL,1,0,4,160
2022-09-05T00:45:00-00:00,2022-09-05T01:00:00-00:00,2022-09-04,18,KERCK1G1_7_B2,KERCK1G1_7_B2,KERCK1G1_7_B2,RTPD,MGHG,LMP_GHG_PRC,KERCK1G1_7_B2,ALL,1,0,4,160
2022-09-05T01:45:00-00:00,2022-09-05T02:00:00-00:00,2022-09-04,19,KERCK1G1_7_B2,KERCK1G1_7_B2,KERCK1G1_7_B2,RTPD,MGHG,LMP_GHG_PRC,KERCK1G1_7_B2,ALL,1,0,4,160
2022-09-05T02:45:00-00:00,2022-09-05T03:00:00-00:00,2022-09-04,20,KERCK1G1_7_B2,KERCK1G1_7_B2,KERCK1G1_7_B2,RTPD,MGHG,LMP_GHG_PRC,KERCK1G1_7_B2,ALL,1,0,4,160
2022-09-05T03:45:00-00:00,2022-09-05T04:00:00-00:00,2022-09-04,21,KERCK1G1_7_B2,KERCK1G1_7_B2,KERCK1G1_7_B2,RTPD,MGHG,LMP_GHG_PRC,KERCK1G1_7_B2,ALL,1,0,4,160
2022-09-05T04:45:00-00:00,2022-09-05T05:00:00-00:00,2022-09-04,22,KERCK1G1_7_B2,KERCK1G1_7_B2,KERCK1G1_7_B2,RTPD,MGHG,LMP_GHG_PRC,KERCK1G1_7_B2,ALL,1,0,4,160
2022-09-05T05:45:00-00:00,2022-09-05T06:00:00-00:00,2022-09-04,23,KERCK1G1_7_B2,KERCK1G1_7_B2,KERCK1G1_7_B2,RTPD,MGHG,LMP_GHG_PRC,KERCK1G1_7_B2,ALL,1,0,4,160
2022-09-05T06:45:00-00:00,2022-09-05T07:00:00-00:00,2022-09-04,24,KERCK1G1_7_B2,KERCK1G1_7_B2,KERCK1G1_7_B2,RTPD,MGHG,LMP_GHG_PRC,KERCK1G1_7_B2,ALL,1,0,4,160
2022-09-04T07:00:00-00:00,2022-09-04T07:15:00-00:00,2022-09-04,01,KERCK1G2_7_B1,KERCK1G2_7_B1,KERCK1G2_7_B1,RTPD,LMP,LMP_PRC,KERCK1G2_7_B1,ALL,1,121.04844,1,161
2022-09-04T08:00:00-00:00,2022-09-04T08:15:00-00:00,2022-09-04,02,KERCK1G2_7_B1,KERCK1G2_7_B1,KERCK1G2_7_B1,RTPD,LMP,LMP_PRC,KERCK1G2_7_B1,ALL,1,108.68108,1,161
2022-09-04T09:00:00-00:00,2022-09-04T09:15:00-00:00,2022-09-04,03,KERCK1G2_7_B1,KERCK1G2_7_B1,KERCK1G2_7_B1,RTPD,LMP,LMP_PRC,KERCK1G2_7_B1,ALL,1,128.25536,1,161
2022-09-04T10:00:00-00:00,2022-09-04T10:15:00-00:00,2022-09-04,04,KERCK1G2_7_B1,KERCK1G2_7_B1,KERCK1G2_7_B1,RTPD,LMP,LMP_PRC,KERCK1G2_7_B1,ALL,1,119.06769,1,161
2022-09-04T11:00:00-00:00,2022-09-04T11:15:00-00:00,2022-09-04,05,KERCK1G2_7_B1,KERCK1G2_7_B1,KERCK1G2_7_B1,RTPD,LMP,LMP_PRC,KERCK1G2_7_B1,ALL,1,99.27039,1,161
2022-09-04T12:00:00-00:00,2022-09-04T12:15:00-00:00,2022-09-04,06,KERCK1G2_7_B1,KERCK1G2_7_B1,KERCK1G2_7_B1,RTPD,LMP,LMP_PRC,KERCK1G2_7_B1,ALL,1,84.3179,1,161
2022-09-04T13:00:00-00:00,2022-09-04T13:15:00-00:00,2022-09-04,07,KERCK1G2_7_B1,KERCK1G2_7_B1,KERCK1G2_7_B1,RTPD,LMP,LMP_PRC,KERCK1G2_7_B1,ALL,1,64.96895,1,161
2022-09-04T14:00:00-00:00,2022-09-04T14:15:00-00:00,2022-09-04,08,KERCK1G2_7_B1,KERCK1G2_7_B1,KERCK1G2_7_B1,RTPD,LMP,LMP_PRC,KERCK1G2_7_B1,ALL,1,83.69504,1,161
2022-09-04T15:00:00-00:00,2022-09-04T15:15:00-00:00,2022-09-04,09,KERCK1G2_7_B1,KERCK1G2_7_B1,KERCK1G2_7_B1,RTPD,LMP,LMP_PRC,KERCK1G2_7_B1,ALL,1,74.0272,1,161
2022-09-04T16:00:00-00:00,2022-09-04T16:15:00-00:00,2022-09-04,10,KERCK1G2_7_B1,KERCK1G2_7_B1,KERCK1G2_7_B1,RTPD,LMP,LMP_PRC,KERCK1G2_7_B1,ALL,1,3.00255,1,161
2022-09-04T17:00:00-00:00,2022-09-04T17:15:00-00:00,2022-09-04,11,KERCK1G2_7_B1,KERCK1G2_7_B1,KERCK1G2_7_B1,RTPD,LMP,LMP_PRC,KERCK1G2_7_B1,ALL,1,0.44874,1,161
2022-09-04T18:00:00-00:00,2022-09-04T18:15:00-00:00,2022-09-04,12,KERCK1G2_7_B1,KERCK1G2_7_B1,KERCK1G2_7_B1,RTPD,LMP,LMP_PRC,KERCK1G2_7_B1,ALL,1,5.33463,1,161
2022-09-04T19:00:00-00:00,2022-09-04T19:15:00-00:00,2022-09-04,13,KERCK1G2_7_B1,KERCK1G2_7_B1,KERCK1G2_7_B1,RTPD,LMP,LMP_PRC,KERCK1G2_7_B1,ALL,1,32.8453,1,161
2022-09-04T20:00:00-00:00,2022-09-04T20:15:00-00:00,2022-09-04,14,KERCK1G2_7_B1,KERCK1G2_7_B1,KERCK1G2_7_B1,RTPD,LMP,LMP_PRC,KERCK1G2_7_B1,ALL,1,76.09343,1,161
2022-09-04T21:00:00-00:00,2022-09-04T21:15:00-00:00,2022-09-04,15,KERCK1G2_7_B1,KERCK1G2_7_B1,KERCK1G2_7_B1,RTPD,LMP,LMP_PRC,KERCK1G2_7_B1,ALL,1,74.15219,1,161
2022-09-04T22:00:00-00:00,2022-09-04T22:15:00-00:00,2022-09-04,16,KERCK1G2_7_B1,KERCK1G2_7_B1,KERCK1G2_7_B1,RTPD,LMP,LMP_PRC,KERCK1G2_7_B1,ALL,1,81.69357,1,161
2022-09-04T23:00:00-00:00,2022-09-04T23:15:00-00:00,2022-09-04,17,KERCK1G2_7_B1,KERCK1G2_7_B1,KERCK1G2_7_B1,RTPD,LMP,LMP_PRC,KERCK1G2_7_B1,ALL,1,85.96179,1,161
2022-09-05T00:00:00-00:00,2022-09-05T00:15:00-00:00,2022-09-04,18,KERCK1G2_7_B1,KERCK1G2_7_B1,KERCK1G2_7_B1,RTPD,LMP,LMP_PRC,KERCK1G2_7_B1,ALL,1,116.09852,1,161
2022-09-05T01:00:00-00:00,2022-09-05T01:15:00-00:00,2022-09-04,19,KERCK1G2_7_B1,KERCK1G2_7_B1,KERCK1G2_7_B1,RTPD,LMP,LMP_PRC,KERCK1G2_7_B1,ALL,1,139.40216,1,161
2022-09-05T02:00:00-00:00,2022-09-05T02:15:00-00:00,2022-09-04,20,KERCK1G2_7_B1,KERCK1G2_7_B1,KERCK1G2_7_B1,RTPD,LMP,LMP_PRC,KERCK1G2_7_B1,ALL,1,170.6582,1,161
2022-09-05T03:00:00-00:00,2022-09-05T03:15:00-00:00,2022-09-04,21,KERCK1G2_7_B1,KERCK1G2_7_B1,KERCK1G2_7_B1,RTPD,LMP,LMP_PRC,KERCK1G2_7_B1,ALL,1,1026.6235,1,161
2022-09-05T04:00:00-00:00,2022-09-05T04:15:00-00:00,2022-09-04,22,KERCK1G2_7_B1,KERCK1G2_7_B1,KERCK1G2_7_B1,RTPD,LMP,LMP_PRC,KERCK1G2_7_B1,ALL,1,162.72469,1,161
2022-09-05T05:00:00-00:00,2022-09-05T05:15:00-00:00,2022-09-04,23,KERCK1G2_7_B1,KERCK1G2_7_B1,KERCK1G2_7_B1,RTPD,LMP,LMP_PRC,KERCK1G2_7_B1,ALL,1,179.23318,1,161
2022-09-05T06:00:00-00:00,2022-09-05T06:15:00-00:00,2022-09-04,24,KERCK1G2_7_B1,KERCK1G2_7_B1,KERCK1G2_7_B1,RTPD,LMP,LMP_PRC,KERCK1G2_7_B1,ALL,1,158.43265,1,161
2022-09-04T07:15:00-00:00,2022-09-04T07:30:00-00:00,2022-09-04,01,KERCK1G2_7_B1,KERCK1G2_7_B1,KERCK1G2_7_B1,RTPD,LMP,LMP_PRC,KERCK1G2_7_B1,ALL,1,117.91611,2,161
2022-09-04T08:15:00-00:00,2022-09-04T08:30:00-00:00,2022-09-04,02,KERCK1G2_7_B1,KERCK1G2_7_B1,KERCK1G2_7_B1,RTPD,LMP,LMP_PRC,KERCK1G2_7_B1,ALL,1,128.87091,2,161
2022-09-04T09:15:00-00:00,2022-09-04T09:30:00-00:00,2022-09-04,03,KERCK1G2_7_B1,KERCK1G2_7_B1,KERCK1G2_7_B1,RTPD,LMP,LMP_PRC,KERCK1G2_7_B1,ALL,1,107.00459,2,161
2022-09-04T10:15:00-00:00,2022-09-04T10:30:00-00:00,2022-09-04,04,KERCK1G2_7_B1,KERCK1G2_7_B1,KERCK1G2_7_B1,RTPD,LMP,LMP_PRC,KERCK1G2_7_B1,ALL,1,118.23684,2,161
2022-09-04T11:15:00-00:00,2022-09-04T11:30:00-00:00,2022-09-04,05,KERCK1G2_7_B1,KERCK1G2_7_B1,KERCK1G2_7_B1,RTPD,LMP,LMP_PRC,KERCK1G2_7_B1,ALL,1,133.22615,2,161
2022-09-04T12:15:00-00:00,2022-09-04T12:30:00-00:00,2022-09-04,06,KERCK1G2_7_B1,KERCK1G2_7_B1,KERCK1G2_7_B1,RTPD,LMP,LMP_PRC,KERCK1G2_7_B1,ALL,1,84.20806,2,161
2022-09-04T13:15:00-00:00,2022-09-04T13:30:00-00:00,2022-09-04,07,KERCK1G2_7_B1,KERCK1G2_7_B1,KERCK1G2_7_B1,RTPD,LMP,LMP_PRC,KERCK1G2_7_B1,ALL,1,49.97935,2,161
2022-09-04T14:15:00-00:00,2022-09-04T14:30:00-00:00,2022-09-04,08,KERCK1G2_7_B1,KERCK1G2_7_B1,KERCK1G2_7_B1,RTPD,LMP,LMP_PRC,KERCK1G2_7_B1,ALL,1,76.57219,2,161
2022-09-04T15:15:00-00:00,2022-09-04T15:30:00-00:00,2022-09-04,09,KERCK1G2_7_B1,KERCK1G2_7_B1,KERCK1G2_7_B1,RTPD,LMP,LMP_PRC,KERCK1G2_7_B1,ALL,1,54.5919,2,161
2022-09-04T16:15:00-00:00,2022-09-04T16:30:00-00:00,2022-09-04,10,KERCK1G2_7_B1,KERCK1G2_7_B1,KERCK1G2_7_B1,RTPD,LMP,LMP_PRC,KERCK1G2_7_B1,ALL,1,2.85083,2,161
2022-09-04T17:15:00-00:00,2022-09-04T17:30:00-00:00,2022-09-04,11,KERCK1G2_7_B1,KERCK1G2_7_B1,KERCK1G2_7_B1,RTPD,LMP,LMP_PRC,KERCK1G2_7_B1,ALL,1,2.05477,2,161
2022-09-04T18:15:00-00:00,2022-09-04T18:30:00-00:00,2022-09-04,12,KERCK1G2_7_B1,KERCK1G2_7_B1,KERCK1G2_7_B1,RTPD,LMP,LMP_PRC,KERCK1G2_7_B1,ALL,1,8.68363,2,161
2022-09-04T19:15:00-00:00,2022-09-04T19:30:00-00:00,2022-09-04,13,KERCK1G2_7_B1,KERCK1G2_7_B1,KERCK1G2_7_B1,RTPD,LMP,LMP_PRC,KERCK1G2_7_B1,ALL,1,56.55441,2,161
2022-09-04T20:15:00-00:00,2022-09-04T20:30:00-00:00,2022-09-04,14,KERCK1G2_7_B1,KERCK1G2_7_B1,KERCK1G2_7_B1,RTPD,LMP,LMP_PRC,KERCK1G2_7_B1,ALL,1,74.11144,2,161
2022-09-04T21:15:00-00:00,2022-09-04T21:30:00-00:00,2022-09-04,15,KERCK1G2_7_B1,KERCK1G2_7_B1,KERCK1G2_7_B1,RTPD,LMP,LMP_PRC,KERCK1G2_7_B1,ALL,1,79.30275,2,161
2022-09-04T22:15:00-00:00,2022-09-04T22:30:00-00:00,2022-09-04,16,KERCK1G2_7_B1,KERCK1G2_7_B1,KERCK1G2_7_B1,RTPD,LMP,LMP_PRC,KERCK1G2_7_B1,ALL,1,89.0806,2,161
2022-09-04T23:15:00-00:00,2022-09-04T23:30:00-00:00,2022-09-04,17,KERCK1G2_7_B1,KERCK1G2_7_B1,KERCK1G2_7_B1,RTPD,LMP,LMP_PRC,KERCK1G2_7_B1,ALL,1,99.09684,2,161
2022-09-05T00:15:00-00:00,2022-09-05T00:30:00-00:00,2022-09-04,18,KERCK1G2_7_B1,KERCK1G2_7_B1,KERCK1G2_7_B1,RTPD,LMP,LMP_PRC,KERCK1G2_7_B1,ALL,1,120.35508,2,161
2022-09-05T01:15:00-00:00,2022-09-05T01:30:00-00:00,2022-09-04,19,KERCK1G2_7_B1,KERCK1G2_7_B1,KERCK1G2_7_B1,RTPD,LMP,LMP_PRC,KERCK1G2_7_B1,ALL,1,311.9809,2,161
2022-09-05T02:15:00-00:00,2022-09-05T02:30:00-00:00,2022-09-04,20,KERCK1G2_7_B1,KERCK1G2_7_B1,KERCK1G2_7_B1,RTPD,LMP,LMP_PRC,KERCK1G2_7_B1,ALL,1,190.14056,2,161
2022-09-05T03:15:00-00:00,2022-09-05T03:30:00-00:00,2022-09-04,21,KERCK1G2_7_B1,KERCK1G2_7_B1,KERCK1G2_7_B1,RTPD,LMP,LMP_PRC,KERCK1G2_7_B1,ALL,1,993.77673,2,161
2022-09-05T04:15:00-00:00,2022-09-05T04:30:00-00:00,2022-09-04,22,KERCK1G2_7_B1,KERCK1G2_7_B1,KERCK1G2_7_B1,RTPD,LMP,LMP_PRC,KERCK1G2_7_B1,ALL,1,156.87096,2,161
2022-09-05T05:15:00-00:00,2022-09-05T05:30:00-00:00,2022-09-04,23,KERCK1G2_7_B1,KERCK1G2_7_B1,KERCK1G2_7_B1,RTPD,LMP,LMP_PRC,KERCK1G2_7_B1,ALL,1,181.2008,2,161
2022-09-05T06:15:00-00:00,2022-09-05T06:30:00-00:00,2022-09-04,24,KERCK1G2_7_B1,KERCK1G2_7_B1,KERCK1G2_7_B1,RTPD,LMP,LMP_PRC,KERCK1G2_7_B1,ALL,1,144.27905,2,161
2022-09-04T07:30:00-00:00,2022-09-04T07:45:00-00:00,2022-09-04,01,KERCK1G2_7_B1,KERCK1G2_7_B1,KERCK1G2_7_B1,RTPD,LMP,LMP_PRC,KERCK1G2_7_B1,ALL,1,108.94815,3,161
2022-09-04T08:30:00-00:00,2022-09-04T08:45:00-00:00,2022-09-04,02,KERCK1G2_7_B1,KERCK1G2_7_B1,KERCK1G2_7_B1,RTPD,LMP,LMP_PRC,KERCK1G2_7_B1,ALL,1,129.96645,3,161
2022-09-04T09:30:00-00:00,2022-09-04T09:45:00-00:00,2022-09-04,03,KERCK1G2_7_B1,KERCK1G2_7_B1,KERCK1G2_7_B1,RTPD,LMP,LMP_PRC,KERCK1G2_7_B1,ALL,1,97.51953,3,161
2022-09-04T10:30:00-00:00,2022-09-04T10:45:00-00:00,2022-09-04,04,KERCK1G2_7_B1,KERCK1G2_7_B1,KERCK1G2_7_B1,RTPD,LMP,LMP_PRC,KERCK1G2_7_B1,ALL,1,127.26527,3,161
2022-09-04T11:30:00-00:00,2022-09-04T11:45:00-00:00,2022-09-04,05,KERCK1G2_7_B1,KERCK1G2_7_B1,KERCK1G2_7_B1,RTPD,LMP,LMP_PRC,KERCK1G2_7_B1,ALL,1,133.02782,3,161
2022-09-04T12:30:00-00:00,2022-09-04T12:45:00-00:00,2022-09-04,06,KERCK1G2_7_B1,KERCK1G2_7_B1,KERCK1G2_7_B1,RTPD,LMP,LMP_PRC,KERCK1G2_7_B1,ALL,1,83.22096,3,161
2022-09-04T13:30:00-00:00,2022-09-04T13:45:00-00:00,2022-09-04,07,KERCK1G2_7_B1,KERCK1G2_7_B1,KERCK1G2_7_B1,RTPD,LMP,LMP_PRC,KERCK1G2_7_B1,ALL,1,43.00457,3,161
2022-09-04T14:30:00-00:00,2022-09-04T14:45:00-00:00,2022-09-04,08,KERCK1G2_7_B1,KERCK1G2_7_B1,KERCK1G2_7_B1,RTPD,LMP,LMP_PRC,KERCK1G2_7_B1,ALL,1,75.91185,3,161
2022-09-04T15:30:00-00:00,2022-09-04T15:45:00-00:00,2022-09-04,09,KERCK1G2_7_B1,KERCK1G2_7_B1,KERCK1G2_7_B1,RTPD,LMP,LMP_PRC,KERCK1G2_7_B1,ALL,1,41.29767,3,161
2022-09-04T16:30:00-00:00,2022-09-04T16:45:00-00:00,2022-09-04,10,KERCK1G2_7_B1,KERCK1G2_7_B1,KERCK1G2_7_B1,RTPD,LMP,LMP_PRC,KERCK1G2_7_B1,ALL,1,4.67766,3,161
2022-09-04T17:30:00-00:00,2022-09-04T17:45:00-00:00,2022-09-04,11,KERCK1G2_7_B1,KERCK1G2_7_B1,KERCK1G2_7_B1,RTPD,LMP,LMP_PRC,KERCK1G2_7_B1,ALL,1,2.5417,3,161
2022-09-04T18:30:00-00:00,2022-09-04T18:45:00-00:00,2022-09-04,12,KERCK1G2_7_B1,KERCK1G2_7_B1,KERCK1G2_7_B1,RTPD,LMP,LMP_PRC,KERCK1G2_7_B1,ALL,1,58.142,3,161
2022-09-04T19:30:00-00:00,2022-09-04T19:45:00-00:00,2022-09-04,13,KERCK1G2_7_B1,KERCK1G2_7_B1,KERCK1G2_7_B1,RTPD,LMP,LMP_PRC,KERCK1G2_7_B1,ALL,1,70.07933,3,161
2022-09-04T20:30:00-00:00,2022-09-04T20:45:00-00:00,2022-09-04,14,KERCK1G2_7_B1,KERCK1G2_7_B1,KERCK1G2_7_B1,RTPD,LMP,LMP_PRC,KERCK1G2_7_B1,ALL,1,71.78018,3,161
2022-09-04T21:30:00-00:00,2022-09-04T21:45:00-00:00,2022-09-04,15,KERCK1G2_7_B1,KERCK1G2_7_B1,KERCK1G2_7_B1,RTPD,LMP,LMP_PRC,KERCK1G2_7_B1,ALL,1,83.32545,3,161
2022-09-04T22:30:00-00:00,2022-09-04T22:45:00-00:00,2022-09-04,16,KERCK1G2_7_B1,KERCK1G2_7_B1,KERCK1G2_7_B1,RTPD,LMP,LMP_PRC,KERCK1G2_7_B1,ALL,1,99.61904,3,161
2022-09-04T23:30:00-00:00,2022-09-04T23:45:00-00:00,2022-09-04,17,KERCK1G2_7_B1,KERCK1G2_7_B1,KERCK1G2_7_B1,RTPD,LMP,LMP_PRC,KERCK1G2_7_B1,ALL,1,102.72728,3,161
2022-09-05T00:30:00-00:00,2022-09-05T00:45:00-00:00,2022-09-04,18,KERCK1G2_7_B1,KERCK1G2_7_B1,KERCK1G2_7_B1,RTPD,LMP,LMP_PRC,KERCK1G2_7_B1,ALL,1,124.77138,3,161
2022-09-05T01:30:00-00:00,2022-09-05T01:45:00-00:00,2022-09-04,19,KERCK1G2_7_B1,KERCK1G2_7_B1,KERCK1G2_7_B1,RTPD,LMP,LMP_PRC,KERCK1G2_7_B1,ALL,1,1394.5768,3,161
2022-09-05T02:30:00-00:00,2022-09-05T02:45:00-00:00,2022-09-04,20,KERCK1G2_7_B1,KERCK1G2_7_B1,KERCK1G2_7_B1,RTPD,LMP,LMP_PRC,KERCK1G2_7_B1,ALL,1,151.21954,3,161
2022-09-05T03:30:00-00:00,2022-09-05T03:45:00-00:00,2022-09-04,21,KERCK1G2_7_B1,KERCK1G2_7_B1,KERCK1G2_7_B1,RTPD,LMP,LMP_PRC,KERCK1G2_7_B1,ALL,1,835.1232,3,161
2022-09-05T04:30:00-00:00,2022-09-05T04:45:00-00:00,2022-09-04,22,KERCK1G2_7_B1,KERCK1G2_7_B1,KERCK1G2_7_B1,RTPD,LMP,LMP_PRC,KERCK1G2_7_B1,ALL,1,157.20782,3,161
2022-09-05T05:30:00-00:00,2022-09-05T05:45:00-00:00,2022-09-04,23,KERCK1G2_7_B1,KERCK1G2_7_B1,KERCK1G2_7_B1,RTPD,LMP,LMP_PRC,KERCK1G2_7_B1,ALL,1,153.77621,3,161
2022-09-05T06:30:00-00:00,2022-09-05T06:45:00-00:00,2022-09-04,24,KERCK1G2_7_B1,KERCK1G2_7_B1,KERCK1G2_7_B1,RTPD,LMP,LMP_PRC,KERCK1G2_7_B1,ALL,1,108.01504,3,161
2022-09-04T07:45:00-00:00,2022-09-04T08:00:00-00:00,2022-09-04,01,KERCK1G2_7_B1,KERCK1G2_7_B1,KERCK1G2_7_B1,RTPD,LMP,LMP_PRC,KERCK1G2_7_B1,ALL,1,135.99977,4,161
2022-09-04T08:45:00-00:00,2022-09-04T09:00:00-00:00,2022-09-04,02,KERCK1G2_7_B1,KERCK1G2_7_B1,KERCK1G2_7_B1,RTPD,LMP,LMP_PRC,KERCK1G2_7_B1,ALL,1,133.78699,4,161
2022-09-04T09:45:00-00:00,2022-09-04T10:00:00-00:00,2022-09-04,03,KERCK1G2_7_B1,KERCK1G2_7_B1,KERCK1G2_7_B1,RTPD,LMP,LMP_PRC,KERCK1G2_7_B1,ALL,1,104.57959,4,161
2022-09-04T10:45:00-00:00,2022-09-04T11:00:00-00:00,2022-09-04,04,KERCK1G2_7_B1,KERCK1G2_7_B1,KERCK1G2_7_B1,RTPD,LMP,LMP_PRC,KERCK1G2_7_B1,ALL,1,98.99761,4,161
2022-09-04T11:45:00-00:00,2022-09-04T12:00:00-00:00,2022-09-04,05,KERCK1G2_7_B1,KERCK1G2_7_B1,KERCK1G2_7_B1,RTPD,LMP,LMP_PRC,KERCK1G2_7_B1,ALL,1,81.2288,4,161
2022-09-04T12:45:00-00:00,2022-09-04T13:00:00-00:00,2022-09-04,06,KERCK1G2_7_B1,KERCK1G2_7_B1,KERCK1G2_7_B1,RTPD,LMP,LMP_PRC,KERCK1G2_7_B1,ALL,1,79.57731,4,161
2022-09-04T13:45:00-00:00,2022-09-04T14:00:00-00:00,2022-09-04,07,KERCK1G2_7_B1,KERCK1G2_7_B1,KERCK1G2_7_B1,RTPD,LMP,LMP_PRC,KERCK1G2_7_B1,ALL,1,34.94735,4,161
2022-09-04T14:45:00-00:00,2022-09-04T15:00:00-00:00,2022-09-04,08,KERCK1G2_7_B1,KERCK1G2_7_B1,KERCK1G2_7_B1,RTPD,LMP,LMP_PRC,KERCK1G2_7_B1,ALL,1,38.17568,4,161
2022-09-04T15:45:00-00:00,2022-09-04T16:00:00-00:00,2022-09-04,09,KERCK1G2_7_B1,KERCK1G2_7_B1,KERCK1G2_7_B1,RTPD,LMP,LMP_PRC,KERCK1G2_7_B1,ALL,1,4.45957,4,161
2022-09-04T16:45:00-00:00,2022-09-04T17:00:00-00:00,2022-09-04,10,KERCK1G2_7_B1,KERCK1G2_7_B1,KERCK1G2_7_B1,RTPD,LMP,LMP_PRC,KERCK1G2_7_B1,ALL,1,1.24928,4,161
2022-09-04T17:45:00-00:00,2022-09-04T18:00:00-00:00,2022-09-04,11,KERCK1G2_7_B1,KERCK1G2_7_B1,KERCK1G2_7_B1,RTPD,LMP,LMP_PRC,KERCK1G2_7_B1,ALL,1,2.66838,4,161
2022-09-04T18:45:00-00:00,2022-09-04T19:00:00-00:00,2022-09-04,12,KERCK1G2_7_B1,KERCK1G2_7_B1,KERCK1G2_7_B1,RTPD,LMP,LMP_PRC,KERCK1G2_7_B1,ALL,1,68.85452,4,161
2022-09-04T19:45:00-00:00,2022-09-04T20:00:00-00:00,2022-09-04,13,KERCK1G2_7_B1,KERCK1G2_7_B1,KERCK1G2_7_B1,RTPD,LMP,LMP_PRC,KERCK1G2_7_B1,ALL,1,51.47565,4,161
2022-09-04T20:45:00-00:00,2022-09-04T21:00:00-00:00,2022-09-04,14,KERCK1G2_7_B1,KERCK1G2_7_B1,KERCK1G2_7_B1,RTPD,LMP,LMP_PRC,KERCK1G2_7_B1,ALL,1,81.72538,4,161
2022-09-04T21:45:00-00:00,2022-09-04T22:00:00-00:00,2022-09-04,15,KERCK1G2_7_B1,KERCK1G2_7_B1,KERCK1G2_7_B1,RTPD,LMP,LMP_PRC,KERCK1G2_7_B1,ALL,1,82.10485,4,161
2022-09-04T22:45:00-00:00,2022-09-04T23:00:00-00:00,2022-09-04,16,KERCK1G2_7_B1,KERCK1G2_7_B1,KERCK1G2_7_B1,RTPD,LMP,LMP_PRC,KERCK1G2_7_B1,ALL,1,122.26156,4,161
2022-09-04T23:45:00-00:00,2022-09-05T00:00:00-00:00,2022-09-04,17,KERCK1G2_7_B1,KERCK1G2_7_B1,KERCK1G2_7_B1,RTPD,LMP,LMP_PRC,KERCK1G2_7_B1,ALL,1,135.376,4,161
2022-09-05T00:45:00-00:00,2022-09-05T01:00:00-00:00,2022-09-04,18,KERCK1G2_7_B1,KERCK1G2_7_B1,KERCK1G2_7_B1,RTPD,LMP,LMP_PRC,KERCK1G2_7_B1,ALL,1,154.17883,4,161
2022-09-05T01:45:00-00:00,2022-09-05T02:00:00-00:00,2022-09-04,19,KERCK1G2_7_B1,KERCK1G2_7_B1,KERCK1G2_7_B1,RTPD,LMP,LMP_PRC,KERCK1G2_7_B1,ALL,1,1223.5155,4,161
2022-09-05T02:45:00-00:00,2022-09-05T03:00:00-00:00,2022-09-04,20,KERCK1G2_7_B1,KERCK1G2_7_B1,KERCK1G2_7_B1,RTPD,LMP,LMP_PRC,KERCK1G2_7_B1,ALL,1,134.63264,4,161
2022-09-05T03:45:00-00:00,2022-09-05T04:00:00-00:00,2022-09-04,21,KERCK1G2_7_B1,KERCK1G2_7_B1,KERCK1G2_7_B1,RTPD,LMP,LMP_PRC,KERCK1G2_7_B1,ALL,1,144.22977,4,161
2022-09-05T04:45:00-00:00,2022-09-05T05:00:00-00:00,2022-09-04,22,KERCK1G2_7_B1,KERCK1G2_7_B1,KERCK1G2_7_B1,RTPD,LMP,LMP_PRC,KERCK1G2_7_B1,ALL,1,154.28857,4,161
2022-09-05T05:45:00-00:00,2022-09-05T06:00:00-00:00,2022-09-04,23,KERCK1G2_7_B1,KERCK1G2_7_B1,KERCK1G2_7_B1,RTPD,LMP,LMP_PRC,KERCK1G2_7_B1,ALL,1,112.33762,4,161
2022-09-05T06:45:00-00:00,2022-09-05T07:00:00-00:00,2022-09-04,24,KERCK1G2_7_B1,KERCK1G2_7_B1,KERCK1G2_7_B1,RTPD,LMP,LMP_PRC,KERCK1G2_7_B1,ALL,1,95.65559,4,161
2022-09-04T07:00:00-00:00,2022-09-04T07:15:00-00:00,2022-09-04,01,KERCK1G2_7_B1,KERCK1G2_7_B1,KERCK1G2_7_B1,RTPD,MCC,LMP_CONG_PRC,KERCK1G2_7_B1,ALL,1,2.05577,1,162
2022-09-04T08:00:00-00:00,2022-09-04T08:15:00-00:00,2022-09-04,02,KERCK1G2_7_B1,KERCK1G2_7_B1,KERCK1G2_7_B1,RTPD,MCC,LMP_CONG_PRC,KERCK1G2_7_B1,ALL,1,11.23569,1,162
2022-09-04T09:00:00-00:00,2022-09-04T09:15:00-00:00,2022-09-04,03,KERCK1G2_7_B1,KERCK1G2_7_B1,KERCK1G2_7_B1,RTPD,MCC,LMP_CONG_PRC,KERCK1G2_7_B1,ALL,1,40.32826,1,162
2022-09-04T10:00:00-00:00,2022-09-04T10:15:00-00:00,2022-09-04,04,KERCK1G2_7_B1,KERCK1G2_7_B1,KERCK1G2_7_B1,RTPD,MCC,LMP_CONG_PRC,KERCK1G2_7_B1,ALL,1,18.5885,1,162
2022-09-04T11:00:00-00:00,2022-09-04T11:15:00-00:00,2022-09-04,05,KERCK1G2_7_B1,KERCK1G2_7_B1,KERCK1G2_7_B1,RTPD,MCC,LMP_CONG_PRC,KERCK1G2_7_B1,ALL,1,6.03972,1,162
2022-09-04T12:00:00-00:00,2022-09-04T12:15:00-00:00,2022-09-04,06,KERCK1G2_7_B1,KERCK1G2_7_B1,KERCK1G2_7_B1,RTPD,MCC,LMP_CONG_PRC,KERCK1G2_7_B1,ALL,1,-9.47733,1,162
2022-09-04T13:00:00-00:00,2022-09-04T13:15:00-00:00,2022-09-04,07,KERCK1G2_7_B1,KERCK1G2_7_B1,KERCK1G2_7_B1,RTPD,MCC,LMP_CONG_PRC,KERCK1G2_7_B1,ALL,1,-20.01074,1,162
2022-09-04T14:00:00-00:00,2022-09-04T14:15:00-00:00,2022-09-04,08,KERCK1G2_7_B1,KERCK1G2_7_B1,KERCK1G2_7_B1,RTPD,MCC,LMP_CONG_PRC,KERCK1G2_7_B1,ALL,1,-10.31588,1,162
2022-09-04T15:00:00-00:00,2022-09-04T15:15:00-00:00,2022-09-04,09,KERCK1G2_7_B1,KERCK1G2_7_B1,KERCK1G2_7_B1,RTPD,MCC,LMP_CONG_PRC,KERCK1G2_7_B1,ALL,1,-8.94581,1,162
2022-09-04T16:00:00-00:00,2022-09-04T16:15:00-00:00,2022-09-04,10,KERCK1G2_7_B1,KERCK1G2_7_B1,KERCK1G2_7_B1,RTPD,MCC,LMP_CONG_PRC,KERCK1G2_7_B1,ALL,1,-51.41915,1,162
2022-09-04T17:00:00-00:00,2022-09-04T17:15:00-00:00,2022-09-04,11,KERCK1G2_7_B1,KERCK1G2_7_B1,KERCK1G2_7_B1,RTPD,MCC,LMP_CONG_PRC,KERCK1G2_7_B1,ALL,1,-62.49721,1,162
2022-09-04T18:00:00-00:00,2022-09-04T18:15:00-00:00,2022-09-04,12,KERCK1G2_7_B1,KERCK1G2_7_B1,KERCK1G2_7_B1,RTPD,MCC,LMP_CONG_PRC,KERCK1G2_7_B1,ALL,1,-63.45777,1,162
2022-09-04T19:00:00-00:00,2022-09-04T19:15:00-00:00,2022-09-04,13,KERCK1G2_7_B1,KERCK1G2_7_B1,KERCK1G2_7_B1,RTPD,MCC,LMP_CONG_PRC,KERCK1G2_7_B1,ALL,1,-46.95076,1,162
2022-09-04T20:00:00-00:00,2022-09-04T20:15:00-00:00,2022-09-04,14,KERCK1G2_7_B1,KERCK1G2_7_B1,KERCK1G2_7_B1,RTPD,MCC,LMP_CONG_PRC,KERCK1G2_7_B1,ALL,1,-17.80069,1,162
2022-09-04T21:00:00-00:00,2022-09-04T21:15:00-00:00,2022-09-04,15,KERCK1G2_7_B1,KERCK1G2_7_B1,KERCK1G2_7_B1,RTPD,MCC,LMP_CONG_PRC,KERCK1G2_7_B1,ALL,1,-30.15831,1,162
2022-09-04T22:00:00-00:00,2022-09-04T22:15:00-00:00,2022-09-04,16,KERCK1G2_7_B1,KERCK1G2_7_B1,KERCK1G2_7_B1,RTPD,MCC,LMP_CONG_PRC,KERCK1G2_7_B1,ALL,1,-23.99555,1,162
2022-09-04T23:00:00-00:00,2022-09-04T23:15:00-00:00,2022-09-04,17,KERCK1G2_7_B1,KERCK1G2_7_B1,KERCK1G2_7_B1,RTPD,MCC,LMP_CONG_PRC,KERCK1G2_7_B1,ALL,1,-19.69987,1,162
2022-09-05T00:00:00-00:00,2022-09-05T00:15:00-00:00,2022-09-04,18,KERCK1G2_7_B1,KERCK1G2_7_B1,KERCK1G2_7_B1,RTPD,MCC,LMP_CONG_PRC,KERCK1G2_7_B1,ALL,1,-3.92461,1,162
2022-09-05T01:00:00-00:00,2022-09-05T01:15:00-00:00,2022-09-04,19,KERCK1G2_7_B1,KERCK1G2_7_B1,KERCK1G2_7_B1,RTPD,MCC,LMP_CONG_PRC,KERCK1G2_7_B1,ALL,1,-37.97852,1,162
2022-09-05T02:00:00-00:00,2022-09-05T02:15:00-00:00,2022-09-04,20,KERCK1G2_7_B1,KERCK1G2_7_B1,KERCK1G2_7_B1,RTPD,MCC,LMP_CONG_PRC,KERCK1G2_7_B1,ALL,1,24.71034,1,162
2022-09-05T03:00:00-00:00,2022-09-05T03:15:00-00:00,2022-09-04,21,KERCK1G2_7_B1,KERCK1G2_7_B1,KERCK1G2_7_B1,RTPD,MCC,LMP_CONG_PRC,KERCK1G2_7_B1,ALL,1,856.48773,1,162
2022-09-05T04:00:00-00:00,2022-09-05T04:15:00-00:00,2022-09-04,22,KERCK1G2_7_B1,KERCK1G2_7_B1,KERCK1G2_7_B1,RTPD,MCC,LMP_CONG_PRC,KERCK1G2_7_B1,ALL,1,20.25599,1,162
2022-09-05T05:00:00-00:00,2022-09-05T05:15:00-00:00,2022-09-04,23,KERCK1G2_7_B1,KERCK1G2_7_B1,KERCK1G2_7_B1,RTPD,MCC,LMP_CONG_PRC,KERCK1G2_7_B1,ALL,1,22.6068,1,162
2022-09-05T06:00:00-00:00,2022-09-05T06:15:00-00:00,2022-09-04,24,KERCK1G2_7_B1,KERCK1G2_7_B1,KERCK1G2_7_B1,RTPD,MCC,LMP_CONG_PRC,KERCK1G2_7_B1,ALL,1,13.08386,1,162
2022-09-04T07:15:00-00:00,2022-09-04T07:30:00-00:00,2022-09-04,01,KERCK1G2_7_B1,KERCK1G2_7_B1,KERCK1G2_7_B1,RTPD,MCC,LMP_CONG_PRC,KERCK1G2_7_B1,ALL,1,7.27515,2,162
2022-09-04T08:15:00-00:00,2022-09-04T08:30:00-00:00,2022-09-04,02,KERCK1G2_7_B1,KERCK1G2_7_B1,KERCK1G2_7_B1,RTPD,MCC,LMP_CONG_PRC,KERCK1G2_7_B1,ALL,1,32.43741,2,162
2022-09-04T09:15:00-00:00,2022-09-04T09:30:00-00:00,2022-09-04,03,KERCK1G2_7_B1,KERCK1G2_7_B1,KERCK1G2_7_B1,RTPD,MCC,LMP_CONG_PRC,KERCK1G2_7_B1,ALL,1,21.67214,2,162
2022-09-04T10:15:00-00:00,2022-09-04T10:30:00-00:00,2022-09-04,04,KERCK1G2_7_B1,KERCK1G2_7_B1,KERCK1G2_7_B1,RTPD,MCC,LMP_CONG_PRC,KERCK1G2_7_B1,ALL,1,20.65974,2,162
2022-09-04T11:15:00-00:00,2022-09-04T11:30:00-00:00,2022-09-04,05,KERCK1G2_7_B1,KERCK1G2_7_B1,KERCK1G2_7_B1,RTPD,MCC,LMP_CONG_PRC,KERCK1G2_7_B1,ALL,1,40.67454,2,162
2022-09-04T12:15:00-00:00,2022-09-04T12:30:00-00:00,2022-09-04,06,KERCK1G2_7_B1,KERCK1G2_7_B1,KERCK1G2_7_B1,RTPD,MCC,LMP_CONG_PRC,KERCK1G2_7_B1,ALL,1,-9.42778,2,162
2022-09-04T13:15:00-00:00,2022-09-04T13:30:00-00:00,2022-09-04,07,KERCK1G2_7_B1,KERCK1G2_7_B1,KERCK1G2_7_B1,RTPD,MCC,LMP_CONG_PRC,KERCK1G2_7_B1,ALL,1,-29.57464,2,162
2022-09-04T14:15:00-00:00,2022-09-04T14:30:00-00:00,2022-09-04,08,KERCK1G2_7_B1,KERCK1G2_7_B1,KERCK1G2_7_B1,RTPD,MCC,LMP_CONG_PRC,KERCK1G2_7_B1,ALL,1,-10.36575,2,162
2022-09-04T15:15:00-00:00,2022-09-04T15:30:00-00:00,2022-09-04,09,KERCK1G2_7_B1,KERCK1G2_7_B1,KERCK1G2_7_B1,RTPD,MCC,LMP_CONG_PRC,KERCK1G2_7_B1,ALL,1,-19.10624,2,162
2022-09-04T16:15:00-00:00,2022-09-04T16:30:00-00:00,2022-09-04,10,KERCK1G2_7_B1,KERCK1G2_7_B1,KERCK1G2_7_B1,RTPD,MCC,LMP_CONG_PRC,KERCK1G2_7_B1,ALL,1,-53.16677,2,162
2022-09-04T17:15:00-00:00,2022-09-04T17:30:00-00:00,2022-09-04,11,KERCK1G2_7_B1,KERCK1G2_7_B1,KERCK1G2_7_B1,RTPD,MCC,LMP_CONG_PRC,KERCK1G2_7_B1,ALL,1,-71.74091,2,162
2022-09-04T18:15:00-00:00,2022-09-04T18:30:00-00:00,2022-09-04,12,KERCK1G2_7_B1,KERCK1G2_7_B1,KERCK1G2_7_B1,RTPD,MCC,LMP_CONG_PRC,KERCK1G2_7_B1,ALL,1,-68.61512,2,162
2022-09-04T19:15:00-00:00,2022-09-04T19:30:00-00:00,2022-09-04,13,KERCK1G2_7_B1,KERCK1G2_7_B1,KERCK1G2_7_B1,RTPD,MCC,LMP_CONG_PRC,KERCK1G2_7_B1,ALL,1,-33.93611,2,162
2022-09-04T20:15:00-00:00,2022-09-04T20:30:00-00:00,2022-09-04,14,KERCK1G2_7_B1,KERCK1G2_7_B1,KERCK1G2_7_B1,RTPD,MCC,LMP_CONG_PRC,KERCK1G2_7_B1,ALL,1,-19.62636,2,162
2022-09-04T21:15:00-00:00,2022-09-04T21:30:00-00:00,2022-09-04,15,KERCK1G2_7_B1,KERCK1G2_7_B1,KERCK1G2_7_B1,RTPD,MCC,LMP_CONG_PRC,KERCK1G2_7_B1,ALL,1,-35.2479,2,162
2022-09-04T22:15:00-00:00,2022-09-04T22:30:00-00:00,2022-09-04,16,KERCK1G2_7_B1,KERCK1G2_7_B1,KERCK1G2_7_B1,RTPD,MCC,LMP_CONG_PRC,KERCK1G2_7_B1,ALL,1,-20.56377,2,162
2022-09-04T23:15:00-00:00,2022-09-04T23:30:00-00:00,2022-09-04,17,KERCK1G2_7_B1,KERCK1G2_7_B1,KERCK1G2_7_B1,RTPD,MCC,LMP_CONG_PRC,KERCK1G2_7_B1,ALL,1,-7.54713,2,162
2022-09-05T00:15:00-00:00,2022-09-05T00:30:00-00:00,2022-09-04,18,KERCK1G2_7_B1,KERCK1G2_7_B1,KERCK1G2_7_B1,RTPD,MCC,LMP_CONG_PRC,KERCK1G2_7_B1,ALL,1,-83.36562,2,162
2022-09-05T01:15:00-00:00,2022-09-05T01:30:00-00:00,2022-09-04,19,KERCK1G2_7_B1,KERCK1G2_7_B1,KERCK1G2_7_B1,RTPD,MCC,LMP_CONG_PRC,KERCK1G2_7_B1,ALL,1,-0.15473,2,162
2022-09-05T02:15:00-00:00,2022-09-05T02:30:00-00:00,2022-09-04,20,KERCK1G2_7_B1,KERCK1G2_7_B1,KERCK1G2_7_B1,RTPD,MCC,LMP_CONG_PRC,KERCK1G2_7_B1,ALL,1,38.06385,2,162
2022-09-05T03:15:00-00:00,2022-09-05T03:30:00-00:00,2022-09-04,21,KERCK1G2_7_B1,KERCK1G2_7_B1,KERCK1G2_7_B1,RTPD,MCC,LMP_CONG_PRC,KERCK1G2_7_B1,ALL,1,839.8884,2,162
2022-09-05T04:15:00-00:00,2022-09-05T04:30:00-00:00,2022-09-04,22,KERCK1G2_7_B1,KERCK1G2_7_B1,KERCK1G2_7_B1,RTPD,MCC,LMP_CONG_PRC,KERCK1G2_7_B1,ALL,1,16.50276,2,162
2022-09-05T05:15:00-00:00,2022-09-05T05:30:00-00:00,2022-09-04,23,KERCK1G2_7_B1,KERCK1G2_7_B1,KERCK1G2_7_B1,RTPD,MCC,LMP_CONG_PRC,KERCK1G2_7_B1,ALL,1,22.96694,2,162
2022-09-05T06:15:00-00:00,2022-09-05T06:30:00-00:00,2022-09-04,24,KERCK1G2_7_B1,KERCK1G2_7_B1,KERCK1G2_7_B1,RTPD,MCC,LMP_CONG_PRC,KERCK1G2_7_B1,ALL,1,12.65226,2,162
2022-09-04T07:30:00-00:00,2022-09-04T07:45:00-00:00,2022-09-04,01,KERCK1G2_7_B1,KERCK1G2_7_B1,KERCK1G2_7_B1,RTPD,MCC,LMP_CONG_PRC,KERCK1G2_7_B1,ALL,1,3.59677,3,162
2022-09-04T08:30:00-00:00,2022-09-04T08:45:00-00:00,2022-09-04,02,KERCK1G2_7_B1,KERCK1G2_7_B1,KERCK1G2_7_B1,RTPD,MCC,LMP_CONG_PRC,KERCK1G2_7_B1,ALL,1,40.65116,3,162
2022-09-04T09:30:00-00:00,2022-09-04T09:45:00-00:00,2022-09-04,03,KERCK1G2_7_B1,KERCK1G2_7_B1,KERCK1G2_7_B1,RTPD,MCC,LMP_CONG_PRC,KERCK1G2_7_B1,ALL,1,14.74974,3,162
2022-09-04T10:30:00-00:00,2022-09-04T10:45:00-00:00,2022-09-04,04,KERCK1G2_7_B1,KERCK1G2_7_B1,KERCK1G2_7_B1,RTPD,MCC,LMP_CONG_PRC,KERCK1G2_7_B1,ALL,1,30.63558,3,162
2022-09-04T11:30:00-00:00,2022-09-04T11:45:00-00:00,2022-09-04,05,KERCK1G2_7_B1,KERCK1G2_7_B1,KERCK1G2_7_B1,RTPD,MCC,LMP_CONG_PRC,KERCK1G2_7_B1,ALL,1,41.09608,3,162
2022-09-04T12:30:00-00:00,2022-09-04T12:45:00-00:00,2022-09-04,06,KERCK1G2_7_B1,KERCK1G2_7_B1,KERCK1G2_7_B1,RTPD,MCC,LMP_CONG_PRC,KERCK1G2_7_B1,ALL,1,-10.30898,3,162
2022-09-04T13:30:00-00:00,2022-09-04T13:45:00-00:00,2022-09-04,07,KERCK1G2_7_B1,KERCK1G2_7_B1,KERCK1G2_7_B1,RTPD,MCC,LMP_CONG_PRC,KERCK1G2_7_B1,ALL,1,-35.25595,3,162
2022-09-04T14:30:00-00:00,2022-09-04T14:45:00-00:00,2022-09-04,08,KERCK1G2_7_B1,KERCK1G2_7_B1,KERCK1G2_7_B1,RTPD,MCC,LMP_CONG_PRC,KERCK1G2_7_B1,ALL,1,-8.50651,3,162
2022-09-04T15:30:00-00:00,2022-09-04T15:45:00-00:00,2022-09-04,09,KERCK1G2_7_B1,KERCK1G2_7_B1,KERCK1G2_7_B1,RTPD,MCC,LMP_CONG_PRC,KERCK1G2_7_B1,ALL,1,-22.69619,3,162
2022-09-04T16:30:00-00:00,2022-09-04T16:45:00-00:00,2022-09-04,10,KERCK1G2_7_B1,KERCK1G2_7_B1,KERCK1G2_7_B1,RTPD,MCC,LMP_CONG_PRC,KERCK1G2_7_B1,ALL,1,-54.12695,3,162
2022-09-04T17:30:00-00:00,2022-09-04T17:45:00-00:00,2022-09-04,11,KERCK1G2_7_B1,KERCK1G2_7_B1,KERCK1G2_7_B1,RTPD,MCC,LMP_CONG_PRC,KERCK1G2_7_B1,ALL,1,-72.15237,3,162
2022-09-04T18:30:00-00:00,2022-09-04T18:45:00-00:00,2022-09-04,12,KERCK1G2_7_B1,KERCK1G2_7_B1,KERCK1G2_7_B1,RTPD,MCC,LMP_CONG_PRC,KERCK1G2_7_B1,ALL,1,-32.60756,3,162
2022-09-04T19:30:00-00:00,2022-09-04T19:45:00-00:00,2022-09-04,13,KERCK1G2_7_B1,KERCK1G2_7_B1,KERCK1G2_7_B1,RTPD,MCC,LMP_CONG_PRC,KERCK1G2_7_B1,ALL,1,-37.46701,3,162
2022-09-04T20:30:00-00:00,2022-09-04T20:45:00-00:00,2022-09-04,14,KERCK1G2_7_B1,KERCK1G2_7_B1,KERCK1G2_7_B1,RTPD,MCC,LMP_CONG_PRC,KERCK1G2_7_B1,ALL,1,-39.85688,3,162
2022-09-04T21:30:00-00:00,2022-09-04T21:45:00-00:00,2022-09-04,15,KERCK1G2_7_B1,KERCK1G2_7_B1,KERCK1G2_7_B1,RTPD,MCC,LMP_CONG_PRC,KERCK1G2_7_B1,ALL,1,-27.22195,3,162
2022-09-04T22:30:00-00:00,2022-09-04T22:45:00-00:00,2022-09-04,16,KERCK1G2_7_B1,KERCK1G2_7_B1,KERCK1G2_7_B1,RTPD,MCC,LMP_CONG_PRC,KERCK1G2_7_B1,ALL,1,-18.91291,3,162
2022-09-04T23:30:00-00:00,2022-09-04T23:45:00-00:00,2022-09-04,17,KERCK1G2_7_B1,KERCK1G2_7_B1,KERCK1G2_7_B1,RTPD,MCC,LMP_CONG_PRC,KERCK1G2_7_B1,ALL,1,-10.51184,3,162
2022-09-05T00:30:00-00:00,2022-09-05T00:45:00-00:00,2022-09-04,18,KERCK1G2_7_B1,KERCK1G2_7_B1,KERCK1G2_7_B1,RTPD,MCC,LMP_CONG_PRC,KERCK1G2_7_B1,ALL,1,-36.00761,3,162
2022-09-05T01:30:00-00:00,2022-09-05T01:45:00-00:00,2022-09-04,19,KERCK1G2_7_B1,KERCK1G2_7_B1,KERCK1G2_7_B1,RTPD,MCC,LMP_CONG_PRC,KERCK1G2_7_B1,ALL,1,397.32785,3,162
2022-09-05T02:30:00-00:00,2022-09-05T02:45:00-00:00,2022-09-04,20,KERCK1G2_7_B1,KERCK1G2_7_B1,KERCK1G2_7_B1,RTPD,MCC,LMP_CONG_PRC,KERCK1G2_7_B1,ALL,1,14.78609,3,162
2022-09-05T03:30:00-00:00,2022-09-05T03:45:00-00:00,2022-09-04,21,KERCK1G2_7_B1,KERCK1G2_7_B1,KERCK1G2_7_B1,RTPD,MCC,LMP_CONG_PRC,KERCK1G2_7_B1,ALL,1,688.5175,3,162
2022-09-05T04:30:00-00:00,2022-09-05T04:45:00-00:00,2022-09-04,22,KERCK1G2_7_B1,KERCK1G2_7_B1,KERCK1G2_7_B1,RTPD,MCC,LMP_CONG_PRC,KERCK1G2_7_B1,ALL,1,18.2857,3,162
2022-09-05T05:30:00-00:00,2022-09-05T05:45:00-00:00,2022-09-04,23,KERCK1G2_7_B1,KERCK1G2_7_B1,KERCK1G2_7_B1,RTPD,MCC,LMP_CONG_PRC,KERCK1G2_7_B1,ALL,1,15.32059,3,162
2022-09-05T06:30:00-00:00,2022-09-05T06:45:00-00:00,2022-09-04,24,KERCK1G2_7_B1,KERCK1G2_7_B1,KERCK1G2_7_B1,RTPD,MCC,LMP_CONG_PRC,KERCK1G2_7_B1,ALL,1,4.09743,3,162
2022-09-04T07:45:00-00:00,2022-09-04T08:00:00-00:00,2022-09-04,01,KERCK1G2_7_B1,KERCK1G2_7_B1,KERCK1G2_7_B1,RTPD,MCC,LMP_CONG_PRC,KERCK1G2_7_B1,ALL,1,51.37909,4,162
2022-09-04T08:45:00-00:00,2022-09-04T09:00:00-00:00,2022-09-04,02,KERCK1G2_7_B1,KERCK1G2_7_B1,KERCK1G2_7_B1,RTPD,MCC,LMP_CONG_PRC,KERCK1G2_7_B1,ALL,1,41.28787,4,162
2022-09-04T09:45:00-00:00,2022-09-04T10:00:00-00:00,2022-09-04,03,KERCK1G2_7_B1,KERCK1G2_7_B1,KERCK1G2_7_B1,RTPD,MCC,LMP_CONG_PRC,KERCK1G2_7_B1,ALL,1,15.84578,4,162
2022-09-04T10:45:00-00:00,2022-09-04T11:00:00-00:00,2022-09-04,04,KERCK1G2_7_B1,KERCK1G2_7_B1,KERCK1G2_7_B1,RTPD,MCC,LMP_CONG_PRC,KERCK1G2_7_B1,ALL,1,8.44512,4,162
2022-09-04T11:45:00-00:00,2022-09-04T12:00:00-00:00,2022-09-04,05,KERCK1G2_7_B1,KERCK1G2_7_B1,KERCK1G2_7_B1,RTPD,MCC,LMP_CONG_PRC,KERCK1G2_7_B1,ALL,1,-8.15872,4,162
2022-09-04T12:45:00-00:00,2022-09-04T13:00:00-00:00,2022-09-04,06,KERCK1G2_7_B1,KERCK1G2_7_B1,KERCK1G2_7_B1,RTPD,MCC,LMP_CONG_PRC,KERCK1G2_7_B1,ALL,1,-11.52432,4,162
2022-09-04T13:45:00-00:00,2022-09-04T14:00:00-00:00,2022-09-04,07,KERCK1G2_7_B1,KERCK1G2_7_B1,KERCK1G2_7_B1,RTPD,MCC,LMP_CONG_PRC,KERCK1G2_7_B1,ALL,1,-32.70785,4,162
2022-09-04T14:45:00-00:00,2022-09-04T15:00:00-00:00,2022-09-04,08,KERCK1G2_7_B1,KERCK1G2_7_B1,KERCK1G2_7_B1,RTPD,MCC,LMP_CONG_PRC,KERCK1G2_7_B1,ALL,1,-21.15715,4,162
2022-09-04T15:45:00-00:00,2022-09-04T16:00:00-00:00,2022-09-04,09,KERCK1G2_7_B1,KERCK1G2_7_B1,KERCK1G2_7_B1,RTPD,MCC,LMP_CONG_PRC,KERCK1G2_7_B1,ALL,1,-40.91558,4,162
2022-09-04T16:45:00-00:00,2022-09-04T17:00:00-00:00,2022-09-04,10,KERCK1G2_7_B1,KERCK1G2_7_B1,KERCK1G2_7_B1,RTPD,MCC,LMP_CONG_PRC,KERCK1G2_7_B1,ALL,1,-58.55226,4,162
2022-09-04T17:45:00-00:00,2022-09-04T18:00:00-00:00,2022-09-04,11,KERCK1G2_7_B1,KERCK1G2_7_B1,KERCK1G2_7_B1,RTPD,MCC,LMP_CONG_PRC,KERCK1G2_7_B1,ALL,1,-82.48192,4,162
2022-09-04T18:45:00-00:00,2022-09-04T19:00:00-00:00,2022-09-04,12,KERCK1G2_7_B1,KERCK1G2_7_B1,KERCK1G2_7_B1,RTPD,MCC,LMP_CONG_PRC,KERCK1G2_7_B1,ALL,1,-27.72703,4,162
2022-09-04T19:45:00-00:00,2022-09-04T20:00:00-00:00,2022-09-04,13,KERCK1G2_7_B1,KERCK1G2_7_B1,KERCK1G2_7_B1,RTPD,MCC,LMP_CONG_PRC,KERCK1G2_7_B1,ALL,1,-53.20311,4,162
2022-09-04T20:45:00-00:00,2022-09-04T21:00:00-00:00,2022-09-04,14,KERCK1G2_7_B1,KERCK1G2_7_B1,KERCK1G2_7_B1,RTPD,MCC,LMP_CONG_PRC,KERCK1G2_7_B1,ALL,1,-33.15561,4,162
2022-09-04T21:45:00-00:00,2022-09-04T22:00:00-00:00,2022-09-04,15,KERCK1G2_7_B1,KERCK1G2_7_B1,KERCK1G2_7_B1,RTPD,MCC,LMP_CONG_PRC,KERCK1G2_7_B1,ALL,1,-61.24881,4,162
2022-09-04T22:45:00-00:00,2022-09-04T23:00:00-00:00,2022-09-04,16,KERCK1G2_7_B1,KERCK1G2_7_B1,KERCK1G2_7_B1,RTPD,MCC,LMP_CONG_PRC,KERCK1G2_7_B1,ALL,1,-21.44522,4,162
2022-09-04T23:45:00-00:00,2022-09-05T00:00:00-00:00,2022-09-04,17,KERCK1G2_7_B1,KERCK1G2_7_B1,KERCK1G2_7_B1,RTPD,MCC,LMP_CONG_PRC,KERCK1G2_7_B1,ALL,1,-38.54834,4,162
2022-09-05T00:45:00-00:00,2022-09-05T01:00:00-00:00,2022-09-04,18,KERCK1G2_7_B1,KERCK1G2_7_B1,KERCK1G2_7_B1,RTPD,MCC,LMP_CONG_PRC,KERCK1G2_7_B1,ALL,1,-188.46692,4,162
2022-09-05T01:45:00-00:00,2022-09-05T02:00:00-00:00,2022-09-04,19,KERCK1G2_7_B1,KERCK1G2_7_B1,KERCK1G2_7_B1,RTPD,MCC,LMP_CONG_PRC,KERCK1G2_7_B1,ALL,1,344.74286,4,162
2022-09-05T02:45:00-00:00,2022-09-05T03:00:00-00:00,2022-09-04,20,KERCK1G2_7_B1,KERCK1G2_7_B1,KERCK1G2_7_B1,RTPD,MCC,LMP_CONG_PRC,KERCK1G2_7_B1,ALL,1,11.05622,4,162
2022-09-05T03:45:00-00:00,2022-09-05T04:00:00-00:00,2022-09-04,21,KERCK1G2_7_B1,KERCK1G2_7_B1,KERCK1G2_7_B1,RTPD,MCC,LMP_CONG_PRC,KERCK1G2_7_B1,ALL,1,16.44315,4,162
2022-09-05T04:45:00-00:00,2022-09-05T05:00:00-00:00,2022-09-04,22,KERCK1G2_7_B1,KERCK1G2_7_B1,KERCK1G2_7_B1,RTPD,MCC,LMP_CONG_PRC,KERCK1G2_7_B1,ALL,1,28.64126,4,162
2022-09-05T05:45:00-00:00,2022-09-05T06:00:00-00:00,2022-09-04,23,KERCK1G2_7_B1,KERCK1G2_7_B1,KERCK1G2_7_B1,RTPD,MCC,LMP_CONG_PRC,KERCK1G2_7_B1,ALL,1,7.06144,4,162
2022-09-05T06:45:00-00:00,2022-09-05T07:00:00-00:00,2022-09-04,24,KERCK1G2_7_B1,KERCK1G2_7_B1,KERCK1G2_7_B1,RTPD,MCC,LMP_CONG_PRC,KERCK1G2_7_B1,ALL,1,0.27383,4,162
2022-09-04T07:00:00-00:00,2022-09-04T07:15:00-00:00,2022-09-04,01,KERCK1G2_7_B1,KERCK1G2_7_B1,KERCK1G2_7_B1,RTPD,MCE,LMP_ENE_PRC,KERCK1G2_7_B1,ALL,1,105.77126,1,163
2022-09-04T08:00:00-00:00,2022-09-04T08:15:00-00:00,2022-09-04,02,KERCK1G2_7_B1,KERCK1G2_7_B1,KERCK1G2_7_B1,RTPD,MCE,LMP_ENE_PRC,KERCK1G2_7_B1,ALL,1,97.44538,1,163
2022-09-04T09:00:00-00:00,2022-09-04T09:15:00-00:00,2022-09-04,03,KERCK1G2_7_B1,KERCK1G2_7_B1,KERCK1G2_7_B1,RTPD,MCE,LMP_ENE_PRC,KERCK1G2_7_B1,ALL,1,87.9271,1,163
2022-09-04T10:00:00-00:00,2022-09-04T10:15:00-00:00,2022-09-04,04,KERCK1G2_7_B1,KERCK1G2_7_B1,KERCK1G2_7_B1,RTPD,MCE,LMP_ENE_PRC,KERCK1G2_7_B1,ALL,1,88.48894,1,163
2022-09-04T11:00:00-00:00,2022-09-04T11:15:00-00:00,2022-09-04,05,KERCK1G2_7_B1,KERCK1G2_7_B1,KERCK1G2_7_B1,RTPD,MCE,LMP_ENE_PRC,KERCK1G2_7_B1,ALL,1,82.79075,1,163
2022-09-04T12:00:00-00:00,2022-09-04T12:15:00-00:00,2022-09-04,06,KERCK1G2_7_B1,KERCK1G2_7_B1,KERCK1G2_7_B1,RTPD,MCE,LMP_ENE_PRC,KERCK1G2_7_B1,ALL,1,83.24035,1,163
2022-09-04T13:00:00-00:00,2022-09-04T13:15:00-00:00,2022-09-04,07,KERCK1G2_7_B1,KERCK1G2_7_B1,KERCK1G2_7_B1,RTPD,MCE,LMP_ENE_PRC,KERCK1G2_7_B1,ALL,1,75.91539,1,163
2022-09-04T14:00:00-00:00,2022-09-04T14:15:00-00:00,2022-09-04,08,KERCK1G2_7_B1,KERCK1G2_7_B1,KERCK1G2_7_B1,RTPD,MCE,LMP_ENE_PRC,KERCK1G2_7_B1,ALL,1,82.51639,1,163
2022-09-04T15:00:00-00:00,2022-09-04T15:15:00-00:00,2022-09-04,09,KERCK1G2_7_B1,KERCK1G2_7_B1,KERCK1G2_7_B1,RTPD,MCE,LMP_ENE_PRC,KERCK1G2_7_B1,ALL,1,74.24878,1,163
2022-09-04T16:00:00-00:00,2022-09-04T16:15:00-00:00,2022-09-04,10,KERCK1G2_7_B1,KERCK1G2_7_B1,KERCK1G2_7_B1,RTPD,MCE,LMP_ENE_PRC,KERCK1G2_7_B1,ALL,1,50.67669,1,163
2022-09-04T17:00:00-00:00,2022-09-04T17:15:00-00:00,2022-09-04,11,KERCK1G2_7_B1,KERCK1G2_7_B1,KERCK1G2_7_B1,RTPD,MCE,LMP_ENE_PRC,KERCK1G2_7_B1,ALL,1,59.2544,1,163
2022-09-04T18:00:00-00:00,2022-09-04T18:15:00-00:00,2022-09-04,12,KERCK1G2_7_B1,KERCK1G2_7_B1,KERCK1G2_7_B1,RTPD,MCE,LMP_ENE_PRC,KERCK1G2_7_B1,ALL,1,65.61656,1,163
2022-09-04T19:00:00-00:00,2022-09-04T19:15:00-00:00,2022-09-04,13,KERCK1G2_7_B1,KERCK1G2_7_B1,KERCK1G2_7_B1,RTPD,MCE,LMP_ENE_PRC,KERCK1G2_7_B1,ALL,1,76.33065,1,163
2022-09-04T20:00:00-00:00,2022-09-04T20:15:00-00:00,2022-09-04,14,KERCK1G2_7_B1,KERCK1G2_7_B1,KERCK1G2_7_B1,RTPD,MCE,LMP_ENE_PRC,KERCK1G2_7_B1,ALL,1,87.37588,1,163
2022-09-04T21:00:00-00:00,2022-09-04T21:15:00-00:00,2022-09-04,15,KERCK1G2_7_B1,KERCK1G2_7_B1,KERCK1G2_7_B1,RTPD,MCE,LMP_ENE_PRC,KERCK1G2_7_B1,ALL,1,101.84583,1,163
2022-09-04T22:00:00-00:00,2022-09-04T22:15:00-00:00,2022-09-04,16,KERCK1G2_7_B1,KERCK1G2_7_B1,KERCK1G2_7_B1,RTPD,MCE,LMP_ENE_PRC,KERCK1G2_7_B1,ALL,1,102.30289,1,163
2022-09-04T23:00:00-00:00,2022-09-04T23:15:00-00:00,2022-09-04,17,KERCK1G2_7_B1,KERCK1G2_7_B1,KERCK1G2_7_B1,RTPD,MCE,LMP_ENE_PRC,KERCK1G2_7_B1,ALL,1,105.66165,1,163
2022-09-05T00:00:00-00:00,2022-09-05T00:15:00-00:00,2022-09-04,18,KERCK1G2_7_B1,KERCK1G2_7_B1,KERCK1G2_7_B1,RTPD,MCE,LMP_ENE_PRC,KERCK1G2_7_B1,ALL,1,110.52872,1,163
2022-09-05T01:00:00-00:00,2022-09-05T01:15:00-00:00,2022-09-04,19,KERCK1G2_7_B1,KERCK1G2_7_B1,KERCK1G2_7_B1,RTPD,MCE,LMP_ENE_PRC,KERCK1G2_7_B1,ALL,1,160.46742,1,163
2022-09-05T02:00:00-00:00,2022-09-05T02:15:00-00:00,2022-09-04,20,KERCK1G2_7_B1,KERCK1G2_7_B1,KERCK1G2_7_B1,RTPD,MCE,LMP_ENE_PRC,KERCK1G2_7_B1,ALL,1,133.17627,1,163
2022-09-05T03:00:00-00:00,2022-09-05T03:15:00-00:00,2022-09-04,21,KERCK1G2_7_B1,KERCK1G2_7_B1,KERCK1G2_7_B1,RTPD,MCE,LMP_ENE_PRC,KERCK1G2_7_B1,ALL,1,137.62802,1,163
2022-09-05T04:00:00-00:00,2022-09-05T04:15:00-00:00,2022-09-04,22,KERCK1G2_7_B1,KERCK1G2_7_B1,KERCK1G2_7_B1,RTPD,MCE,LMP_ENE_PRC,KERCK1G2_7_B1,ALL,1,121.32223,1,163
2022-09-05T05:00:00-00:00,2022-09-05T05:15:00-00:00,2022-09-04,23,KERCK1G2_7_B1,KERCK1G2_7_B1,KERCK1G2_7_B1,RTPD,MCE,LMP_ENE_PRC,KERCK1G2_7_B1,ALL,1,138.27702,1,163
2022-09-05T06:00:00-00:00,2022-09-05T06:15:00-00:00,2022-09-04,24,KERCK1G2_7_B1,KERCK1G2_7_B1,KERCK1G2_7_B1,RTPD,MCE,LMP_ENE_PRC,KERCK1G2_7_B1,ALL,1,126.47824,1,163
2022-09-04T07:15:00-00:00,2022-09-04T07:30:00-00:00,2022-09-04,01,KERCK1G2_7_B1,KERCK1G2_7_B1,KERCK1G2_7_B1,RTPD,MCE,LMP_ENE_PRC,KERCK1G2_7_B1,ALL,1,98.33878,2,163
2022-09-04T08:15:00-00:00,2022-09-04T08:30:00-00:00,2022-09-04,02,KERCK1G2_7_B1,KERCK1G2_7_B1,KERCK1G2_7_B1,RTPD,MCE,LMP_ENE_PRC,KERCK1G2_7_B1,ALL,1,96.4335,2,163
2022-09-04T09:15:00-00:00,2022-09-04T09:30:00-00:00,2022-09-04,03,KERCK1G2_7_B1,KERCK1G2_7_B1,KERCK1G2_7_B1,RTPD,MCE,LMP_ENE_PRC,KERCK1G2_7_B1,ALL,1,85.33245,2,163
2022-09-04T10:15:00-00:00,2022-09-04T10:30:00-00:00,2022-09-04,04,KERCK1G2_7_B1,KERCK1G2_7_B1,KERCK1G2_7_B1,RTPD,MCE,LMP_ENE_PRC,KERCK1G2_7_B1,ALL,1,86.06959,2,163
2022-09-04T11:15:00-00:00,2022-09-04T11:30:00-00:00,2022-09-04,05,KERCK1G2_7_B1,KERCK1G2_7_B1,KERCK1G2_7_B1,RTPD,MCE,LMP_ENE_PRC,KERCK1G2_7_B1,ALL,1,82.18044,2,163
2022-09-04T12:15:00-00:00,2022-09-04T12:30:00-00:00,2022-09-04,06,KERCK1G2_7_B1,KERCK1G2_7_B1,KERCK1G2_7_B1,RTPD,MCE,LMP_ENE_PRC,KERCK1G2_7_B1,ALL,1,83.35782,2,163
2022-09-04T13:15:00-00:00,2022-09-04T13:30:00-00:00,2022-09-04,07,KERCK1G2_7_B1,KERCK1G2_7_B1,KERCK1G2_7_B1,RTPD,MCE,LMP_ENE_PRC,KERCK1G2_7_B1,ALL,1,70.93534,2,163
2022-09-04T14:15:00-00:00,2022-09-04T14:30:00-00:00,2022-09-04,08,KERCK1G2_7_B1,KERCK1G2_7_B1,KERCK1G2_7_B1,RTPD,MCE,LMP_ENE_PRC,KERCK1G2_7_B1,ALL,1,76.97029,2,163
2022-09-04T15:15:00-00:00,2022-09-04T15:30:00-00:00,2022-09-04,09,KERCK1G2_7_B1,KERCK1G2_7_B1,KERCK1G2_7_B1,RTPD,MCE,LMP_ENE_PRC,KERCK1G2_7_B1,ALL,1,66.57465,2,163
2022-09-04T16:15:00-00:00,2022-09-04T16:30:00-00:00,2022-09-04,10,KERCK1G2_7_B1,KERCK1G2_7_B1,KERCK1G2_7_B1,RTPD,MCE,LMP_ENE_PRC,KERCK1G2_7_B1,ALL,1,52.1482,2,163
2022-09-04T17:15:00-00:00,2022-09-04T17:30:00-00:00,2022-09-04,11,KERCK1G2_7_B1,KERCK1G2_7_B1,KERCK1G2_7_B1,RTPD,MCE,LMP_ENE_PRC,KERCK1G2_7_B1,ALL,1,69.2657,2,163
2022-09-04T18:15:00-00:00,2022-09-04T18:30:00-00:00,2022-09-04,12,KERCK1G2_7_B1,KERCK1G2_7_B1,KERCK1G2_7_B1,RTPD,MCE,LMP_ENE_PRC,KERCK1G2_7_B1,ALL,1,73.93472,2,163
2022-09-04T19:15:00-00:00,2022-09-04T19:30:00-00:00,2022-09-04,13,KERCK1G2_7_B1,KERCK1G2_7_B1,KERCK1G2_7_B1,RTPD,MCE,LMP_ENE_PRC,KERCK1G2_7_B1,ALL,1,86.63525,2,163
2022-09-04T20:15:00-00:00,2022-09-04T20:30:00-00:00,2022-09-04,14,KERCK1G2_7_B1,KERCK1G2_7_B1,KERCK1G2_7_B1,RTPD,MCE,LMP_ENE_PRC,KERCK1G2_7_B1,ALL,1,89.19764,2,163
2022-09-04T21:15:00-00:00,2022-09-04T21:30:00-00:00,2022-09-04,15,KERCK1G2_7_B1,KERCK1G2_7_B1,KERCK1G2_7_B1,RTPD,MCE,LMP_ENE_PRC,KERCK1G2_7_B1,ALL,1,111.99711,2,163
2022-09-04T22:15:00-00:00,2022-09-04T22:30:00-00:00,2022-09-04,16,KERCK1G2_7_B1,KERCK1G2_7_B1,KERCK1G2_7_B1,RTPD,MCE,LMP_ENE_PRC,KERCK1G2_7_B1,ALL,1,105.68133,2,163
2022-09-04T23:15:00-00:00,2022-09-04T23:30:00-00:00,2022-09-04,17,KERCK1G2_7_B1,KERCK1G2_7_B1,KERCK1G2_7_B1,RTPD,MCE,LMP_ENE_PRC,KERCK1G2_7_B1,ALL,1,106.64397,2,163
2022-09-05T00:15:00-00:00,2022-09-05T00:30:00-00:00,2022-09-04,18,KERCK1G2_7_B1,KERCK1G2_7_B1,KERCK1G2_7_B1,RTPD,MCE,LMP_ENE_PRC,KERCK1G2_7_B1,ALL,1,185.7071,2,163
2022-09-05T01:15:00-00:00,2022-09-05T01:30:00-00:00,2022-09-04,19,KERCK1G2_7_B1,KERCK1G2_7_B1,KERCK1G2_7_B1,RTPD,MCE,LMP_ENE_PRC,KERCK1G2_7_B1,ALL,1,283.75967,2,163
2022-09-05T02:15:00-00:00,2022-09-05T02:30:00-00:00,2022-09-04,20,KERCK1G2_7_B1,KERCK1G2_7_B1,KERCK1G2_7_B1,RTPD,MCE,LMP_ENE_PRC,KERCK1G2_7_B1,ALL,1,138.21387,2,163
2022-09-05T03:15:00-00:00,2022-09-05T03:30:00-00:00,2022-09-04,21,KERCK1G2_7_B1,KERCK1G2_7_B1,KERCK1G2_7_B1,RTPD,MCE,LMP_ENE_PRC,KERCK1G2_7_B1,ALL,1,125.70521,2,163
2022-09-05T04:15:00-00:00,2022-09-05T04:30:00-00:00,2022-09-04,22,KERCK1G2_7_B1,KERCK1G2_7_B1,KERCK1G2_7_B1,RTPD,MCE,LMP_ENE_PRC,KERCK1G2_7_B1,ALL,1,118.54421,2,163
2022-09-05T05:15:00-00:00,2022-09-05T05:30:00-00:00,2022-09-04,23,KERCK1G2_7_B1,KERCK1G2_7_B1,KERCK1G2_7_B1,RTPD,MCE,LMP_ENE_PRC,KERCK1G2_7_B1,ALL,1,140.66483,2,163
2022-09-05T06:15:00-00:00,2022-09-05T06:30:00-00:00,2022-09-04,24,KERCK1G2_7_B1,KERCK1G2_7_B1,KERCK1G2_7_B1,RTPD,MCE,LMP_ENE_PRC,KERCK1G2_7_B1,ALL,1,115.0785,2,163
2022-09-04T07:30:00-00:00,2022-09-04T07:45:00-00:00,2022-09-04,01,KERCK1G2_7_B1,KERCK1G2_7_B1,KERCK1G2_7_B1,RTPD,MCE,LMP_ENE_PRC,KERCK1G2_7_B1,ALL,1,93.67897,3,163
2022-09-04T08:30:00-00:00,2022-09-04T08:45:00-00:00,2022-09-04,02,KERCK1G2_7_B1,KERCK1G2_7_B1,KERCK1G2_7_B1,RTPD,MCE,LMP_ENE_PRC,KERCK1G2_7_B1,ALL,1,89.3153,3,163
2022-09-04T09:30:00-00:00,2022-09-04T09:45:00-00:00,2022-09-04,03,KERCK1G2_7_B1,KERCK1G2_7_B1,KERCK1G2_7_B1,RTPD,MCE,LMP_ENE_PRC,KERCK1G2_7_B1,ALL,1,82.76979,3,163
2022-09-04T10:30:00-00:00,2022-09-04T10:45:00-00:00,2022-09-04,04,KERCK1G2_7_B1,KERCK1G2_7_B1,KERCK1G2_7_B1,RTPD,MCE,LMP_ENE_PRC,KERCK1G2_7_B1,ALL,1,85.2941,3,163
2022-09-04T11:30:00-00:00,2022-09-04T11:45:00-00:00,2022-09-04,05,KERCK1G2_7_B1,KERCK1G2_7_B1,KERCK1G2_7_B1,RTPD,MCE,LMP_ENE_PRC,KERCK1G2_7_B1,ALL,1,81.7171,3,163
2022-09-04T12:30:00-00:00,2022-09-04T12:45:00-00:00,2022-09-04,06,KERCK1G2_7_B1,KERCK1G2_7_B1,KERCK1G2_7_B1,RTPD,MCE,LMP_ENE_PRC,KERCK1G2_7_B1,ALL,1,83.26354,3,163
2022-09-04T13:30:00-00:00,2022-09-04T13:45:00-00:00,2022-09-04,07,KERCK1G2_7_B1,KERCK1G2_7_B1,KERCK1G2_7_B1,RTPD,MCE,LMP_ENE_PRC,KERCK1G2_7_B1,ALL,1,69.8817,3,163
2022-09-04T14:30:00-00:00,2022-09-04T14:45:00-00:00,2022-09-04,08,KERCK1G2_7_B1,KERCK1G2_7_B1,KERCK1G2_7_B1,RTPD,MCE,LMP_ENE_PRC,KERCK1G2_7_B1,ALL,1,74.54818,3,163
2022-09-04T15:30:00-00:00,2022-09-04T15:45:00-00:00,2022-09-04,09,KERCK1G2_7_B1,KERCK1G2_7_B1,KERCK1G2_7_B1,RTPD,MCE,LMP_ENE_PRC,KERCK1G2_7_B1,ALL,1,58.25037,3,163
2022-09-04T16:30:00-00:00,2022-09-04T16:45:00-00:00,2022-09-04,10,KERCK1G2_7_B1,KERCK1G2_7_B1,KERCK1G2_7_B1,RTPD,MCE,LMP_ENE_PRC,KERCK1G2_7_B1,ALL,1,54.84481,3,163
2022-09-04T17:30:00-00:00,2022-09-04T17:45:00-00:00,2022-09-04,11,KERCK1G2_7_B1,KERCK1G2_7_B1,KERCK1G2_7_B1,RTPD,MCE,LMP_ENE_PRC,KERCK1G2_7_B1,ALL,1,69.84671,3,163
2022-09-04T18:30:00-00:00,2022-09-04T18:45:00-00:00,2022-09-04,12,KERCK1G2_7_B1,KERCK1G2_7_B1,KERCK1G2_7_B1,RTPD,MCE,LMP_ENE_PRC,KERCK1G2_7_B1,ALL,1,86.95818,3,163
2022-09-04T19:30:00-00:00,2022-09-04T19:45:00-00:00,2022-09-04,13,KERCK1G2_7_B1,KERCK1G2_7_B1,KERCK1G2_7_B1,RTPD,MCE,LMP_ENE_PRC,KERCK1G2_7_B1,ALL,1,102.56183,3,163
2022-09-04T20:30:00-00:00,2022-09-04T20:45:00-00:00,2022-09-04,14,KERCK1G2_7_B1,KERCK1G2_7_B1,KERCK1G2_7_B1,RTPD,MCE,LMP_ENE_PRC,KERCK1G2_7_B1,ALL,1,107.67463,3,163
2022-09-04T21:30:00-00:00,2022-09-04T21:45:00-00:00,2022-09-04,15,KERCK1G2_7_B1,KERCK1G2_7_B1,KERCK1G2_7_B1,RTPD,MCE,LMP_ENE_PRC,KERCK1G2_7_B1,ALL,1,108.01974,3,163
2022-09-04T22:30:00-00:00,2022-09-04T22:45:00-00:00,2022-09-04,16,KERCK1G2_7_B1,KERCK1G2_7_B1,KERCK1G2_7_B1,RTPD,MCE,LMP_ENE_PRC,KERCK1G2_7_B1,ALL,1,114.08273,3,163
2022-09-04T23:30:00-00:00,2022-09-04T23:45:00-00:00,2022-09-04,17,KERCK1G2_7_B1,KERCK1G2_7_B1,KERCK1G2_7_B1,RTPD,MCE,LMP_ENE_PRC,KERCK1G2_7_B1,ALL,1,113.23912,3,163
2022-09-05T00:30:00-00:00,2022-09-05T00:45:00-00:00,2022-09-04,18,KERCK1G2_7_B1,KERCK1G2_7_B1,KERCK1G2_7_B1,RTPD,MCE,LMP_ENE_PRC,KERCK1G2_7_B1,ALL,1,146.1893,3,163
2022-09-05T01:30:00-00:00,2022-09-05T01:45:00-00:00,2022-09-04,19,KERCK1G2_7_B1,KERCK1G2_7_B1,KERCK1G2_7_B1,RTPD,MCE,LMP_ENE_PRC,KERCK1G2_7_B1,ALL,1,899.31366,3,163
2022-09-05T02:30:00-00:00,2022-09-05T02:45:00-00:00,2022-09-04,20,KERCK1G2_7_B1,KERCK1G2_7_B1,KERCK1G2_7_B1,RTPD,MCE,LMP_ENE_PRC,KERCK1G2_7_B1,ALL,1,124.31294,3,163
2022-09-05T03:30:00-00:00,2022-09-05T03:45:00-00:00,2022-09-04,21,KERCK1G2_7_B1,KERCK1G2_7_B1,KERCK1G2_7_B1,RTPD,MCE,LMP_ENE_PRC,KERCK1G2_7_B1,ALL,1,120.65321,3,163
2022-09-05T04:30:00-00:00,2022-09-05T04:45:00-00:00,2022-09-04,22,KERCK1G2_7_B1,KERCK1G2_7_B1,KERCK1G2_7_B1,RTPD,MCE,LMP_ENE_PRC,KERCK1G2_7_B1,ALL,1,117.97055,3,163
2022-09-05T05:30:00-00:00,2022-09-05T05:45:00-00:00,2022-09-04,23,KERCK1G2_7_B1,KERCK1G2_7_B1,KERCK1G2_7_B1,RTPD,MCE,LMP_ENE_PRC,KERCK1G2_7_B1,ALL,1,123.73156,3,163
2022-09-05T06:30:00-00:00,2022-09-05T06:45:00-00:00,2022-09-04,24,KERCK1G2_7_B1,KERCK1G2_7_B1,KERCK1G2_7_B1,RTPD,MCE,LMP_ENE_PRC,KERCK1G2_7_B1,ALL,1,91.1478,3,163
2022-09-04T07:45:00-00:00,2022-09-04T08:00:00-00:00,2022-09-04,01,KERCK1G2_7_B1,KERCK1G2_7_B1,KERCK1G2_7_B1,RTPD,MCE,LMP_ENE_PRC,KERCK1G2_7_B1,ALL,1,84.62068,4,163
2022-09-04T08:45:00-00:00,2022-09-04T09:00:00-00:00,2022-09-04,02,KERCK1G2_7_B1,KERCK1G2_7_B1,KERCK1G2_7_B1,RTPD,MCE,LMP_ENE_PRC,KERCK1G2_7_B1,ALL,1,80.89122,4,163
2022-09-04T09:45:00-00:00,2022-09-04T10:00:00-00:00,2022-09-04,03,KERCK1G2_7_B1,KERCK1G2_7_B1,KERCK1G2_7_B1,RTPD,MCE,LMP_ENE_PRC,KERCK1G2_7_B1,ALL,1,77.90501,4,163
2022-09-04T10:45:00-00:00,2022-09-04T11:00:00-00:00,2022-09-04,04,KERCK1G2_7_B1,KERCK1G2_7_B1,KERCK1G2_7_B1,RTPD,MCE,LMP_ENE_PRC,KERCK1G2_7_B1,ALL,1,80.46249,4,163
2022-09-04T11:45:00-00:00,2022-09-04T12:00:00-00:00,2022-09-04,05,KERCK1G2_7_B1,KERCK1G2_7_B1,KERCK1G2_7_B1,RTPD,MCE,LMP_ENE_PRC,KERCK1G2_7_B1,ALL,1,79.81742,4,163
2022-09-04T12:45:00-00:00,2022-09-04T13:00:00-00:00,2022-09-04,06,KERCK1G2_7_B1,KERCK1G2_7_B1,KERCK1G2_7_B1,RTPD,MCE,LMP_ENE_PRC,KERCK1G2_7_B1,ALL,1,81.5519,4,163
2022-09-04T13:45:00-00:00,2022-09-04T14:00:00-00:00,2022-09-04,07,KERCK1G2_7_B1,KERCK1G2_7_B1,KERCK1G2_7_B1,RTPD,MCE,LMP_ENE_PRC,KERCK1G2_7_B1,ALL,1,60.75904,4,163
2022-09-04T14:45:00-00:00,2022-09-04T15:00:00-00:00,2022-09-04,08,KERCK1G2_7_B1,KERCK1G2_7_B1,KERCK1G2_7_B1,RTPD,MCE,LMP_ENE_PRC,KERCK1G2_7_B1,ALL,1,53.37606,4,163
2022-09-04T15:45:00-00:00,2022-09-04T16:00:00-00:00,2022-09-04,09,KERCK1G2_7_B1,KERCK1G2_7_B1,KERCK1G2_7_B1,RTPD,MCE,LMP_ENE_PRC,KERCK1G2_7_B1,ALL,1,41.51812,4,163
2022-09-04T16:45:00-00:00,2022-09-04T17:00:00-00:00,2022-09-04,10,KERCK1G2_7_B1,KERCK1G2_7_B1,KERCK1G2_7_B1,RTPD,MCE,LMP_ENE_PRC,KERCK1G2_7_B1,ALL,1,56.27322,4,163
2022-09-04T17:45:00-00:00,2022-09-04T18:00:00-00:00,2022-09-04,11,KERCK1G2_7_B1,KERCK1G2_7_B1,KERCK1G2_7_B1,RTPD,MCE,LMP_ENE_PRC,KERCK1G2_7_B1,ALL,1,80.41392,4,163
2022-09-04T18:45:00-00:00,2022-09-04T19:00:00-00:00,2022-09-04,12,KERCK1G2_7_B1,KERCK1G2_7_B1,KERCK1G2_7_B1,RTPD,MCE,LMP_ENE_PRC,KERCK1G2_7_B1,ALL,1,91.88616,4,163
2022-09-04T19:45:00-00:00,2022-09-04T20:00:00-00:00,2022-09-04,13,KERCK1G2_7_B1,KERCK1G2_7_B1,KERCK1G2_7_B1,RTPD,MCE,LMP_ENE_PRC,KERCK1G2_7_B1,ALL,1,99.49507,4,163
2022-09-04T20:45:00-00:00,2022-09-04T21:00:00-00:00,2022-09-04,14,KERCK1G2_7_B1,KERCK1G2_7_B1,KERCK1G2_7_B1,RTPD,MCE,LMP_ENE_PRC,KERCK1G2_7_B1,ALL,1,111.03904,4,163
2022-09-04T21:45:00-00:00,2022-09-04T22:00:00-00:00,2022-09-04,15,KERCK1G2_7_B1,KERCK1G2_7_B1,KERCK1G2_7_B1,RTPD,MCE,LMP_ENE_PRC,KERCK1G2_7_B1,ALL,1,139.43553,4,163
2022-09-04T22:45:00-00:00,2022-09-04T23:00:00-00:00,2022-09-04,16,KERCK1G2_7_B1,KERCK1G2_7_B1,KERCK1G2_7_B1,RTPD,MCE,LMP_ENE_PRC,KERCK1G2_7_B1,ALL,1,143.70679,4,163
2022-09-04T23:45:00-00:00,2022-09-05T00:00:00-00:00,2022-09-04,17,KERCK1G2_7_B1,KERCK1G2_7_B1,KERCK1G2_7_B1,RTPD,MCE,LMP_ENE_PRC,KERCK1G2_7_B1,ALL,1,173.92435,4,163
2022-09-05T00:45:00-00:00,2022-09-05T01:00:00-00:00,2022-09-04,18,KERCK1G2_7_B1,KERCK1G2_7_B1,KERCK1G2_7_B1,RTPD,MCE,LMP_ENE_PRC,KERCK1G2_7_B1,ALL,1,342.64575,4,163
2022-09-05T01:45:00-00:00,2022-09-05T02:00:00-00:00,2022-09-04,19,KERCK1G2_7_B1,KERCK1G2_7_B1,KERCK1G2_7_B1,RTPD,MCE,LMP_ENE_PRC,KERCK1G2_7_B1,ALL,1,793.1877,4,163
2022-09-05T02:45:00-00:00,2022-09-05T03:00:00-00:00,2022-09-04,20,KERCK1G2_7_B1,KERCK1G2_7_B1,KERCK1G2_7_B1,RTPD,MCE,LMP_ENE_PRC,KERCK1G2_7_B1,ALL,1,113.80091,4,163
2022-09-05T03:45:00-00:00,2022-09-05T04:00:00-00:00,2022-09-04,21,KERCK1G2_7_B1,KERCK1G2_7_B1,KERCK1G2_7_B1,RTPD,MCE,LMP_ENE_PRC,KERCK1G2_7_B1,ALL,1,108.55133,4,163
2022-09-05T04:45:00-00:00,2022-09-05T05:00:00-00:00,2022-09-04,22,KERCK1G2_7_B1,KERCK1G2_7_B1,KERCK1G2_7_B1,RTPD,MCE,LMP_ENE_PRC,KERCK1G2_7_B1,ALL,1,109.13516,4,163
2022-09-05T05:45:00-00:00,2022-09-05T06:00:00-00:00,2022-09-04,23,KERCK1G2_7_B1,KERCK1G2_7_B1,KERCK1G2_7_B1,RTPD,MCE,LMP_ENE_PRC,KERCK1G2_7_B1,ALL,1,95.38478,4,163
2022-09-05T06:45:00-00:00,2022-09-05T07:00:00-00:00,2022-09-04,24,KERCK1G2_7_B1,KERCK1G2_7_B1,KERCK1G2_7_B1,RTPD,MCE,LMP_ENE_PRC,KERCK1G2_7_B1,ALL,1,84.93478,4,163
2022-09-04T07:00:00-00:00,2022-09-04T07:15:00-00:00,2022-09-04,01,KERCK1G2_7_B1,KERCK1G2_7_B1,KERCK1G2_7_B1,RTPD,MCL,LMP_LOSS_PRC,KERCK1G2_7_B1,ALL,1,13.22141,1,164
2022-09-04T08:00:00-00:00,2022-09-04T08:15:00-00:00,2022-09-04,02,KERCK1G2_7_B1,KERCK1G2_7_B1,KERCK1G2_7_B1,RTPD,MCL,LMP_LOSS_PRC,KERCK1G2_7_B1,ALL,1,0,1,164
2022-09-04T09:00:00-00:00,2022-09-04T09:15:00-00:00,2022-09-04,03,KERCK1G2_7_B1,KERCK1G2_7_B1,KERCK1G2_7_B1,RTPD,MCL,LMP_LOSS_PRC,KERCK1G2_7_B1,ALL,1,0,1,164
2022-09-04T10:00:00-00:00,2022-09-04T10:15:00-00:00,2022-09-04,04,KERCK1G2_7_B1,KERCK1G2_7_B1,KERCK1G2_7_B1,RTPD,MCL,LMP_LOSS_PRC,KERCK1G2_7_B1,ALL,1,11.99025,1,164
2022-09-04T11:00:00-00:00,2022-09-04T11:15:00-00:00,2022-09-04,05,KERCK1G2_7_B1,KERCK1G2_7_B1,KERCK1G2_7_B1,RTPD,MCL,LMP_LOSS_PRC,KERCK1G2_7_B1,ALL,1,10.43991,1,164
2022-09-04T12:00:00-00:00,2022-09-04T12:15:00-00:00,2022-09-04,06,KERCK1G2_7_B1,KERCK1G2_7_B1,KERCK1G2_7_B1,RTPD,MCL,LMP_LOSS_PRC,KERCK1G2_7_B1,ALL,1,10.55488,1,164
2022-09-04T13:00:00-00:00,2022-09-04T13:15:00-00:00,2022-09-04,07,KERCK1G2_7_B1,KERCK1G2_7_B1,KERCK1G2_7_B1,RTPD,MCL,LMP_LOSS_PRC,KERCK1G2_7_B1,ALL,1,9.0643,1,164
2022-09-04T14:00:00-00:00,2022-09-04T14:15:00-00:00,2022-09-04,08,KERCK1G2_7_B1,KERCK1G2_7_B1,KERCK1G2_7_B1,RTPD,MCL,LMP_LOSS_PRC,KERCK1G2_7_B1,ALL,1,11.49453,1,164
2022-09-04T15:00:00-00:00,2022-09-04T15:15:00-00:00,2022-09-04,09,KERCK1G2_7_B1,KERCK1G2_7_B1,KERCK1G2_7_B1,RTPD,MCL,LMP_LOSS_PRC,KERCK1G2_7_B1,ALL,1,8.72423,1,164
2022-09-04T16:00:00-00:00,2022-09-04T16:15:00-00:00,2022-09-04,10,KERCK1G2_7_B1,KERCK1G2_7_B1,KERCK1G2_7_B1,RTPD,MCL,LMP_LOSS_PRC,KERCK1G2_7_B1,ALL,1,3.74501,1,164
2022-09-04T17:00:00-00:00,2022-09-04T17:15:00-00:00,2022-09-04,11,KERCK1G2_7_B1,KERCK1G2_7_B1,KERCK1G2_7_B1,RTPD,MCL,LMP_LOSS_PRC,KERCK1G2_7_B1,ALL,1,3.69155,1,164
2022-09-04T18:00:00-00:00,2022-09-04T18:15:00-00:00,2022-09-04,12,KERCK1G2_7_B1,KERCK1G2_7_B1,KERCK1G2_7_B1,RTPD,MCL,LMP_LOSS_PRC,KERCK1G2_7_B1,ALL,1,3.17584,1,164
2022-09-04T19:00:00-00:00,2022-09-04T19:15:00-00:00,2022-09-04,13,KERCK1G2_7_B1,KERCK1G2_7_B1,KERCK1G2_7_B1,RTPD,MCL,LMP_LOSS_PRC,KERCK1G2_7_B1,ALL,1,3.46541,1,164
2022-09-04T20:00:00-00:00,2022-09-04T20:15:00-00:00,2022-09-04,14,KERCK1G2_7_B1,KERCK1G2_7_B1,KERCK1G2_7_B1,RTPD,MCL,LMP_LOSS_PRC,KERCK1G2_7_B1,ALL,1,6.51824,1,164
2022-09-04T21:00:00-00:00,2022-09-04T21:15:00-00:00,2022-09-04,15,KERCK1G2_7_B1,KERCK1G2_7_B1,KERCK1G2_7_B1,RTPD,MCL,LMP_LOSS_PRC,KERCK1G2_7_B1,ALL,1,2.46467,1,164
2022-09-04T22:00:00-00:00,2022-09-04T22:15:00-00:00,2022-09-04,16,KERCK1G2_7_B1,KERCK1G2_7_B1,KERCK1G2_7_B1,RTPD,MCL,LMP_LOSS_PRC,KERCK1G2_7_B1,ALL,1,3.38623,1,164
2022-09-04T23:00:00-00:00,2022-09-04T23:15:00-00:00,2022-09-04,17,KERCK1G2_7_B1,KERCK1G2_7_B1,KERCK1G2_7_B1,RTPD,MCL,LMP_LOSS_PRC,KERCK1G2_7_B1,ALL,1,0,1,164
2022-09-05T00:00:00-00:00,2022-09-05T00:15:00-00:00,2022-09-04,18,KERCK1G2_7_B1,KERCK1G2_7_B1,KERCK1G2_7_B1,RTPD,MCL,LMP_LOSS_PRC,KERCK1G2_7_B1,ALL,1,9.49442,1,164
2022-09-05T01:00:00-00:00,2022-09-05T01:15:00-00:00,2022-09-04,19,KERCK1G2_7_B1,KERCK1G2_7_B1,KERCK1G2_7_B1,RTPD,MCL,LMP_LOSS_PRC,KERCK1G2_7_B1,ALL,1,16.91327,1,164
2022-09-05T02:00:00-00:00,2022-09-05T02:15:00-00:00,2022-09-04,20,KERCK1G2_7_B1,KERCK1G2_7_B1,KERCK1G2_7_B1,RTPD,MCL,LMP_LOSS_PRC,KERCK1G2_7_B1,ALL,1,12.7716,1,164
2022-09-05T03:00:00-00:00,2022-09-05T03:15:00-00:00,2022-09-04,21,KERCK1G2_7_B1,KERCK1G2_7_B1,KERCK1G2_7_B1,RTPD,MCL,LMP_LOSS_PRC,KERCK1G2_7_B1,ALL,1,32.50774,1,164
2022-09-05T04:00:00-00:00,2022-09-05T04:15:00-00:00,2022-09-04,22,KERCK1G2_7_B1,KERCK1G2_7_B1,KERCK1G2_7_B1,RTPD,MCL,LMP_LOSS_PRC,KERCK1G2_7_B1,ALL,1,21.14646,1,164
2022-09-05T05:00:00-00:00,2022-09-05T05:15:00-00:00,2022-09-04,23,KERCK1G2_7_B1,KERCK1G2_7_B1,KERCK1G2_7_B1,RTPD,MCL,LMP_LOSS_PRC,KERCK1G2_7_B1,ALL,1,18.34936,1,164
2022-09-05T06:00:00-00:00,2022-09-05T06:15:00-00:00,2022-09-04,24,KERCK1G2_7_B1,KERCK1G2_7_B1,KERCK1G2_7_B1,RTPD,MCL,LMP_LOSS_PRC,KERCK1G2_7_B1,ALL,1,18.87055,1,164
2022-09-04T07:15:00-00:00,2022-09-04T07:30:00-00:00,2022-09-04,01,KERCK1G2_7_B1,KERCK1G2_7_B1,KERCK1G2_7_B1,RTPD,MCL,LMP_LOSS_PRC,KERCK1G2_7_B1,ALL,1,12.30218,2,164
2022-09-04T08:15:00-00:00,2022-09-04T08:30:00-00:00,2022-09-04,02,KERCK1G2_7_B1,KERCK1G2_7_B1,KERCK1G2_7_B1,RTPD,MCL,LMP_LOSS_PRC,KERCK1G2_7_B1,ALL,1,0,2,164
2022-09-04T09:15:00-00:00,2022-09-04T09:30:00-00:00,2022-09-04,03,KERCK1G2_7_B1,KERCK1G2_7_B1,KERCK1G2_7_B1,RTPD,MCL,LMP_LOSS_PRC,KERCK1G2_7_B1,ALL,1,0,2,164
2022-09-04T10:15:00-00:00,2022-09-04T10:30:00-00:00,2022-09-04,04,KERCK1G2_7_B1,KERCK1G2_7_B1,KERCK1G2_7_B1,RTPD,MCL,LMP_LOSS_PRC,KERCK1G2_7_B1,ALL,1,11.5075,2,164
2022-09-04T11:15:00-00:00,2022-09-04T11:30:00-00:00,2022-09-04,05,KERCK1G2_7_B1,KERCK1G2_7_B1,KERCK1G2_7_B1,RTPD,MCL,LMP_LOSS_PRC,KERCK1G2_7_B1,ALL,1,10.37117,2,164
2022-09-04T12:15:00-00:00,2022-09-04T12:30:00-00:00,2022-09-04,06,KERCK1G2_7_B1,KERCK1G2_7_B1,KERCK1G2_7_B1,RTPD,MCL,LMP_LOSS_PRC,KERCK1G2_7_B1,ALL,1,10.27802,2,164
2022-09-04T13:15:00-00:00,2022-09-04T13:30:00-00:00,2022-09-04,07,KERCK1G2_7_B1,KERCK1G2_7_B1,KERCK1G2_7_B1,RTPD,MCL,LMP_LOSS_PRC,KERCK1G2_7_B1,ALL,1,8.61864,2,164
2022-09-04T14:15:00-00:00,2022-09-04T14:30:00-00:00,2022-09-04,08,KERCK1G2_7_B1,KERCK1G2_7_B1,KERCK1G2_7_B1,RTPD,MCL,LMP_LOSS_PRC,KERCK1G2_7_B1,ALL,1,9.96765,2,164
2022-09-04T15:15:00-00:00,2022-09-04T15:30:00-00:00,2022-09-04,09,KERCK1G2_7_B1,KERCK1G2_7_B1,KERCK1G2_7_B1,RTPD,MCL,LMP_LOSS_PRC,KERCK1G2_7_B1,ALL,1,7.12349,2,164
2022-09-04T16:15:00-00:00,2022-09-04T16:30:00-00:00,2022-09-04,10,KERCK1G2_7_B1,KERCK1G2_7_B1,KERCK1G2_7_B1,RTPD,MCL,LMP_LOSS_PRC,KERCK1G2_7_B1,ALL,1,3.8694,2,164
2022-09-04T17:15:00-00:00,2022-09-04T17:30:00-00:00,2022-09-04,11,KERCK1G2_7_B1,KERCK1G2_7_B1,KERCK1G2_7_B1,RTPD,MCL,LMP_LOSS_PRC,KERCK1G2_7_B1,ALL,1,4.52998,2,164
2022-09-04T18:15:00-00:00,2022-09-04T18:30:00-00:00,2022-09-04,12,KERCK1G2_7_B1,KERCK1G2_7_B1,KERCK1G2_7_B1,RTPD,MCL,LMP_LOSS_PRC,KERCK1G2_7_B1,ALL,1,3.36403,2,164
2022-09-04T19:15:00-00:00,2022-09-04T19:30:00-00:00,2022-09-04,13,KERCK1G2_7_B1,KERCK1G2_7_B1,KERCK1G2_7_B1,RTPD,MCL,LMP_LOSS_PRC,KERCK1G2_7_B1,ALL,1,3.85527,2,164
2022-09-04T20:15:00-00:00,2022-09-04T20:30:00-00:00,2022-09-04,14,KERCK1G2_7_B1,KERCK1G2_7_B1,KERCK1G2_7_B1,RTPD,MCL,LMP_LOSS_PRC,KERCK1G2_7_B1,ALL,1,4.54016,2,164
2022-09-04T21:15:00-00:00,2022-09-04T21:30:00-00:00,2022-09-04,15,KERCK1G2_7_B1,KERCK1G2_7_B1,KERCK1G2_7_B1,RTPD,MCL,LMP_LOSS_PRC,KERCK1G2_7_B1,ALL,1,2.55353,2,164
2022-09-04T22:15:00-00:00,2022-09-04T22:30:00-00:00,2022-09-04,16,KERCK1G2_7_B1,KERCK1G2_7_B1,KERCK1G2_7_B1,RTPD,MCL,LMP_LOSS_PRC,KERCK1G2_7_B1,ALL,1,3.96305,2,164
2022-09-04T23:15:00-00:00,2022-09-04T23:30:00-00:00,2022-09-04,17,KERCK1G2_7_B1,KERCK1G2_7_B1,KERCK1G2_7_B1,RTPD,MCL,LMP_LOSS_PRC,KERCK1G2_7_B1,ALL,1,0,2,164
2022-09-05T00:15:00-00:00,2022-09-05T00:30:00-00:00,2022-09-04,18,KERCK1G2_7_B1,KERCK1G2_7_B1,KERCK1G2_7_B1,RTPD,MCL,LMP_LOSS_PRC,KERCK1G2_7_B1,ALL,1,18.01359,2,164
2022-09-05T01:15:00-00:00,2022-09-05T01:30:00-00:00,2022-09-04,19,KERCK1G2_7_B1,KERCK1G2_7_B1,KERCK1G2_7_B1,RTPD,MCL,LMP_LOSS_PRC,KERCK1G2_7_B1,ALL,1,28.37597,2,164
2022-09-05T02:15:00-00:00,2022-09-05T02:30:00-00:00,2022-09-04,20,KERCK1G2_7_B1,KERCK1G2_7_B1,KERCK1G2_7_B1,RTPD,MCL,LMP_LOSS_PRC,KERCK1G2_7_B1,ALL,1,13.86285,2,164
2022-09-05T03:15:00-00:00,2022-09-05T03:30:00-00:00,2022-09-04,21,KERCK1G2_7_B1,KERCK1G2_7_B1,KERCK1G2_7_B1,RTPD,MCL,LMP_LOSS_PRC,KERCK1G2_7_B1,ALL,1,28.18311,2,164
2022-09-05T04:15:00-00:00,2022-09-05T04:30:00-00:00,2022-09-04,22,KERCK1G2_7_B1,KERCK1G2_7_B1,KERCK1G2_7_B1,RTPD,MCL,LMP_LOSS_PRC,KERCK1G2_7_B1,ALL,1,21.82399,2,164
2022-09-05T05:15:00-00:00,2022-09-05T05:30:00-00:00,2022-09-04,23,KERCK1G2_7_B1,KERCK1G2_7_B1,KERCK1G2_7_B1,RTPD,MCL,LMP_LOSS_PRC,KERCK1G2_7_B1,ALL,1,17.56904,2,164
2022-09-05T06:15:00-00:00,2022-09-05T06:30:00-00:00,2022-09-04,24,KERCK1G2_7_B1,KERCK1G2_7_B1,KERCK1G2_7_B1,RTPD,MCL,LMP_LOSS_PRC,KERCK1G2_7_B1,ALL,1,16.54829,2,164
2022-09-04T07:30:00-00:00,2022-09-04T07:45:00-00:00,2022-09-04,01,KERCK1G2_7_B1,KERCK1G2_7_B1,KERCK1G2_7_B1,RTPD,MCL,LMP_LOSS_PRC,KERCK1G2_7_B1,ALL,1,11.6724,3,164
2022-09-04T08:30:00-00:00,2022-09-04T08:45:00-00:00,2022-09-04,02,KERCK1G2_7_B1,KERCK1G2_7_B1,KERCK1G2_7_B1,RTPD,MCL,LMP_LOSS_PRC,KERCK1G2_7_B1,ALL,1,0,3,164
2022-09-04T09:30:00-00:00,2022-09-04T09:45:00-00:00,2022-09-04,03,KERCK1G2_7_B1,KERCK1G2_7_B1,KERCK1G2_7_B1,RTPD,MCL,LMP_LOSS_PRC,KERCK1G2_7_B1,ALL,1,0,3,164
2022-09-04T10:30:00-00:00,2022-09-04T10:45:00-00:00,2022-09-04,04,KERCK1G2_7_B1,KERCK1G2_7_B1,KERCK1G2_7_B1,RTPD,MCL,LMP_LOSS_PRC,KERCK1G2_7_B1,ALL,1,11.33559,3,164
2022-09-04T11:30:00-00:00,2022-09-04T11:45:00-00:00,2022-09-04,05,KERCK1G2_7_B1,KERCK1G2_7_B1,KERCK1G2_7_B1,RTPD,MCL,LMP_LOSS_PRC,KERCK1G2_7_B1,ALL,1,10.21464,3,164
2022-09-04T12:30:00-00:00,2022-09-04T12:45:00-00:00,2022-09-04,06,KERCK1G2_7_B1,KERCK1G2_7_B1,KERCK1G2_7_B1,RTPD,MCL,LMP_LOSS_PRC,KERCK1G2_7_B1,ALL,1,10.26639,3,164
2022-09-04T13:30:00-00:00,2022-09-04T13:45:00-00:00,2022-09-04,07,KERCK1G2_7_B1,KERCK1G2_7_B1,KERCK1G2_7_B1,RTPD,MCL,LMP_LOSS_PRC,KERCK1G2_7_B1,ALL,1,8.37882,3,164
2022-09-04T14:30:00-00:00,2022-09-04T14:45:00-00:00,2022-09-04,08,KERCK1G2_7_B1,KERCK1G2_7_B1,KERCK1G2_7_B1,RTPD,MCL,LMP_LOSS_PRC,KERCK1G2_7_B1,ALL,1,9.87018,3,164
2022-09-04T15:30:00-00:00,2022-09-04T15:45:00-00:00,2022-09-04,09,KERCK1G2_7_B1,KERCK1G2_7_B1,KERCK1G2_7_B1,RTPD,MCL,LMP_LOSS_PRC,KERCK1G2_7_B1,ALL,1,5.74349,3,164
2022-09-04T16:30:00-00:00,2022-09-04T16:45:00-00:00,2022-09-04,10,KERCK1G2_7_B1,KERCK1G2_7_B1,KERCK1G2_7_B1,RTPD,MCL,LMP_LOSS_PRC,KERCK1G2_7_B1,ALL,1,3.9598,3,164
2022-09-04T17:30:00-00:00,2022-09-04T17:45:00-00:00,2022-09-04,11,KERCK1G2_7_B1,KERCK1G2_7_B1,KERCK1G2_7_B1,RTPD,MCL,LMP_LOSS_PRC,KERCK1G2_7_B1,ALL,1,4.84736,3,164
2022-09-04T18:30:00-00:00,2022-09-04T18:45:00-00:00,2022-09-04,12,KERCK1G2_7_B1,KERCK1G2_7_B1,KERCK1G2_7_B1,RTPD,MCL,LMP_LOSS_PRC,KERCK1G2_7_B1,ALL,1,3.79138,3,164
2022-09-04T19:30:00-00:00,2022-09-04T19:45:00-00:00,2022-09-04,13,KERCK1G2_7_B1,KERCK1G2_7_B1,KERCK1G2_7_B1,RTPD,MCL,LMP_LOSS_PRC,KERCK1G2_7_B1,ALL,1,4.9845,3,164
2022-09-04T20:30:00-00:00,2022-09-04T20:45:00-00:00,2022-09-04,14,KERCK1G2_7_B1,KERCK1G2_7_B1,KERCK1G2_7_B1,RTPD,MCL,LMP_LOSS_PRC,KERCK1G2_7_B1,ALL,1,3.96243,3,164
2022-09-04T21:30:00-00:00,2022-09-04T21:45:00-00:00,2022-09-04,15,KERCK1G2_7_B1,KERCK1G2_7_B1,KERCK1G2_7_B1,RTPD,MCL,LMP_LOSS_PRC,KERCK1G2_7_B1,ALL,1,2.52766,3,164
2022-09-04T22:30:00-00:00,2022-09-04T22:45:00-00:00,2022-09-04,16,KERCK1G2_7_B1,KERCK1G2_7_B1,KERCK1G2_7_B1,RTPD,MCL,LMP_LOSS_PRC,KERCK1G2_7_B1,ALL,1,4.44923,3,164
2022-09-04T23:30:00-00:00,2022-09-04T23:45:00-00:00,2022-09-04,17,KERCK1G2_7_B1,KERCK1G2_7_B1,KERCK1G2_7_B1,RTPD,MCL,LMP_LOSS_PRC,KERCK1G2_7_B1,ALL,1,0,3,164
2022-09-05T00:30:00-00:00,2022-09-05T00:45:00-00:00,2022-09-04,18,KERCK1G2_7_B1,KERCK1G2_7_B1,KERCK1G2_7_B1,RTPD,MCL,LMP_LOSS_PRC,KERCK1G2_7_B1,ALL,1,14.58969,3,164
2022-09-05T01:30:00-00:00,2022-09-05T01:45:00-00:00,2022-09-04,19,KERCK1G2_7_B1,KERCK1G2_7_B1,KERCK1G2_7_B1,RTPD,MCL,LMP_LOSS_PRC,KERCK1G2_7_B1,ALL,1,97.93526,3,164
2022-09-05T02:30:00-00:00,2022-09-05T02:45:00-00:00,2022-09-04,20,KERCK1G2_7_B1,KERCK1G2_7_B1,KERCK1G2_7_B1,RTPD,MCL,LMP_LOSS_PRC,KERCK1G2_7_B1,ALL,1,12.12051,3,164
2022-09-05T03:30:00-00:00,2022-09-05T03:45:00-00:00,2022-09-04,21,KERCK1G2_7_B1,KERCK1G2_7_B1,KERCK1G2_7_B1,RTPD,MCL,LMP_LOSS_PRC,KERCK1G2_7_B1,ALL,1,25.9525,3,164
2022-09-05T04:30:00-00:00,2022-09-05T04:45:00-00:00,2022-09-04,22,KERCK1G2_7_B1,KERCK1G2_7_B1,KERCK1G2_7_B1,RTPD,MCL,LMP_LOSS_PRC,KERCK1G2_7_B1,ALL,1,20.95157,3,164
2022-09-05T05:30:00-00:00,2022-09-05T05:45:00-00:00,2022-09-04,23,KERCK1G2_7_B1,KERCK1G2_7_B1,KERCK1G2_7_B1,RTPD,MCL,LMP_LOSS_PRC,KERCK1G2_7_B1,ALL,1,14.72406,3,164
2022-09-05T06:30:00-00:00,2022-09-05T06:45:00-00:00,2022-09-04,24,KERCK1G2_7_B1,KERCK1G2_7_B1,KERCK1G2_7_B1,RTPD,MCL,LMP_LOSS_PRC,KERCK1G2_7_B1,ALL,1,12.76981,3,164
2022-09-04T07:45:00-00:00,2022-09-04T08:00:00-00:00,2022-09-04,01,KERCK1G2_7_B1,KERCK1G2_7_B1,KERCK1G2_7_B1,RTPD,MCL,LMP_LOSS_PRC,KERCK1G2_7_B1,ALL,1,0,4,164
2022-09-04T08:45:00-00:00,2022-09-04T09:00:00-00:00,2022-09-04,02,KERCK1G2_7_B1,KERCK1G2_7_B1,KERCK1G2_7_B1,RTPD,MCL,LMP_LOSS_PRC,KERCK1G2_7_B1,ALL,1,11.60789,4,164
2022-09-04T09:45:00-00:00,2022-09-04T10:00:00-00:00,2022-09-04,03,KERCK1G2_7_B1,KERCK1G2_7_B1,KERCK1G2_7_B1,RTPD,MCL,LMP_LOSS_PRC,KERCK1G2_7_B1,ALL,1,10.8288,4,164
2022-09-04T10:45:00-00:00,2022-09-04T11:00:00-00:00,2022-09-04,04,KERCK1G2_7_B1,KERCK1G2_7_B1,KERCK1G2_7_B1,RTPD,MCL,LMP_LOSS_PRC,KERCK1G2_7_B1,ALL,1,10.09,4,164
2022-09-04T11:45:00-00:00,2022-09-04T12:00:00-00:00,2022-09-04,05,KERCK1G2_7_B1,KERCK1G2_7_B1,KERCK1G2_7_B1,RTPD,MCL,LMP_LOSS_PRC,KERCK1G2_7_B1,ALL,1,9.57011,4,164
2022-09-04T12:45:00-00:00,2022-09-04T13:00:00-00:00,2022-09-04,06,KERCK1G2_7_B1,KERCK1G2_7_B1,KERCK1G2_7_B1,RTPD,MCL,LMP_LOSS_PRC,KERCK1G2_7_B1,ALL,1,9.54973,4,164
2022-09-04T13:45:00-00:00,2022-09-04T14:00:00-00:00,2022-09-04,07,KERCK1G2_7_B1,KERCK1G2_7_B1,KERCK1G2_7_B1,RTPD,MCL,LMP_LOSS_PRC,KERCK1G2_7_B1,ALL,1,6.89615,4,164
2022-09-04T14:45:00-00:00,2022-09-04T15:00:00-00:00,2022-09-04,08,KERCK1G2_7_B1,KERCK1G2_7_B1,KERCK1G2_7_B1,RTPD,MCL,LMP_LOSS_PRC,KERCK1G2_7_B1,ALL,1,5.95677,4,164
2022-09-04T15:45:00-00:00,2022-09-04T16:00:00-00:00,2022-09-04,09,KERCK1G2_7_B1,KERCK1G2_7_B1,KERCK1G2_7_B1,RTPD,MCL,LMP_LOSS_PRC,KERCK1G2_7_B1,ALL,1,3.85703,4,164
2022-09-04T16:45:00-00:00,2022-09-04T17:00:00-00:00,2022-09-04,10,KERCK1G2_7_B1,KERCK1G2_7_B1,KERCK1G2_7_B1,RTPD,MCL,LMP_LOSS_PRC,KERCK1G2_7_B1,ALL,1,3.52833,4,164
2022-09-04T17:45:00-00:00,2022-09-04T18:00:00-00:00,2022-09-04,11,KERCK1G2_7_B1,KERCK1G2_7_B1,KERCK1G2_7_B1,RTPD,MCL,LMP_LOSS_PRC,KERCK1G2_7_B1,ALL,1,4.73638,4,164
2022-09-04T18:45:00-00:00,2022-09-04T19:00:00-00:00,2022-09-04,12,KERCK1G2_7_B1,KERCK1G2_7_B1,KERCK1G2_7_B1,RTPD,MCL,LMP_LOSS_PRC,KERCK1G2_7_B1,ALL,1,4.69538,4,164
2022-09-04T19:45:00-00:00,2022-09-04T20:00:00-00:00,2022-09-04,13,KERCK1G2_7_B1,KERCK1G2_7_B1,KERCK1G2_7_B1,RTPD,MCL,LMP_LOSS_PRC,KERCK1G2_7_B1,ALL,1,5.18369,4,164
2022-09-04T20:45:00-00:00,2022-09-04T21:00:00-00:00,2022-09-04,14,KERCK1G2_7_B1,KERCK1G2_7_B1,KERCK1G2_7_B1,RTPD,MCL,LMP_LOSS_PRC,KERCK1G2_7_B1,ALL,1,3.84195,4,164
2022-09-04T21:45:00-00:00,2022-09-04T22:00:00-00:00,2022-09-04,15,KERCK1G2_7_B1,KERCK1G2_7_B1,KERCK1G2_7_B1,RTPD,MCL,LMP_LOSS_PRC,KERCK1G2_7_B1,ALL,1,3.91814,4,164
2022-09-04T22:45:00-00:00,2022-09-04T23:00:00-00:00,2022-09-04,16,KERCK1G2_7_B1,KERCK1G2_7_B1,KERCK1G2_7_B1,RTPD,MCL,LMP_LOSS_PRC,KERCK1G2_7_B1,ALL,1,0,4,164
2022-09-04T23:45:00-00:00,2022-09-05T00:00:00-00:00,2022-09-04,17,KERCK1G2_7_B1,KERCK1G2_7_B1,KERCK1G2_7_B1,RTPD,MCL,LMP_LOSS_PRC,KERCK1G2_7_B1,ALL,1,0,4,164
2022-09-05T00:45:00-00:00,2022-09-05T01:00:00-00:00,2022-09-04,18,KERCK1G2_7_B1,KERCK1G2_7_B1,KERCK1G2_7_B1,RTPD,MCL,LMP_LOSS_PRC,KERCK1G2_7_B1,ALL,1,0,4,164
2022-09-05T01:45:00-00:00,2022-09-05T02:00:00-00:00,2022-09-04,19,KERCK1G2_7_B1,KERCK1G2_7_B1,KERCK1G2_7_B1,RTPD,MCL,LMP_LOSS_PRC,KERCK1G2_7_B1,ALL,1,85.58495,4,164
2022-09-05T02:45:00-00:00,2022-09-05T03:00:00-00:00,2022-09-04,20,KERCK1G2_7_B1,KERCK1G2_7_B1,KERCK1G2_7_B1,RTPD,MCL,LMP_LOSS_PRC,KERCK1G2_7_B1,ALL,1,9.7755,4,164
2022-09-05T03:45:00-00:00,2022-09-05T04:00:00-00:00,2022-09-04,21,KERCK1G2_7_B1,KERCK1G2_7_B1,KERCK1G2_7_B1,RTPD,MCL,LMP_LOSS_PRC,KERCK1G2_7_B1,ALL,1,19.23529,4,164
2022-09-05T04:45:00-00:00,2022-09-05T05:00:00-00:00,2022-09-04,22,KERCK1G2_7_B1,KERCK1G2_7_B1,KERCK1G2_7_B1,RTPD,MCL,LMP_LOSS_PRC,KERCK1G2_7_B1,ALL,1,16.51215,4,164
2022-09-05T05:45:00-00:00,2022-09-05T06:00:00-00:00,2022-09-04,23,KERCK1G2_7_B1,KERCK1G2_7_B1,KERCK1G2_7_B1,RTPD,MCL,LMP_LOSS_PRC,KERCK1G2_7_B1,ALL,1,9.8914,4,164
2022-09-05T06:45:00-00:00,2022-09-05T07:00:00-00:00,2022-09-04,24,KERCK1G2_7_B1,KERCK1G2_7_B1,KERCK1G2_7_B1,RTPD,MCL,LMP_LOSS_PRC,KERCK1G2_7_B1,ALL,1,10.44698,4,164
2022-09-04T07:00:00-00:00,2022-09-04T07:15:00-00:00,2022-09-04,01,KERCK1G2_7_B1,KERCK1G2_7_B1,KERCK1G2_7_B1,RTPD,MGHG,LMP_GHG_PRC,KERCK1G2_7_B1,ALL,1,0,1,165
2022-09-04T08:00:00-00:00,2022-09-04T08:15:00-00:00,2022-09-04,02,KERCK1G2_7_B1,KERCK1G2_7_B1,KERCK1G2_7_B1,RTPD,MGHG,LMP_GHG_PRC,KERCK1G2_7_B1,ALL,1,0,1,165
2022-09-04T09:00:00-00:00,2022-09-04T09:15:00-00:00,2022-09-04,03,KERCK1G2_7_B1,KERCK1G2_7_B1,KERCK1G2_7_B1,RTPD,MGHG,LMP_GHG_PRC,KERCK1G2_7_B1,ALL,1,0,1,165
2022-09-04T10:00:00-00:00,2022-09-04T10:15:00-00:00,2022-09-04,04,KERCK1G2_7_B1,KERCK1G2_7_B1,KERCK1G2_7_B1,RTPD,MGHG,LMP_GHG_PRC,KERCK1G2_7_B1,ALL,1,0,1,165
2022-09-04T11:00:00-00:00,2022-09-04T11:15:00-00:00,2022-09-04,05,KERCK1G2_7_B1,KERCK1G2_7_B1,KERCK1G2_7_B1,RTPD,MGHG,LMP_GHG_PRC,KERCK1G2_7_B1,ALL,1,0,1,165
2022-09-04T12:00:00-00:00,2022-09-04T12:15:00-00:00,2022-09-04,06,KERCK1G2_7_B1,KERCK1G2_7_B1,KERCK1G2_7_B1,RTPD,MGHG,LMP_GHG_PRC,KERCK1G2_7_B1,ALL,1,0,1,165
2022-09-04T13:00:00-00:00,2022-09-04T13:15:00-00:00,2022-09-04,07,KERCK1G2_7_B1,KERCK1G2_7_B1,KERCK1G2_7_B1,RTPD,MGHG,LMP_GHG_PRC,KERCK1G2_7_B1,ALL,1,0,1,165
2022-09-04T14:00:00-00:00,2022-09-04T14:15:00-00:00,2022-09-04,08,KERCK1G2_7_B1,KERCK1G2_7_B1,KERCK1G2_7_B1,RTPD,MGHG,LMP_GHG_PRC,KERCK1G2_7_B1,ALL,1,0,1,165
2022-09-04T15:00:00-00:00,2022-09-04T15:15:00-00:00,2022-09-04,09,KERCK1G2_7_B1,KERCK1G2_7_B1,KERCK1G2_7_B1,RTPD,MGHG,LMP_GHG_PRC,KERCK1G2_7_B1,ALL,1,0,1,165
2022-09-04T16:00:00-00:00,2022-09-04T16:15:00-00:00,2022-09-04,10,KERCK1G2_7_B1,KERCK1G2_7_B1,KERCK1G2_7_B1,RTPD,MGHG,LMP_GHG_PRC,KERCK1G2_7_B1,ALL,1,0,1,165
2022-09-04T17:00:00-00:00,2022-09-04T17:15:00-00:00,2022-09-04,11,KERCK1G2_7_B1,KERCK1G2_7_B1,KERCK1G2_7_B1,RTPD,MGHG,LMP_GHG_PRC,KERCK1G2_7_B1,ALL,1,0,1,165
2022-09-04T18:00:00-00:00,2022-09-04T18:15:00-00:00,2022-09-04,12,KERCK1G2_7_B1,KERCK1G2_7_B1,KERCK1G2_7_B1,RTPD,MGHG,LMP_GHG_PRC,KERCK1G2_7_B1,ALL,1,0,1,165
2022-09-04T19:00:00-00:00,2022-09-04T19:15:00-00:00,2022-09-04,13,KERCK1G2_7_B1,KERCK1G2_7_B1,KERCK1G2_7_B1,RTPD,MGHG,LMP_GHG_PRC,KERCK1G2_7_B1,ALL,1,0,1,165
2022-09-04T20:00:00-00:00,2022-09-04T20:15:00-00:00,2022-09-04,14,KERCK1G2_7_B1,KERCK1G2_7_B1,KERCK1G2_7_B1,RTPD,MGHG,LMP_GHG_PRC,KERCK1G2_7_B1,ALL,1,0,1,165
2022-09-04T21:00:00-00:00,2022-09-04T21:15:00-00:00,2022-09-04,15,KERCK1G2_7_B1,KERCK1G2_7_B1,KERCK1G2_7_B1,RTPD,MGHG,LMP_GHG_PRC,KERCK1G2_7_B1,ALL,1,0,1,165
2022-09-04T22:00:00-00:00,2022-09-04T22:15:00-00:00,2022-09-04,16,KERCK1G2_7_B1,KERCK1G2_7_B1,KERCK1G2_7_B1,RTPD,MGHG,LMP_GHG_PRC,KERCK1G2_7_B1,ALL,1,0,1,165
2022-09-04T23:00:00-00:00,2022-09-04T23:15:00-00:00,2022-09-04,17,KERCK1G2_7_B1,KERCK1G2_7_B1,KERCK1G2_7_B1,RTPD,MGHG,LMP_GHG_PRC,KERCK1G2_7_B1,ALL,1,0,1,165
2022-09-05T00:00:00-00:00,2022-09-05T00:15:00-00:00,2022-09-04,18,KERCK1G2_7_B1,KERCK1G2_7_B1,KERCK1G2_7_B1,RTPD,MGHG,LMP_GHG_PRC,KERCK1G2_7_B1,ALL,1,0,1,165
2022-09-05T01:00:00-00:00,2022-09-05T01:15:00-00:00,2022-09-04,19,KERCK1G2_7_B1,KERCK1G2_7_B1,KERCK1G2_7_B1,RTPD,MGHG,LMP_GHG_PRC,KERCK1G2_7_B1,ALL,1,0,1,165
2022-09-05T02:00:00-00:00,2022-09-05T02:15:00-00:00,2022-09-04,20,KERCK1G2_7_B1,KERCK1G2_7_B1,KERCK1G2_7_B1,RTPD,MGHG,LMP_GHG_PRC,KERCK1G2_7_B1,ALL,1,0,1,165
2022-09-05T03:00:00-00:00,2022-09-05T03:15:00-00:00,2022-09-04,21,KERCK1G2_7_B1,KERCK1G2_7_B1,KERCK1G2_7_B1,RTPD,MGHG,LMP_GHG_PRC,KERCK1G2_7_B1,ALL,1,0,1,165
2022-09-05T04:00:00-00:00,2022-09-05T04:15:00-00:00,2022-09-04,22,KERCK1G2_7_B1,KERCK1G2_7_B1,KERCK1G2_7_B1,RTPD,MGHG,LMP_GHG_PRC,KERCK1G2_7_B1,ALL,1,0,1,165
2022-09-05T05:00:00-00:00,2022-09-05T05:15:00-00:00,2022-09-04,23,KERCK1G2_7_B1,KERCK1G2_7_B1,KERCK1G2_7_B1,RTPD,MGHG,LMP_GHG_PRC,KERCK1G2_7_B1,ALL,1,0,1,165
2022-09-05T06:00:00-00:00,2022-09-05T06:15:00-00:00,2022-09-04,24,KERCK1G2_7_B1,KERCK1G2_7_B1,KERCK1G2_7_B1,RTPD,MGHG,LMP_GHG_PRC,KERCK1G2_7_B1,ALL,1,0,1,165
2022-09-04T07:15:00-00:00,2022-09-04T07:30:00-00:00,2022-09-04,01,KERCK1G2_7_B1,KERCK1G2_7_B1,KERCK1G2_7_B1,RTPD,MGHG,LMP_GHG_PRC,KERCK1G2_7_B1,ALL,1,0,2,165
2022-09-04T08:15:00-00:00,2022-09-04T08:30:00-00:00,2022-09-04,02,KERCK1G2_7_B1,KERCK1G2_7_B1,KERCK1G2_7_B1,RTPD,MGHG,LMP_GHG_PRC,KERCK1G2_7_B1,ALL,1,0,2,165
2022-09-04T09:15:00-00:00,2022-09-04T09:30:00-00:00,2022-09-04,03,KERCK1G2_7_B1,KERCK1G2_7_B1,KERCK1G2_7_B1,RTPD,MGHG,LMP_GHG_PRC,KERCK1G2_7_B1,ALL,1,0,2,165
2022-09-04T10:15:00-00:00,2022-09-04T10:30:00-00:00,2022-09-04,04,KERCK1G2_7_B1,KERCK1G2_7_B1,KERCK1G2_7_B1,RTPD,MGHG,LMP_GHG_PRC,KERCK1G2_7_B1,ALL,1,0,2,165
2022-09-04T11:15:00-00:00,2022-09-04T11:30:00-00:00,2022-09-04,05,KERCK1G2_7_B1,KERCK1G2_7_B1,KERCK1G2_7_B1,RTPD,MGHG,LMP_GHG_PRC,KERCK1G2_7_B1,ALL,1,0,2,165
2022-09-04T12:15:00-00:00,2022-09-04T12:30:00-00:00,2022-09-04,06,KERCK1G2_7_B1,KERCK1G2_7_B1,KERCK1G2_7_B1,RTPD,MGHG,LMP_GHG_PRC,KERCK1G2_7_B1,ALL,1,0,2,165
2022-09-04T13:15:00-00:00,2022-09-04T13:30:00-00:00,2022-09-04,07,KERCK1G2_7_B1,KERCK1G2_7_B1,KERCK1G2_7_B1,RTPD,MGHG,LMP_GHG_PRC,KERCK1G2_7_B1,ALL,1,0,2,165
2022-09-04T14:15:00-00:00,2022-09-04T14:30:00-00:00,2022-09-04,08,KERCK1G2_7_B1,KERCK1G2_7_B1,KERCK1G2_7_B1,RTPD,MGHG,LMP_GHG_PRC,KERCK1G2_7_B1,ALL,1,0,2,165
2022-09-04T15:15:00-00:00,2022-09-04T15:30:00-00:00,2022-09-04,09,KERCK1G2_7_B1,KERCK1G2_7_B1,KERCK1G2_7_B1,RTPD,MGHG,LMP_GHG_PRC,KERCK1G2_7_B1,ALL,1,0,2,165
2022-09-04T16:15:00-00:00,2022-09-04T16:30:00-00:00,2022-09-04,10,KERCK1G2_7_B1,KERCK1G2_7_B1,KERCK1G2_7_B1,RTPD,MGHG,LMP_GHG_PRC,KERCK1G2_7_B1,ALL,1,0,2,165
2022-09-04T17:15:00-00:00,2022-09-04T17:30:00-00:00,2022-09-04,11,KERCK1G2_7_B1,KERCK1G2_7_B1,KERCK1G2_7_B1,RTPD,MGHG,LMP_GHG_PRC,KERCK1G2_7_B1,ALL,1,0,2,165
2022-09-04T18:15:00-00:00,2022-09-04T18:30:00-00:00,2022-09-04,12,KERCK1G2_7_B1,KERCK1G2_7_B1,KERCK1G2_7_B1,RTPD,MGHG,LMP_GHG_PRC,KERCK1G2_7_B1,ALL,1,0,2,165
2022-09-04T19:15:00-00:00,2022-09-04T19:30:00-00:00,2022-09-04,13,KERCK1G2_7_B1,KERCK1G2_7_B1,KERCK1G2_7_B1,RTPD,MGHG,LMP_GHG_PRC,KERCK1G2_7_B1,ALL,1,0,2,165
2022-09-04T20:15:00-00:00,2022-09-04T20:30:00-00:00,2022-09-04,14,KERCK1G2_7_B1,KERCK1G2_7_B1,KERCK1G2_7_B1,RTPD,MGHG,LMP_GHG_PRC,KERCK1G2_7_B1,ALL,1,0,2,165
2022-09-04T21:15:00-00:00,2022-09-04T21:30:00-00:00,2022-09-04,15,KERCK1G2_7_B1,KERCK1G2_7_B1,KERCK1G2_7_B1,RTPD,MGHG,LMP_GHG_PRC,KERCK1G2_7_B1,ALL,1,0,2,165
2022-09-04T22:15:00-00:00,2022-09-04T22:30:00-00:00,2022-09-04,16,KERCK1G2_7_B1,KERCK1G2_7_B1,KERCK1G2_7_B1,RTPD,MGHG,LMP_GHG_PRC,KERCK1G2_7_B1,ALL,1,0,2,165
2022-09-04T23:15:00-00:00,2022-09-04T23:30:00-00:00,2022-09-04,17,KERCK1G2_7_B1,KERCK1G2_7_B1,KERCK1G2_7_B1,RTPD,MGHG,LMP_GHG_PRC,KERCK1G2_7_B1,ALL,1,0,2,165
2022-09-05T00:15:00-00:00,2022-09-05T00:30:00-00:00,2022-09-04,18,KERCK1G2_7_B1,KERCK1G2_7_B1,KERCK1G2_7_B1,RTPD,MGHG,LMP_GHG_PRC,KERCK1G2_7_B1,ALL,1,0,2,165
2022-09-05T01:15:00-00:00,2022-09-05T01:30:00-00:00,2022-09-04,19,KERCK1G2_7_B1,KERCK1G2_7_B1,KERCK1G2_7_B1,RTPD,MGHG,LMP_GHG_PRC,KERCK1G2_7_B1,ALL,1,0,2,165
2022-09-05T02:15:00-00:00,2022-09-05T02:30:00-00:00,2022-09-04,20,KERCK1G2_7_B1,KERCK1G2_7_B1,KERCK1G2_7_B1,RTPD,MGHG,LMP_GHG_PRC,KERCK1G2_7_B1,ALL,1,0,2,165
2022-09-05T03:15:00-00:00,2022-09-05T03:30:00-00:00,2022-09-04,21,KERCK1G2_7_B1,KERCK1G2_7_B1,KERCK1G2_7_B1,RTPD,MGHG,LMP_GHG_PRC,KERCK1G2_7_B1,ALL,1,0,2,165
2022-09-05T04:15:00-00:00,2022-09-05T04:30:00-00:00,2022-09-04,22,KERCK1G2_7_B1,KERCK1G2_7_B1,KERCK1G2_7_B1,RTPD,MGHG,LMP_GHG_PRC,KERCK1G2_7_B1,ALL,1,0,2,165
2022-09-05T05:15:00-00:00,2022-09-05T05:30:00-00:00,2022-09-04,23,KERCK1G2_7_B1,KERCK1G2_7_B1,KERCK1G2_7_B1,RTPD,MGHG,LMP_GHG_PRC,KERCK1G2_7_B1,ALL,1,0,2,165
2022-09-05T06:15:00-00:00,2022-09-05T06:30:00-00:00,2022-09-04,24,KERCK1G2_7_B1,KERCK1G2_7_B1,KERCK1G2_7_B1,RTPD,MGHG,LMP_GHG_PRC,KERCK1G2_7_B1,ALL,1,0,2,165
2022-09-04T07:30:00-00:00,2022-09-04T07:45:00-00:00,2022-09-04,01,KERCK1G2_7_B1,KERCK1G2_7_B1,KERCK1G2_7_B1,RTPD,MGHG,LMP_GHG_PRC,KERCK1G2_7_B1,ALL,1,0,3,165
2022-09-04T08:30:00-00:00,2022-09-04T08:45:00-00:00,2022-09-04,02,KERCK1G2_7_B1,KERCK1G2_7_B1,KERCK1G2_7_B1,RTPD,MGHG,LMP_GHG_PRC,KERCK1G2_7_B1,ALL,1,0,3,165
2022-09-04T09:30:00-00:00,2022-09-04T09:45:00-00:00,2022-09-04,03,KERCK1G2_7_B1,KERCK1G2_7_B1,KERCK1G2_7_B1,RTPD,MGHG,LMP_GHG_PRC,KERCK1G2_7_B1,ALL,1,0,3,165
2022-09-04T10:30:00-00:00,2022-09-04T10:45:00-00:00,2022-09-04,04,KERCK1G2_7_B1,KERCK1G2_7_B1,KERCK1G2_7_B1,RTPD,MGHG,LMP_GHG_PRC,KERCK1G2_7_B1,ALL,1,0,3,165
2022-09-04T11:30:00-00:00,2022-09-04T11:45:00-00:00,2022-09-04,05,KERCK1G2_7_B1,KERCK1G2_7_B1,KERCK1G2_7_B1,RTPD,MGHG,LMP_GHG_PRC,KERCK1G2_7_B1,ALL,1,0,3,165
2022-09-04T12:30:00-00:00,2022-09-04T12:45:00-00:00,2022-09-04,06,KERCK1G2_7_B1,KERCK1G2_7_B1,KERCK1G2_7_B1,RTPD,MGHG,LMP_GHG_PRC,KERCK1G2_7_B1,ALL,1,0,3,165
2022-09-04T13:30:00-00:00,2022-09-04T13:45:00-00:00,2022-09-04,07,KERCK1G2_7_B1,KERCK1G2_7_B1,KERCK1G2_7_B1,RTPD,MGHG,LMP_GHG_PRC,KERCK1G2_7_B1,ALL,1,0,3,165
2022-09-04T14:30:00-00:00,2022-09-04T14:45:00-00:00,2022-09-04,08,KERCK1G2_7_B1,KERCK1G2_7_B1,KERCK1G2_7_B1,RTPD,MGHG,LMP_GHG_PRC,KERCK1G2_7_B1,ALL,1,0,3,165
2022-09-04T15:30:00-00:00,2022-09-04T15:45:00-00:00,2022-09-04,09,KERCK1G2_7_B1,KERCK1G2_7_B1,KERCK1G2_7_B1,RTPD,MGHG,LMP_GHG_PRC,KERCK1G2_7_B1,ALL,1,0,3,165
2022-09-04T16:30:00-00:00,2022-09-04T16:45:00-00:00,2022-09-04,10,KERCK1G2_7_B1,KERCK1G2_7_B1,KERCK1G2_7_B1,RTPD,MGHG,LMP_GHG_PRC,KERCK1G2_7_B1,ALL,1,0,3,165
2022-09-04T17:30:00-00:00,2022-09-04T17:45:00-00:00,2022-09-04,11,KERCK1G2_7_B1,KERCK1G2_7_B1,KERCK1G2_7_B1,RTPD,MGHG,LMP_GHG_PRC,KERCK1G2_7_B1,ALL,1,0,3,165
2022-09-04T18:30:00-00:00,2022-09-04T18:45:00-00:00,2022-09-04,12,KERCK1G2_7_B1,KERCK1G2_7_B1,KERCK1G2_7_B1,RTPD,MGHG,LMP_GHG_PRC,KERCK1G2_7_B1,ALL,1,0,3,165
2022-09-04T19:30:00-00:00,2022-09-04T19:45:00-00:00,2022-09-04,13,KERCK1G2_7_B1,KERCK1G2_7_B1,KERCK1G2_7_B1,RTPD,MGHG,LMP_GHG_PRC,KERCK1G2_7_B1,ALL,1,0,3,165
2022-09-04T20:30:00-00:00,2022-09-04T20:45:00-00:00,2022-09-04,14,KERCK1G2_7_B1,KERCK1G2_7_B1,KERCK1G2_7_B1,RTPD,MGHG,LMP_GHG_PRC,KERCK1G2_7_B1,ALL,1,0,3,165
2022-09-04T21:30:00-00:00,2022-09-04T21:45:00-00:00,2022-09-04,15,KERCK1G2_7_B1,KERCK1G2_7_B1,KERCK1G2_7_B1,RTPD,MGHG,LMP_GHG_PRC,KERCK1G2_7_B1,ALL,1,0,3,165
2022-09-04T22:30:00-00:00,2022-09-04T22:45:00-00:00,2022-09-04,16,KERCK1G2_7_B1,KERCK1G2_7_B1,KERCK1G2_7_B1,RTPD,MGHG,LMP_GHG_PRC,KERCK1G2_7_B1,ALL,1,0,3,165
2022-09-04T23:30:00-00:00,2022-09-04T23:45:00-00:00,2022-09-04,17,KERCK1G2_7_B1,KERCK1G2_7_B1,KERCK1G2_7_B1,RTPD,MGHG,LMP_GHG_PRC,KERCK1G2_7_B1,ALL,1,0,3,165
2022-09-05T00:30:00-00:00,2022-09-05T00:45:00-00:00,2022-09-04,18,KERCK1G2_7_B1,KERCK1G2_7_B1,KERCK1G2_7_B1,RTPD,MGHG,LMP_GHG_PRC,KERCK1G2_7_B1,ALL,1,0,3,165
2022-09-05T01:30:00-00:00,2022-09-05T01:45:00-00:00,2022-09-04,19,KERCK1G2_7_B1,KERCK1G2_7_B1,KERCK1G2_7_B1,RTPD,MGHG,LMP_GHG_PRC,KERCK1G2_7_B1,ALL,1,0,3,165
2022-09-05T02:30:00-00:00,2022-09-05T02:45:00-00:00,2022-09-04,20,KERCK1G2_7_B1,KERCK1G2_7_B1,KERCK1G2_7_B1,RTPD,MGHG,LMP_GHG_PRC,KERCK1G2_7_B1,ALL,1,0,3,165
2022-09-05T03:30:00-00:00,2022-09-05T03:45:00-00:00,2022-09-04,21,KERCK1G2_7_B1,KERCK1G2_7_B1,KERCK1G2_7_B1,RTPD,MGHG,LMP_GHG_PRC,KERCK1G2_7_B1,ALL,1,0,3,165
2022-09-05T04:30:00-00:00,2022-09-05T04:45:00-00:00,2022-09-04,22,KERCK1G2_7_B1,KERCK1G2_7_B1,KERCK1G2_7_B1,RTPD,MGHG,LMP_GHG_PRC,KERCK1G2_7_B1,ALL,1,0,3,165
2022-09-05T05:30:00-00:00,2022-09-05T05:45:00-00:00,2022-09-04,23,KERCK1G2_7_B1,KERCK1G2_7_B1,KERCK1G2_7_B1,RTPD,MGHG,LMP_GHG_PRC,KERCK1G2_7_B1,ALL,1,0,3,165
2022-09-05T06:30:00-00:00,2022-09-05T06:45:00-00:00,2022-09-04,24,KERCK1G2_7_B1,KERCK1G2_7_B1,KERCK1G2_7_B1,RTPD,MGHG,LMP_GHG_PRC,KERCK1G2_7_B1,ALL,1,0,3,165
2022-09-04T07:45:00-00:00,2022-09-04T08:00:00-00:00,2022-09-04,01,KERCK1G2_7_B1,KERCK1G2_7_B1,KERCK1G2_7_B1,RTPD,MGHG,LMP_GHG_PRC,KERCK1G2_7_B1,ALL,1,0,4,165
2022-09-04T08:45:00-00:00,2022-09-04T09:00:00-00:00,2022-09-04,02,KERCK1G2_7_B1,KERCK1G2_7_B1,KERCK1G2_7_B1,RTPD,MGHG,LMP_GHG_PRC,KERCK1G2_7_B1,ALL,1,0,4,165
2022-09-04T09:45:00-00:00,2022-09-04T10:00:00-00:00,2022-09-04,03,KERCK1G2_7_B1,KERCK1G2_7_B1,KERCK1G2_7_B1,RTPD,MGHG,LMP_GHG_PRC,KERCK1G2_7_B1,ALL,1,0,4,165
2022-09-04T10:45:00-00:00,2022-09-04T11:00:00-00:00,2022-09-04,04,KERCK1G2_7_B1,KERCK1G2_7_B1,KERCK1G2_7_B1,RTPD,MGHG,LMP_GHG_PRC,KERCK1G2_7_B1,ALL,1,0,4,165
2022-09-04T11:45:00-00:00,2022-09-04T12:00:00-00:00,2022-09-04,05,KERCK1G2_7_B1,KERCK1G2_7_B1,KERCK1G2_7_B1,RTPD,MGHG,LMP_GHG_PRC,KERCK1G2_7_B1,ALL,1,0,4,165
2022-09-04T12:45:00-00:00,2022-09-04T13:00:00-00:00,2022-09-04,06,KERCK1G2_7_B1,KERCK1G2_7_B1,KERCK1G2_7_B1,RTPD,MGHG,LMP_GHG_PRC,KERCK1G2_7_B1,ALL,1,0,4,165
2022-09-04T13:45:00-00:00,2022-09-04T14:00:00-00:00,2022-09-04,07,KERCK1G2_7_B1,KERCK1G2_7_B1,KERCK1G2_7_B1,RTPD,MGHG,LMP_GHG_PRC,KERCK1G2_7_B1,ALL,1,0,4,165
2022-09-04T14:45:00-00:00,2022-09-04T15:00:00-00:00,2022-09-04,08,KERCK1G2_7_B1,KERCK1G2_7_B1,KERCK1G2_7_B1,RTPD,MGHG,LMP_GHG_PRC,KERCK1G2_7_B1,ALL,1,0,4,165
2022-09-04T15:45:00-00:00,2022-09-04T16:00:00-00:00,2022-09-04,09,KERCK1G2_7_B1,KERCK1G2_7_B1,KERCK1G2_7_B1,RTPD,MGHG,LMP_GHG_PRC,KERCK1G2_7_B1,ALL,1,0,4,165
2022-09-04T16:45:00-00:00,2022-09-04T17:00:00-00:00,2022-09-04,10,KERCK1G2_7_B1,KERCK1G2_7_B1,KERCK1G2_7_B1,RTPD,MGHG,LMP_GHG_PRC,KERCK1G2_7_B1,ALL,1,0,4,165
2022-09-04T17:45:00-00:00,2022-09-04T18:00:00-00:00,2022-09-04,11,KERCK1G2_7_B1,KERCK1G2_7_B1,KERCK1G2_7_B1,RTPD,MGHG,LMP_GHG_PRC,KERCK1G2_7_B1,ALL,1,0,4,165
2022-09-04T18:45:00-00:00,2022-09-04T19:00:00-00:00,2022-09-04,12,KERCK1G2_7_B1,KERCK1G2_7_B1,KERCK1G2_7_B1,RTPD,MGHG,LMP_GHG_PRC,KERCK1G2_7_B1,ALL,1,0,4,165
2022-09-04T19:45:00-00:00,2022-09-04T20:00:00-00:00,2022-09-04,13,KERCK1G2_7_B1,KERCK1G2_7_B1,KERCK1G2_7_B1,RTPD,MGHG,LMP_GHG_PRC,KERCK1G2_7_B1,ALL,1,0,4,165
2022-09-04T20:45:00-00:00,2022-09-04T21:00:00-00:00,2022-09-04,14,KERCK1G2_7_B1,KERCK1G2_7_B1,KERCK1G2_7_B1,RTPD,MGHG,LMP_GHG_PRC,KERCK1G2_7_B1,ALL,1,0,4,165
2022-09-04T21:45:00-00:00,2022-09-04T22:00:00-00:00,2022-09-04,15,KERCK1G2_7_B1,KERCK1G2_7_B1,KERCK1G2_7_B1,RTPD,MGHG,LMP_GHG_PRC,KERCK1G2_7_B1,ALL,1,0,4,165
2022-09-04T22:45:00-00:00,2022-09-04T23:00:00-00:00,2022-09-04,16,KERCK1G2_7_B1,KERCK1G2_7_B1,KERCK1G2_7_B1,RTPD,MGHG,LMP_GHG_PRC,KERCK1G2_7_B1,ALL,1,0,4,165
2022-09-04T23:45:00-00:00,2022-09-05T00:00:00-00:00,2022-09-04,17,KERCK1G2_7_B1,KERCK1G2_7_B1,KERCK1G2_7_B1,RTPD,MGHG,LMP_GHG_PRC,KERCK1G2_7_B1,ALL,1,0,4,165
2022-09-05T00:45:00-00:00,2022-09-05T01:00:00-00:00,2022-09-04,18,KERCK1G2_7_B1,KERCK1G2_7_B1,KERCK1G2_7_B1,RTPD,MGHG,LMP_GHG_PRC,KERCK1G2_7_B1,ALL,1,0,4,165
2022-09-05T01:45:00-00:00,2022-09-05T02:00:00-00:00,2022-09-04,19,KERCK1G2_7_B1,KERCK1G2_7_B1,KERCK1G2_7_B1,RTPD,MGHG,LMP_GHG_PRC,KERCK1G2_7_B1,ALL,1,0,4,165
2022-09-05T02:45:00-00:00,2022-09-05T03:00:00-00:00,2022-09-04,20,KERCK1G2_7_B1,KERCK1G2_7_B1,KERCK1G2_7_B1,RTPD,MGHG,LMP_GHG_PRC,KERCK1G2_7_B1,ALL,1,0,4,165
2022-09-05T03:45:00-00:00,2022-09-05T04:00:00-00:00,2022-09-04,21,KERCK1G2_7_B1,KERCK1G2_7_B1,KERCK1G2_7_B1,RTPD,MGHG,LMP_GHG_PRC,KERCK1G2_7_B1,ALL,1,0,4,165
2022-09-05T04:45:00-00:00,2022-09-05T05:00:00-00:00,2022-09-04,22,KERCK1G2_7_B1,KERCK1G2_7_B1,KERCK1G2_7_B1,RTPD,MGHG,LMP_GHG_PRC,KERCK1G2_7_B1,ALL,1,0,4,165
2022-09-05T05:45:00-00:00,2022-09-05T06:00:00-00:00,2022-09-04,23,KERCK1G2_7_B1,KERCK1G2_7_B1,KERCK1G2_7_B1,RTPD,MGHG,LMP_GHG_PRC,KERCK1G2_7_B1,ALL,1,0,4,165
2022-09-05T06:45:00-00:00,2022-09-05T07:00:00-00:00,2022-09-04,24,KERCK1G2_7_B1,KERCK1G2_7_B1,KERCK1G2_7_B1,RTPD,MGHG,LMP_GHG_PRC,KERCK1G2_7_B1,ALL,1,0,4,165
2022-09-04T07:00:00-00:00,2022-09-04T07:15:00-00:00,2022-09-04,01,KERCK1G3_7_B1,KERCK1G3_7_B1,KERCK1G3_7_B1,RTPD,LMP,LMP_PRC,KERCK1G3_7_B1,ALL,1,121.04844,1,166
2022-09-04T08:00:00-00:00,2022-09-04T08:15:00-00:00,2022-09-04,02,KERCK1G3_7_B1,KERCK1G3_7_B1,KERCK1G3_7_B1,RTPD,LMP,LMP_PRC,KERCK1G3_7_B1,ALL,1,108.68108,1,166
2022-09-04T09:00:00-00:00,2022-09-04T09:15:00-00:00,2022-09-04,03,KERCK1G3_7_B1,KERCK1G3_7_B1,KERCK1G3_7_B1,RTPD,LMP,LMP_PRC,KERCK1G3_7_B1,ALL,1,128.25536,1,166
2022-09-04T10:00:00-00:00,2022-09-04T10:15:00-00:00,2022-09-04,04,KERCK1G3_7_B1,KERCK1G3_7_B1,KERCK1G3_7_B1,RTPD,LMP,LMP_PRC,KERCK1G3_7_B1,ALL,1,119.06769,1,166
2022-09-04T11:00:00-00:00,2022-09-04T11:15:00-00:00,2022-09-04,05,KERCK1G3_7_B1,KERCK1G3_7_B1,KERCK1G3_7_B1,RTPD,LMP,LMP_PRC,KERCK1G3_7_B1,ALL,1,99.27039,1,166
2022-09-04T12:00:00-00:00,2022-09-04T12:15:00-00:00,2022-09-04,06,KERCK1G3_7_B1,KERCK1G3_7_B1,KERCK1G3_7_B1,RTPD,LMP,LMP_PRC,KERCK1G3_7_B1,ALL,1,84.3179,1,166
2022-09-04T13:00:00-00:00,2022-09-04T13:15:00-00:00,2022-09-04,07,KERCK1G3_7_B1,KERCK1G3_7_B1,KERCK1G3_7_B1,RTPD,LMP,LMP_PRC,KERCK1G3_7_B1,ALL,1,64.96895,1,166
2022-09-04T14:00:00-00:00,2022-09-04T14:15:00-00:00,2022-09-04,08,KERCK1G3_7_B1,KERCK1G3_7_B1,KERCK1G3_7_B1,RTPD,LMP,LMP_PRC,KERCK1G3_7_B1,ALL,1,83.69504,1,166
2022-09-04T15:00:00-00:00,2022-09-04T15:15:00-00:00,2022-09-04,09,KERCK1G3_7_B1,KERCK1G3_7_B1,KERCK1G3_7_B1,RTPD,LMP,LMP_PRC,KERCK1G3_7_B1,ALL,1,74.0272,1,166
2022-09-04T16:00:00-00:00,2022-09-04T16:15:00-00:00,2022-09-04,10,KERCK1G3_7_B1,KERCK1G3_7_B1,KERCK1G3_7_B1,RTPD,LMP,LMP_PRC,KERCK1G3_7_B1,ALL,1,3.00255,1,166
2022-09-04T17:00:00-00:00,2022-09-04T17:15:00-00:00,2022-09-04,11,KERCK1G3_7_B1,KERCK1G3_7_B1,KERCK1G3_7_B1,RTPD,LMP,LMP_PRC,KERCK1G3_7_B1,ALL,1,0.44874,1,166
2022-09-04T18:00:00-00:00,2022-09-04T18:15:00-00:00,2022-09-04,12,KERCK1G3_7_B1,KERCK1G3_7_B1,KERCK1G3_7_B1,RTPD,LMP,LMP_PRC,KERCK1G3_7_B1,ALL,1,5.33463,1,166
2022-09-04T19:00:00-00:00,2022-09-04T19:15:00-00:00,2022-09-04,13,KERCK1G3_7_B1,KERCK1G3_7_B1,KERCK1G3_7_B1,RTPD,LMP,LMP_PRC,KERCK1G3_7_B1,ALL,1,32.8453,1,166
2022-09-04T20:00:00-00:00,2022-09-04T20:15:00-00:00,2022-09-04,14,KERCK1G3_7_B1,KERCK1G3_7_B1,KERCK1G3_7_B1,RTPD,LMP,LMP_PRC,KERCK1G3_7_B1,ALL,1,76.09343,1,166
2022-09-04T21:00:00-00:00,2022-09-04T21:15:00-00:00,2022-09-04,15,KERCK1G3_7_B1,KERCK1G3_7_B1,KERCK1G3_7_B1,RTPD,LMP,LMP_PRC,KERCK1G3_7_B1,ALL,1,74.15219,1,166
2022-09-04T22:00:00-00:00,2022-09-04T22:15:00-00:00,2022-09-04,16,KERCK1G3_7_B1,KERCK1G3_7_B1,KERCK1G3_7_B1,RTPD,LMP,LMP_PRC,KERCK1G3_7_B1,ALL,1,81.69357,1,166
2022-09-04T23:00:00-00:00,2022-09-04T23:15:00-00:00,2022-09-04,17,KERCK1G3_7_B1,KERCK1G3_7_B1,KERCK1G3_7_B1,RTPD,LMP,LMP_PRC,KERCK1G3_7_B1,ALL,1,85.96179,1,166
2022-09-05T00:00:00-00:00,2022-09-05T00:15:00-00:00,2022-09-04,18,KERCK1G3_7_B1,KERCK1G3_7_B1,KERCK1G3_7_B1,RTPD,LMP,LMP_PRC,KERCK1G3_7_B1,ALL,1,116.09852,1,166
2022-09-05T01:00:00-00:00,2022-09-05T01:15:00-00:00,2022-09-04,19,KERCK1G3_7_B1,KERCK1G3_7_B1,KERCK1G3_7_B1,RTPD,LMP,LMP_PRC,KERCK1G3_7_B1,ALL,1,139.40216,1,166
2022-09-05T02:00:00-00:00,2022-09-05T02:15:00-00:00,2022-09-04,20,KERCK1G3_7_B1,KERCK1G3_7_B1,KERCK1G3_7_B1,RTPD,LMP,LMP_PRC,KERCK1G3_7_B1,ALL,1,170.6582,1,166
2022-09-05T03:00:00-00:00,2022-09-05T03:15:00-00:00,2022-09-04,21,KERCK1G3_7_B1,KERCK1G3_7_B1,KERCK1G3_7_B1,RTPD,LMP,LMP_PRC,KERCK1G3_7_B1,ALL,1,1026.6235,1,166
2022-09-05T04:00:00-00:00,2022-09-05T04:15:00-00:00,2022-09-04,22,KERCK1G3_7_B1,KERCK1G3_7_B1,KERCK1G3_7_B1,RTPD,LMP,LMP_PRC,KERCK1G3_7_B1,ALL,1,162.72469,1,166
2022-09-05T05:00:00-00:00,2022-09-05T05:15:00-00:00,2022-09-04,23,KERCK1G3_7_B1,KERCK1G3_7_B1,KERCK1G3_7_B1,RTPD,LMP,LMP_PRC,KERCK1G3_7_B1,ALL,1,179.23318,1,166
2022-09-05T06:00:00-00:00,2022-09-05T06:15:00-00:00,2022-09-04,24,KERCK1G3_7_B1,KERCK1G3_7_B1,KERCK1G3_7_B1,RTPD,LMP,LMP_PRC,KERCK1G3_7_B1,ALL,1,158.43265,1,166
2022-09-04T07:15:00-00:00,2022-09-04T07:30:00-00:00,2022-09-04,01,KERCK1G3_7_B1,KERCK1G3_7_B1,KERCK1G3_7_B1,RTPD,LMP,LMP_PRC,KERCK1G3_7_B1,ALL,1,117.91611,2,166
2022-09-04T08:15:00-00:00,2022-09-04T08:30:00-00:00,2022-09-04,02,KERCK1G3_7_B1,KERCK1G3_7_B1,KERCK1G3_7_B1,RTPD,LMP,LMP_PRC,KERCK1G3_7_B1,ALL,1,128.87091,2,166
2022-09-04T09:15:00-00:00,2022-09-04T09:30:00-00:00,2022-09-04,03,KERCK1G3_7_B1,KERCK1G3_7_B1,KERCK1G3_7_B1,RTPD,LMP,LMP_PRC,KERCK1G3_7_B1,ALL,1,107.00459,2,166
2022-09-04T10:15:00-00:00,2022-09-04T10:30:00-00:00,2022-09-04,04,KERCK1G3_7_B1,KERCK1G3_7_B1,KERCK1G3_7_B1,RTPD,LMP,LMP_PRC,KERCK1G3_7_B1,ALL,1,118.23684,2,166
2022-09-04T11:15:00-00:00,2022-09-04T11:30:00-00:00,2022-09-04,05,KERCK1G3_7_B1,KERCK1G3_7_B1,KERCK1G3_7_B1,RTPD,LMP,LMP_PRC,KERCK1G3_7_B1,ALL,1,133.22615,2,166
2022-09-04T12:15:00-00:00,2022-09-04T12:30:00-00:00,2022-09-04,06,KERCK1G3_7_B1,KERCK1G3_7_B1,KERCK1G3_7_B1,RTPD,LMP,LMP_PRC,KERCK1G3_7_B1,ALL,1,84.20806,2,166
2022-09-04T13:15:00-00:00,2022-09-04T13:30:00-00:00,2022-09-04,07,KERCK1G3_7_B1,KERCK1G3_7_B1,KERCK1G3_7_B1,RTPD,LMP,LMP_PRC,KERCK1G3_7_B1,ALL,1,49.97935,2,166
2022-09-04T14:15:00-00:00,2022-09-04T14:30:00-00:00,2022-09-04,08,KERCK1G3_7_B1,KERCK1G3_7_B1,KERCK1G3_7_B1,RTPD,LMP,LMP_PRC,KERCK1G3_7_B1,ALL,1,76.57219,2,166
2022-09-04T15:15:00-00:00,2022-09-04T15:30:00-00:00,2022-09-04,09,KERCK1G3_7_B1,KERCK1G3_7_B1,KERCK1G3_7_B1,RTPD,LMP,LMP_PRC,KERCK1G3_7_B1,ALL,1,54.5919,2,166
2022-09-04T16:15:00-00:00,2022-09-04T16:30:00-00:00,2022-09-04,10,KERCK1G3_7_B1,KERCK1G3_7_B1,KERCK1G3_7_B1,RTPD,LMP,LMP_PRC,KERCK1G3_7_B1,ALL,1,2.85083,2,166
2022-09-04T17:15:00-00:00,2022-09-04T17:30:00-00:00,2022-09-04,11,KERCK1G3_7_B1,KERCK1G3_7_B1,KERCK1G3_7_B1,RTPD,LMP,LMP_PRC,KERCK1G3_7_B1,ALL,1,2.05477,2,166
2022-09-04T18:15:00-00:00,2022-09-04T18:30:00-00:00,2022-09-04,12,KERCK1G3_7_B1,KERCK1G3_7_B1,KERCK1G3_7_B1,RTPD,LMP,LMP_PRC,KERCK1G3_7_B1,ALL,1,8.68363,2,166
2022-09-04T19:15:00-00:00,2022-09-04T19:30:00-00:00,2022-09-04,13,KERCK1G3_7_B1,KERCK1G3_7_B1,KERCK1G3_7_B1,RTPD,LMP,LMP_PRC,KERCK1G3_7_B1,ALL,1,56.55441,2,166
2022-09-04T20:15:00-00:00,2022-09-04T20:30:00-00:00,2022-09-04,14,KERCK1G3_7_B1,KERCK1G3_7_B1,KERCK1G3_7_B1,RTPD,LMP,LMP_PRC,KERCK1G3_7_B1,ALL,1,74.11144,2,166
2022-09-04T21:15:00-00:00,2022-09-04T21:30:00-00:00,2022-09-04,15,KERCK1G3_7_B1,KERCK1G3_7_B1,KERCK1G3_7_B1,RTPD,LMP,LMP_PRC,KERCK1G3_7_B1,ALL,1,79.30275,2,166
2022-09-04T22:15:00-00:00,2022-09-04T22:30:00-00:00,2022-09-04,16,KERCK1G3_7_B1,KERCK1G3_7_B1,KERCK1G3_7_B1,RTPD,LMP,LMP_PRC,KERCK1G3_7_B1,ALL,1,89.0806,2,166
2022-09-04T23:15:00-00:00,2022-09-04T23:30:00-00:00,2022-09-04,17,KERCK1G3_7_B1,KERCK1G3_7_B1,KERCK1G3_7_B1,RTPD,LMP,LMP_PRC,KERCK1G3_7_B1,ALL,1,99.09684,2,166
2022-09-05T00:15:00-00:00,2022-09-05T00:30:00-00:00,2022-09-04,18,KERCK1G3_7_B1,KERCK1G3_7_B1,KERCK1G3_7_B1,RTPD,LMP,LMP_PRC,KERCK1G3_7_B1,ALL,1,120.35508,2,166
2022-09-05T01:15:00-00:00,2022-09-05T01:30:00-00:00,2022-09-04,19,KERCK1G3_7_B1,KERCK1G3_7_B1,KERCK1G3_7_B1,RTPD,LMP,LMP_PRC,KERCK1G3_7_B1,ALL,1,311.9809,2,166
2022-09-05T02:15:00-00:00,2022-09-05T02:30:00-00:00,2022-09-04,20,KERCK1G3_7_B1,KERCK1G3_7_B1,KERCK1G3_7_B1,RTPD,LMP,LMP_PRC,KERCK1G3_7_B1,ALL,1,190.14056,2,166
2022-09-05T03:15:00-00:00,2022-09-05T03:30:00-00:00,2022-09-04,21,KERCK1G3_7_B1,KERCK1G3_7_B1,KERCK1G3_7_B1,RTPD,LMP,LMP_PRC,KERCK1G3_7_B1,ALL,1,993.77673,2,166
2022-09-05T04:15:00-00:00,2022-09-05T04:30:00-00:00,2022-09-04,22,KERCK1G3_7_B1,KERCK1G3_7_B1,KERCK1G3_7_B1,RTPD,LMP,LMP_PRC,KERCK1G3_7_B1,ALL,1,156.87096,2,166
2022-09-05T05:15:00-00:00,2022-09-05T05:30:00-00:00,2022-09-04,23,KERCK1G3_7_B1,KERCK1G3_7_B1,KERCK1G3_7_B1,RTPD,LMP,LMP_PRC,KERCK1G3_7_B1,ALL,1,181.2008,2,166
2022-09-05T06:15:00-00:00,2022-09-05T06:30:00-00:00,2022-09-04,24,KERCK1G3_7_B1,KERCK1G3_7_B1,KERCK1G3_7_B1,RTPD,LMP,LMP_PRC,KERCK1G3_7_B1,ALL,1,144.27905,2,166
2022-09-04T07:30:00-00:00,2022-09-04T07:45:00-00:00,2022-09-04,01,KERCK1G3_7_B1,KERCK1G3_7_B1,KERCK1G3_7_B1,RTPD,LMP,LMP_PRC,KERCK1G3_7_B1,ALL,1,108.94815,3,166
2022-09-04T08:30:00-00:00,2022-09-04T08:45:00-00:00,2022-09-04,02,KERCK1G3_7_B1,KERCK1G3_7_B1,KERCK1G3_7_B1,RTPD,LMP,LMP_PRC,KERCK1G3_7_B1,ALL,1,129.96645,3,166
2022-09-04T09:30:00-00:00,2022-09-04T09:45:00-00:00,2022-09-04,03,KERCK1G3_7_B1,KERCK1G3_7_B1,KERCK1G3_7_B1,RTPD,LMP,LMP_PRC,KERCK1G3_7_B1,ALL,1,97.51953,3,166
2022-09-04T10:30:00-00:00,2022-09-04T10:45:00-00:00,2022-09-04,04,KERCK1G3_7_B1,KERCK1G3_7_B1,KERCK1G3_7_B1,RTPD,LMP,LMP_PRC,KERCK1G3_7_B1,ALL,1,127.26527,3,166
2022-09-04T11:30:00-00:00,2022-09-04T11:45:00-00:00,2022-09-04,05,KERCK1G3_7_B1,KERCK1G3_7_B1,KERCK1G3_7_B1,RTPD,LMP,LMP_PRC,KERCK1G3_7_B1,ALL,1,133.02782,3,166
2022-09-04T12:30:00-00:00,2022-09-04T12:45:00-00:00,2022-09-04,06,KERCK1G3_7_B1,KERCK1G3_7_B1,KERCK1G3_7_B1,RTPD,LMP,LMP_PRC,KERCK1G3_7_B1,ALL,1,83.22096,3,166
2022-09-04T13:30:00-00:00,2022-09-04T13:45:00-00:00,2022-09-04,07,KERCK1G3_7_B1,KERCK1G3_7_B1,KERCK1G3_7_B1,RTPD,LMP,LMP_PRC,KERCK1G3_7_B1,ALL,1,43.00457,3,166
2022-09-04T14:30:00-00:00,2022-09-04T14:45:00-00:00,2022-09-04,08,KERCK1G3_7_B1,KERCK1G3_7_B1,KERCK1G3_7_B1,RTPD,LMP,LMP_PRC,KERCK1G3_7_B1,ALL,1,75.91185,3,166
2022-09-04T15:30:00-00:00,2022-09-04T15:45:00-00:00,2022-09-04,09,KERCK1G3_7_B1,KERCK1G3_7_B1,KERCK1G3_7_B1,RTPD,LMP,LMP_PRC,KERCK1G3_7_B1,ALL,1,41.29767,3,166
2022-09-04T16:30:00-00:00,2022-09-04T16:45:00-00:00,2022-09-04,10,KERCK1G3_7_B1,KERCK1G3_7_B1,KERCK1G3_7_B1,RTPD,LMP,LMP_PRC,KERCK1G3_7_B1,ALL,1,4.67766,3,166
2022-09-04T17:30:00-00:00,2022-09-04T17:45:00-00:00,2022-09-04,11,KERCK1G3_7_B1,KERCK1G3_7_B1,KERCK1G3_7_B1,RTPD,LMP,LMP_PRC,KERCK1G3_7_B1,ALL,1,2.5417,3,166
2022-09-04T18:30:00-00:00,2022-09-04T18:45:00-00:00,2022-09-04,12,KERCK1G3_7_B1,KERCK1G3_7_B1,KERCK1G3_7_B1,RTPD,LMP,LMP_PRC,KERCK1G3_7_B1,ALL,1,58.142,3,166
2022-09-04T19:30:00-00:00,2022-09-04T19:45:00-00:00,2022-09-04,13,KERCK1G3_7_B1,KERCK1G3_7_B1,KERCK1G3_7_B1,RTPD,LMP,LMP_PRC,KERCK1G3_7_B1,ALL,1,70.07933,3,166
2022-09-04T20:30:00-00:00,2022-09-04T20:45:00-00:00,2022-09-04,14,KERCK1G3_7_B1,KERCK1G3_7_B1,KERCK1G3_7_B1,RTPD,LMP,LMP_PRC,KERCK1G3_7_B1,ALL,1,71.78018,3,166
2022-09-04T21:30:00-00:00,2022-09-04T21:45:00-00:00,2022-09-04,15,KERCK1G3_7_B1,KERCK1G3_7_B1,KERCK1G3_7_B1,RTPD,LMP,LMP_PRC,KERCK1G3_7_B1,ALL,1,83.32545,3,166
2022-09-04T22:30:00-00:00,2022-09-04T22:45:00-00:00,2022-09-04,16,KERCK1G3_7_B1,KERCK1G3_7_B1,KERCK1G3_7_B1,RTPD,LMP,LMP_PRC,KERCK1G3_7_B1,ALL,1,99.61904,3,166
2022-09-04T23:30:00-00:00,2022-09-04T23:45:00-00:00,2022-09-04,17,KERCK1G3_7_B1,KERCK1G3_7_B1,KERCK1G3_7_B1,RTPD,LMP,LMP_PRC,KERCK1G3_7_B1,ALL,1,102.72728,3,166
2022-09-05T00:30:00-00:00,2022-09-05T00:45:00-00:00,2022-09-04,18,KERCK1G3_7_B1,KERCK1G3_7_B1,KERCK1G3_7_B1,RTPD,LMP,LMP_PRC,KERCK1G3_7_B1,ALL,1,124.77138,3,166
2022-09-05T01:30:00-00:00,2022-09-05T01:45:00-00:00,2022-09-04,19,KERCK1G3_7_B1,KERCK1G3_7_B1,KERCK1G3_7_B1,RTPD,LMP,LMP_PRC,KERCK1G3_7_B1,ALL,1,1394.5768,3,166
2022-09-05T02:30:00-00:00,2022-09-05T02:45:00-00:00,2022-09-04,20,KERCK1G3_7_B1,KERCK1G3_7_B1,KERCK1G3_7_B1,RTPD,LMP,LMP_PRC,KERCK1G3_7_B1,ALL,1,151.21954,3,166
2022-09-05T03:30:00-00:00,2022-09-05T03:45:00-00:00,2022-09-04,21,KERCK1G3_7_B1,KERCK1G3_7_B1,KERCK1G3_7_B1,RTPD,LMP,LMP_PRC,KERCK1G3_7_B1,ALL,1,835.1232,3,166
2022-09-05T04:30:00-00:00,2022-09-05T04:45:00-00:00,2022-09-04,22,KERCK1G3_7_B1,KERCK1G3_7_B1,KERCK1G3_7_B1,RTPD,LMP,LMP_PRC,KERCK1G3_7_B1,ALL,1,157.20782,3,166
2022-09-05T05:30:00-00:00,2022-09-05T05:45:00-00:00,2022-09-04,23,KERCK1G3_7_B1,KERCK1G3_7_B1,KERCK1G3_7_B1,RTPD,LMP,LMP_PRC,KERCK1G3_7_B1,ALL,1,153.77621,3,166
2022-09-05T06:30:00-00:00,2022-09-05T06:45:00-00:00,2022-09-04,24,KERCK1G3_7_B1,KERCK1G3_7_B1,KERCK1G3_7_B1,RTPD,LMP,LMP_PRC,KERCK1G3_7_B1,ALL,1,108.01504,3,166
2022-09-04T07:45:00-00:00,2022-09-04T08:00:00-00:00,2022-09-04,01,KERCK1G3_7_B1,KERCK1G3_7_B1,KERCK1G3_7_B1,RTPD,LMP,LMP_PRC,KERCK1G3_7_B1,ALL,1,135.99977,4,166
2022-09-04T08:45:00-00:00,2022-09-04T09:00:00-00:00,2022-09-04,02,KERCK1G3_7_B1,KERCK1G3_7_B1,KERCK1G3_7_B1,RTPD,LMP,LMP_PRC,KERCK1G3_7_B1,ALL,1,133.78699,4,166
2022-09-04T09:45:00-00:00,2022-09-04T10:00:00-00:00,2022-09-04,03,KERCK1G3_7_B1,KERCK1G3_7_B1,KERCK1G3_7_B1,RTPD,LMP,LMP_PRC,KERCK1G3_7_B1,ALL,1,104.57959,4,166
2022-09-04T10:45:00-00:00,2022-09-04T11:00:00-00:00,2022-09-04,04,KERCK1G3_7_B1,KERCK1G3_7_B1,KERCK1G3_7_B1,RTPD,LMP,LMP_PRC,KERCK1G3_7_B1,ALL,1,98.99761,4,166
2022-09-04T11:45:00-00:00,2022-09-04T12:00:00-00:00,2022-09-04,05,KERCK1G3_7_B1,KERCK1G3_7_B1,KERCK1G3_7_B1,RTPD,LMP,LMP_PRC,KERCK1G3_7_B1,ALL,1,81.2288,4,166
2022-09-04T12:45:00-00:00,2022-09-04T13:00:00-00:00,2022-09-04,06,KERCK1G3_7_B1,KERCK1G3_7_B1,KERCK1G3_7_B1,RTPD,LMP,LMP_PRC,KERCK1G3_7_B1,ALL,1,79.57731,4,166
2022-09-04T13:45:00-00:00,2022-09-04T14:00:00-00:00,2022-09-04,07,KERCK1G3_7_B1,KERCK1G3_7_B1,KERCK1G3_7_B1,RTPD,LMP,LMP_PRC,KERCK1G3_7_B1,ALL,1,34.94735,4,166
2022-09-04T14:45:00-00:00,2022-09-04T15:00:00-00:00,2022-09-04,08,KERCK1G3_7_B1,KERCK1G3_7_B1,KERCK1G3_7_B1,RTPD,LMP,LMP_PRC,KERCK1G3_7_B1,ALL,1,38.17568,4,166
2022-09-04T15:45:00-00:00,2022-09-04T16:00:00-00:00,2022-09-04,09,KERCK1G3_7_B1,KERCK1G3_7_B1,KERCK1G3_7_B1,RTPD,LMP,LMP_PRC,KERCK1G3_7_B1,ALL,1,4.45957,4,166
2022-09-04T16:45:00-00:00,2022-09-04T17:00:00-00:00,2022-09-04,10,KERCK1G3_7_B1,KERCK1G3_7_B1,KERCK1G3_7_B1,RTPD,LMP,LMP_PRC,KERCK1G3_7_B1,ALL,1,1.24928,4,166
2022-09-04T17:45:00-00:00,2022-09-04T18:00:00-00:00,2022-09-04,11,KERCK1G3_7_B1,KERCK1G3_7_B1,KERCK1G3_7_B1,RTPD,LMP,LMP_PRC,KERCK1G3_7_B1,ALL,1,2.66838,4,166
2022-09-04T18:45:00-00:00,2022-09-04T19:00:00-00:00,2022-09-04,12,KERCK1G3_7_B1,KERCK1G3_7_B1,KERCK1G3_7_B1,RTPD,LMP,LMP_PRC,KERCK1G3_7_B1,ALL,1,68.85452,4,166
2022-09-04T19:45:00-00:00,2022-09-04T20:00:00-00:00,2022-09-04,13,KERCK1G3_7_B1,KERCK1G3_7_B1,KERCK1G3_7_B1,RTPD,LMP,LMP_PRC,KERCK1G3_7_B1,ALL,1,51.47565,4,166
2022-09-04T20:45:00-00:00,2022-09-04T21:00:00-00:00,2022-09-04,14,KERCK1G3_7_B1,KERCK1G3_7_B1,KERCK1G3_7_B1,RTPD,LMP,LMP_PRC,KERCK1G3_7_B1,ALL,1,81.72538,4,166
2022-09-04T21:45:00-00:00,2022-09-04T22:00:00-00:00,2022-09-04,15,KERCK1G3_7_B1,KERCK1G3_7_B1,KERCK1G3_7_B1,RTPD,LMP,LMP_PRC,KERCK1G3_7_B1,ALL,1,82.10485,4,166
2022-09-04T22:45:00-00:00,2022-09-04T23:00:00-00:00,2022-09-04,16,KERCK1G3_7_B1,KERCK1G3_7_B1,KERCK1G3_7_B1,RTPD,LMP,LMP_PRC,KERCK1G3_7_B1,ALL,1,122.26156,4,166
2022-09-04T23:45:00-00:00,2022-09-05T00:00:00-00:00,2022-09-04,17,KERCK1G3_7_B1,KERCK1G3_7_B1,KERCK1G3_7_B1,RTPD,LMP,LMP_PRC,KERCK1G3_7_B1,ALL,1,135.376,4,166
2022-09-05T00:45:00-00:00,2022-09-05T01:00:00-00:00,2022-09-04,18,KERCK1G3_7_B1,KERCK1G3_7_B1,KERCK1G3_7_B1,RTPD,LMP,LMP_PRC,KERCK1G3_7_B1,ALL,1,154.17883,4,166
2022-09-05T01:45:00-00:00,2022-09-05T02:00:00-00:00,2022-09-04,19,KERCK1G3_7_B1,KERCK1G3_7_B1,KERCK1G3_7_B1,RTPD,LMP,LMP_PRC,KERCK1G3_7_B1,ALL,1,1223.5155,4,166
2022-09-05T02:45:00-00:00,2022-09-05T03:00:00-00:00,2022-09-04,20,KERCK1G3_7_B1,KERCK1G3_7_B1,KERCK1G3_7_B1,RTPD,LMP,LMP_PRC,KERCK1G3_7_B1,ALL,1,134.63264,4,166
2022-09-05T03:45:00-00:00,2022-09-05T04:00:00-00:00,2022-09-04,21,KERCK1G3_7_B1,KERCK1G3_7_B1,KERCK1G3_7_B1,RTPD,LMP,LMP_PRC,KERCK1G3_7_B1,ALL,1,144.22977,4,166
2022-09-05T04:45:00-00:00,2022-09-05T05:00:00-00:00,2022-09-04,22,KERCK1G3_7_B1,KERCK1G3_7_B1,KERCK1G3_7_B1,RTPD,LMP,LMP_PRC,KERCK1G3_7_B1,ALL,1,154.28857,4,166
2022-09-05T05:45:00-00:00,2022-09-05T06:00:00-00:00,2022-09-04,23,KERCK1G3_7_B1,KERCK1G3_7_B1,KERCK1G3_7_B1,RTPD,LMP,LMP_PRC,KERCK1G3_7_B1,ALL,1,112.33762,4,166
2022-09-05T06:45:00-00:00,2022-09-05T07:00:00-00:00,2022-09-04,24,KERCK1G3_7_B1,KERCK1G3_7_B1,KERCK1G3_7_B1,RTPD,LMP,LMP_PRC,KERCK1G3_7_B1,ALL,1,95.65559,4,166
2022-09-04T07:00:00-00:00,2022-09-04T07:15:00-00:00,2022-09-04,01,KERCK1G3_7_B1,KERCK1G3_7_B1,KERCK1G3_7_B1,RTPD,MCC,LMP_CONG_PRC,KERCK1G3_7_B1,ALL,1,2.05577,1,167
2022-09-04T08:00:00-00:00,2022-09-04T08:15:00-00:00,2022-09-04,02,KERCK1G3_7_B1,KERCK1G3_7_B1,KERCK1G3_7_B1,RTPD,MCC,LMP_CONG_PRC,KERCK1G3_7_B1,ALL,1,11.23569,1,167
2022-09-04T09:00:00-00:00,2022-09-04T09:15:00-00:00,2022-09-04,03,KERCK1G3_7_B1,KERCK1G3_7_B1,KERCK1G3_7_B1,RTPD,MCC,LMP_CONG_PRC,KERCK1G3_7_B1,ALL,1,40.32826,1,167
2022-09-04T10:00:00-00:00,2022-09-04T10:15:00-00:00,2022-09-04,04,KERCK1G3_7_B1,KERCK1G3_7_B1,KERCK1G3_7_B1,RTPD,MCC,LMP_CONG_PRC,KERCK1G3_7_B1,ALL,1,18.5885,1,167
2022-09-04T11:00:00-00:00,2022-09-04T11:15:00-00:00,2022-09-04,05,KERCK1G3_7_B1,KERCK1G3_7_B1,KERCK1G3_7_B1,RTPD,MCC,LMP_CONG_PRC,KERCK1G3_7_B1,ALL,1,6.03972,1,167
2022-09-04T12:00:00-00:00,2022-09-04T12:15:00-00:00,2022-09-04,06,KERCK1G3_7_B1,KERCK1G3_7_B1,KERCK1G3_7_B1,RTPD,MCC,LMP_CONG_PRC,KERCK1G3_7_B1,ALL,1,-9.47733,1,167
2022-09-04T13:00:00-00:00,2022-09-04T13:15:00-00:00,2022-09-04,07,KERCK1G3_7_B1,KERCK1G3_7_B1,KERCK1G3_7_B1,RTPD,MCC,LMP_CONG_PRC,KERCK1G3_7_B1,ALL,1,-20.01074,1,167
2022-09-04T14:00:00-00:00,2022-09-04T14:15:00-00:00,2022-09-04,08,KERCK1G3_7_B1,KERCK1G3_7_B1,KERCK1G3_7_B1,RTPD,MCC,LMP_CONG_PRC,KERCK1G3_7_B1,ALL,1,-10.31588,1,167
2022-09-04T15:00:00-00:00,2022-09-04T15:15:00-00:00,2022-09-04,09,KERCK1G3_7_B1,KERCK1G3_7_B1,KERCK1G3_7_B1,RTPD,MCC,LMP_CONG_PRC,KERCK1G3_7_B1,ALL,1,-8.94581,1,167
2022-09-04T16:00:00-00:00,2022-09-04T16:15:00-00:00,2022-09-04,10,KERCK1G3_7_B1,KERCK1G3_7_B1,KERCK1G3_7_B1,RTPD,MCC,LMP_CONG_PRC,KERCK1G3_7_B1,ALL,1,-51.41915,1,167
2022-09-04T17:00:00-00:00,2022-09-04T17:15:00-00:00,2022-09-04,11,KERCK1G3_7_B1,KERCK1G3_7_B1,KERCK1G3_7_B1,RTPD,MCC,LMP_CONG_PRC,KERCK1G3_7_B1,ALL,1,-62.49721,1,167
2022-09-04T18:00:00-00:00,2022-09-04T18:15:00-00:00,2022-09-04,12,KERCK1G3_7_B1,KERCK1G3_7_B1,KERCK1G3_7_B1,RTPD,MCC,LMP_CONG_PRC,KERCK1G3_7_B1,ALL,1,-63.45777,1,167
2022-09-04T19:00:00-00:00,2022-09-04T19:15:00-00:00,2022-09-04,13,KERCK1G3_7_B1,KERCK1G3_7_B1,KERCK1G3_7_B1,RTPD,MCC,LMP_CONG_PRC,KERCK1G3_7_B1,ALL,1,-46.95076,1,167
2022-09-04T20:00:00-00:00,2022-09-04T20:15:00-00:00,2022-09-04,14,KERCK1G3_7_B1,KERCK1G3_7_B1,KERCK1G3_7_B1,RTPD,MCC,LMP_CONG_PRC,KERCK1G3_7_B1,ALL,1,-17.80069,1,167
2022-09-04T21:00:00-00:00,2022-09-04T21:15:00-00:00,2022-09-04,15,KERCK1G3_7_B1,KERCK1G3_7_B1,KERCK1G3_7_B1,RTPD,MCC,LMP_CONG_PRC,KERCK1G3_7_B1,ALL,1,-30.15831,1,167
2022-09-04T22:00:00-00:00,2022-09-04T22:15:00-00:00,2022-09-04,16,KERCK1G3_7_B1,KERCK1G3_7_B1,KERCK1G3_7_B1,RTPD,MCC,LMP_CONG_PRC,KERCK1G3_7_B1,ALL,1,-23.99555,1,167
2022-09-04T23:00:00-00:00,2022-09-04T23:15:00-00:00,2022-09-04,17,KERCK1G3_7_B1,KERCK1G3_7_B1,KERCK1G3_7_B1,RTPD,MCC,LMP_CONG_PRC,KERCK1G3_7_B1,ALL,1,-19.69987,1,167
2022-09-05T00:00:00-00:00,2022-09-05T00:15:00-00:00,2022-09-04,18,KERCK1G3_7_B1,KERCK1G3_7_B1,KERCK1G3_7_B1,RTPD,MCC,LMP_CONG_PRC,KERCK1G3_7_B1,ALL,1,-3.92461,1,167
2022-09-05T01:00:00-00:00,2022-09-05T01:15:00-00:00,2022-09-04,19,KERCK1G3_7_B1,KERCK1G3_7_B1,KERCK1G3_7_B1,RTPD,MCC,LMP_CONG_PRC,KERCK1G3_7_B1,ALL,1,-37.97852,1,167
2022-09-05T02:00:00-00:00,2022-09-05T02:15:00-00:00,2022-09-04,20,KERCK1G3_7_B1,KERCK1G3_7_B1,KERCK1G3_7_B1,RTPD,MCC,LMP_CONG_PRC,KERCK1G3_7_B1,ALL,1,24.71034,1,167
2022-09-05T03:00:00-00:00,2022-09-05T03:15:00-00:00,2022-09-04,21,KERCK1G3_7_B1,KERCK1G3_7_B1,KERCK1G3_7_B1,RTPD,MCC,LMP_CONG_PRC,KERCK1G3_7_B1,ALL,1,856.48773,1,167
2022-09-05T04:00:00-00:00,2022-09-05T04:15:00-00:00,2022-09-04,22,KERCK1G3_7_B1,KERCK1G3_7_B1,KERCK1G3_7_B1,RTPD,MCC,LMP_CONG_PRC,KERCK1G3_7_B1,ALL,1,20.25599,1,167
2022-09-05T05:00:00-00:00,2022-09-05T05:15:00-00:00,2022-09-04,23,KERCK1G3_7_B1,KERCK1G3_7_B1,KERCK1G3_7_B1,RTPD,MCC,LMP_CONG_PRC,KERCK1G3_7_B1,ALL,1,22.6068,1,167
2022-09-05T06:00:00-00:00,2022-09-05T06:15:00-00:00,2022-09-04,24,KERCK1G3_7_B1,KERCK1G3_7_B1,KERCK1G3_7_B1,RTPD,MCC,LMP_CONG_PRC,KERCK1G3_7_B1,ALL,1,13.08386,1,167
2022-09-04T07:15:00-00:00,2022-09-04T07:30:00-00:00,2022-09-04,01,KERCK1G3_7_B1,KERCK1G3_7_B1,KERCK1G3_7_B1,RTPD,MCC,LMP_CONG_PRC,KERCK1G3_7_B1,ALL,1,7.27515,2,167
2022-09-04T08:15:00-00:00,2022-09-04T08:30:00-00:00,2022-09-04,02,KERCK1G3_7_B1,KERCK1G3_7_B1,KERCK1G3_7_B1,RTPD,MCC,LMP_CONG_PRC,KERCK1G3_7_B1,ALL,1,32.43741,2,167
2022-09-04T09:15:00-00:00,2022-09-04T09:30:00-00:00,2022-09-04,03,KERCK1G3_7_B1,KERCK1G3_7_B1,KERCK1G3_7_B1,RTPD,MCC,LMP_CONG_PRC,KERCK1G3_7_B1,ALL,1,21.67214,2,167
2022-09-04T10:15:00-00:00,2022-09-04T10:30:00-00:00,2022-09-04,04,KERCK1G3_7_B1,KERCK1G3_7_B1,KERCK1G3_7_B1,RTPD,MCC,LMP_CONG_PRC,KERCK1G3_7_B1,ALL,1,20.65974,2,167
2022-09-04T11:15:00-00:00,2022-09-04T11:30:00-00:00,2022-09-04,05,KERCK1G3_7_B1,KERCK1G3_7_B1,KERCK1G3_7_B1,RTPD,MCC,LMP_CONG_PRC,KERCK1G3_7_B1,ALL,1,40.67454,2,167
2022-09-04T12:15:00-00:00,2022-09-04T12:30:00-00:00,2022-09-04,06,KERCK1G3_7_B1,KERCK1G3_7_B1,KERCK1G3_7_B1,RTPD,MCC,LMP_CONG_PRC,KERCK1G3_7_B1,ALL,1,-9.42778,2,167
2022-09-04T13:15:00-00:00,2022-09-04T13:30:00-00:00,2022-09-04,07,KERCK1G3_7_B1,KERCK1G3_7_B1,KERCK1G3_7_B1,RTPD,MCC,LMP_CONG_PRC,KERCK1G3_7_B1,ALL,1,-29.57464,2,167
2022-09-04T14:15:00-00:00,2022-09-04T14:30:00-00:00,2022-09-04,08,KERCK1G3_7_B1,KERCK1G3_7_B1,KERCK1G3_7_B1,RTPD,MCC,LMP_CONG_PRC,KERCK1G3_7_B1,ALL,1,-10.36575,2,167
2022-09-04T15:15:00-00:00,2022-09-04T15:30:00-00:00,2022-09-04,09,KERCK1G3_7_B1,KERCK1G3_7_B1,KERCK1G3_7_B1,RTPD,MCC,LMP_CONG_PRC,KERCK1G3_7_B1,ALL,1,-19.10624,2,167
2022-09-04T16:15:00-00:00,2022-09-04T16:30:00-00:00,2022-09-04,10,KERCK1G3_7_B1,KERCK1G3_7_B1,KERCK1G3_7_B1,RTPD,MCC,LMP_CONG_PRC,KERCK1G3_7_B1,ALL,1,-53.16677,2,167
2022-09-04T17:15:00-00:00,2022-09-04T17:30:00-00:00,2022-09-04,11,KERCK1G3_7_B1,KERCK1G3_7_B1,KERCK1G3_7_B1,RTPD,MCC,LMP_CONG_PRC,KERCK1G3_7_B1,ALL,1,-71.74091,2,167
2022-09-04T18:15:00-00:00,2022-09-04T18:30:00-00:00,2022-09-04,12,KERCK1G3_7_B1,KERCK1G3_7_B1,KERCK1G3_7_B1,RTPD,MCC,LMP_CONG_PRC,KERCK1G3_7_B1,ALL,1,-68.61512,2,167
2022-09-04T19:15:00-00:00,2022-09-04T19:30:00-00:00,2022-09-04,13,KERCK1G3_7_B1,KERCK1G3_7_B1,KERCK1G3_7_B1,RTPD,MCC,LMP_CONG_PRC,KERCK1G3_7_B1,ALL,1,-33.93611,2,167
2022-09-04T20:15:00-00:00,2022-09-04T20:30:00-00:00,2022-09-04,14,KERCK1G3_7_B1,KERCK1G3_7_B1,KERCK1G3_7_B1,RTPD,MCC,LMP_CONG_PRC,KERCK1G3_7_B1,ALL,1,-19.62636,2,167
2022-09-04T21:15:00-00:00,2022-09-04T21:30:00-00:00,2022-09-04,15,KERCK1G3_7_B1,KERCK1G3_7_B1,KERCK1G3_7_B1,RTPD,MCC,LMP_CONG_PRC,KERCK1G3_7_B1,ALL,1,-35.2479,2,167
2022-09-04T22:15:00-00:00,2022-09-04T22:30:00-00:00,2022-09-04,16,KERCK1G3_7_B1,KERCK1G3_7_B1,KERCK1G3_7_B1,RTPD,MCC,LMP_CONG_PRC,KERCK1G3_7_B1,ALL,1,-20.56377,2,167
2022-09-04T23:15:00-00:00,2022-09-04T23:30:00-00:00,2022-09-04,17,KERCK1G3_7_B1,KERCK1G3_7_B1,KERCK1G3_7_B1,RTPD,MCC,LMP_CONG_PRC,KERCK1G3_7_B1,ALL,1,-7.54713,2,167
2022-09-05T00:15:00-00:00,2022-09-05T00:30:00-00:00,2022-09-04,18,KERCK1G3_7_B1,KERCK1G3_7_B1,KERCK1G3_7_B1,RTPD,MCC,LMP_CONG_PRC,KERCK1G3_7_B1,ALL,1,-83.36562,2,167
2022-09-05T01:15:00-00:00,2022-09-05T01:30:00-00:00,2022-09-04,19,KERCK1G3_7_B1,KERCK1G3_7_B1,KERCK1G3_7_B1,RTPD,MCC,LMP_CONG_PRC,KERCK1G3_7_B1,ALL,1,-0.15473,2,167
2022-09-05T02:15:00-00:00,2022-09-05T02:30:00-00:00,2022-09-04,20,KERCK1G3_7_B1,KERCK1G3_7_B1,KERCK1G3_7_B1,RTPD,MCC,LMP_CONG_PRC,KERCK1G3_7_B1,ALL,1,38.06385,2,167
2022-09-05T03:15:00-00:00,2022-09-05T03:30:00-00:00,2022-09-04,21,KERCK1G3_7_B1,KERCK1G3_7_B1,KERCK1G3_7_B1,RTPD,MCC,LMP_CONG_PRC,KERCK1G3_7_B1,ALL,1,839.8884,2,167
2022-09-05T04:15:00-00:00,2022-09-05T04:30:00-00:00,2022-09-04,22,KERCK1G3_7_B1,KERCK1G3_7_B1,KERCK1G3_7_B1,RTPD,MCC,LMP_CONG_PRC,KERCK1G3_7_B1,ALL,1,16.50276,2,167
2022-09-05T05:15:00-00:00,2022-09-05T05:30:00-00:00,2022-09-04,23,KERCK1G3_7_B1,KERCK1G3_7_B1,KERCK1G3_7_B1,RTPD,MCC,LMP_CONG_PRC,KERCK1G3_7_B1,ALL,1,22.96694,2,167
2022-09-05T06:15:00-00:00,2022-09-05T06:30:00-00:00,2022-09-04,24,KERCK1G3_7_B1,KERCK1G3_7_B1,KERCK1G3_7_B1,RTPD,MCC,LMP_CONG_PRC,KERCK1G3_7_B1,ALL,1,12.65226,2,167
2022-09-04T07:30:00-00:00,2022-09-04T07:45:00-00:00,2022-09-04,01,KERCK1G3_7_B1,KERCK1G3_7_B1,KERCK1G3_7_B1,RTPD,MCC,LMP_CONG_PRC,KERCK1G3_7_B1,ALL,1,3.59677,3,167
2022-09-04T08:30:00-00:00,2022-09-04T08:45:00-00:00,2022-09-04,02,KERCK1G3_7_B1,KERCK1G3_7_B1,KERCK1G3_7_B1,RTPD,MCC,LMP_CONG_PRC,KERCK1G3_7_B1,ALL,1,40.65116,3,167
2022-09-04T09:30:00-00:00,2022-09-04T09:45:00-00:00,2022-09-04,03,KERCK1G3_7_B1,KERCK1G3_7_B1,KERCK1G3_7_B1,RTPD,MCC,LMP_CONG_PRC,KERCK1G3_7_B1,ALL,1,14.74974,3,167
2022-09-04T10:30:00-00:00,2022-09-04T10:45:00-00:00,2022-09-04,04,KERCK1G3_7_B1,KERCK1G3_7_B1,KERCK1G3_7_B1,RTPD,MCC,LMP_CONG_PRC,KERCK1G3_7_B1,ALL,1,30.63558,3,167
2022-09-04T11:30:00-00:00,2022-09-04T11:45:00-00:00,2022-09-04,05,KERCK1G3_7_B1,KERCK1G3_7_B1,KERCK1G3_7_B1,RTPD,MCC,LMP_CONG_PRC,KERCK1G3_7_B1,ALL,1,41.09608,3,167
2022-09-04T12:30:00-00:00,2022-09-04T12:45:00-00:00,2022-09-04,06,KERCK1G3_7_B1,KERCK1G3_7_B1,KERCK1G3_7_B1,RTPD,MCC,LMP_CONG_PRC,KERCK1G3_7_B1,ALL,1,-10.30898,3,167
2022-09-04T13:30:00-00:00,2022-09-04T13:45:00-00:00,2022-09-04,07,KERCK1G3_7_B1,KERCK1G3_7_B1,KERCK1G3_7_B1,RTPD,MCC,LMP_CONG_PRC,KERCK1G3_7_B1,ALL,1,-35.25595,3,167
2022-09-04T14:30:00-00:00,2022-09-04T14:45:00-00:00,2022-09-04,08,KERCK1G3_7_B1,KERCK1G3_7_B1,KERCK1G3_7_B1,RTPD,MCC,LMP_CONG_PRC,KERCK1G3_7_B1,ALL,1,-8.50651,3,167
2022-09-04T15:30:00-00:00,2022-09-04T15:45:00-00:00,2022-09-04,09,KERCK1G3_7_B1,KERCK1G3_7_B1,KERCK1G3_7_B1,RTPD,MCC,LMP_CONG_PRC,KERCK1G3_7_B1,ALL,1,-22.69619,3,167
2022-09-04T16:30:00-00:00,2022-09-04T16:45:00-00:00,2022-09-04,10,KERCK1G3_7_B1,KERCK1G3_7_B1,KERCK1G3_7_B1,RTPD,MCC,LMP_CONG_PRC,KERCK1G3_7_B1,ALL,1,-54.12695,3,167
2022-09-04T17:30:00-00:00,2022-09-04T17:45:00-00:00,2022-09-04,11,KERCK1G3_7_B1,KERCK1G3_7_B1,KERCK1G3_7_B1,RTPD,MCC,LMP_CONG_PRC,KERCK1G3_7_B1,ALL,1,-72.15237,3,167
2022-09-04T18:30:00-00:00,2022-09-04T18:45:00-00:00,2022-09-04,12,KERCK1G3_7_B1,KERCK1G3_7_B1,KERCK1G3_7_B1,RTPD,MCC,LMP_CONG_PRC,KERCK1G3_7_B1,ALL,1,-32.60756,3,167
2022-09-04T19:30:00-00:00,2022-09-04T19:45:00-00:00,2022-09-04,13,KERCK1G3_7_B1,KERCK1G3_7_B1,KERCK1G3_7_B1,RTPD,MCC,LMP_CONG_PRC,KERCK1G3_7_B1,ALL,1,-37.46701,3,167
2022-09-04T20:30:00-00:00,2022-09-04T20:45:00-00:00,2022-09-04,14,KERCK1G3_7_B1,KERCK1G3_7_B1,KERCK1G3_7_B1,RTPD,MCC,LMP_CONG_PRC,KERCK1G3_7_B1,ALL,1,-39.85688,3,167
2022-09-04T21:30:00-00:00,2022-09-04T21:45:00-00:00,2022-09-04,15,KERCK1G3_7_B1,KERCK1G3_7_B1,KERCK1G3_7_B1,RTPD,MCC,LMP_CONG_PRC,KERCK1G3_7_B1,ALL,1,-27.22195,3,167
2022-09-04T22:30:00-00:00,2022-09-04T22:45:00-00:00,2022-09-04,16,KERCK1G3_7_B1,KERCK1G3_7_B1,KERCK1G3_7_B1,RTPD,MCC,LMP_CONG_PRC,KERCK1G3_7_B1,ALL,1,-18.91291,3,167
2022-09-04T23:30:00-00:00,2022-09-04T23:45:00-00:00,2022-09-04,17,KERCK1G3_7_B1,KERCK1G3_7_B1,KERCK1G3_7_B1,RTPD,MCC,LMP_CONG_PRC,KERCK1G3_7_B1,ALL,1,-10.51184,3,167
2022-09-05T00:30:00-00:00,2022-09-05T00:45:00-00:00,2022-09-04,18,KERCK1G3_7_B1,KERCK1G3_7_B1,KERCK1G3_7_B1,RTPD,MCC,LMP_CONG_PRC,KERCK1G3_7_B1,ALL,1,-36.00761,3,167
2022-09-05T01:30:00-00:00,2022-09-05T01:45:00-00:00,2022-09-04,19,KERCK1G3_7_B1,KERCK1G3_7_B1,KERCK1G3_7_B1,RTPD,MCC,LMP_CONG_PRC,KERCK1G3_7_B1,ALL,1,397.32785,3,167
2022-09-05T02:30:00-00:00,2022-09-05T02:45:00-00:00,2022-09-04,20,KERCK1G3_7_B1,KERCK1G3_7_B1,KERCK1G3_7_B1,RTPD,MCC,LMP_CONG_PRC,KERCK1G3_7_B1,ALL,1,14.78609,3,167
2022-09-05T03:30:00-00:00,2022-09-05T03:45:00-00:00,2022-09-04,21,KERCK1G3_7_B1,KERCK1G3_7_B1,KERCK1G3_7_B1,RTPD,MCC,LMP_CONG_PRC,KERCK1G3_7_B1,ALL,1,688.5175,3,167
2022-09-05T04:30:00-00:00,2022-09-05T04:45:00-00:00,2022-09-04,22,KERCK1G3_7_B1,KERCK1G3_7_B1,KERCK1G3_7_B1,RTPD,MCC,LMP_CONG_PRC,KERCK1G3_7_B1,ALL,1,18.2857,3,167
2022-09-05T05:30:00-00:00,2022-09-05T05:45:00-00:00,2022-09-04,23,KERCK1G3_7_B1,KERCK1G3_7_B1,KERCK1G3_7_B1,RTPD,MCC,LMP_CONG_PRC,KERCK1G3_7_B1,ALL,1,15.32059,3,167
2022-09-05T06:30:00-00:00,2022-09-05T06:45:00-00:00,2022-09-04,24,KERCK1G3_7_B1,KERCK1G3_7_B1,KERCK1G3_7_B1,RTPD,MCC,LMP_CONG_PRC,KERCK1G3_7_B1,ALL,1,4.09743,3,167
2022-09-04T07:45:00-00:00,2022-09-04T08:00:00-00:00,2022-09-04,01,KERCK1G3_7_B1,KERCK1G3_7_B1,KERCK1G3_7_B1,RTPD,MCC,LMP_CONG_PRC,KERCK1G3_7_B1,ALL,1,51.37909,4,167
2022-09-04T08:45:00-00:00,2022-09-04T09:00:00-00:00,2022-09-04,02,KERCK1G3_7_B1,KERCK1G3_7_B1,KERCK1G3_7_B1,RTPD,MCC,LMP_CONG_PRC,KERCK1G3_7_B1,ALL,1,41.28787,4,167
2022-09-04T09:45:00-00:00,2022-09-04T10:00:00-00:00,2022-09-04,03,KERCK1G3_7_B1,KERCK1G3_7_B1,KERCK1G3_7_B1,RTPD,MCC,LMP_CONG_PRC,KERCK1G3_7_B1,ALL,1,15.84578,4,167
2022-09-04T10:45:00-00:00,2022-09-04T11:00:00-00:00,2022-09-04,04,KERCK1G3_7_B1,KERCK1G3_7_B1,KERCK1G3_7_B1,RTPD,MCC,LMP_CONG_PRC,KERCK1G3_7_B1,ALL,1,8.44512,4,167
2022-09-04T11:45:00-00:00,2022-09-04T12:00:00-00:00,2022-09-04,05,KERCK1G3_7_B1,KERCK1G3_7_B1,KERCK1G3_7_B1,RTPD,MCC,LMP_CONG_PRC,KERCK1G3_7_B1,ALL,1,-8.15872,4,167
2022-09-04T12:45:00-00:00,2022-09-04T13:00:00-00:00,2022-09-04,06,KERCK1G3_7_B1,KERCK1G3_7_B1,KERCK1G3_7_B1,RTPD,MCC,LMP_CONG_PRC,KERCK1G3_7_B1,ALL,1,-11.52432,4,167
2022-09-04T13:45:00-00:00,2022-09-04T14:00:00-00:00,2022-09-04,07,KERCK1G3_7_B1,KERCK1G3_7_B1,KERCK1G3_7_B1,RTPD,MCC,LMP_CONG_PRC,KERCK1G3_7_B1,ALL,1,-32.70785,4,167
2022-09-04T14:45:00-00:00,2022-09-04T15:00:00-00:00,2022-09-04,08,KERCK1G3_7_B1,KERCK1G3_7_B1,KERCK1G3_7_B1,RTPD,MCC,LMP_CONG_PRC,KERCK1G3_7_B1,ALL,1,-21.15715,4,167
2022-09-04T15:45:00-00:00,2022-09-04T16:00:00-00:00,2022-09-04,09,KERCK1G3_7_B1,KERCK1G3_7_B1,KERCK1G3_7_B1,RTPD,MCC,LMP_CONG_PRC,KERCK1G3_7_B1,ALL,1,-40.91558,4,167
2022-09-04T16:45:00-00:00,2022-09-04T17:00:00-00:00,2022-09-04,10,KERCK1G3_7_B1,KERCK1G3_7_B1,KERCK1G3_7_B1,RTPD,MCC,LMP_CONG_PRC,KERCK1G3_7_B1,ALL,1,-58.55226,4,167
2022-09-04T17:45:00-00:00,2022-09-04T18:00:00-00:00,2022-09-04,11,KERCK1G3_7_B1,KERCK1G3_7_B1,KERCK1G3_7_B1,RTPD,MCC,LMP_CONG_PRC,KERCK1G3_7_B1,ALL,1,-82.48192,4,167
2022-09-04T18:45:00-00:00,2022-09-04T19:00:00-00:00,2022-09-04,12,KERCK1G3_7_B1,KERCK1G3_7_B1,KERCK1G3_7_B1,RTPD,MCC,LMP_CONG_PRC,KERCK1G3_7_B1,ALL,1,-27.72703,4,167
2022-09-04T19:45:00-00:00,2022-09-04T20:00:00-00:00,2022-09-04,13,KERCK1G3_7_B1,KERCK1G3_7_B1,KERCK1G3_7_B1,RTPD,MCC,LMP_CONG_PRC,KERCK1G3_7_B1,ALL,1,-53.20311,4,167
2022-09-04T20:45:00-00:00,2022-09-04T21:00:00-00:00,2022-09-04,14,KERCK1G3_7_B1,KERCK1G3_7_B1,KERCK1G3_7_B1,RTPD,MCC,LMP_CONG_PRC,KERCK1G3_7_B1,ALL,1,-33.15561,4,167
2022-09-04T21:45:00-00:00,2022-09-04T22:00:00-00:00,2022-09-04,15,KERCK1G3_7_B1,KERCK1G3_7_B1,KERCK1G3_7_B1,RTPD,MCC,LMP_CONG_PRC,KERCK1G3_7_B1,ALL,1,-61.24881,4,167
2022-09-04T22:45:00-00:00,2022-09-04T23:00:00-00:00,2022-09-04,16,KERCK1G3_7_B1,KERCK1G3_7_B1,KERCK1G3_7_B1,RTPD,MCC,LMP_CONG_PRC,KERCK1G3_7_B1,ALL,1,-21.44522,4,167
2022-09-04T23:45:00-00:00,2022-09-05T00:00:00-00:00,2022-09-04,17,KERCK1G3_7_B1,KERCK1G3_7_B1,KERCK1G3_7_B1,RTPD,MCC,LMP_CONG_PRC,KERCK1G3_7_B1,ALL,1,-38.54834,4,167
2022-09-05T00:45:00-00:00,2022-09-05T01:00:00-00:00,2022-09-04,18,KERCK1G3_7_B1,KERCK1G3_7_B1,KERCK1G3_7_B1,RTPD,MCC,LMP_CONG_PRC,KERCK1G3_7_B1,ALL,1,-188.46692,4,167
2022-09-05T01:45:00-00:00,2022-09-05T02:00:00-00:00,2022-09-04,19,KERCK1G3_7_B1,KERCK1G3_7_B1,KERCK1G3_7_B1,RTPD,MCC,LMP_CONG_PRC,KERCK1G3_7_B1,ALL,1,344.74286,4,167
2022-09-05T02:45:00-00:00,2022-09-05T03:00:00-00:00,2022-09-04,20,KERCK1G3_7_B1,KERCK1G3_7_B1,KERCK1G3_7_B1,RTPD,MCC,LMP_CONG_PRC,KERCK1G3_7_B1,ALL,1,11.05622,4,167
2022-09-05T03:45:00-00:00,2022-09-05T04:00:00-00:00,2022-09-04,21,KERCK1G3_7_B1,KERCK1G3_7_B1,KERCK1G3_7_B1,RTPD,MCC,LMP_CONG_PRC,KERCK1G3_7_B1,ALL,1,16.44315,4,167
2022-09-05T04:45:00-00:00,2022-09-05T05:00:00-00:00,2022-09-04,22,KERCK1G3_7_B1,KERCK1G3_7_B1,KERCK1G3_7_B1,RTPD,MCC,LMP_CONG_PRC,KERCK1G3_7_B1,ALL,1,28.64126,4,167
2022-09-05T05:45:00-00:00,2022-09-05T06:00:00-00:00,2022-09-04,23,KERCK1G3_7_B1,KERCK1G3_7_B1,KERCK1G3_7_B1,RTPD,MCC,LMP_CONG_PRC,KERCK1G3_7_B1,ALL,1,7.06144,4,167
2022-09-05T06:45:00-00:00,2022-09-05T07:00:00-00:00,2022-09-04,24,KERCK1G3_7_B1,KERCK1G3_7_B1,KERCK1G3_7_B1,RTPD,MCC,LMP_CONG_PRC,KERCK1G3_7_B1,ALL,1,0.27383,4,167
2022-09-04T07:00:00-00:00,2022-09-04T07:15:00-00:00,2022-09-04,01,KERCK1G3_7_B1,KERCK1G3_7_B1,KERCK1G3_7_B1,RTPD,MCE,LMP_ENE_PRC,KERCK1G3_7_B1,ALL,1,105.77126,1,168
2022-09-04T08:00:00-00:00,2022-09-04T08:15:00-00:00,2022-09-04,02,KERCK1G3_7_B1,KERCK1G3_7_B1,KERCK1G3_7_B1,RTPD,MCE,LMP_ENE_PRC,KERCK1G3_7_B1,ALL,1,97.44538,1,168
2022-09-04T09:00:00-00:00,2022-09-04T09:15:00-00:00,2022-09-04,03,KERCK1G3_7_B1,KERCK1G3_7_B1,KERCK1G3_7_B1,RTPD,MCE,LMP_ENE_PRC,KERCK1G3_7_B1,ALL,1,87.9271,1,168
2022-09-04T10:00:00-00:00,2022-09-04T10:15:00-00:00,2022-09-04,04,KERCK1G3_7_B1,KERCK1G3_7_B1,KERCK1G3_7_B1,RTPD,MCE,LMP_ENE_PRC,KERCK1G3_7_B1,ALL,1,88.48894,1,168
2022-09-04T11:00:00-00:00,2022-09-04T11:15:00-00:00,2022-09-04,05,KERCK1G3_7_B1,KERCK1G3_7_B1,KERCK1G3_7_B1,RTPD,MCE,LMP_ENE_PRC,KERCK1G3_7_B1,ALL,1,82.79075,1,168
2022-09-04T12:00:00-00:00,2022-09-04T12:15:00-00:00,2022-09-04,06,KERCK1G3_7_B1,KERCK1G3_7_B1,KERCK1G3_7_B1,RTPD,MCE,LMP_ENE_PRC,KERCK1G3_7_B1,ALL,1,83.24035,1,168
2022-09-04T13:00:00-00:00,2022-09-04T13:15:00-00:00,2022-09-04,07,KERCK1G3_7_B1,KERCK1G3_7_B1,KERCK1G3_7_B1,RTPD,MCE,LMP_ENE_PRC,KERCK1G3_7_B1,ALL,1,75.91539,1,168
2022-09-04T14:00:00-00:00,2022-09-04T14:15:00-00:00,2022-09-04,08,KERCK1G3_7_B1,KERCK1G3_7_B1,KERCK1G3_7_B1,RTPD,MCE,LMP_ENE_PRC,KERCK1G3_7_B1,ALL,1,82.51639,1,168
2022-09-04T15:00:00-00:00,2022-09-04T15:15:00-00:00,2022-09-04,09,KERCK1G3_7_B1,KERCK1G3_7_B1,KERCK1G3_7_B1,RTPD,MCE,LMP_ENE_PRC,KERCK1G3_7_B1,ALL,1,74.24878,1,168
2022-09-04T16:00:00-00:00,2022-09-04T16:15:00-00:00,2022-09-04,10,KERCK1G3_7_B1,KERCK1G3_7_B1,KERCK1G3_7_B1,RTPD,MCE,LMP_ENE_PRC,KERCK1G3_7_B1,ALL,1,50.67669,1,168
2022-09-04T17:00:00-00:00,2022-09-04T17:15:00-00:00,2022-09-04,11,KERCK1G3_7_B1,KERCK1G3_7_B1,KERCK1G3_7_B1,RTPD,MCE,LMP_ENE_PRC,KERCK1G3_7_B1,ALL,1,59.2544,1,168
2022-09-04T18:00:00-00:00,2022-09-04T18:15:00-00:00,2022-09-04,12,KERCK1G3_7_B1,KERCK1G3_7_B1,KERCK1G3_7_B1,RTPD,MCE,LMP_ENE_PRC,KERCK1G3_7_B1,ALL,1,65.61656,1,168
2022-09-04T19:00:00-00:00,2022-09-04T19:15:00-00:00,2022-09-04,13,KERCK1G3_7_B1,KERCK1G3_7_B1,KERCK1G3_7_B1,RTPD,MCE,LMP_ENE_PRC,KERCK1G3_7_B1,ALL,1,76.33065,1,168
2022-09-04T20:00:00-00:00,2022-09-04T20:15:00-00:00,2022-09-04,14,KERCK1G3_7_B1,KERCK1G3_7_B1,KERCK1G3_7_B1,RTPD,MCE,LMP_ENE_PRC,KERCK1G3_7_B1,ALL,1,87.37588,1,168
2022-09-04T21:00:00-00:00,2022-09-04T21:15:00-00:00,2022-09-04,15,KERCK1G3_7_B1,KERCK1G3_7_B1,KERCK1G3_7_B1,RTPD,MCE,LMP_ENE_PRC,KERCK1G3_7_B1,ALL,1,101.84583,1,168
2022-09-04T22:00:00-00:00,2022-09-04T22:15:00-00:00,2022-09-04,16,KERCK1G3_7_B1,KERCK1G3_7_B1,KERCK1G3_7_B1,RTPD,MCE,LMP_ENE_PRC,KERCK1G3_7_B1,ALL,1,102.30289,1,168
2022-09-04T23:00:00-00:00,2022-09-04T23:15:00-00:00,2022-09-04,17,KERCK1G3_7_B1,KERCK1G3_7_B1,KERCK1G3_7_B1,RTPD,MCE,LMP_ENE_PRC,KERCK1G3_7_B1,ALL,1,105.66165,1,168
2022-09-05T00:00:00-00:00,2022-09-05T00:15:00-00:00,2022-09-04,18,KERCK1G3_7_B1,KERCK1G3_7_B1,KERCK1G3_7_B1,RTPD,MCE,LMP_ENE_PRC,KERCK1G3_7_B1,ALL,1,110.52872,1,168
2022-09-05T01:00:00-00:00,2022-09-05T01:15:00-00:00,2022-09-04,19,KERCK1G3_7_B1,KERCK1G3_7_B1,KERCK1G3_7_B1,RTPD,MCE,LMP_ENE_PRC,KERCK1G3_7_B1,ALL,1,160.46742,1,168
2022-09-05T02:00:00-00:00,2022-09-05T02:15:00-00:00,2022-09-04,20,KERCK1G3_7_B1,KERCK1G3_7_B1,KERCK1G3_7_B1,RTPD,MCE,LMP_ENE_PRC,KERCK1G3_7_B1,ALL,1,133.17627,1,168
2022-09-05T03:00:00-00:00,2022-09-05T03:15:00-00:00,2022-09-04,21,KERCK1G3_7_B1,KERCK1G3_7_B1,KERCK1G3_7_B1,RTPD,MCE,LMP_ENE_PRC,KERCK1G3_7_B1,ALL,1,137.62802,1,168
2022-09-05T04:00:00-00:00,2022-09-05T04:15:00-00:00,2022-09-04,22,KERCK1G3_7_B1,KERCK1G3_7_B1,KERCK1G3_7_B1,RTPD,MCE,LMP_ENE_PRC,KERCK1G3_7_B1,ALL,1,121.32223,1,168
2022-09-05T05:00:00-00:00,2022-09-05T05:15:00-00:00,2022-09-04,23,KERCK1G3_7_B1,KERCK1G3_7_B1,KERCK1G3_7_B1,RTPD,MCE,LMP_ENE_PRC,KERCK1G3_7_B1,ALL,1,138.27702,1,168
2022-09-05T06:00:00-00:00,2022-09-05T06:15:00-00:00,2022-09-04,24,KERCK1G3_7_B1,KERCK1G3_7_B1,KERCK1G3_7_B1,RTPD,MCE,LMP_ENE_PRC,KERCK1G3_7_B1,ALL,1,126.47824,1,168
2022-09-04T07:15:00-00:00,2022-09-04T07:30:00-00:00,2022-09-04,01,KERCK1G3_7_B1,KERCK1G3_7_B1,KERCK1G3_7_B1,RTPD,MCE,LMP_ENE_PRC,KERCK1G3_7_B1,ALL,1,98.33878,2,168
2022-09-04T08:15:00-00:00,2022-09-04T08:30:00-00:00,2022-09-04,02,KERCK1G3_7_B1,KERCK1G3_7_B1,KERCK1G3_7_B1,RTPD,MCE,LMP_ENE_PRC,KERCK1G3_7_B1,ALL,1,96.4335,2,168
2022-09-04T09:15:00-00:00,2022-09-04T09:30:00-00:00,2022-09-04,03,KERCK1G3_7_B1,KERCK1G3_7_B1,KERCK1G3_7_B1,RTPD,MCE,LMP_ENE_PRC,KERCK1G3_7_B1,ALL,1,85.33245,2,168
2022-09-04T10:15:00-00:00,2022-09-04T10:30:00-00:00,2022-09-04,04,KERCK1G3_7_B1,KERCK1G3_7_B1,KERCK1G3_7_B1,RTPD,MCE,LMP_ENE_PRC,KERCK1G3_7_B1,ALL,1,86.06959,2,168
2022-09-04T11:15:00-00:00,2022-09-04T11:30:00-00:00,2022-09-04,05,KERCK1G3_7_B1,KERCK1G3_7_B1,KERCK1G3_7_B1,RTPD,MCE,LMP_ENE_PRC,KERCK1G3_7_B1,ALL,1,82.18044,2,168
2022-09-04T12:15:00-00:00,2022-09-04T12:30:00-00:00,2022-09-04,06,KERCK1G3_7_B1,KERCK1G3_7_B1,KERCK1G3_7_B1,RTPD,MCE,LMP_ENE_PRC,KERCK1G3_7_B1,ALL,1,83.35782,2,168
2022-09-04T13:15:00-00:00,2022-09-04T13:30:00-00:00,2022-09-04,07,KERCK1G3_7_B1,KERCK1G3_7_B1,KERCK1G3_7_B1,RTPD,MCE,LMP_ENE_PRC,KERCK1G3_7_B1,ALL,1,70.93534,2,168
2022-09-04T14:15:00-00:00,2022-09-04T14:30:00-00:00,2022-09-04,08,KERCK1G3_7_B1,KERCK1G3_7_B1,KERCK1G3_7_B1,RTPD,MCE,LMP_ENE_PRC,KERCK1G3_7_B1,ALL,1,76.97029,2,168
2022-09-04T15:15:00-00:00,2022-09-04T15:30:00-00:00,2022-09-04,09,KERCK1G3_7_B1,KERCK1G3_7_B1,KERCK1G3_7_B1,RTPD,MCE,LMP_ENE_PRC,KERCK1G3_7_B1,ALL,1,66.57465,2,168
2022-09-04T16:15:00-00:00,2022-09-04T16:30:00-00:00,2022-09-04,10,KERCK1G3_7_B1,KERCK1G3_7_B1,KERCK1G3_7_B1,RTPD,MCE,LMP_ENE_PRC,KERCK1G3_7_B1,ALL,1,52.1482,2,168
2022-09-04T17:15:00-00:00,2022-09-04T17:30:00-00:00,2022-09-04,11,KERCK1G3_7_B1,KERCK1G3_7_B1,KERCK1G3_7_B1,RTPD,MCE,LMP_ENE_PRC,KERCK1G3_7_B1,ALL,1,69.2657,2,168
2022-09-04T18:15:00-00:00,2022-09-04T18:30:00-00:00,2022-09-04,12,KERCK1G3_7_B1,KERCK1G3_7_B1,KERCK1G3_7_B1,RTPD,MCE,LMP_ENE_PRC,KERCK1G3_7_B1,ALL,1,73.93472,2,168
2022-09-04T19:15:00-00:00,2022-09-04T19:30:00-00:00,2022-09-04,13,KERCK1G3_7_B1,KERCK1G3_7_B1,KERCK1G3_7_B1,RTPD,MCE,LMP_ENE_PRC,KERCK1G3_7_B1,ALL,1,86.63525,2,168
2022-09-04T20:15:00-00:00,2022-09-04T20:30:00-00:00,2022-09-04,14,KERCK1G3_7_B1,KERCK1G3_7_B1,KERCK1G3_7_B1,RTPD,MCE,LMP_ENE_PRC,KERCK1G3_7_B1,ALL,1,89.19764,2,168
2022-09-04T21:15:00-00:00,2022-09-04T21:30:00-00:00,2022-09-04,15,KERCK1G3_7_B1,KERCK1G3_7_B1,KERCK1G3_7_B1,RTPD,MCE,LMP_ENE_PRC,KERCK1G3_7_B1,ALL,1,111.99711,2,168
2022-09-04T22:15:00-00:00,2022-09-04T22:30:00-00:00,2022-09-04,16,KERCK1G3_7_B1,KERCK1G3_7_B1,KERCK1G3_7_B1,RTPD,MCE,LMP_ENE_PRC,KERCK1G3_7_B1,ALL,1,105.68133,2,168
2022-09-04T23:15:00-00:00,2022-09-04T23:30:00-00:00,2022-09-04,17,KERCK1G3_7_B1,KERCK1G3_7_B1,KERCK1G3_7_B1,RTPD,MCE,LMP_ENE_PRC,KERCK1G3_7_B1,ALL,1,106.64397,2,168
2022-09-05T00:15:00-00:00,2022-09-05T00:30:00-00:00,2022-09-04,18,KERCK1G3_7_B1,KERCK1G3_7_B1,KERCK1G3_7_B1,RTPD,MCE,LMP_ENE_PRC,KERCK1G3_7_B1,ALL,1,185.7071,2,168
2022-09-05T01:15:00-00:00,2022-09-05T01:30:00-00:00,2022-09-04,19,KERCK1G3_7_B1,KERCK1G3_7_B1,KERCK1G3_7_B1,RTPD,MCE,LMP_ENE_PRC,KERCK1G3_7_B1,ALL,1,283.75967,2,168
2022-09-05T02:15:00-00:00,2022-09-05T02:30:00-00:00,2022-09-04,20,KERCK1G3_7_B1,KERCK1G3_7_B1,KERCK1G3_7_B1,RTPD,MCE,LMP_ENE_PRC,KERCK1G3_7_B1,ALL,1,138.21387,2,168
2022-09-05T03:15:00-00:00,2022-09-05T03:30:00-00:00,2022-09-04,21,KERCK1G3_7_B1,KERCK1G3_7_B1,KERCK1G3_7_B1,RTPD,MCE,LMP_ENE_PRC,KERCK1G3_7_B1,ALL,1,125.70521,2,168
2022-09-05T04:15:00-00:00,2022-09-05T04:30:00-00:00,2022-09-04,22,KERCK1G3_7_B1,KERCK1G3_7_B1,KERCK1G3_7_B1,RTPD,MCE,LMP_ENE_PRC,KERCK1G3_7_B1,ALL,1,118.54421,2,168
2022-09-05T05:15:00-00:00,2022-09-05T05:30:00-00:00,2022-09-04,23,KERCK1G3_7_B1,KERCK1G3_7_B1,KERCK1G3_7_B1,RTPD,MCE,LMP_ENE_PRC,KERCK1G3_7_B1,ALL,1,140.66483,2,168
2022-09-05T06:15:00-00:00,2022-09-05T06:30:00-00:00,2022-09-04,24,KERCK1G3_7_B1,KERCK1G3_7_B1,KERCK1G3_7_B1,RTPD,MCE,LMP_ENE_PRC,KERCK1G3_7_B1,ALL,1,115.0785,2,168
2022-09-04T07:30:00-00:00,2022-09-04T07:45:00-00:00,2022-09-04,01,KERCK1G3_7_B1,KERCK1G3_7_B1,KERCK1G3_7_B1,RTPD,MCE,LMP_ENE_PRC,KERCK1G3_7_B1,ALL,1,93.67897,3,168
2022-09-04T08:30:00-00:00,2022-09-04T08:45:00-00:00,2022-09-04,02,KERCK1G3_7_B1,KERCK1G3_7_B1,KERCK1G3_7_B1,RTPD,MCE,LMP_ENE_PRC,KERCK1G3_7_B1,ALL,1,89.3153,3,168
2022-09-04T09:30:00-00:00,2022-09-04T09:45:00-00:00,2022-09-04,03,KERCK1G3_7_B1,KERCK1G3_7_B1,KERCK1G3_7_B1,RTPD,MCE,LMP_ENE_PRC,KERCK1G3_7_B1,ALL,1,82.76979,3,168
2022-09-04T10:30:00-00:00,2022-09-04T10:45:00-00:00,2022-09-04,04,KERCK1G3_7_B1,KERCK1G3_7_B1,KERCK1G3_7_B1,RTPD,MCE,LMP_ENE_PRC,KERCK1G3_7_B1,ALL,1,85.2941,3,168
2022-09-04T11:30:00-00:00,2022-09-04T11:45:00-00:00,2022-09-04,05,KERCK1G3_7_B1,KERCK1G3_7_B1,KERCK1G3_7_B1,RTPD,MCE,LMP_ENE_PRC,KERCK1G3_7_B1,ALL,1,81.7171,3,168
2022-09-04T12:30:00-00:00,2022-09-04T12:45:00-00:00,2022-09-04,06,KERCK1G3_7_B1,KERCK1G3_7_B1,KERCK1G3_7_B1,RTPD,MCE,LMP_ENE_PRC,KERCK1G3_7_B1,ALL,1,83.26354,3,168
2022-09-04T13:30:00-00:00,2022-09-04T13:45:00-00:00,2022-09-04,07,KERCK1G3_7_B1,KERCK1G3_7_B1,KERCK1G3_7_B1,RTPD,MCE,LMP_ENE_PRC,KERCK1G3_7_B1,ALL,1,69.8817,3,168
2022-09-04T14:30:00-00:00,2022-09-04T14:45:00-00:00,2022-09-04,08,KERCK1G3_7_B1,KERCK1G3_7_B1,KERCK1G3_7_B1,RTPD,MCE,LMP_ENE_PRC,KERCK1G3_7_B1,ALL,1,74.54818,3,168
2022-09-04T15:30:00-00:00,2022-09-04T15:45:00-00:00,2022-09-04,09,KERCK1G3_7_B1,KERCK1G3_7_B1,KERCK1G3_7_B1,RTPD,MCE,LMP_ENE_PRC,KERCK1G3_7_B1,ALL,1,58.25037,3,168
2022-09-04T16:30:00-00:00,2022-09-04T16:45:00-00:00,2022-09-04,10,KERCK1G3_7_B1,KERCK1G3_7_B1,KERCK1G3_7_B1,RTPD,MCE,LMP_ENE_PRC,KERCK1G3_7_B1,ALL,1,54.84481,3,168
2022-09-04T17:30:00-00:00,2022-09-04T17:45:00-00:00,2022-09-04,11,KERCK1G3_7_B1,KERCK1G3_7_B1,KERCK1G3_7_B1,RTPD,MCE,LMP_ENE_PRC,KERCK1G3_7_B1,ALL,1,69.84671,3,168
2022-09-04T18:30:00-00:00,2022-09-04T18:45:00-00:00,2022-09-04,12,KERCK1G3_7_B1,KERCK1G3_7_B1,KERCK1G3_7_B1,RTPD,MCE,LMP_ENE_PRC,KERCK1G3_7_B1,ALL,1,86.95818,3,168
2022-09-04T19:30:00-00:00,2022-09-04T19:45:00-00:00,2022-09-04,13,KERCK1G3_7_B1,KERCK1G3_7_B1,KERCK1G3_7_B1,RTPD,MCE,LMP_ENE_PRC,KERCK1G3_7_B1,ALL,1,102.56183,3,168
2022-09-04T20:30:00-00:00,2022-09-04T20:45:00-00:00,2022-09-04,14,KERCK1G3_7_B1,KERCK1G3_7_B1,KERCK1G3_7_B1,RTPD,MCE,LMP_ENE_PRC,KERCK1G3_7_B1,ALL,1,107.67463,3,168
2022-09-04T21:30:00-00:00,2022-09-04T21:45:00-00:00,2022-09-04,15,KERCK1G3_7_B1,KERCK1G3_7_B1,KERCK1G3_7_B1,RTPD,MCE,LMP_ENE_PRC,KERCK1G3_7_B1,ALL,1,108.01974,3,168
2022-09-04T22:30:00-00:00,2022-09-04T22:45:00-00:00,2022-09-04,16,KERCK1G3_7_B1,KERCK1G3_7_B1,KERCK1G3_7_B1,RTPD,MCE,LMP_ENE_PRC,KERCK1G3_7_B1,ALL,1,114.08273,3,168
2022-09-04T23:30:00-00:00,2022-09-04T23:45:00-00:00,2022-09-04,17,KERCK1G3_7_B1,KERCK1G3_7_B1,KERCK1G3_7_B1,RTPD,MCE,LMP_ENE_PRC,KERCK1G3_7_B1,ALL,1,113.23912,3,168
2022-09-05T00:30:00-00:00,2022-09-05T00:45:00-00:00,2022-09-04,18,KERCK1G3_7_B1,KERCK1G3_7_B1,KERCK1G3_7_B1,RTPD,MCE,LMP_ENE_PRC,KERCK1G3_7_B1,ALL,1,146.1893,3,168
2022-09-05T01:30:00-00:00,2022-09-05T01:45:00-00:00,2022-09-04,19,KERCK1G3_7_B1,KERCK1G3_7_B1,KERCK1G3_7_B1,RTPD,MCE,LMP_ENE_PRC,KERCK1G3_7_B1,ALL,1,899.31366,3,168
2022-09-05T02:30:00-00:00,2022-09-05T02:45:00-00:00,2022-09-04,20,KERCK1G3_7_B1,KERCK1G3_7_B1,KERCK1G3_7_B1,RTPD,MCE,LMP_ENE_PRC,KERCK1G3_7_B1,ALL,1,124.31294,3,168
2022-09-05T03:30:00-00:00,2022-09-05T03:45:00-00:00,2022-09-04,21,KERCK1G3_7_B1,KERCK1G3_7_B1,KERCK1G3_7_B1,RTPD,MCE,LMP_ENE_PRC,KERCK1G3_7_B1,ALL,1,120.65321,3,168
2022-09-05T04:30:00-00:00,2022-09-05T04:45:00-00:00,2022-09-04,22,KERCK1G3_7_B1,KERCK1G3_7_B1,KERCK1G3_7_B1,RTPD,MCE,LMP_ENE_PRC,KERCK1G3_7_B1,ALL,1,117.97055,3,168
2022-09-05T05:30:00-00:00,2022-09-05T05:45:00-00:00,2022-09-04,23,KERCK1G3_7_B1,KERCK1G3_7_B1,KERCK1G3_7_B1,RTPD,MCE,LMP_ENE_PRC,KERCK1G3_7_B1,ALL,1,123.73156,3,168
2022-09-05T06:30:00-00:00,2022-09-05T06:45:00-00:00,2022-09-04,24,KERCK1G3_7_B1,KERCK1G3_7_B1,KERCK1G3_7_B1,RTPD,MCE,LMP_ENE_PRC,KERCK1G3_7_B1,ALL,1,91.1478,3,168
2022-09-04T07:45:00-00:00,2022-09-04T08:00:00-00:00,2022-09-04,01,KERCK1G3_7_B1,KERCK1G3_7_B1,KERCK1G3_7_B1,RTPD,MCE,LMP_ENE_PRC,KERCK1G3_7_B1,ALL,1,84.62068,4,168
2022-09-04T08:45:00-00:00,2022-09-04T09:00:00-00:00,2022-09-04,02,KERCK1G3_7_B1,KERCK1G3_7_B1,KERCK1G3_7_B1,RTPD,MCE,LMP_ENE_PRC,KERCK1G3_7_B1,ALL,1,80.89122,4,168
2022-09-04T09:45:00-00:00,2022-09-04T10:00:00-00:00,2022-09-04,03,KERCK1G3_7_B1,KERCK1G3_7_B1,KERCK1G3_7_B1,RTPD,MCE,LMP_ENE_PRC,KERCK1G3_7_B1,ALL,1,77.90501,4,168
2022-09-04T10:45:00-00:00,2022-09-04T11:00:00-00:00,2022-09-04,04,KERCK1G3_7_B1,KERCK1G3_7_B1,KERCK1G3_7_B1,RTPD,MCE,LMP_ENE_PRC,KERCK1G3_7_B1,ALL,1,80.46249,4,168
2022-09-04T11:45:00-00:00,2022-09-04T12:00:00-00:00,2022-09-04,05,KERCK1G3_7_B1,KERCK1G3_7_B1,KERCK1G3_7_B1,RTPD,MCE,LMP_ENE_PRC,KERCK1G3_7_B1,ALL,1,79.81742,4,168
2022-09-04T12:45:00-00:00,2022-09-04T13:00:00-00:00,2022-09-04,06,KERCK1G3_7_B1,KERCK1G3_7_B1,KERCK1G3_7_B1,RTPD,MCE,LMP_ENE_PRC,KERCK1G3_7_B1,ALL,1,81.5519,4,168
2022-09-04T13:45:00-00:00,2022-09-04T14:00:00-00:00,2022-09-04,07,KERCK1G3_7_B1,KERCK1G3_7_B1,KERCK1G3_7_B1,RTPD,MCE,LMP_ENE_PRC,KERCK1G3_7_B1,ALL,1,60.75904,4,168
2022-09-04T14:45:00-00:00,2022-09-04T15:00:00-00:00,2022-09-04,08,KERCK1G3_7_B1,KERCK1G3_7_B1,KERCK1G3_7_B1,RTPD,MCE,LMP_ENE_PRC,KERCK1G3_7_B1,ALL,1,53.37606,4,168
2022-09-04T15:45:00-00:00,2022-09-04T16:00:00-00:00,2022-09-04,09,KERCK1G3_7_B1,KERCK1G3_7_B1,KERCK1G3_7_B1,RTPD,MCE,LMP_ENE_PRC,KERCK1G3_7_B1,ALL,1,41.51812,4,168
2022-09-04T16:45:00-00:00,2022-09-04T17:00:00-00:00,2022-09-04,10,KERCK1G3_7_B1,KERCK1G3_7_B1,KERCK1G3_7_B1,RTPD,MCE,LMP_ENE_PRC,KERCK1G3_7_B1,ALL,1,56.27322,4,168
2022-09-04T17:45:00-00:00,2022-09-04T18:00:00-00:00,2022-09-04,11,KERCK1G3_7_B1,KERCK1G3_7_B1,KERCK1G3_7_B1,RTPD,MCE,LMP_ENE_PRC,KERCK1G3_7_B1,ALL,1,80.41392,4,168
2022-09-04T18:45:00-00:00,2022-09-04T19:00:00-00:00,2022-09-04,12,KERCK1G3_7_B1,KERCK1G3_7_B1,KERCK1G3_7_B1,RTPD,MCE,LMP_ENE_PRC,KERCK1G3_7_B1,ALL,1,91.88616,4,168
2022-09-04T19:45:00-00:00,2022-09-04T20:00:00-00:00,2022-09-04,13,KERCK1G3_7_B1,KERCK1G3_7_B1,KERCK1G3_7_B1,RTPD,MCE,LMP_ENE_PRC,KERCK1G3_7_B1,ALL,1,99.49507,4,168
2022-09-04T20:45:00-00:00,2022-09-04T21:00:00-00:00,2022-09-04,14,KERCK1G3_7_B1,KERCK1G3_7_B1,KERCK1G3_7_B1,RTPD,MCE,LMP_ENE_PRC,KERCK1G3_7_B1,ALL,1,111.03904,4,168
2022-09-04T21:45:00-00:00,2022-09-04T22:00:00-00:00,2022-09-04,15,KERCK1G3_7_B1,KERCK1G3_7_B1,KERCK1G3_7_B1,RTPD,MCE,LMP_ENE_PRC,KERCK1G3_7_B1,ALL,1,139.43553,4,168
2022-09-04T22:45:00-00:00,2022-09-04T23:00:00-00:00,2022-09-04,16,KERCK1G3_7_B1,KERCK1G3_7_B1,KERCK1G3_7_B1,RTPD,MCE,LMP_ENE_PRC,KERCK1G3_7_B1,ALL,1,143.70679,4,168
2022-09-04T23:45:00-00:00,2022-09-05T00:00:00-00:00,2022-09-04,17,KERCK1G3_7_B1,KERCK1G3_7_B1,KERCK1G3_7_B1,RTPD,MCE,LMP_ENE_PRC,KERCK1G3_7_B1,ALL,1,173.92435,4,168
2022-09-05T00:45:00-00:00,2022-09-05T01:00:00-00:00,2022-09-04,18,KERCK1G3_7_B1,KERCK1G3_7_B1,KERCK1G3_7_B1,RTPD,MCE,LMP_ENE_PRC,KERCK1G3_7_B1,ALL,1,342.64575,4,168
2022-09-05T01:45:00-00:00,2022-09-05T02:00:00-00:00,2022-09-04,19,KERCK1G3_7_B1,KERCK1G3_7_B1,KERCK1G3_7_B1,RTPD,MCE,LMP_ENE_PRC,KERCK1G3_7_B1,ALL,1,793.1877,4,168
2022-09-05T02:45:00-00:00,2022-09-05T03:00:00-00:00,2022-09-04,20,KERCK1G3_7_B1,KERCK1G3_7_B1,KERCK1G3_7_B1,RTPD,MCE,LMP_ENE_PRC,KERCK1G3_7_B1,ALL,1,113.80091,4,168
2022-09-05T03:45:00-00:00,2022-09-05T04:00:00-00:00,2022-09-04,21,KERCK1G3_7_B1,KERCK1G3_7_B1,KERCK1G3_7_B1,RTPD,MCE,LMP_ENE_PRC,KERCK1G3_7_B1,ALL,1,108.55133,4,168
2022-09-05T04:45:00-00:00,2022-09-05T05:00:00-00:00,2022-09-04,22,KERCK1G3_7_B1,KERCK1G3_7_B1,KERCK1G3_7_B1,RTPD,MCE,LMP_ENE_PRC,KERCK1G3_7_B1,ALL,1,109.13516,4,168
2022-09-05T05:45:00-00:00,2022-09-05T06:00:00-00:00,2022-09-04,23,KERCK1G3_7_B1,KERCK1G3_7_B1,KERCK1G3_7_B1,RTPD,MCE,LMP_ENE_PRC,KERCK1G3_7_B1,ALL,1,95.38478,4,168
2022-09-05T06:45:00-00:00,2022-09-05T07:00:00-00:00,2022-09-04,24,KERCK1G3_7_B1,KERCK1G3_7_B1,KERCK1G3_7_B1,RTPD,MCE,LMP_ENE_PRC,KERCK1G3_7_B1,ALL,1,84.93478,4,168
2022-09-04T07:00:00-00:00,2022-09-04T07:15:00-00:00,2022-09-04,01,KERCK1G3_7_B1,KERCK1G3_7_B1,KERCK1G3_7_B1,RTPD,MCL,LMP_LOSS_PRC,KERCK1G3_7_B1,ALL,1,13.22141,1,169
2022-09-04T08:00:00-00:00,2022-09-04T08:15:00-00:00,2022-09-04,02,KERCK1G3_7_B1,KERCK1G3_7_B1,KERCK1G3_7_B1,RTPD,MCL,LMP_LOSS_PRC,KERCK1G3_7_B1,ALL,1,0,1,169
2022-09-04T09:00:00-00:00,2022-09-04T09:15:00-00:00,2022-09-04,03,KERCK1G3_7_B1,KERCK1G3_7_B1,KERCK1G3_7_B1,RTPD,MCL,LMP_LOSS_PRC,KERCK1G3_7_B1,ALL,1,0,1,169
2022-09-04T10:00:00-00:00,2022-09-04T10:15:00-00:00,2022-09-04,04,KERCK1G3_7_B1,KERCK1G3_7_B1,KERCK1G3_7_B1,RTPD,MCL,LMP_LOSS_PRC,KERCK1G3_7_B1,ALL,1,11.99025,1,169
2022-09-04T11:00:00-00:00,2022-09-04T11:15:00-00:00,2022-09-04,05,KERCK1G3_7_B1,KERCK1G3_7_B1,KERCK1G3_7_B1,RTPD,MCL,LMP_LOSS_PRC,KERCK1G3_7_B1,ALL,1,10.43991,1,169
2022-09-04T12:00:00-00:00,2022-09-04T12:15:00-00:00,2022-09-04,06,KERCK1G3_7_B1,KERCK1G3_7_B1,KERCK1G3_7_B1,RTPD,MCL,LMP_LOSS_PRC,KERCK1G3_7_B1,ALL,1,10.55488,1,169
2022-09-04T13:00:00-00:00,2022-09-04T13:15:00-00:00,2022-09-04,07,KERCK1G3_7_B1,KERCK1G3_7_B1,KERCK1G3_7_B1,RTPD,MCL,LMP_LOSS_PRC,KERCK1G3_7_B1,ALL,1,9.0643,1,169
2022-09-04T14:00:00-00:00,2022-09-04T14:15:00-00:00,2022-09-04,08,KERCK1G3_7_B1,KERCK1G3_7_B1,KERCK1G3_7_B1,RTPD,MCL,LMP_LOSS_PRC,KERCK1G3_7_B1,ALL,1,11.49453,1,169
2022-09-04T15:00:00-00:00,2022-09-04T15:15:00-00:00,2022-09-04,09,KERCK1G3_7_B1,KERCK1G3_7_B1,KERCK1G3_7_B1,RTPD,MCL,LMP_LOSS_PRC,KERCK1G3_7_B1,ALL,1,8.72423,1,169
2022-09-04T16:00:00-00:00,2022-09-04T16:15:00-00:00,2022-09-04,10,KERCK1G3_7_B1,KERCK1G3_7_B1,KERCK1G3_7_B1,RTPD,MCL,LMP_LOSS_PRC,KERCK1G3_7_B1,ALL,1,3.74501,1,169
2022-09-04T17:00:00-00:00,2022-09-04T17:15:00-00:00,2022-09-04,11,KERCK1G3_7_B1,KERCK1G3_7_B1,KERCK1G3_7_B1,RTPD,MCL,LMP_LOSS_PRC,KERCK1G3_7_B1,ALL,1,3.69155,1,169
2022-09-04T18:00:00-00:00,2022-09-04T18:15:00-00:00,2022-09-04,12,KERCK1G3_7_B1,KERCK1G3_7_B1,KERCK1G3_7_B1,RTPD,MCL,LMP_LOSS_PRC,KERCK1G3_7_B1,ALL,1,3.17584,1,169
2022-09-04T19:00:00-00:00,2022-09-04T19:15:00-00:00,2022-09-04,13,KERCK1G3_7_B1,KERCK1G3_7_B1,KERCK1G3_7_B1,RTPD,MCL,LMP_LOSS_PRC,KERCK1G3_7_B1,ALL,1,3.46541,1,169
2022-09-04T20:00:00-00:00,2022-09-04T20:15:00-00:00,2022-09-04,14,KERCK1G3_7_B1,KERCK1G3_7_B1,KERCK1G3_7_B1,RTPD,MCL,LMP_LOSS_PRC,KERCK1G3_7_B1,ALL,1,6.51824,1,169
2022-09-04T21:00:00-00:00,2022-09-04T21:15:00-00:00,2022-09-04,15,KERCK1G3_7_B1,KERCK1G3_7_B1,KERCK1G3_7_B1,RTPD,MCL,LMP_LOSS_PRC,KERCK1G3_7_B1,ALL,1,2.46467,1,169
2022-09-04T22:00:00-00:00,2022-09-04T22:15:00-00:00,2022-09-04,16,KERCK1G3_7_B1,KERCK1G3_7_B1,KERCK1G3_7_B1,RTPD,MCL,LMP_LOSS_PRC,KERCK1G3_7_B1,ALL,1,3.38623,1,169
2022-09-04T23:00:00-00:00,2022-09-04T23:15:00-00:00,2022-09-04,17,KERCK1G3_7_B1,KERCK1G3_7_B1,KERCK1G3_7_B1,RTPD,MCL,LMP_LOSS_PRC,KERCK1G3_7_B1,ALL,1,0,1,169
2022-09-05T00:00:00-00:00,2022-09-05T00:15:00-00:00,2022-09-04,18,KERCK1G3_7_B1,KERCK1G3_7_B1,KERCK1G3_7_B1,RTPD,MCL,LMP_LOSS_PRC,KERCK1G3_7_B1,ALL,1,9.49442,1,169
2022-09-05T01:00:00-00:00,2022-09-05T01:15:00-00:00,2022-09-04,19,KERCK1G3_7_B1,KERCK1G3_7_B1,KERCK1G3_7_B1,RTPD,MCL,LMP_LOSS_PRC,KERCK1G3_7_B1,ALL,1,16.91327,1,169
2022-09-05T02:00:00-00:00,2022-09-05T02:15:00-00:00,2022-09-04,20,KERCK1G3_7_B1,KERCK1G3_7_B1,KERCK1G3_7_B1,RTPD,MCL,LMP_LOSS_PRC,KERCK1G3_7_B1,ALL,1,12.7716,1,169
2022-09-05T03:00:00-00:00,2022-09-05T03:15:00-00:00,2022-09-04,21,KERCK1G3_7_B1,KERCK1G3_7_B1,KERCK1G3_7_B1,RTPD,MCL,LMP_LOSS_PRC,KERCK1G3_7_B1,ALL,1,32.50774,1,169
2022-09-05T04:00:00-00:00,2022-09-05T04:15:00-00:00,2022-09-04,22,KERCK1G3_7_B1,KERCK1G3_7_B1,KERCK1G3_7_B1,RTPD,MCL,LMP_LOSS_PRC,KERCK1G3_7_B1,ALL,1,21.14646,1,169
2022-09-05T05:00:00-00:00,2022-09-05T05:15:00-00:00,2022-09-04,23,KERCK1G3_7_B1,KERCK1G3_7_B1,KERCK1G3_7_B1,RTPD,MCL,LMP_LOSS_PRC,KERCK1G3_7_B1,ALL,1,18.34936,1,169
2022-09-05T06:00:00-00:00,2022-09-05T06:15:00-00:00,2022-09-04,24,KERCK1G3_7_B1,KERCK1G3_7_B1,KERCK1G3_7_B1,RTPD,MCL,LMP_LOSS_PRC,KERCK1G3_7_B1,ALL,1,18.87055,1,169
2022-09-04T07:15:00-00:00,2022-09-04T07:30:00-00:00,2022-09-04,01,KERCK1G3_7_B1,KERCK1G3_7_B1,KERCK1G3_7_B1,RTPD,MCL,LMP_LOSS_PRC,KERCK1G3_7_B1,ALL,1,12.30218,2,169
2022-09-04T08:15:00-00:00,2022-09-04T08:30:00-00:00,2022-09-04,02,KERCK1G3_7_B1,KERCK1G3_7_B1,KERCK1G3_7_B1,RTPD,MCL,LMP_LOSS_PRC,KERCK1G3_7_B1,ALL,1,0,2,169
2022-09-04T09:15:00-00:00,2022-09-04T09:30:00-00:00,2022-09-04,03,KERCK1G3_7_B1,KERCK1G3_7_B1,KERCK1G3_7_B1,RTPD,MCL,LMP_LOSS_PRC,KERCK1G3_7_B1,ALL,1,0,2,169
2022-09-04T10:15:00-00:00,2022-09-04T10:30:00-00:00,2022-09-04,04,KERCK1G3_7_B1,KERCK1G3_7_B1,KERCK1G3_7_B1,RTPD,MCL,LMP_LOSS_PRC,KERCK1G3_7_B1,ALL,1,11.5075,2,169
2022-09-04T11:15:00-00:00,2022-09-04T11:30:00-00:00,2022-09-04,05,KERCK1G3_7_B1,KERCK1G3_7_B1,KERCK1G3_7_B1,RTPD,MCL,LMP_LOSS_PRC,KERCK1G3_7_B1,ALL,1,10.37117,2,169
2022-09-04T12:15:00-00:00,2022-09-04T12:30:00-00:00,2022-09-04,06,KERCK1G3_7_B1,KERCK1G3_7_B1,KERCK1G3_7_B1,RTPD,MCL,LMP_LOSS_PRC,KERCK1G3_7_B1,ALL,1,10.27802,2,169
2022-09-04T13:15:00-00:00,2022-09-04T13:30:00-00:00,2022-09-04,07,KERCK1G3_7_B1,KERCK1G3_7_B1,KERCK1G3_7_B1,RTPD,MCL,LMP_LOSS_PRC,KERCK1G3_7_B1,ALL,1,8.61864,2,169
2022-09-04T14:15:00-00:00,2022-09-04T14:30:00-00:00,2022-09-04,08,KERCK1G3_7_B1,KERCK1G3_7_B1,KERCK1G3_7_B1,RTPD,MCL,LMP_LOSS_PRC,KERCK1G3_7_B1,ALL,1,9.96765,2,169
2022-09-04T15:15:00-00:00,2022-09-04T15:30:00-00:00,2022-09-04,09,KERCK1G3_7_B1,KERCK1G3_7_B1,KERCK1G3_7_B1,RTPD,MCL,LMP_LOSS_PRC,KERCK1G3_7_B1,ALL,1,7.12349,2,169
2022-09-04T16:15:00-00:00,2022-09-04T16:30:00-00:00,2022-09-04,10,KERCK1G3_7_B1,KERCK1G3_7_B1,KERCK1G3_7_B1,RTPD,MCL,LMP_LOSS_PRC,KERCK1G3_7_B1,ALL,1,3.8694,2,169
2022-09-04T17:15:00-00:00,2022-09-04T17:30:00-00:00,2022-09-04,11,KERCK1G3_7_B1,KERCK1G3_7_B1,KERCK1G3_7_B1,RTPD,MCL,LMP_LOSS_PRC,KERCK1G3_7_B1,ALL,1,4.52998,2,169
2022-09-04T18:15:00-00:00,2022-09-04T18:30:00-00:00,2022-09-04,12,KERCK1G3_7_B1,KERCK1G3_7_B1,KERCK1G3_7_B1,RTPD,MCL,LMP_LOSS_PRC,KERCK1G3_7_B1,ALL,1,3.36403,2,169
2022-09-04T19:15:00-00:00,2022-09-04T19:30:00-00:00,2022-09-04,13,KERCK1G3_7_B1,KERCK1G3_7_B1,KERCK1G3_7_B1,RTPD,MCL,LMP_LOSS_PRC,KERCK1G3_7_B1,ALL,1,3.85527,2,169
2022-09-04T20:15:00-00:00,2022-09-04T20:30:00-00:00,2022-09-04,14,KERCK1G3_7_B1,KERCK1G3_7_B1,KERCK1G3_7_B1,RTPD,MCL,LMP_LOSS_PRC,KERCK1G3_7_B1,ALL,1,4.54016,2,169
2022-09-04T21:15:00-00:00,2022-09-04T21:30:00-00:00,2022-09-04,15,KERCK1G3_7_B1,KERCK1G3_7_B1,KERCK1G3_7_B1,RTPD,MCL,LMP_LOSS_PRC,KERCK1G3_7_B1,ALL,1,2.55353,2,169
2022-09-04T22:15:00-00:00,2022-09-04T22:30:00-00:00,2022-09-04,16,KERCK1G3_7_B1,KERCK1G3_7_B1,KERCK1G3_7_B1,RTPD,MCL,LMP_LOSS_PRC,KERCK1G3_7_B1,ALL,1,3.96305,2,169
2022-09-04T23:15:00-00:00,2022-09-04T23:30:00-00:00,2022-09-04,17,KERCK1G3_7_B1,KERCK1G3_7_B1,KERCK1G3_7_B1,RTPD,MCL,LMP_LOSS_PRC,KERCK1G3_7_B1,ALL,1,0,2,169
2022-09-05T00:15:00-00:00,2022-09-05T00:30:00-00:00,2022-09-04,18,KERCK1G3_7_B1,KERCK1G3_7_B1,KERCK1G3_7_B1,RTPD,MCL,LMP_LOSS_PRC,KERCK1G3_7_B1,ALL,1,18.01359,2,169
2022-09-05T01:15:00-00:00,2022-09-05T01:30:00-00:00,2022-09-04,19,KERCK1G3_7_B1,KERCK1G3_7_B1,KERCK1G3_7_B1,RTPD,MCL,LMP_LOSS_PRC,KERCK1G3_7_B1,ALL,1,28.37597,2,169
2022-09-05T02:15:00-00:00,2022-09-05T02:30:00-00:00,2022-09-04,20,KERCK1G3_7_B1,KERCK1G3_7_B1,KERCK1G3_7_B1,RTPD,MCL,LMP_LOSS_PRC,KERCK1G3_7_B1,ALL,1,13.86285,2,169
2022-09-05T03:15:00-00:00,2022-09-05T03:30:00-00:00,2022-09-04,21,KERCK1G3_7_B1,KERCK1G3_7_B1,KERCK1G3_7_B1,RTPD,MCL,LMP_LOSS_PRC,KERCK1G3_7_B1,ALL,1,28.18311,2,169
2022-09-05T04:15:00-00:00,2022-09-05T04:30:00-00:00,2022-09-04,22,KERCK1G3_7_B1,KERCK1G3_7_B1,KERCK1G3_7_B1,RTPD,MCL,LMP_LOSS_PRC,KERCK1G3_7_B1,ALL,1,21.82399,2,169
2022-09-05T05:15:00-00:00,2022-09-05T05:30:00-00:00,2022-09-04,23,KERCK1G3_7_B1,KERCK1G3_7_B1,KERCK1G3_7_B1,RTPD,MCL,LMP_LOSS_PRC,KERCK1G3_7_B1,ALL,1,17.56904,2,169
2022-09-05T06:15:00-00:00,2022-09-05T06:30:00-00:00,2022-09-04,24,KERCK1G3_7_B1,KERCK1G3_7_B1,KERCK1G3_7_B1,RTPD,MCL,LMP_LOSS_PRC,KERCK1G3_7_B1,ALL,1,16.54829,2,169
2022-09-04T07:30:00-00:00,2022-09-04T07:45:00-00:00,2022-09-04,01,KERCK1G3_7_B1,KERCK1G3_7_B1,KERCK1G3_7_B1,RTPD,MCL,LMP_LOSS_PRC,KERCK1G3_7_B1,ALL,1,11.6724,3,169
2022-09-04T08:30:00-00:00,2022-09-04T08:45:00-00:00,2022-09-04,02,KERCK1G3_7_B1,KERCK1G3_7_B1,KERCK1G3_7_B1,RTPD,MCL,LMP_LOSS_PRC,KERCK1G3_7_B1,ALL,1,0,3,169
2022-09-04T09:30:00-00:00,2022-09-04T09:45:00-00:00,2022-09-04,03,KERCK1G3_7_B1,KERCK1G3_7_B1,KERCK1G3_7_B1,RTPD,MCL,LMP_LOSS_PRC,KERCK1G3_7_B1,ALL,1,0,3,169
2022-09-04T10:30:00-00:00,2022-09-04T10:45:00-00:00,2022-09-04,04,KERCK1G3_7_B1,KERCK1G3_7_B1,KERCK1G3_7_B1,RTPD,MCL,LMP_LOSS_PRC,KERCK1G3_7_B1,ALL,1,11.33559,3,169
2022-09-04T11:30:00-00:00,2022-09-04T11:45:00-00:00,2022-09-04,05,KERCK1G3_7_B1,KERCK1G3_7_B1,KERCK1G3_7_B1,RTPD,MCL,LMP_LOSS_PRC,KERCK1G3_7_B1,ALL,1,10.21464,3,169
2022-09-04T12:30:00-00:00,2022-09-04T12:45:00-00:00,2022-09-04,06,KERCK1G3_7_B1,KERCK1G3_7_B1,KERCK1G3_7_B1,RTPD,MCL,LMP_LOSS_PRC,KERCK1G3_7_B1,ALL,1,10.26639,3,169
2022-09-04T13:30:00-00:00,2022-09-04T13:45:00-00:00,2022-09-04,07,KERCK1G3_7_B1,KERCK1G3_7_B1,KERCK1G3_7_B1,RTPD,MCL,LMP_LOSS_PRC,KERCK1G3_7_B1,ALL,1,8.37882,3,169
2022-09-04T14:30:00-00:00,2022-09-04T14:45:00-00:00,2022-09-04,08,KERCK1G3_7_B1,KERCK1G3_7_B1,KERCK1G3_7_B1,RTPD,MCL,LMP_LOSS_PRC,KERCK1G3_7_B1,ALL,1,9.87018,3,169
2022-09-04T15:30:00-00:00,2022-09-04T15:45:00-00:00,2022-09-04,09,KERCK1G3_7_B1,KERCK1G3_7_B1,KERCK1G3_7_B1,RTPD,MCL,LMP_LOSS_PRC,KERCK1G3_7_B1,ALL,1,5.74349,3,169
2022-09-04T16:30:00-00:00,2022-09-04T16:45:00-00:00,2022-09-04,10,KERCK1G3_7_B1,KERCK1G3_7_B1,KERCK1G3_7_B1,RTPD,MCL,LMP_LOSS_PRC,KERCK1G3_7_B1,ALL,1,3.9598,3,169
2022-09-04T17:30:00-00:00,2022-09-04T17:45:00-00:00,2022-09-04,11,KERCK1G3_7_B1,KERCK1G3_7_B1,KERCK1G3_7_B1,RTPD,MCL,LMP_LOSS_PRC,KERCK1G3_7_B1,ALL,1,4.84736,3,169
2022-09-04T18:30:00-00:00,2022-09-04T18:45:00-00:00,2022-09-04,12,KERCK1G3_7_B1,KERCK1G3_7_B1,KERCK1G3_7_B1,RTPD,MCL,LMP_LOSS_PRC,KERCK1G3_7_B1,ALL,1,3.79138,3,169
2022-09-04T19:30:00-00:00,2022-09-04T19:45:00-00:00,2022-09-04,13,KERCK1G3_7_B1,KERCK1G3_7_B1,KERCK1G3_7_B1,RTPD,MCL,LMP_LOSS_PRC,KERCK1G3_7_B1,ALL,1,4.9845,3,169
2022-09-04T20:30:00-00:00,2022-09-04T20:45:00-00:00,2022-09-04,14,KERCK1G3_7_B1,KERCK1G3_7_B1,KERCK1G3_7_B1,RTPD,MCL,LMP_LOSS_PRC,KERCK1G3_7_B1,ALL,1,3.96243,3,169
2022-09-04T21:30:00-00:00,2022-09-04T21:45:00-00:00,2022-09-04,15,KERCK1G3_7_B1,KERCK1G3_7_B1,KERCK1G3_7_B1,RTPD,MCL,LMP_LOSS_PRC,KERCK1G3_7_B1,ALL,1,2.52766,3,169
2022-09-04T22:30:00-00:00,2022-09-04T22:45:00-00:00,2022-09-04,16,KERCK1G3_7_B1,KERCK1G3_7_B1,KERCK1G3_7_B1,RTPD,MCL,LMP_LOSS_PRC,KERCK1G3_7_B1,ALL,1,4.44923,3,169
2022-09-04T23:30:00-00:00,2022-09-04T23:45:00-00:00,2022-09-04,17,KERCK1G3_7_B1,KERCK1G3_7_B1,KERCK1G3_7_B1,RTPD,MCL,LMP_LOSS_PRC,KERCK1G3_7_B1,ALL,1,0,3,169
2022-09-05T00:30:00-00:00,2022-09-05T00:45:00-00:00,2022-09-04,18,KERCK1G3_7_B1,KERCK1G3_7_B1,KERCK1G3_7_B1,RTPD,MCL,LMP_LOSS_PRC,KERCK1G3_7_B1,ALL,1,14.58969,3,169
2022-09-05T01:30:00-00:00,2022-09-05T01:45:00-00:00,2022-09-04,19,KERCK1G3_7_B1,KERCK1G3_7_B1,KERCK1G3_7_B1,RTPD,MCL,LMP_LOSS_PRC,KERCK1G3_7_B1,ALL,1,97.93526,3,169
2022-09-05T02:30:00-00:00,2022-09-05T02:45:00-00:00,2022-09-04,20,KERCK1G3_7_B1,KERCK1G3_7_B1,KERCK1G3_7_B1,RTPD,MCL,LMP_LOSS_PRC,KERCK1G3_7_B1,ALL,1,12.12051,3,169
2022-09-05T03:30:00-00:00,2022-09-05T03:45:00-00:00,2022-09-04,21,KERCK1G3_7_B1,KERCK1G3_7_B1,KERCK1G3_7_B1,RTPD,MCL,LMP_LOSS_PRC,KERCK1G3_7_B1,ALL,1,25.9525,3,169
2022-09-05T04:30:00-00:00,2022-09-05T04:45:00-00:00,2022-09-04,22,KERCK1G3_7_B1,KERCK1G3_7_B1,KERCK1G3_7_B1,RTPD,MCL,LMP_LOSS_PRC,KERCK1G3_7_B1,ALL,1,20.95157,3,169
2022-09-05T05:30:00-00:00,2022-09-05T05:45:00-00:00,2022-09-04,23,KERCK1G3_7_B1,KERCK1G3_7_B1,KERCK1G3_7_B1,RTPD,MCL,LMP_LOSS_PRC,KERCK1G3_7_B1,ALL,1,14.72406,3,169
2022-09-05T06:30:00-00:00,2022-09-05T06:45:00-00:00,2022-09-04,24,KERCK1G3_7_B1,KERCK1G3_7_B1,KERCK1G3_7_B1,RTPD,MCL,LMP_LOSS_PRC,KERCK1G3_7_B1,ALL,1,12.76981,3,169
2022-09-04T07:45:00-00:00,2022-09-04T08:00:00-00:00,2022-09-04,01,KERCK1G3_7_B1,KERCK1G3_7_B1,KERCK1G3_7_B1,RTPD,MCL,LMP_LOSS_PRC,KERCK1G3_7_B1,ALL,1,0,4,169
2022-09-04T08:45:00-00:00,2022-09-04T09:00:00-00:00,2022-09-04,02,KERCK1G3_7_B1,KERCK1G3_7_B1,KERCK1G3_7_B1,RTPD,MCL,LMP_LOSS_PRC,KERCK1G3_7_B1,ALL,1,11.60789,4,169
2022-09-04T09:45:00-00:00,2022-09-04T10:00:00-00:00,2022-09-04,03,KERCK1G3_7_B1,KERCK1G3_7_B1,KERCK1G3_7_B1,RTPD,MCL,LMP_LOSS_PRC,KERCK1G3_7_B1,ALL,1,10.8288,4,169
2022-09-04T10:45:00-00:00,2022-09-04T11:00:00-00:00,2022-09-04,04,KERCK1G3_7_B1,KERCK1G3_7_B1,KERCK1G3_7_B1,RTPD,MCL,LMP_LOSS_PRC,KERCK1G3_7_B1,ALL,1,10.09,4,169
2022-09-04T11:45:00-00:00,2022-09-04T12:00:00-00:00,2022-09-04,05,KERCK1G3_7_B1,KERCK1G3_7_B1,KERCK1G3_7_B1,RTPD,MCL,LMP_LOSS_PRC,KERCK1G3_7_B1,ALL,1,9.57011,4,169
2022-09-04T12:45:00-00:00,2022-09-04T13:00:00-00:00,2022-09-04,06,KERCK1G3_7_B1,KERCK1G3_7_B1,KERCK1G3_7_B1,RTPD,MCL,LMP_LOSS_PRC,KERCK1G3_7_B1,ALL,1,9.54973,4,169
2022-09-04T13:45:00-00:00,2022-09-04T14:00:00-00:00,2022-09-04,07,KERCK1G3_7_B1,KERCK1G3_7_B1,KERCK1G3_7_B1,RTPD,MCL,LMP_LOSS_PRC,KERCK1G3_7_B1,ALL,1,6.89615,4,169
2022-09-04T14:45:00-00:00,2022-09-04T15:00:00-00:00,2022-09-04,08,KERCK1G3_7_B1,KERCK1G3_7_B1,KERCK1G3_7_B1,RTPD,MCL,LMP_LOSS_PRC,KERCK1G3_7_B1,ALL,1,5.95677,4,169
2022-09-04T15:45:00-00:00,2022-09-04T16:00:00-00:00,2022-09-04,09,KERCK1G3_7_B1,KERCK1G3_7_B1,KERCK1G3_7_B1,RTPD,MCL,LMP_LOSS_PRC,KERCK1G3_7_B1,ALL,1,3.85703,4,169
2022-09-04T16:45:00-00:00,2022-09-04T17:00:00-00:00,2022-09-04,10,KERCK1G3_7_B1,KERCK1G3_7_B1,KERCK1G3_7_B1,RTPD,MCL,LMP_LOSS_PRC,KERCK1G3_7_B1,ALL,1,3.52833,4,169
2022-09-04T17:45:00-00:00,2022-09-04T18:00:00-00:00,2022-09-04,11,KERCK1G3_7_B1,KERCK1G3_7_B1,KERCK1G3_7_B1,RTPD,MCL,LMP_LOSS_PRC,KERCK1G3_7_B1,ALL,1,4.73638,4,169
2022-09-04T18:45:00-00:00,2022-09-04T19:00:00-00:00,2022-09-04,12,KERCK1G3_7_B1,KERCK1G3_7_B1,KERCK1G3_7_B1,RTPD,MCL,LMP_LOSS_PRC,KERCK1G3_7_B1,ALL,1,4.69538,4,169
2022-09-04T19:45:00-00:00,2022-09-04T20:00:00-00:00,2022-09-04,13,KERCK1G3_7_B1,KERCK1G3_7_B1,KERCK1G3_7_B1,RTPD,MCL,LMP_LOSS_PRC,KERCK1G3_7_B1,ALL,1,5.18369,4,169
2022-09-04T20:45:00-00:00,2022-09-04T21:00:00-00:00,2022-09-04,14,KERCK1G3_7_B1,KERCK1G3_7_B1,KERCK1G3_7_B1,RTPD,MCL,LMP_LOSS_PRC,KERCK1G3_7_B1,ALL,1,3.84195,4,169
2022-09-04T21:45:00-00:00,2022-09-04T22:00:00-00:00,2022-09-04,15,KERCK1G3_7_B1,KERCK1G3_7_B1,KERCK1G3_7_B1,RTPD,MCL,LMP_LOSS_PRC,KERCK1G3_7_B1,ALL,1,3.91814,4,169
2022-09-04T22:45:00-00:00,2022-09-04T23:00:00-00:00,2022-09-04,16,KERCK1G3_7_B1,KERCK1G3_7_B1,KERCK1G3_7_B1,RTPD,MCL,LMP_LOSS_PRC,KERCK1G3_7_B1,ALL,1,0,4,169
2022-09-04T23:45:00-00:00,2022-09-05T00:00:00-00:00,2022-09-04,17,KERCK1G3_7_B1,KERCK1G3_7_B1,KERCK1G3_7_B1,RTPD,MCL,LMP_LOSS_PRC,KERCK1G3_7_B1,ALL,1,0,4,169
2022-09-05T00:45:00-00:00,2022-09-05T01:00:00-00:00,2022-09-04,18,KERCK1G3_7_B1,KERCK1G3_7_B1,KERCK1G3_7_B1,RTPD,MCL,LMP_LOSS_PRC,KERCK1G3_7_B1,ALL,1,0,4,169
2022-09-05T01:45:00-00:00,2022-09-05T02:00:00-00:00,2022-09-04,19,KERCK1G3_7_B1,KERCK1G3_7_B1,KERCK1G3_7_B1,RTPD,MCL,LMP_LOSS_PRC,KERCK1G3_7_B1,ALL,1,85.58495,4,169
2022-09-05T02:45:00-00:00,2022-09-05T03:00:00-00:00,2022-09-04,20,KERCK1G3_7_B1,KERCK1G3_7_B1,KERCK1G3_7_B1,RTPD,MCL,LMP_LOSS_PRC,KERCK1G3_7_B1,ALL,1,9.7755,4,169
2022-09-05T03:45:00-00:00,2022-09-05T04:00:00-00:00,2022-09-04,21,KERCK1G3_7_B1,KERCK1G3_7_B1,KERCK1G3_7_B1,RTPD,MCL,LMP_LOSS_PRC,KERCK1G3_7_B1,ALL,1,19.23529,4,169
2022-09-05T04:45:00-00:00,2022-09-05T05:00:00-00:00,2022-09-04,22,KERCK1G3_7_B1,KERCK1G3_7_B1,KERCK1G3_7_B1,RTPD,MCL,LMP_LOSS_PRC,KERCK1G3_7_B1,ALL,1,16.51215,4,169
2022-09-05T05:45:00-00:00,2022-09-05T06:00:00-00:00,2022-09-04,23,KERCK1G3_7_B1,KERCK1G3_7_B1,KERCK1G3_7_B1,RTPD,MCL,LMP_LOSS_PRC,KERCK1G3_7_B1,ALL,1,9.8914,4,169
2022-09-05T06:45:00-00:00,2022-09-05T07:00:00-00:00,2022-09-04,24,KERCK1G3_7_B1,KERCK1G3_7_B1,KERCK1G3_7_B1,RTPD,MCL,LMP_LOSS_PRC,KERCK1G3_7_B1,ALL,1,10.44698,4,169
2022-09-04T07:00:00-00:00,2022-09-04T07:15:00-00:00,2022-09-04,01,KERCK1G3_7_B1,KERCK1G3_7_B1,KERCK1G3_7_B1,RTPD,MGHG,LMP_GHG_PRC,KERCK1G3_7_B1,ALL,1,0,1,170
2022-09-04T08:00:00-00:00,2022-09-04T08:15:00-00:00,2022-09-04,02,KERCK1G3_7_B1,KERCK1G3_7_B1,KERCK1G3_7_B1,RTPD,MGHG,LMP_GHG_PRC,KERCK1G3_7_B1,ALL,1,0,1,170
2022-09-04T09:00:00-00:00,2022-09-04T09:15:00-00:00,2022-09-04,03,KERCK1G3_7_B1,KERCK1G3_7_B1,KERCK1G3_7_B1,RTPD,MGHG,LMP_GHG_PRC,KERCK1G3_7_B1,ALL,1,0,1,170
2022-09-04T10:00:00-00:00,2022-09-04T10:15:00-00:00,2022-09-04,04,KERCK1G3_7_B1,KERCK1G3_7_B1,KERCK1G3_7_B1,RTPD,MGHG,LMP_GHG_PRC,KERCK1G3_7_B1,ALL,1,0,1,170
2022-09-04T11:00:00-00:00,2022-09-04T11:15:00-00:00,2022-09-04,05,KERCK1G3_7_B1,KERCK1G3_7_B1,KERCK1G3_7_B1,RTPD,MGHG,LMP_GHG_PRC,KERCK1G3_7_B1,ALL,1,0,1,170
2022-09-04T12:00:00-00:00,2022-09-04T12:15:00-00:00,2022-09-04,06,KERCK1G3_7_B1,KERCK1G3_7_B1,KERCK1G3_7_B1,RTPD,MGHG,LMP_GHG_PRC,KERCK1G3_7_B1,ALL,1,0,1,170
2022-09-04T13:00:00-00:00,2022-09-04T13:15:00-00:00,2022-09-04,07,KERCK1G3_7_B1,KERCK1G3_7_B1,KERCK1G3_7_B1,RTPD,MGHG,LMP_GHG_PRC,KERCK1G3_7_B1,ALL,1,0,1,170
2022-09-04T14:00:00-00:00,2022-09-04T14:15:00-00:00,2022-09-04,08,KERCK1G3_7_B1,KERCK1G3_7_B1,KERCK1G3_7_B1,RTPD,MGHG,LMP_GHG_PRC,KERCK1G3_7_B1,ALL,1,0,1,170
2022-09-04T15:00:00-00:00,2022-09-04T15:15:00-00:00,2022-09-04,09,KERCK1G3_7_B1,KERCK1G3_7_B1,KERCK1G3_7_B1,RTPD,MGHG,LMP_GHG_PRC,KERCK1G3_7_B1,ALL,1,0,1,170
2022-09-04T16:00:00-00:00,2022-09-04T16:15:00-00:00,2022-09-04,10,KERCK1G3_7_B1,KERCK1G3_7_B1,KERCK1G3_7_B1,RTPD,MGHG,LMP_GHG_PRC,KERCK1G3_7_B1,ALL,1,0,1,170
2022-09-04T17:00:00-00:00,2022-09-04T17:15:00-00:00,2022-09-04,11,KERCK1G3_7_B1,KERCK1G3_7_B1,KERCK1G3_7_B1,RTPD,MGHG,LMP_GHG_PRC,KERCK1G3_7_B1,ALL,1,0,1,170
2022-09-04T18:00:00-00:00,2022-09-04T18:15:00-00:00,2022-09-04,12,KERCK1G3_7_B1,KERCK1G3_7_B1,KERCK1G3_7_B1,RTPD,MGHG,LMP_GHG_PRC,KERCK1G3_7_B1,ALL,1,0,1,170
2022-09-04T19:00:00-00:00,2022-09-04T19:15:00-00:00,2022-09-04,13,KERCK1G3_7_B1,KERCK1G3_7_B1,KERCK1G3_7_B1,RTPD,MGHG,LMP_GHG_PRC,KERCK1G3_7_B1,ALL,1,0,1,170
2022-09-04T20:00:00-00:00,2022-09-04T20:15:00-00:00,2022-09-04,14,KERCK1G3_7_B1,KERCK1G3_7_B1,KERCK1G3_7_B1,RTPD,MGHG,LMP_GHG_PRC,KERCK1G3_7_B1,ALL,1,0,1,170
2022-09-04T21:00:00-00:00,2022-09-04T21:15:00-00:00,2022-09-04,15,KERCK1G3_7_B1,KERCK1G3_7_B1,KERCK1G3_7_B1,RTPD,MGHG,LMP_GHG_PRC,KERCK1G3_7_B1,ALL,1,0,1,170
2022-09-04T22:00:00-00:00,2022-09-04T22:15:00-00:00,2022-09-04,16,KERCK1G3_7_B1,KERCK1G3_7_B1,KERCK1G3_7_B1,RTPD,MGHG,LMP_GHG_PRC,KERCK1G3_7_B1,ALL,1,0,1,170
2022-09-04T23:00:00-00:00,2022-09-04T23:15:00-00:00,2022-09-04,17,KERCK1G3_7_B1,KERCK1G3_7_B1,KERCK1G3_7_B1,RTPD,MGHG,LMP_GHG_PRC,KERCK1G3_7_B1,ALL,1,0,1,170
2022-09-05T00:00:00-00:00,2022-09-05T00:15:00-00:00,2022-09-04,18,KERCK1G3_7_B1,KERCK1G3_7_B1,KERCK1G3_7_B1,RTPD,MGHG,LMP_GHG_PRC,KERCK1G3_7_B1,ALL,1,0,1,170
2022-09-05T01:00:00-00:00,2022-09-05T01:15:00-00:00,2022-09-04,19,KERCK1G3_7_B1,KERCK1G3_7_B1,KERCK1G3_7_B1,RTPD,MGHG,LMP_GHG_PRC,KERCK1G3_7_B1,ALL,1,0,1,170
2022-09-05T02:00:00-00:00,2022-09-05T02:15:00-00:00,2022-09-04,20,KERCK1G3_7_B1,KERCK1G3_7_B1,KERCK1G3_7_B1,RTPD,MGHG,LMP_GHG_PRC,KERCK1G3_7_B1,ALL,1,0,1,170
2022-09-05T03:00:00-00:00,2022-09-05T03:15:00-00:00,2022-09-04,21,KERCK1G3_7_B1,KERCK1G3_7_B1,KERCK1G3_7_B1,RTPD,MGHG,LMP_GHG_PRC,KERCK1G3_7_B1,ALL,1,0,1,170
2022-09-05T04:00:00-00:00,2022-09-05T04:15:00-00:00,2022-09-04,22,KERCK1G3_7_B1,KERCK1G3_7_B1,KERCK1G3_7_B1,RTPD,MGHG,LMP_GHG_PRC,KERCK1G3_7_B1,ALL,1,0,1,170
2022-09-05T05:00:00-00:00,2022-09-05T05:15:00-00:00,2022-09-04,23,KERCK1G3_7_B1,KERCK1G3_7_B1,KERCK1G3_7_B1,RTPD,MGHG,LMP_GHG_PRC,KERCK1G3_7_B1,ALL,1,0,1,170
2022-09-05T06:00:00-00:00,2022-09-05T06:15:00-00:00,2022-09-04,24,KERCK1G3_7_B1,KERCK1G3_7_B1,KERCK1G3_7_B1,RTPD,MGHG,LMP_GHG_PRC,KERCK1G3_7_B1,ALL,1,0,1,170
2022-09-04T07:15:00-00:00,2022-09-04T07:30:00-00:00,2022-09-04,01,KERCK1G3_7_B1,KERCK1G3_7_B1,KERCK1G3_7_B1,RTPD,MGHG,LMP_GHG_PRC,KERCK1G3_7_B1,ALL,1,0,2,170
2022-09-04T08:15:00-00:00,2022-09-04T08:30:00-00:00,2022-09-04,02,KERCK1G3_7_B1,KERCK1G3_7_B1,KERCK1G3_7_B1,RTPD,MGHG,LMP_GHG_PRC,KERCK1G3_7_B1,ALL,1,0,2,170
2022-09-04T09:15:00-00:00,2022-09-04T09:30:00-00:00,2022-09-04,03,KERCK1G3_7_B1,KERCK1G3_7_B1,KERCK1G3_7_B1,RTPD,MGHG,LMP_GHG_PRC,KERCK1G3_7_B1,ALL,1,0,2,170
2022-09-04T10:15:00-00:00,2022-09-04T10:30:00-00:00,2022-09-04,04,KERCK1G3_7_B1,KERCK1G3_7_B1,KERCK1G3_7_B1,RTPD,MGHG,LMP_GHG_PRC,KERCK1G3_7_B1,ALL,1,0,2,170
2022-09-04T11:15:00-00:00,2022-09-04T11:30:00-00:00,2022-09-04,05,KERCK1G3_7_B1,KERCK1G3_7_B1,KERCK1G3_7_B1,RTPD,MGHG,LMP_GHG_PRC,KERCK1G3_7_B1,ALL,1,0,2,170
2022-09-04T12:15:00-00:00,2022-09-04T12:30:00-00:00,2022-09-04,06,KERCK1G3_7_B1,KERCK1G3_7_B1,KERCK1G3_7_B1,RTPD,MGHG,LMP_GHG_PRC,KERCK1G3_7_B1,ALL,1,0,2,170
2022-09-04T13:15:00-00:00,2022-09-04T13:30:00-00:00,2022-09-04,07,KERCK1G3_7_B1,KERCK1G3_7_B1,KERCK1G3_7_B1,RTPD,MGHG,LMP_GHG_PRC,KERCK1G3_7_B1,ALL,1,0,2,170
2022-09-04T14:15:00-00:00,2022-09-04T14:30:00-00:00,2022-09-04,08,KERCK1G3_7_B1,KERCK1G3_7_B1,KERCK1G3_7_B1,RTPD,MGHG,LMP_GHG_PRC,KERCK1G3_7_B1,ALL,1,0,2,170
2022-09-04T15:15:00-00:00,2022-09-04T15:30:00-00:00,2022-09-04,09,KERCK1G3_7_B1,KERCK1G3_7_B1,KERCK1G3_7_B1,RTPD,MGHG,LMP_GHG_PRC,KERCK1G3_7_B1,ALL,1,0,2,170
2022-09-04T16:15:00-00:00,2022-09-04T16:30:00-00:00,2022-09-04,10,KERCK1G3_7_B1,KERCK1G3_7_B1,KERCK1G3_7_B1,RTPD,MGHG,LMP_GHG_PRC,KERCK1G3_7_B1,ALL,1,0,2,170
2022-09-04T17:15:00-00:00,2022-09-04T17:30:00-00:00,2022-09-04,11,KERCK1G3_7_B1,KERCK1G3_7_B1,KERCK1G3_7_B1,RTPD,MGHG,LMP_GHG_PRC,KERCK1G3_7_B1,ALL,1,0,2,170
2022-09-04T18:15:00-00:00,2022-09-04T18:30:00-00:00,2022-09-04,12,KERCK1G3_7_B1,KERCK1G3_7_B1,KERCK1G3_7_B1,RTPD,MGHG,LMP_GHG_PRC,KERCK1G3_7_B1,ALL,1,0,2,170
2022-09-04T19:15:00-00:00,2022-09-04T19:30:00-00:00,2022-09-04,13,KERCK1G3_7_B1,KERCK1G3_7_B1,KERCK1G3_7_B1,RTPD,MGHG,LMP_GHG_PRC,KERCK1G3_7_B1,ALL,1,0,2,170
2022-09-04T20:15:00-00:00,2022-09-04T20:30:00-00:00,2022-09-04,14,KERCK1G3_7_B1,KERCK1G3_7_B1,KERCK1G3_7_B1,RTPD,MGHG,LMP_GHG_PRC,KERCK1G3_7_B1,ALL,1,0,2,170
2022-09-04T21:15:00-00:00,2022-09-04T21:30:00-00:00,2022-09-04,15,KERCK1G3_7_B1,KERCK1G3_7_B1,KERCK1G3_7_B1,RTPD,MGHG,LMP_GHG_PRC,KERCK1G3_7_B1,ALL,1,0,2,170
2022-09-04T22:15:00-00:00,2022-09-04T22:30:00-00:00,2022-09-04,16,KERCK1G3_7_B1,KERCK1G3_7_B1,KERCK1G3_7_B1,RTPD,MGHG,LMP_GHG_PRC,KERCK1G3_7_B1,ALL,1,0,2,170
2022-09-04T23:15:00-00:00,2022-09-04T23:30:00-00:00,2022-09-04,17,KERCK1G3_7_B1,KERCK1G3_7_B1,KERCK1G3_7_B1,RTPD,MGHG,LMP_GHG_PRC,KERCK1G3_7_B1,ALL,1,0,2,170
2022-09-05T00:15:00-00:00,2022-09-05T00:30:00-00:00,2022-09-04,18,KERCK1G3_7_B1,KERCK1G3_7_B1,KERCK1G3_7_B1,RTPD,MGHG,LMP_GHG_PRC,KERCK1G3_7_B1,ALL,1,0,2,170
2022-09-05T01:15:00-00:00,2022-09-05T01:30:00-00:00,2022-09-04,19,KERCK1G3_7_B1,KERCK1G3_7_B1,KERCK1G3_7_B1,RTPD,MGHG,LMP_GHG_PRC,KERCK1G3_7_B1,ALL,1,0,2,170
2022-09-05T02:15:00-00:00,2022-09-05T02:30:00-00:00,2022-09-04,20,KERCK1G3_7_B1,KERCK1G3_7_B1,KERCK1G3_7_B1,RTPD,MGHG,LMP_GHG_PRC,KERCK1G3_7_B1,ALL,1,0,2,170
2022-09-05T03:15:00-00:00,2022-09-05T03:30:00-00:00,2022-09-04,21,KERCK1G3_7_B1,KERCK1G3_7_B1,KERCK1G3_7_B1,RTPD,MGHG,LMP_GHG_PRC,KERCK1G3_7_B1,ALL,1,0,2,170
2022-09-05T04:15:00-00:00,2022-09-05T04:30:00-00:00,2022-09-04,22,KERCK1G3_7_B1,KERCK1G3_7_B1,KERCK1G3_7_B1,RTPD,MGHG,LMP_GHG_PRC,KERCK1G3_7_B1,ALL,1,0,2,170
2022-09-05T05:15:00-00:00,2022-09-05T05:30:00-00:00,2022-09-04,23,KERCK1G3_7_B1,KERCK1G3_7_B1,KERCK1G3_7_B1,RTPD,MGHG,LMP_GHG_PRC,KERCK1G3_7_B1,ALL,1,0,2,170
2022-09-05T06:15:00-00:00,2022-09-05T06:30:00-00:00,2022-09-04,24,KERCK1G3_7_B1,KERCK1G3_7_B1,KERCK1G3_7_B1,RTPD,MGHG,LMP_GHG_PRC,KERCK1G3_7_B1,ALL,1,0,2,170
2022-09-04T07:30:00-00:00,2022-09-04T07:45:00-00:00,2022-09-04,01,KERCK1G3_7_B1,KERCK1G3_7_B1,KERCK1G3_7_B1,RTPD,MGHG,LMP_GHG_PRC,KERCK1G3_7_B1,ALL,1,0,3,170
2022-09-04T08:30:00-00:00,2022-09-04T08:45:00-00:00,2022-09-04,02,KERCK1G3_7_B1,KERCK1G3_7_B1,KERCK1G3_7_B1,RTPD,MGHG,LMP_GHG_PRC,KERCK1G3_7_B1,ALL,1,0,3,170
2022-09-04T09:30:00-00:00,2022-09-04T09:45:00-00:00,2022-09-04,03,KERCK1G3_7_B1,KERCK1G3_7_B1,KERCK1G3_7_B1,RTPD,MGHG,LMP_GHG_PRC,KERCK1G3_7_B1,ALL,1,0,3,170
2022-09-04T10:30:00-00:00,2022-09-04T10:45:00-00:00,2022-09-04,04,KERCK1G3_7_B1,KERCK1G3_7_B1,KERCK1G3_7_B1,RTPD,MGHG,LMP_GHG_PRC,KERCK1G3_7_B1,ALL,1,0,3,170
2022-09-04T11:30:00-00:00,2022-09-04T11:45:00-00:00,2022-09-04,05,KERCK1G3_7_B1,KERCK1G3_7_B1,KERCK1G3_7_B1,RTPD,MGHG,LMP_GHG_PRC,KERCK1G3_7_B1,ALL,1,0,3,170
2022-09-04T12:30:00-00:00,2022-09-04T12:45:00-00:00,2022-09-04,06,KERCK1G3_7_B1,KERCK1G3_7_B1,KERCK1G3_7_B1,RTPD,MGHG,LMP_GHG_PRC,KERCK1G3_7_B1,ALL,1,0,3,170
2022-09-04T13:30:00-00:00,2022-09-04T13:45:00-00:00,2022-09-04,07,KERCK1G3_7_B1,KERCK1G3_7_B1,KERCK1G3_7_B1,RTPD,MGHG,LMP_GHG_PRC,KERCK1G3_7_B1,ALL,1,0,3,170
2022-09-04T14:30:00-00:00,2022-09-04T14:45:00-00:00,2022-09-04,08,KERCK1G3_7_B1,KERCK1G3_7_B1,KERCK1G3_7_B1,RTPD,MGHG,LMP_GHG_PRC,KERCK1G3_7_B1,ALL,1,0,3,170
2022-09-04T15:30:00-00:00,2022-09-04T15:45:00-00:00,2022-09-04,09,KERCK1G3_7_B1,KERCK1G3_7_B1,KERCK1G3_7_B1,RTPD,MGHG,LMP_GHG_PRC,KERCK1G3_7_B1,ALL,1,0,3,170
2022-09-04T16:30:00-00:00,2022-09-04T16:45:00-00:00,2022-09-04,10,KERCK1G3_7_B1,KERCK1G3_7_B1,KERCK1G3_7_B1,RTPD,MGHG,LMP_GHG_PRC,KERCK1G3_7_B1,ALL,1,0,3,170
2022-09-04T17:30:00-00:00,2022-09-04T17:45:00-00:00,2022-09-04,11,KERCK1G3_7_B1,KERCK1G3_7_B1,KERCK1G3_7_B1,RTPD,MGHG,LMP_GHG_PRC,KERCK1G3_7_B1,ALL,1,0,3,170
2022-09-04T18:30:00-00:00,2022-09-04T18:45:00-00:00,2022-09-04,12,KERCK1G3_7_B1,KERCK1G3_7_B1,KERCK1G3_7_B1,RTPD,MGHG,LMP_GHG_PRC,KERCK1G3_7_B1,ALL,1,0,3,170
2022-09-04T19:30:00-00:00,2022-09-04T19:45:00-00:00,2022-09-04,13,KERCK1G3_7_B1,KERCK1G3_7_B1,KERCK1G3_7_B1,RTPD,MGHG,LMP_GHG_PRC,KERCK1G3_7_B1,ALL,1,0,3,170
2022-09-04T20:30:00-00:00,2022-09-04T20:45:00-00:00,2022-09-04,14,KERCK1G3_7_B1,KERCK1G3_7_B1,KERCK1G3_7_B1,RTPD,MGHG,LMP_GHG_PRC,KERCK1G3_7_B1,ALL,1,0,3,170
2022-09-04T21:30:00-00:00,2022-09-04T21:45:00-00:00,2022-09-04,15,KERCK1G3_7_B1,KERCK1G3_7_B1,KERCK1G3_7_B1,RTPD,MGHG,LMP_GHG_PRC,KERCK1G3_7_B1,ALL,1,0,3,170
2022-09-04T22:30:00-00:00,2022-09-04T22:45:00-00:00,2022-09-04,16,KERCK1G3_7_B1,KERCK1G3_7_B1,KERCK1G3_7_B1,RTPD,MGHG,LMP_GHG_PRC,KERCK1G3_7_B1,ALL,1,0,3,170
2022-09-04T23:30:00-00:00,2022-09-04T23:45:00-00:00,2022-09-04,17,KERCK1G3_7_B1,KERCK1G3_7_B1,KERCK1G3_7_B1,RTPD,MGHG,LMP_GHG_PRC,KERCK1G3_7_B1,ALL,1,0,3,170
2022-09-05T00:30:00-00:00,2022-09-05T00:45:00-00:00,2022-09-04,18,KERCK1G3_7_B1,KERCK1G3_7_B1,KERCK1G3_7_B1,RTPD,MGHG,LMP_GHG_PRC,KERCK1G3_7_B1,ALL,1,0,3,170
2022-09-05T01:30:00-00:00,2022-09-05T01:45:00-00:00,2022-09-04,19,KERCK1G3_7_B1,KERCK1G3_7_B1,KERCK1G3_7_B1,RTPD,MGHG,LMP_GHG_PRC,KERCK1G3_7_B1,ALL,1,0,3,170
2022-09-05T02:30:00-00:00,2022-09-05T02:45:00-00:00,2022-09-04,20,KERCK1G3_7_B1,KERCK1G3_7_B1,KERCK1G3_7_B1,RTPD,MGHG,LMP_GHG_PRC,KERCK1G3_7_B1,ALL,1,0,3,170
2022-09-05T03:30:00-00:00,2022-09-05T03:45:00-00:00,2022-09-04,21,KERCK1G3_7_B1,KERCK1G3_7_B1,KERCK1G3_7_B1,RTPD,MGHG,LMP_GHG_PRC,KERCK1G3_7_B1,ALL,1,0,3,170
2022-09-05T04:30:00-00:00,2022-09-05T04:45:00-00:00,2022-09-04,22,KERCK1G3_7_B1,KERCK1G3_7_B1,KERCK1G3_7_B1,RTPD,MGHG,LMP_GHG_PRC,KERCK1G3_7_B1,ALL,1,0,3,170
2022-09-05T05:30:00-00:00,2022-09-05T05:45:00-00:00,2022-09-04,23,KERCK1G3_7_B1,KERCK1G3_7_B1,KERCK1G3_7_B1,RTPD,MGHG,LMP_GHG_PRC,KERCK1G3_7_B1,ALL,1,0,3,170
2022-09-05T06:30:00-00:00,2022-09-05T06:45:00-00:00,2022-09-04,24,KERCK1G3_7_B1,KERCK1G3_7_B1,KERCK1G3_7_B1,RTPD,MGHG,LMP_GHG_PRC,KERCK1G3_7_B1,ALL,1,0,3,170
2022-09-04T07:45:00-00:00,2022-09-04T08:00:00-00:00,2022-09-04,01,KERCK1G3_7_B1,KERCK1G3_7_B1,KERCK1G3_7_B1,RTPD,MGHG,LMP_GHG_PRC,KERCK1G3_7_B1,ALL,1,0,4,170
2022-09-04T08:45:00-00:00,2022-09-04T09:00:00-00:00,2022-09-04,02,KERCK1G3_7_B1,KERCK1G3_7_B1,KERCK1G3_7_B1,RTPD,MGHG,LMP_GHG_PRC,KERCK1G3_7_B1,ALL,1,0,4,170
2022-09-04T09:45:00-00:00,2022-09-04T10:00:00-00:00,2022-09-04,03,KERCK1G3_7_B1,KERCK1G3_7_B1,KERCK1G3_7_B1,RTPD,MGHG,LMP_GHG_PRC,KERCK1G3_7_B1,ALL,1,0,4,170
2022-09-04T10:45:00-00:00,2022-09-04T11:00:00-00:00,2022-09-04,04,KERCK1G3_7_B1,KERCK1G3_7_B1,KERCK1G3_7_B1,RTPD,MGHG,LMP_GHG_PRC,KERCK1G3_7_B1,ALL,1,0,4,170
2022-09-04T11:45:00-00:00,2022-09-04T12:00:00-00:00,2022-09-04,05,KERCK1G3_7_B1,KERCK1G3_7_B1,KERCK1G3_7_B1,RTPD,MGHG,LMP_GHG_PRC,KERCK1G3_7_B1,ALL,1,0,4,170
2022-09-04T12:45:00-00:00,2022-09-04T13:00:00-00:00,2022-09-04,06,KERCK1G3_7_B1,KERCK1G3_7_B1,KERCK1G3_7_B1,RTPD,MGHG,LMP_GHG_PRC,KERCK1G3_7_B1,ALL,1,0,4,170
2022-09-04T13:45:00-00:00,2022-09-04T14:00:00-00:00,2022-09-04,07,KERCK1G3_7_B1,KERCK1G3_7_B1,KERCK1G3_7_B1,RTPD,MGHG,LMP_GHG_PRC,KERCK1G3_7_B1,ALL,1,0,4,170
2022-09-04T14:45:00-00:00,2022-09-04T15:00:00-00:00,2022-09-04,08,KERCK1G3_7_B1,KERCK1G3_7_B1,KERCK1G3_7_B1,RTPD,MGHG,LMP_GHG_PRC,KERCK1G3_7_B1,ALL,1,0,4,170
2022-09-04T15:45:00-00:00,2022-09-04T16:00:00-00:00,2022-09-04,09,KERCK1G3_7_B1,KERCK1G3_7_B1,KERCK1G3_7_B1,RTPD,MGHG,LMP_GHG_PRC,KERCK1G3_7_B1,ALL,1,0,4,170
2022-09-04T16:45:00-00:00,2022-09-04T17:00:00-00:00,2022-09-04,10,KERCK1G3_7_B1,KERCK1G3_7_B1,KERCK1G3_7_B1,RTPD,MGHG,LMP_GHG_PRC,KERCK1G3_7_B1,ALL,1,0,4,170
2022-09-04T17:45:00-00:00,2022-09-04T18:00:00-00:00,2022-09-04,11,KERCK1G3_7_B1,KERCK1G3_7_B1,KERCK1G3_7_B1,RTPD,MGHG,LMP_GHG_PRC,KERCK1G3_7_B1,ALL,1,0,4,170
2022-09-04T18:45:00-00:00,2022-09-04T19:00:00-00:00,2022-09-04,12,KERCK1G3_7_B1,KERCK1G3_7_B1,KERCK1G3_7_B1,RTPD,MGHG,LMP_GHG_PRC,KERCK1G3_7_B1,ALL,1,0,4,170
2022-09-04T19:45:00-00:00,2022-09-04T20:00:00-00:00,2022-09-04,13,KERCK1G3_7_B1,KERCK1G3_7_B1,KERCK1G3_7_B1,RTPD,MGHG,LMP_GHG_PRC,KERCK1G3_7_B1,ALL,1,0,4,170
2022-09-04T20:45:00-00:00,2022-09-04T21:00:00-00:00,2022-09-04,14,KERCK1G3_7_B1,KERCK1G3_7_B1,KERCK1G3_7_B1,RTPD,MGHG,LMP_GHG_PRC,KERCK1G3_7_B1,ALL,1,0,4,170
2022-09-04T21:45:00-00:00,2022-09-04T22:00:00-00:00,2022-09-04,15,KERCK1G3_7_B1,KERCK1G3_7_B1,KERCK1G3_7_B1,RTPD,MGHG,LMP_GHG_PRC,KERCK1G3_7_B1,ALL,1,0,4,170
2022-09-04T22:45:00-00:00,2022-09-04T23:00:00-00:00,2022-09-04,16,KERCK1G3_7_B1,KERCK1G3_7_B1,KERCK1G3_7_B1,RTPD,MGHG,LMP_GHG_PRC,KERCK1G3_7_B1,ALL,1,0,4,170
2022-09-04T23:45:00-00:00,2022-09-05T00:00:00-00:00,2022-09-04,17,KERCK1G3_7_B1,KERCK1G3_7_B1,KERCK1G3_7_B1,RTPD,MGHG,LMP_GHG_PRC,KERCK1G3_7_B1,ALL,1,0,4,170
2022-09-05T00:45:00-00:00,2022-09-05T01:00:00-00:00,2022-09-04,18,KERCK1G3_7_B1,KERCK1G3_7_B1,KERCK1G3_7_B1,RTPD,MGHG,LMP_GHG_PRC,KERCK1G3_7_B1,ALL,1,0,4,170
2022-09-05T01:45:00-00:00,2022-09-05T02:00:00-00:00,2022-09-04,19,KERCK1G3_7_B1,KERCK1G3_7_B1,KERCK1G3_7_B1,RTPD,MGHG,LMP_GHG_PRC,KERCK1G3_7_B1,ALL,1,0,4,170
2022-09-05T02:45:00-00:00,2022-09-05T03:00:00-00:00,2022-09-04,20,KERCK1G3_7_B1,KERCK1G3_7_B1,KERCK1G3_7_B1,RTPD,MGHG,LMP_GHG_PRC,KERCK1G3_7_B1,ALL,1,0,4,170
2022-09-05T03:45:00-00:00,2022-09-05T04:00:00-00:00,2022-09-04,21,KERCK1G3_7_B1,KERCK1G3_7_B1,KERCK1G3_7_B1,RTPD,MGHG,LMP_GHG_PRC,KERCK1G3_7_B1,ALL,1,0,4,170
2022-09-05T04:45:00-00:00,2022-09-05T05:00:00-00:00,2022-09-04,22,KERCK1G3_7_B1,KERCK1G3_7_B1,KERCK1G3_7_B1,RTPD,MGHG,LMP_GHG_PRC,KERCK1G3_7_B1,ALL,1,0,4,170
2022-09-05T05:45:00-00:00,2022-09-05T06:00:00-00:00,2022-09-04,23,KERCK1G3_7_B1,KERCK1G3_7_B1,KERCK1G3_7_B1,RTPD,MGHG,LMP_GHG_PRC,KERCK1G3_7_B1,ALL,1,0,4,170
2022-09-05T06:45:00-00:00,2022-09-05T07:00:00-00:00,2022-09-04,24,KERCK1G3_7_B1,KERCK1G3_7_B1,KERCK1G3_7_B1,RTPD,MGHG,LMP_GHG_PRC,KERCK1G3_7_B1,ALL,1,0,4,170
2022-09-04T07:00:00-00:00,2022-09-04T07:15:00-00:00,2022-09-04,01,KERCKHOF_7_B1,KERCKHOF_7_B1,KERCKHOF_7_B1,RTPD,LMP,LMP_PRC,KERCKHOF_7_B1,ALL,1,121.00614,1,171
2022-09-04T08:00:00-00:00,2022-09-04T08:15:00-00:00,2022-09-04,02,KERCKHOF_7_B1,KERCKHOF_7_B1,KERCKHOF_7_B1,RTPD,LMP,LMP_PRC,KERCKHOF_7_B1,ALL,1,108.68108,1,171
2022-09-04T09:00:00-00:00,2022-09-04T09:15:00-00:00,2022-09-04,03,KERCKHOF_7_B1,KERCKHOF_7_B1,KERCKHOF_7_B1,RTPD,LMP,LMP_PRC,KERCKHOF_7_B1,ALL,1,128.25536,1,171
2022-09-04T10:00:00-00:00,2022-09-04T10:15:00-00:00,2022-09-04,04,KERCKHOF_7_B1,KERCKHOF_7_B1,KERCKHOF_7_B1,RTPD,LMP,LMP_PRC,KERCKHOF_7_B1,ALL,1,119.06769,1,171
2022-09-04T11:00:00-00:00,2022-09-04T11:15:00-00:00,2022-09-04,05,KERCKHOF_7_B1,KERCKHOF_7_B1,KERCKHOF_7_B1,RTPD,LMP,LMP_PRC,KERCKHOF_7_B1,ALL,1,99.26211,1,171
2022-09-04T12:00:00-00:00,2022-09-04T12:15:00-00:00,2022-09-04,06,KERCKHOF_7_B1,KERCKHOF_7_B1,KERCKHOF_7_B1,RTPD,LMP,LMP_PRC,KERCKHOF_7_B1,ALL,1,84.30958,1,171
2022-09-04T13:00:00-00:00,2022-09-04T13:15:00-00:00,2022-09-04,07,KERCKHOF_7_B1,KERCKHOF_7_B1,KERCKHOF_7_B1,RTPD,LMP,LMP_PRC,KERCKHOF_7_B1,ALL,1,64.96895,1,171
2022-09-04T14:00:00-00:00,2022-09-04T14:15:00-00:00,2022-09-04,08,KERCKHOF_7_B1,KERCKHOF_7_B1,KERCKHOF_7_B1,RTPD,LMP,LMP_PRC,KERCKHOF_7_B1,ALL,1,83.69504,1,171
2022-09-04T15:00:00-00:00,2022-09-04T15:15:00-00:00,2022-09-04,09,KERCKHOF_7_B1,KERCKHOF_7_B1,KERCKHOF_7_B1,RTPD,LMP,LMP_PRC,KERCKHOF_7_B1,ALL,1,74.0272,1,171
2022-09-04T16:00:00-00:00,2022-09-04T16:15:00-00:00,2022-09-04,10,KERCKHOF_7_B1,KERCKHOF_7_B1,KERCKHOF_7_B1,RTPD,LMP,LMP_PRC,KERCKHOF_7_B1,ALL,1,3.00255,1,171
2022-09-04T17:00:00-00:00,2022-09-04T17:15:00-00:00,2022-09-04,11,KERCKHOF_7_B1,KERCKHOF_7_B1,KERCKHOF_7_B1,RTPD,LMP,LMP_PRC,KERCKHOF_7_B1,ALL,1,0.44281,1,171
2022-09-04T18:00:00-00:00,2022-09-04T18:15:00-00:00,2022-09-04,12,KERCKHOF_7_B1,KERCKHOF_7_B1,KERCKHOF_7_B1,RTPD,LMP,LMP_PRC,KERCKHOF_7_B1,ALL,1,5.32806,1,171
2022-09-04T19:00:00-00:00,2022-09-04T19:15:00-00:00,2022-09-04,13,KERCKHOF_7_B1,KERCKHOF_7_B1,KERCKHOF_7_B1,RTPD,LMP,LMP_PRC,KERCKHOF_7_B1,ALL,1,32.83767,1,171
2022-09-04T20:00:00-00:00,2022-09-04T20:15:00-00:00,2022-09-04,14,KERCKHOF_7_B1,KERCKHOF_7_B1,KERCKHOF_7_B1,RTPD,LMP,LMP_PRC,KERCKHOF_7_B1,ALL,1,76.07595,1,171
2022-09-04T21:00:00-00:00,2022-09-04T21:15:00-00:00,2022-09-04,15,KERCKHOF_7_B1,KERCKHOF_7_B1,KERCKHOF_7_B1,RTPD,LMP,LMP_PRC,KERCKHOF_7_B1,ALL,1,74.14201,1,171
2022-09-04T22:00:00-00:00,2022-09-04T22:15:00-00:00,2022-09-04,16,KERCKHOF_7_B1,KERCKHOF_7_B1,KERCKHOF_7_B1,RTPD,LMP,LMP_PRC,KERCKHOF_7_B1,ALL,1,81.69357,1,171
2022-09-04T23:00:00-00:00,2022-09-04T23:15:00-00:00,2022-09-04,17,KERCKHOF_7_B1,KERCKHOF_7_B1,KERCKHOF_7_B1,RTPD,LMP,LMP_PRC,KERCKHOF_7_B1,ALL,1,85.96179,1,171
2022-09-05T00:00:00-00:00,2022-09-05T00:15:00-00:00,2022-09-04,18,KERCKHOF_7_B1,KERCKHOF_7_B1,KERCKHOF_7_B1,RTPD,LMP,LMP_PRC,KERCKHOF_7_B1,ALL,1,116.06536,1,171
2022-09-05T01:00:00-00:00,2022-09-05T01:15:00-00:00,2022-09-04,19,KERCKHOF_7_B1,KERCKHOF_7_B1,KERCKHOF_7_B1,RTPD,LMP,LMP_PRC,KERCKHOF_7_B1,ALL,1,139.09727,1,171
2022-09-05T02:00:00-00:00,2022-09-05T02:15:00-00:00,2022-09-04,20,KERCKHOF_7_B1,KERCKHOF_7_B1,KERCKHOF_7_B1,RTPD,LMP,LMP_PRC,KERCKHOF_7_B1,ALL,1,170.5117,1,171
2022-09-05T03:00:00-00:00,2022-09-05T03:15:00-00:00,2022-09-04,21,KERCKHOF_7_B1,KERCKHOF_7_B1,KERCKHOF_7_B1,RTPD,LMP,LMP_PRC,KERCKHOF_7_B1,ALL,1,1026.2106,1,171
2022-09-05T04:00:00-00:00,2022-09-05T04:15:00-00:00,2022-09-04,22,KERCKHOF_7_B1,KERCKHOF_7_B1,KERCKHOF_7_B1,RTPD,LMP,LMP_PRC,KERCKHOF_7_B1,ALL,1,162.67615,1,171
2022-09-05T05:00:00-00:00,2022-09-05T05:15:00-00:00,2022-09-04,23,KERCKHOF_7_B1,KERCKHOF_7_B1,KERCKHOF_7_B1,RTPD,LMP,LMP_PRC,KERCKHOF_7_B1,ALL,1,179.16405,1,171
2022-09-05T06:00:00-00:00,2022-09-05T06:15:00-00:00,2022-09-04,24,KERCKHOF_7_B1,KERCKHOF_7_B1,KERCKHOF_7_B1,RTPD,LMP,LMP_PRC,KERCKHOF_7_B1,ALL,1,158.40736,1,171
2022-09-04T07:15:00-00:00,2022-09-04T07:30:00-00:00,2022-09-04,01,KERCKHOF_7_B1,KERCKHOF_7_B1,KERCKHOF_7_B1,RTPD,LMP,LMP_PRC,KERCKHOF_7_B1,ALL,1,117.87677,2,171
2022-09-04T08:15:00-00:00,2022-09-04T08:30:00-00:00,2022-09-04,02,KERCKHOF_7_B1,KERCKHOF_7_B1,KERCKHOF_7_B1,RTPD,LMP,LMP_PRC,KERCKHOF_7_B1,ALL,1,128.87091,2,171
2022-09-04T09:15:00-00:00,2022-09-04T09:30:00-00:00,2022-09-04,03,KERCKHOF_7_B1,KERCKHOF_7_B1,KERCKHOF_7_B1,RTPD,LMP,LMP_PRC,KERCKHOF_7_B1,ALL,1,107.00459,2,171
2022-09-04T10:15:00-00:00,2022-09-04T10:30:00-00:00,2022-09-04,04,KERCKHOF_7_B1,KERCKHOF_7_B1,KERCKHOF_7_B1,RTPD,LMP,LMP_PRC,KERCKHOF_7_B1,ALL,1,118.23684,2,171
2022-09-04T11:15:00-00:00,2022-09-04T11:30:00-00:00,2022-09-04,05,KERCKHOF_7_B1,KERCKHOF_7_B1,KERCKHOF_7_B1,RTPD,LMP,LMP_PRC,KERCKHOF_7_B1,ALL,1,133.22615,2,171
2022-09-04T12:15:00-00:00,2022-09-04T12:30:00-00:00,2022-09-04,06,KERCKHOF_7_B1,KERCKHOF_7_B1,KERCKHOF_7_B1,RTPD,LMP,LMP_PRC,KERCKHOF_7_B1,ALL,1,84.20806,2,171
2022-09-04T13:15:00-00:00,2022-09-04T13:30:00-00:00,2022-09-04,07,KERCKHOF_7_B1,KERCKHOF_7_B1,KERCKHOF_7_B1,RTPD,LMP,LMP_PRC,KERCKHOF_7_B1,ALL,1,49.97225,2,171
2022-09-04T14:15:00-00:00,2022-09-04T14:30:00-00:00,2022-09-04,08,KERCKHOF_7_B1,KERCKHOF_7_B1,KERCKHOF_7_B1,RTPD,LMP,LMP_PRC,KERCKHOF_7_B1,ALL,1,76.57219,2,171
2022-09-04T15:15:00-00:00,2022-09-04T15:30:00-00:00,2022-09-04,09,KERCKHOF_7_B1,KERCKHOF_7_B1,KERCKHOF_7_B1,RTPD,LMP,LMP_PRC,KERCKHOF_7_B1,ALL,1,54.58524,2,171
2022-09-04T16:15:00-00:00,2022-09-04T16:30:00-00:00,2022-09-04,10,KERCKHOF_7_B1,KERCKHOF_7_B1,KERCKHOF_7_B1,RTPD,LMP,LMP_PRC,KERCKHOF_7_B1,ALL,1,2.85083,2,171
2022-09-04T17:15:00-00:00,2022-09-04T17:30:00-00:00,2022-09-04,11,KERCKHOF_7_B1,KERCKHOF_7_B1,KERCKHOF_7_B1,RTPD,LMP,LMP_PRC,KERCKHOF_7_B1,ALL,1,2.05477,2,171
2022-09-04T18:15:00-00:00,2022-09-04T18:30:00-00:00,2022-09-04,12,KERCKHOF_7_B1,KERCKHOF_7_B1,KERCKHOF_7_B1,RTPD,LMP,LMP_PRC,KERCKHOF_7_B1,ALL,1,8.67623,2,171
2022-09-04T19:15:00-00:00,2022-09-04T19:30:00-00:00,2022-09-04,13,KERCKHOF_7_B1,KERCKHOF_7_B1,KERCKHOF_7_B1,RTPD,LMP,LMP_PRC,KERCKHOF_7_B1,ALL,1,56.54575,2,171
2022-09-04T20:15:00-00:00,2022-09-04T20:30:00-00:00,2022-09-04,14,KERCKHOF_7_B1,KERCKHOF_7_B1,KERCKHOF_7_B1,RTPD,LMP,LMP_PRC,KERCKHOF_7_B1,ALL,1,74.0936,2,171
2022-09-04T21:15:00-00:00,2022-09-04T21:30:00-00:00,2022-09-04,15,KERCKHOF_7_B1,KERCKHOF_7_B1,KERCKHOF_7_B1,RTPD,LMP,LMP_PRC,KERCKHOF_7_B1,ALL,1,79.29155,2,171
2022-09-04T22:15:00-00:00,2022-09-04T22:30:00-00:00,2022-09-04,16,KERCKHOF_7_B1,KERCKHOF_7_B1,KERCKHOF_7_B1,RTPD,LMP,LMP_PRC,KERCKHOF_7_B1,ALL,1,89.0806,2,171
2022-09-04T23:15:00-00:00,2022-09-04T23:30:00-00:00,2022-09-04,17,KERCKHOF_7_B1,KERCKHOF_7_B1,KERCKHOF_7_B1,RTPD,LMP,LMP_PRC,KERCKHOF_7_B1,ALL,1,99.09684,2,171
2022-09-05T00:15:00-00:00,2022-09-05T00:30:00-00:00,2022-09-04,18,KERCKHOF_7_B1,KERCKHOF_7_B1,KERCKHOF_7_B1,RTPD,LMP,LMP_PRC,KERCKHOF_7_B1,ALL,1,120.28079,2,171
2022-09-05T01:15:00-00:00,2022-09-05T01:30:00-00:00,2022-09-04,19,KERCKHOF_7_B1,KERCKHOF_7_B1,KERCKHOF_7_B1,RTPD,LMP,LMP_PRC,KERCKHOF_7_B1,ALL,1,311.8674,2,171
2022-09-05T02:15:00-00:00,2022-09-05T02:30:00-00:00,2022-09-04,20,KERCKHOF_7_B1,KERCKHOF_7_B1,KERCKHOF_7_B1,RTPD,LMP,LMP_PRC,KERCKHOF_7_B1,ALL,1,190.00235,2,171
2022-09-05T03:15:00-00:00,2022-09-05T03:30:00-00:00,2022-09-04,21,KERCKHOF_7_B1,KERCKHOF_7_B1,KERCKHOF_7_B1,RTPD,LMP,LMP_PRC,KERCKHOF_7_B1,ALL,1,993.6762,2,171
2022-09-05T04:15:00-00:00,2022-09-05T04:30:00-00:00,2022-09-04,22,KERCKHOF_7_B1,KERCKHOF_7_B1,KERCKHOF_7_B1,RTPD,LMP,LMP_PRC,KERCKHOF_7_B1,ALL,1,156.74055,2,171
2022-09-05T05:15:00-00:00,2022-09-05T05:30:00-00:00,2022-09-04,23,KERCKHOF_7_B1,KERCKHOF_7_B1,KERCKHOF_7_B1,RTPD,LMP,LMP_PRC,KERCKHOF_7_B1,ALL,1,181.13048,2,171
2022-09-05T06:15:00-00:00,2022-09-05T06:30:00-00:00,2022-09-04,24,KERCKHOF_7_B1,KERCKHOF_7_B1,KERCKHOF_7_B1,RTPD,LMP,LMP_PRC,KERCKHOF_7_B1,ALL,1,144.25604,2,171
2022-09-04T07:30:00-00:00,2022-09-04T07:45:00-00:00,2022-09-04,01,KERCKHOF_7_B1,KERCKHOF_7_B1,KERCKHOF_7_B1,RTPD,LMP,LMP_PRC,KERCKHOF_7_B1,ALL,1,108.92004,3,171
2022-09-04T08:30:00-00:00,2022-09-04T08:45:00-00:00,2022-09-04,02,KERCKHOF_7_B1,KERCKHOF_7_B1,KERCKHOF_7_B1,RTPD,LMP,LMP_PRC,KERCKHOF_7_B1,ALL,1,129.96645,3,171
2022-09-04T09:30:00-00:00,2022-09-04T09:45:00-00:00,2022-09-04,03,KERCKHOF_7_B1,KERCKHOF_7_B1,KERCKHOF_7_B1,RTPD,LMP,LMP_PRC,KERCKHOF_7_B1,ALL,1,97.51953,3,171
2022-09-04T10:30:00-00:00,2022-09-04T10:45:00-00:00,2022-09-04,04,KERCKHOF_7_B1,KERCKHOF_7_B1,KERCKHOF_7_B1,RTPD,LMP,LMP_PRC,KERCKHOF_7_B1,ALL,1,127.26527,3,171
2022-09-04T11:30:00-00:00,2022-09-04T11:45:00-00:00,2022-09-04,05,KERCKHOF_7_B1,KERCKHOF_7_B1,KERCKHOF_7_B1,RTPD,LMP,LMP_PRC,KERCKHOF_7_B1,ALL,1,133.01964,3,171
2022-09-04T12:30:00-00:00,2022-09-04T12:45:00-00:00,2022-09-04,06,KERCKHOF_7_B1,KERCKHOF_7_B1,KERCKHOF_7_B1,RTPD,LMP,LMP_PRC,KERCKHOF_7_B1,ALL,1,83.21263,3,171
2022-09-04T13:30:00-00:00,2022-09-04T13:45:00-00:00,2022-09-04,07,KERCKHOF_7_B1,KERCKHOF_7_B1,KERCKHOF_7_B1,RTPD,LMP,LMP_PRC,KERCKHOF_7_B1,ALL,1,43.00457,3,171
2022-09-04T14:30:00-00:00,2022-09-04T14:45:00-00:00,2022-09-04,08,KERCKHOF_7_B1,KERCKHOF_7_B1,KERCKHOF_7_B1,RTPD,LMP,LMP_PRC,KERCKHOF_7_B1,ALL,1,75.90439,3,171
2022-09-04T15:30:00-00:00,2022-09-04T15:45:00-00:00,2022-09-04,09,KERCKHOF_7_B1,KERCKHOF_7_B1,KERCKHOF_7_B1,RTPD,LMP,LMP_PRC,KERCKHOF_7_B1,ALL,1,41.29767,3,171
2022-09-04T16:30:00-00:00,2022-09-04T16:45:00-00:00,2022-09-04,10,KERCKHOF_7_B1,KERCKHOF_7_B1,KERCKHOF_7_B1,RTPD,LMP,LMP_PRC,KERCKHOF_7_B1,ALL,1,4.67766,3,171
2022-09-04T17:30:00-00:00,2022-09-04T17:45:00-00:00,2022-09-04,11,KERCKHOF_7_B1,KERCKHOF_7_B1,KERCKHOF_7_B1,RTPD,LMP,LMP_PRC,KERCKHOF_7_B1,ALL,1,2.5417,3,171
2022-09-04T18:30:00-00:00,2022-09-04T18:45:00-00:00,2022-09-04,12,KERCKHOF_7_B1,KERCKHOF_7_B1,KERCKHOF_7_B1,RTPD,LMP,LMP_PRC,KERCKHOF_7_B1,ALL,1,58.1333,3,171
2022-09-04T19:30:00-00:00,2022-09-04T19:45:00-00:00,2022-09-04,13,KERCKHOF_7_B1,KERCKHOF_7_B1,KERCKHOF_7_B1,RTPD,LMP,LMP_PRC,KERCKHOF_7_B1,ALL,1,70.06907,3,171
2022-09-04T20:30:00-00:00,2022-09-04T20:45:00-00:00,2022-09-04,14,KERCKHOF_7_B1,KERCKHOF_7_B1,KERCKHOF_7_B1,RTPD,LMP,LMP_PRC,KERCKHOF_7_B1,ALL,1,71.76941,3,171
2022-09-04T21:30:00-00:00,2022-09-04T21:45:00-00:00,2022-09-04,15,KERCKHOF_7_B1,KERCKHOF_7_B1,KERCKHOF_7_B1,RTPD,LMP,LMP_PRC,KERCKHOF_7_B1,ALL,1,83.32545,3,171
2022-09-04T22:30:00-00:00,2022-09-04T22:45:00-00:00,2022-09-04,16,KERCKHOF_7_B1,KERCKHOF_7_B1,KERCKHOF_7_B1,RTPD,LMP,LMP_PRC,KERCKHOF_7_B1,ALL,1,99.60764,3,171
2022-09-04T23:30:00-00:00,2022-09-04T23:45:00-00:00,2022-09-04,17,KERCKHOF_7_B1,KERCKHOF_7_B1,KERCKHOF_7_B1,RTPD,LMP,LMP_PRC,KERCKHOF_7_B1,ALL,1,102.72728,3,171
2022-09-05T00:30:00-00:00,2022-09-05T00:45:00-00:00,2022-09-04,18,KERCKHOF_7_B1,KERCKHOF_7_B1,KERCKHOF_7_B1,RTPD,LMP,LMP_PRC,KERCKHOF_7_B1,ALL,1,124.7129,3,171
2022-09-05T01:30:00-00:00,2022-09-05T01:45:00-00:00,2022-09-04,19,KERCKHOF_7_B1,KERCKHOF_7_B1,KERCKHOF_7_B1,RTPD,LMP,LMP_PRC,KERCKHOF_7_B1,ALL,1,1394.217,3,171
2022-09-05T02:30:00-00:00,2022-09-05T02:45:00-00:00,2022-09-04,20,KERCKHOF_7_B1,KERCKHOF_7_B1,KERCKHOF_7_B1,RTPD,LMP,LMP_PRC,KERCKHOF_7_B1,ALL,1,151.05794,3,171
2022-09-05T03:30:00-00:00,2022-09-05T03:45:00-00:00,2022-09-04,21,KERCKHOF_7_B1,KERCKHOF_7_B1,KERCKHOF_7_B1,RTPD,LMP,LMP_PRC,KERCKHOF_7_B1,ALL,1,835.05084,3,171
2022-09-05T04:30:00-00:00,2022-09-05T04:45:00-00:00,2022-09-04,22,KERCKHOF_7_B1,KERCKHOF_7_B1,KERCKHOF_7_B1,RTPD,LMP,LMP_PRC,KERCKHOF_7_B1,ALL,1,157.07805,3,171
2022-09-05T05:30:00-00:00,2022-09-05T05:45:00-00:00,2022-09-04,23,KERCKHOF_7_B1,KERCKHOF_7_B1,KERCKHOF_7_B1,RTPD,LMP,LMP_PRC,KERCKHOF_7_B1,ALL,1,153.72672,3,171
2022-09-05T06:30:00-00:00,2022-09-05T06:45:00-00:00,2022-09-04,24,KERCKHOF_7_B1,KERCKHOF_7_B1,KERCKHOF_7_B1,RTPD,LMP,LMP_PRC,KERCKHOF_7_B1,ALL,1,107.99681,3,171
2022-09-04T07:45:00-00:00,2022-09-04T08:00:00-00:00,2022-09-04,01,KERCKHOF_7_B1,KERCKHOF_7_B1,KERCKHOF_7_B1,RTPD,LMP,LMP_PRC,KERCKHOF_7_B1,ALL,1,135.99977,4,171
2022-09-04T08:45:00-00:00,2022-09-04T09:00:00-00:00,2022-09-04,02,KERCKHOF_7_B1,KERCKHOF_7_B1,KERCKHOF_7_B1,RTPD,LMP,LMP_PRC,KERCKHOF_7_B1,ALL,1,133.78699,4,171
2022-09-04T09:45:00-00:00,2022-09-04T10:00:00-00:00,2022-09-04,03,KERCKHOF_7_B1,KERCKHOF_7_B1,KERCKHOF_7_B1,RTPD,LMP,LMP_PRC,KERCKHOF_7_B1,ALL,1,104.57959,4,171
2022-09-04T10:45:00-00:00,2022-09-04T11:00:00-00:00,2022-09-04,04,KERCKHOF_7_B1,KERCKHOF_7_B1,KERCKHOF_7_B1,RTPD,LMP,LMP_PRC,KERCKHOF_7_B1,ALL,1,98.99761,4,171
2022-09-04T11:45:00-00:00,2022-09-04T12:00:00-00:00,2022-09-04,05,KERCKHOF_7_B1,KERCKHOF_7_B1,KERCKHOF_7_B1,RTPD,LMP,LMP_PRC,KERCKHOF_7_B1,ALL,1,81.22082,4,171
2022-09-04T12:45:00-00:00,2022-09-04T13:00:00-00:00,2022-09-04,06,KERCKHOF_7_B1,KERCKHOF_7_B1,KERCKHOF_7_B1,RTPD,LMP,LMP_PRC,KERCKHOF_7_B1,ALL,1,79.57731,4,171
2022-09-04T13:45:00-00:00,2022-09-04T14:00:00-00:00,2022-09-04,07,KERCKHOF_7_B1,KERCKHOF_7_B1,KERCKHOF_7_B1,RTPD,LMP,LMP_PRC,KERCKHOF_7_B1,ALL,1,34.94735,4,171
2022-09-04T14:45:00-00:00,2022-09-04T15:00:00-00:00,2022-09-04,08,KERCKHOF_7_B1,KERCKHOF_7_B1,KERCKHOF_7_B1,RTPD,LMP,LMP_PRC,KERCKHOF_7_B1,ALL,1,38.17034,4,171
2022-09-04T15:45:00-00:00,2022-09-04T16:00:00-00:00,2022-09-04,09,KERCKHOF_7_B1,KERCKHOF_7_B1,KERCKHOF_7_B1,RTPD,LMP,LMP_PRC,KERCKHOF_7_B1,ALL,1,4.45957,4,171
2022-09-04T16:45:00-00:00,2022-09-04T17:00:00-00:00,2022-09-04,10,KERCKHOF_7_B1,KERCKHOF_7_B1,KERCKHOF_7_B1,RTPD,LMP,LMP_PRC,KERCKHOF_7_B1,ALL,1,1.24366,4,171
2022-09-04T17:45:00-00:00,2022-09-04T18:00:00-00:00,2022-09-04,11,KERCKHOF_7_B1,KERCKHOF_7_B1,KERCKHOF_7_B1,RTPD,LMP,LMP_PRC,KERCKHOF_7_B1,ALL,1,2.66034,4,171
2022-09-04T18:45:00-00:00,2022-09-04T19:00:00-00:00,2022-09-04,12,KERCKHOF_7_B1,KERCKHOF_7_B1,KERCKHOF_7_B1,RTPD,LMP,LMP_PRC,KERCKHOF_7_B1,ALL,1,68.84533,4,171
2022-09-04T19:45:00-00:00,2022-09-04T20:00:00-00:00,2022-09-04,13,KERCKHOF_7_B1,KERCKHOF_7_B1,KERCKHOF_7_B1,RTPD,LMP,LMP_PRC,KERCKHOF_7_B1,ALL,1,51.4657,4,171
2022-09-04T20:45:00-00:00,2022-09-04T21:00:00-00:00,2022-09-04,14,KERCKHOF_7_B1,KERCKHOF_7_B1,KERCKHOF_7_B1,RTPD,LMP,LMP_PRC,KERCKHOF_7_B1,ALL,1,81.71427,4,171
2022-09-04T21:45:00-00:00,2022-09-04T22:00:00-00:00,2022-09-04,15,KERCKHOF_7_B1,KERCKHOF_7_B1,KERCKHOF_7_B1,RTPD,LMP,LMP_PRC,KERCKHOF_7_B1,ALL,1,82.10485,4,171
2022-09-04T22:45:00-00:00,2022-09-04T23:00:00-00:00,2022-09-04,16,KERCKHOF_7_B1,KERCKHOF_7_B1,KERCKHOF_7_B1,RTPD,LMP,LMP_PRC,KERCKHOF_7_B1,ALL,1,122.26156,4,171
2022-09-04T23:45:00-00:00,2022-09-05T00:00:00-00:00,2022-09-04,17,KERCKHOF_7_B1,KERCKHOF_7_B1,KERCKHOF_7_B1,RTPD,LMP,LMP_PRC,KERCKHOF_7_B1,ALL,1,135.376,4,171
2022-09-05T00:45:00-00:00,2022-09-05T01:00:00-00:00,2022-09-04,18,KERCKHOF_7_B1,KERCKHOF_7_B1,KERCKHOF_7_B1,RTPD,LMP,LMP_PRC,KERCKHOF_7_B1,ALL,1,154.17883,4,171
2022-09-05T01:45:00-00:00,2022-09-05T02:00:00-00:00,2022-09-04,19,KERCKHOF_7_B1,KERCKHOF_7_B1,KERCKHOF_7_B1,RTPD,LMP,LMP_PRC,KERCKHOF_7_B1,ALL,1,1223.1982,4,171
2022-09-05T02:45:00-00:00,2022-09-05T03:00:00-00:00,2022-09-04,20,KERCKHOF_7_B1,KERCKHOF_7_B1,KERCKHOF_7_B1,RTPD,LMP,LMP_PRC,KERCKHOF_7_B1,ALL,1,134.49608,4,171
2022-09-05T03:45:00-00:00,2022-09-05T04:00:00-00:00,2022-09-04,21,KERCKHOF_7_B1,KERCKHOF_7_B1,KERCKHOF_7_B1,RTPD,LMP,LMP_PRC,KERCKHOF_7_B1,ALL,1,144.1972,4,171
2022-09-05T04:45:00-00:00,2022-09-05T05:00:00-00:00,2022-09-04,22,KERCKHOF_7_B1,KERCKHOF_7_B1,KERCKHOF_7_B1,RTPD,LMP,LMP_PRC,KERCKHOF_7_B1,ALL,1,154.26675,4,171
2022-09-05T05:45:00-00:00,2022-09-05T06:00:00-00:00,2022-09-04,23,KERCKHOF_7_B1,KERCKHOF_7_B1,KERCKHOF_7_B1,RTPD,LMP,LMP_PRC,KERCKHOF_7_B1,ALL,1,112.30901,4,171
2022-09-05T06:45:00-00:00,2022-09-05T07:00:00-00:00,2022-09-04,24,KERCKHOF_7_B1,KERCKHOF_7_B1,KERCKHOF_7_B1,RTPD,LMP,LMP_PRC,KERCKHOF_7_B1,ALL,1,95.6386,4,171
2022-09-04T07:00:00-00:00,2022-09-04T07:15:00-00:00,2022-09-04,01,KERCKHOF_7_B1,KERCKHOF_7_B1,KERCKHOF_7_B1,RTPD,MCC,LMP_CONG_PRC,KERCKHOF_7_B1,ALL,1,2.05577,1,172
2022-09-04T08:00:00-00:00,2022-09-04T08:15:00-00:00,2022-09-04,02,KERCKHOF_7_B1,KERCKHOF_7_B1,KERCKHOF_7_B1,RTPD,MCC,LMP_CONG_PRC,KERCKHOF_7_B1,ALL,1,11.23569,1,172
2022-09-04T09:00:00-00:00,2022-09-04T09:15:00-00:00,2022-09-04,03,KERCKHOF_7_B1,KERCKHOF_7_B1,KERCKHOF_7_B1,RTPD,MCC,LMP_CONG_PRC,KERCKHOF_7_B1,ALL,1,40.32826,1,172
2022-09-04T10:00:00-00:00,2022-09-04T10:15:00-00:00,2022-09-04,04,KERCKHOF_7_B1,KERCKHOF_7_B1,KERCKHOF_7_B1,RTPD,MCC,LMP_CONG_PRC,KERCKHOF_7_B1,ALL,1,18.5885,1,172
2022-09-04T11:00:00-00:00,2022-09-04T11:15:00-00:00,2022-09-04,05,KERCKHOF_7_B1,KERCKHOF_7_B1,KERCKHOF_7_B1,RTPD,MCC,LMP_CONG_PRC,KERCKHOF_7_B1,ALL,1,6.03972,1,172
2022-09-04T12:00:00-00:00,2022-09-04T12:15:00-00:00,2022-09-04,06,KERCKHOF_7_B1,KERCKHOF_7_B1,KERCKHOF_7_B1,RTPD,MCC,LMP_CONG_PRC,KERCKHOF_7_B1,ALL,1,-9.47733,1,172
2022-09-04T13:00:00-00:00,2022-09-04T13:15:00-00:00,2022-09-04,07,KERCKHOF_7_B1,KERCKHOF_7_B1,KERCKHOF_7_B1,RTPD,MCC,LMP_CONG_PRC,KERCKHOF_7_B1,ALL,1,-20.01074,1,172
2022-09-04T14:00:00-00:00,2022-09-04T14:15:00-00:00,2022-09-04,08,KERCKHOF_7_B1,KERCKHOF_7_B1,KERCKHOF_7_B1,RTPD,MCC,LMP_CONG_PRC,KERCKHOF_7_B1,ALL,1,-10.31588,1,172
2022-09-04T15:00:00-00:00,2022-09-04T15:15:00-00:00,2022-09-04,09,KERCKHOF_7_B1,KERCKHOF_7_B1,KERCKHOF_7_B1,RTPD,MCC,LMP_CONG_PRC,KERCKHOF_7_B1,ALL,1,-8.94581,1,172
2022-09-04T16:00:00-00:00,2022-09-04T16:15:00-00:00,2022-09-04,10,KERCKHOF_7_B1,KERCKHOF_7_B1,KERCKHOF_7_B1,RTPD,MCC,LMP_CONG_PRC,KERCKHOF_7_B1,ALL,1,-51.41915,1,172
2022-09-04T17:00:00-00:00,2022-09-04T17:15:00-00:00,2022-09-04,11,KERCKHOF_7_B1,KERCKHOF_7_B1,KERCKHOF_7_B1,RTPD,MCC,LMP_CONG_PRC,KERCKHOF_7_B1,ALL,1,-62.49721,1,172
2022-09-04T18:00:00-00:00,2022-09-04T18:15:00-00:00,2022-09-04,12,KERCKHOF_7_B1,KERCKHOF_7_B1,KERCKHOF_7_B1,RTPD,MCC,LMP_CONG_PRC,KERCKHOF_7_B1,ALL,1,-63.45777,1,172
2022-09-04T19:00:00-00:00,2022-09-04T19:15:00-00:00,2022-09-04,13,KERCKHOF_7_B1,KERCKHOF_7_B1,KERCKHOF_7_B1,RTPD,MCC,LMP_CONG_PRC,KERCKHOF_7_B1,ALL,1,-46.95076,1,172
2022-09-04T20:00:00-00:00,2022-09-04T20:15:00-00:00,2022-09-04,14,KERCKHOF_7_B1,KERCKHOF_7_B1,KERCKHOF_7_B1,RTPD,MCC,LMP_CONG_PRC,KERCKHOF_7_B1,ALL,1,-17.80069,1,172
2022-09-04T21:00:00-00:00,2022-09-04T21:15:00-00:00,2022-09-04,15,KERCKHOF_7_B1,KERCKHOF_7_B1,KERCKHOF_7_B1,RTPD,MCC,LMP_CONG_PRC,KERCKHOF_7_B1,ALL,1,-30.15831,1,172
2022-09-04T22:00:00-00:00,2022-09-04T22:15:00-00:00,2022-09-04,16,KERCKHOF_7_B1,KERCKHOF_7_B1,KERCKHOF_7_B1,RTPD,MCC,LMP_CONG_PRC,KERCKHOF_7_B1,ALL,1,-23.99555,1,172
2022-09-04T23:00:00-00:00,2022-09-04T23:15:00-00:00,2022-09-04,17,KERCKHOF_7_B1,KERCKHOF_7_B1,KERCKHOF_7_B1,RTPD,MCC,LMP_CONG_PRC,KERCKHOF_7_B1,ALL,1,-19.69987,1,172
2022-09-05T00:00:00-00:00,2022-09-05T00:15:00-00:00,2022-09-04,18,KERCKHOF_7_B1,KERCKHOF_7_B1,KERCKHOF_7_B1,RTPD,MCC,LMP_CONG_PRC,KERCKHOF_7_B1,ALL,1,-3.92461,1,172
2022-09-05T01:00:00-00:00,2022-09-05T01:15:00-00:00,2022-09-04,19,KERCKHOF_7_B1,KERCKHOF_7_B1,KERCKHOF_7_B1,RTPD,MCC,LMP_CONG_PRC,KERCKHOF_7_B1,ALL,1,-37.97852,1,172
2022-09-05T02:00:00-00:00,2022-09-05T02:15:00-00:00,2022-09-04,20,KERCKHOF_7_B1,KERCKHOF_7_B1,KERCKHOF_7_B1,RTPD,MCC,LMP_CONG_PRC,KERCKHOF_7_B1,ALL,1,24.71034,1,172
2022-09-05T03:00:00-00:00,2022-09-05T03:15:00-00:00,2022-09-04,21,KERCKHOF_7_B1,KERCKHOF_7_B1,KERCKHOF_7_B1,RTPD,MCC,LMP_CONG_PRC,KERCKHOF_7_B1,ALL,1,856.48773,1,172
2022-09-05T04:00:00-00:00,2022-09-05T04:15:00-00:00,2022-09-04,22,KERCKHOF_7_B1,KERCKHOF_7_B1,KERCKHOF_7_B1,RTPD,MCC,LMP_CONG_PRC,KERCKHOF_7_B1,ALL,1,20.25599,1,172
2022-09-05T05:00:00-00:00,2022-09-05T05:15:00-00:00,2022-09-04,23,KERCKHOF_7_B1,KERCKHOF_7_B1,KERCKHOF_7_B1,RTPD,MCC,LMP_CONG_PRC,KERCKHOF_7_B1,ALL,1,22.6068,1,172
2022-09-05T06:00:00-00:00,2022-09-05T06:15:00-00:00,2022-09-04,24,KERCKHOF_7_B1,KERCKHOF_7_B1,KERCKHOF_7_B1,RTPD,MCC,LMP_CONG_PRC,KERCKHOF_7_B1,ALL,1,13.08386,1,172
2022-09-04T07:15:00-00:00,2022-09-04T07:30:00-00:00,2022-09-04,01,KERCKHOF_7_B1,KERCKHOF_7_B1,KERCKHOF_7_B1,RTPD,MCC,LMP_CONG_PRC,KERCKHOF_7_B1,ALL,1,7.27515,2,172
2022-09-04T08:15:00-00:00,2022-09-04T08:30:00-00:00,2022-09-04,02,KERCKHOF_7_B1,KERCKHOF_7_B1,KERCKHOF_7_B1,RTPD,MCC,LMP_CONG_PRC,KERCKHOF_7_B1,ALL,1,32.43741,2,172
2022-09-04T09:15:00-00:00,2022-09-04T09:30:00-00:00,2022-09-04,03,KERCKHOF_7_B1,KERCKHOF_7_B1,KERCKHOF_7_B1,RTPD,MCC,LMP_CONG_PRC,KERCKHOF_7_B1,ALL,1,21.67214,2,172
2022-09-04T10:15:00-00:00,2022-09-04T10:30:00-00:00,2022-09-04,04,KERCKHOF_7_B1,KERCKHOF_7_B1,KERCKHOF_7_B1,RTPD,MCC,LMP_CONG_PRC,KERCKHOF_7_B1,ALL,1,20.65974,2,172
2022-09-04T11:15:00-00:00,2022-09-04T11:30:00-00:00,2022-09-04,05,KERCKHOF_7_B1,KERCKHOF_7_B1,KERCKHOF_7_B1,RTPD,MCC,LMP_CONG_PRC,KERCKHOF_7_B1,ALL,1,40.67454,2,172
2022-09-04T12:15:00-00:00,2022-09-04T12:30:00-00:00,2022-09-04,06,KERCKHOF_7_B1,KERCKHOF_7_B1,KERCKHOF_7_B1,RTPD,MCC,LMP_CONG_PRC,KERCKHOF_7_B1,ALL,1,-9.42778,2,172
2022-09-04T13:15:00-00:00,2022-09-04T13:30:00-00:00,2022-09-04,07,KERCKHOF_7_B1,KERCKHOF_7_B1,KERCKHOF_7_B1,RTPD,MCC,LMP_CONG_PRC,KERCKHOF_7_B1,ALL,1,-29.57464,2,172
2022-09-04T14:15:00-00:00,2022-09-04T14:30:00-00:00,2022-09-04,08,KERCKHOF_7_B1,KERCKHOF_7_B1,KERCKHOF_7_B1,RTPD,MCC,LMP_CONG_PRC,KERCKHOF_7_B1,ALL,1,-10.36575,2,172
2022-09-04T15:15:00-00:00,2022-09-04T15:30:00-00:00,2022-09-04,09,KERCKHOF_7_B1,KERCKHOF_7_B1,KERCKHOF_7_B1,RTPD,MCC,LMP_CONG_PRC,KERCKHOF_7_B1,ALL,1,-19.10624,2,172
2022-09-04T16:15:00-00:00,2022-09-04T16:30:00-00:00,2022-09-04,10,KERCKHOF_7_B1,KERCKHOF_7_B1,KERCKHOF_7_B1,RTPD,MCC,LMP_CONG_PRC,KERCKHOF_7_B1,ALL,1,-53.16677,2,172
2022-09-04T17:15:00-00:00,2022-09-04T17:30:00-00:00,2022-09-04,11,KERCKHOF_7_B1,KERCKHOF_7_B1,KERCKHOF_7_B1,RTPD,MCC,LMP_CONG_PRC,KERCKHOF_7_B1,ALL,1,-71.74091,2,172
2022-09-04T18:15:00-00:00,2022-09-04T18:30:00-00:00,2022-09-04,12,KERCKHOF_7_B1,KERCKHOF_7_B1,KERCKHOF_7_B1,RTPD,MCC,LMP_CONG_PRC,KERCKHOF_7_B1,ALL,1,-68.61512,2,172
2022-09-04T19:15:00-00:00,2022-09-04T19:30:00-00:00,2022-09-04,13,KERCKHOF_7_B1,KERCKHOF_7_B1,KERCKHOF_7_B1,RTPD,MCC,LMP_CONG_PRC,KERCKHOF_7_B1,ALL,1,-33.93611,2,172
2022-09-04T20:15:00-00:00,2022-09-04T20:30:00-00:00,2022-09-04,14,KERCKHOF_7_B1,KERCKHOF_7_B1,KERCKHOF_7_B1,RTPD,MCC,LMP_CONG_PRC,KERCKHOF_7_B1,ALL,1,-19.62636,2,172
2022-09-04T21:15:00-00:00,2022-09-04T21:30:00-00:00,2022-09-04,15,KERCKHOF_7_B1,KERCKHOF_7_B1,KERCKHOF_7_B1,RTPD,MCC,LMP_CONG_PRC,KERCKHOF_7_B1,ALL,1,-35.2479,2,172
2022-09-04T22:15:00-00:00,2022-09-04T22:30:00-00:00,2022-09-04,16,KERCKHOF_7_B1,KERCKHOF_7_B1,KERCKHOF_7_B1,RTPD,MCC,LMP_CONG_PRC,KERCKHOF_7_B1,ALL,1,-20.56377,2,172
2022-09-04T23:15:00-00:00,2022-09-04T23:30:00-00:00,2022-09-04,17,KERCKHOF_7_B1,KERCKHOF_7_B1,KERCKHOF_7_B1,RTPD,MCC,LMP_CONG_PRC,KERCKHOF_7_B1,ALL,1,-7.54713,2,172
2022-09-05T00:15:00-00:00,2022-09-05T00:30:00-00:00,2022-09-04,18,KERCKHOF_7_B1,KERCKHOF_7_B1,KERCKHOF_7_B1,RTPD,MCC,LMP_CONG_PRC,KERCKHOF_7_B1,ALL,1,-83.36562,2,172
2022-09-05T01:15:00-00:00,2022-09-05T01:30:00-00:00,2022-09-04,19,KERCKHOF_7_B1,KERCKHOF_7_B1,KERCKHOF_7_B1,RTPD,MCC,LMP_CONG_PRC,KERCKHOF_7_B1,ALL,1,-0.15473,2,172
2022-09-05T02:15:00-00:00,2022-09-05T02:30:00-00:00,2022-09-04,20,KERCKHOF_7_B1,KERCKHOF_7_B1,KERCKHOF_7_B1,RTPD,MCC,LMP_CONG_PRC,KERCKHOF_7_B1,ALL,1,38.06385,2,172
2022-09-05T03:15:00-00:00,2022-09-05T03:30:00-00:00,2022-09-04,21,KERCKHOF_7_B1,KERCKHOF_7_B1,KERCKHOF_7_B1,RTPD,MCC,LMP_CONG_PRC,KERCKHOF_7_B1,ALL,1,839.8884,2,172
2022-09-05T04:15:00-00:00,2022-09-05T04:30:00-00:00,2022-09-04,22,KERCKHOF_7_B1,KERCKHOF_7_B1,KERCKHOF_7_B1,RTPD,MCC,LMP_CONG_PRC,KERCKHOF_7_B1,ALL,1,16.50276,2,172
2022-09-05T05:15:00-00:00,2022-09-05T05:30:00-00:00,2022-09-04,23,KERCKHOF_7_B1,KERCKHOF_7_B1,KERCKHOF_7_B1,RTPD,MCC,LMP_CONG_PRC,KERCKHOF_7_B1,ALL,1,22.96694,2,172
2022-09-05T06:15:00-00:00,2022-09-05T06:30:00-00:00,2022-09-04,24,KERCKHOF_7_B1,KERCKHOF_7_B1,KERCKHOF_7_B1,RTPD,MCC,LMP_CONG_PRC,KERCKHOF_7_B1,ALL,1,12.65226,2,172
2022-09-04T07:30:00-00:00,2022-09-04T07:45:00-00:00,2022-09-04,01,KERCKHOF_7_B1,KERCKHOF_7_B1,KERCKHOF_7_B1,RTPD,MCC,LMP_CONG_PRC,KERCKHOF_7_B1,ALL,1,3.59677,3,172
2022-09-04T08:30:00-00:00,2022-09-04T08:45:00-00:00,2022-09-04,02,KERCKHOF_7_B1,KERCKHOF_7_B1,KERCKHOF_7_B1,RTPD,MCC,LMP_CONG_PRC,KERCKHOF_7_B1,ALL,1,40.65116,3,172
2022-09-04T09:30:00-00:00,2022-09-04T09:45:00-00:00,2022-09-04,03,KERCKHOF_7_B1,KERCKHOF_7_B1,KERCKHOF_7_B1,RTPD,MCC,LMP_CONG_PRC,KERCKHOF_7_B1,ALL,1,14.74974,3,172
2022-09-04T10:30:00-00:00,2022-09-04T10:45:00-00:00,2022-09-04,04,KERCKHOF_7_B1,KERCKHOF_7_B1,KERCKHOF_7_B1,RTPD,MCC,LMP_CONG_PRC,KERCKHOF_7_B1,ALL,1,30.63558,3,172
2022-09-04T11:30:00-00:00,2022-09-04T11:45:00-00:00,2022-09-04,05,KERCKHOF_7_B1,KERCKHOF_7_B1,KERCKHOF_7_B1,RTPD,MCC,LMP_CONG_PRC,KERCKHOF_7_B1,ALL,1,41.09608,3,172
2022-09-04T12:30:00-00:00,2022-09-04T12:45:00-00:00,2022-09-04,06,KERCKHOF_7_B1,KERCKHOF_7_B1,KERCKHOF_7_B1,RTPD,MCC,LMP_CONG_PRC,KERCKHOF_7_B1,ALL,1,-10.30898,3,172
2022-09-04T13:30:00-00:00,2022-09-04T13:45:00-00:00,2022-09-04,07,KERCKHOF_7_B1,KERCKHOF_7_B1,KERCKHOF_7_B1,RTPD,MCC,LMP_CONG_PRC,KERCKHOF_7_B1,ALL,1,-35.25595,3,172
2022-09-04T14:30:00-00:00,2022-09-04T14:45:00-00:00,2022-09-04,08,KERCKHOF_7_B1,KERCKHOF_7_B1,KERCKHOF_7_B1,RTPD,MCC,LMP_CONG_PRC,KERCKHOF_7_B1,ALL,1,-8.50651,3,172
2022-09-04T15:30:00-00:00,2022-09-04T15:45:00-00:00,2022-09-04,09,KERCKHOF_7_B1,KERCKHOF_7_B1,KERCKHOF_7_B1,RTPD,MCC,LMP_CONG_PRC,KERCKHOF_7_B1,ALL,1,-22.69619,3,172
2022-09-04T16:30:00-00:00,2022-09-04T16:45:00-00:00,2022-09-04,10,KERCKHOF_7_B1,KERCKHOF_7_B1,KERCKHOF_7_B1,RTPD,MCC,LMP_CONG_PRC,KERCKHOF_7_B1,ALL,1,-54.12695,3,172
2022-09-04T17:30:00-00:00,2022-09-04T17:45:00-00:00,2022-09-04,11,KERCKHOF_7_B1,KERCKHOF_7_B1,KERCKHOF_7_B1,RTPD,MCC,LMP_CONG_PRC,KERCKHOF_7_B1,ALL,1,-72.15237,3,172
2022-09-04T18:30:00-00:00,2022-09-04T18:45:00-00:00,2022-09-04,12,KERCKHOF_7_B1,KERCKHOF_7_B1,KERCKHOF_7_B1,RTPD,MCC,LMP_CONG_PRC,KERCKHOF_7_B1,ALL,1,-32.60756,3,172
2022-09-04T19:30:00-00:00,2022-09-04T19:45:00-00:00,2022-09-04,13,KERCKHOF_7_B1,KERCKHOF_7_B1,KERCKHOF_7_B1,RTPD,MCC,LMP_CONG_PRC,KERCKHOF_7_B1,ALL,1,-37.46701,3,172
2022-09-04T20:30:00-00:00,2022-09-04T20:45:00-00:00,2022-09-04,14,KERCKHOF_7_B1,KERCKHOF_7_B1,KERCKHOF_7_B1,RTPD,MCC,LMP_CONG_PRC,KERCKHOF_7_B1,ALL,1,-39.85688,3,172
2022-09-04T21:30:00-00:00,2022-09-04T21:45:00-00:00,2022-09-04,15,KERCKHOF_7_B1,KERCKHOF_7_B1,KERCKHOF_7_B1,RTPD,MCC,LMP_CONG_PRC,KERCKHOF_7_B1,ALL,1,-27.22195,3,172
2022-09-04T22:30:00-00:00,2022-09-04T22:45:00-00:00,2022-09-04,16,KERCKHOF_7_B1,KERCKHOF_7_B1,KERCKHOF_7_B1,RTPD,MCC,LMP_CONG_PRC,KERCKHOF_7_B1,ALL,1,-18.91291,3,172
2022-09-04T23:30:00-00:00,2022-09-04T23:45:00-00:00,2022-09-04,17,KERCKHOF_7_B1,KERCKHOF_7_B1,KERCKHOF_7_B1,RTPD,MCC,LMP_CONG_PRC,KERCKHOF_7_B1,ALL,1,-10.51184,3,172
2022-09-05T00:30:00-00:00,2022-09-05T00:45:00-00:00,2022-09-04,18,KERCKHOF_7_B1,KERCKHOF_7_B1,KERCKHOF_7_B1,RTPD,MCC,LMP_CONG_PRC,KERCKHOF_7_B1,ALL,1,-36.00761,3,172
2022-09-05T01:30:00-00:00,2022-09-05T01:45:00-00:00,2022-09-04,19,KERCKHOF_7_B1,KERCKHOF_7_B1,KERCKHOF_7_B1,RTPD,MCC,LMP_CONG_PRC,KERCKHOF_7_B1,ALL,1,397.32785,3,172
2022-09-05T02:30:00-00:00,2022-09-05T02:45:00-00:00,2022-09-04,20,KERCKHOF_7_B1,KERCKHOF_7_B1,KERCKHOF_7_B1,RTPD,MCC,LMP_CONG_PRC,KERCKHOF_7_B1,ALL,1,14.78609,3,172
2022-09-05T03:30:00-00:00,2022-09-05T03:45:00-00:00,2022-09-04,21,KERCKHOF_7_B1,KERCKHOF_7_B1,KERCKHOF_7_B1,RTPD,MCC,LMP_CONG_PRC,KERCKHOF_7_B1,ALL,1,688.5175,3,172
2022-09-05T04:30:00-00:00,2022-09-05T04:45:00-00:00,2022-09-04,22,KERCKHOF_7_B1,KERCKHOF_7_B1,KERCKHOF_7_B1,RTPD,MCC,LMP_CONG_PRC,KERCKHOF_7_B1,ALL,1,18.2857,3,172
2022-09-05T05:30:00-00:00,2022-09-05T05:45:00-00:00,2022-09-04,23,KERCKHOF_7_B1,KERCKHOF_7_B1,KERCKHOF_7_B1,RTPD,MCC,LMP_CONG_PRC,KERCKHOF_7_B1,ALL,1,15.32059,3,172
2022-09-05T06:30:00-00:00,2022-09-05T06:45:00-00:00,2022-09-04,24,KERCKHOF_7_B1,KERCKHOF_7_B1,KERCKHOF_7_B1,RTPD,MCC,LMP_CONG_PRC,KERCKHOF_7_B1,ALL,1,4.09743,3,172
2022-09-04T07:45:00-00:00,2022-09-04T08:00:00-00:00,2022-09-04,01,KERCKHOF_7_B1,KERCKHOF_7_B1,KERCKHOF_7_B1,RTPD,MCC,LMP_CONG_PRC,KERCKHOF_7_B1,ALL,1,51.37909,4,172
2022-09-04T08:45:00-00:00,2022-09-04T09:00:00-00:00,2022-09-04,02,KERCKHOF_7_B1,KERCKHOF_7_B1,KERCKHOF_7_B1,RTPD,MCC,LMP_CONG_PRC,KERCKHOF_7_B1,ALL,1,41.28787,4,172
2022-09-04T09:45:00-00:00,2022-09-04T10:00:00-00:00,2022-09-04,03,KERCKHOF_7_B1,KERCKHOF_7_B1,KERCKHOF_7_B1,RTPD,MCC,LMP_CONG_PRC,KERCKHOF_7_B1,ALL,1,15.84578,4,172
2022-09-04T10:45:00-00:00,2022-09-04T11:00:00-00:00,2022-09-04,04,KERCKHOF_7_B1,KERCKHOF_7_B1,KERCKHOF_7_B1,RTPD,MCC,LMP_CONG_PRC,KERCKHOF_7_B1,ALL,1,8.44512,4,172
2022-09-04T11:45:00-00:00,2022-09-04T12:00:00-00:00,2022-09-04,05,KERCKHOF_7_B1,KERCKHOF_7_B1,KERCKHOF_7_B1,RTPD,MCC,LMP_CONG_PRC,KERCKHOF_7_B1,ALL,1,-8.15872,4,172
2022-09-04T12:45:00-00:00,2022-09-04T13:00:00-00:00,2022-09-04,06,KERCKHOF_7_B1,KERCKHOF_7_B1,KERCKHOF_7_B1,RTPD,MCC,LMP_CONG_PRC,KERCKHOF_7_B1,ALL,1,-11.52432,4,172
2022-09-04T13:45:00-00:00,2022-09-04T14:00:00-00:00,2022-09-04,07,KERCKHOF_7_B1,KERCKHOF_7_B1,KERCKHOF_7_B1,RTPD,MCC,LMP_CONG_PRC,KERCKHOF_7_B1,ALL,1,-32.70785,4,172
2022-09-04T14:45:00-00:00,2022-09-04T15:00:00-00:00,2022-09-04,08,KERCKHOF_7_B1,KERCKHOF_7_B1,KERCKHOF_7_B1,RTPD,MCC,LMP_CONG_PRC,KERCKHOF_7_B1,ALL,1,-21.15715,4,172
2022-09-04T15:45:00-00:00,2022-09-04T16:00:00-00:00,2022-09-04,09,KERCKHOF_7_B1,KERCKHOF_7_B1,KERCKHOF_7_B1,RTPD,MCC,LMP_CONG_PRC,KERCKHOF_7_B1,ALL,1,-40.91558,4,172
2022-09-04T16:45:00-00:00,2022-09-04T17:00:00-00:00,2022-09-04,10,KERCKHOF_7_B1,KERCKHOF_7_B1,KERCKHOF_7_B1,RTPD,MCC,LMP_CONG_PRC,KERCKHOF_7_B1,ALL,1,-58.55226,4,172
2022-09-04T17:45:00-00:00,2022-09-04T18:00:00-00:00,2022-09-04,11,KERCKHOF_7_B1,KERCKHOF_7_B1,KERCKHOF_7_B1,RTPD,MCC,LMP_CONG_PRC,KERCKHOF_7_B1,ALL,1,-82.48192,4,172
2022-09-04T18:45:00-00:00,2022-09-04T19:00:00-00:00,2022-09-04,12,KERCKHOF_7_B1,KERCKHOF_7_B1,KERCKHOF_7_B1,RTPD,MCC,LMP_CONG_PRC,KERCKHOF_7_B1,ALL,1,-27.72703,4,172
2022-09-04T19:45:00-00:00,2022-09-04T20:00:00-00:00,2022-09-04,13,KERCKHOF_7_B1,KERCKHOF_7_B1,KERCKHOF_7_B1,RTPD,MCC,LMP_CONG_PRC,KERCKHOF_7_B1,ALL,1,-53.20311,4,172
2022-09-04T20:45:00-00:00,2022-09-04T21:00:00-00:00,2022-09-04,14,KERCKHOF_7_B1,KERCKHOF_7_B1,KERCKHOF_7_B1,RTPD,MCC,LMP_CONG_PRC,KERCKHOF_7_B1,ALL,1,-33.15561,4,172
2022-09-04T21:45:00-00:00,2022-09-04T22:00:00-00:00,2022-09-04,15,KERCKHOF_7_B1,KERCKHOF_7_B1,KERCKHOF_7_B1,RTPD,MCC,LMP_CONG_PRC,KERCKHOF_7_B1,ALL,1,-61.24881,4,172
2022-09-04T22:45:00-00:00,2022-09-04T23:00:00-00:00,2022-09-04,16,KERCKHOF_7_B1,KERCKHOF_7_B1,KERCKHOF_7_B1,RTPD,MCC,LMP_CONG_PRC,KERCKHOF_7_B1,ALL,1,-21.44522,4,172
2022-09-04T23:45:00-00:00,2022-09-05T00:00:00-00:00,2022-09-04,17,KERCKHOF_7_B1,KERCKHOF_7_B1,KERCKHOF_7_B1,RTPD,MCC,LMP_CONG_PRC,KERCKHOF_7_B1,ALL,1,-38.54834,4,172
2022-09-05T00:45:00-00:00,2022-09-05T01:00:00-00:00,2022-09-04,18,KERCKHOF_7_B1,KERCKHOF_7_B1,KERCKHOF_7_B1,RTPD,MCC,LMP_CONG_PRC,KERCKHOF_7_B1,ALL,1,-188.46692,4,172
2022-09-05T01:45:00-00:00,2022-09-05T02:00:00-00:00,2022-09-04,19,KERCKHOF_7_B1,KERCKHOF_7_B1,KERCKHOF_7_B1,RTPD,MCC,LMP_CONG_PRC,KERCKHOF_7_B1,ALL,1,344.74286,4,172
2022-09-05T02:45:00-00:00,2022-09-05T03:00:00-00:00,2022-09-04,20,KERCKHOF_7_B1,KERCKHOF_7_B1,KERCKHOF_7_B1,RTPD,MCC,LMP_CONG_PRC,KERCKHOF_7_B1,ALL,1,11.05622,4,172
2022-09-05T03:45:00-00:00,2022-09-05T04:00:00-00:00,2022-09-04,21,KERCKHOF_7_B1,KERCKHOF_7_B1,KERCKHOF_7_B1,RTPD,MCC,LMP_CONG_PRC,KERCKHOF_7_B1,ALL,1,16.44315,4,172
2022-09-05T04:45:00-00:00,2022-09-05T05:00:00-00:00,2022-09-04,22,KERCKHOF_7_B1,KERCKHOF_7_B1,KERCKHOF_7_B1,RTPD,MCC,LMP_CONG_PRC,KERCKHOF_7_B1,ALL,1,28.64126,4,172
2022-09-05T05:45:00-00:00,2022-09-05T06:00:00-00:00,2022-09-04,23,KERCKHOF_7_B1,KERCKHOF_7_B1,KERCKHOF_7_B1,RTPD,MCC,LMP_CONG_PRC,KERCKHOF_7_B1,ALL,1,7.06144,4,172
2022-09-05T06:45:00-00:00,2022-09-05T07:00:00-00:00,2022-09-04,24,KERCKHOF_7_B1,KERCKHOF_7_B1,KERCKHOF_7_B1,RTPD,MCC,LMP_CONG_PRC,KERCKHOF_7_B1,ALL,1,0.27383,4,172
2022-09-04T07:00:00-00:00,2022-09-04T07:15:00-00:00,2022-09-04,01,KERCKHOF_7_B1,KERCKHOF_7_B1,KERCKHOF_7_B1,RTPD,MCE,LMP_ENE_PRC,KERCKHOF_7_B1,ALL,1,105.77126,1,173
2022-09-04T08:00:00-00:00,2022-09-04T08:15:00-00:00,2022-09-04,02,KERCKHOF_7_B1,KERCKHOF_7_B1,KERCKHOF_7_B1,RTPD,MCE,LMP_ENE_PRC,KERCKHOF_7_B1,ALL,1,97.44538,1,173
2022-09-04T09:00:00-00:00,2022-09-04T09:15:00-00:00,2022-09-04,03,KERCKHOF_7_B1,KERCKHOF_7_B1,KERCKHOF_7_B1,RTPD,MCE,LMP_ENE_PRC,KERCKHOF_7_B1,ALL,1,87.9271,1,173
2022-09-04T10:00:00-00:00,2022-09-04T10:15:00-00:00,2022-09-04,04,KERCKHOF_7_B1,KERCKHOF_7_B1,KERCKHOF_7_B1,RTPD,MCE,LMP_ENE_PRC,KERCKHOF_7_B1,ALL,1,88.48894,1,173
2022-09-04T11:00:00-00:00,2022-09-04T11:15:00-00:00,2022-09-04,05,KERCKHOF_7_B1,KERCKHOF_7_B1,KERCKHOF_7_B1,RTPD,MCE,LMP_ENE_PRC,KERCKHOF_7_B1,ALL,1,82.79075,1,173
2022-09-04T12:00:00-00:00,2022-09-04T12:15:00-00:00,2022-09-04,06,KERCKHOF_7_B1,KERCKHOF_7_B1,KERCKHOF_7_B1,RTPD,MCE,LMP_ENE_PRC,KERCKHOF_7_B1,ALL,1,83.24035,1,173
2022-09-04T13:00:00-00:00,2022-09-04T13:15:00-00:00,2022-09-04,07,KERCKHOF_7_B1,KERCKHOF_7_B1,KERCKHOF_7_B1,RTPD,MCE,LMP_ENE_PRC,KERCKHOF_7_B1,ALL,1,75.91539,1,173
2022-09-04T14:00:00-00:00,2022-09-04T14:15:00-00:00,2022-09-04,08,KERCKHOF_7_B1,KERCKHOF_7_B1,KERCKHOF_7_B1,RTPD,MCE,LMP_ENE_PRC,KERCKHOF_7_B1,ALL,1,82.51639,1,173
2022-09-04T15:00:00-00:00,2022-09-04T15:15:00-00:00,2022-09-04,09,KERCKHOF_7_B1,KERCKHOF_7_B1,KERCKHOF_7_B1,RTPD,MCE,LMP_ENE_PRC,KERCKHOF_7_B1,ALL,1,74.24878,1,173
2022-09-04T16:00:00-00:00,2022-09-04T16:15:00-00:00,2022-09-04,10,KERCKHOF_7_B1,KERCKHOF_7_B1,KERCKHOF_7_B1,RTPD,MCE,LMP_ENE_PRC,KERCKHOF_7_B1,ALL,1,50.67669,1,173
2022-09-04T17:00:00-00:00,2022-09-04T17:15:00-00:00,2022-09-04,11,KERCKHOF_7_B1,KERCKHOF_7_B1,KERCKHOF_7_B1,RTPD,MCE,LMP_ENE_PRC,KERCKHOF_7_B1,ALL,1,59.2544,1,173
2022-09-04T18:00:00-00:00,2022-09-04T18:15:00-00:00,2022-09-04,12,KERCKHOF_7_B1,KERCKHOF_7_B1,KERCKHOF_7_B1,RTPD,MCE,LMP_ENE_PRC,KERCKHOF_7_B1,ALL,1,65.61656,1,173
2022-09-04T19:00:00-00:00,2022-09-04T19:15:00-00:00,2022-09-04,13,KERCKHOF_7_B1,KERCKHOF_7_B1,KERCKHOF_7_B1,RTPD,MCE,LMP_ENE_PRC,KERCKHOF_7_B1,ALL,1,76.33065,1,173
2022-09-04T20:00:00-00:00,2022-09-04T20:15:00-00:00,2022-09-04,14,KERCKHOF_7_B1,KERCKHOF_7_B1,KERCKHOF_7_B1,RTPD,MCE,LMP_ENE_PRC,KERCKHOF_7_B1,ALL,1,87.37588,1,173
2022-09-04T21:00:00-00:00,2022-09-04T21:15:00-00:00,2022-09-04,15,KERCKHOF_7_B1,KERCKHOF_7_B1,KERCKHOF_7_B1,RTPD,MCE,LMP_ENE_PRC,KERCKHOF_7_B1,ALL,1,101.84583,1,173
2022-09-04T22:00:00-00:00,2022-09-04T22:15:00-00:00,2022-09-04,16,KERCKHOF_7_B1,KERCKHOF_7_B1,KERCKHOF_7_B1,RTPD,MCE,LMP_ENE_PRC,KERCKHOF_7_B1,ALL,1,102.30289,1,173
2022-09-04T23:00:00-00:00,2022-09-04T23:15:00-00:00,2022-09-04,17,KERCKHOF_7_B1,KERCKHOF_7_B1,KERCKHOF_7_B1,RTPD,MCE,LMP_ENE_PRC,KERCKHOF_7_B1,ALL,1,105.66165,1,173
2022-09-05T00:00:00-00:00,2022-09-05T00:15:00-00:00,2022-09-04,18,KERCKHOF_7_B1,KERCKHOF_7_B1,KERCKHOF_7_B1,RTPD,MCE,LMP_ENE_PRC,KERCKHOF_7_B1,ALL,1,110.52872,1,173
2022-09-05T01:00:00-00:00,2022-09-05T01:15:00-00:00,2022-09-04,19,KERCKHOF_7_B1,KERCKHOF_7_B1,KERCKHOF_7_B1,RTPD,MCE,LMP_ENE_PRC,KERCKHOF_7_B1,ALL,1,160.46742,1,173
2022-09-05T02:00:00-00:00,2022-09-05T02:15:00-00:00,2022-09-04,20,KERCKHOF_7_B1,KERCKHOF_7_B1,KERCKHOF_7_B1,RTPD,MCE,LMP_ENE_PRC,KERCKHOF_7_B1,ALL,1,133.17627,1,173
2022-09-05T03:00:00-00:00,2022-09-05T03:15:00-00:00,2022-09-04,21,KERCKHOF_7_B1,KERCKHOF_7_B1,KERCKHOF_7_B1,RTPD,MCE,LMP_ENE_PRC,KERCKHOF_7_B1,ALL,1,137.62802,1,173
2022-09-05T04:00:00-00:00,2022-09-05T04:15:00-00:00,2022-09-04,22,KERCKHOF_7_B1,KERCKHOF_7_B1,KERCKHOF_7_B1,RTPD,MCE,LMP_ENE_PRC,KERCKHOF_7_B1,ALL,1,121.32223,1,173
2022-09-05T05:00:00-00:00,2022-09-05T05:15:00-00:00,2022-09-04,23,KERCKHOF_7_B1,KERCKHOF_7_B1,KERCKHOF_7_B1,RTPD,MCE,LMP_ENE_PRC,KERCKHOF_7_B1,ALL,1,138.27702,1,173
2022-09-05T06:00:00-00:00,2022-09-05T06:15:00-00:00,2022-09-04,24,KERCKHOF_7_B1,KERCKHOF_7_B1,KERCKHOF_7_B1,RTPD,MCE,LMP_ENE_PRC,KERCKHOF_7_B1,ALL,1,126.47824,1,173
2022-09-04T07:15:00-00:00,2022-09-04T07:30:00-00:00,2022-09-04,01,KERCKHOF_7_B1,KERCKHOF_7_B1,KERCKHOF_7_B1,RTPD,MCE,LMP_ENE_PRC,KERCKHOF_7_B1,ALL,1,98.33878,2,173
2022-09-04T08:15:00-00:00,2022-09-04T08:30:00-00:00,2022-09-04,02,KERCKHOF_7_B1,KERCKHOF_7_B1,KERCKHOF_7_B1,RTPD,MCE,LMP_ENE_PRC,KERCKHOF_7_B1,ALL,1,96.4335,2,173
2022-09-04T09:15:00-00:00,2022-09-04T09:30:00-00:00,2022-09-04,03,KERCKHOF_7_B1,KERCKHOF_7_B1,KERCKHOF_7_B1,RTPD,MCE,LMP_ENE_PRC,KERCKHOF_7_B1,ALL,1,85.33245,2,173
2022-09-04T10:15:00-00:00,2022-09-04T10:30:00-00:00,2022-09-04,04,KERCKHOF_7_B1,KERCKHOF_7_B1,KERCKHOF_7_B1,RTPD,MCE,LMP_ENE_PRC,KERCKHOF_7_B1,ALL,1,86.06959,2,173
2022-09-04T11:15:00-00:00,2022-09-04T11:30:00-00:00,2022-09-04,05,KERCKHOF_7_B1,KERCKHOF_7_B1,KERCKHOF_7_B1,RTPD,MCE,LMP_ENE_PRC,KERCKHOF_7_B1,ALL,1,82.18044,2,173
2022-09-04T12:15:00-00:00,2022-09-04T12:30:00-00:00,2022-09-04,06,KERCKHOF_7_B1,KERCKHOF_7_B1,KERCKHOF_7_B1,RTPD,MCE,LMP_ENE_PRC,KERCKHOF_7_B1,ALL,1,83.35782,2,173
2022-09-04T13:15:00-00:00,2022-09-04T13:30:00-00:00,2022-09-04,07,KERCKHOF_7_B1,KERCKHOF_7_B1,KERCKHOF_7_B1,RTPD,MCE,LMP_ENE_PRC,KERCKHOF_7_B1,ALL,1,70.93534,2,173
2022-09-04T14:15:00-00:00,2022-09-04T14:30:00-00:00,2022-09-04,08,KERCKHOF_7_B1,KERCKHOF_7_B1,KERCKHOF_7_B1,RTPD,MCE,LMP_ENE_PRC,KERCKHOF_7_B1,ALL,1,76.97029,2,173
2022-09-04T15:15:00-00:00,2022-09-04T15:30:00-00:00,2022-09-04,09,KERCKHOF_7_B1,KERCKHOF_7_B1,KERCKHOF_7_B1,RTPD,MCE,LMP_ENE_PRC,KERCKHOF_7_B1,ALL,1,66.57465,2,173
2022-09-04T16:15:00-00:00,2022-09-04T16:30:00-00:00,2022-09-04,10,KERCKHOF_7_B1,KERCKHOF_7_B1,KERCKHOF_7_B1,RTPD,MCE,LMP_ENE_PRC,KERCKHOF_7_B1,ALL,1,52.1482,2,173
2022-09-04T17:15:00-00:00,2022-09-04T17:30:00-00:00,2022-09-04,11,KERCKHOF_7_B1,KERCKHOF_7_B1,KERCKHOF_7_B1,RTPD,MCE,LMP_ENE_PRC,KERCKHOF_7_B1,ALL,1,69.2657,2,173
2022-09-04T18:15:00-00:00,2022-09-04T18:30:00-00:00,2022-09-04,12,KERCKHOF_7_B1,KERCKHOF_7_B1,KERCKHOF_7_B1,RTPD,MCE,LMP_ENE_PRC,KERCKHOF_7_B1,ALL,1,73.93472,2,173
2022-09-04T19:15:00-00:00,2022-09-04T19:30:00-00:00,2022-09-04,13,KERCKHOF_7_B1,KERCKHOF_7_B1,KERCKHOF_7_B1,RTPD,MCE,LMP_ENE_PRC,KERCKHOF_7_B1,ALL,1,86.63525,2,173
2022-09-04T20:15:00-00:00,2022-09-04T20:30:00-00:00,2022-09-04,14,KERCKHOF_7_B1,KERCKHOF_7_B1,KERCKHOF_7_B1,RTPD,MCE,LMP_ENE_PRC,KERCKHOF_7_B1,ALL,1,89.19764,2,173
2022-09-04T21:15:00-00:00,2022-09-04T21:30:00-00:00,2022-09-04,15,KERCKHOF_7_B1,KERCKHOF_7_B1,KERCKHOF_7_B1,RTPD,MCE,LMP_ENE_PRC,KERCKHOF_7_B1,ALL,1,111.99711,2,173
2022-09-04T22:15:00-00:00,2022-09-04T22:30:00-00:00,2022-09-04,16,KERCKHOF_7_B1,KERCKHOF_7_B1,KERCKHOF_7_B1,RTPD,MCE,LMP_ENE_PRC,KERCKHOF_7_B1,ALL,1,105.68133,2,173
2022-09-04T23:15:00-00:00,2022-09-04T23:30:00-00:00,2022-09-04,17,KERCKHOF_7_B1,KERCKHOF_7_B1,KERCKHOF_7_B1,RTPD,MCE,LMP_ENE_PRC,KERCKHOF_7_B1,ALL,1,106.64397,2,173
2022-09-05T00:15:00-00:00,2022-09-05T00:30:00-00:00,2022-09-04,18,KERCKHOF_7_B1,KERCKHOF_7_B1,KERCKHOF_7_B1,RTPD,MCE,LMP_ENE_PRC,KERCKHOF_7_B1,ALL,1,185.7071,2,173
2022-09-05T01:15:00-00:00,2022-09-05T01:30:00-00:00,2022-09-04,19,KERCKHOF_7_B1,KERCKHOF_7_B1,KERCKHOF_7_B1,RTPD,MCE,LMP_ENE_PRC,KERCKHOF_7_B1,ALL,1,283.75967,2,173
2022-09-05T02:15:00-00:00,2022-09-05T02:30:00-00:00,2022-09-04,20,KERCKHOF_7_B1,KERCKHOF_7_B1,KERCKHOF_7_B1,RTPD,MCE,LMP_ENE_PRC,KERCKHOF_7_B1,ALL,1,138.21387,2,173
2022-09-05T03:15:00-00:00,2022-09-05T03:30:00-00:00,2022-09-04,21,KERCKHOF_7_B1,KERCKHOF_7_B1,KERCKHOF_7_B1,RTPD,MCE,LMP_ENE_PRC,KERCKHOF_7_B1,ALL,1,125.70521,2,173
2022-09-05T04:15:00-00:00,2022-09-05T04:30:00-00:00,2022-09-04,22,KERCKHOF_7_B1,KERCKHOF_7_B1,KERCKHOF_7_B1,RTPD,MCE,LMP_ENE_PRC,KERCKHOF_7_B1,ALL,1,118.54421,2,173
2022-09-05T05:15:00-00:00,2022-09-05T05:30:00-00:00,2022-09-04,23,KERCKHOF_7_B1,KERCKHOF_7_B1,KERCKHOF_7_B1,RTPD,MCE,LMP_ENE_PRC,KERCKHOF_7_B1,ALL,1,140.66483,2,173
2022-09-05T06:15:00-00:00,2022-09-05T06:30:00-00:00,2022-09-04,24,KERCKHOF_7_B1,KERCKHOF_7_B1,KERCKHOF_7_B1,RTPD,MCE,LMP_ENE_PRC,KERCKHOF_7_B1,ALL,1,115.0785,2,173
2022-09-04T07:30:00-00:00,2022-09-04T07:45:00-00:00,2022-09-04,01,KERCKHOF_7_B1,KERCKHOF_7_B1,KERCKHOF_7_B1,RTPD,MCE,LMP_ENE_PRC,KERCKHOF_7_B1,ALL,1,93.67897,3,173
2022-09-04T08:30:00-00:00,2022-09-04T08:45:00-00:00,2022-09-04,02,KERCKHOF_7_B1,KERCKHOF_7_B1,KERCKHOF_7_B1,RTPD,MCE,LMP_ENE_PRC,KERCKHOF_7_B1,ALL,1,89.3153,3,173
2022-09-04T09:30:00-00:00,2022-09-04T09:45:00-00:00,2022-09-04,03,KERCKHOF_7_B1,KERCKHOF_7_B1,KERCKHOF_7_B1,RTPD,MCE,LMP_ENE_PRC,KERCKHOF_7_B1,ALL,1,82.76979,3,173
2022-09-04T10:30:00-00:00,2022-09-04T10:45:00-00:00,2022-09-04,04,KERCKHOF_7_B1,KERCKHOF_7_B1,KERCKHOF_7_B1,RTPD,MCE,LMP_ENE_PRC,KERCKHOF_7_B1,ALL,1,85.2941,3,173
2022-09-04T11:30:00-00:00,2022-09-04T11:45:00-00:00,2022-09-04,05,KERCKHOF_7_B1,KERCKHOF_7_B1,KERCKHOF_7_B1,RTPD,MCE,LMP_ENE_PRC,KERCKHOF_7_B1,ALL,1,81.7171,3,173
2022-09-04T12:30:00-00:00,2022-09-04T12:45:00-00:00,2022-09-04,06,KERCKHOF_7_B1,KERCKHOF_7_B1,KERCKHOF_7_B1,RTPD,MCE,LMP_ENE_PRC,KERCKHOF_7_B1,ALL,1,83.26354,3,173
2022-09-04T13:30:00-00:00,2022-09-04T13:45:00-00:00,2022-09-04,07,KERCKHOF_7_B1,KERCKHOF_7_B1,KERCKHOF_7_B1,RTPD,MCE,LMP_ENE_PRC,KERCKHOF_7_B1,ALL,1,69.8817,3,173
2022-09-04T14:30:00-00:00,2022-09-04T14:45:00-00:00,2022-09-04,08,KERCKHOF_7_B1,KERCKHOF_7_B1,KERCKHOF_7_B1,RTPD,MCE,LMP_ENE_PRC,KERCKHOF_7_B1,ALL,1,74.54818,3,173
2022-09-04T15:30:00-00:00,2022-09-04T15:45:00-00:00,2022-09-04,09,KERCKHOF_7_B1,KERCKHOF_7_B1,KERCKHOF_7_B1,RTPD,MCE,LMP_ENE_PRC,KERCKHOF_7_B1,ALL,1,58.25037,3,173
2022-09-04T16:30:00-00:00,2022-09-04T16:45:00-00:00,2022-09-04,10,KERCKHOF_7_B1,KERCKHOF_7_B1,KERCKHOF_7_B1,RTPD,MCE,LMP_ENE_PRC,KERCKHOF_7_B1,ALL,1,54.84481,3,173
2022-09-04T17:30:00-00:00,2022-09-04T17:45:00-00:00,2022-09-04,11,KERCKHOF_7_B1,KERCKHOF_7_B1,KERCKHOF_7_B1,RTPD,MCE,LMP_ENE_PRC,KERCKHOF_7_B1,ALL,1,69.84671,3,173
2022-09-04T18:30:00-00:00,2022-09-04T18:45:00-00:00,2022-09-04,12,KERCKHOF_7_B1,KERCKHOF_7_B1,KERCKHOF_7_B1,RTPD,MCE,LMP_ENE_PRC,KERCKHOF_7_B1,ALL,1,86.95818,3,173
2022-09-04T19:30:00-00:00,2022-09-04T19:45:00-00:00,2022-09-04,13,KERCKHOF_7_B1,KERCKHOF_7_B1,KERCKHOF_7_B1,RTPD,MCE,LMP_ENE_PRC,KERCKHOF_7_B1,ALL,1,102.56183,3,173
2022-09-04T20:30:00-00:00,2022-09-04T20:45:00-00:00,2022-09-04,14,KERCKHOF_7_B1,KERCKHOF_7_B1,KERCKHOF_7_B1,RTPD,MCE,LMP_ENE_PRC,KERCKHOF_7_B1,ALL,1,107.67463,3,173
2022-09-04T21:30:00-00:00,2022-09-04T21:45:00-00:00,2022-09-04,15,KERCKHOF_7_B1,KERCKHOF_7_B1,KERCKHOF_7_B1,RTPD,MCE,LMP_ENE_PRC,KERCKHOF_7_B1,ALL,1,108.01974,3,173
2022-09-04T22:30:00-00:00,2022-09-04T22:45:00-00:00,2022-09-04,16,KERCKHOF_7_B1,KERCKHOF_7_B1,KERCKHOF_7_B1,RTPD,MCE,LMP_ENE_PRC,KERCKHOF_7_B1,ALL,1,114.08273,3,173
2022-09-04T23:30:00-00:00,2022-09-04T23:45:00-00:00,2022-09-04,17,KERCKHOF_7_B1,KERCKHOF_7_B1,KERCKHOF_7_B1,RTPD,MCE,LMP_ENE_PRC,KERCKHOF_7_B1,ALL,1,113.23912,3,173
2022-09-05T00:30:00-00:00,2022-09-05T00:45:00-00:00,2022-09-04,18,KERCKHOF_7_B1,KERCKHOF_7_B1,KERCKHOF_7_B1,RTPD,MCE,LMP_ENE_PRC,KERCKHOF_7_B1,ALL,1,146.1893,3,173
2022-09-05T01:30:00-00:00,2022-09-05T01:45:00-00:00,2022-09-04,19,KERCKHOF_7_B1,KERCKHOF_7_B1,KERCKHOF_7_B1,RTPD,MCE,LMP_ENE_PRC,KERCKHOF_7_B1,ALL,1,899.31366,3,173
2022-09-05T02:30:00-00:00,2022-09-05T02:45:00-00:00,2022-09-04,20,KERCKHOF_7_B1,KERCKHOF_7_B1,KERCKHOF_7_B1,RTPD,MCE,LMP_ENE_PRC,KERCKHOF_7_B1,ALL,1,124.31294,3,173
2022-09-05T03:30:00-00:00,2022-09-05T03:45:00-00:00,2022-09-04,21,KERCKHOF_7_B1,KERCKHOF_7_B1,KERCKHOF_7_B1,RTPD,MCE,LMP_ENE_PRC,KERCKHOF_7_B1,ALL,1,120.65321,3,173
2022-09-05T04:30:00-00:00,2022-09-05T04:45:00-00:00,2022-09-04,22,KERCKHOF_7_B1,KERCKHOF_7_B1,KERCKHOF_7_B1,RTPD,MCE,LMP_ENE_PRC,KERCKHOF_7_B1,ALL,1,117.97055,3,173
2022-09-05T05:30:00-00:00,2022-09-05T05:45:00-00:00,2022-09-04,23,KERCKHOF_7_B1,KERCKHOF_7_B1,KERCKHOF_7_B1,RTPD,MCE,LMP_ENE_PRC,KERCKHOF_7_B1,ALL,1,123.73156,3,173
2022-09-05T06:30:00-00:00,2022-09-05T06:45:00-00:00,2022-09-04,24,KERCKHOF_7_B1,KERCKHOF_7_B1,KERCKHOF_7_B1,RTPD,MCE,LMP_ENE_PRC,KERCKHOF_7_B1,ALL,1,91.1478,3,173
2022-09-04T07:45:00-00:00,2022-09-04T08:00:00-00:00,2022-09-04,01,KERCKHOF_7_B1,KERCKHOF_7_B1,KERCKHOF_7_B1,RTPD,MCE,LMP_ENE_PRC,KERCKHOF_7_B1,ALL,1,84.62068,4,173
2022-09-04T08:45:00-00:00,2022-09-04T09:00:00-00:00,2022-09-04,02,KERCKHOF_7_B1,KERCKHOF_7_B1,KERCKHOF_7_B1,RTPD,MCE,LMP_ENE_PRC,KERCKHOF_7_B1,ALL,1,80.89122,4,173
2022-09-04T09:45:00-00:00,2022-09-04T10:00:00-00:00,2022-09-04,03,KERCKHOF_7_B1,KERCKHOF_7_B1,KERCKHOF_7_B1,RTPD,MCE,LMP_ENE_PRC,KERCKHOF_7_B1,ALL,1,77.90501,4,173
2022-09-04T10:45:00-00:00,2022-09-04T11:00:00-00:00,2022-09-04,04,KERCKHOF_7_B1,KERCKHOF_7_B1,KERCKHOF_7_B1,RTPD,MCE,LMP_ENE_PRC,KERCKHOF_7_B1,ALL,1,80.46249,4,173
2022-09-04T11:45:00-00:00,2022-09-04T12:00:00-00:00,2022-09-04,05,KERCKHOF_7_B1,KERCKHOF_7_B1,KERCKHOF_7_B1,RTPD,MCE,LMP_ENE_PRC,KERCKHOF_7_B1,ALL,1,79.81742,4,173
2022-09-04T12:45:00-00:00,2022-09-04T13:00:00-00:00,2022-09-04,06,KERCKHOF_7_B1,KERCKHOF_7_B1,KERCKHOF_7_B1,RTPD,MCE,LMP_ENE_PRC,KERCKHOF_7_B1,ALL,1,81.5519,4,173
2022-09-04T13:45:00-00:00,2022-09-04T14:00:00-00:00,2022-09-04,07,KERCKHOF_7_B1,KERCKHOF_7_B1,KERCKHOF_7_B1,RTPD,MCE,LMP_ENE_PRC,KERCKHOF_7_B1,ALL,1,60.75904,4,173
2022-09-04T14:45:00-00:00,2022-09-04T15:00:00-00:00,2022-09-04,08,KERCKHOF_7_B1,KERCKHOF_7_B1,KERCKHOF_7_B1,RTPD,MCE,LMP_ENE_PRC,KERCKHOF_7_B1,ALL,1,53.37606,4,173
2022-09-04T15:45:00-00:00,2022-09-04T16:00:00-00:00,2022-09-04,09,KERCKHOF_7_B1,KERCKHOF_7_B1,KERCKHOF_7_B1,RTPD,MCE,LMP_ENE_PRC,KERCKHOF_7_B1,ALL,1,41.51812,4,173
2022-09-04T16:45:00-00:00,2022-09-04T17:00:00-00:00,2022-09-04,10,KERCKHOF_7_B1,KERCKHOF_7_B1,KERCKHOF_7_B1,RTPD,MCE,LMP_ENE_PRC,KERCKHOF_7_B1,ALL,1,56.27322,4,173
2022-09-04T17:45:00-00:00,2022-09-04T18:00:00-00:00,2022-09-04,11,KERCKHOF_7_B1,KERCKHOF_7_B1,KERCKHOF_7_B1,RTPD,MCE,LMP_ENE_PRC,KERCKHOF_7_B1,ALL,1,80.41392,4,173
2022-09-04T18:45:00-00:00,2022-09-04T19:00:00-00:00,2022-09-04,12,KERCKHOF_7_B1,KERCKHOF_7_B1,KERCKHOF_7_B1,RTPD,MCE,LMP_ENE_PRC,KERCKHOF_7_B1,ALL,1,91.88616,4,173
2022-09-04T19:45:00-00:00,2022-09-04T20:00:00-00:00,2022-09-04,13,KERCKHOF_7_B1,KERCKHOF_7_B1,KERCKHOF_7_B1,RTPD,MCE,LMP_ENE_PRC,KERCKHOF_7_B1,ALL,1,99.49507,4,173
2022-09-04T20:45:00-00:00,2022-09-04T21:00:00-00:00,2022-09-04,14,KERCKHOF_7_B1,KERCKHOF_7_B1,KERCKHOF_7_B1,RTPD,MCE,LMP_ENE_PRC,KERCKHOF_7_B1,ALL,1,111.03904,4,173
2022-09-04T21:45:00-00:00,2022-09-04T22:00:00-00:00,2022-09-04,15,KERCKHOF_7_B1,KERCKHOF_7_B1,KERCKHOF_7_B1,RTPD,MCE,LMP_ENE_PRC,KERCKHOF_7_B1,ALL,1,139.43553,4,173
2022-09-04T22:45:00-00:00,2022-09-04T23:00:00-00:00,2022-09-04,16,KERCKHOF_7_B1,KERCKHOF_7_B1,KERCKHOF_7_B1,RTPD,MCE,LMP_ENE_PRC,KERCKHOF_7_B1,ALL,1,143.70679,4,173
2022-09-04T23:45:00-00:00,2022-09-05T00:00:00-00:00,2022-09-04,17,KERCKHOF_7_B1,KERCKHOF_7_B1,KERCKHOF_7_B1,RTPD,MCE,LMP_ENE_PRC,KERCKHOF_7_B1,ALL,1,173.92435,4,173
2022-09-05T00:45:00-00:00,2022-09-05T01:00:00-00:00,2022-09-04,18,KERCKHOF_7_B1,KERCKHOF_7_B1,KERCKHOF_7_B1,RTPD,MCE,LMP_ENE_PRC,KERCKHOF_7_B1,ALL,1,342.64575,4,173
2022-09-05T01:45:00-00:00,2022-09-05T02:00:00-00:00,2022-09-04,19,KERCKHOF_7_B1,KERCKHOF_7_B1,KERCKHOF_7_B1,RTPD,MCE,LMP_ENE_PRC,KERCKHOF_7_B1,ALL,1,793.1877,4,173
2022-09-05T02:45:00-00:00,2022-09-05T03:00:00-00:00,2022-09-04,20,KERCKHOF_7_B1,KERCKHOF_7_B1,KERCKHOF_7_B1,RTPD,MCE,LMP_ENE_PRC,KERCKHOF_7_B1,ALL,1,113.80091,4,173
2022-09-05T03:45:00-00:00,2022-09-05T04:00:00-00:00,2022-09-04,21,KERCKHOF_7_B1,KERCKHOF_7_B1,KERCKHOF_7_B1,RTPD,MCE,LMP_ENE_PRC,KERCKHOF_7_B1,ALL,1,108.55133,4,173
2022-09-05T04:45:00-00:00,2022-09-05T05:00:00-00:00,2022-09-04,22,KERCKHOF_7_B1,KERCKHOF_7_B1,KERCKHOF_7_B1,RTPD,MCE,LMP_ENE_PRC,KERCKHOF_7_B1,ALL,1,109.13516,4,173
2022-09-05T05:45:00-00:00,2022-09-05T06:00:00-00:00,2022-09-04,23,KERCKHOF_7_B1,KERCKHOF_7_B1,KERCKHOF_7_B1,RTPD,MCE,LMP_ENE_PRC,KERCKHOF_7_B1,ALL,1,95.38478,4,173
2022-09-05T06:45:00-00:00,2022-09-05T07:00:00-00:00,2022-09-04,24,KERCKHOF_7_B1,KERCKHOF_7_B1,KERCKHOF_7_B1,RTPD,MCE,LMP_ENE_PRC,KERCKHOF_7_B1,ALL,1,84.93478,4,173
2022-09-04T07:00:00-00:00,2022-09-04T07:15:00-00:00,2022-09-04,01,KERCKHOF_7_B1,KERCKHOF_7_B1,KERCKHOF_7_B1,RTPD,MCL,LMP_LOSS_PRC,KERCKHOF_7_B1,ALL,1,13.1791,1,174
2022-09-04T08:00:00-00:00,2022-09-04T08:15:00-00:00,2022-09-04,02,KERCKHOF_7_B1,KERCKHOF_7_B1,KERCKHOF_7_B1,RTPD,MCL,LMP_LOSS_PRC,KERCKHOF_7_B1,ALL,1,0,1,174
2022-09-04T09:00:00-00:00,2022-09-04T09:15:00-00:00,2022-09-04,03,KERCKHOF_7_B1,KERCKHOF_7_B1,KERCKHOF_7_B1,RTPD,MCL,LMP_LOSS_PRC,KERCKHOF_7_B1,ALL,1,0,1,174
2022-09-04T10:00:00-00:00,2022-09-04T10:15:00-00:00,2022-09-04,04,KERCKHOF_7_B1,KERCKHOF_7_B1,KERCKHOF_7_B1,RTPD,MCL,LMP_LOSS_PRC,KERCKHOF_7_B1,ALL,1,11.99025,1,174
2022-09-04T11:00:00-00:00,2022-09-04T11:15:00-00:00,2022-09-04,05,KERCKHOF_7_B1,KERCKHOF_7_B1,KERCKHOF_7_B1,RTPD,MCL,LMP_LOSS_PRC,KERCKHOF_7_B1,ALL,1,10.43163,1,174
2022-09-04T12:00:00-00:00,2022-09-04T12:15:00-00:00,2022-09-04,06,KERCKHOF_7_B1,KERCKHOF_7_B1,KERCKHOF_7_B1,RTPD,MCL,LMP_LOSS_PRC,KERCKHOF_7_B1,ALL,1,10.54655,1,174
2022-09-04T13:00:00-00:00,2022-09-04T13:15:00-00:00,2022-09-04,07,KERCKHOF_7_B1,KERCKHOF_7_B1,KERCKHOF_7_B1,RTPD,MCL,LMP_LOSS_PRC,KERCKHOF_7_B1,ALL,1,9.0643,1,174
2022-09-04T14:00:00-00:00,2022-09-04T14:15:00-00:00,2022-09-04,08,KERCKHOF_7_B1,KERCKHOF_7_B1,KERCKHOF_7_B1,RTPD,MCL,LMP_LOSS_PRC,KERCKHOF_7_B1,ALL,1,11.49453,1,174
2022-09-04T15:00:00-00:00,2022-09-04T15:15:00-00:00,2022-09-04,09,KERCKHOF_7_B1,KERCKHOF_7_B1,KERCKHOF_7_B1,RTPD,MCL,LMP_LOSS_PRC,KERCKHOF_7_B1,ALL,1,8.72423,1,174
2022-09-04T16:00:00-00:00,2022-09-04T16:15:00-00:00,2022-09-04,10,KERCKHOF_7_B1,KERCKHOF_7_B1,KERCKHOF_7_B1,RTPD,MCL,LMP_LOSS_PRC,KERCKHOF_7_B1,ALL,1,3.74501,1,174
2022-09-04T17:00:00-00:00,2022-09-04T17:15:00-00:00,2022-09-04,11,KERCKHOF_7_B1,KERCKHOF_7_B1,KERCKHOF_7_B1,RTPD,MCL,LMP_LOSS_PRC,KERCKHOF_7_B1,ALL,1,3.68562,1,174
2022-09-04T18:00:00-00:00,2022-09-04T18:15:00-00:00,2022-09-04,12,KERCKHOF_7_B1,KERCKHOF_7_B1,KERCKHOF_7_B1,RTPD,MCL,LMP_LOSS_PRC,KERCKHOF_7_B1,ALL,1,3.16928,1,174
2022-09-04T19:00:00-00:00,2022-09-04T19:15:00-00:00,2022-09-04,13,KERCKHOF_7_B1,KERCKHOF_7_B1,KERCKHOF_7_B1,RTPD,MCL,LMP_LOSS_PRC,KERCKHOF_7_B1,ALL,1,3.45778,1,174
2022-09-04T20:00:00-00:00,2022-09-04T20:15:00-00:00,2022-09-04,14,KERCKHOF_7_B1,KERCKHOF_7_B1,KERCKHOF_7_B1,RTPD,MCL,LMP_LOSS_PRC,KERCKHOF_7_B1,ALL,1,6.50077,1,174
2022-09-04T21:00:00-00:00,2022-09-04T21:15:00-00:00,2022-09-04,15,KERCKHOF_7_B1,KERCKHOF_7_B1,KERCKHOF_7_B1,RTPD,MCL,LMP_LOSS_PRC,KERCKHOF_7_B1,ALL,1,2.45448,1,174
2022-09-04T22:00:00-00:00,2022-09-04T22:15:00-00:00,2022-09-04,16,KERCKHOF_7_B1,KERCKHOF_7_B1,KERCKHOF_7_B1,RTPD,MCL,LMP_LOSS_PRC,KERCKHOF_7_B1,ALL,1,3.38623,1,174
2022-09-04T23:00:00-00:00,2022-09-04T23:15:00-00:00,2022-09-04,17,KERCKHOF_7_B1,KERCKHOF_7_B1,KERCKHOF_7_B1,RTPD,MCL,LMP_LOSS_PRC,KERCKHOF_7_B1,ALL,1,0,1,174
2022-09-05T00:00:00-00:00,2022-09-05T00:15:00-00:00,2022-09-04,18,KERCKHOF_7_B1,KERCKHOF_7_B1,KERCKHOF_7_B1,RTPD,MCL,LMP_LOSS_PRC,KERCKHOF_7_B1,ALL,1,9.46126,1,174
2022-09-05T01:00:00-00:00,2022-09-05T01:15:00-00:00,2022-09-04,19,KERCKHOF_7_B1,KERCKHOF_7_B1,KERCKHOF_7_B1,RTPD,MCL,LMP_LOSS_PRC,KERCKHOF_7_B1,ALL,1,16.60838,1,174
2022-09-05T02:00:00-00:00,2022-09-05T02:15:00-00:00,2022-09-04,20,KERCKHOF_7_B1,KERCKHOF_7_B1,KERCKHOF_7_B1,RTPD,MCL,LMP_LOSS_PRC,KERCKHOF_7_B1,ALL,1,12.62511,1,174
2022-09-05T03:00:00-00:00,2022-09-05T03:15:00-00:00,2022-09-04,21,KERCKHOF_7_B1,KERCKHOF_7_B1,KERCKHOF_7_B1,RTPD,MCL,LMP_LOSS_PRC,KERCKHOF_7_B1,ALL,1,32.09485,1,174
2022-09-05T04:00:00-00:00,2022-09-05T04:15:00-00:00,2022-09-04,22,KERCKHOF_7_B1,KERCKHOF_7_B1,KERCKHOF_7_B1,RTPD,MCL,LMP_LOSS_PRC,KERCKHOF_7_B1,ALL,1,21.09793,1,174
2022-09-05T05:00:00-00:00,2022-09-05T05:15:00-00:00,2022-09-04,23,KERCKHOF_7_B1,KERCKHOF_7_B1,KERCKHOF_7_B1,RTPD,MCL,LMP_LOSS_PRC,KERCKHOF_7_B1,ALL,1,18.28022,1,174
2022-09-05T06:00:00-00:00,2022-09-05T06:15:00-00:00,2022-09-04,24,KERCKHOF_7_B1,KERCKHOF_7_B1,KERCKHOF_7_B1,RTPD,MCL,LMP_LOSS_PRC,KERCKHOF_7_B1,ALL,1,18.84526,1,174
2022-09-04T07:15:00-00:00,2022-09-04T07:30:00-00:00,2022-09-04,01,KERCKHOF_7_B1,KERCKHOF_7_B1,KERCKHOF_7_B1,RTPD,MCL,LMP_LOSS_PRC,KERCKHOF_7_B1,ALL,1,12.26285,2,174
2022-09-04T08:15:00-00:00,2022-09-04T08:30:00-00:00,2022-09-04,02,KERCKHOF_7_B1,KERCKHOF_7_B1,KERCKHOF_7_B1,RTPD,MCL,LMP_LOSS_PRC,KERCKHOF_7_B1,ALL,1,0,2,174
2022-09-04T09:15:00-00:00,2022-09-04T09:30:00-00:00,2022-09-04,03,KERCKHOF_7_B1,KERCKHOF_7_B1,KERCKHOF_7_B1,RTPD,MCL,LMP_LOSS_PRC,KERCKHOF_7_B1,ALL,1,0,2,174
2022-09-04T10:15:00-00:00,2022-09-04T10:30:00-00:00,2022-09-04,04,KERCKHOF_7_B1,KERCKHOF_7_B1,KERCKHOF_7_B1,RTPD,MCL,LMP_LOSS_PRC,KERCKHOF_7_B1,ALL,1,11.5075,2,174
2022-09-04T11:15:00-00:00,2022-09-04T11:30:00-00:00,2022-09-04,05,KERCKHOF_7_B1,KERCKHOF_7_B1,KERCKHOF_7_B1,RTPD,MCL,LMP_LOSS_PRC,KERCKHOF_7_B1,ALL,1,10.37117,2,174
2022-09-04T12:15:00-00:00,2022-09-04T12:30:00-00:00,2022-09-04,06,KERCKHOF_7_B1,KERCKHOF_7_B1,KERCKHOF_7_B1,RTPD,MCL,LMP_LOSS_PRC,KERCKHOF_7_B1,ALL,1,10.27802,2,174
2022-09-04T13:15:00-00:00,2022-09-04T13:30:00-00:00,2022-09-04,07,KERCKHOF_7_B1,KERCKHOF_7_B1,KERCKHOF_7_B1,RTPD,MCL,LMP_LOSS_PRC,KERCKHOF_7_B1,ALL,1,8.61155,2,174
2022-09-04T14:15:00-00:00,2022-09-04T14:30:00-00:00,2022-09-04,08,KERCKHOF_7_B1,KERCKHOF_7_B1,KERCKHOF_7_B1,RTPD,MCL,LMP_LOSS_PRC,KERCKHOF_7_B1,ALL,1,9.96765,2,174
2022-09-04T15:15:00-00:00,2022-09-04T15:30:00-00:00,2022-09-04,09,KERCKHOF_7_B1,KERCKHOF_7_B1,KERCKHOF_7_B1,RTPD,MCL,LMP_LOSS_PRC,KERCKHOF_7_B1,ALL,1,7.11683,2,174
2022-09-04T16:15:00-00:00,2022-09-04T16:30:00-00:00,2022-09-04,10,KERCKHOF_7_B1,KERCKHOF_7_B1,KERCKHOF_7_B1,RTPD,MCL,LMP_LOSS_PRC,KERCKHOF_7_B1,ALL,1,3.8694,2,174
2022-09-04T17:15:00-00:00,2022-09-04T17:30:00-00:00,2022-09-04,11,KERCKHOF_7_B1,KERCKHOF_7_B1,KERCKHOF_7_B1,RTPD,MCL,LMP_LOSS_PRC,KERCKHOF_7_B1,ALL,1,4.52998,2,174
2022-09-04T18:15:00-00:00,2022-09-04T18:30:00-00:00,2022-09-04,12,KERCKHOF_7_B1,KERCKHOF_7_B1,KERCKHOF_7_B1,RTPD,MCL,LMP_LOSS_PRC,KERCKHOF_7_B1,ALL,1,3.35664,2,174
2022-09-04T19:15:00-00:00,2022-09-04T19:30:00-00:00,2022-09-04,13,KERCKHOF_7_B1,KERCKHOF_7_B1,KERCKHOF_7_B1,RTPD,MCL,LMP_LOSS_PRC,KERCKHOF_7_B1,ALL,1,3.84661,2,174
2022-09-04T20:15:00-00:00,2022-09-04T20:30:00-00:00,2022-09-04,14,KERCKHOF_7_B1,KERCKHOF_7_B1,KERCKHOF_7_B1,RTPD,MCL,LMP_LOSS_PRC,KERCKHOF_7_B1,ALL,1,4.52232,2,174
2022-09-04T21:15:00-00:00,2022-09-04T21:30:00-00:00,2022-09-04,15,KERCKHOF_7_B1,KERCKHOF_7_B1,KERCKHOF_7_B1,RTPD,MCL,LMP_LOSS_PRC,KERCKHOF_7_B1,ALL,1,2.54233,2,174
2022-09-04T22:15:00-00:00,2022-09-04T22:30:00-00:00,2022-09-04,16,KERCKHOF_7_B1,KERCKHOF_7_B1,KERCKHOF_7_B1,RTPD,MCL,LMP_LOSS_PRC,KERCKHOF_7_B1,ALL,1,3.96305,2,174
2022-09-04T23:15:00-00:00,2022-09-04T23:30:00-00:00,2022-09-04,17,KERCKHOF_7_B1,KERCKHOF_7_B1,KERCKHOF_7_B1,RTPD,MCL,LMP_LOSS_PRC,KERCKHOF_7_B1,ALL,1,0,2,174
2022-09-05T00:15:00-00:00,2022-09-05T00:30:00-00:00,2022-09-04,18,KERCKHOF_7_B1,KERCKHOF_7_B1,KERCKHOF_7_B1,RTPD,MCL,LMP_LOSS_PRC,KERCKHOF_7_B1,ALL,1,17.93931,2,174
2022-09-05T01:15:00-00:00,2022-09-05T01:30:00-00:00,2022-09-04,19,KERCKHOF_7_B1,KERCKHOF_7_B1,KERCKHOF_7_B1,RTPD,MCL,LMP_LOSS_PRC,KERCKHOF_7_B1,ALL,1,28.26246,2,174
2022-09-05T02:15:00-00:00,2022-09-05T02:30:00-00:00,2022-09-04,20,KERCKHOF_7_B1,KERCKHOF_7_B1,KERCKHOF_7_B1,RTPD,MCL,LMP_LOSS_PRC,KERCKHOF_7_B1,ALL,1,13.72464,2,174
2022-09-05T03:15:00-00:00,2022-09-05T03:30:00-00:00,2022-09-04,21,KERCKHOF_7_B1,KERCKHOF_7_B1,KERCKHOF_7_B1,RTPD,MCL,LMP_LOSS_PRC,KERCKHOF_7_B1,ALL,1,28.08254,2,174
2022-09-05T04:15:00-00:00,2022-09-05T04:30:00-00:00,2022-09-04,22,KERCKHOF_7_B1,KERCKHOF_7_B1,KERCKHOF_7_B1,RTPD,MCL,LMP_LOSS_PRC,KERCKHOF_7_B1,ALL,1,21.69359,2,174
2022-09-05T05:15:00-00:00,2022-09-05T05:30:00-00:00,2022-09-04,23,KERCKHOF_7_B1,KERCKHOF_7_B1,KERCKHOF_7_B1,RTPD,MCL,LMP_LOSS_PRC,KERCKHOF_7_B1,ALL,1,17.49871,2,174
2022-09-05T06:15:00-00:00,2022-09-05T06:30:00-00:00,2022-09-04,24,KERCKHOF_7_B1,KERCKHOF_7_B1,KERCKHOF_7_B1,RTPD,MCL,LMP_LOSS_PRC,KERCKHOF_7_B1,ALL,1,16.52527,2,174
2022-09-04T07:30:00-00:00,2022-09-04T07:45:00-00:00,2022-09-04,01,KERCKHOF_7_B1,KERCKHOF_7_B1,KERCKHOF_7_B1,RTPD,MCL,LMP_LOSS_PRC,KERCKHOF_7_B1,ALL,1,11.6443,3,174
2022-09-04T08:30:00-00:00,2022-09-04T08:45:00-00:00,2022-09-04,02,KERCKHOF_7_B1,KERCKHOF_7_B1,KERCKHOF_7_B1,RTPD,MCL,LMP_LOSS_PRC,KERCKHOF_7_B1,ALL,1,0,3,174
2022-09-04T09:30:00-00:00,2022-09-04T09:45:00-00:00,2022-09-04,03,KERCKHOF_7_B1,KERCKHOF_7_B1,KERCKHOF_7_B1,RTPD,MCL,LMP_LOSS_PRC,KERCKHOF_7_B1,ALL,1,0,3,174
2022-09-04T10:30:00-00:00,2022-09-04T10:45:00-00:00,2022-09-04,04,KERCKHOF_7_B1,KERCKHOF_7_B1,KERCKHOF_7_B1,RTPD,MCL,LMP_LOSS_PRC,KERCKHOF_7_B1,ALL,1,11.33559,3,174
2022-09-04T11:30:00-00:00,2022-09-04T11:45:00-00:00,2022-09-04,05,KERCKHOF_7_B1,KERCKHOF_7_B1,KERCKHOF_7_B1,RTPD,MCL,LMP_LOSS_PRC,KERCKHOF_7_B1,ALL,1,10.20647,3,174
2022-09-04T12:30:00-00:00,2022-09-04T12:45:00-00:00,2022-09-04,06,KERCKHOF_7_B1,KERCKHOF_7_B1,KERCKHOF_7_B1,RTPD,MCL,LMP_LOSS_PRC,KERCKHOF_7_B1,ALL,1,10.25807,3,174
2022-09-04T13:30:00-00:00,2022-09-04T13:45:00-00:00,2022-09-04,07,KERCKHOF_7_B1,KERCKHOF_7_B1,KERCKHOF_7_B1,RTPD,MCL,LMP_LOSS_PRC,KERCKHOF_7_B1,ALL,1,8.37882,3,174
2022-09-04T14:30:00-00:00,2022-09-04T14:45:00-00:00,2022-09-04,08,KERCKHOF_7_B1,KERCKHOF_7_B1,KERCKHOF_7_B1,RTPD,MCL,LMP_LOSS_PRC,KERCKHOF_7_B1,ALL,1,9.86272,3,174
2022-09-04T15:30:00-00:00,2022-09-04T15:45:00-00:00,2022-09-04,09,KERCKHOF_7_B1,KERCKHOF_7_B1,KERCKHOF_7_B1,RTPD,MCL,LMP_LOSS_PRC,KERCKHOF_7_B1,ALL,1,5.74349,3,174
2022-09-04T16:30:00-00:00,2022-09-04T16:45:00-00:00,2022-09-04,10,KERCKHOF_7_B1,KERCKHOF_7_B1,KERCKHOF_7_B1,RTPD,MCL,LMP_LOSS_PRC,KERCKHOF_7_B1,ALL,1,3.9598,3,174
2022-09-04T17:30:00-00:00,2022-09-04T17:45:00-00:00,2022-09-04,11,KERCKHOF_7_B1,KERCKHOF_7_B1,KERCKHOF_7_B1,RTPD,MCL,LMP_LOSS_PRC,KERCKHOF_7_B1,ALL,1,4.84736,3,174
2022-09-04T18:30:00-00:00,2022-09-04T18:45:00-00:00,2022-09-04,12,KERCKHOF_7_B1,KERCKHOF_7_B1,KERCKHOF_7_B1,RTPD,MCL,LMP_LOSS_PRC,KERCKHOF_7_B1,ALL,1,3.78268,3,174
2022-09-04T19:30:00-00:00,2022-09-04T19:45:00-00:00,2022-09-04,13,KERCKHOF_7_B1,KERCKHOF_7_B1,KERCKHOF_7_B1,RTPD,MCL,LMP_LOSS_PRC,KERCKHOF_7_B1,ALL,1,4.97425,3,174
2022-09-04T20:30:00-00:00,2022-09-04T20:45:00-00:00,2022-09-04,14,KERCKHOF_7_B1,KERCKHOF_7_B1,KERCKHOF_7_B1,RTPD,MCL,LMP_LOSS_PRC,KERCKHOF_7_B1,ALL,1,3.95166,3,174
2022-09-04T21:30:00-00:00,2022-09-04T21:45:00-00:00,2022-09-04,15,KERCKHOF_7_B1,KERCKHOF_7_B1,KERCKHOF_7_B1,RTPD,MCL,LMP_LOSS_PRC,KERCKHOF_7_B1,ALL,1,2.52766,3,174
2022-09-04T22:30:00-00:00,2022-09-04T22:45:00-00:00,2022-09-04,16,KERCKHOF_7_B1,KERCKHOF_7_B1,KERCKHOF_7_B1,RTPD,MCL,LMP_LOSS_PRC,KERCKHOF_7_B1,ALL,1,4.43782,3,174
2022-09-04T23:30:00-00:00,2022-09-04T23:45:00-00:00,2022-09-04,17,KERCKHOF_7_B1,KERCKHOF_7_B1,KERCKHOF_7_B1,RTPD,MCL,LMP_LOSS_PRC,KERCKHOF_7_B1,ALL,1,0,3,174
2022-09-05T00:30:00-00:00,2022-09-05T00:45:00-00:00,2022-09-04,18,KERCKHOF_7_B1,KERCKHOF_7_B1,KERCKHOF_7_B1,RTPD,MCL,LMP_LOSS_PRC,KERCKHOF_7_B1,ALL,1,14.53122,3,174
2022-09-05T01:30:00-00:00,2022-09-05T01:45:00-00:00,2022-09-04,19,KERCKHOF_7_B1,KERCKHOF_7_B1,KERCKHOF_7_B1,RTPD,MCL,LMP_LOSS_PRC,KERCKHOF_7_B1,ALL,1,97.57553,3,174
2022-09-05T02:30:00-00:00,2022-09-05T02:45:00-00:00,2022-09-04,20,KERCKHOF_7_B1,KERCKHOF_7_B1,KERCKHOF_7_B1,RTPD,MCL,LMP_LOSS_PRC,KERCKHOF_7_B1,ALL,1,11.9589,3,174
2022-09-05T03:30:00-00:00,2022-09-05T03:45:00-00:00,2022-09-04,21,KERCKHOF_7_B1,KERCKHOF_7_B1,KERCKHOF_7_B1,RTPD,MCL,LMP_LOSS_PRC,KERCKHOF_7_B1,ALL,1,25.88011,3,174
2022-09-05T04:30:00-00:00,2022-09-05T04:45:00-00:00,2022-09-04,22,KERCKHOF_7_B1,KERCKHOF_7_B1,KERCKHOF_7_B1,RTPD,MCL,LMP_LOSS_PRC,KERCKHOF_7_B1,ALL,1,20.8218,3,174
2022-09-05T05:30:00-00:00,2022-09-05T05:45:00-00:00,2022-09-04,23,KERCKHOF_7_B1,KERCKHOF_7_B1,KERCKHOF_7_B1,RTPD,MCL,LMP_LOSS_PRC,KERCKHOF_7_B1,ALL,1,14.67456,3,174
2022-09-05T06:30:00-00:00,2022-09-05T06:45:00-00:00,2022-09-04,24,KERCKHOF_7_B1,KERCKHOF_7_B1,KERCKHOF_7_B1,RTPD,MCL,LMP_LOSS_PRC,KERCKHOF_7_B1,ALL,1,12.75158,3,174
2022-09-04T07:45:00-00:00,2022-09-04T08:00:00-00:00,2022-09-04,01,KERCKHOF_7_B1,KERCKHOF_7_B1,KERCKHOF_7_B1,RTPD,MCL,LMP_LOSS_PRC,KERCKHOF_7_B1,ALL,1,0,4,174
2022-09-04T08:45:00-00:00,2022-09-04T09:00:00-00:00,2022-09-04,02,KERCKHOF_7_B1,KERCKHOF_7_B1,KERCKHOF_7_B1,RTPD,MCL,LMP_LOSS_PRC,KERCKHOF_7_B1,ALL,1,11.60789,4,174
2022-09-04T09:45:00-00:00,2022-09-04T10:00:00-00:00,2022-09-04,03,KERCKHOF_7_B1,KERCKHOF_7_B1,KERCKHOF_7_B1,RTPD,MCL,LMP_LOSS_PRC,KERCKHOF_7_B1,ALL,1,10.8288,4,174
2022-09-04T10:45:00-00:00,2022-09-04T11:00:00-00:00,2022-09-04,04,KERCKHOF_7_B1,KERCKHOF_7_B1,KERCKHOF_7_B1,RTPD,MCL,LMP_LOSS_PRC,KERCKHOF_7_B1,ALL,1,10.09,4,174
2022-09-04T11:45:00-00:00,2022-09-04T12:00:00-00:00,2022-09-04,05,KERCKHOF_7_B1,KERCKHOF_7_B1,KERCKHOF_7_B1,RTPD,MCL,LMP_LOSS_PRC,KERCKHOF_7_B1,ALL,1,9.56213,4,174
2022-09-04T12:45:00-00:00,2022-09-04T13:00:00-00:00,2022-09-04,06,KERCKHOF_7_B1,KERCKHOF_7_B1,KERCKHOF_7_B1,RTPD,MCL,LMP_LOSS_PRC,KERCKHOF_7_B1,ALL,1,9.54973,4,174
2022-09-04T13:45:00-00:00,2022-09-04T14:00:00-00:00,2022-09-04,07,KERCKHOF_7_B1,KERCKHOF_7_B1,KERCKHOF_7_B1,RTPD,MCL,LMP_LOSS_PRC,KERCKHOF_7_B1,ALL,1,6.89615,4,174
2022-09-04T14:45:00-00:00,2022-09-04T15:00:00-00:00,2022-09-04,08,KERCKHOF_7_B1,KERCKHOF_7_B1,KERCKHOF_7_B1,RTPD,MCL,LMP_LOSS_PRC,KERCKHOF_7_B1,ALL,1,5.95143,4,174
2022-09-04T15:45:00-00:00,2022-09-04T16:00:00-00:00,2022-09-04,09,KERCKHOF_7_B1,KERCKHOF_7_B1,KERCKHOF_7_B1,RTPD,MCL,LMP_LOSS_PRC,KERCKHOF_7_B1,ALL,1,3.85703,4,174
2022-09-04T16:45:00-00:00,2022-09-04T17:00:00-00:00,2022-09-04,10,KERCKHOF_7_B1,KERCKHOF_7_B1,KERCKHOF_7_B1,RTPD,MCL,LMP_LOSS_PRC,KERCKHOF_7_B1,ALL,1,3.5227,4,174
2022-09-04T17:45:00-00:00,2022-09-04T18:00:00-00:00,2022-09-04,11,KERCKHOF_7_B1,KERCKHOF_7_B1,KERCKHOF_7_B1,RTPD,MCL,LMP_LOSS_PRC,KERCKHOF_7_B1,ALL,1,4.72834,4,174
2022-09-04T18:45:00-00:00,2022-09-04T19:00:00-00:00,2022-09-04,12,KERCKHOF_7_B1,KERCKHOF_7_B1,KERCKHOF_7_B1,RTPD,MCL,LMP_LOSS_PRC,KERCKHOF_7_B1,ALL,1,4.68619,4,174
2022-09-04T19:45:00-00:00,2022-09-04T20:00:00-00:00,2022-09-04,13,KERCKHOF_7_B1,KERCKHOF_7_B1,KERCKHOF_7_B1,RTPD,MCL,LMP_LOSS_PRC,KERCKHOF_7_B1,ALL,1,5.17374,4,174
2022-09-04T20:45:00-00:00,2022-09-04T21:00:00-00:00,2022-09-04,14,KERCKHOF_7_B1,KERCKHOF_7_B1,KERCKHOF_7_B1,RTPD,MCL,LMP_LOSS_PRC,KERCKHOF_7_B1,ALL,1,3.83085,4,174
2022-09-04T21:45:00-00:00,2022-09-04T22:00:00-00:00,2022-09-04,15,KERCKHOF_7_B1,KERCKHOF_7_B1,KERCKHOF_7_B1,RTPD,MCL,LMP_LOSS_PRC,KERCKHOF_7_B1,ALL,1,3.91814,4,174
2022-09-04T22:45:00-00:00,2022-09-04T23:00:00-00:00,2022-09-04,16,KERCKHOF_7_B1,KERCKHOF_7_B1,KERCKHOF_7_B1,RTPD,MCL,LMP_LOSS_PRC,KERCKHOF_7_B1,ALL,1,0,4,174
2022-09-04T23:45:00-00:00,2022-09-05T00:00:00-00:00,2022-09-04,17,KERCKHOF_7_B1,KERCKHOF_7_B1,KERCKHOF_7_B1,RTPD,MCL,LMP_LOSS_PRC,KERCKHOF_7_B1,ALL,1,0,4,174
2022-09-05T00:45:00-00:00,2022-09-05T01:00:00-00:00,2022-09-04,18,KERCKHOF_7_B1,KERCKHOF_7_B1,KERCKHOF_7_B1,RTPD,MCL,LMP_LOSS_PRC,KERCKHOF_7_B1,ALL,1,0,4,174
2022-09-05T01:45:00-00:00,2022-09-05T02:00:00-00:00,2022-09-04,19,KERCKHOF_7_B1,KERCKHOF_7_B1,KERCKHOF_7_B1,RTPD,MCL,LMP_LOSS_PRC,KERCKHOF_7_B1,ALL,1,85.26768,4,174
2022-09-05T02:45:00-00:00,2022-09-05T03:00:00-00:00,2022-09-04,20,KERCKHOF_7_B1,KERCKHOF_7_B1,KERCKHOF_7_B1,RTPD,MCL,LMP_LOSS_PRC,KERCKHOF_7_B1,ALL,1,9.63894,4,174
2022-09-05T03:45:00-00:00,2022-09-05T04:00:00-00:00,2022-09-04,21,KERCKHOF_7_B1,KERCKHOF_7_B1,KERCKHOF_7_B1,RTPD,MCL,LMP_LOSS_PRC,KERCKHOF_7_B1,ALL,1,19.20273,4,174
2022-09-05T04:45:00-00:00,2022-09-05T05:00:00-00:00,2022-09-04,22,KERCKHOF_7_B1,KERCKHOF_7_B1,KERCKHOF_7_B1,RTPD,MCL,LMP_LOSS_PRC,KERCKHOF_7_B1,ALL,1,16.49032,4,174
2022-09-05T05:45:00-00:00,2022-09-05T06:00:00-00:00,2022-09-04,23,KERCKHOF_7_B1,KERCKHOF_7_B1,KERCKHOF_7_B1,RTPD,MCL,LMP_LOSS_PRC,KERCKHOF_7_B1,ALL,1,9.86279,4,174
2022-09-05T06:45:00-00:00,2022-09-05T07:00:00-00:00,2022-09-04,24,KERCKHOF_7_B1,KERCKHOF_7_B1,KERCKHOF_7_B1,RTPD,MCL,LMP_LOSS_PRC,KERCKHOF_7_B1,ALL,1,10.42999,4,174
2022-09-04T07:00:00-00:00,2022-09-04T07:15:00-00:00,2022-09-04,01,KERCKHOF_7_B1,KERCKHOF_7_B1,KERCKHOF_7_B1,RTPD,MGHG,LMP_GHG_PRC,KERCKHOF_7_B1,ALL,1,0,1,175
2022-09-04T08:00:00-00:00,2022-09-04T08:15:00-00:00,2022-09-04,02,KERCKHOF_7_B1,KERCKHOF_7_B1,KERCKHOF_7_B1,RTPD,MGHG,LMP_GHG_PRC,KERCKHOF_7_B1,ALL,1,0,1,175
2022-09-04T09:00:00-00:00,2022-09-04T09:15:00-00:00,2022-09-04,03,KERCKHOF_7_B1,KERCKHOF_7_B1,KERCKHOF_7_B1,RTPD,MGHG,LMP_GHG_PRC,KERCKHOF_7_B1,ALL,1,0,1,175
2022-09-04T10:00:00-00:00,2022-09-04T10:15:00-00:00,2022-09-04,04,KERCKHOF_7_B1,KERCKHOF_7_B1,KERCKHOF_7_B1,RTPD,MGHG,LMP_GHG_PRC,KERCKHOF_7_B1,ALL,1,0,1,175
2022-09-04T11:00:00-00:00,2022-09-04T11:15:00-00:00,2022-09-04,05,KERCKHOF_7_B1,KERCKHOF_7_B1,KERCKHOF_7_B1,RTPD,MGHG,LMP_GHG_PRC,KERCKHOF_7_B1,ALL,1,0,1,175
2022-09-04T12:00:00-00:00,2022-09-04T12:15:00-00:00,2022-09-04,06,KERCKHOF_7_B1,KERCKHOF_7_B1,KERCKHOF_7_B1,RTPD,MGHG,LMP_GHG_PRC,KERCKHOF_7_B1,ALL,1,0,1,175
2022-09-04T13:00:00-00:00,2022-09-04T13:15:00-00:00,2022-09-04,07,KERCKHOF_7_B1,KERCKHOF_7_B1,KERCKHOF_7_B1,RTPD,MGHG,LMP_GHG_PRC,KERCKHOF_7_B1,ALL,1,0,1,175
2022-09-04T14:00:00-00:00,2022-09-04T14:15:00-00:00,2022-09-04,08,KERCKHOF_7_B1,KERCKHOF_7_B1,KERCKHOF_7_B1,RTPD,MGHG,LMP_GHG_PRC,KERCKHOF_7_B1,ALL,1,0,1,175
2022-09-04T15:00:00-00:00,2022-09-04T15:15:00-00:00,2022-09-04,09,KERCKHOF_7_B1,KERCKHOF_7_B1,KERCKHOF_7_B1,RTPD,MGHG,LMP_GHG_PRC,KERCKHOF_7_B1,ALL,1,0,1,175
2022-09-04T16:00:00-00:00,2022-09-04T16:15:00-00:00,2022-09-04,10,KERCKHOF_7_B1,KERCKHOF_7_B1,KERCKHOF_7_B1,RTPD,MGHG,LMP_GHG_PRC,KERCKHOF_7_B1,ALL,1,0,1,175
2022-09-04T17:00:00-00:00,2022-09-04T17:15:00-00:00,2022-09-04,11,KERCKHOF_7_B1,KERCKHOF_7_B1,KERCKHOF_7_B1,RTPD,MGHG,LMP_GHG_PRC,KERCKHOF_7_B1,ALL,1,0,1,175
2022-09-04T18:00:00-00:00,2022-09-04T18:15:00-00:00,2022-09-04,12,KERCKHOF_7_B1,KERCKHOF_7_B1,KERCKHOF_7_B1,RTPD,MGHG,LMP_GHG_PRC,KERCKHOF_7_B1,ALL,1,0,1,175
2022-09-04T19:00:00-00:00,2022-09-04T19:15:00-00:00,2022-09-04,13,KERCKHOF_7_B1,KERCKHOF_7_B1,KERCKHOF_7_B1,RTPD,MGHG,LMP_GHG_PRC,KERCKHOF_7_B1,ALL,1,0,1,175
2022-09-04T20:00:00-00:00,2022-09-04T20:15:00-00:00,2022-09-04,14,KERCKHOF_7_B1,KERCKHOF_7_B1,KERCKHOF_7_B1,RTPD,MGHG,LMP_GHG_PRC,KERCKHOF_7_B1,ALL,1,0,1,175
2022-09-04T21:00:00-00:00,2022-09-04T21:15:00-00:00,2022-09-04,15,KERCKHOF_7_B1,KERCKHOF_7_B1,KERCKHOF_7_B1,RTPD,MGHG,LMP_GHG_PRC,KERCKHOF_7_B1,ALL,1,0,1,175
2022-09-04T22:00:00-00:00,2022-09-04T22:15:00-00:00,2022-09-04,16,KERCKHOF_7_B1,KERCKHOF_7_B1,KERCKHOF_7_B1,RTPD,MGHG,LMP_GHG_PRC,KERCKHOF_7_B1,ALL,1,0,1,175
2022-09-04T23:00:00-00:00,2022-09-04T23:15:00-00:00,2022-09-04,17,KERCKHOF_7_B1,KERCKHOF_7_B1,KERCKHOF_7_B1,RTPD,MGHG,LMP_GHG_PRC,KERCKHOF_7_B1,ALL,1,0,1,175
2022-09-05T00:00:00-00:00,2022-09-05T00:15:00-00:00,2022-09-04,18,KERCKHOF_7_B1,KERCKHOF_7_B1,KERCKHOF_7_B1,RTPD,MGHG,LMP_GHG_PRC,KERCKHOF_7_B1,ALL,1,0,1,175
2022-09-05T01:00:00-00:00,2022-09-05T01:15:00-00:00,2022-09-04,19,KERCKHOF_7_B1,KERCKHOF_7_B1,KERCKHOF_7_B1,RTPD,MGHG,LMP_GHG_PRC,KERCKHOF_7_B1,ALL,1,0,1,175
2022-09-05T02:00:00-00:00,2022-09-05T02:15:00-00:00,2022-09-04,20,KERCKHOF_7_B1,KERCKHOF_7_B1,KERCKHOF_7_B1,RTPD,MGHG,LMP_GHG_PRC,KERCKHOF_7_B1,ALL,1,0,1,175
2022-09-05T03:00:00-00:00,2022-09-05T03:15:00-00:00,2022-09-04,21,KERCKHOF_7_B1,KERCKHOF_7_B1,KERCKHOF_7_B1,RTPD,MGHG,LMP_GHG_PRC,KERCKHOF_7_B1,ALL,1,0,1,175
2022-09-05T04:00:00-00:00,2022-09-05T04:15:00-00:00,2022-09-04,22,KERCKHOF_7_B1,KERCKHOF_7_B1,KERCKHOF_7_B1,RTPD,MGHG,LMP_GHG_PRC,KERCKHOF_7_B1,ALL,1,0,1,175
2022-09-05T05:00:00-00:00,2022-09-05T05:15:00-00:00,2022-09-04,23,KERCKHOF_7_B1,KERCKHOF_7_B1,KERCKHOF_7_B1,RTPD,MGHG,LMP_GHG_PRC,KERCKHOF_7_B1,ALL,1,0,1,175
2022-09-05T06:00:00-00:00,2022-09-05T06:15:00-00:00,2022-09-04,24,KERCKHOF_7_B1,KERCKHOF_7_B1,KERCKHOF_7_B1,RTPD,MGHG,LMP_GHG_PRC,KERCKHOF_7_B1,ALL,1,0,1,175
2022-09-04T07:15:00-00:00,2022-09-04T07:30:00-00:00,2022-09-04,01,KERCKHOF_7_B1,KERCKHOF_7_B1,KERCKHOF_7_B1,RTPD,MGHG,LMP_GHG_PRC,KERCKHOF_7_B1,ALL,1,0,2,175
2022-09-04T08:15:00-00:00,2022-09-04T08:30:00-00:00,2022-09-04,02,KERCKHOF_7_B1,KERCKHOF_7_B1,KERCKHOF_7_B1,RTPD,MGHG,LMP_GHG_PRC,KERCKHOF_7_B1,ALL,1,0,2,175
2022-09-04T09:15:00-00:00,2022-09-04T09:30:00-00:00,2022-09-04,03,KERCKHOF_7_B1,KERCKHOF_7_B1,KERCKHOF_7_B1,RTPD,MGHG,LMP_GHG_PRC,KERCKHOF_7_B1,ALL,1,0,2,175
2022-09-04T10:15:00-00:00,2022-09-04T10:30:00-00:00,2022-09-04,04,KERCKHOF_7_B1,KERCKHOF_7_B1,KERCKHOF_7_B1,RTPD,MGHG,LMP_GHG_PRC,KERCKHOF_7_B1,ALL,1,0,2,175
2022-09-04T11:15:00-00:00,2022-09-04T11:30:00-00:00,2022-09-04,05,KERCKHOF_7_B1,KERCKHOF_7_B1,KERCKHOF_7_B1,RTPD,MGHG,LMP_GHG_PRC,KERCKHOF_7_B1,ALL,1,0,2,175
2022-09-04T12:15:00-00:00,2022-09-04T12:30:00-00:00,2022-09-04,06,KERCKHOF_7_B1,KERCKHOF_7_B1,KERCKHOF_7_B1,RTPD,MGHG,LMP_GHG_PRC,KERCKHOF_7_B1,ALL,1,0,2,175
2022-09-04T13:15:00-00:00,2022-09-04T13:30:00-00:00,2022-09-04,07,KERCKHOF_7_B1,KERCKHOF_7_B1,KERCKHOF_7_B1,RTPD,MGHG,LMP_GHG_PRC,KERCKHOF_7_B1,ALL,1,0,2,175
2022-09-04T14:15:00-00:00,2022-09-04T14:30:00-00:00,2022-09-04,08,KERCKHOF_7_B1,KERCKHOF_7_B1,KERCKHOF_7_B1,RTPD,MGHG,LMP_GHG_PRC,KERCKHOF_7_B1,ALL,1,0,2,175
2022-09-04T15:15:00-00:00,2022-09-04T15:30:00-00:00,2022-09-04,09,KERCKHOF_7_B1,KERCKHOF_7_B1,KERCKHOF_7_B1,RTPD,MGHG,LMP_GHG_PRC,KERCKHOF_7_B1,ALL,1,0,2,175
2022-09-04T16:15:00-00:00,2022-09-04T16:30:00-00:00,2022-09-04,10,KERCKHOF_7_B1,KERCKHOF_7_B1,KERCKHOF_7_B1,RTPD,MGHG,LMP_GHG_PRC,KERCKHOF_7_B1,ALL,1,0,2,175
2022-09-04T17:15:00-00:00,2022-09-04T17:30:00-00:00,2022-09-04,11,KERCKHOF_7_B1,KERCKHOF_7_B1,KERCKHOF_7_B1,RTPD,MGHG,LMP_GHG_PRC,KERCKHOF_7_B1,ALL,1,0,2,175
2022-09-04T18:15:00-00:00,2022-09-04T18:30:00-00:00,2022-09-04,12,KERCKHOF_7_B1,KERCKHOF_7_B1,KERCKHOF_7_B1,RTPD,MGHG,LMP_GHG_PRC,KERCKHOF_7_B1,ALL,1,0,2,175
2022-09-04T19:15:00-00:00,2022-09-04T19:30:00-00:00,2022-09-04,13,KERCKHOF_7_B1,KERCKHOF_7_B1,KERCKHOF_7_B1,RTPD,MGHG,LMP_GHG_PRC,KERCKHOF_7_B1,ALL,1,0,2,175
2022-09-04T20:15:00-00:00,2022-09-04T20:30:00-00:00,2022-09-04,14,KERCKHOF_7_B1,KERCKHOF_7_B1,KERCKHOF_7_B1,RTPD,MGHG,LMP_GHG_PRC,KERCKHOF_7_B1,ALL,1,0,2,175
2022-09-04T21:15:00-00:00,2022-09-04T21:30:00-00:00,2022-09-04,15,KERCKHOF_7_B1,KERCKHOF_7_B1,KERCKHOF_7_B1,RTPD,MGHG,LMP_GHG_PRC,KERCKHOF_7_B1,ALL,1,0,2,175
2022-09-04T22:15:00-00:00,2022-09-04T22:30:00-00:00,2022-09-04,16,KERCKHOF_7_B1,KERCKHOF_7_B1,KERCKHOF_7_B1,RTPD,MGHG,LMP_GHG_PRC,KERCKHOF_7_B1,ALL,1,0,2,175
2022-09-04T23:15:00-00:00,2022-09-04T23:30:00-00:00,2022-09-04,17,KERCKHOF_7_B1,KERCKHOF_7_B1,KERCKHOF_7_B1,RTPD,MGHG,LMP_GHG_PRC,KERCKHOF_7_B1,ALL,1,0,2,175
2022-09-05T00:15:00-00:00,2022-09-05T00:30:00-00:00,2022-09-04,18,KERCKHOF_7_B1,KERCKHOF_7_B1,KERCKHOF_7_B1,RTPD,MGHG,LMP_GHG_PRC,KERCKHOF_7_B1,ALL,1,0,2,175
2022-09-05T01:15:00-00:00,2022-09-05T01:30:00-00:00,2022-09-04,19,KERCKHOF_7_B1,KERCKHOF_7_B1,KERCKHOF_7_B1,RTPD,MGHG,LMP_GHG_PRC,KERCKHOF_7_B1,ALL,1,0,2,175
2022-09-05T02:15:00-00:00,2022-09-05T02:30:00-00:00,2022-09-04,20,KERCKHOF_7_B1,KERCKHOF_7_B1,KERCKHOF_7_B1,RTPD,MGHG,LMP_GHG_PRC,KERCKHOF_7_B1,ALL,1,0,2,175
2022-09-05T03:15:00-00:00,2022-09-05T03:30:00-00:00,2022-09-04,21,KERCKHOF_7_B1,KERCKHOF_7_B1,KERCKHOF_7_B1,RTPD,MGHG,LMP_GHG_PRC,KERCKHOF_7_B1,ALL,1,0,2,175
2022-09-05T04:15:00-00:00,2022-09-05T04:30:00-00:00,2022-09-04,22,KERCKHOF_7_B1,KERCKHOF_7_B1,KERCKHOF_7_B1,RTPD,MGHG,LMP_GHG_PRC,KERCKHOF_7_B1,ALL,1,0,2,175
2022-09-05T05:15:00-00:00,2022-09-05T05:30:00-00:00,2022-09-04,23,KERCKHOF_7_B1,KERCKHOF_7_B1,KERCKHOF_7_B1,RTPD,MGHG,LMP_GHG_PRC,KERCKHOF_7_B1,ALL,1,0,2,175
2022-09-05T06:15:00-00:00,2022-09-05T06:30:00-00:00,2022-09-04,24,KERCKHOF_7_B1,KERCKHOF_7_B1,KERCKHOF_7_B1,RTPD,MGHG,LMP_GHG_PRC,KERCKHOF_7_B1,ALL,1,0,2,175
2022-09-04T07:30:00-00:00,2022-09-04T07:45:00-00:00,2022-09-04,01,KERCKHOF_7_B1,KERCKHOF_7_B1,KERCKHOF_7_B1,RTPD,MGHG,LMP_GHG_PRC,KERCKHOF_7_B1,ALL,1,0,3,175
2022-09-04T08:30:00-00:00,2022-09-04T08:45:00-00:00,2022-09-04,02,KERCKHOF_7_B1,KERCKHOF_7_B1,KERCKHOF_7_B1,RTPD,MGHG,LMP_GHG_PRC,KERCKHOF_7_B1,ALL,1,0,3,175
2022-09-04T09:30:00-00:00,2022-09-04T09:45:00-00:00,2022-09-04,03,KERCKHOF_7_B1,KERCKHOF_7_B1,KERCKHOF_7_B1,RTPD,MGHG,LMP_GHG_PRC,KERCKHOF_7_B1,ALL,1,0,3,175
2022-09-04T10:30:00-00:00,2022-09-04T10:45:00-00:00,2022-09-04,04,KERCKHOF_7_B1,KERCKHOF_7_B1,KERCKHOF_7_B1,RTPD,MGHG,LMP_GHG_PRC,KERCKHOF_7_B1,ALL,1,0,3,175
2022-09-04T11:30:00-00:00,2022-09-04T11:45:00-00:00,2022-09-04,05,KERCKHOF_7_B1,KERCKHOF_7_B1,KERCKHOF_7_B1,RTPD,MGHG,LMP_GHG_PRC,KERCKHOF_7_B1,ALL,1,0,3,175
2022-09-04T12:30:00-00:00,2022-09-04T12:45:00-00:00,2022-09-04,06,KERCKHOF_7_B1,KERCKHOF_7_B1,KERCKHOF_7_B1,RTPD,MGHG,LMP_GHG_PRC,KERCKHOF_7_B1,ALL,1,0,3,175
2022-09-04T13:30:00-00:00,2022-09-04T13:45:00-00:00,2022-09-04,07,KERCKHOF_7_B1,KERCKHOF_7_B1,KERCKHOF_7_B1,RTPD,MGHG,LMP_GHG_PRC,KERCKHOF_7_B1,ALL,1,0,3,175
2022-09-04T14:30:00-00:00,2022-09-04T14:45:00-00:00,2022-09-04,08,KERCKHOF_7_B1,KERCKHOF_7_B1,KERCKHOF_7_B1,RTPD,MGHG,LMP_GHG_PRC,KERCKHOF_7_B1,ALL,1,0,3,175
2022-09-04T15:30:00-00:00,2022-09-04T15:45:00-00:00,2022-09-04,09,KERCKHOF_7_B1,KERCKHOF_7_B1,KERCKHOF_7_B1,RTPD,MGHG,LMP_GHG_PRC,KERCKHOF_7_B1,ALL,1,0,3,175
2022-09-04T16:30:00-00:00,2022-09-04T16:45:00-00:00,2022-09-04,10,KERCKHOF_7_B1,KERCKHOF_7_B1,KERCKHOF_7_B1,RTPD,MGHG,LMP_GHG_PRC,KERCKHOF_7_B1,ALL,1,0,3,175
2022-09-04T17:30:00-00:00,2022-09-04T17:45:00-00:00,2022-09-04,11,KERCKHOF_7_B1,KERCKHOF_7_B1,KERCKHOF_7_B1,RTPD,MGHG,LMP_GHG_PRC,KERCKHOF_7_B1,ALL,1,0,3,175
2022-09-04T18:30:00-00:00,2022-09-04T18:45:00-00:00,2022-09-04,12,KERCKHOF_7_B1,KERCKHOF_7_B1,KERCKHOF_7_B1,RTPD,MGHG,LMP_GHG_PRC,KERCKHOF_7_B1,ALL,1,0,3,175
2022-09-04T19:30:00-00:00,2022-09-04T19:45:00-00:00,2022-09-04,13,KERCKHOF_7_B1,KERCKHOF_7_B1,KERCKHOF_7_B1,RTPD,MGHG,LMP_GHG_PRC,KERCKHOF_7_B1,ALL,1,0,3,175
2022-09-04T20:30:00-00:00,2022-09-04T20:45:00-00:00,2022-09-04,14,KERCKHOF_7_B1,KERCKHOF_7_B1,KERCKHOF_7_B1,RTPD,MGHG,LMP_GHG_PRC,KERCKHOF_7_B1,ALL,1,0,3,175
2022-09-04T21:30:00-00:00,2022-09-04T21:45:00-00:00,2022-09-04,15,KERCKHOF_7_B1,KERCKHOF_7_B1,KERCKHOF_7_B1,RTPD,MGHG,LMP_GHG_PRC,KERCKHOF_7_B1,ALL,1,0,3,175
2022-09-04T22:30:00-00:00,2022-09-04T22:45:00-00:00,2022-09-04,16,KERCKHOF_7_B1,KERCKHOF_7_B1,KERCKHOF_7_B1,RTPD,MGHG,LMP_GHG_PRC,KERCKHOF_7_B1,ALL,1,0,3,175
2022-09-04T23:30:00-00:00,2022-09-04T23:45:00-00:00,2022-09-04,17,KERCKHOF_7_B1,KERCKHOF_7_B1,KERCKHOF_7_B1,RTPD,MGHG,LMP_GHG_PRC,KERCKHOF_7_B1,ALL,1,0,3,175
2022-09-05T00:30:00-00:00,2022-09-05T00:45:00-00:00,2022-09-04,18,KERCKHOF_7_B1,KERCKHOF_7_B1,KERCKHOF_7_B1,RTPD,MGHG,LMP_GHG_PRC,KERCKHOF_7_B1,ALL,1,0,3,175
2022-09-05T01:30:00-00:00,2022-09-05T01:45:00-00:00,2022-09-04,19,KERCKHOF_7_B1,KERCKHOF_7_B1,KERCKHOF_7_B1,RTPD,MGHG,LMP_GHG_PRC,KERCKHOF_7_B1,ALL,1,0,3,175
2022-09-05T02:30:00-00:00,2022-09-05T02:45:00-00:00,2022-09-04,20,KERCKHOF_7_B1,KERCKHOF_7_B1,KERCKHOF_7_B1,RTPD,MGHG,LMP_GHG_PRC,KERCKHOF_7_B1,ALL,1,0,3,175
2022-09-05T03:30:00-00:00,2022-09-05T03:45:00-00:00,2022-09-04,21,KERCKHOF_7_B1,KERCKHOF_7_B1,KERCKHOF_7_B1,RTPD,MGHG,LMP_GHG_PRC,KERCKHOF_7_B1,ALL,1,0,3,175
2022-09-05T04:30:00-00:00,2022-09-05T04:45:00-00:00,2022-09-04,22,KERCKHOF_7_B1,KERCKHOF_7_B1,KERCKHOF_7_B1,RTPD,MGHG,LMP_GHG_PRC,KERCKHOF_7_B1,ALL,1,0,3,175
2022-09-05T05:30:00-00:00,2022-09-05T05:45:00-00:00,2022-09-04,23,KERCKHOF_7_B1,KERCKHOF_7_B1,KERCKHOF_7_B1,RTPD,MGHG,LMP_GHG_PRC,KERCKHOF_7_B1,ALL,1,0,3,175
2022-09-05T06:30:00-00:00,2022-09-05T06:45:00-00:00,2022-09-04,24,KERCKHOF_7_B1,KERCKHOF_7_B1,KERCKHOF_7_B1,RTPD,MGHG,LMP_GHG_PRC,KERCKHOF_7_B1,ALL,1,0,3,175
2022-09-04T07:45:00-00:00,2022-09-04T08:00:00-00:00,2022-09-04,01,KERCKHOF_7_B1,KERCKHOF_7_B1,KERCKHOF_7_B1,RTPD,MGHG,LMP_GHG_PRC,KERCKHOF_7_B1,ALL,1,0,4,175
2022-09-04T08:45:00-00:00,2022-09-04T09:00:00-00:00,2022-09-04,02,KERCKHOF_7_B1,KERCKHOF_7_B1,KERCKHOF_7_B1,RTPD,MGHG,LMP_GHG_PRC,KERCKHOF_7_B1,ALL,1,0,4,175
2022-09-04T09:45:00-00:00,2022-09-04T10:00:00-00:00,2022-09-04,03,KERCKHOF_7_B1,KERCKHOF_7_B1,KERCKHOF_7_B1,RTPD,MGHG,LMP_GHG_PRC,KERCKHOF_7_B1,ALL,1,0,4,175
2022-09-04T10:45:00-00:00,2022-09-04T11:00:00-00:00,2022-09-04,04,KERCKHOF_7_B1,KERCKHOF_7_B1,KERCKHOF_7_B1,RTPD,MGHG,LMP_GHG_PRC,KERCKHOF_7_B1,ALL,1,0,4,175
2022-09-04T11:45:00-00:00,2022-09-04T12:00:00-00:00,2022-09-04,05,KERCKHOF_7_B1,KERCKHOF_7_B1,KERCKHOF_7_B1,RTPD,MGHG,LMP_GHG_PRC,KERCKHOF_7_B1,ALL,1,0,4,175
2022-09-04T12:45:00-00:00,2022-09-04T13:00:00-00:00,2022-09-04,06,KERCKHOF_7_B1,KERCKHOF_7_B1,KERCKHOF_7_B1,RTPD,MGHG,LMP_GHG_PRC,KERCKHOF_7_B1,ALL,1,0,4,175
2022-09-04T13:45:00-00:00,2022-09-04T14:00:00-00:00,2022-09-04,07,KERCKHOF_7_B1,KERCKHOF_7_B1,KERCKHOF_7_B1,RTPD,MGHG,LMP_GHG_PRC,KERCKHOF_7_B1,ALL,1,0,4,175
2022-09-04T14:45:00-00:00,2022-09-04T15:00:00-00:00,2022-09-04,08,KERCKHOF_7_B1,KERCKHOF_7_B1,KERCKHOF_7_B1,RTPD,MGHG,LMP_GHG_PRC,KERCKHOF_7_B1,ALL,1,0,4,175
2022-09-04T15:45:00-00:00,2022-09-04T16:00:00-00:00,2022-09-04,09,KERCKHOF_7_B1,KERCKHOF_7_B1,KERCKHOF_7_B1,RTPD,MGHG,LMP_GHG_PRC,KERCKHOF_7_B1,ALL,1,0,4,175
2022-09-04T16:45:00-00:00,2022-09-04T17:00:00-00:00,2022-09-04,10,KERCKHOF_7_B1,KERCKHOF_7_B1,KERCKHOF_7_B1,RTPD,MGHG,LMP_GHG_PRC,KERCKHOF_7_B1,ALL,1,0,4,175
2022-09-04T17:45:00-00:00,2022-09-04T18:00:00-00:00,2022-09-04,11,KERCKHOF_7_B1,KERCKHOF_7_B1,KERCKHOF_7_B1,RTPD,MGHG,LMP_GHG_PRC,KERCKHOF_7_B1,ALL,1,0,4,175
2022-09-04T18:45:00-00:00,2022-09-04T19:00:00-00:00,2022-09-04,12,KERCKHOF_7_B1,KERCKHOF_7_B1,KERCKHOF_7_B1,RTPD,MGHG,LMP_GHG_PRC,KERCKHOF_7_B1,ALL,1,0,4,175
2022-09-04T19:45:00-00:00,2022-09-04T20:00:00-00:00,2022-09-04,13,KERCKHOF_7_B1,KERCKHOF_7_B1,KERCKHOF_7_B1,RTPD,MGHG,LMP_GHG_PRC,KERCKHOF_7_B1,ALL,1,0,4,175
2022-09-04T20:45:00-00:00,2022-09-04T21:00:00-00:00,2022-09-04,14,KERCKHOF_7_B1,KERCKHOF_7_B1,KERCKHOF_7_B1,RTPD,MGHG,LMP_GHG_PRC,KERCKHOF_7_B1,ALL,1,0,4,175
2022-09-04T21:45:00-00:00,2022-09-04T22:00:00-00:00,2022-09-04,15,KERCKHOF_7_B1,KERCKHOF_7_B1,KERCKHOF_7_B1,RTPD,MGHG,LMP_GHG_PRC,KERCKHOF_7_B1,ALL,1,0,4,175
2022-09-04T22:45:00-00:00,2022-09-04T23:00:00-00:00,2022-09-04,16,KERCKHOF_7_B1,KERCKHOF_7_B1,KERCKHOF_7_B1,RTPD,MGHG,LMP_GHG_PRC,KERCKHOF_7_B1,ALL,1,0,4,175
2022-09-04T23:45:00-00:00,2022-09-05T00:00:00-00:00,2022-09-04,17,KERCKHOF_7_B1,KERCKHOF_7_B1,KERCKHOF_7_B1,RTPD,MGHG,LMP_GHG_PRC,KERCKHOF_7_B1,ALL,1,0,4,175
2022-09-05T00:45:00-00:00,2022-09-05T01:00:00-00:00,2022-09-04,18,KERCKHOF_7_B1,KERCKHOF_7_B1,KERCKHOF_7_B1,RTPD,MGHG,LMP_GHG_PRC,KERCKHOF_7_B1,ALL,1,0,4,175
2022-09-05T01:45:00-00:00,2022-09-05T02:00:00-00:00,2022-09-04,19,KERCKHOF_7_B1,KERCKHOF_7_B1,KERCKHOF_7_B1,RTPD,MGHG,LMP_GHG_PRC,KERCKHOF_7_B1,ALL,1,0,4,175
2022-09-05T02:45:00-00:00,2022-09-05T03:00:00-00:00,2022-09-04,20,KERCKHOF_7_B1,KERCKHOF_7_B1,KERCKHOF_7_B1,RTPD,MGHG,LMP_GHG_PRC,KERCKHOF_7_B1,ALL,1,0,4,175
2022-09-05T03:45:00-00:00,2022-09-05T04:00:00-00:00,2022-09-04,21,KERCKHOF_7_B1,KERCKHOF_7_B1,KERCKHOF_7_B1,RTPD,MGHG,LMP_GHG_PRC,KERCKHOF_7_B1,ALL,1,0,4,175
2022-09-05T04:45:00-00:00,2022-09-05T05:00:00-00:00,2022-09-04,22,KERCKHOF_7_B1,KERCKHOF_7_B1,KERCKHOF_7_B1,RTPD,MGHG,LMP_GHG_PRC,KERCKHOF_7_B1,ALL,1,0,4,175
2022-09-05T05:45:00-00:00,2022-09-05T06:00:00-00:00,2022-09-04,23,KERCKHOF_7_B1,KERCKHOF_7_B1,KERCKHOF_7_B1,RTPD,MGHG,LMP_GHG_PRC,KERCKHOF_7_B1,ALL,1,0,4,175
2022-09-05T06:45:00-00:00,2022-09-05T07:00:00-00:00,2022-09-04,24,KERCKHOF_7_B1,KERCKHOF_7_B1,KERCKHOF_7_B1,RTPD,MGHG,LMP_GHG_PRC,KERCKHOF_7_B1,ALL,1,0,4,175
2022-09-04T07:00:00-00:00,2022-09-04T07:15:00-00:00,2022-09-04,01,KERMAN_6_N001,KERMAN_6_N001,KERMAN_6_N001,RTPD,LMP,LMP_PRC,KERMAN_6_N001,ALL,1,115.16031,1,176
2022-09-04T08:00:00-00:00,2022-09-04T08:15:00-00:00,2022-09-04,02,KERMAN_6_N001,KERMAN_6_N001,KERMAN_6_N001,RTPD,LMP,LMP_PRC,KERMAN_6_N001,ALL,1,103.94129,1,176
2022-09-04T09:00:00-00:00,2022-09-04T09:15:00-00:00,2022-09-04,03,KERMAN_6_N001,KERMAN_6_N001,KERMAN_6_N001,RTPD,LMP,LMP_PRC,KERMAN_6_N001,ALL,1,120.81726,1,176
2022-09-04T10:00:00-00:00,2022-09-04T10:15:00-00:00,2022-09-04,04,KERMAN_6_N001,KERMAN_6_N001,KERMAN_6_N001,RTPD,LMP,LMP_PRC,KERMAN_6_N001,ALL,1,112.16276,1,176
2022-09-04T11:00:00-00:00,2022-09-04T11:15:00-00:00,2022-09-04,05,KERMAN_6_N001,KERMAN_6_N001,KERMAN_6_N001,RTPD,LMP,LMP_PRC,KERMAN_6_N001,ALL,1,95.03552,1,176
2022-09-04T12:00:00-00:00,2022-09-04T12:15:00-00:00,2022-09-04,06,KERMAN_6_N001,KERMAN_6_N001,KERMAN_6_N001,RTPD,LMP,LMP_PRC,KERMAN_6_N001,ALL,1,82.564,1,176
2022-09-04T13:00:00-00:00,2022-09-04T13:15:00-00:00,2022-09-04,07,KERMAN_6_N001,KERMAN_6_N001,KERMAN_6_N001,RTPD,LMP,LMP_PRC,KERMAN_6_N001,ALL,1,63.50378,1,176
2022-09-04T14:00:00-00:00,2022-09-04T14:15:00-00:00,2022-09-04,08,KERMAN_6_N001,KERMAN_6_N001,KERMAN_6_N001,RTPD,LMP,LMP_PRC,KERMAN_6_N001,ALL,1,80.94005,1,176
2022-09-04T15:00:00-00:00,2022-09-04T15:15:00-00:00,2022-09-04,09,KERMAN_6_N001,KERMAN_6_N001,KERMAN_6_N001,RTPD,LMP,LMP_PRC,KERMAN_6_N001,ALL,1,70.17689,1,176
2022-09-04T16:00:00-00:00,2022-09-04T16:15:00-00:00,2022-09-04,10,KERMAN_6_N001,KERMAN_6_N001,KERMAN_6_N001,RTPD,LMP,LMP_PRC,KERMAN_6_N001,ALL,1,1.16132,1,176
2022-09-04T17:00:00-00:00,2022-09-04T17:15:00-00:00,2022-09-04,11,KERMAN_6_N001,KERMAN_6_N001,KERMAN_6_N001,RTPD,LMP,LMP_PRC,KERMAN_6_N001,ALL,1,-0.99707,1,176
2022-09-04T18:00:00-00:00,2022-09-04T18:15:00-00:00,2022-09-04,12,KERMAN_6_N001,KERMAN_6_N001,KERMAN_6_N001,RTPD,LMP,LMP_PRC,KERMAN_6_N001,ALL,1,4.0223,1,176
2022-09-04T19:00:00-00:00,2022-09-04T19:15:00-00:00,2022-09-04,13,KERMAN_6_N001,KERMAN_6_N001,KERMAN_6_N001,RTPD,LMP,LMP_PRC,KERMAN_6_N001,ALL,1,30.47905,1,176
2022-09-04T20:00:00-00:00,2022-09-04T20:15:00-00:00,2022-09-04,14,KERMAN_6_N001,KERMAN_6_N001,KERMAN_6_N001,RTPD,LMP,LMP_PRC,KERMAN_6_N001,ALL,1,72.19647,1,176
2022-09-04T21:00:00-00:00,2022-09-04T21:15:00-00:00,2022-09-04,15,KERMAN_6_N001,KERMAN_6_N001,KERMAN_6_N001,RTPD,LMP,LMP_PRC,KERMAN_6_N001,ALL,1,71.47365,1,176
2022-09-04T22:00:00-00:00,2022-09-04T22:15:00-00:00,2022-09-04,16,KERMAN_6_N001,KERMAN_6_N001,KERMAN_6_N001,RTPD,LMP,LMP_PRC,KERMAN_6_N001,ALL,1,78.71655,1,176
2022-09-04T23:00:00-00:00,2022-09-04T23:15:00-00:00,2022-09-04,17,KERMAN_6_N001,KERMAN_6_N001,KERMAN_6_N001,RTPD,LMP,LMP_PRC,KERMAN_6_N001,ALL,1,85.91844,1,176
2022-09-05T00:00:00-00:00,2022-09-05T00:15:00-00:00,2022-09-04,18,KERMAN_6_N001,KERMAN_6_N001,KERMAN_6_N001,RTPD,LMP,LMP_PRC,KERMAN_6_N001,ALL,1,110.19628,1,176
2022-09-05T01:00:00-00:00,2022-09-05T01:15:00-00:00,2022-09-04,19,KERMAN_6_N001,KERMAN_6_N001,KERMAN_6_N001,RTPD,LMP,LMP_PRC,KERMAN_6_N001,ALL,1,136.03235,1,176
2022-09-05T02:00:00-00:00,2022-09-05T02:15:00-00:00,2022-09-04,20,KERMAN_6_N001,KERMAN_6_N001,KERMAN_6_N001,RTPD,LMP,LMP_PRC,KERMAN_6_N001,ALL,1,170.42534,1,176
2022-09-05T03:00:00-00:00,2022-09-05T03:15:00-00:00,2022-09-04,21,KERMAN_6_N001,KERMAN_6_N001,KERMAN_6_N001,RTPD,LMP,LMP_PRC,KERMAN_6_N001,ALL,1,602.9883,1,176
2022-09-05T04:00:00-00:00,2022-09-05T04:15:00-00:00,2022-09-04,22,KERMAN_6_N001,KERMAN_6_N001,KERMAN_6_N001,RTPD,LMP,LMP_PRC,KERMAN_6_N001,ALL,1,158.36922,1,176
2022-09-05T05:00:00-00:00,2022-09-05T05:15:00-00:00,2022-09-04,23,KERMAN_6_N001,KERMAN_6_N001,KERMAN_6_N001,RTPD,LMP,LMP_PRC,KERMAN_6_N001,ALL,1,177.71214,1,176
2022-09-05T06:00:00-00:00,2022-09-05T06:15:00-00:00,2022-09-04,24,KERMAN_6_N001,KERMAN_6_N001,KERMAN_6_N001,RTPD,LMP,LMP_PRC,KERMAN_6_N001,ALL,1,155.37189,1,176
2022-09-04T07:15:00-00:00,2022-09-04T07:30:00-00:00,2022-09-04,01,KERMAN_6_N001,KERMAN_6_N001,KERMAN_6_N001,RTPD,LMP,LMP_PRC,KERMAN_6_N001,ALL,1,112.54124,2,176
2022-09-04T08:15:00-00:00,2022-09-04T08:30:00-00:00,2022-09-04,02,KERMAN_6_N001,KERMAN_6_N001,KERMAN_6_N001,RTPD,LMP,LMP_PRC,KERMAN_6_N001,ALL,1,121.44118,2,176
2022-09-04T09:15:00-00:00,2022-09-04T09:30:00-00:00,2022-09-04,03,KERMAN_6_N001,KERMAN_6_N001,KERMAN_6_N001,RTPD,LMP,LMP_PRC,KERMAN_6_N001,ALL,1,101.54989,2,176
2022-09-04T10:15:00-00:00,2022-09-04T10:30:00-00:00,2022-09-04,04,KERMAN_6_N001,KERMAN_6_N001,KERMAN_6_N001,RTPD,LMP,LMP_PRC,KERMAN_6_N001,ALL,1,111.2842,2,176
2022-09-04T11:15:00-00:00,2022-09-04T11:30:00-00:00,2022-09-04,05,KERMAN_6_N001,KERMAN_6_N001,KERMAN_6_N001,RTPD,LMP,LMP_PRC,KERMAN_6_N001,ALL,1,124.53702,2,176
2022-09-04T12:15:00-00:00,2022-09-04T12:30:00-00:00,2022-09-04,06,KERMAN_6_N001,KERMAN_6_N001,KERMAN_6_N001,RTPD,LMP,LMP_PRC,KERMAN_6_N001,ALL,1,82.56591,2,176
2022-09-04T13:15:00-00:00,2022-09-04T13:30:00-00:00,2022-09-04,07,KERMAN_6_N001,KERMAN_6_N001,KERMAN_6_N001,RTPD,LMP,LMP_PRC,KERMAN_6_N001,ALL,1,48.58192,2,176
2022-09-04T14:15:00-00:00,2022-09-04T14:30:00-00:00,2022-09-04,08,KERMAN_6_N001,KERMAN_6_N001,KERMAN_6_N001,RTPD,LMP,LMP_PRC,KERMAN_6_N001,ALL,1,73.66271,2,176
2022-09-04T15:15:00-00:00,2022-09-04T15:30:00-00:00,2022-09-04,09,KERMAN_6_N001,KERMAN_6_N001,KERMAN_6_N001,RTPD,LMP,LMP_PRC,KERMAN_6_N001,ALL,1,51.15665,2,176
2022-09-04T16:15:00-00:00,2022-09-04T16:30:00-00:00,2022-09-04,10,KERMAN_6_N001,KERMAN_6_N001,KERMAN_6_N001,RTPD,LMP,LMP_PRC,KERMAN_6_N001,ALL,1,0.99435,2,176
2022-09-04T17:15:00-00:00,2022-09-04T17:30:00-00:00,2022-09-04,11,KERMAN_6_N001,KERMAN_6_N001,KERMAN_6_N001,RTPD,LMP,LMP_PRC,KERMAN_6_N001,ALL,1,0.17074,2,176
2022-09-04T18:15:00-00:00,2022-09-04T18:30:00-00:00,2022-09-04,12,KERMAN_6_N001,KERMAN_6_N001,KERMAN_6_N001,RTPD,LMP,LMP_PRC,KERMAN_6_N001,ALL,1,7.04228,2,176
2022-09-04T19:15:00-00:00,2022-09-04T19:30:00-00:00,2022-09-04,13,KERMAN_6_N001,KERMAN_6_N001,KERMAN_6_N001,RTPD,LMP,LMP_PRC,KERMAN_6_N001,ALL,1,53.65213,2,176
2022-09-04T20:15:00-00:00,2022-09-04T20:30:00-00:00,2022-09-04,14,KERMAN_6_N001,KERMAN_6_N001,KERMAN_6_N001,RTPD,LMP,LMP_PRC,KERMAN_6_N001,ALL,1,70.97168,2,176
2022-09-04T21:15:00-00:00,2022-09-04T21:30:00-00:00,2022-09-04,15,KERMAN_6_N001,KERMAN_6_N001,KERMAN_6_N001,RTPD,LMP,LMP_PRC,KERMAN_6_N001,ALL,1,76.57002,2,176
2022-09-04T22:15:00-00:00,2022-09-04T22:30:00-00:00,2022-09-04,16,KERMAN_6_N001,KERMAN_6_N001,KERMAN_6_N001,RTPD,LMP,LMP_PRC,KERMAN_6_N001,ALL,1,85.94187,2,176
2022-09-04T23:15:00-00:00,2022-09-04T23:30:00-00:00,2022-09-04,17,KERMAN_6_N001,KERMAN_6_N001,KERMAN_6_N001,RTPD,LMP,LMP_PRC,KERMAN_6_N001,ALL,1,99.09684,2,176
2022-09-05T00:15:00-00:00,2022-09-05T00:30:00-00:00,2022-09-04,18,KERMAN_6_N001,KERMAN_6_N001,KERMAN_6_N001,RTPD,LMP,LMP_PRC,KERMAN_6_N001,ALL,1,110.14118,2,176
2022-09-05T01:15:00-00:00,2022-09-05T01:30:00-00:00,2022-09-04,19,KERMAN_6_N001,KERMAN_6_N001,KERMAN_6_N001,RTPD,LMP,LMP_PRC,KERMAN_6_N001,ALL,1,309.255,2,176
2022-09-05T02:15:00-00:00,2022-09-05T02:30:00-00:00,2022-09-04,20,KERMAN_6_N001,KERMAN_6_N001,KERMAN_6_N001,RTPD,LMP,LMP_PRC,KERMAN_6_N001,ALL,1,184.37233,2,176
2022-09-05T03:15:00-00:00,2022-09-05T03:30:00-00:00,2022-09-04,21,KERMAN_6_N001,KERMAN_6_N001,KERMAN_6_N001,RTPD,LMP,LMP_PRC,KERMAN_6_N001,ALL,1,579.53894,2,176
2022-09-05T04:15:00-00:00,2022-09-05T04:30:00-00:00,2022-09-04,22,KERMAN_6_N001,KERMAN_6_N001,KERMAN_6_N001,RTPD,LMP,LMP_PRC,KERMAN_6_N001,ALL,1,152.10548,2,176
2022-09-05T05:15:00-00:00,2022-09-05T05:30:00-00:00,2022-09-04,23,KERMAN_6_N001,KERMAN_6_N001,KERMAN_6_N001,RTPD,LMP,LMP_PRC,KERMAN_6_N001,ALL,1,179.75195,2,176
2022-09-05T06:15:00-00:00,2022-09-05T06:30:00-00:00,2022-09-04,24,KERMAN_6_N001,KERMAN_6_N001,KERMAN_6_N001,RTPD,LMP,LMP_PRC,KERMAN_6_N001,ALL,1,141.56601,2,176
2022-09-04T07:30:00-00:00,2022-09-04T07:45:00-00:00,2022-09-04,01,KERMAN_6_N001,KERMAN_6_N001,KERMAN_6_N001,RTPD,LMP,LMP_PRC,KERMAN_6_N001,ALL,1,104.47125,3,176
2022-09-04T08:30:00-00:00,2022-09-04T08:45:00-00:00,2022-09-04,02,KERMAN_6_N001,KERMAN_6_N001,KERMAN_6_N001,RTPD,LMP,LMP_PRC,KERMAN_6_N001,ALL,1,121.90209,3,176
2022-09-04T09:30:00-00:00,2022-09-04T09:45:00-00:00,2022-09-04,03,KERMAN_6_N001,KERMAN_6_N001,KERMAN_6_N001,RTPD,LMP,LMP_PRC,KERMAN_6_N001,ALL,1,92.97779,3,176
2022-09-04T10:30:00-00:00,2022-09-04T10:45:00-00:00,2022-09-04,04,KERMAN_6_N001,KERMAN_6_N001,KERMAN_6_N001,RTPD,LMP,LMP_PRC,KERMAN_6_N001,ALL,1,119.2134,3,176
2022-09-04T11:30:00-00:00,2022-09-04T11:45:00-00:00,2022-09-04,05,KERMAN_6_N001,KERMAN_6_N001,KERMAN_6_N001,RTPD,LMP,LMP_PRC,KERMAN_6_N001,ALL,1,124.43848,3,176
2022-09-04T12:30:00-00:00,2022-09-04T12:45:00-00:00,2022-09-04,06,KERMAN_6_N001,KERMAN_6_N001,KERMAN_6_N001,RTPD,LMP,LMP_PRC,KERMAN_6_N001,ALL,1,81.58899,3,176
2022-09-04T13:30:00-00:00,2022-09-04T13:45:00-00:00,2022-09-04,07,KERMAN_6_N001,KERMAN_6_N001,KERMAN_6_N001,RTPD,LMP,LMP_PRC,KERMAN_6_N001,ALL,1,41.63489,3,176
2022-09-04T14:30:00-00:00,2022-09-04T14:45:00-00:00,2022-09-04,08,KERMAN_6_N001,KERMAN_6_N001,KERMAN_6_N001,RTPD,LMP,LMP_PRC,KERMAN_6_N001,ALL,1,72.46772,3,176
2022-09-04T15:30:00-00:00,2022-09-04T15:45:00-00:00,2022-09-04,09,KERMAN_6_N001,KERMAN_6_N001,KERMAN_6_N001,RTPD,LMP,LMP_PRC,KERMAN_6_N001,ALL,1,38.37034,3,176
2022-09-04T16:30:00-00:00,2022-09-04T16:45:00-00:00,2022-09-04,10,KERMAN_6_N001,KERMAN_6_N001,KERMAN_6_N001,RTPD,LMP,LMP_PRC,KERMAN_6_N001,ALL,1,2.91304,3,176
2022-09-04T17:30:00-00:00,2022-09-04T17:45:00-00:00,2022-09-04,11,KERMAN_6_N001,KERMAN_6_N001,KERMAN_6_N001,RTPD,LMP,LMP_PRC,KERMAN_6_N001,ALL,1,0.77093,3,176
2022-09-04T18:30:00-00:00,2022-09-04T18:45:00-00:00,2022-09-04,12,KERMAN_6_N001,KERMAN_6_N001,KERMAN_6_N001,RTPD,LMP,LMP_PRC,KERMAN_6_N001,ALL,1,56.09848,3,176
2022-09-04T19:30:00-00:00,2022-09-04T19:45:00-00:00,2022-09-04,13,KERMAN_6_N001,KERMAN_6_N001,KERMAN_6_N001,RTPD,LMP,LMP_PRC,KERMAN_6_N001,ALL,1,66.54095,3,176
2022-09-04T20:30:00-00:00,2022-09-04T20:45:00-00:00,2022-09-04,14,KERMAN_6_N001,KERMAN_6_N001,KERMAN_6_N001,RTPD,LMP,LMP_PRC,KERMAN_6_N001,ALL,1,68.75011,3,176
2022-09-04T21:30:00-00:00,2022-09-04T21:45:00-00:00,2022-09-04,15,KERMAN_6_N001,KERMAN_6_N001,KERMAN_6_N001,RTPD,LMP,LMP_PRC,KERMAN_6_N001,ALL,1,80.49533,3,176
2022-09-04T22:30:00-00:00,2022-09-04T22:45:00-00:00,2022-09-04,16,KERMAN_6_N001,KERMAN_6_N001,KERMAN_6_N001,RTPD,LMP,LMP_PRC,KERMAN_6_N001,ALL,1,96.08716,3,176
2022-09-04T23:30:00-00:00,2022-09-04T23:45:00-00:00,2022-09-04,17,KERMAN_6_N001,KERMAN_6_N001,KERMAN_6_N001,RTPD,LMP,LMP_PRC,KERMAN_6_N001,ALL,1,102.72728,3,176
2022-09-05T00:30:00-00:00,2022-09-05T00:45:00-00:00,2022-09-04,18,KERMAN_6_N001,KERMAN_6_N001,KERMAN_6_N001,RTPD,LMP,LMP_PRC,KERMAN_6_N001,ALL,1,116.68711,3,176
2022-09-05T01:30:00-00:00,2022-09-05T01:45:00-00:00,2022-09-04,19,KERMAN_6_N001,KERMAN_6_N001,KERMAN_6_N001,RTPD,LMP,LMP_PRC,KERMAN_6_N001,ALL,1,1387.3823,3,176
2022-09-05T02:30:00-00:00,2022-09-05T02:45:00-00:00,2022-09-04,20,KERMAN_6_N001,KERMAN_6_N001,KERMAN_6_N001,RTPD,LMP,LMP_PRC,KERMAN_6_N001,ALL,1,152.9804,3,176
2022-09-05T03:30:00-00:00,2022-09-05T03:45:00-00:00,2022-09-04,21,KERMAN_6_N001,KERMAN_6_N001,KERMAN_6_N001,RTPD,LMP,LMP_PRC,KERMAN_6_N001,ALL,1,495.08597,3,176
2022-09-05T04:30:00-00:00,2022-09-05T04:45:00-00:00,2022-09-04,22,KERMAN_6_N001,KERMAN_6_N001,KERMAN_6_N001,RTPD,LMP,LMP_PRC,KERMAN_6_N001,ALL,1,152.59517,3,176
2022-09-05T05:30:00-00:00,2022-09-05T05:45:00-00:00,2022-09-04,23,KERMAN_6_N001,KERMAN_6_N001,KERMAN_6_N001,RTPD,LMP,LMP_PRC,KERMAN_6_N001,ALL,1,152.56918,3,176
2022-09-05T06:30:00-00:00,2022-09-05T06:45:00-00:00,2022-09-04,24,KERMAN_6_N001,KERMAN_6_N001,KERMAN_6_N001,RTPD,LMP,LMP_PRC,KERMAN_6_N001,ALL,1,106.03713,3,176
2022-09-04T07:45:00-00:00,2022-09-04T08:00:00-00:00,2022-09-04,01,KERMAN_6_N001,KERMAN_6_N001,KERMAN_6_N001,RTPD,LMP,LMP_PRC,KERMAN_6_N001,ALL,1,126.39942,4,176
2022-09-04T08:45:00-00:00,2022-09-04T09:00:00-00:00,2022-09-04,02,KERMAN_6_N001,KERMAN_6_N001,KERMAN_6_N001,RTPD,LMP,LMP_PRC,KERMAN_6_N001,ALL,1,123.53874,4,176
2022-09-04T09:45:00-00:00,2022-09-04T10:00:00-00:00,2022-09-04,03,KERMAN_6_N001,KERMAN_6_N001,KERMAN_6_N001,RTPD,LMP,LMP_PRC,KERMAN_6_N001,ALL,1,97.68432,4,176
2022-09-04T10:45:00-00:00,2022-09-04T11:00:00-00:00,2022-09-04,04,KERMAN_6_N001,KERMAN_6_N001,KERMAN_6_N001,RTPD,LMP,LMP_PRC,KERMAN_6_N001,ALL,1,94.75349,4,176
2022-09-04T11:45:00-00:00,2022-09-04T12:00:00-00:00,2022-09-04,05,KERMAN_6_N001,KERMAN_6_N001,KERMAN_6_N001,RTPD,LMP,LMP_PRC,KERMAN_6_N001,ALL,1,79.64043,4,176
2022-09-04T12:45:00-00:00,2022-09-04T13:00:00-00:00,2022-09-04,06,KERMAN_6_N001,KERMAN_6_N001,KERMAN_6_N001,RTPD,LMP,LMP_PRC,KERMAN_6_N001,ALL,1,78.32957,4,176
2022-09-04T13:45:00-00:00,2022-09-04T14:00:00-00:00,2022-09-04,07,KERMAN_6_N001,KERMAN_6_N001,KERMAN_6_N001,RTPD,LMP,LMP_PRC,KERMAN_6_N001,ALL,1,33.88406,4,176
2022-09-04T14:45:00-00:00,2022-09-04T15:00:00-00:00,2022-09-04,08,KERMAN_6_N001,KERMAN_6_N001,KERMAN_6_N001,RTPD,LMP,LMP_PRC,KERMAN_6_N001,ALL,1,35.98716,4,176
2022-09-04T15:45:00-00:00,2022-09-04T16:00:00-00:00,2022-09-04,09,KERMAN_6_N001,KERMAN_6_N001,KERMAN_6_N001,RTPD,LMP,LMP_PRC,KERMAN_6_N001,ALL,1,2.63692,4,176
2022-09-04T16:45:00-00:00,2022-09-04T17:00:00-00:00,2022-09-04,10,KERMAN_6_N001,KERMAN_6_N001,KERMAN_6_N001,RTPD,LMP,LMP_PRC,KERMAN_6_N001,ALL,1,0.11819,4,176
2022-09-04T17:45:00-00:00,2022-09-04T18:00:00-00:00,2022-09-04,11,KERMAN_6_N001,KERMAN_6_N001,KERMAN_6_N001,RTPD,LMP,LMP_PRC,KERMAN_6_N001,ALL,1,1.41392,4,176
2022-09-04T18:45:00-00:00,2022-09-04T19:00:00-00:00,2022-09-04,12,KERMAN_6_N001,KERMAN_6_N001,KERMAN_6_N001,RTPD,LMP,LMP_PRC,KERMAN_6_N001,ALL,1,66.82383,4,176
2022-09-04T19:45:00-00:00,2022-09-04T20:00:00-00:00,2022-09-04,13,KERMAN_6_N001,KERMAN_6_N001,KERMAN_6_N001,RTPD,LMP,LMP_PRC,KERMAN_6_N001,ALL,1,47.87393,4,176
2022-09-04T20:45:00-00:00,2022-09-04T21:00:00-00:00,2022-09-04,14,KERMAN_6_N001,KERMAN_6_N001,KERMAN_6_N001,RTPD,LMP,LMP_PRC,KERMAN_6_N001,ALL,1,78.49414,4,176
2022-09-04T21:45:00-00:00,2022-09-04T22:00:00-00:00,2022-09-04,15,KERMAN_6_N001,KERMAN_6_N001,KERMAN_6_N001,RTPD,LMP,LMP_PRC,KERMAN_6_N001,ALL,1,78.32615,4,176
2022-09-04T22:45:00-00:00,2022-09-04T23:00:00-00:00,2022-09-04,16,KERMAN_6_N001,KERMAN_6_N001,KERMAN_6_N001,RTPD,LMP,LMP_PRC,KERMAN_6_N001,ALL,1,122.4144,4,176
2022-09-04T23:45:00-00:00,2022-09-05T00:00:00-00:00,2022-09-04,17,KERMAN_6_N001,KERMAN_6_N001,KERMAN_6_N001,RTPD,LMP,LMP_PRC,KERMAN_6_N001,ALL,1,135.376,4,176
2022-09-05T00:45:00-00:00,2022-09-05T01:00:00-00:00,2022-09-04,18,KERMAN_6_N001,KERMAN_6_N001,KERMAN_6_N001,RTPD,LMP,LMP_PRC,KERMAN_6_N001,ALL,1,154.17883,4,176
2022-09-05T01:45:00-00:00,2022-09-05T02:00:00-00:00,2022-09-04,19,KERMAN_6_N001,KERMAN_6_N001,KERMAN_6_N001,RTPD,LMP,LMP_PRC,KERMAN_6_N001,ALL,1,1225.7365,4,176
2022-09-05T02:45:00-00:00,2022-09-05T03:00:00-00:00,2022-09-04,20,KERMAN_6_N001,KERMAN_6_N001,KERMAN_6_N001,RTPD,LMP,LMP_PRC,KERMAN_6_N001,ALL,1,136.90865,4,176
2022-09-05T03:45:00-00:00,2022-09-05T04:00:00-00:00,2022-09-04,21,KERMAN_6_N001,KERMAN_6_N001,KERMAN_6_N001,RTPD,LMP,LMP_PRC,KERMAN_6_N001,ALL,1,138.90549,4,176
2022-09-05T04:45:00-00:00,2022-09-05T05:00:00-00:00,2022-09-04,22,KERMAN_6_N001,KERMAN_6_N001,KERMAN_6_N001,RTPD,LMP,LMP_PRC,KERMAN_6_N001,ALL,1,151.10226,4,176
2022-09-05T05:45:00-00:00,2022-09-05T06:00:00-00:00,2022-09-04,23,KERMAN_6_N001,KERMAN_6_N001,KERMAN_6_N001,RTPD,LMP,LMP_PRC,KERMAN_6_N001,ALL,1,112.62496,4,176
2022-09-05T06:45:00-00:00,2022-09-05T07:00:00-00:00,2022-09-04,24,KERMAN_6_N001,KERMAN_6_N001,KERMAN_6_N001,RTPD,LMP,LMP_PRC,KERMAN_6_N001,ALL,1,94.41554,4,176
2022-09-04T07:00:00-00:00,2022-09-04T07:15:00-00:00,2022-09-04,01,KERMAN_6_N001,KERMAN_6_N001,KERMAN_6_N001,RTPD,MCC,LMP_CONG_PRC,KERMAN_6_N001,ALL,1,-2.38329,1,177
2022-09-04T08:00:00-00:00,2022-09-04T08:15:00-00:00,2022-09-04,02,KERMAN_6_N001,KERMAN_6_N001,KERMAN_6_N001,RTPD,MCC,LMP_CONG_PRC,KERMAN_6_N001,ALL,1,6.49591,1,177
2022-09-04T09:00:00-00:00,2022-09-04T09:15:00-00:00,2022-09-04,03,KERMAN_6_N001,KERMAN_6_N001,KERMAN_6_N001,RTPD,MCC,LMP_CONG_PRC,KERMAN_6_N001,ALL,1,32.89016,1,177
2022-09-04T10:00:00-00:00,2022-09-04T10:15:00-00:00,2022-09-04,04,KERMAN_6_N001,KERMAN_6_N001,KERMAN_6_N001,RTPD,MCC,LMP_CONG_PRC,KERMAN_6_N001,ALL,1,14.51521,1,177
2022-09-04T11:00:00-00:00,2022-09-04T11:15:00-00:00,2022-09-04,05,KERMAN_6_N001,KERMAN_6_N001,KERMAN_6_N001,RTPD,MCC,LMP_CONG_PRC,KERMAN_6_N001,ALL,1,3.93258,1,177
2022-09-04T12:00:00-00:00,2022-09-04T12:15:00-00:00,2022-09-04,06,KERMAN_6_N001,KERMAN_6_N001,KERMAN_6_N001,RTPD,MCC,LMP_CONG_PRC,KERMAN_6_N001,ALL,1,-9.4582,1,177
2022-09-04T13:00:00-00:00,2022-09-04T13:15:00-00:00,2022-09-04,07,KERMAN_6_N001,KERMAN_6_N001,KERMAN_6_N001,RTPD,MCC,LMP_CONG_PRC,KERMAN_6_N001,ALL,1,-20.01074,1,177
2022-09-04T14:00:00-00:00,2022-09-04T14:15:00-00:00,2022-09-04,08,KERMAN_6_N001,KERMAN_6_N001,KERMAN_6_N001,RTPD,MCC,LMP_CONG_PRC,KERMAN_6_N001,ALL,1,-10.26531,1,177
2022-09-04T15:00:00-00:00,2022-09-04T15:15:00-00:00,2022-09-04,09,KERMAN_6_N001,KERMAN_6_N001,KERMAN_6_N001,RTPD,MCC,LMP_CONG_PRC,KERMAN_6_N001,ALL,1,-8.92775,1,177
2022-09-04T16:00:00-00:00,2022-09-04T16:15:00-00:00,2022-09-04,10,KERMAN_6_N001,KERMAN_6_N001,KERMAN_6_N001,RTPD,MCC,LMP_CONG_PRC,KERMAN_6_N001,ALL,1,-51.30932,1,177
2022-09-04T17:00:00-00:00,2022-09-04T17:15:00-00:00,2022-09-04,11,KERMAN_6_N001,KERMAN_6_N001,KERMAN_6_N001,RTPD,MCC,LMP_CONG_PRC,KERMAN_6_N001,ALL,1,-62.49721,1,177
2022-09-04T18:00:00-00:00,2022-09-04T18:15:00-00:00,2022-09-04,12,KERMAN_6_N001,KERMAN_6_N001,KERMAN_6_N001,RTPD,MCC,LMP_CONG_PRC,KERMAN_6_N001,ALL,1,-63.45777,1,177
2022-09-04T19:00:00-00:00,2022-09-04T19:15:00-00:00,2022-09-04,13,KERMAN_6_N001,KERMAN_6_N001,KERMAN_6_N001,RTPD,MCC,LMP_CONG_PRC,KERMAN_6_N001,ALL,1,-46.95076,1,177
2022-09-04T20:00:00-00:00,2022-09-04T20:15:00-00:00,2022-09-04,14,KERMAN_6_N001,KERMAN_6_N001,KERMAN_6_N001,RTPD,MCC,LMP_CONG_PRC,KERMAN_6_N001,ALL,1,-17.80069,1,177
2022-09-04T21:00:00-00:00,2022-09-04T21:15:00-00:00,2022-09-04,15,KERMAN_6_N001,KERMAN_6_N001,KERMAN_6_N001,RTPD,MCC,LMP_CONG_PRC,KERMAN_6_N001,ALL,1,-30.15831,1,177
2022-09-04T22:00:00-00:00,2022-09-04T22:15:00-00:00,2022-09-04,16,KERMAN_6_N001,KERMAN_6_N001,KERMAN_6_N001,RTPD,MCC,LMP_CONG_PRC,KERMAN_6_N001,ALL,1,-23.99555,1,177
2022-09-04T23:00:00-00:00,2022-09-04T23:15:00-00:00,2022-09-04,17,KERMAN_6_N001,KERMAN_6_N001,KERMAN_6_N001,RTPD,MCC,LMP_CONG_PRC,KERMAN_6_N001,ALL,1,-19.74322,1,177
2022-09-05T00:00:00-00:00,2022-09-05T00:15:00-00:00,2022-09-04,18,KERMAN_6_N001,KERMAN_6_N001,KERMAN_6_N001,RTPD,MCC,LMP_CONG_PRC,KERMAN_6_N001,ALL,1,-3.92461,1,177
2022-09-05T01:00:00-00:00,2022-09-05T01:15:00-00:00,2022-09-04,19,KERMAN_6_N001,KERMAN_6_N001,KERMAN_6_N001,RTPD,MCC,LMP_CONG_PRC,KERMAN_6_N001,ALL,1,-37.97852,1,177
2022-09-05T02:00:00-00:00,2022-09-05T02:15:00-00:00,2022-09-04,20,KERMAN_6_N001,KERMAN_6_N001,KERMAN_6_N001,RTPD,MCC,LMP_CONG_PRC,KERMAN_6_N001,ALL,1,22.95926,1,177
2022-09-05T03:00:00-00:00,2022-09-05T03:15:00-00:00,2022-09-04,21,KERMAN_6_N001,KERMAN_6_N001,KERMAN_6_N001,RTPD,MCC,LMP_CONG_PRC,KERMAN_6_N001,ALL,1,440.65604,1,177
2022-09-05T04:00:00-00:00,2022-09-05T04:15:00-00:00,2022-09-04,22,KERMAN_6_N001,KERMAN_6_N001,KERMAN_6_N001,RTPD,MCC,LMP_CONG_PRC,KERMAN_6_N001,ALL,1,20.25599,1,177
2022-09-05T05:00:00-00:00,2022-09-05T05:15:00-00:00,2022-09-04,23,KERMAN_6_N001,KERMAN_6_N001,KERMAN_6_N001,RTPD,MCC,LMP_CONG_PRC,KERMAN_6_N001,ALL,1,22.6068,1,177
2022-09-05T06:00:00-00:00,2022-09-05T06:15:00-00:00,2022-09-04,24,KERMAN_6_N001,KERMAN_6_N001,KERMAN_6_N001,RTPD,MCC,LMP_CONG_PRC,KERMAN_6_N001,ALL,1,13.08386,1,177
2022-09-04T07:15:00-00:00,2022-09-04T07:30:00-00:00,2022-09-04,01,KERMAN_6_N001,KERMAN_6_N001,KERMAN_6_N001,RTPD,MCC,LMP_CONG_PRC,KERMAN_6_N001,ALL,1,3.02135,2,177
2022-09-04T08:15:00-00:00,2022-09-04T08:30:00-00:00,2022-09-04,02,KERMAN_6_N001,KERMAN_6_N001,KERMAN_6_N001,RTPD,MCC,LMP_CONG_PRC,KERMAN_6_N001,ALL,1,25.00768,2,177
2022-09-04T09:15:00-00:00,2022-09-04T09:30:00-00:00,2022-09-04,03,KERMAN_6_N001,KERMAN_6_N001,KERMAN_6_N001,RTPD,MCC,LMP_CONG_PRC,KERMAN_6_N001,ALL,1,16.21744,2,177
2022-09-04T10:15:00-00:00,2022-09-04T10:30:00-00:00,2022-09-04,04,KERMAN_6_N001,KERMAN_6_N001,KERMAN_6_N001,RTPD,MCC,LMP_CONG_PRC,KERMAN_6_N001,ALL,1,16.47855,2,177
2022-09-04T11:15:00-00:00,2022-09-04T11:30:00-00:00,2022-09-04,05,KERMAN_6_N001,KERMAN_6_N001,KERMAN_6_N001,RTPD,MCC,LMP_CONG_PRC,KERMAN_6_N001,ALL,1,34.19606,2,177
2022-09-04T12:15:00-00:00,2022-09-04T12:30:00-00:00,2022-09-04,06,KERMAN_6_N001,KERMAN_6_N001,KERMAN_6_N001,RTPD,MCC,LMP_CONG_PRC,KERMAN_6_N001,ALL,1,-9.42778,2,177
2022-09-04T13:15:00-00:00,2022-09-04T13:30:00-00:00,2022-09-04,07,KERMAN_6_N001,KERMAN_6_N001,KERMAN_6_N001,RTPD,MCC,LMP_CONG_PRC,KERMAN_6_N001,ALL,1,-29.57464,2,177
2022-09-04T14:15:00-00:00,2022-09-04T14:30:00-00:00,2022-09-04,08,KERMAN_6_N001,KERMAN_6_N001,KERMAN_6_N001,RTPD,MCC,LMP_CONG_PRC,KERMAN_6_N001,ALL,1,-10.36575,2,177
2022-09-04T15:15:00-00:00,2022-09-04T15:30:00-00:00,2022-09-04,09,KERMAN_6_N001,KERMAN_6_N001,KERMAN_6_N001,RTPD,MCC,LMP_CONG_PRC,KERMAN_6_N001,ALL,1,-19.10624,2,177
2022-09-04T16:15:00-00:00,2022-09-04T16:30:00-00:00,2022-09-04,10,KERMAN_6_N001,KERMAN_6_N001,KERMAN_6_N001,RTPD,MCC,LMP_CONG_PRC,KERMAN_6_N001,ALL,1,-53.16677,2,177
2022-09-04T17:15:00-00:00,2022-09-04T17:30:00-00:00,2022-09-04,11,KERMAN_6_N001,KERMAN_6_N001,KERMAN_6_N001,RTPD,MCC,LMP_CONG_PRC,KERMAN_6_N001,ALL,1,-71.74091,2,177
2022-09-04T18:15:00-00:00,2022-09-04T18:30:00-00:00,2022-09-04,12,KERMAN_6_N001,KERMAN_6_N001,KERMAN_6_N001,RTPD,MCC,LMP_CONG_PRC,KERMAN_6_N001,ALL,1,-68.61512,2,177
2022-09-04T19:15:00-00:00,2022-09-04T19:30:00-00:00,2022-09-04,13,KERMAN_6_N001,KERMAN_6_N001,KERMAN_6_N001,RTPD,MCC,LMP_CONG_PRC,KERMAN_6_N001,ALL,1,-33.93611,2,177
2022-09-04T20:15:00-00:00,2022-09-04T20:30:00-00:00,2022-09-04,14,KERMAN_6_N001,KERMAN_6_N001,KERMAN_6_N001,RTPD,MCC,LMP_CONG_PRC,KERMAN_6_N001,ALL,1,-19.62636,2,177
2022-09-04T21:15:00-00:00,2022-09-04T21:30:00-00:00,2022-09-04,15,KERMAN_6_N001,KERMAN_6_N001,KERMAN_6_N001,RTPD,MCC,LMP_CONG_PRC,KERMAN_6_N001,ALL,1,-35.2479,2,177
2022-09-04T22:15:00-00:00,2022-09-04T22:30:00-00:00,2022-09-04,16,KERMAN_6_N001,KERMAN_6_N001,KERMAN_6_N001,RTPD,MCC,LMP_CONG_PRC,KERMAN_6_N001,ALL,1,-20.56377,2,177
2022-09-04T23:15:00-00:00,2022-09-04T23:30:00-00:00,2022-09-04,17,KERMAN_6_N001,KERMAN_6_N001,KERMAN_6_N001,RTPD,MCC,LMP_CONG_PRC,KERMAN_6_N001,ALL,1,-7.54713,2,177
2022-09-05T00:15:00-00:00,2022-09-05T00:30:00-00:00,2022-09-04,18,KERMAN_6_N001,KERMAN_6_N001,KERMAN_6_N001,RTPD,MCC,LMP_CONG_PRC,KERMAN_6_N001,ALL,1,-83.36562,2,177
2022-09-05T01:15:00-00:00,2022-09-05T01:30:00-00:00,2022-09-04,19,KERMAN_6_N001,KERMAN_6_N001,KERMAN_6_N001,RTPD,MCC,LMP_CONG_PRC,KERMAN_6_N001,ALL,1,0.24073,2,177
2022-09-05T02:15:00-00:00,2022-09-05T02:30:00-00:00,2022-09-04,20,KERMAN_6_N001,KERMAN_6_N001,KERMAN_6_N001,RTPD,MCC,LMP_CONG_PRC,KERMAN_6_N001,ALL,1,30.49884,2,177
2022-09-05T03:15:00-00:00,2022-09-05T03:30:00-00:00,2022-09-04,21,KERMAN_6_N001,KERMAN_6_N001,KERMAN_6_N001,RTPD,MCC,LMP_CONG_PRC,KERMAN_6_N001,ALL,1,431.93585,2,177
2022-09-05T04:15:00-00:00,2022-09-05T04:30:00-00:00,2022-09-04,22,KERMAN_6_N001,KERMAN_6_N001,KERMAN_6_N001,RTPD,MCC,LMP_CONG_PRC,KERMAN_6_N001,ALL,1,16.50276,2,177
2022-09-05T05:15:00-00:00,2022-09-05T05:30:00-00:00,2022-09-04,23,KERMAN_6_N001,KERMAN_6_N001,KERMAN_6_N001,RTPD,MCC,LMP_CONG_PRC,KERMAN_6_N001,ALL,1,22.96694,2,177
2022-09-05T06:15:00-00:00,2022-09-05T06:30:00-00:00,2022-09-04,24,KERMAN_6_N001,KERMAN_6_N001,KERMAN_6_N001,RTPD,MCC,LMP_CONG_PRC,KERMAN_6_N001,ALL,1,12.58602,2,177
2022-09-04T07:30:00-00:00,2022-09-04T07:45:00-00:00,2022-09-04,01,KERMAN_6_N001,KERMAN_6_N001,KERMAN_6_N001,RTPD,MCC,LMP_CONG_PRC,KERMAN_6_N001,ALL,1,0.12224,3,177
2022-09-04T08:30:00-00:00,2022-09-04T08:45:00-00:00,2022-09-04,02,KERMAN_6_N001,KERMAN_6_N001,KERMAN_6_N001,RTPD,MCC,LMP_CONG_PRC,KERMAN_6_N001,ALL,1,32.5868,3,177
2022-09-04T09:30:00-00:00,2022-09-04T09:45:00-00:00,2022-09-04,03,KERMAN_6_N001,KERMAN_6_N001,KERMAN_6_N001,RTPD,MCC,LMP_CONG_PRC,KERMAN_6_N001,ALL,1,10.208,3,177
2022-09-04T10:30:00-00:00,2022-09-04T10:45:00-00:00,2022-09-04,04,KERMAN_6_N001,KERMAN_6_N001,KERMAN_6_N001,RTPD,MCC,LMP_CONG_PRC,KERMAN_6_N001,ALL,1,25.3046,3,177
2022-09-04T11:30:00-00:00,2022-09-04T11:45:00-00:00,2022-09-04,05,KERMAN_6_N001,KERMAN_6_N001,KERMAN_6_N001,RTPD,MCC,LMP_CONG_PRC,KERMAN_6_N001,ALL,1,34.68859,3,177
2022-09-04T12:30:00-00:00,2022-09-04T12:45:00-00:00,2022-09-04,06,KERMAN_6_N001,KERMAN_6_N001,KERMAN_6_N001,RTPD,MCC,LMP_CONG_PRC,KERMAN_6_N001,ALL,1,-10.30898,3,177
2022-09-04T13:30:00-00:00,2022-09-04T13:45:00-00:00,2022-09-04,07,KERMAN_6_N001,KERMAN_6_N001,KERMAN_6_N001,RTPD,MCC,LMP_CONG_PRC,KERMAN_6_N001,ALL,1,-35.25595,3,177
2022-09-04T14:30:00-00:00,2022-09-04T14:45:00-00:00,2022-09-04,08,KERMAN_6_N001,KERMAN_6_N001,KERMAN_6_N001,RTPD,MCC,LMP_CONG_PRC,KERMAN_6_N001,ALL,1,-8.50651,3,177
2022-09-04T15:30:00-00:00,2022-09-04T15:45:00-00:00,2022-09-04,09,KERMAN_6_N001,KERMAN_6_N001,KERMAN_6_N001,RTPD,MCC,LMP_CONG_PRC,KERMAN_6_N001,ALL,1,-22.64692,3,177
2022-09-04T16:30:00-00:00,2022-09-04T16:45:00-00:00,2022-09-04,10,KERMAN_6_N001,KERMAN_6_N001,KERMAN_6_N001,RTPD,MCC,LMP_CONG_PRC,KERMAN_6_N001,ALL,1,-53.91716,3,177
2022-09-04T17:30:00-00:00,2022-09-04T17:45:00-00:00,2022-09-04,11,KERMAN_6_N001,KERMAN_6_N001,KERMAN_6_N001,RTPD,MCC,LMP_CONG_PRC,KERMAN_6_N001,ALL,1,-72.01632,3,177
2022-09-04T18:30:00-00:00,2022-09-04T18:45:00-00:00,2022-09-04,12,KERMAN_6_N001,KERMAN_6_N001,KERMAN_6_N001,RTPD,MCC,LMP_CONG_PRC,KERMAN_6_N001,ALL,1,-32.60756,3,177
2022-09-04T19:30:00-00:00,2022-09-04T19:45:00-00:00,2022-09-04,13,KERMAN_6_N001,KERMAN_6_N001,KERMAN_6_N001,RTPD,MCC,LMP_CONG_PRC,KERMAN_6_N001,ALL,1,-37.46701,3,177
2022-09-04T20:30:00-00:00,2022-09-04T20:45:00-00:00,2022-09-04,14,KERMAN_6_N001,KERMAN_6_N001,KERMAN_6_N001,RTPD,MCC,LMP_CONG_PRC,KERMAN_6_N001,ALL,1,-39.72131,3,177
2022-09-04T21:30:00-00:00,2022-09-04T21:45:00-00:00,2022-09-04,15,KERMAN_6_N001,KERMAN_6_N001,KERMAN_6_N001,RTPD,MCC,LMP_CONG_PRC,KERMAN_6_N001,ALL,1,-27.22195,3,177
2022-09-04T22:30:00-00:00,2022-09-04T22:45:00-00:00,2022-09-04,16,KERMAN_6_N001,KERMAN_6_N001,KERMAN_6_N001,RTPD,MCC,LMP_CONG_PRC,KERMAN_6_N001,ALL,1,-18.83978,3,177
2022-09-04T23:30:00-00:00,2022-09-04T23:45:00-00:00,2022-09-04,17,KERMAN_6_N001,KERMAN_6_N001,KERMAN_6_N001,RTPD,MCC,LMP_CONG_PRC,KERMAN_6_N001,ALL,1,-10.51184,3,177
2022-09-05T00:30:00-00:00,2022-09-05T00:45:00-00:00,2022-09-04,18,KERMAN_6_N001,KERMAN_6_N001,KERMAN_6_N001,RTPD,MCC,LMP_CONG_PRC,KERMAN_6_N001,ALL,1,-36.00761,3,177
2022-09-05T01:30:00-00:00,2022-09-05T01:45:00-00:00,2022-09-04,19,KERMAN_6_N001,KERMAN_6_N001,KERMAN_6_N001,RTPD,MCC,LMP_CONG_PRC,KERMAN_6_N001,ALL,1,397.32785,3,177
2022-09-05T02:30:00-00:00,2022-09-05T02:45:00-00:00,2022-09-04,20,KERMAN_6_N001,KERMAN_6_N001,KERMAN_6_N001,RTPD,MCC,LMP_CONG_PRC,KERMAN_6_N001,ALL,1,14.70712,3,177
2022-09-05T03:30:00-00:00,2022-09-05T03:45:00-00:00,2022-09-04,21,KERMAN_6_N001,KERMAN_6_N001,KERMAN_6_N001,RTPD,MCC,LMP_CONG_PRC,KERMAN_6_N001,ALL,1,354.19922,3,177
2022-09-05T04:30:00-00:00,2022-09-05T04:45:00-00:00,2022-09-04,22,KERMAN_6_N001,KERMAN_6_N001,KERMAN_6_N001,RTPD,MCC,LMP_CONG_PRC,KERMAN_6_N001,ALL,1,18.2857,3,177
2022-09-05T05:30:00-00:00,2022-09-05T05:45:00-00:00,2022-09-04,23,KERMAN_6_N001,KERMAN_6_N001,KERMAN_6_N001,RTPD,MCC,LMP_CONG_PRC,KERMAN_6_N001,ALL,1,15.23953,3,177
2022-09-05T06:30:00-00:00,2022-09-05T06:45:00-00:00,2022-09-04,24,KERMAN_6_N001,KERMAN_6_N001,KERMAN_6_N001,RTPD,MCC,LMP_CONG_PRC,KERMAN_6_N001,ALL,1,4.09743,3,177
2022-09-04T07:45:00-00:00,2022-09-04T08:00:00-00:00,2022-09-04,01,KERMAN_6_N001,KERMAN_6_N001,KERMAN_6_N001,RTPD,MCC,LMP_CONG_PRC,KERMAN_6_N001,ALL,1,41.77874,4,177
2022-09-04T08:45:00-00:00,2022-09-04T09:00:00-00:00,2022-09-04,02,KERMAN_6_N001,KERMAN_6_N001,KERMAN_6_N001,RTPD,MCC,LMP_CONG_PRC,KERMAN_6_N001,ALL,1,33.61196,4,177
2022-09-04T09:45:00-00:00,2022-09-04T10:00:00-00:00,2022-09-04,03,KERMAN_6_N001,KERMAN_6_N001,KERMAN_6_N001,RTPD,MCC,LMP_CONG_PRC,KERMAN_6_N001,ALL,1,11.33441,4,177
2022-09-04T10:45:00-00:00,2022-09-04T11:00:00-00:00,2022-09-04,04,KERMAN_6_N001,KERMAN_6_N001,KERMAN_6_N001,RTPD,MCC,LMP_CONG_PRC,KERMAN_6_N001,ALL,1,6.41372,4,177
2022-09-04T11:45:00-00:00,2022-09-04T12:00:00-00:00,2022-09-04,05,KERMAN_6_N001,KERMAN_6_N001,KERMAN_6_N001,RTPD,MCC,LMP_CONG_PRC,KERMAN_6_N001,ALL,1,-8.15872,4,177
2022-09-04T12:45:00-00:00,2022-09-04T13:00:00-00:00,2022-09-04,06,KERMAN_6_N001,KERMAN_6_N001,KERMAN_6_N001,RTPD,MCC,LMP_CONG_PRC,KERMAN_6_N001,ALL,1,-11.52432,4,177
2022-09-04T13:45:00-00:00,2022-09-04T14:00:00-00:00,2022-09-04,07,KERMAN_6_N001,KERMAN_6_N001,KERMAN_6_N001,RTPD,MCC,LMP_CONG_PRC,KERMAN_6_N001,ALL,1,-32.70785,4,177
2022-09-04T14:45:00-00:00,2022-09-04T15:00:00-00:00,2022-09-04,08,KERMAN_6_N001,KERMAN_6_N001,KERMAN_6_N001,RTPD,MCC,LMP_CONG_PRC,KERMAN_6_N001,ALL,1,-21.11455,4,177
2022-09-04T15:45:00-00:00,2022-09-04T16:00:00-00:00,2022-09-04,09,KERMAN_6_N001,KERMAN_6_N001,KERMAN_6_N001,RTPD,MCC,LMP_CONG_PRC,KERMAN_6_N001,ALL,1,-40.91558,4,177
2022-09-04T16:45:00-00:00,2022-09-04T17:00:00-00:00,2022-09-04,10,KERMAN_6_N001,KERMAN_6_N001,KERMAN_6_N001,RTPD,MCC,LMP_CONG_PRC,KERMAN_6_N001,ALL,1,-58.55226,4,177
2022-09-04T17:45:00-00:00,2022-09-04T18:00:00-00:00,2022-09-04,11,KERMAN_6_N001,KERMAN_6_N001,KERMAN_6_N001,RTPD,MCC,LMP_CONG_PRC,KERMAN_6_N001,ALL,1,-82.48192,4,177
2022-09-04T18:45:00-00:00,2022-09-04T19:00:00-00:00,2022-09-04,12,KERMAN_6_N001,KERMAN_6_N001,KERMAN_6_N001,RTPD,MCC,LMP_CONG_PRC,KERMAN_6_N001,ALL,1,-27.72703,4,177
2022-09-04T19:45:00-00:00,2022-09-04T20:00:00-00:00,2022-09-04,13,KERMAN_6_N001,KERMAN_6_N001,KERMAN_6_N001,RTPD,MCC,LMP_CONG_PRC,KERMAN_6_N001,ALL,1,-53.20311,4,177
2022-09-04T20:45:00-00:00,2022-09-04T21:00:00-00:00,2022-09-04,14,KERMAN_6_N001,KERMAN_6_N001,KERMAN_6_N001,RTPD,MCC,LMP_CONG_PRC,KERMAN_6_N001,ALL,1,-33.15561,4,177
2022-09-04T21:45:00-00:00,2022-09-04T22:00:00-00:00,2022-09-04,15,KERMAN_6_N001,KERMAN_6_N001,KERMAN_6_N001,RTPD,MCC,LMP_CONG_PRC,KERMAN_6_N001,ALL,1,-61.24881,4,177
2022-09-04T22:45:00-00:00,2022-09-04T23:00:00-00:00,2022-09-04,16,KERMAN_6_N001,KERMAN_6_N001,KERMAN_6_N001,RTPD,MCC,LMP_CONG_PRC,KERMAN_6_N001,ALL,1,-21.29239,4,177
2022-09-04T23:45:00-00:00,2022-09-05T00:00:00-00:00,2022-09-04,17,KERMAN_6_N001,KERMAN_6_N001,KERMAN_6_N001,RTPD,MCC,LMP_CONG_PRC,KERMAN_6_N001,ALL,1,-38.54834,4,177
2022-09-05T00:45:00-00:00,2022-09-05T01:00:00-00:00,2022-09-04,18,KERMAN_6_N001,KERMAN_6_N001,KERMAN_6_N001,RTPD,MCC,LMP_CONG_PRC,KERMAN_6_N001,ALL,1,-188.46692,4,177
2022-09-05T01:45:00-00:00,2022-09-05T02:00:00-00:00,2022-09-04,19,KERMAN_6_N001,KERMAN_6_N001,KERMAN_6_N001,RTPD,MCC,LMP_CONG_PRC,KERMAN_6_N001,ALL,1,344.74286,4,177
2022-09-05T02:45:00-00:00,2022-09-05T03:00:00-00:00,2022-09-04,20,KERMAN_6_N001,KERMAN_6_N001,KERMAN_6_N001,RTPD,MCC,LMP_CONG_PRC,KERMAN_6_N001,ALL,1,11.05622,4,177
2022-09-05T03:45:00-00:00,2022-09-05T04:00:00-00:00,2022-09-04,21,KERMAN_6_N001,KERMAN_6_N001,KERMAN_6_N001,RTPD,MCC,LMP_CONG_PRC,KERMAN_6_N001,ALL,1,14.88559,4,177
2022-09-05T04:45:00-00:00,2022-09-05T05:00:00-00:00,2022-09-04,22,KERMAN_6_N001,KERMAN_6_N001,KERMAN_6_N001,RTPD,MCC,LMP_CONG_PRC,KERMAN_6_N001,ALL,1,28.48892,4,177
2022-09-05T05:45:00-00:00,2022-09-05T06:00:00-00:00,2022-09-04,23,KERMAN_6_N001,KERMAN_6_N001,KERMAN_6_N001,RTPD,MCC,LMP_CONG_PRC,KERMAN_6_N001,ALL,1,7.02447,4,177
2022-09-05T06:45:00-00:00,2022-09-05T07:00:00-00:00,2022-09-04,24,KERMAN_6_N001,KERMAN_6_N001,KERMAN_6_N001,RTPD,MCC,LMP_CONG_PRC,KERMAN_6_N001,ALL,1,0.27383,4,177
2022-09-04T07:00:00-00:00,2022-09-04T07:15:00-00:00,2022-09-04,01,KERMAN_6_N001,KERMAN_6_N001,KERMAN_6_N001,RTPD,MCE,LMP_ENE_PRC,KERMAN_6_N001,ALL,1,105.77126,1,178
2022-09-04T08:00:00-00:00,2022-09-04T08:15:00-00:00,2022-09-04,02,KERMAN_6_N001,KERMAN_6_N001,KERMAN_6_N001,RTPD,MCE,LMP_ENE_PRC,KERMAN_6_N001,ALL,1,97.44538,1,178
2022-09-04T09:00:00-00:00,2022-09-04T09:15:00-00:00,2022-09-04,03,KERMAN_6_N001,KERMAN_6_N001,KERMAN_6_N001,RTPD,MCE,LMP_ENE_PRC,KERMAN_6_N001,ALL,1,87.9271,1,178
2022-09-04T10:00:00-00:00,2022-09-04T10:15:00-00:00,2022-09-04,04,KERMAN_6_N001,KERMAN_6_N001,KERMAN_6_N001,RTPD,MCE,LMP_ENE_PRC,KERMAN_6_N001,ALL,1,88.48894,1,178
2022-09-04T11:00:00-00:00,2022-09-04T11:15:00-00:00,2022-09-04,05,KERMAN_6_N001,KERMAN_6_N001,KERMAN_6_N001,RTPD,MCE,LMP_ENE_PRC,KERMAN_6_N001,ALL,1,82.79075,1,178
2022-09-04T12:00:00-00:00,2022-09-04T12:15:00-00:00,2022-09-04,06,KERMAN_6_N001,KERMAN_6_N001,KERMAN_6_N001,RTPD,MCE,LMP_ENE_PRC,KERMAN_6_N001,ALL,1,83.24035,1,178
2022-09-04T13:00:00-00:00,2022-09-04T13:15:00-00:00,2022-09-04,07,KERMAN_6_N001,KERMAN_6_N001,KERMAN_6_N001,RTPD,MCE,LMP_ENE_PRC,KERMAN_6_N001,ALL,1,75.91539,1,178
2022-09-04T14:00:00-00:00,2022-09-04T14:15:00-00:00,2022-09-04,08,KERMAN_6_N001,KERMAN_6_N001,KERMAN_6_N001,RTPD,MCE,LMP_ENE_PRC,KERMAN_6_N001,ALL,1,82.51639,1,178
2022-09-04T15:00:00-00:00,2022-09-04T15:15:00-00:00,2022-09-04,09,KERMAN_6_N001,KERMAN_6_N001,KERMAN_6_N001,RTPD,MCE,LMP_ENE_PRC,KERMAN_6_N001,ALL,1,74.24878,1,178
2022-09-04T16:00:00-00:00,2022-09-04T16:15:00-00:00,2022-09-04,10,KERMAN_6_N001,KERMAN_6_N001,KERMAN_6_N001,RTPD,MCE,LMP_ENE_PRC,KERMAN_6_N001,ALL,1,50.67669,1,178
2022-09-04T17:00:00-00:00,2022-09-04T17:15:00-00:00,2022-09-04,11,KERMAN_6_N001,KERMAN_6_N001,KERMAN_6_N001,RTPD,MCE,LMP_ENE_PRC,KERMAN_6_N001,ALL,1,59.2544,1,178
2022-09-04T18:00:00-00:00,2022-09-04T18:15:00-00:00,2022-09-04,12,KERMAN_6_N001,KERMAN_6_N001,KERMAN_6_N001,RTPD,MCE,LMP_ENE_PRC,KERMAN_6_N001,ALL,1,65.61656,1,178
2022-09-04T19:00:00-00:00,2022-09-04T19:15:00-00:00,2022-09-04,13,KERMAN_6_N001,KERMAN_6_N001,KERMAN_6_N001,RTPD,MCE,LMP_ENE_PRC,KERMAN_6_N001,ALL,1,76.33065,1,178
2022-09-04T20:00:00-00:00,2022-09-04T20:15:00-00:00,2022-09-04,14,KERMAN_6_N001,KERMAN_6_N001,KERMAN_6_N001,RTPD,MCE,LMP_ENE_PRC,KERMAN_6_N001,ALL,1,87.37588,1,178
2022-09-04T21:00:00-00:00,2022-09-04T21:15:00-00:00,2022-09-04,15,KERMAN_6_N001,KERMAN_6_N001,KERMAN_6_N001,RTPD,MCE,LMP_ENE_PRC,KERMAN_6_N001,ALL,1,101.84583,1,178
2022-09-04T22:00:00-00:00,2022-09-04T22:15:00-00:00,2022-09-04,16,KERMAN_6_N001,KERMAN_6_N001,KERMAN_6_N001,RTPD,MCE,LMP_ENE_PRC,KERMAN_6_N001,ALL,1,102.30289,1,178
2022-09-04T23:00:00-00:00,2022-09-04T23:15:00-00:00,2022-09-04,17,KERMAN_6_N001,KERMAN_6_N001,KERMAN_6_N001,RTPD,MCE,LMP_ENE_PRC,KERMAN_6_N001,ALL,1,105.66165,1,178
2022-09-05T00:00:00-00:00,2022-09-05T00:15:00-00:00,2022-09-04,18,KERMAN_6_N001,KERMAN_6_N001,KERMAN_6_N001,RTPD,MCE,LMP_ENE_PRC,KERMAN_6_N001,ALL,1,110.52872,1,178
2022-09-05T01:00:00-00:00,2022-09-05T01:15:00-00:00,2022-09-04,19,KERMAN_6_N001,KERMAN_6_N001,KERMAN_6_N001,RTPD,MCE,LMP_ENE_PRC,KERMAN_6_N001,ALL,1,160.46742,1,178
2022-09-05T02:00:00-00:00,2022-09-05T02:15:00-00:00,2022-09-04,20,KERMAN_6_N001,KERMAN_6_N001,KERMAN_6_N001,RTPD,MCE,LMP_ENE_PRC,KERMAN_6_N001,ALL,1,133.17627,1,178
2022-09-05T03:00:00-00:00,2022-09-05T03:15:00-00:00,2022-09-04,21,KERMAN_6_N001,KERMAN_6_N001,KERMAN_6_N001,RTPD,MCE,LMP_ENE_PRC,KERMAN_6_N001,ALL,1,137.62802,1,178
2022-09-05T04:00:00-00:00,2022-09-05T04:15:00-00:00,2022-09-04,22,KERMAN_6_N001,KERMAN_6_N001,KERMAN_6_N001,RTPD,MCE,LMP_ENE_PRC,KERMAN_6_N001,ALL,1,121.32223,1,178
2022-09-05T05:00:00-00:00,2022-09-05T05:15:00-00:00,2022-09-04,23,KERMAN_6_N001,KERMAN_6_N001,KERMAN_6_N001,RTPD,MCE,LMP_ENE_PRC,KERMAN_6_N001,ALL,1,138.27702,1,178
2022-09-05T06:00:00-00:00,2022-09-05T06:15:00-00:00,2022-09-04,24,KERMAN_6_N001,KERMAN_6_N001,KERMAN_6_N001,RTPD,MCE,LMP_ENE_PRC,KERMAN_6_N001,ALL,1,126.47824,1,178
2022-09-04T07:15:00-00:00,2022-09-04T07:30:00-00:00,2022-09-04,01,KERMAN_6_N001,KERMAN_6_N001,KERMAN_6_N001,RTPD,MCE,LMP_ENE_PRC,KERMAN_6_N001,ALL,1,98.33878,2,178
2022-09-04T08:15:00-00:00,2022-09-04T08:30:00-00:00,2022-09-04,02,KERMAN_6_N001,KERMAN_6_N001,KERMAN_6_N001,RTPD,MCE,LMP_ENE_PRC,KERMAN_6_N001,ALL,1,96.4335,2,178
2022-09-04T09:15:00-00:00,2022-09-04T09:30:00-00:00,2022-09-04,03,KERMAN_6_N001,KERMAN_6_N001,KERMAN_6_N001,RTPD,MCE,LMP_ENE_PRC,KERMAN_6_N001,ALL,1,85.33245,2,178
2022-09-04T10:15:00-00:00,2022-09-04T10:30:00-00:00,2022-09-04,04,KERMAN_6_N001,KERMAN_6_N001,KERMAN_6_N001,RTPD,MCE,LMP_ENE_PRC,KERMAN_6_N001,ALL,1,86.06959,2,178
2022-09-04T11:15:00-00:00,2022-09-04T11:30:00-00:00,2022-09-04,05,KERMAN_6_N001,KERMAN_6_N001,KERMAN_6_N001,RTPD,MCE,LMP_ENE_PRC,KERMAN_6_N001,ALL,1,82.18044,2,178
2022-09-04T12:15:00-00:00,2022-09-04T12:30:00-00:00,2022-09-04,06,KERMAN_6_N001,KERMAN_6_N001,KERMAN_6_N001,RTPD,MCE,LMP_ENE_PRC,KERMAN_6_N001,ALL,1,83.35782,2,178
2022-09-04T13:15:00-00:00,2022-09-04T13:30:00-00:00,2022-09-04,07,KERMAN_6_N001,KERMAN_6_N001,KERMAN_6_N001,RTPD,MCE,LMP_ENE_PRC,KERMAN_6_N001,ALL,1,70.93534,2,178
2022-09-04T14:15:00-00:00,2022-09-04T14:30:00-00:00,2022-09-04,08,KERMAN_6_N001,KERMAN_6_N001,KERMAN_6_N001,RTPD,MCE,LMP_ENE_PRC,KERMAN_6_N001,ALL,1,76.97029,2,178
2022-09-04T15:15:00-00:00,2022-09-04T15:30:00-00:00,2022-09-04,09,KERMAN_6_N001,KERMAN_6_N001,KERMAN_6_N001,RTPD,MCE,LMP_ENE_PRC,KERMAN_6_N001,ALL,1,66.57465,2,178
2022-09-04T16:15:00-00:00,2022-09-04T16:30:00-00:00,2022-09-04,10,KERMAN_6_N001,KERMAN_6_N001,KERMAN_6_N001,RTPD,MCE,LMP_ENE_PRC,KERMAN_6_N001,ALL,1,52.1482,2,178
2022-09-04T17:15:00-00:00,2022-09-04T17:30:00-00:00,2022-09-04,11,KERMAN_6_N001,KERMAN_6_N001,KERMAN_6_N001,RTPD,MCE,LMP_ENE_PRC,KERMAN_6_N001,ALL,1,69.2657,2,178
2022-09-04T18:15:00-00:00,2022-09-04T18:30:00-00:00,2022-09-04,12,KERMAN_6_N001,KERMAN_6_N001,KERMAN_6_N001,RTPD,MCE,LMP_ENE_PRC,KERMAN_6_N001,ALL,1,73.93472,2,178
2022-09-04T19:15:00-00:00,2022-09-04T19:30:00-00:00,2022-09-04,13,KERMAN_6_N001,KERMAN_6_N001,KERMAN_6_N001,RTPD,MCE,LMP_ENE_PRC,KERMAN_6_N001,ALL,1,86.63525,2,178
2022-09-04T20:15:00-00:00,2022-09-04T20:30:00-00:00,2022-09-04,14,KERMAN_6_N001,KERMAN_6_N001,KERMAN_6_N001,RTPD,MCE,LMP_ENE_PRC,KERMAN_6_N001,ALL,1,89.19764,2,178
2022-09-04T21:15:00-00:00,2022-09-04T21:30:00-00:00,2022-09-04,15,KERMAN_6_N001,KERMAN_6_N001,KERMAN_6_N001,RTPD,MCE,LMP_ENE_PRC,KERMAN_6_N001,ALL,1,111.99711,2,178
2022-09-04T22:15:00-00:00,2022-09-04T22:30:00-00:00,2022-09-04,16,KERMAN_6_N001,KERMAN_6_N001,KERMAN_6_N001,RTPD,MCE,LMP_ENE_PRC,KERMAN_6_N001,ALL,1,105.68133,2,178
2022-09-04T23:15:00-00:00,2022-09-04T23:30:00-00:00,2022-09-04,17,KERMAN_6_N001,KERMAN_6_N001,KERMAN_6_N001,RTPD,MCE,LMP_ENE_PRC,KERMAN_6_N001,ALL,1,106.64397,2,178
2022-09-05T00:15:00-00:00,2022-09-05T00:30:00-00:00,2022-09-04,18,KERMAN_6_N001,KERMAN_6_N001,KERMAN_6_N001,RTPD,MCE,LMP_ENE_PRC,KERMAN_6_N001,ALL,1,185.7071,2,178
2022-09-05T01:15:00-00:00,2022-09-05T01:30:00-00:00,2022-09-04,19,KERMAN_6_N001,KERMAN_6_N001,KERMAN_6_N001,RTPD,MCE,LMP_ENE_PRC,KERMAN_6_N001,ALL,1,283.75967,2,178
2022-09-05T02:15:00-00:00,2022-09-05T02:30:00-00:00,2022-09-04,20,KERMAN_6_N001,KERMAN_6_N001,KERMAN_6_N001,RTPD,MCE,LMP_ENE_PRC,KERMAN_6_N001,ALL,1,138.21387,2,178
2022-09-05T03:15:00-00:00,2022-09-05T03:30:00-00:00,2022-09-04,21,KERMAN_6_N001,KERMAN_6_N001,KERMAN_6_N001,RTPD,MCE,LMP_ENE_PRC,KERMAN_6_N001,ALL,1,125.70521,2,178
2022-09-05T04:15:00-00:00,2022-09-05T04:30:00-00:00,2022-09-04,22,KERMAN_6_N001,KERMAN_6_N001,KERMAN_6_N001,RTPD,MCE,LMP_ENE_PRC,KERMAN_6_N001,ALL,1,118.54421,2,178
2022-09-05T05:15:00-00:00,2022-09-05T05:30:00-00:00,2022-09-04,23,KERMAN_6_N001,KERMAN_6_N001,KERMAN_6_N001,RTPD,MCE,LMP_ENE_PRC,KERMAN_6_N001,ALL,1,140.66483,2,178
2022-09-05T06:15:00-00:00,2022-09-05T06:30:00-00:00,2022-09-04,24,KERMAN_6_N001,KERMAN_6_N001,KERMAN_6_N001,RTPD,MCE,LMP_ENE_PRC,KERMAN_6_N001,ALL,1,115.0785,2,178
2022-09-04T07:30:00-00:00,2022-09-04T07:45:00-00:00,2022-09-04,01,KERMAN_6_N001,KERMAN_6_N001,KERMAN_6_N001,RTPD,MCE,LMP_ENE_PRC,KERMAN_6_N001,ALL,1,93.67897,3,178
2022-09-04T08:30:00-00:00,2022-09-04T08:45:00-00:00,2022-09-04,02,KERMAN_6_N001,KERMAN_6_N001,KERMAN_6_N001,RTPD,MCE,LMP_ENE_PRC,KERMAN_6_N001,ALL,1,89.3153,3,178
2022-09-04T09:30:00-00:00,2022-09-04T09:45:00-00:00,2022-09-04,03,KERMAN_6_N001,KERMAN_6_N001,KERMAN_6_N001,RTPD,MCE,LMP_ENE_PRC,KERMAN_6_N001,ALL,1,82.76979,3,178
2022-09-04T10:30:00-00:00,2022-09-04T10:45:00-00:00,2022-09-04,04,KERMAN_6_N001,KERMAN_6_N001,KERMAN_6_N001,RTPD,MCE,LMP_ENE_PRC,KERMAN_6_N001,ALL,1,85.2941,3,178
2022-09-04T11:30:00-00:00,2022-09-04T11:45:00-00:00,2022-09-04,05,KERMAN_6_N001,KERMAN_6_N001,KERMAN_6_N001,RTPD,MCE,LMP_ENE_PRC,KERMAN_6_N001,ALL,1,81.7171,3,178
2022-09-04T12:30:00-00:00,2022-09-04T12:45:00-00:00,2022-09-04,06,KERMAN_6_N001,KERMAN_6_N001,KERMAN_6_N001,RTPD,MCE,LMP_ENE_PRC,KERMAN_6_N001,ALL,1,83.26354,3,178
2022-09-04T13:30:00-00:00,2022-09-04T13:45:00-00:00,2022-09-04,07,KERMAN_6_N001,KERMAN_6_N001,KERMAN_6_N001,RTPD,MCE,LMP_ENE_PRC,KERMAN_6_N001,ALL,1,69.8817,3,178
2022-09-04T14:30:00-00:00,2022-09-04T14:45:00-00:00,2022-09-04,08,KERMAN_6_N001,KERMAN_6_N001,KERMAN_6_N001,RTPD,MCE,LMP_ENE_PRC,KERMAN_6_N001,ALL,1,74.54818,3,178
2022-09-04T15:30:00-00:00,2022-09-04T15:45:00-00:00,2022-09-04,09,KERMAN_6_N001,KERMAN_6_N001,KERMAN_6_N001,RTPD,MCE,LMP_ENE_PRC,KERMAN_6_N001,ALL,1,58.25037,3,178
2022-09-04T16:30:00-00:00,2022-09-04T16:45:00-00:00,2022-09-04,10,KERMAN_6_N001,KERMAN_6_N001,KERMAN_6_N001,RTPD,MCE,LMP_ENE_PRC,KERMAN_6_N001,ALL,1,54.84481,3,178
2022-09-04T17:30:00-00:00,2022-09-04T17:45:00-00:00,2022-09-04,11,KERMAN_6_N001,KERMAN_6_N001,KERMAN_6_N001,RTPD,MCE,LMP_ENE_PRC,KERMAN_6_N001,ALL,1,69.84671,3,178
2022-09-04T18:30:00-00:00,2022-09-04T18:45:00-00:00,2022-09-04,12,KERMAN_6_N001,KERMAN_6_N001,KERMAN_6_N001,RTPD,MCE,LMP_ENE_PRC,KERMAN_6_N001,ALL,1,86.95818,3,178
2022-09-04T19:30:00-00:00,2022-09-04T19:45:00-00:00,2022-09-04,13,KERMAN_6_N001,KERMAN_6_N001,KERMAN_6_N001,RTPD,MCE,LMP_ENE_PRC,KERMAN_6_N001,ALL,1,102.56183,3,178
2022-09-04T20:30:00-00:00,2022-09-04T20:45:00-00:00,2022-09-04,14,KERMAN_6_N001,KERMAN_6_N001,KERMAN_6_N001,RTPD,MCE,LMP_ENE_PRC,KERMAN_6_N001,ALL,1,107.67463,3,178
2022-09-04T21:30:00-00:00,2022-09-04T21:45:00-00:00,2022-09-04,15,KERMAN_6_N001,KERMAN_6_N001,KERMAN_6_N001,RTPD,MCE,LMP_ENE_PRC,KERMAN_6_N001,ALL,1,108.01974,3,178
2022-09-04T22:30:00-00:00,2022-09-04T22:45:00-00:00,2022-09-04,16,KERMAN_6_N001,KERMAN_6_N001,KERMAN_6_N001,RTPD,MCE,LMP_ENE_PRC,KERMAN_6_N001,ALL,1,114.08273,3,178
2022-09-04T23:30:00-00:00,2022-09-04T23:45:00-00:00,2022-09-04,17,KERMAN_6_N001,KERMAN_6_N001,KERMAN_6_N001,RTPD,MCE,LMP_ENE_PRC,KERMAN_6_N001,ALL,1,113.23912,3,178
2022-09-05T00:30:00-00:00,2022-09-05T00:45:00-00:00,2022-09-04,18,KERMAN_6_N001,KERMAN_6_N001,KERMAN_6_N001,RTPD,MCE,LMP_ENE_PRC,KERMAN_6_N001,ALL,1,146.1893,3,178
2022-09-05T01:30:00-00:00,2022-09-05T01:45:00-00:00,2022-09-04,19,KERMAN_6_N001,KERMAN_6_N001,KERMAN_6_N001,RTPD,MCE,LMP_ENE_PRC,KERMAN_6_N001,ALL,1,899.31366,3,178
2022-09-05T02:30:00-00:00,2022-09-05T02:45:00-00:00,2022-09-04,20,KERMAN_6_N001,KERMAN_6_N001,KERMAN_6_N001,RTPD,MCE,LMP_ENE_PRC,KERMAN_6_N001,ALL,1,124.31294,3,178
2022-09-05T03:30:00-00:00,2022-09-05T03:45:00-00:00,2022-09-04,21,KERMAN_6_N001,KERMAN_6_N001,KERMAN_6_N001,RTPD,MCE,LMP_ENE_PRC,KERMAN_6_N001,ALL,1,120.65321,3,178
2022-09-05T04:30:00-00:00,2022-09-05T04:45:00-00:00,2022-09-04,22,KERMAN_6_N001,KERMAN_6_N001,KERMAN_6_N001,RTPD,MCE,LMP_ENE_PRC,KERMAN_6_N001,ALL,1,117.97055,3,178
2022-09-05T05:30:00-00:00,2022-09-05T05:45:00-00:00,2022-09-04,23,KERMAN_6_N001,KERMAN_6_N001,KERMAN_6_N001,RTPD,MCE,LMP_ENE_PRC,KERMAN_6_N001,ALL,1,123.73156,3,178
2022-09-05T06:30:00-00:00,2022-09-05T06:45:00-00:00,2022-09-04,24,KERMAN_6_N001,KERMAN_6_N001,KERMAN_6_N001,RTPD,MCE,LMP_ENE_PRC,KERMAN_6_N001,ALL,1,91.1478,3,178
2022-09-04T07:45:00-00:00,2022-09-04T08:00:00-00:00,2022-09-04,01,KERMAN_6_N001,KERMAN_6_N001,KERMAN_6_N001,RTPD,MCE,LMP_ENE_PRC,KERMAN_6_N001,ALL,1,84.62068,4,178
2022-09-04T08:45:00-00:00,2022-09-04T09:00:00-00:00,2022-09-04,02,KERMAN_6_N001,KERMAN_6_N001,KERMAN_6_N001,RTPD,MCE,LMP_ENE_PRC,KERMAN_6_N001,ALL,1,80.89122,4,178
2022-09-04T09:45:00-00:00,2022-09-04T10:00:00-00:00,2022-09-04,03,KERMAN_6_N001,KERMAN_6_N001,KERMAN_6_N001,RTPD,MCE,LMP_ENE_PRC,KERMAN_6_N001,ALL,1,77.90501,4,178
2022-09-04T10:45:00-00:00,2022-09-04T11:00:00-00:00,2022-09-04,04,KERMAN_6_N001,KERMAN_6_N001,KERMAN_6_N001,RTPD,MCE,LMP_ENE_PRC,KERMAN_6_N001,ALL,1,80.46249,4,178
2022-09-04T11:45:00-00:00,2022-09-04T12:00:00-00:00,2022-09-04,05,KERMAN_6_N001,KERMAN_6_N001,KERMAN_6_N001,RTPD,MCE,LMP_ENE_PRC,KERMAN_6_N001,ALL,1,79.81742,4,178
2022-09-04T12:45:00-00:00,2022-09-04T13:00:00-00:00,2022-09-04,06,KERMAN_6_N001,KERMAN_6_N001,KERMAN_6_N001,RTPD,MCE,LMP_ENE_PRC,KERMAN_6_N001,ALL,1,81.5519,4,178
2022-09-04T13:45:00-00:00,2022-09-04T14:00:00-00:00,2022-09-04,07,KERMAN_6_N001,KERMAN_6_N001,KERMAN_6_N001,RTPD,MCE,LMP_ENE_PRC,KERMAN_6_N001,ALL,1,60.75904,4,178
2022-09-04T14:45:00-00:00,2022-09-04T15:00:00-00:00,2022-09-04,08,KERMAN_6_N001,KERMAN_6_N001,KERMAN_6_N001,RTPD,MCE,LMP_ENE_PRC,KERMAN_6_N001,ALL,1,53.37606,4,178
2022-09-04T15:45:00-00:00,2022-09-04T16:00:00-00:00,2022-09-04,09,KERMAN_6_N001,KERMAN_6_N001,KERMAN_6_N001,RTPD,MCE,LMP_ENE_PRC,KERMAN_6_N001,ALL,1,41.51812,4,178
2022-09-04T16:45:00-00:00,2022-09-04T17:00:00-00:00,2022-09-04,10,KERMAN_6_N001,KERMAN_6_N001,KERMAN_6_N001,RTPD,MCE,LMP_ENE_PRC,KERMAN_6_N001,ALL,1,56.27322,4,178
2022-09-04T17:45:00-00:00,2022-09-04T18:00:00-00:00,2022-09-04,11,KERMAN_6_N001,KERMAN_6_N001,KERMAN_6_N001,RTPD,MCE,LMP_ENE_PRC,KERMAN_6_N001,ALL,1,80.41392,4,178
2022-09-04T18:45:00-00:00,2022-09-04T19:00:00-00:00,2022-09-04,12,KERMAN_6_N001,KERMAN_6_N001,KERMAN_6_N001,RTPD,MCE,LMP_ENE_PRC,KERMAN_6_N001,ALL,1,91.88616,4,178
2022-09-04T19:45:00-00:00,2022-09-04T20:00:00-00:00,2022-09-04,13,KERMAN_6_N001,KERMAN_6_N001,KERMAN_6_N001,RTPD,MCE,LMP_ENE_PRC,KERMAN_6_N001,ALL,1,99.49507,4,178
2022-09-04T20:45:00-00:00,2022-09-04T21:00:00-00:00,2022-09-04,14,KERMAN_6_N001,KERMAN_6_N001,KERMAN_6_N001,RTPD,MCE,LMP_ENE_PRC,KERMAN_6_N001,ALL,1,111.03904,4,178
2022-09-04T21:45:00-00:00,2022-09-04T22:00:00-00:00,2022-09-04,15,KERMAN_6_N001,KERMAN_6_N001,KERMAN_6_N001,RTPD,MCE,LMP_ENE_PRC,KERMAN_6_N001,ALL,1,139.43553,4,178
2022-09-04T22:45:00-00:00,2022-09-04T23:00:00-00:00,2022-09-04,16,KERMAN_6_N001,KERMAN_6_N001,KERMAN_6_N001,RTPD,MCE,LMP_ENE_PRC,KERMAN_6_N001,ALL,1,143.70679,4,178
2022-09-04T23:45:00-00:00,2022-09-05T00:00:00-00:00,2022-09-04,17,KERMAN_6_N001,KERMAN_6_N001,KERMAN_6_N001,RTPD,MCE,LMP_ENE_PRC,KERMAN_6_N001,ALL,1,173.92435,4,178
2022-09-05T00:45:00-00:00,2022-09-05T01:00:00-00:00,2022-09-04,18,KERMAN_6_N001,KERMAN_6_N001,KERMAN_6_N001,RTPD,MCE,LMP_ENE_PRC,KERMAN_6_N001,ALL,1,342.64575,4,178
2022-09-05T01:45:00-00:00,2022-09-05T02:00:00-00:00,2022-09-04,19,KERMAN_6_N001,KERMAN_6_N001,KERMAN_6_N001,RTPD,MCE,LMP_ENE_PRC,KERMAN_6_N001,ALL,1,793.1877,4,178
2022-09-05T02:45:00-00:00,2022-09-05T03:00:00-00:00,2022-09-04,20,KERMAN_6_N001,KERMAN_6_N001,KERMAN_6_N001,RTPD,MCE,LMP_ENE_PRC,KERMAN_6_N001,ALL,1,113.80091,4,178
2022-09-05T03:45:00-00:00,2022-09-05T04:00:00-00:00,2022-09-04,21,KERMAN_6_N001,KERMAN_6_N001,KERMAN_6_N001,RTPD,MCE,LMP_ENE_PRC,KERMAN_6_N001,ALL,1,108.55133,4,178
2022-09-05T04:45:00-00:00,2022-09-05T05:00:00-00:00,2022-09-04,22,KERMAN_6_N001,KERMAN_6_N001,KERMAN_6_N001,RTPD,MCE,LMP_ENE_PRC,KERMAN_6_N001,ALL,1,109.13516,4,178
2022-09-05T05:45:00-00:00,2022-09-05T06:00:00-00:00,2022-09-04,23,KERMAN_6_N001,KERMAN_6_N001,KERMAN_6_N001,RTPD,MCE,LMP_ENE_PRC,KERMAN_6_N001,ALL,1,95.38478,4,178
2022-09-05T06:45:00-00:00,2022-09-05T07:00:00-00:00,2022-09-04,24,KERMAN_6_N001,KERMAN_6_N001,KERMAN_6_N001,RTPD,MCE,LMP_ENE_PRC,KERMAN_6_N001,ALL,1,84.93478,4,178
2022-09-04T07:00:00-00:00,2022-09-04T07:15:00-00:00,2022-09-04,01,KERMAN_6_N001,KERMAN_6_N001,KERMAN_6_N001,RTPD,MCL,LMP_LOSS_PRC,KERMAN_6_N001,ALL,1,11.77234,1,179
2022-09-04T08:00:00-00:00,2022-09-04T08:15:00-00:00,2022-09-04,02,KERMAN_6_N001,KERMAN_6_N001,KERMAN_6_N001,RTPD,MCL,LMP_LOSS_PRC,KERMAN_6_N001,ALL,1,0,1,179
2022-09-04T09:00:00-00:00,2022-09-04T09:15:00-00:00,2022-09-04,03,KERMAN_6_N001,KERMAN_6_N001,KERMAN_6_N001,RTPD,MCL,LMP_LOSS_PRC,KERMAN_6_N001,ALL,1,0,1,179
2022-09-04T10:00:00-00:00,2022-09-04T10:15:00-00:00,2022-09-04,04,KERMAN_6_N001,KERMAN_6_N001,KERMAN_6_N001,RTPD,MCL,LMP_LOSS_PRC,KERMAN_6_N001,ALL,1,9.15861,1,179
2022-09-04T11:00:00-00:00,2022-09-04T11:15:00-00:00,2022-09-04,05,KERMAN_6_N001,KERMAN_6_N001,KERMAN_6_N001,RTPD,MCL,LMP_LOSS_PRC,KERMAN_6_N001,ALL,1,8.31219,1,179
2022-09-04T12:00:00-00:00,2022-09-04T12:15:00-00:00,2022-09-04,06,KERMAN_6_N001,KERMAN_6_N001,KERMAN_6_N001,RTPD,MCL,LMP_LOSS_PRC,KERMAN_6_N001,ALL,1,8.78186,1,179
2022-09-04T13:00:00-00:00,2022-09-04T13:15:00-00:00,2022-09-04,07,KERMAN_6_N001,KERMAN_6_N001,KERMAN_6_N001,RTPD,MCL,LMP_LOSS_PRC,KERMAN_6_N001,ALL,1,7.59913,1,179
2022-09-04T14:00:00-00:00,2022-09-04T14:15:00-00:00,2022-09-04,08,KERMAN_6_N001,KERMAN_6_N001,KERMAN_6_N001,RTPD,MCL,LMP_LOSS_PRC,KERMAN_6_N001,ALL,1,8.68898,1,179
2022-09-04T15:00:00-00:00,2022-09-04T15:15:00-00:00,2022-09-04,09,KERMAN_6_N001,KERMAN_6_N001,KERMAN_6_N001,RTPD,MCL,LMP_LOSS_PRC,KERMAN_6_N001,ALL,1,4.85587,1,179
2022-09-04T16:00:00-00:00,2022-09-04T16:15:00-00:00,2022-09-04,10,KERMAN_6_N001,KERMAN_6_N001,KERMAN_6_N001,RTPD,MCL,LMP_LOSS_PRC,KERMAN_6_N001,ALL,1,1.79395,1,179
2022-09-04T17:00:00-00:00,2022-09-04T17:15:00-00:00,2022-09-04,11,KERMAN_6_N001,KERMAN_6_N001,KERMAN_6_N001,RTPD,MCL,LMP_LOSS_PRC,KERMAN_6_N001,ALL,1,2.24574,1,179
2022-09-04T18:00:00-00:00,2022-09-04T18:15:00-00:00,2022-09-04,12,KERMAN_6_N001,KERMAN_6_N001,KERMAN_6_N001,RTPD,MCL,LMP_LOSS_PRC,KERMAN_6_N001,ALL,1,1.86351,1,179
2022-09-04T19:00:00-00:00,2022-09-04T19:15:00-00:00,2022-09-04,13,KERMAN_6_N001,KERMAN_6_N001,KERMAN_6_N001,RTPD,MCL,LMP_LOSS_PRC,KERMAN_6_N001,ALL,1,1.09916,1,179
2022-09-04T20:00:00-00:00,2022-09-04T20:15:00-00:00,2022-09-04,14,KERMAN_6_N001,KERMAN_6_N001,KERMAN_6_N001,RTPD,MCL,LMP_LOSS_PRC,KERMAN_6_N001,ALL,1,2.62128,1,179
2022-09-04T21:00:00-00:00,2022-09-04T21:15:00-00:00,2022-09-04,15,KERMAN_6_N001,KERMAN_6_N001,KERMAN_6_N001,RTPD,MCL,LMP_LOSS_PRC,KERMAN_6_N001,ALL,1,-0.21388,1,179
2022-09-04T22:00:00-00:00,2022-09-04T22:15:00-00:00,2022-09-04,16,KERMAN_6_N001,KERMAN_6_N001,KERMAN_6_N001,RTPD,MCL,LMP_LOSS_PRC,KERMAN_6_N001,ALL,1,0.40921,1,179
2022-09-04T23:00:00-00:00,2022-09-04T23:15:00-00:00,2022-09-04,17,KERMAN_6_N001,KERMAN_6_N001,KERMAN_6_N001,RTPD,MCL,LMP_LOSS_PRC,KERMAN_6_N001,ALL,1,0,1,179
2022-09-05T00:00:00-00:00,2022-09-05T00:15:00-00:00,2022-09-04,18,KERMAN_6_N001,KERMAN_6_N001,KERMAN_6_N001,RTPD,MCL,LMP_LOSS_PRC,KERMAN_6_N001,ALL,1,3.59218,1,179
2022-09-05T01:00:00-00:00,2022-09-05T01:15:00-00:00,2022-09-04,19,KERMAN_6_N001,KERMAN_6_N001,KERMAN_6_N001,RTPD,MCL,LMP_LOSS_PRC,KERMAN_6_N001,ALL,1,13.54345,1,179
2022-09-05T02:00:00-00:00,2022-09-05T02:15:00-00:00,2022-09-04,20,KERMAN_6_N001,KERMAN_6_N001,KERMAN_6_N001,RTPD,MCL,LMP_LOSS_PRC,KERMAN_6_N001,ALL,1,14.28981,1,179
2022-09-05T03:00:00-00:00,2022-09-05T03:15:00-00:00,2022-09-04,21,KERMAN_6_N001,KERMAN_6_N001,KERMAN_6_N001,RTPD,MCL,LMP_LOSS_PRC,KERMAN_6_N001,ALL,1,24.70423,1,179
2022-09-05T04:00:00-00:00,2022-09-05T04:15:00-00:00,2022-09-04,22,KERMAN_6_N001,KERMAN_6_N001,KERMAN_6_N001,RTPD,MCL,LMP_LOSS_PRC,KERMAN_6_N001,ALL,1,16.791,1,179
2022-09-05T05:00:00-00:00,2022-09-05T05:15:00-00:00,2022-09-04,23,KERMAN_6_N001,KERMAN_6_N001,KERMAN_6_N001,RTPD,MCL,LMP_LOSS_PRC,KERMAN_6_N001,ALL,1,16.82831,1,179
2022-09-05T06:00:00-00:00,2022-09-05T06:15:00-00:00,2022-09-04,24,KERMAN_6_N001,KERMAN_6_N001,KERMAN_6_N001,RTPD,MCL,LMP_LOSS_PRC,KERMAN_6_N001,ALL,1,15.80978,1,179
2022-09-04T07:15:00-00:00,2022-09-04T07:30:00-00:00,2022-09-04,01,KERMAN_6_N001,KERMAN_6_N001,KERMAN_6_N001,RTPD,MCL,LMP_LOSS_PRC,KERMAN_6_N001,ALL,1,11.18112,2,179
2022-09-04T08:15:00-00:00,2022-09-04T08:30:00-00:00,2022-09-04,02,KERMAN_6_N001,KERMAN_6_N001,KERMAN_6_N001,RTPD,MCL,LMP_LOSS_PRC,KERMAN_6_N001,ALL,1,0,2,179
2022-09-04T09:15:00-00:00,2022-09-04T09:30:00-00:00,2022-09-04,03,KERMAN_6_N001,KERMAN_6_N001,KERMAN_6_N001,RTPD,MCL,LMP_LOSS_PRC,KERMAN_6_N001,ALL,1,0,2,179
2022-09-04T10:15:00-00:00,2022-09-04T10:30:00-00:00,2022-09-04,04,KERMAN_6_N001,KERMAN_6_N001,KERMAN_6_N001,RTPD,MCL,LMP_LOSS_PRC,KERMAN_6_N001,ALL,1,8.73606,2,179
2022-09-04T11:15:00-00:00,2022-09-04T11:30:00-00:00,2022-09-04,05,KERMAN_6_N001,KERMAN_6_N001,KERMAN_6_N001,RTPD,MCL,LMP_LOSS_PRC,KERMAN_6_N001,ALL,1,8.16052,2,179
2022-09-04T12:15:00-00:00,2022-09-04T12:30:00-00:00,2022-09-04,06,KERMAN_6_N001,KERMAN_6_N001,KERMAN_6_N001,RTPD,MCL,LMP_LOSS_PRC,KERMAN_6_N001,ALL,1,8.63587,2,179
2022-09-04T13:15:00-00:00,2022-09-04T13:30:00-00:00,2022-09-04,07,KERMAN_6_N001,KERMAN_6_N001,KERMAN_6_N001,RTPD,MCL,LMP_LOSS_PRC,KERMAN_6_N001,ALL,1,7.22122,2,179
2022-09-04T14:15:00-00:00,2022-09-04T14:30:00-00:00,2022-09-04,08,KERMAN_6_N001,KERMAN_6_N001,KERMAN_6_N001,RTPD,MCL,LMP_LOSS_PRC,KERMAN_6_N001,ALL,1,7.05818,2,179
2022-09-04T15:15:00-00:00,2022-09-04T15:30:00-00:00,2022-09-04,09,KERMAN_6_N001,KERMAN_6_N001,KERMAN_6_N001,RTPD,MCL,LMP_LOSS_PRC,KERMAN_6_N001,ALL,1,3.68824,2,179
2022-09-04T16:15:00-00:00,2022-09-04T16:30:00-00:00,2022-09-04,10,KERMAN_6_N001,KERMAN_6_N001,KERMAN_6_N001,RTPD,MCL,LMP_LOSS_PRC,KERMAN_6_N001,ALL,1,2.01292,2,179
2022-09-04T17:15:00-00:00,2022-09-04T17:30:00-00:00,2022-09-04,11,KERMAN_6_N001,KERMAN_6_N001,KERMAN_6_N001,RTPD,MCL,LMP_LOSS_PRC,KERMAN_6_N001,ALL,1,2.64595,2,179
2022-09-04T18:15:00-00:00,2022-09-04T18:30:00-00:00,2022-09-04,12,KERMAN_6_N001,KERMAN_6_N001,KERMAN_6_N001,RTPD,MCL,LMP_LOSS_PRC,KERMAN_6_N001,ALL,1,1.72268,2,179
2022-09-04T19:15:00-00:00,2022-09-04T19:30:00-00:00,2022-09-04,13,KERMAN_6_N001,KERMAN_6_N001,KERMAN_6_N001,RTPD,MCL,LMP_LOSS_PRC,KERMAN_6_N001,ALL,1,0.95299,2,179
2022-09-04T20:15:00-00:00,2022-09-04T20:30:00-00:00,2022-09-04,14,KERMAN_6_N001,KERMAN_6_N001,KERMAN_6_N001,RTPD,MCL,LMP_LOSS_PRC,KERMAN_6_N001,ALL,1,1.4004,2,179
2022-09-04T21:15:00-00:00,2022-09-04T21:30:00-00:00,2022-09-04,15,KERMAN_6_N001,KERMAN_6_N001,KERMAN_6_N001,RTPD,MCL,LMP_LOSS_PRC,KERMAN_6_N001,ALL,1,-0.1792,2,179
2022-09-04T22:15:00-00:00,2022-09-04T22:30:00-00:00,2022-09-04,16,KERMAN_6_N001,KERMAN_6_N001,KERMAN_6_N001,RTPD,MCL,LMP_LOSS_PRC,KERMAN_6_N001,ALL,1,0.82431,2,179
2022-09-04T23:15:00-00:00,2022-09-04T23:30:00-00:00,2022-09-04,17,KERMAN_6_N001,KERMAN_6_N001,KERMAN_6_N001,RTPD,MCL,LMP_LOSS_PRC,KERMAN_6_N001,ALL,1,0,2,179
2022-09-05T00:15:00-00:00,2022-09-05T00:30:00-00:00,2022-09-04,18,KERMAN_6_N001,KERMAN_6_N001,KERMAN_6_N001,RTPD,MCL,LMP_LOSS_PRC,KERMAN_6_N001,ALL,1,7.7997,2,179
2022-09-05T01:15:00-00:00,2022-09-05T01:30:00-00:00,2022-09-04,19,KERMAN_6_N001,KERMAN_6_N001,KERMAN_6_N001,RTPD,MCL,LMP_LOSS_PRC,KERMAN_6_N001,ALL,1,25.25461,2,179
2022-09-05T02:15:00-00:00,2022-09-05T02:30:00-00:00,2022-09-04,20,KERMAN_6_N001,KERMAN_6_N001,KERMAN_6_N001,RTPD,MCL,LMP_LOSS_PRC,KERMAN_6_N001,ALL,1,15.65963,2,179
2022-09-05T03:15:00-00:00,2022-09-05T03:30:00-00:00,2022-09-04,21,KERMAN_6_N001,KERMAN_6_N001,KERMAN_6_N001,RTPD,MCL,LMP_LOSS_PRC,KERMAN_6_N001,ALL,1,21.89785,2,179
2022-09-05T04:15:00-00:00,2022-09-05T04:30:00-00:00,2022-09-04,22,KERMAN_6_N001,KERMAN_6_N001,KERMAN_6_N001,RTPD,MCL,LMP_LOSS_PRC,KERMAN_6_N001,ALL,1,17.05851,2,179
2022-09-05T05:15:00-00:00,2022-09-05T05:30:00-00:00,2022-09-04,23,KERMAN_6_N001,KERMAN_6_N001,KERMAN_6_N001,RTPD,MCL,LMP_LOSS_PRC,KERMAN_6_N001,ALL,1,16.12019,2,179
2022-09-05T06:15:00-00:00,2022-09-05T06:30:00-00:00,2022-09-04,24,KERMAN_6_N001,KERMAN_6_N001,KERMAN_6_N001,RTPD,MCL,LMP_LOSS_PRC,KERMAN_6_N001,ALL,1,13.90148,2,179
2022-09-04T07:30:00-00:00,2022-09-04T07:45:00-00:00,2022-09-04,01,KERMAN_6_N001,KERMAN_6_N001,KERMAN_6_N001,RTPD,MCL,LMP_LOSS_PRC,KERMAN_6_N001,ALL,1,10.67004,3,179
2022-09-04T08:30:00-00:00,2022-09-04T08:45:00-00:00,2022-09-04,02,KERMAN_6_N001,KERMAN_6_N001,KERMAN_6_N001,RTPD,MCL,LMP_LOSS_PRC,KERMAN_6_N001,ALL,1,0,3,179
2022-09-04T09:30:00-00:00,2022-09-04T09:45:00-00:00,2022-09-04,03,KERMAN_6_N001,KERMAN_6_N001,KERMAN_6_N001,RTPD,MCL,LMP_LOSS_PRC,KERMAN_6_N001,ALL,1,0,3,179
2022-09-04T10:30:00-00:00,2022-09-04T10:45:00-00:00,2022-09-04,04,KERMAN_6_N001,KERMAN_6_N001,KERMAN_6_N001,RTPD,MCL,LMP_LOSS_PRC,KERMAN_6_N001,ALL,1,8.6147,3,179
2022-09-04T11:30:00-00:00,2022-09-04T11:45:00-00:00,2022-09-04,05,KERMAN_6_N001,KERMAN_6_N001,KERMAN_6_N001,RTPD,MCL,LMP_LOSS_PRC,KERMAN_6_N001,ALL,1,8.03279,3,179
2022-09-04T12:30:00-00:00,2022-09-04T12:45:00-00:00,2022-09-04,06,KERMAN_6_N001,KERMAN_6_N001,KERMAN_6_N001,RTPD,MCL,LMP_LOSS_PRC,KERMAN_6_N001,ALL,1,8.63443,3,179
2022-09-04T13:30:00-00:00,2022-09-04T13:45:00-00:00,2022-09-04,07,KERMAN_6_N001,KERMAN_6_N001,KERMAN_6_N001,RTPD,MCL,LMP_LOSS_PRC,KERMAN_6_N001,ALL,1,7.00913,3,179
2022-09-04T14:30:00-00:00,2022-09-04T14:45:00-00:00,2022-09-04,08,KERMAN_6_N001,KERMAN_6_N001,KERMAN_6_N001,RTPD,MCL,LMP_LOSS_PRC,KERMAN_6_N001,ALL,1,6.42605,3,179
2022-09-04T15:30:00-00:00,2022-09-04T15:45:00-00:00,2022-09-04,09,KERMAN_6_N001,KERMAN_6_N001,KERMAN_6_N001,RTPD,MCL,LMP_LOSS_PRC,KERMAN_6_N001,ALL,1,2.76689,3,179
2022-09-04T16:30:00-00:00,2022-09-04T16:45:00-00:00,2022-09-04,10,KERMAN_6_N001,KERMAN_6_N001,KERMAN_6_N001,RTPD,MCL,LMP_LOSS_PRC,KERMAN_6_N001,ALL,1,1.98538,3,179
2022-09-04T17:30:00-00:00,2022-09-04T17:45:00-00:00,2022-09-04,11,KERMAN_6_N001,KERMAN_6_N001,KERMAN_6_N001,RTPD,MCL,LMP_LOSS_PRC,KERMAN_6_N001,ALL,1,2.94055,3,179
2022-09-04T18:30:00-00:00,2022-09-04T18:45:00-00:00,2022-09-04,12,KERMAN_6_N001,KERMAN_6_N001,KERMAN_6_N001,RTPD,MCL,LMP_LOSS_PRC,KERMAN_6_N001,ALL,1,1.74786,3,179
2022-09-04T19:30:00-00:00,2022-09-04T19:45:00-00:00,2022-09-04,13,KERMAN_6_N001,KERMAN_6_N001,KERMAN_6_N001,RTPD,MCL,LMP_LOSS_PRC,KERMAN_6_N001,ALL,1,1.44612,3,179
2022-09-04T20:30:00-00:00,2022-09-04T20:45:00-00:00,2022-09-04,14,KERMAN_6_N001,KERMAN_6_N001,KERMAN_6_N001,RTPD,MCL,LMP_LOSS_PRC,KERMAN_6_N001,ALL,1,0.79679,3,179
2022-09-04T21:30:00-00:00,2022-09-04T21:45:00-00:00,2022-09-04,15,KERMAN_6_N001,KERMAN_6_N001,KERMAN_6_N001,RTPD,MCL,LMP_LOSS_PRC,KERMAN_6_N001,ALL,1,-0.30246,3,179
2022-09-04T22:30:00-00:00,2022-09-04T22:45:00-00:00,2022-09-04,16,KERMAN_6_N001,KERMAN_6_N001,KERMAN_6_N001,RTPD,MCL,LMP_LOSS_PRC,KERMAN_6_N001,ALL,1,0.84421,3,179
2022-09-04T23:30:00-00:00,2022-09-04T23:45:00-00:00,2022-09-04,17,KERMAN_6_N001,KERMAN_6_N001,KERMAN_6_N001,RTPD,MCL,LMP_LOSS_PRC,KERMAN_6_N001,ALL,1,0,3,179
2022-09-05T00:30:00-00:00,2022-09-05T00:45:00-00:00,2022-09-04,18,KERMAN_6_N001,KERMAN_6_N001,KERMAN_6_N001,RTPD,MCL,LMP_LOSS_PRC,KERMAN_6_N001,ALL,1,6.50542,3,179
2022-09-05T01:30:00-00:00,2022-09-05T01:45:00-00:00,2022-09-04,19,KERMAN_6_N001,KERMAN_6_N001,KERMAN_6_N001,RTPD,MCL,LMP_LOSS_PRC,KERMAN_6_N001,ALL,1,90.74075,3,179
2022-09-05T02:30:00-00:00,2022-09-05T02:45:00-00:00,2022-09-04,20,KERMAN_6_N001,KERMAN_6_N001,KERMAN_6_N001,RTPD,MCL,LMP_LOSS_PRC,KERMAN_6_N001,ALL,1,13.96034,3,179
2022-09-05T03:30:00-00:00,2022-09-05T03:45:00-00:00,2022-09-04,21,KERMAN_6_N001,KERMAN_6_N001,KERMAN_6_N001,RTPD,MCL,LMP_LOSS_PRC,KERMAN_6_N001,ALL,1,20.23354,3,179
2022-09-05T04:30:00-00:00,2022-09-05T04:45:00-00:00,2022-09-04,22,KERMAN_6_N001,KERMAN_6_N001,KERMAN_6_N001,RTPD,MCL,LMP_LOSS_PRC,KERMAN_6_N001,ALL,1,16.33892,3,179
2022-09-05T05:30:00-00:00,2022-09-05T05:45:00-00:00,2022-09-04,23,KERMAN_6_N001,KERMAN_6_N001,KERMAN_6_N001,RTPD,MCL,LMP_LOSS_PRC,KERMAN_6_N001,ALL,1,13.5981,3,179
2022-09-05T06:30:00-00:00,2022-09-05T06:45:00-00:00,2022-09-04,24,KERMAN_6_N001,KERMAN_6_N001,KERMAN_6_N001,RTPD,MCL,LMP_LOSS_PRC,KERMAN_6_N001,ALL,1,10.7919,3,179
2022-09-04T07:45:00-00:00,2022-09-04T08:00:00-00:00,2022-09-04,01,KERMAN_6_N001,KERMAN_6_N001,KERMAN_6_N001,RTPD,MCL,LMP_LOSS_PRC,KERMAN_6_N001,ALL,1,0,4,179
2022-09-04T08:45:00-00:00,2022-09-04T09:00:00-00:00,2022-09-04,02,KERMAN_6_N001,KERMAN_6_N001,KERMAN_6_N001,RTPD,MCL,LMP_LOSS_PRC,KERMAN_6_N001,ALL,1,9.03555,4,179
2022-09-04T09:45:00-00:00,2022-09-04T10:00:00-00:00,2022-09-04,03,KERMAN_6_N001,KERMAN_6_N001,KERMAN_6_N001,RTPD,MCL,LMP_LOSS_PRC,KERMAN_6_N001,ALL,1,8.4449,4,179
2022-09-04T10:45:00-00:00,2022-09-04T11:00:00-00:00,2022-09-04,04,KERMAN_6_N001,KERMAN_6_N001,KERMAN_6_N001,RTPD,MCL,LMP_LOSS_PRC,KERMAN_6_N001,ALL,1,7.87728,4,179
2022-09-04T11:45:00-00:00,2022-09-04T12:00:00-00:00,2022-09-04,05,KERMAN_6_N001,KERMAN_6_N001,KERMAN_6_N001,RTPD,MCL,LMP_LOSS_PRC,KERMAN_6_N001,ALL,1,7.98174,4,179
2022-09-04T12:45:00-00:00,2022-09-04T13:00:00-00:00,2022-09-04,06,KERMAN_6_N001,KERMAN_6_N001,KERMAN_6_N001,RTPD,MCL,LMP_LOSS_PRC,KERMAN_6_N001,ALL,1,8.30198,4,179
2022-09-04T13:45:00-00:00,2022-09-04T14:00:00-00:00,2022-09-04,07,KERMAN_6_N001,KERMAN_6_N001,KERMAN_6_N001,RTPD,MCL,LMP_LOSS_PRC,KERMAN_6_N001,ALL,1,5.83287,4,179
2022-09-04T14:45:00-00:00,2022-09-04T15:00:00-00:00,2022-09-04,08,KERMAN_6_N001,KERMAN_6_N001,KERMAN_6_N001,RTPD,MCL,LMP_LOSS_PRC,KERMAN_6_N001,ALL,1,3.72565,4,179
2022-09-04T15:45:00-00:00,2022-09-04T16:00:00-00:00,2022-09-04,09,KERMAN_6_N001,KERMAN_6_N001,KERMAN_6_N001,RTPD,MCL,LMP_LOSS_PRC,KERMAN_6_N001,ALL,1,2.03439,4,179
2022-09-04T16:45:00-00:00,2022-09-04T17:00:00-00:00,2022-09-04,10,KERMAN_6_N001,KERMAN_6_N001,KERMAN_6_N001,RTPD,MCL,LMP_LOSS_PRC,KERMAN_6_N001,ALL,1,2.39724,4,179
2022-09-04T17:45:00-00:00,2022-09-04T18:00:00-00:00,2022-09-04,11,KERMAN_6_N001,KERMAN_6_N001,KERMAN_6_N001,RTPD,MCL,LMP_LOSS_PRC,KERMAN_6_N001,ALL,1,3.48192,4,179
2022-09-04T18:45:00-00:00,2022-09-04T19:00:00-00:00,2022-09-04,12,KERMAN_6_N001,KERMAN_6_N001,KERMAN_6_N001,RTPD,MCL,LMP_LOSS_PRC,KERMAN_6_N001,ALL,1,2.6647,4,179
2022-09-04T19:45:00-00:00,2022-09-04T20:00:00-00:00,2022-09-04,13,KERMAN_6_N001,KERMAN_6_N001,KERMAN_6_N001,RTPD,MCL,LMP_LOSS_PRC,KERMAN_6_N001,ALL,1,1.58197,4,179
2022-09-04T20:45:00-00:00,2022-09-04T21:00:00-00:00,2022-09-04,14,KERMAN_6_N001,KERMAN_6_N001,KERMAN_6_N001,RTPD,MCL,LMP_LOSS_PRC,KERMAN_6_N001,ALL,1,0.61071,4,179
2022-09-04T21:45:00-00:00,2022-09-04T22:00:00-00:00,2022-09-04,15,KERMAN_6_N001,KERMAN_6_N001,KERMAN_6_N001,RTPD,MCL,LMP_LOSS_PRC,KERMAN_6_N001,ALL,1,0.13944,4,179
2022-09-04T22:45:00-00:00,2022-09-04T23:00:00-00:00,2022-09-04,16,KERMAN_6_N001,KERMAN_6_N001,KERMAN_6_N001,RTPD,MCL,LMP_LOSS_PRC,KERMAN_6_N001,ALL,1,0,4,179
2022-09-04T23:45:00-00:00,2022-09-05T00:00:00-00:00,2022-09-04,17,KERMAN_6_N001,KERMAN_6_N001,KERMAN_6_N001,RTPD,MCL,LMP_LOSS_PRC,KERMAN_6_N001,ALL,1,0,4,179
2022-09-05T00:45:00-00:00,2022-09-05T01:00:00-00:00,2022-09-04,18,KERMAN_6_N001,KERMAN_6_N001,KERMAN_6_N001,RTPD,MCL,LMP_LOSS_PRC,KERMAN_6_N001,ALL,1,0,4,179
2022-09-05T01:45:00-00:00,2022-09-05T02:00:00-00:00,2022-09-04,19,KERMAN_6_N001,KERMAN_6_N001,KERMAN_6_N001,RTPD,MCL,LMP_LOSS_PRC,KERMAN_6_N001,ALL,1,87.80588,4,179
2022-09-05T02:45:00-00:00,2022-09-05T03:00:00-00:00,2022-09-04,20,KERMAN_6_N001,KERMAN_6_N001,KERMAN_6_N001,RTPD,MCL,LMP_LOSS_PRC,KERMAN_6_N001,ALL,1,12.05152,4,179
2022-09-05T03:45:00-00:00,2022-09-05T04:00:00-00:00,2022-09-04,21,KERMAN_6_N001,KERMAN_6_N001,KERMAN_6_N001,RTPD,MCL,LMP_LOSS_PRC,KERMAN_6_N001,ALL,1,15.46856,4,179
2022-09-05T04:45:00-00:00,2022-09-05T05:00:00-00:00,2022-09-04,22,KERMAN_6_N001,KERMAN_6_N001,KERMAN_6_N001,RTPD,MCL,LMP_LOSS_PRC,KERMAN_6_N001,ALL,1,13.47819,4,179
2022-09-05T05:45:00-00:00,2022-09-05T06:00:00-00:00,2022-09-04,23,KERMAN_6_N001,KERMAN_6_N001,KERMAN_6_N001,RTPD,MCL,LMP_LOSS_PRC,KERMAN_6_N001,ALL,1,10.21571,4,179
2022-09-05T06:45:00-00:00,2022-09-05T07:00:00-00:00,2022-09-04,24,KERMAN_6_N001,KERMAN_6_N001,KERMAN_6_N001,RTPD,MCL,LMP_LOSS_PRC,KERMAN_6_N001,ALL,1,9.20693,4,179
2022-09-04T07:00:00-00:00,2022-09-04T07:15:00-00:00,2022-09-04,01,KERMAN_6_N001,KERMAN_6_N001,KERMAN_6_N001,RTPD,MGHG,LMP_GHG_PRC,KERMAN_6_N001,ALL,1,0,1,180
2022-09-04T08:00:00-00:00,2022-09-04T08:15:00-00:00,2022-09-04,02,KERMAN_6_N001,KERMAN_6_N001,KERMAN_6_N001,RTPD,MGHG,LMP_GHG_PRC,KERMAN_6_N001,ALL,1,0,1,180
2022-09-04T09:00:00-00:00,2022-09-04T09:15:00-00:00,2022-09-04,03,KERMAN_6_N001,KERMAN_6_N001,KERMAN_6_N001,RTPD,MGHG,LMP_GHG_PRC,KERMAN_6_N001,ALL,1,0,1,180
2022-09-04T10:00:00-00:00,2022-09-04T10:15:00-00:00,2022-09-04,04,KERMAN_6_N001,KERMAN_6_N001,KERMAN_6_N001,RTPD,MGHG,LMP_GHG_PRC,KERMAN_6_N001,ALL,1,0,1,180
2022-09-04T11:00:00-00:00,2022-09-04T11:15:00-00:00,2022-09-04,05,KERMAN_6_N001,KERMAN_6_N001,KERMAN_6_N001,RTPD,MGHG,LMP_GHG_PRC,KERMAN_6_N001,ALL,1,0,1,180
2022-09-04T12:00:00-00:00,2022-09-04T12:15:00-00:00,2022-09-04,06,KERMAN_6_N001,KERMAN_6_N001,KERMAN_6_N001,RTPD,MGHG,LMP_GHG_PRC,KERMAN_6_N001,ALL,1,0,1,180
2022-09-04T13:00:00-00:00,2022-09-04T13:15:00-00:00,2022-09-04,07,KERMAN_6_N001,KERMAN_6_N001,KERMAN_6_N001,RTPD,MGHG,LMP_GHG_PRC,KERMAN_6_N001,ALL,1,0,1,180
2022-09-04T14:00:00-00:00,2022-09-04T14:15:00-00:00,2022-09-04,08,KERMAN_6_N001,KERMAN_6_N001,KERMAN_6_N001,RTPD,MGHG,LMP_GHG_PRC,KERMAN_6_N001,ALL,1,0,1,180
2022-09-04T15:00:00-00:00,2022-09-04T15:15:00-00:00,2022-09-04,09,KERMAN_6_N001,KERMAN_6_N001,KERMAN_6_N001,RTPD,MGHG,LMP_GHG_PRC,KERMAN_6_N001,ALL,1,0,1,180
2022-09-04T16:00:00-00:00,2022-09-04T16:15:00-00:00,2022-09-04,10,KERMAN_6_N001,KERMAN_6_N001,KERMAN_6_N001,RTPD,MGHG,LMP_GHG_PRC,KERMAN_6_N001,ALL,1,0,1,180
2022-09-04T17:00:00-00:00,2022-09-04T17:15:00-00:00,2022-09-04,11,KERMAN_6_N001,KERMAN_6_N001,KERMAN_6_N001,RTPD,MGHG,LMP_GHG_PRC,KERMAN_6_N001,ALL,1,0,1,180
2022-09-04T18:00:00-00:00,2022-09-04T18:15:00-00:00,2022-09-04,12,KERMAN_6_N001,KERMAN_6_N001,KERMAN_6_N001,RTPD,MGHG,LMP_GHG_PRC,KERMAN_6_N001,ALL,1,0,1,180
2022-09-04T19:00:00-00:00,2022-09-04T19:15:00-00:00,2022-09-04,13,KERMAN_6_N001,KERMAN_6_N001,KERMAN_6_N001,RTPD,MGHG,LMP_GHG_PRC,KERMAN_6_N001,ALL,1,0,1,180
2022-09-04T20:00:00-00:00,2022-09-04T20:15:00-00:00,2022-09-04,14,KERMAN_6_N001,KERMAN_6_N001,KERMAN_6_N001,RTPD,MGHG,LMP_GHG_PRC,KERMAN_6_N001,ALL,1,0,1,180
2022-09-04T21:00:00-00:00,2022-09-04T21:15:00-00:00,2022-09-04,15,KERMAN_6_N001,KERMAN_6_N001,KERMAN_6_N001,RTPD,MGHG,LMP_GHG_PRC,KERMAN_6_N001,ALL,1,0,1,180
2022-09-04T22:00:00-00:00,2022-09-04T22:15:00-00:00,2022-09-04,16,KERMAN_6_N001,KERMAN_6_N001,KERMAN_6_N001,RTPD,MGHG,LMP_GHG_PRC,KERMAN_6_N001,ALL,1,0,1,180
2022-09-04T23:00:00-00:00,2022-09-04T23:15:00-00:00,2022-09-04,17,KERMAN_6_N001,KERMAN_6_N001,KERMAN_6_N001,RTPD,MGHG,LMP_GHG_PRC,KERMAN_6_N001,ALL,1,0,1,180
2022-09-05T00:00:00-00:00,2022-09-05T00:15:00-00:00,2022-09-04,18,KERMAN_6_N001,KERMAN_6_N001,KERMAN_6_N001,RTPD,MGHG,LMP_GHG_PRC,KERMAN_6_N001,ALL,1,0,1,180
2022-09-05T01:00:00-00:00,2022-09-05T01:15:00-00:00,2022-09-04,19,KERMAN_6_N001,KERMAN_6_N001,KERMAN_6_N001,RTPD,MGHG,LMP_GHG_PRC,KERMAN_6_N001,ALL,1,0,1,180
2022-09-05T02:00:00-00:00,2022-09-05T02:15:00-00:00,2022-09-04,20,KERMAN_6_N001,KERMAN_6_N001,KERMAN_6_N001,RTPD,MGHG,LMP_GHG_PRC,KERMAN_6_N001,ALL,1,0,1,180
2022-09-05T03:00:00-00:00,2022-09-05T03:15:00-00:00,2022-09-04,21,KERMAN_6_N001,KERMAN_6_N001,KERMAN_6_N001,RTPD,MGHG,LMP_GHG_PRC,KERMAN_6_N001,ALL,1,0,1,180
2022-09-05T04:00:00-00:00,2022-09-05T04:15:00-00:00,2022-09-04,22,KERMAN_6_N001,KERMAN_6_N001,KERMAN_6_N001,RTPD,MGHG,LMP_GHG_PRC,KERMAN_6_N001,ALL,1,0,1,180
2022-09-05T05:00:00-00:00,2022-09-05T05:15:00-00:00,2022-09-04,23,KERMAN_6_N001,KERMAN_6_N001,KERMAN_6_N001,RTPD,MGHG,LMP_GHG_PRC,KERMAN_6_N001,ALL,1,0,1,180
2022-09-05T06:00:00-00:00,2022-09-05T06:15:00-00:00,2022-09-04,24,KERMAN_6_N001,KERMAN_6_N001,KERMAN_6_N001,RTPD,MGHG,LMP_GHG_PRC,KERMAN_6_N001,ALL,1,0,1,180
2022-09-04T07:15:00-00:00,2022-09-04T07:30:00-00:00,2022-09-04,01,KERMAN_6_N001,KERMAN_6_N001,KERMAN_6_N001,RTPD,MGHG,LMP_GHG_PRC,KERMAN_6_N001,ALL,1,0,2,180
2022-09-04T08:15:00-00:00,2022-09-04T08:30:00-00:00,2022-09-04,02,KERMAN_6_N001,KERMAN_6_N001,KERMAN_6_N001,RTPD,MGHG,LMP_GHG_PRC,KERMAN_6_N001,ALL,1,0,2,180
2022-09-04T09:15:00-00:00,2022-09-04T09:30:00-00:00,2022-09-04,03,KERMAN_6_N001,KERMAN_6_N001,KERMAN_6_N001,RTPD,MGHG,LMP_GHG_PRC,KERMAN_6_N001,ALL,1,0,2,180
2022-09-04T10:15:00-00:00,2022-09-04T10:30:00-00:00,2022-09-04,04,KERMAN_6_N001,KERMAN_6_N001,KERMAN_6_N001,RTPD,MGHG,LMP_GHG_PRC,KERMAN_6_N001,ALL,1,0,2,180
2022-09-04T11:15:00-00:00,2022-09-04T11:30:00-00:00,2022-09-04,05,KERMAN_6_N001,KERMAN_6_N001,KERMAN_6_N001,RTPD,MGHG,LMP_GHG_PRC,KERMAN_6_N001,ALL,1,0,2,180
2022-09-04T12:15:00-00:00,2022-09-04T12:30:00-00:00,2022-09-04,06,KERMAN_6_N001,KERMAN_6_N001,KERMAN_6_N001,RTPD,MGHG,LMP_GHG_PRC,KERMAN_6_N001,ALL,1,0,2,180
2022-09-04T13:15:00-00:00,2022-09-04T13:30:00-00:00,2022-09-04,07,KERMAN_6_N001,KERMAN_6_N001,KERMAN_6_N001,RTPD,MGHG,LMP_GHG_PRC,KERMAN_6_N001,ALL,1,0,2,180
2022-09-04T14:15:00-00:00,2022-09-04T14:30:00-00:00,2022-09-04,08,KERMAN_6_N001,KERMAN_6_N001,KERMAN_6_N001,RTPD,MGHG,LMP_GHG_PRC,KERMAN_6_N001,ALL,1,0,2,180
2022-09-04T15:15:00-00:00,2022-09-04T15:30:00-00:00,2022-09-04,09,KERMAN_6_N001,KERMAN_6_N001,KERMAN_6_N001,RTPD,MGHG,LMP_GHG_PRC,KERMAN_6_N001,ALL,1,0,2,180
2022-09-04T16:15:00-00:00,2022-09-04T16:30:00-00:00,2022-09-04,10,KERMAN_6_N001,KERMAN_6_N001,KERMAN_6_N001,RTPD,MGHG,LMP_GHG_PRC,KERMAN_6_N001,ALL,1,0,2,180
2022-09-04T17:15:00-00:00,2022-09-04T17:30:00-00:00,2022-09-04,11,KERMAN_6_N001,KERMAN_6_N001,KERMAN_6_N001,RTPD,MGHG,LMP_GHG_PRC,KERMAN_6_N001,ALL,1,0,2,180
2022-09-04T18:15:00-00:00,2022-09-04T18:30:00-00:00,2022-09-04,12,KERMAN_6_N001,KERMAN_6_N001,KERMAN_6_N001,RTPD,MGHG,LMP_GHG_PRC,KERMAN_6_N001,ALL,1,0,2,180
2022-09-04T19:15:00-00:00,2022-09-04T19:30:00-00:00,2022-09-04,13,KERMAN_6_N001,KERMAN_6_N001,KERMAN_6_N001,RTPD,MGHG,LMP_GHG_PRC,KERMAN_6_N001,ALL,1,0,2,180
2022-09-04T20:15:00-00:00,2022-09-04T20:30:00-00:00,2022-09-04,14,KERMAN_6_N001,KERMAN_6_N001,KERMAN_6_N001,RTPD,MGHG,LMP_GHG_PRC,KERMAN_6_N001,ALL,1,0,2,180
2022-09-04T21:15:00-00:00,2022-09-04T21:30:00-00:00,2022-09-04,15,KERMAN_6_N001,KERMAN_6_N001,KERMAN_6_N001,RTPD,MGHG,LMP_GHG_PRC,KERMAN_6_N001,ALL,1,0,2,180
2022-09-04T22:15:00-00:00,2022-09-04T22:30:00-00:00,2022-09-04,16,KERMAN_6_N001,KERMAN_6_N001,KERMAN_6_N001,RTPD,MGHG,LMP_GHG_PRC,KERMAN_6_N001,ALL,1,0,2,180
2022-09-04T23:15:00-00:00,2022-09-04T23:30:00-00:00,2022-09-04,17,KERMAN_6_N001,KERMAN_6_N001,KERMAN_6_N001,RTPD,MGHG,LMP_GHG_PRC,KERMAN_6_N001,ALL,1,0,2,180
2022-09-05T00:15:00-00:00,2022-09-05T00:30:00-00:00,2022-09-04,18,KERMAN_6_N001,KERMAN_6_N001,KERMAN_6_N001,RTPD,MGHG,LMP_GHG_PRC,KERMAN_6_N001,ALL,1,0,2,180
2022-09-05T01:15:00-00:00,2022-09-05T01:30:00-00:00,2022-09-04,19,KERMAN_6_N001,KERMAN_6_N001,KERMAN_6_N001,RTPD,MGHG,LMP_GHG_PRC,KERMAN_6_N001,ALL,1,0,2,180
2022-09-05T02:15:00-00:00,2022-09-05T02:30:00-00:00,2022-09-04,20,KERMAN_6_N001,KERMAN_6_N001,KERMAN_6_N001,RTPD,MGHG,LMP_GHG_PRC,KERMAN_6_N001,ALL,1,0,2,180
2022-09-05T03:15:00-00:00,2022-09-05T03:30:00-00:00,2022-09-04,21,KERMAN_6_N001,KERMAN_6_N001,KERMAN_6_N001,RTPD,MGHG,LMP_GHG_PRC,KERMAN_6_N001,ALL,1,0,2,180
2022-09-05T04:15:00-00:00,2022-09-05T04:30:00-00:00,2022-09-04,22,KERMAN_6_N001,KERMAN_6_N001,KERMAN_6_N001,RTPD,MGHG,LMP_GHG_PRC,KERMAN_6_N001,ALL,1,0,2,180
2022-09-05T05:15:00-00:00,2022-09-05T05:30:00-00:00,2022-09-04,23,KERMAN_6_N001,KERMAN_6_N001,KERMAN_6_N001,RTPD,MGHG,LMP_GHG_PRC,KERMAN_6_N001,ALL,1,0,2,180
2022-09-05T06:15:00-00:00,2022-09-05T06:30:00-00:00,2022-09-04,24,KERMAN_6_N001,KERMAN_6_N001,KERMAN_6_N001,RTPD,MGHG,LMP_GHG_PRC,KERMAN_6_N001,ALL,1,0,2,180
2022-09-04T07:30:00-00:00,2022-09-04T07:45:00-00:00,2022-09-04,01,KERMAN_6_N001,KERMAN_6_N001,KERMAN_6_N001,RTPD,MGHG,LMP_GHG_PRC,KERMAN_6_N001,ALL,1,0,3,180
2022-09-04T08:30:00-00:00,2022-09-04T08:45:00-00:00,2022-09-04,02,KERMAN_6_N001,KERMAN_6_N001,KERMAN_6_N001,RTPD,MGHG,LMP_GHG_PRC,KERMAN_6_N001,ALL,1,0,3,180
2022-09-04T09:30:00-00:00,2022-09-04T09:45:00-00:00,2022-09-04,03,KERMAN_6_N001,KERMAN_6_N001,KERMAN_6_N001,RTPD,MGHG,LMP_GHG_PRC,KERMAN_6_N001,ALL,1,0,3,180
2022-09-04T10:30:00-00:00,2022-09-04T10:45:00-00:00,2022-09-04,04,KERMAN_6_N001,KERMAN_6_N001,KERMAN_6_N001,RTPD,MGHG,LMP_GHG_PRC,KERMAN_6_N001,ALL,1,0,3,180
2022-09-04T11:30:00-00:00,2022-09-04T11:45:00-00:00,2022-09-04,05,KERMAN_6_N001,KERMAN_6_N001,KERMAN_6_N001,RTPD,MGHG,LMP_GHG_PRC,KERMAN_6_N001,ALL,1,0,3,180
2022-09-04T12:30:00-00:00,2022-09-04T12:45:00-00:00,2022-09-04,06,KERMAN_6_N001,KERMAN_6_N001,KERMAN_6_N001,RTPD,MGHG,LMP_GHG_PRC,KERMAN_6_N001,ALL,1,0,3,180
2022-09-04T13:30:00-00:00,2022-09-04T13:45:00-00:00,2022-09-04,07,KERMAN_6_N001,KERMAN_6_N001,KERMAN_6_N001,RTPD,MGHG,LMP_GHG_PRC,KERMAN_6_N001,ALL,1,0,3,180
2022-09-04T14:30:00-00:00,2022-09-04T14:45:00-00:00,2022-09-04,08,KERMAN_6_N001,KERMAN_6_N001,KERMAN_6_N001,RTPD,MGHG,LMP_GHG_PRC,KERMAN_6_N001,ALL,1,0,3,180
2022-09-04T15:30:00-00:00,2022-09-04T15:45:00-00:00,2022-09-04,09,KERMAN_6_N001,KERMAN_6_N001,KERMAN_6_N001,RTPD,MGHG,LMP_GHG_PRC,KERMAN_6_N001,ALL,1,0,3,180
2022-09-04T16:30:00-00:00,2022-09-04T16:45:00-00:00,2022-09-04,10,KERMAN_6_N001,KERMAN_6_N001,KERMAN_6_N001,RTPD,MGHG,LMP_GHG_PRC,KERMAN_6_N001,ALL,1,0,3,180
2022-09-04T17:30:00-00:00,2022-09-04T17:45:00-00:00,2022-09-04,11,KERMAN_6_N001,KERMAN_6_N001,KERMAN_6_N001,RTPD,MGHG,LMP_GHG_PRC,KERMAN_6_N001,ALL,1,0,3,180
2022-09-04T18:30:00-00:00,2022-09-04T18:45:00-00:00,2022-09-04,12,KERMAN_6_N001,KERMAN_6_N001,KERMAN_6_N001,RTPD,MGHG,LMP_GHG_PRC,KERMAN_6_N001,ALL,1,0,3,180
2022-09-04T19:30:00-00:00,2022-09-04T19:45:00-00:00,2022-09-04,13,KERMAN_6_N001,KERMAN_6_N001,KERMAN_6_N001,RTPD,MGHG,LMP_GHG_PRC,KERMAN_6_N001,ALL,1,0,3,180
2022-09-04T20:30:00-00:00,2022-09-04T20:45:00-00:00,2022-09-04,14,KERMAN_6_N001,KERMAN_6_N001,KERMAN_6_N001,RTPD,MGHG,LMP_GHG_PRC,KERMAN_6_N001,ALL,1,0,3,180
2022-09-04T21:30:00-00:00,2022-09-04T21:45:00-00:00,2022-09-04,15,KERMAN_6_N001,KERMAN_6_N001,KERMAN_6_N001,RTPD,MGHG,LMP_GHG_PRC,KERMAN_6_N001,ALL,1,0,3,180
2022-09-04T22:30:00-00:00,2022-09-04T22:45:00-00:00,2022-09-04,16,KERMAN_6_N001,KERMAN_6_N001,KERMAN_6_N001,RTPD,MGHG,LMP_GHG_PRC,KERMAN_6_N001,ALL,1,0,3,180
2022-09-04T23:30:00-00:00,2022-09-04T23:45:00-00:00,2022-09-04,17,KERMAN_6_N001,KERMAN_6_N001,KERMAN_6_N001,RTPD,MGHG,LMP_GHG_PRC,KERMAN_6_N001,ALL,1,0,3,180
2022-09-05T00:30:00-00:00,2022-09-05T00:45:00-00:00,2022-09-04,18,KERMAN_6_N001,KERMAN_6_N001,KERMAN_6_N001,RTPD,MGHG,LMP_GHG_PRC,KERMAN_6_N001,ALL,1,0,3,180
2022-09-05T01:30:00-00:00,2022-09-05T01:45:00-00:00,2022-09-04,19,KERMAN_6_N001,KERMAN_6_N001,KERMAN_6_N001,RTPD,MGHG,LMP_GHG_PRC,KERMAN_6_N001,ALL,1,0,3,180
2022-09-05T02:30:00-00:00,2022-09-05T02:45:00-00:00,2022-09-04,20,KERMAN_6_N001,KERMAN_6_N001,KERMAN_6_N001,RTPD,MGHG,LMP_GHG_PRC,KERMAN_6_N001,ALL,1,0,3,180
2022-09-05T03:30:00-00:00,2022-09-05T03:45:00-00:00,2022-09-04,21,KERMAN_6_N001,KERMAN_6_N001,KERMAN_6_N001,RTPD,MGHG,LMP_GHG_PRC,KERMAN_6_N001,ALL,1,0,3,180
2022-09-05T04:30:00-00:00,2022-09-05T04:45:00-00:00,2022-09-04,22,KERMAN_6_N001,KERMAN_6_N001,KERMAN_6_N001,RTPD,MGHG,LMP_GHG_PRC,KERMAN_6_N001,ALL,1,0,3,180
2022-09-05T05:30:00-00:00,2022-09-05T05:45:00-00:00,2022-09-04,23,KERMAN_6_N001,KERMAN_6_N001,KERMAN_6_N001,RTPD,MGHG,LMP_GHG_PRC,KERMAN_6_N001,ALL,1,0,3,180
2022-09-05T06:30:00-00:00,2022-09-05T06:45:00-00:00,2022-09-04,24,KERMAN_6_N001,KERMAN_6_N001,KERMAN_6_N001,RTPD,MGHG,LMP_GHG_PRC,KERMAN_6_N001,ALL,1,0,3,180
2022-09-04T07:45:00-00:00,2022-09-04T08:00:00-00:00,2022-09-04,01,KERMAN_6_N001,KERMAN_6_N001,KERMAN_6_N001,RTPD,MGHG,LMP_GHG_PRC,KERMAN_6_N001,ALL,1,0,4,180
2022-09-04T08:45:00-00:00,2022-09-04T09:00:00-00:00,2022-09-04,02,KERMAN_6_N001,KERMAN_6_N001,KERMAN_6_N001,RTPD,MGHG,LMP_GHG_PRC,KERMAN_6_N001,ALL,1,0,4,180
2022-09-04T09:45:00-00:00,2022-09-04T10:00:00-00:00,2022-09-04,03,KERMAN_6_N001,KERMAN_6_N001,KERMAN_6_N001,RTPD,MGHG,LMP_GHG_PRC,KERMAN_6_N001,ALL,1,0,4,180
2022-09-04T10:45:00-00:00,2022-09-04T11:00:00-00:00,2022-09-04,04,KERMAN_6_N001,KERMAN_6_N001,KERMAN_6_N001,RTPD,MGHG,LMP_GHG_PRC,KERMAN_6_N001,ALL,1,0,4,180
2022-09-04T11:45:00-00:00,2022-09-04T12:00:00-00:00,2022-09-04,05,KERMAN_6_N001,KERMAN_6_N001,KERMAN_6_N001,RTPD,MGHG,LMP_GHG_PRC,KERMAN_6_N001,ALL,1,0,4,180
2022-09-04T12:45:00-00:00,2022-09-04T13:00:00-00:00,2022-09-04,06,KERMAN_6_N001,KERMAN_6_N001,KERMAN_6_N001,RTPD,MGHG,LMP_GHG_PRC,KERMAN_6_N001,ALL,1,0,4,180
2022-09-04T13:45:00-00:00,2022-09-04T14:00:00-00:00,2022-09-04,07,KERMAN_6_N001,KERMAN_6_N001,KERMAN_6_N001,RTPD,MGHG,LMP_GHG_PRC,KERMAN_6_N001,ALL,1,0,4,180
2022-09-04T14:45:00-00:00,2022-09-04T15:00:00-00:00,2022-09-04,08,KERMAN_6_N001,KERMAN_6_N001,KERMAN_6_N001,RTPD,MGHG,LMP_GHG_PRC,KERMAN_6_N001,ALL,1,0,4,180
2022-09-04T15:45:00-00:00,2022-09-04T16:00:00-00:00,2022-09-04,09,KERMAN_6_N001,KERMAN_6_N001,KERMAN_6_N001,RTPD,MGHG,LMP_GHG_PRC,KERMAN_6_N001,ALL,1,0,4,180
2022-09-04T16:45:00-00:00,2022-09-04T17:00:00-00:00,2022-09-04,10,KERMAN_6_N001,KERMAN_6_N001,KERMAN_6_N001,RTPD,MGHG,LMP_GHG_PRC,KERMAN_6_N001,ALL,1,0,4,180
2022-09-04T17:45:00-00:00,2022-09-04T18:00:00-00:00,2022-09-04,11,KERMAN_6_N001,KERMAN_6_N001,KERMAN_6_N001,RTPD,MGHG,LMP_GHG_PRC,KERMAN_6_N001,ALL,1,0,4,180
2022-09-04T18:45:00-00:00,2022-09-04T19:00:00-00:00,2022-09-04,12,KERMAN_6_N001,KERMAN_6_N001,KERMAN_6_N001,RTPD,MGHG,LMP_GHG_PRC,KERMAN_6_N001,ALL,1,0,4,180
2022-09-04T19:45:00-00:00,2022-09-04T20:00:00-00:00,2022-09-04,13,KERMAN_6_N001,KERMAN_6_N001,KERMAN_6_N001,RTPD,MGHG,LMP_GHG_PRC,KERMAN_6_N001,ALL,1,0,4,180
2022-09-04T20:45:00-00:00,2022-09-04T21:00:00-00:00,2022-09-04,14,KERMAN_6_N001,KERMAN_6_N001,KERMAN_6_N001,RTPD,MGHG,LMP_GHG_PRC,KERMAN_6_N001,ALL,1,0,4,180
2022-09-04T21:45:00-00:00,2022-09-04T22:00:00-00:00,2022-09-04,15,KERMAN_6_N001,KERMAN_6_N001,KERMAN_6_N001,RTPD,MGHG,LMP_GHG_PRC,KERMAN_6_N001,ALL,1,0,4,180
2022-09-04T22:45:00-00:00,2022-09-04T23:00:00-00:00,2022-09-04,16,KERMAN_6_N001,KERMAN_6_N001,KERMAN_6_N001,RTPD,MGHG,LMP_GHG_PRC,KERMAN_6_N001,ALL,1,0,4,180
2022-09-04T23:45:00-00:00,2022-09-05T00:00:00-00:00,2022-09-04,17,KERMAN_6_N001,KERMAN_6_N001,KERMAN_6_N001,RTPD,MGHG,LMP_GHG_PRC,KERMAN_6_N001,ALL,1,0,4,180
2022-09-05T00:45:00-00:00,2022-09-05T01:00:00-00:00,2022-09-04,18,KERMAN_6_N001,KERMAN_6_N001,KERMAN_6_N001,RTPD,MGHG,LMP_GHG_PRC,KERMAN_6_N001,ALL,1,0,4,180
2022-09-05T01:45:00-00:00,2022-09-05T02:00:00-00:00,2022-09-04,19,KERMAN_6_N001,KERMAN_6_N001,KERMAN_6_N001,RTPD,MGHG,LMP_GHG_PRC,KERMAN_6_N001,ALL,1,0,4,180
2022-09-05T02:45:00-00:00,2022-09-05T03:00:00-00:00,2022-09-04,20,KERMAN_6_N001,KERMAN_6_N001,KERMAN_6_N001,RTPD,MGHG,LMP_GHG_PRC,KERMAN_6_N001,ALL,1,0,4,180
2022-09-05T03:45:00-00:00,2022-09-05T04:00:00-00:00,2022-09-04,21,KERMAN_6_N001,KERMAN_6_N001,KERMAN_6_N001,RTPD,MGHG,LMP_GHG_PRC,KERMAN_6_N001,ALL,1,0,4,180
2022-09-05T04:45:00-00:00,2022-09-05T05:00:00-00:00,2022-09-04,22,KERMAN_6_N001,KERMAN_6_N001,KERMAN_6_N001,RTPD,MGHG,LMP_GHG_PRC,KERMAN_6_N001,ALL,1,0,4,180
2022-09-05T05:45:00-00:00,2022-09-05T06:00:00-00:00,2022-09-04,23,KERMAN_6_N001,KERMAN_6_N001,KERMAN_6_N001,RTPD,MGHG,LMP_GHG_PRC,KERMAN_6_N001,ALL,1,0,4,180
2022-09-05T06:45:00-00:00,2022-09-05T07:00:00-00:00,2022-09-04,24,KERMAN_6_N001,KERMAN_6_N001,KERMAN_6_N001,RTPD,MGHG,LMP_GHG_PRC,KERMAN_6_N001,ALL,1,0,4,180
2022-09-04T07:00:00-00:00,2022-09-04T07:15:00-00:00,2022-09-04,01,KERMAN_6_N002,KERMAN_6_N002,KERMAN_6_N002,RTPD,LMP,LMP_PRC,KERMAN_6_N002,ALL,1,115.17089,1,181
2022-09-04T08:00:00-00:00,2022-09-04T08:15:00-00:00,2022-09-04,02,KERMAN_6_N002,KERMAN_6_N002,KERMAN_6_N002,RTPD,LMP,LMP_PRC,KERMAN_6_N002,ALL,1,103.94129,1,181
2022-09-04T09:00:00-00:00,2022-09-04T09:15:00-00:00,2022-09-04,03,KERMAN_6_N002,KERMAN_6_N002,KERMAN_6_N002,RTPD,LMP,LMP_PRC,KERMAN_6_N002,ALL,1,120.81726,1,181
2022-09-04T10:00:00-00:00,2022-09-04T10:15:00-00:00,2022-09-04,04,KERMAN_6_N002,KERMAN_6_N002,KERMAN_6_N002,RTPD,LMP,LMP_PRC,KERMAN_6_N002,ALL,1,112.17161,1,181
2022-09-04T11:00:00-00:00,2022-09-04T11:15:00-00:00,2022-09-04,05,KERMAN_6_N002,KERMAN_6_N002,KERMAN_6_N002,RTPD,LMP,LMP_PRC,KERMAN_6_N002,ALL,1,95.0438,1,181
2022-09-04T12:00:00-00:00,2022-09-04T12:15:00-00:00,2022-09-04,06,KERMAN_6_N002,KERMAN_6_N002,KERMAN_6_N002,RTPD,LMP,LMP_PRC,KERMAN_6_N002,ALL,1,82.564,1,181
2022-09-04T13:00:00-00:00,2022-09-04T13:15:00-00:00,2022-09-04,07,KERMAN_6_N002,KERMAN_6_N002,KERMAN_6_N002,RTPD,LMP,LMP_PRC,KERMAN_6_N002,ALL,1,63.51137,1,181
2022-09-04T14:00:00-00:00,2022-09-04T14:15:00-00:00,2022-09-04,08,KERMAN_6_N002,KERMAN_6_N002,KERMAN_6_N002,RTPD,LMP,LMP_PRC,KERMAN_6_N002,ALL,1,80.94005,1,181
2022-09-04T15:00:00-00:00,2022-09-04T15:15:00-00:00,2022-09-04,09,KERMAN_6_N002,KERMAN_6_N002,KERMAN_6_N002,RTPD,LMP,LMP_PRC,KERMAN_6_N002,ALL,1,70.17689,1,181
2022-09-04T16:00:00-00:00,2022-09-04T16:15:00-00:00,2022-09-04,10,KERMAN_6_N002,KERMAN_6_N002,KERMAN_6_N002,RTPD,LMP,LMP_PRC,KERMAN_6_N002,ALL,1,1.16132,1,181
2022-09-04T17:00:00-00:00,2022-09-04T17:15:00-00:00,2022-09-04,11,KERMAN_6_N002,KERMAN_6_N002,KERMAN_6_N002,RTPD,LMP,LMP_PRC,KERMAN_6_N002,ALL,1,-0.99707,1,181
2022-09-04T18:00:00-00:00,2022-09-04T18:15:00-00:00,2022-09-04,12,KERMAN_6_N002,KERMAN_6_N002,KERMAN_6_N002,RTPD,LMP,LMP_PRC,KERMAN_6_N002,ALL,1,4.0223,1,181
2022-09-04T19:00:00-00:00,2022-09-04T19:15:00-00:00,2022-09-04,13,KERMAN_6_N002,KERMAN_6_N002,KERMAN_6_N002,RTPD,LMP,LMP_PRC,KERMAN_6_N002,ALL,1,30.47905,1,181
2022-09-04T20:00:00-00:00,2022-09-04T20:15:00-00:00,2022-09-04,14,KERMAN_6_N002,KERMAN_6_N002,KERMAN_6_N002,RTPD,LMP,LMP_PRC,KERMAN_6_N002,ALL,1,72.19647,1,181
2022-09-04T21:00:00-00:00,2022-09-04T21:15:00-00:00,2022-09-04,15,KERMAN_6_N002,KERMAN_6_N002,KERMAN_6_N002,RTPD,LMP,LMP_PRC,KERMAN_6_N002,ALL,1,71.47365,1,181
2022-09-04T22:00:00-00:00,2022-09-04T22:15:00-00:00,2022-09-04,16,KERMAN_6_N002,KERMAN_6_N002,KERMAN_6_N002,RTPD,LMP,LMP_PRC,KERMAN_6_N002,ALL,1,78.71655,1,181
2022-09-04T23:00:00-00:00,2022-09-04T23:15:00-00:00,2022-09-04,17,KERMAN_6_N002,KERMAN_6_N002,KERMAN_6_N002,RTPD,LMP,LMP_PRC,KERMAN_6_N002,ALL,1,85.91844,1,181
2022-09-05T00:00:00-00:00,2022-09-05T00:15:00-00:00,2022-09-04,18,KERMAN_6_N002,KERMAN_6_N002,KERMAN_6_N002,RTPD,LMP,LMP_PRC,KERMAN_6_N002,ALL,1,110.19628,1,181
2022-09-05T01:00:00-00:00,2022-09-05T01:15:00-00:00,2022-09-04,19,KERMAN_6_N002,KERMAN_6_N002,KERMAN_6_N002,RTPD,LMP,LMP_PRC,KERMAN_6_N002,ALL,1,136.06444,1,181
2022-09-05T02:00:00-00:00,2022-09-05T02:15:00-00:00,2022-09-04,20,KERMAN_6_N002,KERMAN_6_N002,KERMAN_6_N002,RTPD,LMP,LMP_PRC,KERMAN_6_N002,ALL,1,170.45197,1,181
2022-09-05T03:00:00-00:00,2022-09-05T03:15:00-00:00,2022-09-04,21,KERMAN_6_N002,KERMAN_6_N002,KERMAN_6_N002,RTPD,LMP,LMP_PRC,KERMAN_6_N002,ALL,1,603.0984,1,181
2022-09-05T04:00:00-00:00,2022-09-05T04:15:00-00:00,2022-09-04,22,KERMAN_6_N002,KERMAN_6_N002,KERMAN_6_N002,RTPD,LMP,LMP_PRC,KERMAN_6_N002,ALL,1,158.42989,1,181
2022-09-05T05:00:00-00:00,2022-09-05T05:15:00-00:00,2022-09-04,23,KERMAN_6_N002,KERMAN_6_N002,KERMAN_6_N002,RTPD,LMP,LMP_PRC,KERMAN_6_N002,ALL,1,177.75362,1,181
2022-09-05T06:00:00-00:00,2022-09-05T06:15:00-00:00,2022-09-04,24,KERMAN_6_N002,KERMAN_6_N002,KERMAN_6_N002,RTPD,LMP,LMP_PRC,KERMAN_6_N002,ALL,1,155.40982,1,181
2022-09-04T07:15:00-00:00,2022-09-04T07:30:00-00:00,2022-09-04,01,KERMAN_6_N002,KERMAN_6_N002,KERMAN_6_N002,RTPD,LMP,LMP_PRC,KERMAN_6_N002,ALL,1,112.55107,2,181
2022-09-04T08:15:00-00:00,2022-09-04T08:30:00-00:00,2022-09-04,02,KERMAN_6_N002,KERMAN_6_N002,KERMAN_6_N002,RTPD,LMP,LMP_PRC,KERMAN_6_N002,ALL,1,121.44118,2,181
2022-09-04T09:15:00-00:00,2022-09-04T09:30:00-00:00,2022-09-04,03,KERMAN_6_N002,KERMAN_6_N002,KERMAN_6_N002,RTPD,LMP,LMP_PRC,KERMAN_6_N002,ALL,1,101.54989,2,181
2022-09-04T10:15:00-00:00,2022-09-04T10:30:00-00:00,2022-09-04,04,KERMAN_6_N002,KERMAN_6_N002,KERMAN_6_N002,RTPD,LMP,LMP_PRC,KERMAN_6_N002,ALL,1,111.2842,2,181
2022-09-04T11:15:00-00:00,2022-09-04T11:30:00-00:00,2022-09-04,05,KERMAN_6_N002,KERMAN_6_N002,KERMAN_6_N002,RTPD,LMP,LMP_PRC,KERMAN_6_N002,ALL,1,124.53702,2,181
2022-09-04T12:15:00-00:00,2022-09-04T12:30:00-00:00,2022-09-04,06,KERMAN_6_N002,KERMAN_6_N002,KERMAN_6_N002,RTPD,LMP,LMP_PRC,KERMAN_6_N002,ALL,1,82.57425,2,181
2022-09-04T13:15:00-00:00,2022-09-04T13:30:00-00:00,2022-09-04,07,KERMAN_6_N002,KERMAN_6_N002,KERMAN_6_N002,RTPD,LMP,LMP_PRC,KERMAN_6_N002,ALL,1,48.58901,2,181
2022-09-04T14:15:00-00:00,2022-09-04T14:30:00-00:00,2022-09-04,08,KERMAN_6_N002,KERMAN_6_N002,KERMAN_6_N002,RTPD,LMP,LMP_PRC,KERMAN_6_N002,ALL,1,73.66271,2,181
2022-09-04T15:15:00-00:00,2022-09-04T15:30:00-00:00,2022-09-04,09,KERMAN_6_N002,KERMAN_6_N002,KERMAN_6_N002,RTPD,LMP,LMP_PRC,KERMAN_6_N002,ALL,1,51.15665,2,181
2022-09-04T16:15:00-00:00,2022-09-04T16:30:00-00:00,2022-09-04,10,KERMAN_6_N002,KERMAN_6_N002,KERMAN_6_N002,RTPD,LMP,LMP_PRC,KERMAN_6_N002,ALL,1,0.99435,2,181
2022-09-04T17:15:00-00:00,2022-09-04T17:30:00-00:00,2022-09-04,11,KERMAN_6_N002,KERMAN_6_N002,KERMAN_6_N002,RTPD,LMP,LMP_PRC,KERMAN_6_N002,ALL,1,0.17074,2,181
2022-09-04T18:15:00-00:00,2022-09-04T18:30:00-00:00,2022-09-04,12,KERMAN_6_N002,KERMAN_6_N002,KERMAN_6_N002,RTPD,LMP,LMP_PRC,KERMAN_6_N002,ALL,1,7.04228,2,181
2022-09-04T19:15:00-00:00,2022-09-04T19:30:00-00:00,2022-09-04,13,KERMAN_6_N002,KERMAN_6_N002,KERMAN_6_N002,RTPD,LMP,LMP_PRC,KERMAN_6_N002,ALL,1,53.65213,2,181
2022-09-04T20:15:00-00:00,2022-09-04T20:30:00-00:00,2022-09-04,14,KERMAN_6_N002,KERMAN_6_N002,KERMAN_6_N002,RTPD,LMP,LMP_PRC,KERMAN_6_N002,ALL,1,70.97168,2,181
2022-09-04T21:15:00-00:00,2022-09-04T21:30:00-00:00,2022-09-04,15,KERMAN_6_N002,KERMAN_6_N002,KERMAN_6_N002,RTPD,LMP,LMP_PRC,KERMAN_6_N002,ALL,1,76.57002,2,181
2022-09-04T22:15:00-00:00,2022-09-04T22:30:00-00:00,2022-09-04,16,KERMAN_6_N002,KERMAN_6_N002,KERMAN_6_N002,RTPD,LMP,LMP_PRC,KERMAN_6_N002,ALL,1,85.94187,2,181
2022-09-04T23:15:00-00:00,2022-09-04T23:30:00-00:00,2022-09-04,17,KERMAN_6_N002,KERMAN_6_N002,KERMAN_6_N002,RTPD,LMP,LMP_PRC,KERMAN_6_N002,ALL,1,99.09684,2,181
2022-09-05T00:15:00-00:00,2022-09-05T00:30:00-00:00,2022-09-04,18,KERMAN_6_N002,KERMAN_6_N002,KERMAN_6_N002,RTPD,LMP,LMP_PRC,KERMAN_6_N002,ALL,1,110.14118,2,181
2022-09-05T01:15:00-00:00,2022-09-05T01:30:00-00:00,2022-09-04,19,KERMAN_6_N002,KERMAN_6_N002,KERMAN_6_N002,RTPD,LMP,LMP_PRC,KERMAN_6_N002,ALL,1,309.31177,2,181
2022-09-05T02:15:00-00:00,2022-09-05T02:30:00-00:00,2022-09-04,20,KERMAN_6_N002,KERMAN_6_N002,KERMAN_6_N002,RTPD,LMP,LMP_PRC,KERMAN_6_N002,ALL,1,184.39996,2,181
2022-09-05T03:15:00-00:00,2022-09-05T03:30:00-00:00,2022-09-04,21,KERMAN_6_N002,KERMAN_6_N002,KERMAN_6_N002,RTPD,LMP,LMP_PRC,KERMAN_6_N002,ALL,1,579.63947,2,181
2022-09-05T04:15:00-00:00,2022-09-05T04:30:00-00:00,2022-09-04,22,KERMAN_6_N002,KERMAN_6_N002,KERMAN_6_N002,RTPD,LMP,LMP_PRC,KERMAN_6_N002,ALL,1,152.16476,2,181
2022-09-05T05:15:00-00:00,2022-09-05T05:30:00-00:00,2022-09-04,23,KERMAN_6_N002,KERMAN_6_N002,KERMAN_6_N002,RTPD,LMP,LMP_PRC,KERMAN_6_N002,ALL,1,179.79416,2,181
2022-09-05T06:15:00-00:00,2022-09-05T06:30:00-00:00,2022-09-04,24,KERMAN_6_N002,KERMAN_6_N002,KERMAN_6_N002,RTPD,LMP,LMP_PRC,KERMAN_6_N002,ALL,1,141.58902,2,181
2022-09-04T07:30:00-00:00,2022-09-04T07:45:00-00:00,2022-09-04,01,KERMAN_6_N002,KERMAN_6_N002,KERMAN_6_N002,RTPD,LMP,LMP_PRC,KERMAN_6_N002,ALL,1,104.47125,3,181
2022-09-04T08:30:00-00:00,2022-09-04T08:45:00-00:00,2022-09-04,02,KERMAN_6_N002,KERMAN_6_N002,KERMAN_6_N002,RTPD,LMP,LMP_PRC,KERMAN_6_N002,ALL,1,121.90209,3,181
2022-09-04T09:30:00-00:00,2022-09-04T09:45:00-00:00,2022-09-04,03,KERMAN_6_N002,KERMAN_6_N002,KERMAN_6_N002,RTPD,LMP,LMP_PRC,KERMAN_6_N002,ALL,1,92.97779,3,181
2022-09-04T10:30:00-00:00,2022-09-04T10:45:00-00:00,2022-09-04,04,KERMAN_6_N002,KERMAN_6_N002,KERMAN_6_N002,RTPD,LMP,LMP_PRC,KERMAN_6_N002,ALL,1,119.22193,3,181
2022-09-04T11:30:00-00:00,2022-09-04T11:45:00-00:00,2022-09-04,05,KERMAN_6_N002,KERMAN_6_N002,KERMAN_6_N002,RTPD,LMP,LMP_PRC,KERMAN_6_N002,ALL,1,124.44665,3,181
2022-09-04T12:30:00-00:00,2022-09-04T12:45:00-00:00,2022-09-04,06,KERMAN_6_N002,KERMAN_6_N002,KERMAN_6_N002,RTPD,LMP,LMP_PRC,KERMAN_6_N002,ALL,1,81.58899,3,181
2022-09-04T13:30:00-00:00,2022-09-04T13:45:00-00:00,2022-09-04,07,KERMAN_6_N002,KERMAN_6_N002,KERMAN_6_N002,RTPD,LMP,LMP_PRC,KERMAN_6_N002,ALL,1,41.64188,3,181
2022-09-04T14:30:00-00:00,2022-09-04T14:45:00-00:00,2022-09-04,08,KERMAN_6_N002,KERMAN_6_N002,KERMAN_6_N002,RTPD,LMP,LMP_PRC,KERMAN_6_N002,ALL,1,72.46772,3,181
2022-09-04T15:30:00-00:00,2022-09-04T15:45:00-00:00,2022-09-04,09,KERMAN_6_N002,KERMAN_6_N002,KERMAN_6_N002,RTPD,LMP,LMP_PRC,KERMAN_6_N002,ALL,1,38.37034,3,181
2022-09-04T16:30:00-00:00,2022-09-04T16:45:00-00:00,2022-09-04,10,KERMAN_6_N002,KERMAN_6_N002,KERMAN_6_N002,RTPD,LMP,LMP_PRC,KERMAN_6_N002,ALL,1,2.91304,3,181
2022-09-04T17:30:00-00:00,2022-09-04T17:45:00-00:00,2022-09-04,11,KERMAN_6_N002,KERMAN_6_N002,KERMAN_6_N002,RTPD,LMP,LMP_PRC,KERMAN_6_N002,ALL,1,0.77093,3,181
2022-09-04T18:30:00-00:00,2022-09-04T18:45:00-00:00,2022-09-04,12,KERMAN_6_N002,KERMAN_6_N002,KERMAN_6_N002,RTPD,LMP,LMP_PRC,KERMAN_6_N002,ALL,1,56.09848,3,181
2022-09-04T19:30:00-00:00,2022-09-04T19:45:00-00:00,2022-09-04,13,KERMAN_6_N002,KERMAN_6_N002,KERMAN_6_N002,RTPD,LMP,LMP_PRC,KERMAN_6_N002,ALL,1,66.54095,3,181
2022-09-04T20:30:00-00:00,2022-09-04T20:45:00-00:00,2022-09-04,14,KERMAN_6_N002,KERMAN_6_N002,KERMAN_6_N002,RTPD,LMP,LMP_PRC,KERMAN_6_N002,ALL,1,68.75011,3,181
2022-09-04T21:30:00-00:00,2022-09-04T21:45:00-00:00,2022-09-04,15,KERMAN_6_N002,KERMAN_6_N002,KERMAN_6_N002,RTPD,LMP,LMP_PRC,KERMAN_6_N002,ALL,1,80.49533,3,181
2022-09-04T22:30:00-00:00,2022-09-04T22:45:00-00:00,2022-09-04,16,KERMAN_6_N002,KERMAN_6_N002,KERMAN_6_N002,RTPD,LMP,LMP_PRC,KERMAN_6_N002,ALL,1,96.08716,3,181
2022-09-04T23:30:00-00:00,2022-09-04T23:45:00-00:00,2022-09-04,17,KERMAN_6_N002,KERMAN_6_N002,KERMAN_6_N002,RTPD,LMP,LMP_PRC,KERMAN_6_N002,ALL,1,102.72728,3,181
2022-09-05T00:30:00-00:00,2022-09-05T00:45:00-00:00,2022-09-04,18,KERMAN_6_N002,KERMAN_6_N002,KERMAN_6_N002,RTPD,LMP,LMP_PRC,KERMAN_6_N002,ALL,1,116.68711,3,181
2022-09-05T01:30:00-00:00,2022-09-05T01:45:00-00:00,2022-09-04,19,KERMAN_6_N002,KERMAN_6_N002,KERMAN_6_N002,RTPD,LMP,LMP_PRC,KERMAN_6_N002,ALL,1,1387.5621,3,181
2022-09-05T02:30:00-00:00,2022-09-05T02:45:00-00:00,2022-09-04,20,KERMAN_6_N002,KERMAN_6_N002,KERMAN_6_N002,RTPD,LMP,LMP_PRC,KERMAN_6_N002,ALL,1,153.01768,3,181
2022-09-05T03:30:00-00:00,2022-09-05T03:45:00-00:00,2022-09-04,21,KERMAN_6_N002,KERMAN_6_N002,KERMAN_6_N002,RTPD,LMP,LMP_PRC,KERMAN_6_N002,ALL,1,495.1704,3,181
2022-09-05T04:30:00-00:00,2022-09-05T04:45:00-00:00,2022-09-04,22,KERMAN_6_N002,KERMAN_6_N002,KERMAN_6_N002,RTPD,LMP,LMP_PRC,KERMAN_6_N002,ALL,1,152.65414,3,181
2022-09-05T05:30:00-00:00,2022-09-05T05:45:00-00:00,2022-09-04,23,KERMAN_6_N002,KERMAN_6_N002,KERMAN_6_N002,RTPD,LMP,LMP_PRC,KERMAN_6_N002,ALL,1,152.60631,3,181
2022-09-05T06:30:00-00:00,2022-09-05T06:45:00-00:00,2022-09-04,24,KERMAN_6_N002,KERMAN_6_N002,KERMAN_6_N002,RTPD,LMP,LMP_PRC,KERMAN_6_N002,ALL,1,106.05536,3,181
2022-09-04T07:45:00-00:00,2022-09-04T08:00:00-00:00,2022-09-04,01,KERMAN_6_N002,KERMAN_6_N002,KERMAN_6_N002,RTPD,LMP,LMP_PRC,KERMAN_6_N002,ALL,1,126.39942,4,181
2022-09-04T08:45:00-00:00,2022-09-04T09:00:00-00:00,2022-09-04,02,KERMAN_6_N002,KERMAN_6_N002,KERMAN_6_N002,RTPD,LMP,LMP_PRC,KERMAN_6_N002,ALL,1,123.54682,4,181
2022-09-04T09:45:00-00:00,2022-09-04T10:00:00-00:00,2022-09-04,03,KERMAN_6_N002,KERMAN_6_N002,KERMAN_6_N002,RTPD,LMP,LMP_PRC,KERMAN_6_N002,ALL,1,97.69211,4,181
2022-09-04T10:45:00-00:00,2022-09-04T11:00:00-00:00,2022-09-04,04,KERMAN_6_N002,KERMAN_6_N002,KERMAN_6_N002,RTPD,LMP,LMP_PRC,KERMAN_6_N002,ALL,1,94.75349,4,181
2022-09-04T11:45:00-00:00,2022-09-04T12:00:00-00:00,2022-09-04,05,KERMAN_6_N002,KERMAN_6_N002,KERMAN_6_N002,RTPD,LMP,LMP_PRC,KERMAN_6_N002,ALL,1,79.64841,4,181
2022-09-04T12:45:00-00:00,2022-09-04T13:00:00-00:00,2022-09-04,06,KERMAN_6_N002,KERMAN_6_N002,KERMAN_6_N002,RTPD,LMP,LMP_PRC,KERMAN_6_N002,ALL,1,78.33772,4,181
2022-09-04T13:45:00-00:00,2022-09-04T14:00:00-00:00,2022-09-04,07,KERMAN_6_N002,KERMAN_6_N002,KERMAN_6_N002,RTPD,LMP,LMP_PRC,KERMAN_6_N002,ALL,1,33.88406,4,181
2022-09-04T14:45:00-00:00,2022-09-04T15:00:00-00:00,2022-09-04,08,KERMAN_6_N002,KERMAN_6_N002,KERMAN_6_N002,RTPD,LMP,LMP_PRC,KERMAN_6_N002,ALL,1,35.98716,4,181
2022-09-04T15:45:00-00:00,2022-09-04T16:00:00-00:00,2022-09-04,09,KERMAN_6_N002,KERMAN_6_N002,KERMAN_6_N002,RTPD,LMP,LMP_PRC,KERMAN_6_N002,ALL,1,2.63692,4,181
2022-09-04T16:45:00-00:00,2022-09-04T17:00:00-00:00,2022-09-04,10,KERMAN_6_N002,KERMAN_6_N002,KERMAN_6_N002,RTPD,LMP,LMP_PRC,KERMAN_6_N002,ALL,1,0.11819,4,181
2022-09-04T17:45:00-00:00,2022-09-04T18:00:00-00:00,2022-09-04,11,KERMAN_6_N002,KERMAN_6_N002,KERMAN_6_N002,RTPD,LMP,LMP_PRC,KERMAN_6_N002,ALL,1,1.41392,4,181
2022-09-04T18:45:00-00:00,2022-09-04T19:00:00-00:00,2022-09-04,12,KERMAN_6_N002,KERMAN_6_N002,KERMAN_6_N002,RTPD,LMP,LMP_PRC,KERMAN_6_N002,ALL,1,66.82383,4,181
2022-09-04T19:45:00-00:00,2022-09-04T20:00:00-00:00,2022-09-04,13,KERMAN_6_N002,KERMAN_6_N002,KERMAN_6_N002,RTPD,LMP,LMP_PRC,KERMAN_6_N002,ALL,1,47.87393,4,181
2022-09-04T20:45:00-00:00,2022-09-04T21:00:00-00:00,2022-09-04,14,KERMAN_6_N002,KERMAN_6_N002,KERMAN_6_N002,RTPD,LMP,LMP_PRC,KERMAN_6_N002,ALL,1,78.49414,4,181
2022-09-04T21:45:00-00:00,2022-09-04T22:00:00-00:00,2022-09-04,15,KERMAN_6_N002,KERMAN_6_N002,KERMAN_6_N002,RTPD,LMP,LMP_PRC,KERMAN_6_N002,ALL,1,78.32615,4,181
2022-09-04T22:45:00-00:00,2022-09-04T23:00:00-00:00,2022-09-04,16,KERMAN_6_N002,KERMAN_6_N002,KERMAN_6_N002,RTPD,LMP,LMP_PRC,KERMAN_6_N002,ALL,1,122.4144,4,181
2022-09-04T23:45:00-00:00,2022-09-05T00:00:00-00:00,2022-09-04,17,KERMAN_6_N002,KERMAN_6_N002,KERMAN_6_N002,RTPD,LMP,LMP_PRC,KERMAN_6_N002,ALL,1,135.376,4,181
2022-09-05T00:45:00-00:00,2022-09-05T01:00:00-00:00,2022-09-04,18,KERMAN_6_N002,KERMAN_6_N002,KERMAN_6_N002,RTPD,LMP,LMP_PRC,KERMAN_6_N002,ALL,1,154.17883,4,181
2022-09-05T01:45:00-00:00,2022-09-05T02:00:00-00:00,2022-09-04,19,KERMAN_6_N002,KERMAN_6_N002,KERMAN_6_N002,RTPD,LMP,LMP_PRC,KERMAN_6_N002,ALL,1,1225.895,4,181
2022-09-05T02:45:00-00:00,2022-09-05T03:00:00-00:00,2022-09-04,20,KERMAN_6_N002,KERMAN_6_N002,KERMAN_6_N002,RTPD,LMP,LMP_PRC,KERMAN_6_N002,ALL,1,136.93141,4,181
2022-09-05T03:45:00-00:00,2022-09-05T04:00:00-00:00,2022-09-04,21,KERMAN_6_N002,KERMAN_6_N002,KERMAN_6_N002,RTPD,LMP,LMP_PRC,KERMAN_6_N002,ALL,1,138.95976,4,181
2022-09-05T04:45:00-00:00,2022-09-05T05:00:00-00:00,2022-09-04,22,KERMAN_6_N002,KERMAN_6_N002,KERMAN_6_N002,RTPD,LMP,LMP_PRC,KERMAN_6_N002,ALL,1,151.13501,4,181
2022-09-05T05:45:00-00:00,2022-09-05T06:00:00-00:00,2022-09-04,23,KERMAN_6_N002,KERMAN_6_N002,KERMAN_6_N002,RTPD,LMP,LMP_PRC,KERMAN_6_N002,ALL,1,112.64404,4,181
2022-09-05T06:45:00-00:00,2022-09-05T07:00:00-00:00,2022-09-04,24,KERMAN_6_N002,KERMAN_6_N002,KERMAN_6_N002,RTPD,LMP,LMP_PRC,KERMAN_6_N002,ALL,1,94.42403,4,181
2022-09-04T07:00:00-00:00,2022-09-04T07:15:00-00:00,2022-09-04,01,KERMAN_6_N002,KERMAN_6_N002,KERMAN_6_N002,RTPD,MCC,LMP_CONG_PRC,KERMAN_6_N002,ALL,1,-2.38329,1,182
2022-09-04T08:00:00-00:00,2022-09-04T08:15:00-00:00,2022-09-04,02,KERMAN_6_N002,KERMAN_6_N002,KERMAN_6_N002,RTPD,MCC,LMP_CONG_PRC,KERMAN_6_N002,ALL,1,6.49591,1,182
2022-09-04T09:00:00-00:00,2022-09-04T09:15:00-00:00,2022-09-04,03,KERMAN_6_N002,KERMAN_6_N002,KERMAN_6_N002,RTPD,MCC,LMP_CONG_PRC,KERMAN_6_N002,ALL,1,32.89016,1,182
2022-09-04T10:00:00-00:00,2022-09-04T10:15:00-00:00,2022-09-04,04,KERMAN_6_N002,KERMAN_6_N002,KERMAN_6_N002,RTPD,MCC,LMP_CONG_PRC,KERMAN_6_N002,ALL,1,14.51521,1,182
2022-09-04T11:00:00-00:00,2022-09-04T11:15:00-00:00,2022-09-04,05,KERMAN_6_N002,KERMAN_6_N002,KERMAN_6_N002,RTPD,MCC,LMP_CONG_PRC,KERMAN_6_N002,ALL,1,3.93258,1,182
2022-09-04T12:00:00-00:00,2022-09-04T12:15:00-00:00,2022-09-04,06,KERMAN_6_N002,KERMAN_6_N002,KERMAN_6_N002,RTPD,MCC,LMP_CONG_PRC,KERMAN_6_N002,ALL,1,-9.4582,1,182
2022-09-04T13:00:00-00:00,2022-09-04T13:15:00-00:00,2022-09-04,07,KERMAN_6_N002,KERMAN_6_N002,KERMAN_6_N002,RTPD,MCC,LMP_CONG_PRC,KERMAN_6_N002,ALL,1,-20.01074,1,182
2022-09-04T14:00:00-00:00,2022-09-04T14:15:00-00:00,2022-09-04,08,KERMAN_6_N002,KERMAN_6_N002,KERMAN_6_N002,RTPD,MCC,LMP_CONG_PRC,KERMAN_6_N002,ALL,1,-10.26531,1,182
2022-09-04T15:00:00-00:00,2022-09-04T15:15:00-00:00,2022-09-04,09,KERMAN_6_N002,KERMAN_6_N002,KERMAN_6_N002,RTPD,MCC,LMP_CONG_PRC,KERMAN_6_N002,ALL,1,-8.92775,1,182
2022-09-04T16:00:00-00:00,2022-09-04T16:15:00-00:00,2022-09-04,10,KERMAN_6_N002,KERMAN_6_N002,KERMAN_6_N002,RTPD,MCC,LMP_CONG_PRC,KERMAN_6_N002,ALL,1,-51.30932,1,182
2022-09-04T17:00:00-00:00,2022-09-04T17:15:00-00:00,2022-09-04,11,KERMAN_6_N002,KERMAN_6_N002,KERMAN_6_N002,RTPD,MCC,LMP_CONG_PRC,KERMAN_6_N002,ALL,1,-62.49721,1,182
2022-09-04T18:00:00-00:00,2022-09-04T18:15:00-00:00,2022-09-04,12,KERMAN_6_N002,KERMAN_6_N002,KERMAN_6_N002,RTPD,MCC,LMP_CONG_PRC,KERMAN_6_N002,ALL,1,-63.45777,1,182
2022-09-04T19:00:00-00:00,2022-09-04T19:15:00-00:00,2022-09-04,13,KERMAN_6_N002,KERMAN_6_N002,KERMAN_6_N002,RTPD,MCC,LMP_CONG_PRC,KERMAN_6_N002,ALL,1,-46.95076,1,182
2022-09-04T20:00:00-00:00,2022-09-04T20:15:00-00:00,2022-09-04,14,KERMAN_6_N002,KERMAN_6_N002,KERMAN_6_N002,RTPD,MCC,LMP_CONG_PRC,KERMAN_6_N002,ALL,1,-17.80069,1,182
2022-09-04T21:00:00-00:00,2022-09-04T21:15:00-00:00,2022-09-04,15,KERMAN_6_N002,KERMAN_6_N002,KERMAN_6_N002,RTPD,MCC,LMP_CONG_PRC,KERMAN_6_N002,ALL,1,-30.15831,1,182
2022-09-04T22:00:00-00:00,2022-09-04T22:15:00-00:00,2022-09-04,16,KERMAN_6_N002,KERMAN_6_N002,KERMAN_6_N002,RTPD,MCC,LMP_CONG_PRC,KERMAN_6_N002,ALL,1,-23.99555,1,182
2022-09-04T23:00:00-00:00,2022-09-04T23:15:00-00:00,2022-09-04,17,KERMAN_6_N002,KERMAN_6_N002,KERMAN_6_N002,RTPD,MCC,LMP_CONG_PRC,KERMAN_6_N002,ALL,1,-19.74322,1,182
2022-09-05T00:00:00-00:00,2022-09-05T00:15:00-00:00,2022-09-04,18,KERMAN_6_N002,KERMAN_6_N002,KERMAN_6_N002,RTPD,MCC,LMP_CONG_PRC,KERMAN_6_N002,ALL,1,-3.92461,1,182
2022-09-05T01:00:00-00:00,2022-09-05T01:15:00-00:00,2022-09-04,19,KERMAN_6_N002,KERMAN_6_N002,KERMAN_6_N002,RTPD,MCC,LMP_CONG_PRC,KERMAN_6_N002,ALL,1,-37.97852,1,182
2022-09-05T02:00:00-00:00,2022-09-05T02:15:00-00:00,2022-09-04,20,KERMAN_6_N002,KERMAN_6_N002,KERMAN_6_N002,RTPD,MCC,LMP_CONG_PRC,KERMAN_6_N002,ALL,1,22.95926,1,182
2022-09-05T03:00:00-00:00,2022-09-05T03:15:00-00:00,2022-09-04,21,KERMAN_6_N002,KERMAN_6_N002,KERMAN_6_N002,RTPD,MCC,LMP_CONG_PRC,KERMAN_6_N002,ALL,1,440.65604,1,182
2022-09-05T04:00:00-00:00,2022-09-05T04:15:00-00:00,2022-09-04,22,KERMAN_6_N002,KERMAN_6_N002,KERMAN_6_N002,RTPD,MCC,LMP_CONG_PRC,KERMAN_6_N002,ALL,1,20.25599,1,182
2022-09-05T05:00:00-00:00,2022-09-05T05:15:00-00:00,2022-09-04,23,KERMAN_6_N002,KERMAN_6_N002,KERMAN_6_N002,RTPD,MCC,LMP_CONG_PRC,KERMAN_6_N002,ALL,1,22.6068,1,182
2022-09-05T06:00:00-00:00,2022-09-05T06:15:00-00:00,2022-09-04,24,KERMAN_6_N002,KERMAN_6_N002,KERMAN_6_N002,RTPD,MCC,LMP_CONG_PRC,KERMAN_6_N002,ALL,1,13.08386,1,182
2022-09-04T07:15:00-00:00,2022-09-04T07:30:00-00:00,2022-09-04,01,KERMAN_6_N002,KERMAN_6_N002,KERMAN_6_N002,RTPD,MCC,LMP_CONG_PRC,KERMAN_6_N002,ALL,1,3.02135,2,182
2022-09-04T08:15:00-00:00,2022-09-04T08:30:00-00:00,2022-09-04,02,KERMAN_6_N002,KERMAN_6_N002,KERMAN_6_N002,RTPD,MCC,LMP_CONG_PRC,KERMAN_6_N002,ALL,1,25.00768,2,182
2022-09-04T09:15:00-00:00,2022-09-04T09:30:00-00:00,2022-09-04,03,KERMAN_6_N002,KERMAN_6_N002,KERMAN_6_N002,RTPD,MCC,LMP_CONG_PRC,KERMAN_6_N002,ALL,1,16.21744,2,182
2022-09-04T10:15:00-00:00,2022-09-04T10:30:00-00:00,2022-09-04,04,KERMAN_6_N002,KERMAN_6_N002,KERMAN_6_N002,RTPD,MCC,LMP_CONG_PRC,KERMAN_6_N002,ALL,1,16.47855,2,182
2022-09-04T11:15:00-00:00,2022-09-04T11:30:00-00:00,2022-09-04,05,KERMAN_6_N002,KERMAN_6_N002,KERMAN_6_N002,RTPD,MCC,LMP_CONG_PRC,KERMAN_6_N002,ALL,1,34.19606,2,182
2022-09-04T12:15:00-00:00,2022-09-04T12:30:00-00:00,2022-09-04,06,KERMAN_6_N002,KERMAN_6_N002,KERMAN_6_N002,RTPD,MCC,LMP_CONG_PRC,KERMAN_6_N002,ALL,1,-9.42778,2,182
2022-09-04T13:15:00-00:00,2022-09-04T13:30:00-00:00,2022-09-04,07,KERMAN_6_N002,KERMAN_6_N002,KERMAN_6_N002,RTPD,MCC,LMP_CONG_PRC,KERMAN_6_N002,ALL,1,-29.57464,2,182
2022-09-04T14:15:00-00:00,2022-09-04T14:30:00-00:00,2022-09-04,08,KERMAN_6_N002,KERMAN_6_N002,KERMAN_6_N002,RTPD,MCC,LMP_CONG_PRC,KERMAN_6_N002,ALL,1,-10.36575,2,182
2022-09-04T15:15:00-00:00,2022-09-04T15:30:00-00:00,2022-09-04,09,KERMAN_6_N002,KERMAN_6_N002,KERMAN_6_N002,RTPD,MCC,LMP_CONG_PRC,KERMAN_6_N002,ALL,1,-19.10624,2,182
2022-09-04T16:15:00-00:00,2022-09-04T16:30:00-00:00,2022-09-04,10,KERMAN_6_N002,KERMAN_6_N002,KERMAN_6_N002,RTPD,MCC,LMP_CONG_PRC,KERMAN_6_N002,ALL,1,-53.16677,2,182
2022-09-04T17:15:00-00:00,2022-09-04T17:30:00-00:00,2022-09-04,11,KERMAN_6_N002,KERMAN_6_N002,KERMAN_6_N002,RTPD,MCC,LMP_CONG_PRC,KERMAN_6_N002,ALL,1,-71.74091,2,182
2022-09-04T18:15:00-00:00,2022-09-04T18:30:00-00:00,2022-09-04,12,KERMAN_6_N002,KERMAN_6_N002,KERMAN_6_N002,RTPD,MCC,LMP_CONG_PRC,KERMAN_6_N002,ALL,1,-68.61512,2,182
2022-09-04T19:15:00-00:00,2022-09-04T19:30:00-00:00,2022-09-04,13,KERMAN_6_N002,KERMAN_6_N002,KERMAN_6_N002,RTPD,MCC,LMP_CONG_PRC,KERMAN_6_N002,ALL,1,-33.93611,2,182
2022-09-04T20:15:00-00:00,2022-09-04T20:30:00-00:00,2022-09-04,14,KERMAN_6_N002,KERMAN_6_N002,KERMAN_6_N002,RTPD,MCC,LMP_CONG_PRC,KERMAN_6_N002,ALL,1,-19.62636,2,182
2022-09-04T21:15:00-00:00,2022-09-04T21:30:00-00:00,2022-09-04,15,KERMAN_6_N002,KERMAN_6_N002,KERMAN_6_N002,RTPD,MCC,LMP_CONG_PRC,KERMAN_6_N002,ALL,1,-35.2479,2,182
2022-09-04T22:15:00-00:00,2022-09-04T22:30:00-00:00,2022-09-04,16,KERMAN_6_N002,KERMAN_6_N002,KERMAN_6_N002,RTPD,MCC,LMP_CONG_PRC,KERMAN_6_N002,ALL,1,-20.56377,2,182
2022-09-04T23:15:00-00:00,2022-09-04T23:30:00-00:00,2022-09-04,17,KERMAN_6_N002,KERMAN_6_N002,KERMAN_6_N002,RTPD,MCC,LMP_CONG_PRC,KERMAN_6_N002,ALL,1,-7.54713,2,182
2022-09-05T00:15:00-00:00,2022-09-05T00:30:00-00:00,2022-09-04,18,KERMAN_6_N002,KERMAN_6_N002,KERMAN_6_N002,RTPD,MCC,LMP_CONG_PRC,KERMAN_6_N002,ALL,1,-83.36562,2,182
2022-09-05T01:15:00-00:00,2022-09-05T01:30:00-00:00,2022-09-04,19,KERMAN_6_N002,KERMAN_6_N002,KERMAN_6_N002,RTPD,MCC,LMP_CONG_PRC,KERMAN_6_N002,ALL,1,0.24073,2,182
2022-09-05T02:15:00-00:00,2022-09-05T02:30:00-00:00,2022-09-04,20,KERMAN_6_N002,KERMAN_6_N002,KERMAN_6_N002,RTPD,MCC,LMP_CONG_PRC,KERMAN_6_N002,ALL,1,30.49884,2,182
2022-09-05T03:15:00-00:00,2022-09-05T03:30:00-00:00,2022-09-04,21,KERMAN_6_N002,KERMAN_6_N002,KERMAN_6_N002,RTPD,MCC,LMP_CONG_PRC,KERMAN_6_N002,ALL,1,431.93585,2,182
2022-09-05T04:15:00-00:00,2022-09-05T04:30:00-00:00,2022-09-04,22,KERMAN_6_N002,KERMAN_6_N002,KERMAN_6_N002,RTPD,MCC,LMP_CONG_PRC,KERMAN_6_N002,ALL,1,16.50276,2,182
2022-09-05T05:15:00-00:00,2022-09-05T05:30:00-00:00,2022-09-04,23,KERMAN_6_N002,KERMAN_6_N002,KERMAN_6_N002,RTPD,MCC,LMP_CONG_PRC,KERMAN_6_N002,ALL,1,22.96694,2,182
2022-09-05T06:15:00-00:00,2022-09-05T06:30:00-00:00,2022-09-04,24,KERMAN_6_N002,KERMAN_6_N002,KERMAN_6_N002,RTPD,MCC,LMP_CONG_PRC,KERMAN_6_N002,ALL,1,12.58602,2,182
2022-09-04T07:30:00-00:00,2022-09-04T07:45:00-00:00,2022-09-04,01,KERMAN_6_N002,KERMAN_6_N002,KERMAN_6_N002,RTPD,MCC,LMP_CONG_PRC,KERMAN_6_N002,ALL,1,0.12224,3,182
2022-09-04T08:30:00-00:00,2022-09-04T08:45:00-00:00,2022-09-04,02,KERMAN_6_N002,KERMAN_6_N002,KERMAN_6_N002,RTPD,MCC,LMP_CONG_PRC,KERMAN_6_N002,ALL,1,32.5868,3,182
2022-09-04T09:30:00-00:00,2022-09-04T09:45:00-00:00,2022-09-04,03,KERMAN_6_N002,KERMAN_6_N002,KERMAN_6_N002,RTPD,MCC,LMP_CONG_PRC,KERMAN_6_N002,ALL,1,10.208,3,182
2022-09-04T10:30:00-00:00,2022-09-04T10:45:00-00:00,2022-09-04,04,KERMAN_6_N002,KERMAN_6_N002,KERMAN_6_N002,RTPD,MCC,LMP_CONG_PRC,KERMAN_6_N002,ALL,1,25.3046,3,182
2022-09-04T11:30:00-00:00,2022-09-04T11:45:00-00:00,2022-09-04,05,KERMAN_6_N002,KERMAN_6_N002,KERMAN_6_N002,RTPD,MCC,LMP_CONG_PRC,KERMAN_6_N002,ALL,1,34.68859,3,182
2022-09-04T12:30:00-00:00,2022-09-04T12:45:00-00:00,2022-09-04,06,KERMAN_6_N002,KERMAN_6_N002,KERMAN_6_N002,RTPD,MCC,LMP_CONG_PRC,KERMAN_6_N002,ALL,1,-10.30898,3,182
2022-09-04T13:30:00-00:00,2022-09-04T13:45:00-00:00,2022-09-04,07,KERMAN_6_N002,KERMAN_6_N002,KERMAN_6_N002,RTPD,MCC,LMP_CONG_PRC,KERMAN_6_N002,ALL,1,-35.25595,3,182
2022-09-04T14:30:00-00:00,2022-09-04T14:45:00-00:00,2022-09-04,08,KERMAN_6_N002,KERMAN_6_N002,KERMAN_6_N002,RTPD,MCC,LMP_CONG_PRC,KERMAN_6_N002,ALL,1,-8.50651,3,182
2022-09-04T15:30:00-00:00,2022-09-04T15:45:00-00:00,2022-09-04,09,KERMAN_6_N002,KERMAN_6_N002,KERMAN_6_N002,RTPD,MCC,LMP_CONG_PRC,KERMAN_6_N002,ALL,1,-22.64692,3,182
2022-09-04T16:30:00-00:00,2022-09-04T16:45:00-00:00,2022-09-04,10,KERMAN_6_N002,KERMAN_6_N002,KERMAN_6_N002,RTPD,MCC,LMP_CONG_PRC,KERMAN_6_N002,ALL,1,-53.91716,3,182
2022-09-04T17:30:00-00:00,2022-09-04T17:45:00-00:00,2022-09-04,11,KERMAN_6_N002,KERMAN_6_N002,KERMAN_6_N002,RTPD,MCC,LMP_CONG_PRC,KERMAN_6_N002,ALL,1,-72.01632,3,182
2022-09-04T18:30:00-00:00,2022-09-04T18:45:00-00:00,2022-09-04,12,KERMAN_6_N002,KERMAN_6_N002,KERMAN_6_N002,RTPD,MCC,LMP_CONG_PRC,KERMAN_6_N002,ALL,1,-32.60756,3,182
2022-09-04T19:30:00-00:00,2022-09-04T19:45:00-00:00,2022-09-04,13,KERMAN_6_N002,KERMAN_6_N002,KERMAN_6_N002,RTPD,MCC,LMP_CONG_PRC,KERMAN_6_N002,ALL,1,-37.46701,3,182
2022-09-04T20:30:00-00:00,2022-09-04T20:45:00-00:00,2022-09-04,14,KERMAN_6_N002,KERMAN_6_N002,KERMAN_6_N002,RTPD,MCC,LMP_CONG_PRC,KERMAN_6_N002,ALL,1,-39.72131,3,182
2022-09-04T21:30:00-00:00,2022-09-04T21:45:00-00:00,2022-09-04,15,KERMAN_6_N002,KERMAN_6_N002,KERMAN_6_N002,RTPD,MCC,LMP_CONG_PRC,KERMAN_6_N002,ALL,1,-27.22195,3,182
2022-09-04T22:30:00-00:00,2022-09-04T22:45:00-00:00,2022-09-04,16,KERMAN_6_N002,KERMAN_6_N002,KERMAN_6_N002,RTPD,MCC,LMP_CONG_PRC,KERMAN_6_N002,ALL,1,-18.83978,3,182
2022-09-04T23:30:00-00:00,2022-09-04T23:45:00-00:00,2022-09-04,17,KERMAN_6_N002,KERMAN_6_N002,KERMAN_6_N002,RTPD,MCC,LMP_CONG_PRC,KERMAN_6_N002,ALL,1,-10.51184,3,182
2022-09-05T00:30:00-00:00,2022-09-05T00:45:00-00:00,2022-09-04,18,KERMAN_6_N002,KERMAN_6_N002,KERMAN_6_N002,RTPD,MCC,LMP_CONG_PRC,KERMAN_6_N002,ALL,1,-36.00761,3,182
2022-09-05T01:30:00-00:00,2022-09-05T01:45:00-00:00,2022-09-04,19,KERMAN_6_N002,KERMAN_6_N002,KERMAN_6_N002,RTPD,MCC,LMP_CONG_PRC,KERMAN_6_N002,ALL,1,397.32785,3,182
2022-09-05T02:30:00-00:00,2022-09-05T02:45:00-00:00,2022-09-04,20,KERMAN_6_N002,KERMAN_6_N002,KERMAN_6_N002,RTPD,MCC,LMP_CONG_PRC,KERMAN_6_N002,ALL,1,14.70712,3,182
2022-09-05T03:30:00-00:00,2022-09-05T03:45:00-00:00,2022-09-04,21,KERMAN_6_N002,KERMAN_6_N002,KERMAN_6_N002,RTPD,MCC,LMP_CONG_PRC,KERMAN_6_N002,ALL,1,354.19922,3,182
2022-09-05T04:30:00-00:00,2022-09-05T04:45:00-00:00,2022-09-04,22,KERMAN_6_N002,KERMAN_6_N002,KERMAN_6_N002,RTPD,MCC,LMP_CONG_PRC,KERMAN_6_N002,ALL,1,18.2857,3,182
2022-09-05T05:30:00-00:00,2022-09-05T05:45:00-00:00,2022-09-04,23,KERMAN_6_N002,KERMAN_6_N002,KERMAN_6_N002,RTPD,MCC,LMP_CONG_PRC,KERMAN_6_N002,ALL,1,15.23953,3,182
2022-09-05T06:30:00-00:00,2022-09-05T06:45:00-00:00,2022-09-04,24,KERMAN_6_N002,KERMAN_6_N002,KERMAN_6_N002,RTPD,MCC,LMP_CONG_PRC,KERMAN_6_N002,ALL,1,4.09743,3,182
2022-09-04T07:45:00-00:00,2022-09-04T08:00:00-00:00,2022-09-04,01,KERMAN_6_N002,KERMAN_6_N002,KERMAN_6_N002,RTPD,MCC,LMP_CONG_PRC,KERMAN_6_N002,ALL,1,41.77874,4,182
2022-09-04T08:45:00-00:00,2022-09-04T09:00:00-00:00,2022-09-04,02,KERMAN_6_N002,KERMAN_6_N002,KERMAN_6_N002,RTPD,MCC,LMP_CONG_PRC,KERMAN_6_N002,ALL,1,33.61196,4,182
2022-09-04T09:45:00-00:00,2022-09-04T10:00:00-00:00,2022-09-04,03,KERMAN_6_N002,KERMAN_6_N002,KERMAN_6_N002,RTPD,MCC,LMP_CONG_PRC,KERMAN_6_N002,ALL,1,11.33441,4,182
2022-09-04T10:45:00-00:00,2022-09-04T11:00:00-00:00,2022-09-04,04,KERMAN_6_N002,KERMAN_6_N002,KERMAN_6_N002,RTPD,MCC,LMP_CONG_PRC,KERMAN_6_N002,ALL,1,6.41372,4,182
2022-09-04T11:45:00-00:00,2022-09-04T12:00:00-00:00,2022-09-04,05,KERMAN_6_N002,KERMAN_6_N002,KERMAN_6_N002,RTPD,MCC,LMP_CONG_PRC,KERMAN_6_N002,ALL,1,-8.15872,4,182
2022-09-04T12:45:00-00:00,2022-09-04T13:00:00-00:00,2022-09-04,06,KERMAN_6_N002,KERMAN_6_N002,KERMAN_6_N002,RTPD,MCC,LMP_CONG_PRC,KERMAN_6_N002,ALL,1,-11.52432,4,182
2022-09-04T13:45:00-00:00,2022-09-04T14:00:00-00:00,2022-09-04,07,KERMAN_6_N002,KERMAN_6_N002,KERMAN_6_N002,RTPD,MCC,LMP_CONG_PRC,KERMAN_6_N002,ALL,1,-32.70785,4,182
2022-09-04T14:45:00-00:00,2022-09-04T15:00:00-00:00,2022-09-04,08,KERMAN_6_N002,KERMAN_6_N002,KERMAN_6_N002,RTPD,MCC,LMP_CONG_PRC,KERMAN_6_N002,ALL,1,-21.11455,4,182
2022-09-04T15:45:00-00:00,2022-09-04T16:00:00-00:00,2022-09-04,09,KERMAN_6_N002,KERMAN_6_N002,KERMAN_6_N002,RTPD,MCC,LMP_CONG_PRC,KERMAN_6_N002,ALL,1,-40.91558,4,182
2022-09-04T16:45:00-00:00,2022-09-04T17:00:00-00:00,2022-09-04,10,KERMAN_6_N002,KERMAN_6_N002,KERMAN_6_N002,RTPD,MCC,LMP_CONG_PRC,KERMAN_6_N002,ALL,1,-58.55226,4,182
2022-09-04T17:45:00-00:00,2022-09-04T18:00:00-00:00,2022-09-04,11,KERMAN_6_N002,KERMAN_6_N002,KERMAN_6_N002,RTPD,MCC,LMP_CONG_PRC,KERMAN_6_N002,ALL,1,-82.48192,4,182
2022-09-04T18:45:00-00:00,2022-09-04T19:00:00-00:00,2022-09-04,12,KERMAN_6_N002,KERMAN_6_N002,KERMAN_6_N002,RTPD,MCC,LMP_CONG_PRC,KERMAN_6_N002,ALL,1,-27.72703,4,182
2022-09-04T19:45:00-00:00,2022-09-04T20:00:00-00:00,2022-09-04,13,KERMAN_6_N002,KERMAN_6_N002,KERMAN_6_N002,RTPD,MCC,LMP_CONG_PRC,KERMAN_6_N002,ALL,1,-53.20311,4,182
2022-09-04T20:45:00-00:00,2022-09-04T21:00:00-00:00,2022-09-04,14,KERMAN_6_N002,KERMAN_6_N002,KERMAN_6_N002,RTPD,MCC,LMP_CONG_PRC,KERMAN_6_N002,ALL,1,-33.15561,4,182
2022-09-04T21:45:00-00:00,2022-09-04T22:00:00-00:00,2022-09-04,15,KERMAN_6_N002,KERMAN_6_N002,KERMAN_6_N002,RTPD,MCC,LMP_CONG_PRC,KERMAN_6_N002,ALL,1,-61.24881,4,182
2022-09-04T22:45:00-00:00,2022-09-04T23:00:00-00:00,2022-09-04,16,KERMAN_6_N002,KERMAN_6_N002,KERMAN_6_N002,RTPD,MCC,LMP_CONG_PRC,KERMAN_6_N002,ALL,1,-21.29239,4,182
2022-09-04T23:45:00-00:00,2022-09-05T00:00:00-00:00,2022-09-04,17,KERMAN_6_N002,KERMAN_6_N002,KERMAN_6_N002,RTPD,MCC,LMP_CONG_PRC,KERMAN_6_N002,ALL,1,-38.54834,4,182
2022-09-05T00:45:00-00:00,2022-09-05T01:00:00-00:00,2022-09-04,18,KERMAN_6_N002,KERMAN_6_N002,KERMAN_6_N002,RTPD,MCC,LMP_CONG_PRC,KERMAN_6_N002,ALL,1,-188.46692,4,182
2022-09-05T01:45:00-00:00,2022-09-05T02:00:00-00:00,2022-09-04,19,KERMAN_6_N002,KERMAN_6_N002,KERMAN_6_N002,RTPD,MCC,LMP_CONG_PRC,KERMAN_6_N002,ALL,1,344.74286,4,182
2022-09-05T02:45:00-00:00,2022-09-05T03:00:00-00:00,2022-09-04,20,KERMAN_6_N002,KERMAN_6_N002,KERMAN_6_N002,RTPD,MCC,LMP_CONG_PRC,KERMAN_6_N002,ALL,1,11.05622,4,182
2022-09-05T03:45:00-00:00,2022-09-05T04:00:00-00:00,2022-09-04,21,KERMAN_6_N002,KERMAN_6_N002,KERMAN_6_N002,RTPD,MCC,LMP_CONG_PRC,KERMAN_6_N002,ALL,1,14.88559,4,182
2022-09-05T04:45:00-00:00,2022-09-05T05:00:00-00:00,2022-09-04,22,KERMAN_6_N002,KERMAN_6_N002,KERMAN_6_N002,RTPD,MCC,LMP_CONG_PRC,KERMAN_6_N002,ALL,1,28.48892,4,182
2022-09-05T05:45:00-00:00,2022-09-05T06:00:00-00:00,2022-09-04,23,KERMAN_6_N002,KERMAN_6_N002,KERMAN_6_N002,RTPD,MCC,LMP_CONG_PRC,KERMAN_6_N002,ALL,1,7.02447,4,182
2022-09-05T06:45:00-00:00,2022-09-05T07:00:00-00:00,2022-09-04,24,KERMAN_6_N002,KERMAN_6_N002,KERMAN_6_N002,RTPD,MCC,LMP_CONG_PRC,KERMAN_6_N002,ALL,1,0.27383,4,182
2022-09-04T07:00:00-00:00,2022-09-04T07:15:00-00:00,2022-09-04,01,KERMAN_6_N002,KERMAN_6_N002,KERMAN_6_N002,RTPD,MCE,LMP_ENE_PRC,KERMAN_6_N002,ALL,1,105.77126,1,183
2022-09-04T08:00:00-00:00,2022-09-04T08:15:00-00:00,2022-09-04,02,KERMAN_6_N002,KERMAN_6_N002,KERMAN_6_N002,RTPD,MCE,LMP_ENE_PRC,KERMAN_6_N002,ALL,1,97.44538,1,183
2022-09-04T09:00:00-00:00,2022-09-04T09:15:00-00:00,2022-09-04,03,KERMAN_6_N002,KERMAN_6_N002,KERMAN_6_N002,RTPD,MCE,LMP_ENE_PRC,KERMAN_6_N002,ALL,1,87.9271,1,183
2022-09-04T10:00:00-00:00,2022-09-04T10:15:00-00:00,2022-09-04,04,KERMAN_6_N002,KERMAN_6_N002,KERMAN_6_N002,RTPD,MCE,LMP_ENE_PRC,KERMAN_6_N002,ALL,1,88.48894,1,183
2022-09-04T11:00:00-00:00,2022-09-04T11:15:00-00:00,2022-09-04,05,KERMAN_6_N002,KERMAN_6_N002,KERMAN_6_N002,RTPD,MCE,LMP_ENE_PRC,KERMAN_6_N002,ALL,1,82.79075,1,183
2022-09-04T12:00:00-00:00,2022-09-04T12:15:00-00:00,2022-09-04,06,KERMAN_6_N002,KERMAN_6_N002,KERMAN_6_N002,RTPD,MCE,LMP_ENE_PRC,KERMAN_6_N002,ALL,1,83.24035,1,183
2022-09-04T13:00:00-00:00,2022-09-04T13:15:00-00:00,2022-09-04,07,KERMAN_6_N002,KERMAN_6_N002,KERMAN_6_N002,RTPD,MCE,LMP_ENE_PRC,KERMAN_6_N002,ALL,1,75.91539,1,183
2022-09-04T14:00:00-00:00,2022-09-04T14:15:00-00:00,2022-09-04,08,KERMAN_6_N002,KERMAN_6_N002,KERMAN_6_N002,RTPD,MCE,LMP_ENE_PRC,KERMAN_6_N002,ALL,1,82.51639,1,183
2022-09-04T15:00:00-00:00,2022-09-04T15:15:00-00:00,2022-09-04,09,KERMAN_6_N002,KERMAN_6_N002,KERMAN_6_N002,RTPD,MCE,LMP_ENE_PRC,KERMAN_6_N002,ALL,1,74.24878,1,183
2022-09-04T16:00:00-00:00,2022-09-04T16:15:00-00:00,2022-09-04,10,KERMAN_6_N002,KERMAN_6_N002,KERMAN_6_N002,RTPD,MCE,LMP_ENE_PRC,KERMAN_6_N002,ALL,1,50.67669,1,183
2022-09-04T17:00:00-00:00,2022-09-04T17:15:00-00:00,2022-09-04,11,KERMAN_6_N002,KERMAN_6_N002,KERMAN_6_N002,RTPD,MCE,LMP_ENE_PRC,KERMAN_6_N002,ALL,1,59.2544,1,183
2022-09-04T18:00:00-00:00,2022-09-04T18:15:00-00:00,2022-09-04,12,KERMAN_6_N002,KERMAN_6_N002,KERMAN_6_N002,RTPD,MCE,LMP_ENE_PRC,KERMAN_6_N002,ALL,1,65.61656,1,183
2022-09-04T19:00:00-00:00,2022-09-04T19:15:00-00:00,2022-09-04,13,KERMAN_6_N002,KERMAN_6_N002,KERMAN_6_N002,RTPD,MCE,LMP_ENE_PRC,KERMAN_6_N002,ALL,1,76.33065,1,183
2022-09-04T20:00:00-00:00,2022-09-04T20:15:00-00:00,2022-09-04,14,KERMAN_6_N002,KERMAN_6_N002,KERMAN_6_N002,RTPD,MCE,LMP_ENE_PRC,KERMAN_6_N002,ALL,1,87.37588,1,183
2022-09-04T21:00:00-00:00,2022-09-04T21:15:00-00:00,2022-09-04,15,KERMAN_6_N002,KERMAN_6_N002,KERMAN_6_N002,RTPD,MCE,LMP_ENE_PRC,KERMAN_6_N002,ALL,1,101.84583,1,183
2022-09-04T22:00:00-00:00,2022-09-04T22:15:00-00:00,2022-09-04,16,KERMAN_6_N002,KERMAN_6_N002,KERMAN_6_N002,RTPD,MCE,LMP_ENE_PRC,KERMAN_6_N002,ALL,1,102.30289,1,183
2022-09-04T23:00:00-00:00,2022-09-04T23:15:00-00:00,2022-09-04,17,KERMAN_6_N002,KERMAN_6_N002,KERMAN_6_N002,RTPD,MCE,LMP_ENE_PRC,KERMAN_6_N002,ALL,1,105.66165,1,183
2022-09-05T00:00:00-00:00,2022-09-05T00:15:00-00:00,2022-09-04,18,KERMAN_6_N002,KERMAN_6_N002,KERMAN_6_N002,RTPD,MCE,LMP_ENE_PRC,KERMAN_6_N002,ALL,1,110.52872,1,183
2022-09-05T01:00:00-00:00,2022-09-05T01:15:00-00:00,2022-09-04,19,KERMAN_6_N002,KERMAN_6_N002,KERMAN_6_N002,RTPD,MCE,LMP_ENE_PRC,KERMAN_6_N002,ALL,1,160.46742,1,183
2022-09-05T02:00:00-00:00,2022-09-05T02:15:00-00:00,2022-09-04,20,KERMAN_6_N002,KERMAN_6_N002,KERMAN_6_N002,RTPD,MCE,LMP_ENE_PRC,KERMAN_6_N002,ALL,1,133.17627,1,183
2022-09-05T03:00:00-00:00,2022-09-05T03:15:00-00:00,2022-09-04,21,KERMAN_6_N002,KERMAN_6_N002,KERMAN_6_N002,RTPD,MCE,LMP_ENE_PRC,KERMAN_6_N002,ALL,1,137.62802,1,183
2022-09-05T04:00:00-00:00,2022-09-05T04:15:00-00:00,2022-09-04,22,KERMAN_6_N002,KERMAN_6_N002,KERMAN_6_N002,RTPD,MCE,LMP_ENE_PRC,KERMAN_6_N002,ALL,1,121.32223,1,183
2022-09-05T05:00:00-00:00,2022-09-05T05:15:00-00:00,2022-09-04,23,KERMAN_6_N002,KERMAN_6_N002,KERMAN_6_N002,RTPD,MCE,LMP_ENE_PRC,KERMAN_6_N002,ALL,1,138.27702,1,183
2022-09-05T06:00:00-00:00,2022-09-05T06:15:00-00:00,2022-09-04,24,KERMAN_6_N002,KERMAN_6_N002,KERMAN_6_N002,RTPD,MCE,LMP_ENE_PRC,KERMAN_6_N002,ALL,1,126.47824,1,183
2022-09-04T07:15:00-00:00,2022-09-04T07:30:00-00:00,2022-09-04,01,KERMAN_6_N002,KERMAN_6_N002,KERMAN_6_N002,RTPD,MCE,LMP_ENE_PRC,KERMAN_6_N002,ALL,1,98.33878,2,183
2022-09-04T08:15:00-00:00,2022-09-04T08:30:00-00:00,2022-09-04,02,KERMAN_6_N002,KERMAN_6_N002,KERMAN_6_N002,RTPD,MCE,LMP_ENE_PRC,KERMAN_6_N002,ALL,1,96.4335,2,183
2022-09-04T09:15:00-00:00,2022-09-04T09:30:00-00:00,2022-09-04,03,KERMAN_6_N002,KERMAN_6_N002,KERMAN_6_N002,RTPD,MCE,LMP_ENE_PRC,KERMAN_6_N002,ALL,1,85.33245,2,183
2022-09-04T10:15:00-00:00,2022-09-04T10:30:00-00:00,2022-09-04,04,KERMAN_6_N002,KERMAN_6_N002,KERMAN_6_N002,RTPD,MCE,LMP_ENE_PRC,KERMAN_6_N002,ALL,1,86.06959,2,183
2022-09-04T11:15:00-00:00,2022-09-04T11:30:00-00:00,2022-09-04,05,KERMAN_6_N002,KERMAN_6_N002,KERMAN_6_N002,RTPD,MCE,LMP_ENE_PRC,KERMAN_6_N002,ALL,1,82.18044,2,183
2022-09-04T12:15:00-00:00,2022-09-04T12:30:00-00:00,2022-09-04,06,KERMAN_6_N002,KERMAN_6_N002,KERMAN_6_N002,RTPD,MCE,LMP_ENE_PRC,KERMAN_6_N002,ALL,1,83.35782,2,183
2022-09-04T13:15:00-00:00,2022-09-04T13:30:00-00:00,2022-09-04,07,KERMAN_6_N002,KERMAN_6_N002,KERMAN_6_N002,RTPD,MCE,LMP_ENE_PRC,KERMAN_6_N002,ALL,1,70.93534,2,183
2022-09-04T14:15:00-00:00,2022-09-04T14:30:00-00:00,2022-09-04,08,KERMAN_6_N002,KERMAN_6_N002,KERMAN_6_N002,RTPD,MCE,LMP_ENE_PRC,KERMAN_6_N002,ALL,1,76.97029,2,183
2022-09-04T15:15:00-00:00,2022-09-04T15:30:00-00:00,2022-09-04,09,KERMAN_6_N002,KERMAN_6_N002,KERMAN_6_N002,RTPD,MCE,LMP_ENE_PRC,KERMAN_6_N002,ALL,1,66.57465,2,183
2022-09-04T16:15:00-00:00,2022-09-04T16:30:00-00:00,2022-09-04,10,KERMAN_6_N002,KERMAN_6_N002,KERMAN_6_N002,RTPD,MCE,LMP_ENE_PRC,KERMAN_6_N002,ALL,1,52.1482,2,183
2022-09-04T17:15:00-00:00,2022-09-04T17:30:00-00:00,2022-09-04,11,KERMAN_6_N002,KERMAN_6_N002,KERMAN_6_N002,RTPD,MCE,LMP_ENE_PRC,KERMAN_6_N002,ALL,1,69.2657,2,183
2022-09-04T18:15:00-00:00,2022-09-04T18:30:00-00:00,2022-09-04,12,KERMAN_6_N002,KERMAN_6_N002,KERMAN_6_N002,RTPD,MCE,LMP_ENE_PRC,KERMAN_6_N002,ALL,1,73.93472,2,183
2022-09-04T19:15:00-00:00,2022-09-04T19:30:00-00:00,2022-09-04,13,KERMAN_6_N002,KERMAN_6_N002,KERMAN_6_N002,RTPD,MCE,LMP_ENE_PRC,KERMAN_6_N002,ALL,1,86.63525,2,183
2022-09-04T20:15:00-00:00,2022-09-04T20:30:00-00:00,2022-09-04,14,KERMAN_6_N002,KERMAN_6_N002,KERMAN_6_N002,RTPD,MCE,LMP_ENE_PRC,KERMAN_6_N002,ALL,1,89.19764,2,183
2022-09-04T21:15:00-00:00,2022-09-04T21:30:00-00:00,2022-09-04,15,KERMAN_6_N002,KERMAN_6_N002,KERMAN_6_N002,RTPD,MCE,LMP_ENE_PRC,KERMAN_6_N002,ALL,1,111.99711,2,183
2022-09-04T22:15:00-00:00,2022-09-04T22:30:00-00:00,2022-09-04,16,KERMAN_6_N002,KERMAN_6_N002,KERMAN_6_N002,RTPD,MCE,LMP_ENE_PRC,KERMAN_6_N002,ALL,1,105.68133,2,183
2022-09-04T23:15:00-00:00,2022-09-04T23:30:00-00:00,2022-09-04,17,KERMAN_6_N002,KERMAN_6_N002,KERMAN_6_N002,RTPD,MCE,LMP_ENE_PRC,KERMAN_6_N002,ALL,1,106.64397,2,183
2022-09-05T00:15:00-00:00,2022-09-05T00:30:00-00:00,2022-09-04,18,KERMAN_6_N002,KERMAN_6_N002,KERMAN_6_N002,RTPD,MCE,LMP_ENE_PRC,KERMAN_6_N002,ALL,1,185.7071,2,183
2022-09-05T01:15:00-00:00,2022-09-05T01:30:00-00:00,2022-09-04,19,KERMAN_6_N002,KERMAN_6_N002,KERMAN_6_N002,RTPD,MCE,LMP_ENE_PRC,KERMAN_6_N002,ALL,1,283.75967,2,183
2022-09-05T02:15:00-00:00,2022-09-05T02:30:00-00:00,2022-09-04,20,KERMAN_6_N002,KERMAN_6_N002,KERMAN_6_N002,RTPD,MCE,LMP_ENE_PRC,KERMAN_6_N002,ALL,1,138.21387,2,183
2022-09-05T03:15:00-00:00,2022-09-05T03:30:00-00:00,2022-09-04,21,KERMAN_6_N002,KERMAN_6_N002,KERMAN_6_N002,RTPD,MCE,LMP_ENE_PRC,KERMAN_6_N002,ALL,1,125.70521,2,183
2022-09-05T04:15:00-00:00,2022-09-05T04:30:00-00:00,2022-09-04,22,KERMAN_6_N002,KERMAN_6_N002,KERMAN_6_N002,RTPD,MCE,LMP_ENE_PRC,KERMAN_6_N002,ALL,1,118.54421,2,183
2022-09-05T05:15:00-00:00,2022-09-05T05:30:00-00:00,2022-09-04,23,KERMAN_6_N002,KERMAN_6_N002,KERMAN_6_N002,RTPD,MCE,LMP_ENE_PRC,KERMAN_6_N002,ALL,1,140.66483,2,183
2022-09-05T06:15:00-00:00,2022-09-05T06:30:00-00:00,2022-09-04,24,KERMAN_6_N002,KERMAN_6_N002,KERMAN_6_N002,RTPD,MCE,LMP_ENE_PRC,KERMAN_6_N002,ALL,1,115.0785,2,183
2022-09-04T07:30:00-00:00,2022-09-04T07:45:00-00:00,2022-09-04,01,KERMAN_6_N002,KERMAN_6_N002,KERMAN_6_N002,RTPD,MCE,LMP_ENE_PRC,KERMAN_6_N002,ALL,1,93.67897,3,183
2022-09-04T08:30:00-00:00,2022-09-04T08:45:00-00:00,2022-09-04,02,KERMAN_6_N002,KERMAN_6_N002,KERMAN_6_N002,RTPD,MCE,LMP_ENE_PRC,KERMAN_6_N002,ALL,1,89.3153,3,183
2022-09-04T09:30:00-00:00,2022-09-04T09:45:00-00:00,2022-09-04,03,KERMAN_6_N002,KERMAN_6_N002,KERMAN_6_N002,RTPD,MCE,LMP_ENE_PRC,KERMAN_6_N002,ALL,1,82.76979,3,183
2022-09-04T10:30:00-00:00,2022-09-04T10:45:00-00:00,2022-09-04,04,KERMAN_6_N002,KERMAN_6_N002,KERMAN_6_N002,RTPD,MCE,LMP_ENE_PRC,KERMAN_6_N002,ALL,1,85.2941,3,183
2022-09-04T11:30:00-00:00,2022-09-04T11:45:00-00:00,2022-09-04,05,KERMAN_6_N002,KERMAN_6_N002,KERMAN_6_N002,RTPD,MCE,LMP_ENE_PRC,KERMAN_6_N002,ALL,1,81.7171,3,183
2022-09-04T12:30:00-00:00,2022-09-04T12:45:00-00:00,2022-09-04,06,KERMAN_6_N002,KERMAN_6_N002,KERMAN_6_N002,RTPD,MCE,LMP_ENE_PRC,KERMAN_6_N002,ALL,1,83.26354,3,183
2022-09-04T13:30:00-00:00,2022-09-04T13:45:00-00:00,2022-09-04,07,KERMAN_6_N002,KERMAN_6_N002,KERMAN_6_N002,RTPD,MCE,LMP_ENE_PRC,KERMAN_6_N002,ALL,1,69.8817,3,183
2022-09-04T14:30:00-00:00,2022-09-04T14:45:00-00:00,2022-09-04,08,KERMAN_6_N002,KERMAN_6_N002,KERMAN_6_N002,RTPD,MCE,LMP_ENE_PRC,KERMAN_6_N002,ALL,1,74.54818,3,183
2022-09-04T15:30:00-00:00,2022-09-04T15:45:00-00:00,2022-09-04,09,KERMAN_6_N002,KERMAN_6_N002,KERMAN_6_N002,RTPD,MCE,LMP_ENE_PRC,KERMAN_6_N002,ALL,1,58.25037,3,183
2022-09-04T16:30:00-00:00,2022-09-04T16:45:00-00:00,2022-09-04,10,KERMAN_6_N002,KERMAN_6_N002,KERMAN_6_N002,RTPD,MCE,LMP_ENE_PRC,KERMAN_6_N002,ALL,1,54.84481,3,183
2022-09-04T17:30:00-00:00,2022-09-04T17:45:00-00:00,2022-09-04,11,KERMAN_6_N002,KERMAN_6_N002,KERMAN_6_N002,RTPD,MCE,LMP_ENE_PRC,KERMAN_6_N002,ALL,1,69.84671,3,183
2022-09-04T18:30:00-00:00,2022-09-04T18:45:00-00:00,2022-09-04,12,KERMAN_6_N002,KERMAN_6_N002,KERMAN_6_N002,RTPD,MCE,LMP_ENE_PRC,KERMAN_6_N002,ALL,1,86.95818,3,183
2022-09-04T19:30:00-00:00,2022-09-04T19:45:00-00:00,2022-09-04,13,KERMAN_6_N002,KERMAN_6_N002,KERMAN_6_N002,RTPD,MCE,LMP_ENE_PRC,KERMAN_6_N002,ALL,1,102.56183,3,183
2022-09-04T20:30:00-00:00,2022-09-04T20:45:00-00:00,2022-09-04,14,KERMAN_6_N002,KERMAN_6_N002,KERMAN_6_N002,RTPD,MCE,LMP_ENE_PRC,KERMAN_6_N002,ALL,1,107.67463,3,183
2022-09-04T21:30:00-00:00,2022-09-04T21:45:00-00:00,2022-09-04,15,KERMAN_6_N002,KERMAN_6_N002,KERMAN_6_N002,RTPD,MCE,LMP_ENE_PRC,KERMAN_6_N002,ALL,1,108.01974,3,183
2022-09-04T22:30:00-00:00,2022-09-04T22:45:00-00:00,2022-09-04,16,KERMAN_6_N002,KERMAN_6_N002,KERMAN_6_N002,RTPD,MCE,LMP_ENE_PRC,KERMAN_6_N002,ALL,1,114.08273,3,183
2022-09-04T23:30:00-00:00,2022-09-04T23:45:00-00:00,2022-09-04,17,KERMAN_6_N002,KERMAN_6_N002,KERMAN_6_N002,RTPD,MCE,LMP_ENE_PRC,KERMAN_6_N002,ALL,1,113.23912,3,183
2022-09-05T00:30:00-00:00,2022-09-05T00:45:00-00:00,2022-09-04,18,KERMAN_6_N002,KERMAN_6_N002,KERMAN_6_N002,RTPD,MCE,LMP_ENE_PRC,KERMAN_6_N002,ALL,1,146.1893,3,183
2022-09-05T01:30:00-00:00,2022-09-05T01:45:00-00:00,2022-09-04,19,KERMAN_6_N002,KERMAN_6_N002,KERMAN_6_N002,RTPD,MCE,LMP_ENE_PRC,KERMAN_6_N002,ALL,1,899.31366,3,183
2022-09-05T02:30:00-00:00,2022-09-05T02:45:00-00:00,2022-09-04,20,KERMAN_6_N002,KERMAN_6_N002,KERMAN_6_N002,RTPD,MCE,LMP_ENE_PRC,KERMAN_6_N002,ALL,1,124.31294,3,183
2022-09-05T03:30:00-00:00,2022-09-05T03:45:00-00:00,2022-09-04,21,KERMAN_6_N002,KERMAN_6_N002,KERMAN_6_N002,RTPD,MCE,LMP_ENE_PRC,KERMAN_6_N002,ALL,1,120.65321,3,183
2022-09-05T04:30:00-00:00,2022-09-05T04:45:00-00:00,2022-09-04,22,KERMAN_6_N002,KERMAN_6_N002,KERMAN_6_N002,RTPD,MCE,LMP_ENE_PRC,KERMAN_6_N002,ALL,1,117.97055,3,183
2022-09-05T05:30:00-00:00,2022-09-05T05:45:00-00:00,2022-09-04,23,KERMAN_6_N002,KERMAN_6_N002,KERMAN_6_N002,RTPD,MCE,LMP_ENE_PRC,KERMAN_6_N002,ALL,1,123.73156,3,183
2022-09-05T06:30:00-00:00,2022-09-05T06:45:00-00:00,2022-09-04,24,KERMAN_6_N002,KERMAN_6_N002,KERMAN_6_N002,RTPD,MCE,LMP_ENE_PRC,KERMAN_6_N002,ALL,1,91.1478,3,183
2022-09-04T07:45:00-00:00,2022-09-04T08:00:00-00:00,2022-09-04,01,KERMAN_6_N002,KERMAN_6_N002,KERMAN_6_N002,RTPD,MCE,LMP_ENE_PRC,KERMAN_6_N002,ALL,1,84.62068,4,183
2022-09-04T08:45:00-00:00,2022-09-04T09:00:00-00:00,2022-09-04,02,KERMAN_6_N002,KERMAN_6_N002,KERMAN_6_N002,RTPD,MCE,LMP_ENE_PRC,KERMAN_6_N002,ALL,1,80.89122,4,183
2022-09-04T09:45:00-00:00,2022-09-04T10:00:00-00:00,2022-09-04,03,KERMAN_6_N002,KERMAN_6_N002,KERMAN_6_N002,RTPD,MCE,LMP_ENE_PRC,KERMAN_6_N002,ALL,1,77.90501,4,183
2022-09-04T10:45:00-00:00,2022-09-04T11:00:00-00:00,2022-09-04,04,KERMAN_6_N002,KERMAN_6_N002,KERMAN_6_N002,RTPD,MCE,LMP_ENE_PRC,KERMAN_6_N002,ALL,1,80.46249,4,183
2022-09-04T11:45:00-00:00,2022-09-04T12:00:00-00:00,2022-09-04,05,KERMAN_6_N002,KERMAN_6_N002,KERMAN_6_N002,RTPD,MCE,LMP_ENE_PRC,KERMAN_6_N002,ALL,1,79.81742,4,183
2022-09-04T12:45:00-00:00,2022-09-04T13:00:00-00:00,2022-09-04,06,KERMAN_6_N002,KERMAN_6_N002,KERMAN_6_N002,RTPD,MCE,LMP_ENE_PRC,KERMAN_6_N002,ALL,1,81.5519,4,183
2022-09-04T13:45:00-00:00,2022-09-04T14:00:00-00:00,2022-09-04,07,KERMAN_6_N002,KERMAN_6_N002,KERMAN_6_N002,RTPD,MCE,LMP_ENE_PRC,KERMAN_6_N002,ALL,1,60.75904,4,183
2022-09-04T14:45:00-00:00,2022-09-04T15:00:00-00:00,2022-09-04,08,KERMAN_6_N002,KERMAN_6_N002,KERMAN_6_N002,RTPD,MCE,LMP_ENE_PRC,KERMAN_6_N002,ALL,1,53.37606,4,183
2022-09-04T15:45:00-00:00,2022-09-04T16:00:00-00:00,2022-09-04,09,KERMAN_6_N002,KERMAN_6_N002,KERMAN_6_N002,RTPD,MCE,LMP_ENE_PRC,KERMAN_6_N002,ALL,1,41.51812,4,183
2022-09-04T16:45:00-00:00,2022-09-04T17:00:00-00:00,2022-09-04,10,KERMAN_6_N002,KERMAN_6_N002,KERMAN_6_N002,RTPD,MCE,LMP_ENE_PRC,KERMAN_6_N002,ALL,1,56.27322,4,183
2022-09-04T17:45:00-00:00,2022-09-04T18:00:00-00:00,2022-09-04,11,KERMAN_6_N002,KERMAN_6_N002,KERMAN_6_N002,RTPD,MCE,LMP_ENE_PRC,KERMAN_6_N002,ALL,1,80.41392,4,183
2022-09-04T18:45:00-00:00,2022-09-04T19:00:00-00:00,2022-09-04,12,KERMAN_6_N002,KERMAN_6_N002,KERMAN_6_N002,RTPD,MCE,LMP_ENE_PRC,KERMAN_6_N002,ALL,1,91.88616,4,183
2022-09-04T19:45:00-00:00,2022-09-04T20:00:00-00:00,2022-09-04,13,KERMAN_6_N002,KERMAN_6_N002,KERMAN_6_N002,RTPD,MCE,LMP_ENE_PRC,KERMAN_6_N002,ALL,1,99.49507,4,183
2022-09-04T20:45:00-00:00,2022-09-04T21:00:00-00:00,2022-09-04,14,KERMAN_6_N002,KERMAN_6_N002,KERMAN_6_N002,RTPD,MCE,LMP_ENE_PRC,KERMAN_6_N002,ALL,1,111.03904,4,183
2022-09-04T21:45:00-00:00,2022-09-04T22:00:00-00:00,2022-09-04,15,KERMAN_6_N002,KERMAN_6_N002,KERMAN_6_N002,RTPD,MCE,LMP_ENE_PRC,KERMAN_6_N002,ALL,1,139.43553,4,183
2022-09-04T22:45:00-00:00,2022-09-04T23:00:00-00:00,2022-09-04,16,KERMAN_6_N002,KERMAN_6_N002,KERMAN_6_N002,RTPD,MCE,LMP_ENE_PRC,KERMAN_6_N002,ALL,1,143.70679,4,183
2022-09-04T23:45:00-00:00,2022-09-05T00:00:00-00:00,2022-09-04,17,KERMAN_6_N002,KERMAN_6_N002,KERMAN_6_N002,RTPD,MCE,LMP_ENE_PRC,KERMAN_6_N002,ALL,1,173.92435,4,183
2022-09-05T00:45:00-00:00,2022-09-05T01:00:00-00:00,2022-09-04,18,KERMAN_6_N002,KERMAN_6_N002,KERMAN_6_N002,RTPD,MCE,LMP_ENE_PRC,KERMAN_6_N002,ALL,1,342.64575,4,183
2022-09-05T01:45:00-00:00,2022-09-05T02:00:00-00:00,2022-09-04,19,KERMAN_6_N002,KERMAN_6_N002,KERMAN_6_N002,RTPD,MCE,LMP_ENE_PRC,KERMAN_6_N002,ALL,1,793.1877,4,183
2022-09-05T02:45:00-00:00,2022-09-05T03:00:00-00:00,2022-09-04,20,KERMAN_6_N002,KERMAN_6_N002,KERMAN_6_N002,RTPD,MCE,LMP_ENE_PRC,KERMAN_6_N002,ALL,1,113.80091,4,183
2022-09-05T03:45:00-00:00,2022-09-05T04:00:00-00:00,2022-09-04,21,KERMAN_6_N002,KERMAN_6_N002,KERMAN_6_N002,RTPD,MCE,LMP_ENE_PRC,KERMAN_6_N002,ALL,1,108.55133,4,183
2022-09-05T04:45:00-00:00,2022-09-05T05:00:00-00:00,2022-09-04,22,KERMAN_6_N002,KERMAN_6_N002,KERMAN_6_N002,RTPD,MCE,LMP_ENE_PRC,KERMAN_6_N002,ALL,1,109.13516,4,183
2022-09-05T05:45:00-00:00,2022-09-05T06:00:00-00:00,2022-09-04,23,KERMAN_6_N002,KERMAN_6_N002,KERMAN_6_N002,RTPD,MCE,LMP_ENE_PRC,KERMAN_6_N002,ALL,1,95.38478,4,183
2022-09-05T06:45:00-00:00,2022-09-05T07:00:00-00:00,2022-09-04,24,KERMAN_6_N002,KERMAN_6_N002,KERMAN_6_N002,RTPD,MCE,LMP_ENE_PRC,KERMAN_6_N002,ALL,1,84.93478,4,183
2022-09-04T07:00:00-00:00,2022-09-04T07:15:00-00:00,2022-09-04,01,KERMAN_6_N002,KERMAN_6_N002,KERMAN_6_N002,RTPD,MCL,LMP_LOSS_PRC,KERMAN_6_N002,ALL,1,11.78292,1,184
2022-09-04T08:00:00-00:00,2022-09-04T08:15:00-00:00,2022-09-04,02,KERMAN_6_N002,KERMAN_6_N002,KERMAN_6_N002,RTPD,MCL,LMP_LOSS_PRC,KERMAN_6_N002,ALL,1,0,1,184
2022-09-04T09:00:00-00:00,2022-09-04T09:15:00-00:00,2022-09-04,03,KERMAN_6_N002,KERMAN_6_N002,KERMAN_6_N002,RTPD,MCL,LMP_LOSS_PRC,KERMAN_6_N002,ALL,1,0,1,184
2022-09-04T10:00:00-00:00,2022-09-04T10:15:00-00:00,2022-09-04,04,KERMAN_6_N002,KERMAN_6_N002,KERMAN_6_N002,RTPD,MCL,LMP_LOSS_PRC,KERMAN_6_N002,ALL,1,9.16745,1,184
2022-09-04T11:00:00-00:00,2022-09-04T11:15:00-00:00,2022-09-04,05,KERMAN_6_N002,KERMAN_6_N002,KERMAN_6_N002,RTPD,MCL,LMP_LOSS_PRC,KERMAN_6_N002,ALL,1,8.32047,1,184
2022-09-04T12:00:00-00:00,2022-09-04T12:15:00-00:00,2022-09-04,06,KERMAN_6_N002,KERMAN_6_N002,KERMAN_6_N002,RTPD,MCL,LMP_LOSS_PRC,KERMAN_6_N002,ALL,1,8.78186,1,184
2022-09-04T13:00:00-00:00,2022-09-04T13:15:00-00:00,2022-09-04,07,KERMAN_6_N002,KERMAN_6_N002,KERMAN_6_N002,RTPD,MCL,LMP_LOSS_PRC,KERMAN_6_N002,ALL,1,7.60672,1,184
2022-09-04T14:00:00-00:00,2022-09-04T14:15:00-00:00,2022-09-04,08,KERMAN_6_N002,KERMAN_6_N002,KERMAN_6_N002,RTPD,MCL,LMP_LOSS_PRC,KERMAN_6_N002,ALL,1,8.68898,1,184
2022-09-04T15:00:00-00:00,2022-09-04T15:15:00-00:00,2022-09-04,09,KERMAN_6_N002,KERMAN_6_N002,KERMAN_6_N002,RTPD,MCL,LMP_LOSS_PRC,KERMAN_6_N002,ALL,1,4.85587,1,184
2022-09-04T16:00:00-00:00,2022-09-04T16:15:00-00:00,2022-09-04,10,KERMAN_6_N002,KERMAN_6_N002,KERMAN_6_N002,RTPD,MCL,LMP_LOSS_PRC,KERMAN_6_N002,ALL,1,1.79395,1,184
2022-09-04T17:00:00-00:00,2022-09-04T17:15:00-00:00,2022-09-04,11,KERMAN_6_N002,KERMAN_6_N002,KERMAN_6_N002,RTPD,MCL,LMP_LOSS_PRC,KERMAN_6_N002,ALL,1,2.24574,1,184
2022-09-04T18:00:00-00:00,2022-09-04T18:15:00-00:00,2022-09-04,12,KERMAN_6_N002,KERMAN_6_N002,KERMAN_6_N002,RTPD,MCL,LMP_LOSS_PRC,KERMAN_6_N002,ALL,1,1.86351,1,184
2022-09-04T19:00:00-00:00,2022-09-04T19:15:00-00:00,2022-09-04,13,KERMAN_6_N002,KERMAN_6_N002,KERMAN_6_N002,RTPD,MCL,LMP_LOSS_PRC,KERMAN_6_N002,ALL,1,1.09916,1,184
2022-09-04T20:00:00-00:00,2022-09-04T20:15:00-00:00,2022-09-04,14,KERMAN_6_N002,KERMAN_6_N002,KERMAN_6_N002,RTPD,MCL,LMP_LOSS_PRC,KERMAN_6_N002,ALL,1,2.62128,1,184
2022-09-04T21:00:00-00:00,2022-09-04T21:15:00-00:00,2022-09-04,15,KERMAN_6_N002,KERMAN_6_N002,KERMAN_6_N002,RTPD,MCL,LMP_LOSS_PRC,KERMAN_6_N002,ALL,1,-0.21388,1,184
2022-09-04T22:00:00-00:00,2022-09-04T22:15:00-00:00,2022-09-04,16,KERMAN_6_N002,KERMAN_6_N002,KERMAN_6_N002,RTPD,MCL,LMP_LOSS_PRC,KERMAN_6_N002,ALL,1,0.40921,1,184
2022-09-04T23:00:00-00:00,2022-09-04T23:15:00-00:00,2022-09-04,17,KERMAN_6_N002,KERMAN_6_N002,KERMAN_6_N002,RTPD,MCL,LMP_LOSS_PRC,KERMAN_6_N002,ALL,1,0,1,184
2022-09-05T00:00:00-00:00,2022-09-05T00:15:00-00:00,2022-09-04,18,KERMAN_6_N002,KERMAN_6_N002,KERMAN_6_N002,RTPD,MCL,LMP_LOSS_PRC,KERMAN_6_N002,ALL,1,3.59218,1,184
2022-09-05T01:00:00-00:00,2022-09-05T01:15:00-00:00,2022-09-04,19,KERMAN_6_N002,KERMAN_6_N002,KERMAN_6_N002,RTPD,MCL,LMP_LOSS_PRC,KERMAN_6_N002,ALL,1,13.57554,1,184
2022-09-05T02:00:00-00:00,2022-09-05T02:15:00-00:00,2022-09-04,20,KERMAN_6_N002,KERMAN_6_N002,KERMAN_6_N002,RTPD,MCL,LMP_LOSS_PRC,KERMAN_6_N002,ALL,1,14.31645,1,184
2022-09-05T03:00:00-00:00,2022-09-05T03:15:00-00:00,2022-09-04,21,KERMAN_6_N002,KERMAN_6_N002,KERMAN_6_N002,RTPD,MCL,LMP_LOSS_PRC,KERMAN_6_N002,ALL,1,24.81433,1,184
2022-09-05T04:00:00-00:00,2022-09-05T04:15:00-00:00,2022-09-04,22,KERMAN_6_N002,KERMAN_6_N002,KERMAN_6_N002,RTPD,MCL,LMP_LOSS_PRC,KERMAN_6_N002,ALL,1,16.85166,1,184
2022-09-05T05:00:00-00:00,2022-09-05T05:15:00-00:00,2022-09-04,23,KERMAN_6_N002,KERMAN_6_N002,KERMAN_6_N002,RTPD,MCL,LMP_LOSS_PRC,KERMAN_6_N002,ALL,1,16.8698,1,184
2022-09-05T06:00:00-00:00,2022-09-05T06:15:00-00:00,2022-09-04,24,KERMAN_6_N002,KERMAN_6_N002,KERMAN_6_N002,RTPD,MCL,LMP_LOSS_PRC,KERMAN_6_N002,ALL,1,15.84772,1,184
2022-09-04T07:15:00-00:00,2022-09-04T07:30:00-00:00,2022-09-04,01,KERMAN_6_N002,KERMAN_6_N002,KERMAN_6_N002,RTPD,MCL,LMP_LOSS_PRC,KERMAN_6_N002,ALL,1,11.19095,2,184
2022-09-04T08:15:00-00:00,2022-09-04T08:30:00-00:00,2022-09-04,02,KERMAN_6_N002,KERMAN_6_N002,KERMAN_6_N002,RTPD,MCL,LMP_LOSS_PRC,KERMAN_6_N002,ALL,1,0,2,184
2022-09-04T09:15:00-00:00,2022-09-04T09:30:00-00:00,2022-09-04,03,KERMAN_6_N002,KERMAN_6_N002,KERMAN_6_N002,RTPD,MCL,LMP_LOSS_PRC,KERMAN_6_N002,ALL,1,0,2,184
2022-09-04T10:15:00-00:00,2022-09-04T10:30:00-00:00,2022-09-04,04,KERMAN_6_N002,KERMAN_6_N002,KERMAN_6_N002,RTPD,MCL,LMP_LOSS_PRC,KERMAN_6_N002,ALL,1,8.73606,2,184
2022-09-04T11:15:00-00:00,2022-09-04T11:30:00-00:00,2022-09-04,05,KERMAN_6_N002,KERMAN_6_N002,KERMAN_6_N002,RTPD,MCL,LMP_LOSS_PRC,KERMAN_6_N002,ALL,1,8.16052,2,184
2022-09-04T12:15:00-00:00,2022-09-04T12:30:00-00:00,2022-09-04,06,KERMAN_6_N002,KERMAN_6_N002,KERMAN_6_N002,RTPD,MCL,LMP_LOSS_PRC,KERMAN_6_N002,ALL,1,8.64421,2,184
2022-09-04T13:15:00-00:00,2022-09-04T13:30:00-00:00,2022-09-04,07,KERMAN_6_N002,KERMAN_6_N002,KERMAN_6_N002,RTPD,MCL,LMP_LOSS_PRC,KERMAN_6_N002,ALL,1,7.22831,2,184
2022-09-04T14:15:00-00:00,2022-09-04T14:30:00-00:00,2022-09-04,08,KERMAN_6_N002,KERMAN_6_N002,KERMAN_6_N002,RTPD,MCL,LMP_LOSS_PRC,KERMAN_6_N002,ALL,1,7.05818,2,184
2022-09-04T15:15:00-00:00,2022-09-04T15:30:00-00:00,2022-09-04,09,KERMAN_6_N002,KERMAN_6_N002,KERMAN_6_N002,RTPD,MCL,LMP_LOSS_PRC,KERMAN_6_N002,ALL,1,3.68824,2,184
2022-09-04T16:15:00-00:00,2022-09-04T16:30:00-00:00,2022-09-04,10,KERMAN_6_N002,KERMAN_6_N002,KERMAN_6_N002,RTPD,MCL,LMP_LOSS_PRC,KERMAN_6_N002,ALL,1,2.01292,2,184
2022-09-04T17:15:00-00:00,2022-09-04T17:30:00-00:00,2022-09-04,11,KERMAN_6_N002,KERMAN_6_N002,KERMAN_6_N002,RTPD,MCL,LMP_LOSS_PRC,KERMAN_6_N002,ALL,1,2.64595,2,184
2022-09-04T18:15:00-00:00,2022-09-04T18:30:00-00:00,2022-09-04,12,KERMAN_6_N002,KERMAN_6_N002,KERMAN_6_N002,RTPD,MCL,LMP_LOSS_PRC,KERMAN_6_N002,ALL,1,1.72268,2,184
2022-09-04T19:15:00-00:00,2022-09-04T19:30:00-00:00,2022-09-04,13,KERMAN_6_N002,KERMAN_6_N002,KERMAN_6_N002,RTPD,MCL,LMP_LOSS_PRC,KERMAN_6_N002,ALL,1,0.95299,2,184
2022-09-04T20:15:00-00:00,2022-09-04T20:30:00-00:00,2022-09-04,14,KERMAN_6_N002,KERMAN_6_N002,KERMAN_6_N002,RTPD,MCL,LMP_LOSS_PRC,KERMAN_6_N002,ALL,1,1.4004,2,184
2022-09-04T21:15:00-00:00,2022-09-04T21:30:00-00:00,2022-09-04,15,KERMAN_6_N002,KERMAN_6_N002,KERMAN_6_N002,RTPD,MCL,LMP_LOSS_PRC,KERMAN_6_N002,ALL,1,-0.1792,2,184
2022-09-04T22:15:00-00:00,2022-09-04T22:30:00-00:00,2022-09-04,16,KERMAN_6_N002,KERMAN_6_N002,KERMAN_6_N002,RTPD,MCL,LMP_LOSS_PRC,KERMAN_6_N002,ALL,1,0.82431,2,184
2022-09-04T23:15:00-00:00,2022-09-04T23:30:00-00:00,2022-09-04,17,KERMAN_6_N002,KERMAN_6_N002,KERMAN_6_N002,RTPD,MCL,LMP_LOSS_PRC,KERMAN_6_N002,ALL,1,0,2,184
2022-09-05T00:15:00-00:00,2022-09-05T00:30:00-00:00,2022-09-04,18,KERMAN_6_N002,KERMAN_6_N002,KERMAN_6_N002,RTPD,MCL,LMP_LOSS_PRC,KERMAN_6_N002,ALL,1,7.7997,2,184
2022-09-05T01:15:00-00:00,2022-09-05T01:30:00-00:00,2022-09-04,19,KERMAN_6_N002,KERMAN_6_N002,KERMAN_6_N002,RTPD,MCL,LMP_LOSS_PRC,KERMAN_6_N002,ALL,1,25.31136,2,184
2022-09-05T02:15:00-00:00,2022-09-05T02:30:00-00:00,2022-09-04,20,KERMAN_6_N002,KERMAN_6_N002,KERMAN_6_N002,RTPD,MCL,LMP_LOSS_PRC,KERMAN_6_N002,ALL,1,15.68727,2,184
2022-09-05T03:15:00-00:00,2022-09-05T03:30:00-00:00,2022-09-04,21,KERMAN_6_N002,KERMAN_6_N002,KERMAN_6_N002,RTPD,MCL,LMP_LOSS_PRC,KERMAN_6_N002,ALL,1,21.99841,2,184
2022-09-05T04:15:00-00:00,2022-09-05T04:30:00-00:00,2022-09-04,22,KERMAN_6_N002,KERMAN_6_N002,KERMAN_6_N002,RTPD,MCL,LMP_LOSS_PRC,KERMAN_6_N002,ALL,1,17.11778,2,184
2022-09-05T05:15:00-00:00,2022-09-05T05:30:00-00:00,2022-09-04,23,KERMAN_6_N002,KERMAN_6_N002,KERMAN_6_N002,RTPD,MCL,LMP_LOSS_PRC,KERMAN_6_N002,ALL,1,16.16239,2,184
2022-09-05T06:15:00-00:00,2022-09-05T06:30:00-00:00,2022-09-04,24,KERMAN_6_N002,KERMAN_6_N002,KERMAN_6_N002,RTPD,MCL,LMP_LOSS_PRC,KERMAN_6_N002,ALL,1,13.9245,2,184
2022-09-04T07:30:00-00:00,2022-09-04T07:45:00-00:00,2022-09-04,01,KERMAN_6_N002,KERMAN_6_N002,KERMAN_6_N002,RTPD,MCL,LMP_LOSS_PRC,KERMAN_6_N002,ALL,1,10.67004,3,184
2022-09-04T08:30:00-00:00,2022-09-04T08:45:00-00:00,2022-09-04,02,KERMAN_6_N002,KERMAN_6_N002,KERMAN_6_N002,RTPD,MCL,LMP_LOSS_PRC,KERMAN_6_N002,ALL,1,0,3,184
2022-09-04T09:30:00-00:00,2022-09-04T09:45:00-00:00,2022-09-04,03,KERMAN_6_N002,KERMAN_6_N002,KERMAN_6_N002,RTPD,MCL,LMP_LOSS_PRC,KERMAN_6_N002,ALL,1,0,3,184
2022-09-04T10:30:00-00:00,2022-09-04T10:45:00-00:00,2022-09-04,04,KERMAN_6_N002,KERMAN_6_N002,KERMAN_6_N002,RTPD,MCL,LMP_LOSS_PRC,KERMAN_6_N002,ALL,1,8.62323,3,184
2022-09-04T11:30:00-00:00,2022-09-04T11:45:00-00:00,2022-09-04,05,KERMAN_6_N002,KERMAN_6_N002,KERMAN_6_N002,RTPD,MCL,LMP_LOSS_PRC,KERMAN_6_N002,ALL,1,8.04096,3,184
2022-09-04T12:30:00-00:00,2022-09-04T12:45:00-00:00,2022-09-04,06,KERMAN_6_N002,KERMAN_6_N002,KERMAN_6_N002,RTPD,MCL,LMP_LOSS_PRC,KERMAN_6_N002,ALL,1,8.63443,3,184
2022-09-04T13:30:00-00:00,2022-09-04T13:45:00-00:00,2022-09-04,07,KERMAN_6_N002,KERMAN_6_N002,KERMAN_6_N002,RTPD,MCL,LMP_LOSS_PRC,KERMAN_6_N002,ALL,1,7.01612,3,184
2022-09-04T14:30:00-00:00,2022-09-04T14:45:00-00:00,2022-09-04,08,KERMAN_6_N002,KERMAN_6_N002,KERMAN_6_N002,RTPD,MCL,LMP_LOSS_PRC,KERMAN_6_N002,ALL,1,6.42605,3,184
2022-09-04T15:30:00-00:00,2022-09-04T15:45:00-00:00,2022-09-04,09,KERMAN_6_N002,KERMAN_6_N002,KERMAN_6_N002,RTPD,MCL,LMP_LOSS_PRC,KERMAN_6_N002,ALL,1,2.76689,3,184
2022-09-04T16:30:00-00:00,2022-09-04T16:45:00-00:00,2022-09-04,10,KERMAN_6_N002,KERMAN_6_N002,KERMAN_6_N002,RTPD,MCL,LMP_LOSS_PRC,KERMAN_6_N002,ALL,1,1.98538,3,184
2022-09-04T17:30:00-00:00,2022-09-04T17:45:00-00:00,2022-09-04,11,KERMAN_6_N002,KERMAN_6_N002,KERMAN_6_N002,RTPD,MCL,LMP_LOSS_PRC,KERMAN_6_N002,ALL,1,2.94055,3,184
2022-09-04T18:30:00-00:00,2022-09-04T18:45:00-00:00,2022-09-04,12,KERMAN_6_N002,KERMAN_6_N002,KERMAN_6_N002,RTPD,MCL,LMP_LOSS_PRC,KERMAN_6_N002,ALL,1,1.74786,3,184
2022-09-04T19:30:00-00:00,2022-09-04T19:45:00-00:00,2022-09-04,13,KERMAN_6_N002,KERMAN_6_N002,KERMAN_6_N002,RTPD,MCL,LMP_LOSS_PRC,KERMAN_6_N002,ALL,1,1.44612,3,184
2022-09-04T20:30:00-00:00,2022-09-04T20:45:00-00:00,2022-09-04,14,KERMAN_6_N002,KERMAN_6_N002,KERMAN_6_N002,RTPD,MCL,LMP_LOSS_PRC,KERMAN_6_N002,ALL,1,0.79679,3,184
2022-09-04T21:30:00-00:00,2022-09-04T21:45:00-00:00,2022-09-04,15,KERMAN_6_N002,KERMAN_6_N002,KERMAN_6_N002,RTPD,MCL,LMP_LOSS_PRC,KERMAN_6_N002,ALL,1,-0.30246,3,184
2022-09-04T22:30:00-00:00,2022-09-04T22:45:00-00:00,2022-09-04,16,KERMAN_6_N002,KERMAN_6_N002,KERMAN_6_N002,RTPD,MCL,LMP_LOSS_PRC,KERMAN_6_N002,ALL,1,0.84421,3,184
2022-09-04T23:30:00-00:00,2022-09-04T23:45:00-00:00,2022-09-04,17,KERMAN_6_N002,KERMAN_6_N002,KERMAN_6_N002,RTPD,MCL,LMP_LOSS_PRC,KERMAN_6_N002,ALL,1,0,3,184
2022-09-05T00:30:00-00:00,2022-09-05T00:45:00-00:00,2022-09-04,18,KERMAN_6_N002,KERMAN_6_N002,KERMAN_6_N002,RTPD,MCL,LMP_LOSS_PRC,KERMAN_6_N002,ALL,1,6.50542,3,184
2022-09-05T01:30:00-00:00,2022-09-05T01:45:00-00:00,2022-09-04,19,KERMAN_6_N002,KERMAN_6_N002,KERMAN_6_N002,RTPD,MCL,LMP_LOSS_PRC,KERMAN_6_N002,ALL,1,90.92061,3,184
2022-09-05T02:30:00-00:00,2022-09-05T02:45:00-00:00,2022-09-04,20,KERMAN_6_N002,KERMAN_6_N002,KERMAN_6_N002,RTPD,MCL,LMP_LOSS_PRC,KERMAN_6_N002,ALL,1,13.99764,3,184
2022-09-05T03:30:00-00:00,2022-09-05T03:45:00-00:00,2022-09-04,21,KERMAN_6_N002,KERMAN_6_N002,KERMAN_6_N002,RTPD,MCL,LMP_LOSS_PRC,KERMAN_6_N002,ALL,1,20.318,3,184
2022-09-05T04:30:00-00:00,2022-09-05T04:45:00-00:00,2022-09-04,22,KERMAN_6_N002,KERMAN_6_N002,KERMAN_6_N002,RTPD,MCL,LMP_LOSS_PRC,KERMAN_6_N002,ALL,1,16.39791,3,184
2022-09-05T05:30:00-00:00,2022-09-05T05:45:00-00:00,2022-09-04,23,KERMAN_6_N002,KERMAN_6_N002,KERMAN_6_N002,RTPD,MCL,LMP_LOSS_PRC,KERMAN_6_N002,ALL,1,13.63522,3,184
2022-09-05T06:30:00-00:00,2022-09-05T06:45:00-00:00,2022-09-04,24,KERMAN_6_N002,KERMAN_6_N002,KERMAN_6_N002,RTPD,MCL,LMP_LOSS_PRC,KERMAN_6_N002,ALL,1,10.81013,3,184
2022-09-04T07:45:00-00:00,2022-09-04T08:00:00-00:00,2022-09-04,01,KERMAN_6_N002,KERMAN_6_N002,KERMAN_6_N002,RTPD,MCL,LMP_LOSS_PRC,KERMAN_6_N002,ALL,1,0,4,184
2022-09-04T08:45:00-00:00,2022-09-04T09:00:00-00:00,2022-09-04,02,KERMAN_6_N002,KERMAN_6_N002,KERMAN_6_N002,RTPD,MCL,LMP_LOSS_PRC,KERMAN_6_N002,ALL,1,9.04364,4,184
2022-09-04T09:45:00-00:00,2022-09-04T10:00:00-00:00,2022-09-04,03,KERMAN_6_N002,KERMAN_6_N002,KERMAN_6_N002,RTPD,MCL,LMP_LOSS_PRC,KERMAN_6_N002,ALL,1,8.45269,4,184
2022-09-04T10:45:00-00:00,2022-09-04T11:00:00-00:00,2022-09-04,04,KERMAN_6_N002,KERMAN_6_N002,KERMAN_6_N002,RTPD,MCL,LMP_LOSS_PRC,KERMAN_6_N002,ALL,1,7.87728,4,184
2022-09-04T11:45:00-00:00,2022-09-04T12:00:00-00:00,2022-09-04,05,KERMAN_6_N002,KERMAN_6_N002,KERMAN_6_N002,RTPD,MCL,LMP_LOSS_PRC,KERMAN_6_N002,ALL,1,7.98972,4,184
2022-09-04T12:45:00-00:00,2022-09-04T13:00:00-00:00,2022-09-04,06,KERMAN_6_N002,KERMAN_6_N002,KERMAN_6_N002,RTPD,MCL,LMP_LOSS_PRC,KERMAN_6_N002,ALL,1,8.31014,4,184
2022-09-04T13:45:00-00:00,2022-09-04T14:00:00-00:00,2022-09-04,07,KERMAN_6_N002,KERMAN_6_N002,KERMAN_6_N002,RTPD,MCL,LMP_LOSS_PRC,KERMAN_6_N002,ALL,1,5.83287,4,184
2022-09-04T14:45:00-00:00,2022-09-04T15:00:00-00:00,2022-09-04,08,KERMAN_6_N002,KERMAN_6_N002,KERMAN_6_N002,RTPD,MCL,LMP_LOSS_PRC,KERMAN_6_N002,ALL,1,3.72565,4,184
2022-09-04T15:45:00-00:00,2022-09-04T16:00:00-00:00,2022-09-04,09,KERMAN_6_N002,KERMAN_6_N002,KERMAN_6_N002,RTPD,MCL,LMP_LOSS_PRC,KERMAN_6_N002,ALL,1,2.03439,4,184
2022-09-04T16:45:00-00:00,2022-09-04T17:00:00-00:00,2022-09-04,10,KERMAN_6_N002,KERMAN_6_N002,KERMAN_6_N002,RTPD,MCL,LMP_LOSS_PRC,KERMAN_6_N002,ALL,1,2.39724,4,184
2022-09-04T17:45:00-00:00,2022-09-04T18:00:00-00:00,2022-09-04,11,KERMAN_6_N002,KERMAN_6_N002,KERMAN_6_N002,RTPD,MCL,LMP_LOSS_PRC,KERMAN_6_N002,ALL,1,3.48192,4,184
2022-09-04T18:45:00-00:00,2022-09-04T19:00:00-00:00,2022-09-04,12,KERMAN_6_N002,KERMAN_6_N002,KERMAN_6_N002,RTPD,MCL,LMP_LOSS_PRC,KERMAN_6_N002,ALL,1,2.6647,4,184
2022-09-04T19:45:00-00:00,2022-09-04T20:00:00-00:00,2022-09-04,13,KERMAN_6_N002,KERMAN_6_N002,KERMAN_6_N002,RTPD,MCL,LMP_LOSS_PRC,KERMAN_6_N002,ALL,1,1.58197,4,184
2022-09-04T20:45:00-00:00,2022-09-04T21:00:00-00:00,2022-09-04,14,KERMAN_6_N002,KERMAN_6_N002,KERMAN_6_N002,RTPD,MCL,LMP_LOSS_PRC,KERMAN_6_N002,ALL,1,0.61071,4,184
2022-09-04T21:45:00-00:00,2022-09-04T22:00:00-00:00,2022-09-04,15,KERMAN_6_N002,KERMAN_6_N002,KERMAN_6_N002,RTPD,MCL,LMP_LOSS_PRC,KERMAN_6_N002,ALL,1,0.13944,4,184
2022-09-04T22:45:00-00:00,2022-09-04T23:00:00-00:00,2022-09-04,16,KERMAN_6_N002,KERMAN_6_N002,KERMAN_6_N002,RTPD,MCL,LMP_LOSS_PRC,KERMAN_6_N002,ALL,1,0,4,184
2022-09-04T23:45:00-00:00,2022-09-05T00:00:00-00:00,2022-09-04,17,KERMAN_6_N002,KERMAN_6_N002,KERMAN_6_N002,RTPD,MCL,LMP_LOSS_PRC,KERMAN_6_N002,ALL,1,0,4,184
2022-09-05T00:45:00-00:00,2022-09-05T01:00:00-00:00,2022-09-04,18,KERMAN_6_N002,KERMAN_6_N002,KERMAN_6_N002,RTPD,MCL,LMP_LOSS_PRC,KERMAN_6_N002,ALL,1,0,4,184
2022-09-05T01:45:00-00:00,2022-09-05T02:00:00-00:00,2022-09-04,19,KERMAN_6_N002,KERMAN_6_N002,KERMAN_6_N002,RTPD,MCL,LMP_LOSS_PRC,KERMAN_6_N002,ALL,1,87.96452,4,184
2022-09-05T02:45:00-00:00,2022-09-05T03:00:00-00:00,2022-09-04,20,KERMAN_6_N002,KERMAN_6_N002,KERMAN_6_N002,RTPD,MCL,LMP_LOSS_PRC,KERMAN_6_N002,ALL,1,12.07428,4,184
2022-09-05T03:45:00-00:00,2022-09-05T04:00:00-00:00,2022-09-04,21,KERMAN_6_N002,KERMAN_6_N002,KERMAN_6_N002,RTPD,MCL,LMP_LOSS_PRC,KERMAN_6_N002,ALL,1,15.52284,4,184
2022-09-05T04:45:00-00:00,2022-09-05T05:00:00-00:00,2022-09-04,22,KERMAN_6_N002,KERMAN_6_N002,KERMAN_6_N002,RTPD,MCL,LMP_LOSS_PRC,KERMAN_6_N002,ALL,1,13.51093,4,184
2022-09-05T05:45:00-00:00,2022-09-05T06:00:00-00:00,2022-09-04,23,KERMAN_6_N002,KERMAN_6_N002,KERMAN_6_N002,RTPD,MCL,LMP_LOSS_PRC,KERMAN_6_N002,ALL,1,10.23479,4,184
2022-09-05T06:45:00-00:00,2022-09-05T07:00:00-00:00,2022-09-04,24,KERMAN_6_N002,KERMAN_6_N002,KERMAN_6_N002,RTPD,MCL,LMP_LOSS_PRC,KERMAN_6_N002,ALL,1,9.21542,4,184
2022-09-04T07:00:00-00:00,2022-09-04T07:15:00-00:00,2022-09-04,01,KERMAN_6_N002,KERMAN_6_N002,KERMAN_6_N002,RTPD,MGHG,LMP_GHG_PRC,KERMAN_6_N002,ALL,1,0,1,185
2022-09-04T08:00:00-00:00,2022-09-04T08:15:00-00:00,2022-09-04,02,KERMAN_6_N002,KERMAN_6_N002,KERMAN_6_N002,RTPD,MGHG,LMP_GHG_PRC,KERMAN_6_N002,ALL,1,0,1,185
2022-09-04T09:00:00-00:00,2022-09-04T09:15:00-00:00,2022-09-04,03,KERMAN_6_N002,KERMAN_6_N002,KERMAN_6_N002,RTPD,MGHG,LMP_GHG_PRC,KERMAN_6_N002,ALL,1,0,1,185
2022-09-04T10:00:00-00:00,2022-09-04T10:15:00-00:00,2022-09-04,04,KERMAN_6_N002,KERMAN_6_N002,KERMAN_6_N002,RTPD,MGHG,LMP_GHG_PRC,KERMAN_6_N002,ALL,1,0,1,185
2022-09-04T11:00:00-00:00,2022-09-04T11:15:00-00:00,2022-09-04,05,KERMAN_6_N002,KERMAN_6_N002,KERMAN_6_N002,RTPD,MGHG,LMP_GHG_PRC,KERMAN_6_N002,ALL,1,0,1,185
2022-09-04T12:00:00-00:00,2022-09-04T12:15:00-00:00,2022-09-04,06,KERMAN_6_N002,KERMAN_6_N002,KERMAN_6_N002,RTPD,MGHG,LMP_GHG_PRC,KERMAN_6_N002,ALL,1,0,1,185
2022-09-04T13:00:00-00:00,2022-09-04T13:15:00-00:00,2022-09-04,07,KERMAN_6_N002,KERMAN_6_N002,KERMAN_6_N002,RTPD,MGHG,LMP_GHG_PRC,KERMAN_6_N002,ALL,1,0,1,185
2022-09-04T14:00:00-00:00,2022-09-04T14:15:00-00:00,2022-09-04,08,KERMAN_6_N002,KERMAN_6_N002,KERMAN_6_N002,RTPD,MGHG,LMP_GHG_PRC,KERMAN_6_N002,ALL,1,0,1,185
2022-09-04T15:00:00-00:00,2022-09-04T15:15:00-00:00,2022-09-04,09,KERMAN_6_N002,KERMAN_6_N002,KERMAN_6_N002,RTPD,MGHG,LMP_GHG_PRC,KERMAN_6_N002,ALL,1,0,1,185
2022-09-04T16:00:00-00:00,2022-09-04T16:15:00-00:00,2022-09-04,10,KERMAN_6_N002,KERMAN_6_N002,KERMAN_6_N002,RTPD,MGHG,LMP_GHG_PRC,KERMAN_6_N002,ALL,1,0,1,185
2022-09-04T17:00:00-00:00,2022-09-04T17:15:00-00:00,2022-09-04,11,KERMAN_6_N002,KERMAN_6_N002,KERMAN_6_N002,RTPD,MGHG,LMP_GHG_PRC,KERMAN_6_N002,ALL,1,0,1,185
2022-09-04T18:00:00-00:00,2022-09-04T18:15:00-00:00,2022-09-04,12,KERMAN_6_N002,KERMAN_6_N002,KERMAN_6_N002,RTPD,MGHG,LMP_GHG_PRC,KERMAN_6_N002,ALL,1,0,1,185
2022-09-04T19:00:00-00:00,2022-09-04T19:15:00-00:00,2022-09-04,13,KERMAN_6_N002,KERMAN_6_N002,KERMAN_6_N002,RTPD,MGHG,LMP_GHG_PRC,KERMAN_6_N002,ALL,1,0,1,185
2022-09-04T20:00:00-00:00,2022-09-04T20:15:00-00:00,2022-09-04,14,KERMAN_6_N002,KERMAN_6_N002,KERMAN_6_N002,RTPD,MGHG,LMP_GHG_PRC,KERMAN_6_N002,ALL,1,0,1,185
2022-09-04T21:00:00-00:00,2022-09-04T21:15:00-00:00,2022-09-04,15,KERMAN_6_N002,KERMAN_6_N002,KERMAN_6_N002,RTPD,MGHG,LMP_GHG_PRC,KERMAN_6_N002,ALL,1,0,1,185
2022-09-04T22:00:00-00:00,2022-09-04T22:15:00-00:00,2022-09-04,16,KERMAN_6_N002,KERMAN_6_N002,KERMAN_6_N002,RTPD,MGHG,LMP_GHG_PRC,KERMAN_6_N002,ALL,1,0,1,185
2022-09-04T23:00:00-00:00,2022-09-04T23:15:00-00:00,2022-09-04,17,KERMAN_6_N002,KERMAN_6_N002,KERMAN_6_N002,RTPD,MGHG,LMP_GHG_PRC,KERMAN_6_N002,ALL,1,0,1,185
2022-09-05T00:00:00-00:00,2022-09-05T00:15:00-00:00,2022-09-04,18,KERMAN_6_N002,KERMAN_6_N002,KERMAN_6_N002,RTPD,MGHG,LMP_GHG_PRC,KERMAN_6_N002,ALL,1,0,1,185
2022-09-05T01:00:00-00:00,2022-09-05T01:15:00-00:00,2022-09-04,19,KERMAN_6_N002,KERMAN_6_N002,KERMAN_6_N002,RTPD,MGHG,LMP_GHG_PRC,KERMAN_6_N002,ALL,1,0,1,185
2022-09-05T02:00:00-00:00,2022-09-05T02:15:00-00:00,2022-09-04,20,KERMAN_6_N002,KERMAN_6_N002,KERMAN_6_N002,RTPD,MGHG,LMP_GHG_PRC,KERMAN_6_N002,ALL,1,0,1,185
2022-09-05T03:00:00-00:00,2022-09-05T03:15:00-00:00,2022-09-04,21,KERMAN_6_N002,KERMAN_6_N002,KERMAN_6_N002,RTPD,MGHG,LMP_GHG_PRC,KERMAN_6_N002,ALL,1,0,1,185
2022-09-05T04:00:00-00:00,2022-09-05T04:15:00-00:00,2022-09-04,22,KERMAN_6_N002,KERMAN_6_N002,KERMAN_6_N002,RTPD,MGHG,LMP_GHG_PRC,KERMAN_6_N002,ALL,1,0,1,185
2022-09-05T05:00:00-00:00,2022-09-05T05:15:00-00:00,2022-09-04,23,KERMAN_6_N002,KERMAN_6_N002,KERMAN_6_N002,RTPD,MGHG,LMP_GHG_PRC,KERMAN_6_N002,ALL,1,0,1,185
2022-09-05T06:00:00-00:00,2022-09-05T06:15:00-00:00,2022-09-04,24,KERMAN_6_N002,KERMAN_6_N002,KERMAN_6_N002,RTPD,MGHG,LMP_GHG_PRC,KERMAN_6_N002,ALL,1,0,1,185
2022-09-04T07:15:00-00:00,2022-09-04T07:30:00-00:00,2022-09-04,01,KERMAN_6_N002,KERMAN_6_N002,KERMAN_6_N002,RTPD,MGHG,LMP_GHG_PRC,KERMAN_6_N002,ALL,1,0,2,185
2022-09-04T08:15:00-00:00,2022-09-04T08:30:00-00:00,2022-09-04,02,KERMAN_6_N002,KERMAN_6_N002,KERMAN_6_N002,RTPD,MGHG,LMP_GHG_PRC,KERMAN_6_N002,ALL,1,0,2,185
2022-09-04T09:15:00-00:00,2022-09-04T09:30:00-00:00,2022-09-04,03,KERMAN_6_N002,KERMAN_6_N002,KERMAN_6_N002,RTPD,MGHG,LMP_GHG_PRC,KERMAN_6_N002,ALL,1,0,2,185
2022-09-04T10:15:00-00:00,2022-09-04T10:30:00-00:00,2022-09-04,04,KERMAN_6_N002,KERMAN_6_N002,KERMAN_6_N002,RTPD,MGHG,LMP_GHG_PRC,KERMAN_6_N002,ALL,1,0,2,185
2022-09-04T11:15:00-00:00,2022-09-04T11:30:00-00:00,2022-09-04,05,KERMAN_6_N002,KERMAN_6_N002,KERMAN_6_N002,RTPD,MGHG,LMP_GHG_PRC,KERMAN_6_N002,ALL,1,0,2,185
2022-09-04T12:15:00-00:00,2022-09-04T12:30:00-00:00,2022-09-04,06,KERMAN_6_N002,KERMAN_6_N002,KERMAN_6_N002,RTPD,MGHG,LMP_GHG_PRC,KERMAN_6_N002,ALL,1,0,2,185
2022-09-04T13:15:00-00:00,2022-09-04T13:30:00-00:00,2022-09-04,07,KERMAN_6_N002,KERMAN_6_N002,KERMAN_6_N002,RTPD,MGHG,LMP_GHG_PRC,KERMAN_6_N002,ALL,1,0,2,185
2022-09-04T14:15:00-00:00,2022-09-04T14:30:00-00:00,2022-09-04,08,KERMAN_6_N002,KERMAN_6_N002,KERMAN_6_N002,RTPD,MGHG,LMP_GHG_PRC,KERMAN_6_N002,ALL,1,0,2,185
2022-09-04T15:15:00-00:00,2022-09-04T15:30:00-00:00,2022-09-04,09,KERMAN_6_N002,KERMAN_6_N002,KERMAN_6_N002,RTPD,MGHG,LMP_GHG_PRC,KERMAN_6_N002,ALL,1,0,2,185
2022-09-04T16:15:00-00:00,2022-09-04T16:30:00-00:00,2022-09-04,10,KERMAN_6_N002,KERMAN_6_N002,KERMAN_6_N002,RTPD,MGHG,LMP_GHG_PRC,KERMAN_6_N002,ALL,1,0,2,185
2022-09-04T17:15:00-00:00,2022-09-04T17:30:00-00:00,2022-09-04,11,KERMAN_6_N002,KERMAN_6_N002,KERMAN_6_N002,RTPD,MGHG,LMP_GHG_PRC,KERMAN_6_N002,ALL,1,0,2,185
2022-09-04T18:15:00-00:00,2022-09-04T18:30:00-00:00,2022-09-04,12,KERMAN_6_N002,KERMAN_6_N002,KERMAN_6_N002,RTPD,MGHG,LMP_GHG_PRC,KERMAN_6_N002,ALL,1,0,2,185
2022-09-04T19:15:00-00:00,2022-09-04T19:30:00-00:00,2022-09-04,13,KERMAN_6_N002,KERMAN_6_N002,KERMAN_6_N002,RTPD,MGHG,LMP_GHG_PRC,KERMAN_6_N002,ALL,1,0,2,185
2022-09-04T20:15:00-00:00,2022-09-04T20:30:00-00:00,2022-09-04,14,KERMAN_6_N002,KERMAN_6_N002,KERMAN_6_N002,RTPD,MGHG,LMP_GHG_PRC,KERMAN_6_N002,ALL,1,0,2,185
2022-09-04T21:15:00-00:00,2022-09-04T21:30:00-00:00,2022-09-04,15,KERMAN_6_N002,KERMAN_6_N002,KERMAN_6_N002,RTPD,MGHG,LMP_GHG_PRC,KERMAN_6_N002,ALL,1,0,2,185
2022-09-04T22:15:00-00:00,2022-09-04T22:30:00-00:00,2022-09-04,16,KERMAN_6_N002,KERMAN_6_N002,KERMAN_6_N002,RTPD,MGHG,LMP_GHG_PRC,KERMAN_6_N002,ALL,1,0,2,185
2022-09-04T23:15:00-00:00,2022-09-04T23:30:00-00:00,2022-09-04,17,KERMAN_6_N002,KERMAN_6_N002,KERMAN_6_N002,RTPD,MGHG,LMP_GHG_PRC,KERMAN_6_N002,ALL,1,0,2,185
2022-09-05T00:15:00-00:00,2022-09-05T00:30:00-00:00,2022-09-04,18,KERMAN_6_N002,KERMAN_6_N002,KERMAN_6_N002,RTPD,MGHG,LMP_GHG_PRC,KERMAN_6_N002,ALL,1,0,2,185
2022-09-05T01:15:00-00:00,2022-09-05T01:30:00-00:00,2022-09-04,19,KERMAN_6_N002,KERMAN_6_N002,KERMAN_6_N002,RTPD,MGHG,LMP_GHG_PRC,KERMAN_6_N002,ALL,1,0,2,185
2022-09-05T02:15:00-00:00,2022-09-05T02:30:00-00:00,2022-09-04,20,KERMAN_6_N002,KERMAN_6_N002,KERMAN_6_N002,RTPD,MGHG,LMP_GHG_PRC,KERMAN_6_N002,ALL,1,0,2,185
2022-09-05T03:15:00-00:00,2022-09-05T03:30:00-00:00,2022-09-04,21,KERMAN_6_N002,KERMAN_6_N002,KERMAN_6_N002,RTPD,MGHG,LMP_GHG_PRC,KERMAN_6_N002,ALL,1,0,2,185
2022-09-05T04:15:00-00:00,2022-09-05T04:30:00-00:00,2022-09-04,22,KERMAN_6_N002,KERMAN_6_N002,KERMAN_6_N002,RTPD,MGHG,LMP_GHG_PRC,KERMAN_6_N002,ALL,1,0,2,185
2022-09-05T05:15:00-00:00,2022-09-05T05:30:00-00:00,2022-09-04,23,KERMAN_6_N002,KERMAN_6_N002,KERMAN_6_N002,RTPD,MGHG,LMP_GHG_PRC,KERMAN_6_N002,ALL,1,0,2,185
2022-09-05T06:15:00-00:00,2022-09-05T06:30:00-00:00,2022-09-04,24,KERMAN_6_N002,KERMAN_6_N002,KERMAN_6_N002,RTPD,MGHG,LMP_GHG_PRC,KERMAN_6_N002,ALL,1,0,2,185
2022-09-04T07:30:00-00:00,2022-09-04T07:45:00-00:00,2022-09-04,01,KERMAN_6_N002,KERMAN_6_N002,KERMAN_6_N002,RTPD,MGHG,LMP_GHG_PRC,KERMAN_6_N002,ALL,1,0,3,185
2022-09-04T08:30:00-00:00,2022-09-04T08:45:00-00:00,2022-09-04,02,KERMAN_6_N002,KERMAN_6_N002,KERMAN_6_N002,RTPD,MGHG,LMP_GHG_PRC,KERMAN_6_N002,ALL,1,0,3,185
2022-09-04T09:30:00-00:00,2022-09-04T09:45:00-00:00,2022-09-04,03,KERMAN_6_N002,KERMAN_6_N002,KERMAN_6_N002,RTPD,MGHG,LMP_GHG_PRC,KERMAN_6_N002,ALL,1,0,3,185
2022-09-04T10:30:00-00:00,2022-09-04T10:45:00-00:00,2022-09-04,04,KERMAN_6_N002,KERMAN_6_N002,KERMAN_6_N002,RTPD,MGHG,LMP_GHG_PRC,KERMAN_6_N002,ALL,1,0,3,185
2022-09-04T11:30:00-00:00,2022-09-04T11:45:00-00:00,2022-09-04,05,KERMAN_6_N002,KERMAN_6_N002,KERMAN_6_N002,RTPD,MGHG,LMP_GHG_PRC,KERMAN_6_N002,ALL,1,0,3,185
2022-09-04T12:30:00-00:00,2022-09-04T12:45:00-00:00,2022-09-04,06,KERMAN_6_N002,KERMAN_6_N002,KERMAN_6_N002,RTPD,MGHG,LMP_GHG_PRC,KERMAN_6_N002,ALL,1,0,3,185
2022-09-04T13:30:00-00:00,2022-09-04T13:45:00-00:00,2022-09-04,07,KERMAN_6_N002,KERMAN_6_N002,KERMAN_6_N002,RTPD,MGHG,LMP_GHG_PRC,KERMAN_6_N002,ALL,1,0,3,185
2022-09-04T14:30:00-00:00,2022-09-04T14:45:00-00:00,2022-09-04,08,KERMAN_6_N002,KERMAN_6_N002,KERMAN_6_N002,RTPD,MGHG,LMP_GHG_PRC,KERMAN_6_N002,ALL,1,0,3,185
2022-09-04T15:30:00-00:00,2022-09-04T15:45:00-00:00,2022-09-04,09,KERMAN_6_N002,KERMAN_6_N002,KERMAN_6_N002,RTPD,MGHG,LMP_GHG_PRC,KERMAN_6_N002,ALL,1,0,3,185
2022-09-04T16:30:00-00:00,2022-09-04T16:45:00-00:00,2022-09-04,10,KERMAN_6_N002,KERMAN_6_N002,KERMAN_6_N002,RTPD,MGHG,LMP_GHG_PRC,KERMAN_6_N002,ALL,1,0,3,185
2022-09-04T17:30:00-00:00,2022-09-04T17:45:00-00:00,2022-09-04,11,KERMAN_6_N002,KERMAN_6_N002,KERMAN_6_N002,RTPD,MGHG,LMP_GHG_PRC,KERMAN_6_N002,ALL,1,0,3,185
2022-09-04T18:30:00-00:00,2022-09-04T18:45:00-00:00,2022-09-04,12,KERMAN_6_N002,KERMAN_6_N002,KERMAN_6_N002,RTPD,MGHG,LMP_GHG_PRC,KERMAN_6_N002,ALL,1,0,3,185
2022-09-04T19:30:00-00:00,2022-09-04T19:45:00-00:00,2022-09-04,13,KERMAN_6_N002,KERMAN_6_N002,KERMAN_6_N002,RTPD,MGHG,LMP_GHG_PRC,KERMAN_6_N002,ALL,1,0,3,185
2022-09-04T20:30:00-00:00,2022-09-04T20:45:00-00:00,2022-09-04,14,KERMAN_6_N002,KERMAN_6_N002,KERMAN_6_N002,RTPD,MGHG,LMP_GHG_PRC,KERMAN_6_N002,ALL,1,0,3,185
2022-09-04T21:30:00-00:00,2022-09-04T21:45:00-00:00,2022-09-04,15,KERMAN_6_N002,KERMAN_6_N002,KERMAN_6_N002,RTPD,MGHG,LMP_GHG_PRC,KERMAN_6_N002,ALL,1,0,3,185
2022-09-04T22:30:00-00:00,2022-09-04T22:45:00-00:00,2022-09-04,16,KERMAN_6_N002,KERMAN_6_N002,KERMAN_6_N002,RTPD,MGHG,LMP_GHG_PRC,KERMAN_6_N002,ALL,1,0,3,185
2022-09-04T23:30:00-00:00,2022-09-04T23:45:00-00:00,2022-09-04,17,KERMAN_6_N002,KERMAN_6_N002,KERMAN_6_N002,RTPD,MGHG,LMP_GHG_PRC,KERMAN_6_N002,ALL,1,0,3,185
2022-09-05T00:30:00-00:00,2022-09-05T00:45:00-00:00,2022-09-04,18,KERMAN_6_N002,KERMAN_6_N002,KERMAN_6_N002,RTPD,MGHG,LMP_GHG_PRC,KERMAN_6_N002,ALL,1,0,3,185
2022-09-05T01:30:00-00:00,2022-09-05T01:45:00-00:00,2022-09-04,19,KERMAN_6_N002,KERMAN_6_N002,KERMAN_6_N002,RTPD,MGHG,LMP_GHG_PRC,KERMAN_6_N002,ALL,1,0,3,185
2022-09-05T02:30:00-00:00,2022-09-05T02:45:00-00:00,2022-09-04,20,KERMAN_6_N002,KERMAN_6_N002,KERMAN_6_N002,RTPD,MGHG,LMP_GHG_PRC,KERMAN_6_N002,ALL,1,0,3,185
2022-09-05T03:30:00-00:00,2022-09-05T03:45:00-00:00,2022-09-04,21,KERMAN_6_N002,KERMAN_6_N002,KERMAN_6_N002,RTPD,MGHG,LMP_GHG_PRC,KERMAN_6_N002,ALL,1,0,3,185
2022-09-05T04:30:00-00:00,2022-09-05T04:45:00-00:00,2022-09-04,22,KERMAN_6_N002,KERMAN_6_N002,KERMAN_6_N002,RTPD,MGHG,LMP_GHG_PRC,KERMAN_6_N002,ALL,1,0,3,185
2022-09-05T05:30:00-00:00,2022-09-05T05:45:00-00:00,2022-09-04,23,KERMAN_6_N002,KERMAN_6_N002,KERMAN_6_N002,RTPD,MGHG,LMP_GHG_PRC,KERMAN_6_N002,ALL,1,0,3,185
2022-09-05T06:30:00-00:00,2022-09-05T06:45:00-00:00,2022-09-04,24,KERMAN_6_N002,KERMAN_6_N002,KERMAN_6_N002,RTPD,MGHG,LMP_GHG_PRC,KERMAN_6_N002,ALL,1,0,3,185
2022-09-04T07:45:00-00:00,2022-09-04T08:00:00-00:00,2022-09-04,01,KERMAN_6_N002,KERMAN_6_N002,KERMAN_6_N002,RTPD,MGHG,LMP_GHG_PRC,KERMAN_6_N002,ALL,1,0,4,185
2022-09-04T08:45:00-00:00,2022-09-04T09:00:00-00:00,2022-09-04,02,KERMAN_6_N002,KERMAN_6_N002,KERMAN_6_N002,RTPD,MGHG,LMP_GHG_PRC,KERMAN_6_N002,ALL,1,0,4,185
2022-09-04T09:45:00-00:00,2022-09-04T10:00:00-00:00,2022-09-04,03,KERMAN_6_N002,KERMAN_6_N002,KERMAN_6_N002,RTPD,MGHG,LMP_GHG_PRC,KERMAN_6_N002,ALL,1,0,4,185
2022-09-04T10:45:00-00:00,2022-09-04T11:00:00-00:00,2022-09-04,04,KERMAN_6_N002,KERMAN_6_N002,KERMAN_6_N002,RTPD,MGHG,LMP_GHG_PRC,KERMAN_6_N002,ALL,1,0,4,185
2022-09-04T11:45:00-00:00,2022-09-04T12:00:00-00:00,2022-09-04,05,KERMAN_6_N002,KERMAN_6_N002,KERMAN_6_N002,RTPD,MGHG,LMP_GHG_PRC,KERMAN_6_N002,ALL,1,0,4,185
2022-09-04T12:45:00-00:00,2022-09-04T13:00:00-00:00,2022-09-04,06,KERMAN_6_N002,KERMAN_6_N002,KERMAN_6_N002,RTPD,MGHG,LMP_GHG_PRC,KERMAN_6_N002,ALL,1,0,4,185
2022-09-04T13:45:00-00:00,2022-09-04T14:00:00-00:00,2022-09-04,07,KERMAN_6_N002,KERMAN_6_N002,KERMAN_6_N002,RTPD,MGHG,LMP_GHG_PRC,KERMAN_6_N002,ALL,1,0,4,185
2022-09-04T14:45:00-00:00,2022-09-04T15:00:00-00:00,2022-09-04,08,KERMAN_6_N002,KERMAN_6_N002,KERMAN_6_N002,RTPD,MGHG,LMP_GHG_PRC,KERMAN_6_N002,ALL,1,0,4,185
2022-09-04T15:45:00-00:00,2022-09-04T16:00:00-00:00,2022-09-04,09,KERMAN_6_N002,KERMAN_6_N002,KERMAN_6_N002,RTPD,MGHG,LMP_GHG_PRC,KERMAN_6_N002,ALL,1,0,4,185
2022-09-04T16:45:00-00:00,2022-09-04T17:00:00-00:00,2022-09-04,10,KERMAN_6_N002,KERMAN_6_N002,KERMAN_6_N002,RTPD,MGHG,LMP_GHG_PRC,KERMAN_6_N002,ALL,1,0,4,185
2022-09-04T17:45:00-00:00,2022-09-04T18:00:00-00:00,2022-09-04,11,KERMAN_6_N002,KERMAN_6_N002,KERMAN_6_N002,RTPD,MGHG,LMP_GHG_PRC,KERMAN_6_N002,ALL,1,0,4,185
2022-09-04T18:45:00-00:00,2022-09-04T19:00:00-00:00,2022-09-04,12,KERMAN_6_N002,KERMAN_6_N002,KERMAN_6_N002,RTPD,MGHG,LMP_GHG_PRC,KERMAN_6_N002,ALL,1,0,4,185
2022-09-04T19:45:00-00:00,2022-09-04T20:00:00-00:00,2022-09-04,13,KERMAN_6_N002,KERMAN_6_N002,KERMAN_6_N002,RTPD,MGHG,LMP_GHG_PRC,KERMAN_6_N002,ALL,1,0,4,185
2022-09-04T20:45:00-00:00,2022-09-04T21:00:00-00:00,2022-09-04,14,KERMAN_6_N002,KERMAN_6_N002,KERMAN_6_N002,RTPD,MGHG,LMP_GHG_PRC,KERMAN_6_N002,ALL,1,0,4,185
2022-09-04T21:45:00-00:00,2022-09-04T22:00:00-00:00,2022-09-04,15,KERMAN_6_N002,KERMAN_6_N002,KERMAN_6_N002,RTPD,MGHG,LMP_GHG_PRC,KERMAN_6_N002,ALL,1,0,4,185
2022-09-04T22:45:00-00:00,2022-09-04T23:00:00-00:00,2022-09-04,16,KERMAN_6_N002,KERMAN_6_N002,KERMAN_6_N002,RTPD,MGHG,LMP_GHG_PRC,KERMAN_6_N002,ALL,1,0,4,185
2022-09-04T23:45:00-00:00,2022-09-05T00:00:00-00:00,2022-09-04,17,KERMAN_6_N002,KERMAN_6_N002,KERMAN_6_N002,RTPD,MGHG,LMP_GHG_PRC,KERMAN_6_N002,ALL,1,0,4,185
2022-09-05T00:45:00-00:00,2022-09-05T01:00:00-00:00,2022-09-04,18,KERMAN_6_N002,KERMAN_6_N002,KERMAN_6_N002,RTPD,MGHG,LMP_GHG_PRC,KERMAN_6_N002,ALL,1,0,4,185
2022-09-05T01:45:00-00:00,2022-09-05T02:00:00-00:00,2022-09-04,19,KERMAN_6_N002,KERMAN_6_N002,KERMAN_6_N002,RTPD,MGHG,LMP_GHG_PRC,KERMAN_6_N002,ALL,1,0,4,185
2022-09-05T02:45:00-00:00,2022-09-05T03:00:00-00:00,2022-09-04,20,KERMAN_6_N002,KERMAN_6_N002,KERMAN_6_N002,RTPD,MGHG,LMP_GHG_PRC,KERMAN_6_N002,ALL,1,0,4,185
2022-09-05T03:45:00-00:00,2022-09-05T04:00:00-00:00,2022-09-04,21,KERMAN_6_N002,KERMAN_6_N002,KERMAN_6_N002,RTPD,MGHG,LMP_GHG_PRC,KERMAN_6_N002,ALL,1,0,4,185
2022-09-05T04:45:00-00:00,2022-09-05T05:00:00-00:00,2022-09-04,22,KERMAN_6_N002,KERMAN_6_N002,KERMAN_6_N002,RTPD,MGHG,LMP_GHG_PRC,KERMAN_6_N002,ALL,1,0,4,185
2022-09-05T05:45:00-00:00,2022-09-05T06:00:00-00:00,2022-09-04,23,KERMAN_6_N002,KERMAN_6_N002,KERMAN_6_N002,RTPD,MGHG,LMP_GHG_PRC,KERMAN_6_N002,ALL,1,0,4,185
2022-09-05T06:45:00-00:00,2022-09-05T07:00:00-00:00,2022-09-04,24,KERMAN_6_N002,KERMAN_6_N002,KERMAN_6_N002,RTPD,MGHG,LMP_GHG_PRC,KERMAN_6_N002,ALL,1,0,4,185
2022-09-04T07:00:00-00:00,2022-09-04T07:15:00-00:00,2022-09-04,01,KERNFRNT_7_B1,KERNFRNT_7_B1,KERNFRNT_7_B1,RTPD,LMP,LMP_PRC,KERNFRNT_7_B1,ALL,1,86.93988,1,186
2022-09-04T08:00:00-00:00,2022-09-04T08:15:00-00:00,2022-09-04,02,KERNFRNT_7_B1,KERNFRNT_7_B1,KERNFRNT_7_B1,RTPD,LMP,LMP_PRC,KERNFRNT_7_B1,ALL,1,83.22502,1,186
2022-09-04T09:00:00-00:00,2022-09-04T09:15:00-00:00,2022-09-04,03,KERNFRNT_7_B1,KERNFRNT_7_B1,KERNFRNT_7_B1,RTPD,LMP,LMP_PRC,KERNFRNT_7_B1,ALL,1,86.05278,1,186
2022-09-04T10:00:00-00:00,2022-09-04T10:15:00-00:00,2022-09-04,04,KERNFRNT_7_B1,KERNFRNT_7_B1,KERNFRNT_7_B1,RTPD,LMP,LMP_PRC,KERNFRNT_7_B1,ALL,1,89.47435,1,186
2022-09-04T11:00:00-00:00,2022-09-04T11:15:00-00:00,2022-09-04,05,KERNFRNT_7_B1,KERNFRNT_7_B1,KERNFRNT_7_B1,RTPD,LMP,LMP_PRC,KERNFRNT_7_B1,ALL,1,81.30408,1,186
2022-09-04T12:00:00-00:00,2022-09-04T12:15:00-00:00,2022-09-04,06,KERNFRNT_7_B1,KERNFRNT_7_B1,KERNFRNT_7_B1,RTPD,LMP,LMP_PRC,KERNFRNT_7_B1,ALL,1,86.02141,1,186
2022-09-04T13:00:00-00:00,2022-09-04T13:15:00-00:00,2022-09-04,07,KERNFRNT_7_B1,KERNFRNT_7_B1,KERNFRNT_7_B1,RTPD,LMP,LMP_PRC,KERNFRNT_7_B1,ALL,1,58.71789,1,186
2022-09-04T14:00:00-00:00,2022-09-04T14:15:00-00:00,2022-09-04,08,KERNFRNT_7_B1,KERNFRNT_7_B1,KERNFRNT_7_B1,RTPD,LMP,LMP_PRC,KERNFRNT_7_B1,ALL,1,76.57852,1,186
2022-09-04T15:00:00-00:00,2022-09-04T15:15:00-00:00,2022-09-04,09,KERNFRNT_7_B1,KERNFRNT_7_B1,KERNFRNT_7_B1,RTPD,LMP,LMP_PRC,KERNFRNT_7_B1,ALL,1,74.78493,1,186
2022-09-04T16:00:00-00:00,2022-09-04T16:15:00-00:00,2022-09-04,10,KERNFRNT_7_B1,KERNFRNT_7_B1,KERNFRNT_7_B1,RTPD,LMP,LMP_PRC,KERNFRNT_7_B1,ALL,1,38.41987,1,186
2022-09-04T17:00:00-00:00,2022-09-04T17:15:00-00:00,2022-09-04,11,KERNFRNT_7_B1,KERNFRNT_7_B1,KERNFRNT_7_B1,RTPD,LMP,LMP_PRC,KERNFRNT_7_B1,ALL,1,43.40909,1,186
2022-09-04T18:00:00-00:00,2022-09-04T18:15:00-00:00,2022-09-04,12,KERNFRNT_7_B1,KERNFRNT_7_B1,KERNFRNT_7_B1,RTPD,LMP,LMP_PRC,KERNFRNT_7_B1,ALL,1,48.45456,1,186
2022-09-04T19:00:00-00:00,2022-09-04T19:15:00-00:00,2022-09-04,13,KERNFRNT_7_B1,KERNFRNT_7_B1,KERNFRNT_7_B1,RTPD,LMP,LMP_PRC,KERNFRNT_7_B1,ALL,1,27.55586,1,186
2022-09-04T20:00:00-00:00,2022-09-04T20:15:00-00:00,2022-09-04,14,KERNFRNT_7_B1,KERNFRNT_7_B1,KERNFRNT_7_B1,RTPD,LMP,LMP_PRC,KERNFRNT_7_B1,ALL,1,70.86153,1,186
2022-09-04T21:00:00-00:00,2022-09-04T21:15:00-00:00,2022-09-04,15,KERNFRNT_7_B1,KERNFRNT_7_B1,KERNFRNT_7_B1,RTPD,LMP,LMP_PRC,KERNFRNT_7_B1,ALL,1,72.28163,1,186
2022-09-04T22:00:00-00:00,2022-09-04T22:15:00-00:00,2022-09-04,16,KERNFRNT_7_B1,KERNFRNT_7_B1,KERNFRNT_7_B1,RTPD,LMP,LMP_PRC,KERNFRNT_7_B1,ALL,1,77.40411,1,186
2022-09-04T23:00:00-00:00,2022-09-04T23:15:00-00:00,2022-09-04,17,KERNFRNT_7_B1,KERNFRNT_7_B1,KERNFRNT_7_B1,RTPD,LMP,LMP_PRC,KERNFRNT_7_B1,ALL,1,82.16905,1,186
2022-09-05T00:00:00-00:00,2022-09-05T00:15:00-00:00,2022-09-04,18,KERNFRNT_7_B1,KERNFRNT_7_B1,KERNFRNT_7_B1,RTPD,LMP,LMP_PRC,KERNFRNT_7_B1,ALL,1,104.04431,1,186
2022-09-05T01:00:00-00:00,2022-09-05T01:15:00-00:00,2022-09-04,19,KERNFRNT_7_B1,KERNFRNT_7_B1,KERNFRNT_7_B1,RTPD,LMP,LMP_PRC,KERNFRNT_7_B1,ALL,1,113.844,1,186
2022-09-05T02:00:00-00:00,2022-09-05T02:15:00-00:00,2022-09-04,20,KERNFRNT_7_B1,KERNFRNT_7_B1,KERNFRNT_7_B1,RTPD,LMP,LMP_PRC,KERNFRNT_7_B1,ALL,1,155.33438,1,186
2022-09-05T03:00:00-00:00,2022-09-05T03:15:00-00:00,2022-09-04,21,KERNFRNT_7_B1,KERNFRNT_7_B1,KERNFRNT_7_B1,RTPD,LMP,LMP_PRC,KERNFRNT_7_B1,ALL,1,106.51382,1,186
2022-09-05T04:00:00-00:00,2022-09-05T04:15:00-00:00,2022-09-04,22,KERNFRNT_7_B1,KERNFRNT_7_B1,KERNFRNT_7_B1,RTPD,LMP,LMP_PRC,KERNFRNT_7_B1,ALL,1,149.41304,1,186
2022-09-05T05:00:00-00:00,2022-09-05T05:15:00-00:00,2022-09-04,23,KERNFRNT_7_B1,KERNFRNT_7_B1,KERNFRNT_7_B1,RTPD,LMP,LMP_PRC,KERNFRNT_7_B1,ALL,1,177.99908,1,186
2022-09-05T06:00:00-00:00,2022-09-05T06:15:00-00:00,2022-09-04,24,KERNFRNT_7_B1,KERNFRNT_7_B1,KERNFRNT_7_B1,RTPD,LMP,LMP_PRC,KERNFRNT_7_B1,ALL,1,162.86842,1,186
2022-09-04T07:15:00-00:00,2022-09-04T07:30:00-00:00,2022-09-04,01,KERNFRNT_7_B1,KERNFRNT_7_B1,KERNFRNT_7_B1,RTPD,LMP,LMP_PRC,KERNFRNT_7_B1,ALL,1,88.62053,2,186
2022-09-04T08:15:00-00:00,2022-09-04T08:30:00-00:00,2022-09-04,02,KERNFRNT_7_B1,KERNFRNT_7_B1,KERNFRNT_7_B1,RTPD,LMP,LMP_PRC,KERNFRNT_7_B1,ALL,1,88.99703,2,186
2022-09-04T09:15:00-00:00,2022-09-04T09:30:00-00:00,2022-09-04,03,KERNFRNT_7_B1,KERNFRNT_7_B1,KERNFRNT_7_B1,RTPD,LMP,LMP_PRC,KERNFRNT_7_B1,ALL,1,75.67627,2,186
2022-09-04T10:15:00-00:00,2022-09-04T10:30:00-00:00,2022-09-04,04,KERNFRNT_7_B1,KERNFRNT_7_B1,KERNFRNT_7_B1,RTPD,LMP,LMP_PRC,KERNFRNT_7_B1,ALL,1,88.37478,2,186
2022-09-04T11:15:00-00:00,2022-09-04T11:30:00-00:00,2022-09-04,05,KERNFRNT_7_B1,KERNFRNT_7_B1,KERNFRNT_7_B1,RTPD,LMP,LMP_PRC,KERNFRNT_7_B1,ALL,1,92.1445,2,186
2022-09-04T12:15:00-00:00,2022-09-04T12:30:00-00:00,2022-09-04,06,KERNFRNT_7_B1,KERNFRNT_7_B1,KERNFRNT_7_B1,RTPD,LMP,LMP_PRC,KERNFRNT_7_B1,ALL,1,86.11997,2,186
2022-09-04T13:15:00-00:00,2022-09-04T13:30:00-00:00,2022-09-04,07,KERNFRNT_7_B1,KERNFRNT_7_B1,KERNFRNT_7_B1,RTPD,LMP,LMP_PRC,KERNFRNT_7_B1,ALL,1,43.2099,2,186
2022-09-04T14:15:00-00:00,2022-09-04T14:30:00-00:00,2022-09-04,08,KERNFRNT_7_B1,KERNFRNT_7_B1,KERNFRNT_7_B1,RTPD,LMP,LMP_PRC,KERNFRNT_7_B1,ALL,1,70.05719,2,186
2022-09-04T15:15:00-00:00,2022-09-04T15:30:00-00:00,2022-09-04,09,KERNFRNT_7_B1,KERNFRNT_7_B1,KERNFRNT_7_B1,RTPD,LMP,LMP_PRC,KERNFRNT_7_B1,ALL,1,63.83523,2,186
2022-09-04T16:15:00-00:00,2022-09-04T16:30:00-00:00,2022-09-04,10,KERNFRNT_7_B1,KERNFRNT_7_B1,KERNFRNT_7_B1,RTPD,LMP,LMP_PRC,KERNFRNT_7_B1,ALL,1,39.13627,2,186
2022-09-04T17:15:00-00:00,2022-09-04T17:30:00-00:00,2022-09-04,11,KERNFRNT_7_B1,KERNFRNT_7_B1,KERNFRNT_7_B1,RTPD,LMP,LMP_PRC,KERNFRNT_7_B1,ALL,1,50.70556,2,186
2022-09-04T18:15:00-00:00,2022-09-04T18:30:00-00:00,2022-09-04,12,KERNFRNT_7_B1,KERNFRNT_7_B1,KERNFRNT_7_B1,RTPD,LMP,LMP_PRC,KERNFRNT_7_B1,ALL,1,0.87223,2,186
2022-09-04T19:15:00-00:00,2022-09-04T19:30:00-00:00,2022-09-04,13,KERNFRNT_7_B1,KERNFRNT_7_B1,KERNFRNT_7_B1,RTPD,LMP,LMP_PRC,KERNFRNT_7_B1,ALL,1,52.26239,2,186
2022-09-04T20:15:00-00:00,2022-09-04T20:30:00-00:00,2022-09-04,14,KERNFRNT_7_B1,KERNFRNT_7_B1,KERNFRNT_7_B1,RTPD,LMP,LMP_PRC,KERNFRNT_7_B1,ALL,1,70.53238,2,186
2022-09-04T21:15:00-00:00,2022-09-04T21:30:00-00:00,2022-09-04,15,KERNFRNT_7_B1,KERNFRNT_7_B1,KERNFRNT_7_B1,RTPD,LMP,LMP_PRC,KERNFRNT_7_B1,ALL,1,77.5418,2,186
2022-09-04T22:15:00-00:00,2022-09-04T22:30:00-00:00,2022-09-04,16,KERNFRNT_7_B1,KERNFRNT_7_B1,KERNFRNT_7_B1,RTPD,LMP,LMP_PRC,KERNFRNT_7_B1,ALL,1,84.47705,2,186
2022-09-04T23:15:00-00:00,2022-09-04T23:30:00-00:00,2022-09-04,17,KERNFRNT_7_B1,KERNFRNT_7_B1,KERNFRNT_7_B1,RTPD,LMP,LMP_PRC,KERNFRNT_7_B1,ALL,1,95.41022,2,186
2022-09-05T00:15:00-00:00,2022-09-05T00:30:00-00:00,2022-09-04,18,KERNFRNT_7_B1,KERNFRNT_7_B1,KERNFRNT_7_B1,RTPD,LMP,LMP_PRC,KERNFRNT_7_B1,ALL,1,98.77567,2,186
2022-09-05T01:15:00-00:00,2022-09-05T01:30:00-00:00,2022-09-04,19,KERNFRNT_7_B1,KERNFRNT_7_B1,KERNFRNT_7_B1,RTPD,LMP,LMP_PRC,KERNFRNT_7_B1,ALL,1,271.31805,2,186
2022-09-05T02:15:00-00:00,2022-09-05T02:30:00-00:00,2022-09-04,20,KERNFRNT_7_B1,KERNFRNT_7_B1,KERNFRNT_7_B1,RTPD,LMP,LMP_PRC,KERNFRNT_7_B1,ALL,1,162.70297,2,186
2022-09-05T03:15:00-00:00,2022-09-05T03:30:00-00:00,2022-09-04,21,KERNFRNT_7_B1,KERNFRNT_7_B1,KERNFRNT_7_B1,RTPD,LMP,LMP_PRC,KERNFRNT_7_B1,ALL,1,97.73028,2,186
2022-09-05T04:15:00-00:00,2022-09-05T04:30:00-00:00,2022-09-04,22,KERNFRNT_7_B1,KERNFRNT_7_B1,KERNFRNT_7_B1,RTPD,LMP,LMP_PRC,KERNFRNT_7_B1,ALL,1,142.99686,2,186
2022-09-05T05:15:00-00:00,2022-09-05T05:30:00-00:00,2022-09-04,23,KERNFRNT_7_B1,KERNFRNT_7_B1,KERNFRNT_7_B1,RTPD,LMP,LMP_PRC,KERNFRNT_7_B1,ALL,1,181.76106,2,186
2022-09-05T06:15:00-00:00,2022-09-05T06:30:00-00:00,2022-09-04,24,KERNFRNT_7_B1,KERNFRNT_7_B1,KERNFRNT_7_B1,RTPD,LMP,LMP_PRC,KERNFRNT_7_B1,ALL,1,148.8382,2,186
2022-09-04T07:30:00-00:00,2022-09-04T07:45:00-00:00,2022-09-04,01,KERNFRNT_7_B1,KERNFRNT_7_B1,KERNFRNT_7_B1,RTPD,LMP,LMP_PRC,KERNFRNT_7_B1,ALL,1,85.80593,3,186
2022-09-04T08:30:00-00:00,2022-09-04T08:45:00-00:00,2022-09-04,02,KERNFRNT_7_B1,KERNFRNT_7_B1,KERNFRNT_7_B1,RTPD,LMP,LMP_PRC,KERNFRNT_7_B1,ALL,1,84.6527,3,186
2022-09-04T09:30:00-00:00,2022-09-04T09:45:00-00:00,2022-09-04,03,KERNFRNT_7_B1,KERNFRNT_7_B1,KERNFRNT_7_B1,RTPD,LMP,LMP_PRC,KERNFRNT_7_B1,ALL,1,71.03443,3,186
2022-09-04T10:30:00-00:00,2022-09-04T10:45:00-00:00,2022-09-04,04,KERNFRNT_7_B1,KERNFRNT_7_B1,KERNFRNT_7_B1,RTPD,LMP,LMP_PRC,KERNFRNT_7_B1,ALL,1,91.42298,3,186
2022-09-04T11:30:00-00:00,2022-09-04T11:45:00-00:00,2022-09-04,05,KERNFRNT_7_B1,KERNFRNT_7_B1,KERNFRNT_7_B1,RTPD,LMP,LMP_PRC,KERNFRNT_7_B1,ALL,1,92.50356,3,186
2022-09-04T12:30:00-00:00,2022-09-04T12:45:00-00:00,2022-09-04,06,KERNFRNT_7_B1,KERNFRNT_7_B1,KERNFRNT_7_B1,RTPD,LMP,LMP_PRC,KERNFRNT_7_B1,ALL,1,77.09014,3,186
2022-09-04T13:30:00-00:00,2022-09-04T13:45:00-00:00,2022-09-04,07,KERNFRNT_7_B1,KERNFRNT_7_B1,KERNFRNT_7_B1,RTPD,LMP,LMP_PRC,KERNFRNT_7_B1,ALL,1,35.84948,3,186
2022-09-04T14:30:00-00:00,2022-09-04T14:45:00-00:00,2022-09-04,08,KERNFRNT_7_B1,KERNFRNT_7_B1,KERNFRNT_7_B1,RTPD,LMP,LMP_PRC,KERNFRNT_7_B1,ALL,1,76.33323,3,186
2022-09-04T15:30:00-00:00,2022-09-04T15:45:00-00:00,2022-09-04,09,KERNFRNT_7_B1,KERNFRNT_7_B1,KERNFRNT_7_B1,RTPD,LMP,LMP_PRC,KERNFRNT_7_B1,ALL,1,54.06307,3,186
2022-09-04T16:30:00-00:00,2022-09-04T16:45:00-00:00,2022-09-04,10,KERNFRNT_7_B1,KERNFRNT_7_B1,KERNFRNT_7_B1,RTPD,LMP,LMP_PRC,KERNFRNT_7_B1,ALL,1,41.44858,3,186
2022-09-04T17:30:00-00:00,2022-09-04T17:45:00-00:00,2022-09-04,11,KERNFRNT_7_B1,KERNFRNT_7_B1,KERNFRNT_7_B1,RTPD,LMP,LMP_PRC,KERNFRNT_7_B1,ALL,1,51.16687,3,186
2022-09-04T18:30:00-00:00,2022-09-04T18:45:00-00:00,2022-09-04,12,KERNFRNT_7_B1,KERNFRNT_7_B1,KERNFRNT_7_B1,RTPD,LMP,LMP_PRC,KERNFRNT_7_B1,ALL,1,53.2409,3,186
2022-09-04T19:30:00-00:00,2022-09-04T19:45:00-00:00,2022-09-04,13,KERNFRNT_7_B1,KERNFRNT_7_B1,KERNFRNT_7_B1,RTPD,LMP,LMP_PRC,KERNFRNT_7_B1,ALL,1,65.08391,3,186
2022-09-04T20:30:00-00:00,2022-09-04T20:45:00-00:00,2022-09-04,14,KERNFRNT_7_B1,KERNFRNT_7_B1,KERNFRNT_7_B1,RTPD,LMP,LMP_PRC,KERNFRNT_7_B1,ALL,1,67.68474,3,186
2022-09-04T21:30:00-00:00,2022-09-04T21:45:00-00:00,2022-09-04,15,KERNFRNT_7_B1,KERNFRNT_7_B1,KERNFRNT_7_B1,RTPD,LMP,LMP_PRC,KERNFRNT_7_B1,ALL,1,82.13548,3,186
2022-09-04T22:30:00-00:00,2022-09-04T22:45:00-00:00,2022-09-04,16,KERNFRNT_7_B1,KERNFRNT_7_B1,KERNFRNT_7_B1,RTPD,LMP,LMP_PRC,KERNFRNT_7_B1,ALL,1,94.33515,3,186
2022-09-04T23:30:00-00:00,2022-09-04T23:45:00-00:00,2022-09-04,17,KERNFRNT_7_B1,KERNFRNT_7_B1,KERNFRNT_7_B1,RTPD,LMP,LMP_PRC,KERNFRNT_7_B1,ALL,1,97.2829,3,186
2022-09-05T00:30:00-00:00,2022-09-05T00:45:00-00:00,2022-09-04,18,KERNFRNT_7_B1,KERNFRNT_7_B1,KERNFRNT_7_B1,RTPD,LMP,LMP_PRC,KERNFRNT_7_B1,ALL,1,109.33245,3,186
2022-09-05T01:30:00-00:00,2022-09-05T01:45:00-00:00,2022-09-04,19,KERNFRNT_7_B1,KERNFRNT_7_B1,KERNFRNT_7_B1,RTPD,LMP,LMP_PRC,KERNFRNT_7_B1,ALL,1,1263.5167,3,186
2022-09-05T02:30:00-00:00,2022-09-05T02:45:00-00:00,2022-09-04,20,KERNFRNT_7_B1,KERNFRNT_7_B1,KERNFRNT_7_B1,RTPD,LMP,LMP_PRC,KERNFRNT_7_B1,ALL,1,140.07683,3,186
2022-09-05T03:30:00-00:00,2022-09-05T03:45:00-00:00,2022-09-04,21,KERNFRNT_7_B1,KERNFRNT_7_B1,KERNFRNT_7_B1,RTPD,LMP,LMP_PRC,KERNFRNT_7_B1,ALL,1,98.44239,3,186
2022-09-05T04:30:00-00:00,2022-09-05T04:45:00-00:00,2022-09-04,22,KERNFRNT_7_B1,KERNFRNT_7_B1,KERNFRNT_7_B1,RTPD,LMP,LMP_PRC,KERNFRNT_7_B1,ALL,1,143.03801,3,186
2022-09-05T05:30:00-00:00,2022-09-05T05:45:00-00:00,2022-09-04,23,KERNFRNT_7_B1,KERNFRNT_7_B1,KERNFRNT_7_B1,RTPD,LMP,LMP_PRC,KERNFRNT_7_B1,ALL,1,158.82689,3,186
2022-09-05T06:30:00-00:00,2022-09-05T06:45:00-00:00,2022-09-04,24,KERNFRNT_7_B1,KERNFRNT_7_B1,KERNFRNT_7_B1,RTPD,LMP,LMP_PRC,KERNFRNT_7_B1,ALL,1,110.55147,3,186
2022-09-04T07:45:00-00:00,2022-09-04T08:00:00-00:00,2022-09-04,01,KERNFRNT_7_B1,KERNFRNT_7_B1,KERNFRNT_7_B1,RTPD,LMP,LMP_PRC,KERNFRNT_7_B1,ALL,1,96.76764,4,186
2022-09-04T08:45:00-00:00,2022-09-04T09:00:00-00:00,2022-09-04,02,KERNFRNT_7_B1,KERNFRNT_7_B1,KERNFRNT_7_B1,RTPD,LMP,LMP_PRC,KERNFRNT_7_B1,ALL,1,84.3119,4,186
2022-09-04T09:45:00-00:00,2022-09-04T10:00:00-00:00,2022-09-04,03,KERNFRNT_7_B1,KERNFRNT_7_B1,KERNFRNT_7_B1,RTPD,LMP,LMP_PRC,KERNFRNT_7_B1,ALL,1,72.43012,4,186
2022-09-04T10:45:00-00:00,2022-09-04T11:00:00-00:00,2022-09-04,04,KERNFRNT_7_B1,KERNFRNT_7_B1,KERNFRNT_7_B1,RTPD,LMP,LMP_PRC,KERNFRNT_7_B1,ALL,1,81.90479,4,186
2022-09-04T11:45:00-00:00,2022-09-04T12:00:00-00:00,2022-09-04,05,KERNFRNT_7_B1,KERNFRNT_7_B1,KERNFRNT_7_B1,RTPD,LMP,LMP_PRC,KERNFRNT_7_B1,ALL,1,82.29518,4,186
2022-09-04T12:45:00-00:00,2022-09-04T13:00:00-00:00,2022-09-04,06,KERNFRNT_7_B1,KERNFRNT_7_B1,KERNFRNT_7_B1,RTPD,LMP,LMP_PRC,KERNFRNT_7_B1,ALL,1,73.74949,4,186
2022-09-04T13:45:00-00:00,2022-09-04T14:00:00-00:00,2022-09-04,07,KERNFRNT_7_B1,KERNFRNT_7_B1,KERNFRNT_7_B1,RTPD,LMP,LMP_PRC,KERNFRNT_7_B1,ALL,1,28.73548,4,186
2022-09-04T14:45:00-00:00,2022-09-04T15:00:00-00:00,2022-09-04,08,KERNFRNT_7_B1,KERNFRNT_7_B1,KERNFRNT_7_B1,RTPD,LMP,LMP_PRC,KERNFRNT_7_B1,ALL,1,50.42878,4,186
2022-09-04T15:45:00-00:00,2022-09-04T16:00:00-00:00,2022-09-04,09,KERNFRNT_7_B1,KERNFRNT_7_B1,KERNFRNT_7_B1,RTPD,LMP,LMP_PRC,KERNFRNT_7_B1,ALL,1,32.09174,4,186
2022-09-04T16:45:00-00:00,2022-09-04T17:00:00-00:00,2022-09-04,10,KERNFRNT_7_B1,KERNFRNT_7_B1,KERNFRNT_7_B1,RTPD,LMP,LMP_PRC,KERNFRNT_7_B1,ALL,1,41.45071,4,186
2022-09-04T17:45:00-00:00,2022-09-04T18:00:00-00:00,2022-09-04,11,KERNFRNT_7_B1,KERNFRNT_7_B1,KERNFRNT_7_B1,RTPD,LMP,LMP_PRC,KERNFRNT_7_B1,ALL,1,58.64555,4,186
2022-09-04T18:45:00-00:00,2022-09-04T19:00:00-00:00,2022-09-04,12,KERNFRNT_7_B1,KERNFRNT_7_B1,KERNFRNT_7_B1,RTPD,LMP,LMP_PRC,KERNFRNT_7_B1,ALL,1,63.76533,4,186
2022-09-04T19:45:00-00:00,2022-09-04T20:00:00-00:00,2022-09-04,13,KERNFRNT_7_B1,KERNFRNT_7_B1,KERNFRNT_7_B1,RTPD,LMP,LMP_PRC,KERNFRNT_7_B1,ALL,1,44.62152,4,186
2022-09-04T20:45:00-00:00,2022-09-04T21:00:00-00:00,2022-09-04,14,KERNFRNT_7_B1,KERNFRNT_7_B1,KERNFRNT_7_B1,RTPD,LMP,LMP_PRC,KERNFRNT_7_B1,ALL,1,78.0948,4,186
2022-09-04T21:45:00-00:00,2022-09-04T22:00:00-00:00,2022-09-04,15,KERNFRNT_7_B1,KERNFRNT_7_B1,KERNFRNT_7_B1,RTPD,LMP,LMP_PRC,KERNFRNT_7_B1,ALL,1,77.85949,4,186
2022-09-04T22:45:00-00:00,2022-09-04T23:00:00-00:00,2022-09-04,16,KERNFRNT_7_B1,KERNFRNT_7_B1,KERNFRNT_7_B1,RTPD,LMP,LMP_PRC,KERNFRNT_7_B1,ALL,1,114.80618,4,186
2022-09-04T23:45:00-00:00,2022-09-05T00:00:00-00:00,2022-09-04,17,KERNFRNT_7_B1,KERNFRNT_7_B1,KERNFRNT_7_B1,RTPD,LMP,LMP_PRC,KERNFRNT_7_B1,ALL,1,123.23369,4,186
2022-09-05T00:45:00-00:00,2022-09-05T01:00:00-00:00,2022-09-04,18,KERNFRNT_7_B1,KERNFRNT_7_B1,KERNFRNT_7_B1,RTPD,LMP,LMP_PRC,KERNFRNT_7_B1,ALL,1,116.16833,4,186
2022-09-05T01:45:00-00:00,2022-09-05T02:00:00-00:00,2022-09-04,19,KERNFRNT_7_B1,KERNFRNT_7_B1,KERNFRNT_7_B1,RTPD,LMP,LMP_PRC,KERNFRNT_7_B1,ALL,1,1109.7412,4,186
2022-09-05T02:45:00-00:00,2022-09-05T03:00:00-00:00,2022-09-04,20,KERNFRNT_7_B1,KERNFRNT_7_B1,KERNFRNT_7_B1,RTPD,LMP,LMP_PRC,KERNFRNT_7_B1,ALL,1,123.26609,4,186
2022-09-05T03:45:00-00:00,2022-09-05T04:00:00-00:00,2022-09-04,21,KERNFRNT_7_B1,KERNFRNT_7_B1,KERNFRNT_7_B1,RTPD,LMP,LMP_PRC,KERNFRNT_7_B1,ALL,1,121.55838,4,186
2022-09-05T04:45:00-00:00,2022-09-05T05:00:00-00:00,2022-09-04,22,KERNFRNT_7_B1,KERNFRNT_7_B1,KERNFRNT_7_B1,RTPD,LMP,LMP_PRC,KERNFRNT_7_B1,ALL,1,147.35332,4,186
2022-09-05T05:45:00-00:00,2022-09-05T06:00:00-00:00,2022-09-04,23,KERNFRNT_7_B1,KERNFRNT_7_B1,KERNFRNT_7_B1,RTPD,LMP,LMP_PRC,KERNFRNT_7_B1,ALL,1,121.0419,4,186
2022-09-05T06:45:00-00:00,2022-09-05T07:00:00-00:00,2022-09-04,24,KERNFRNT_7_B1,KERNFRNT_7_B1,KERNFRNT_7_B1,RTPD,LMP,LMP_PRC,KERNFRNT_7_B1,ALL,1,100.18472,4,186
2022-09-04T07:00:00-00:00,2022-09-04T07:15:00-00:00,2022-09-04,01,KERNFRNT_7_B1,KERNFRNT_7_B1,KERNFRNT_7_B1,RTPD,MCC,LMP_CONG_PRC,KERNFRNT_7_B1,ALL,1,-25.19882,1,187
2022-09-04T08:00:00-00:00,2022-09-04T08:15:00-00:00,2022-09-04,02,KERNFRNT_7_B1,KERNFRNT_7_B1,KERNFRNT_7_B1,RTPD,MCC,LMP_CONG_PRC,KERNFRNT_7_B1,ALL,1,-14.22037,1,187
2022-09-04T09:00:00-00:00,2022-09-04T09:15:00-00:00,2022-09-04,03,KERNFRNT_7_B1,KERNFRNT_7_B1,KERNFRNT_7_B1,RTPD,MCC,LMP_CONG_PRC,KERNFRNT_7_B1,ALL,1,-1.87432,1,187
2022-09-04T10:00:00-00:00,2022-09-04T10:15:00-00:00,2022-09-04,04,KERNFRNT_7_B1,KERNFRNT_7_B1,KERNFRNT_7_B1,RTPD,MCC,LMP_CONG_PRC,KERNFRNT_7_B1,ALL,1,-4.29738,1,187
2022-09-04T11:00:00-00:00,2022-09-04T11:15:00-00:00,2022-09-04,05,KERNFRNT_7_B1,KERNFRNT_7_B1,KERNFRNT_7_B1,RTPD,MCC,LMP_CONG_PRC,KERNFRNT_7_B1,ALL,1,-6.1809,1,187
2022-09-04T12:00:00-00:00,2022-09-04T12:15:00-00:00,2022-09-04,06,KERNFRNT_7_B1,KERNFRNT_7_B1,KERNFRNT_7_B1,RTPD,MCC,LMP_CONG_PRC,KERNFRNT_7_B1,ALL,1,-2.27163,1,187
2022-09-04T13:00:00-00:00,2022-09-04T13:15:00-00:00,2022-09-04,07,KERNFRNT_7_B1,KERNFRNT_7_B1,KERNFRNT_7_B1,RTPD,MCC,LMP_CONG_PRC,KERNFRNT_7_B1,ALL,1,-21.97258,1,187
2022-09-04T14:00:00-00:00,2022-09-04T14:15:00-00:00,2022-09-04,08,KERNFRNT_7_B1,KERNFRNT_7_B1,KERNFRNT_7_B1,RTPD,MCC,LMP_CONG_PRC,KERNFRNT_7_B1,ALL,1,-11.27668,1,187
2022-09-04T15:00:00-00:00,2022-09-04T15:15:00-00:00,2022-09-04,09,KERNFRNT_7_B1,KERNFRNT_7_B1,KERNFRNT_7_B1,RTPD,MCC,LMP_CONG_PRC,KERNFRNT_7_B1,ALL,1,-2.14423,1,187
2022-09-04T16:00:00-00:00,2022-09-04T16:15:00-00:00,2022-09-04,10,KERNFRNT_7_B1,KERNFRNT_7_B1,KERNFRNT_7_B1,RTPD,MCC,LMP_CONG_PRC,KERNFRNT_7_B1,ALL,1,-13.3413,1,187
2022-09-04T17:00:00-00:00,2022-09-04T17:15:00-00:00,2022-09-04,11,KERNFRNT_7_B1,KERNFRNT_7_B1,KERNFRNT_7_B1,RTPD,MCC,LMP_CONG_PRC,KERNFRNT_7_B1,ALL,1,-17.48665,1,187
2022-09-04T18:00:00-00:00,2022-09-04T18:15:00-00:00,2022-09-04,12,KERNFRNT_7_B1,KERNFRNT_7_B1,KERNFRNT_7_B1,RTPD,MCC,LMP_CONG_PRC,KERNFRNT_7_B1,ALL,1,-18.70398,1,187
2022-09-04T19:00:00-00:00,2022-09-04T19:15:00-00:00,2022-09-04,13,KERNFRNT_7_B1,KERNFRNT_7_B1,KERNFRNT_7_B1,RTPD,MCC,LMP_CONG_PRC,KERNFRNT_7_B1,ALL,1,-51.10287,1,187
2022-09-04T20:00:00-00:00,2022-09-04T20:15:00-00:00,2022-09-04,14,KERNFRNT_7_B1,KERNFRNT_7_B1,KERNFRNT_7_B1,RTPD,MCC,LMP_CONG_PRC,KERNFRNT_7_B1,ALL,1,-19.38028,1,187
2022-09-04T21:00:00-00:00,2022-09-04T21:15:00-00:00,2022-09-04,15,KERNFRNT_7_B1,KERNFRNT_7_B1,KERNFRNT_7_B1,RTPD,MCC,LMP_CONG_PRC,KERNFRNT_7_B1,ALL,1,-32.84364,1,187
2022-09-04T22:00:00-00:00,2022-09-04T22:15:00-00:00,2022-09-04,16,KERNFRNT_7_B1,KERNFRNT_7_B1,KERNFRNT_7_B1,RTPD,MCC,LMP_CONG_PRC,KERNFRNT_7_B1,ALL,1,-26.14688,1,187
2022-09-04T23:00:00-00:00,2022-09-04T23:15:00-00:00,2022-09-04,17,KERNFRNT_7_B1,KERNFRNT_7_B1,KERNFRNT_7_B1,RTPD,MCC,LMP_CONG_PRC,KERNFRNT_7_B1,ALL,1,-23.4926,1,187
2022-09-05T00:00:00-00:00,2022-09-05T00:15:00-00:00,2022-09-04,18,KERNFRNT_7_B1,KERNFRNT_7_B1,KERNFRNT_7_B1,RTPD,MCC,LMP_CONG_PRC,KERNFRNT_7_B1,ALL,1,-9.28078,1,187
2022-09-05T01:00:00-00:00,2022-09-05T01:15:00-00:00,2022-09-04,19,KERNFRNT_7_B1,KERNFRNT_7_B1,KERNFRNT_7_B1,RTPD,MCC,LMP_CONG_PRC,KERNFRNT_7_B1,ALL,1,-51.08441,1,187
2022-09-05T02:00:00-00:00,2022-09-05T02:15:00-00:00,2022-09-04,20,KERNFRNT_7_B1,KERNFRNT_7_B1,KERNFRNT_7_B1,RTPD,MCC,LMP_CONG_PRC,KERNFRNT_7_B1,ALL,1,18.20278,1,187
2022-09-05T03:00:00-00:00,2022-09-05T03:15:00-00:00,2022-09-04,21,KERNFRNT_7_B1,KERNFRNT_7_B1,KERNFRNT_7_B1,RTPD,MCC,LMP_CONG_PRC,KERNFRNT_7_B1,ALL,1,-34.38974,1,187
2022-09-05T04:00:00-00:00,2022-09-05T04:15:00-00:00,2022-09-04,22,KERNFRNT_7_B1,KERNFRNT_7_B1,KERNFRNT_7_B1,RTPD,MCC,LMP_CONG_PRC,KERNFRNT_7_B1,ALL,1,25.48239,1,187
2022-09-05T05:00:00-00:00,2022-09-05T05:15:00-00:00,2022-09-04,23,KERNFRNT_7_B1,KERNFRNT_7_B1,KERNFRNT_7_B1,RTPD,MCC,LMP_CONG_PRC,KERNFRNT_7_B1,ALL,1,33.54108,1,187
2022-09-05T06:00:00-00:00,2022-09-05T06:15:00-00:00,2022-09-04,24,KERNFRNT_7_B1,KERNFRNT_7_B1,KERNFRNT_7_B1,RTPD,MCC,LMP_CONG_PRC,KERNFRNT_7_B1,ALL,1,29.83861,1,187
2022-09-04T07:15:00-00:00,2022-09-04T07:30:00-00:00,2022-09-04,01,KERNFRNT_7_B1,KERNFRNT_7_B1,KERNFRNT_7_B1,RTPD,MCC,LMP_CONG_PRC,KERNFRNT_7_B1,ALL,1,-15.81525,2,187
2022-09-04T08:15:00-00:00,2022-09-04T08:30:00-00:00,2022-09-04,02,KERNFRNT_7_B1,KERNFRNT_7_B1,KERNFRNT_7_B1,RTPD,MCC,LMP_CONG_PRC,KERNFRNT_7_B1,ALL,1,-7.43647,2,187
2022-09-04T09:15:00-00:00,2022-09-04T09:30:00-00:00,2022-09-04,03,KERNFRNT_7_B1,KERNFRNT_7_B1,KERNFRNT_7_B1,RTPD,MCC,LMP_CONG_PRC,KERNFRNT_7_B1,ALL,1,-9.65618,2,187
2022-09-04T10:15:00-00:00,2022-09-04T10:30:00-00:00,2022-09-04,04,KERNFRNT_7_B1,KERNFRNT_7_B1,KERNFRNT_7_B1,RTPD,MCC,LMP_CONG_PRC,KERNFRNT_7_B1,ALL,1,-2.68685,2,187
2022-09-04T11:15:00-00:00,2022-09-04T11:30:00-00:00,2022-09-04,05,KERNFRNT_7_B1,KERNFRNT_7_B1,KERNFRNT_7_B1,RTPD,MCC,LMP_CONG_PRC,KERNFRNT_7_B1,ALL,1,5.29621,2,187
2022-09-04T12:15:00-00:00,2022-09-04T12:30:00-00:00,2022-09-04,06,KERNFRNT_7_B1,KERNFRNT_7_B1,KERNFRNT_7_B1,RTPD,MCC,LMP_CONG_PRC,KERNFRNT_7_B1,ALL,1,-2.26433,2,187
2022-09-04T13:15:00-00:00,2022-09-04T13:30:00-00:00,2022-09-04,07,KERNFRNT_7_B1,KERNFRNT_7_B1,KERNFRNT_7_B1,RTPD,MCC,LMP_CONG_PRC,KERNFRNT_7_B1,ALL,1,-32.32914,2,187
2022-09-04T14:15:00-00:00,2022-09-04T14:30:00-00:00,2022-09-04,08,KERNFRNT_7_B1,KERNFRNT_7_B1,KERNFRNT_7_B1,RTPD,MCC,LMP_CONG_PRC,KERNFRNT_7_B1,ALL,1,-11.33119,2,187
2022-09-04T15:15:00-00:00,2022-09-04T15:30:00-00:00,2022-09-04,09,KERNFRNT_7_B1,KERNFRNT_7_B1,KERNFRNT_7_B1,RTPD,MCC,LMP_CONG_PRC,KERNFRNT_7_B1,ALL,1,-4.73666,2,187
2022-09-04T16:15:00-00:00,2022-09-04T16:30:00-00:00,2022-09-04,10,KERNFRNT_7_B1,KERNFRNT_7_B1,KERNFRNT_7_B1,RTPD,MCC,LMP_CONG_PRC,KERNFRNT_7_B1,ALL,1,-14.08096,2,187
2022-09-04T17:15:00-00:00,2022-09-04T17:30:00-00:00,2022-09-04,11,KERNFRNT_7_B1,KERNFRNT_7_B1,KERNFRNT_7_B1,RTPD,MCC,LMP_CONG_PRC,KERNFRNT_7_B1,ALL,1,-20.3749,2,187
2022-09-04T18:15:00-00:00,2022-09-04T18:30:00-00:00,2022-09-04,12,KERNFRNT_7_B1,KERNFRNT_7_B1,KERNFRNT_7_B1,RTPD,MCC,LMP_CONG_PRC,KERNFRNT_7_B1,ALL,1,-74.70384,2,187
2022-09-04T19:15:00-00:00,2022-09-04T19:30:00-00:00,2022-09-04,13,KERNFRNT_7_B1,KERNFRNT_7_B1,KERNFRNT_7_B1,RTPD,MCC,LMP_CONG_PRC,KERNFRNT_7_B1,ALL,1,-36.93726,2,187
2022-09-04T20:15:00-00:00,2022-09-04T20:30:00-00:00,2022-09-04,14,KERNFRNT_7_B1,KERNFRNT_7_B1,KERNFRNT_7_B1,RTPD,MCC,LMP_CONG_PRC,KERNFRNT_7_B1,ALL,1,-21.36795,2,187
2022-09-04T21:15:00-00:00,2022-09-04T21:30:00-00:00,2022-09-04,15,KERNFRNT_7_B1,KERNFRNT_7_B1,KERNFRNT_7_B1,RTPD,MCC,LMP_CONG_PRC,KERNFRNT_7_B1,ALL,1,-38.38641,2,187
2022-09-04T22:15:00-00:00,2022-09-04T22:30:00-00:00,2022-09-04,16,KERNFRNT_7_B1,KERNFRNT_7_B1,KERNFRNT_7_B1,RTPD,MCC,LMP_CONG_PRC,KERNFRNT_7_B1,ALL,1,-22.7895,2,187
2022-09-04T23:15:00-00:00,2022-09-04T23:30:00-00:00,2022-09-04,17,KERNFRNT_7_B1,KERNFRNT_7_B1,KERNFRNT_7_B1,RTPD,MCC,LMP_CONG_PRC,KERNFRNT_7_B1,ALL,1,-11.23375,2,187
2022-09-05T00:15:00-00:00,2022-09-05T00:30:00-00:00,2022-09-04,18,KERNFRNT_7_B1,KERNFRNT_7_B1,KERNFRNT_7_B1,RTPD,MCC,LMP_CONG_PRC,KERNFRNT_7_B1,ALL,1,-93.28262,2,187
2022-09-05T01:15:00-00:00,2022-09-05T01:30:00-00:00,2022-09-04,19,KERNFRNT_7_B1,KERNFRNT_7_B1,KERNFRNT_7_B1,RTPD,MCC,LMP_CONG_PRC,KERNFRNT_7_B1,ALL,1,-20.67064,2,187
2022-09-05T02:15:00-00:00,2022-09-05T02:30:00-00:00,2022-09-04,20,KERNFRNT_7_B1,KERNFRNT_7_B1,KERNFRNT_7_B1,RTPD,MCC,LMP_CONG_PRC,KERNFRNT_7_B1,ALL,1,20.10774,2,187
2022-09-05T03:15:00-00:00,2022-09-05T03:30:00-00:00,2022-09-04,21,KERNFRNT_7_B1,KERNFRNT_7_B1,KERNFRNT_7_B1,RTPD,MCC,LMP_CONG_PRC,KERNFRNT_7_B1,ALL,1,-31.00442,2,187
2022-09-05T04:15:00-00:00,2022-09-05T04:30:00-00:00,2022-09-04,22,KERNFRNT_7_B1,KERNFRNT_7_B1,KERNFRNT_7_B1,RTPD,MCC,LMP_CONG_PRC,KERNFRNT_7_B1,ALL,1,21.83281,2,187
2022-09-05T05:15:00-00:00,2022-09-05T05:30:00-00:00,2022-09-04,23,KERNFRNT_7_B1,KERNFRNT_7_B1,KERNFRNT_7_B1,RTPD,MCC,LMP_CONG_PRC,KERNFRNT_7_B1,ALL,1,34.93511,2,187
2022-09-05T06:15:00-00:00,2022-09-05T06:30:00-00:00,2022-09-04,24,KERNFRNT_7_B1,KERNFRNT_7_B1,KERNFRNT_7_B1,RTPD,MCC,LMP_CONG_PRC,KERNFRNT_7_B1,ALL,1,27.87917,2,187
2022-09-04T07:30:00-00:00,2022-09-04T07:45:00-00:00,2022-09-04,01,KERNFRNT_7_B1,KERNFRNT_7_B1,KERNFRNT_7_B1,RTPD,MCC,LMP_CONG_PRC,KERNFRNT_7_B1,ALL,1,-13.79355,3,187
2022-09-04T08:30:00-00:00,2022-09-04T08:45:00-00:00,2022-09-04,02,KERNFRNT_7_B1,KERNFRNT_7_B1,KERNFRNT_7_B1,RTPD,MCC,LMP_CONG_PRC,KERNFRNT_7_B1,ALL,1,-4.6626,3,187
2022-09-04T09:30:00-00:00,2022-09-04T09:45:00-00:00,2022-09-04,03,KERNFRNT_7_B1,KERNFRNT_7_B1,KERNFRNT_7_B1,RTPD,MCC,LMP_CONG_PRC,KERNFRNT_7_B1,ALL,1,-11.73536,3,187
2022-09-04T10:30:00-00:00,2022-09-04T10:45:00-00:00,2022-09-04,04,KERNFRNT_7_B1,KERNFRNT_7_B1,KERNFRNT_7_B1,RTPD,MCC,LMP_CONG_PRC,KERNFRNT_7_B1,ALL,1,1.21594,3,187
2022-09-04T11:30:00-00:00,2022-09-04T11:45:00-00:00,2022-09-04,05,KERNFRNT_7_B1,KERNFRNT_7_B1,KERNFRNT_7_B1,RTPD,MCC,LMP_CONG_PRC,KERNFRNT_7_B1,ALL,1,6.18579,3,187
2022-09-04T12:30:00-00:00,2022-09-04T12:45:00-00:00,2022-09-04,06,KERNFRNT_7_B1,KERNFRNT_7_B1,KERNFRNT_7_B1,RTPD,MCC,LMP_CONG_PRC,KERNFRNT_7_B1,ALL,1,-11.26913,3,187
2022-09-04T13:30:00-00:00,2022-09-04T13:45:00-00:00,2022-09-04,07,KERNFRNT_7_B1,KERNFRNT_7_B1,KERNFRNT_7_B1,RTPD,MCC,LMP_CONG_PRC,KERNFRNT_7_B1,ALL,1,-38.53959,3,187
2022-09-04T14:30:00-00:00,2022-09-04T14:45:00-00:00,2022-09-04,08,KERNFRNT_7_B1,KERNFRNT_7_B1,KERNFRNT_7_B1,RTPD,MCC,LMP_CONG_PRC,KERNFRNT_7_B1,ALL,1,-2.02436,3,187
2022-09-04T15:30:00-00:00,2022-09-04T15:45:00-00:00,2022-09-04,09,KERNFRNT_7_B1,KERNFRNT_7_B1,KERNFRNT_7_B1,RTPD,MCC,LMP_CONG_PRC,KERNFRNT_7_B1,ALL,1,-5.61443,3,187
2022-09-04T16:30:00-00:00,2022-09-04T16:45:00-00:00,2022-09-04,10,KERNFRNT_7_B1,KERNFRNT_7_B1,KERNFRNT_7_B1,RTPD,MCC,LMP_CONG_PRC,KERNFRNT_7_B1,ALL,1,-14.49862,3,187
2022-09-04T17:30:00-00:00,2022-09-04T17:45:00-00:00,2022-09-04,11,KERNFRNT_7_B1,KERNFRNT_7_B1,KERNFRNT_7_B1,RTPD,MCC,LMP_CONG_PRC,KERNFRNT_7_B1,ALL,1,-20.69841,3,187
2022-09-04T18:30:00-00:00,2022-09-04T18:45:00-00:00,2022-09-04,12,KERNFRNT_7_B1,KERNFRNT_7_B1,KERNFRNT_7_B1,RTPD,MCC,LMP_CONG_PRC,KERNFRNT_7_B1,ALL,1,-35.49123,3,187
2022-09-04T19:30:00-00:00,2022-09-04T19:45:00-00:00,2022-09-04,13,KERNFRNT_7_B1,KERNFRNT_7_B1,KERNFRNT_7_B1,RTPD,MCC,LMP_CONG_PRC,KERNFRNT_7_B1,ALL,1,-40.78041,3,187
2022-09-04T20:30:00-00:00,2022-09-04T20:45:00-00:00,2022-09-04,14,KERNFRNT_7_B1,KERNFRNT_7_B1,KERNFRNT_7_B1,RTPD,MCC,LMP_CONG_PRC,KERNFRNT_7_B1,ALL,1,-43.38164,3,187
2022-09-04T21:30:00-00:00,2022-09-04T21:45:00-00:00,2022-09-04,15,KERNFRNT_7_B1,KERNFRNT_7_B1,KERNFRNT_7_B1,RTPD,MCC,LMP_CONG_PRC,KERNFRNT_7_B1,ALL,1,-29.65415,3,187
2022-09-04T22:30:00-00:00,2022-09-04T22:45:00-00:00,2022-09-04,16,KERNFRNT_7_B1,KERNFRNT_7_B1,KERNFRNT_7_B1,RTPD,MCC,LMP_CONG_PRC,KERNFRNT_7_B1,ALL,1,-21.08234,3,187
2022-09-04T23:30:00-00:00,2022-09-04T23:45:00-00:00,2022-09-04,17,KERNFRNT_7_B1,KERNFRNT_7_B1,KERNFRNT_7_B1,RTPD,MCC,LMP_CONG_PRC,KERNFRNT_7_B1,ALL,1,-15.95621,3,187
2022-09-05T00:30:00-00:00,2022-09-05T00:45:00-00:00,2022-09-04,18,KERNFRNT_7_B1,KERNFRNT_7_B1,KERNFRNT_7_B1,RTPD,MCC,LMP_CONG_PRC,KERNFRNT_7_B1,ALL,1,-41.21329,3,187
2022-09-05T01:30:00-00:00,2022-09-05T01:45:00-00:00,2022-09-04,19,KERNFRNT_7_B1,KERNFRNT_7_B1,KERNFRNT_7_B1,RTPD,MCC,LMP_CONG_PRC,KERNFRNT_7_B1,ALL,1,334.70554,3,187
2022-09-05T02:30:00-00:00,2022-09-05T02:45:00-00:00,2022-09-04,20,KERNFRNT_7_B1,KERNFRNT_7_B1,KERNFRNT_7_B1,RTPD,MCC,LMP_CONG_PRC,KERNFRNT_7_B1,ALL,1,12.45717,3,187
2022-09-05T03:30:00-00:00,2022-09-05T03:45:00-00:00,2022-09-04,21,KERNFRNT_7_B1,KERNFRNT_7_B1,KERNFRNT_7_B1,RTPD,MCC,LMP_CONG_PRC,KERNFRNT_7_B1,ALL,1,-24.70834,3,187
2022-09-05T04:30:00-00:00,2022-09-05T04:45:00-00:00,2022-09-04,22,KERNFRNT_7_B1,KERNFRNT_7_B1,KERNFRNT_7_B1,RTPD,MCC,LMP_CONG_PRC,KERNFRNT_7_B1,ALL,1,22.64906,3,187
2022-09-05T05:30:00-00:00,2022-09-05T05:45:00-00:00,2022-09-04,23,KERNFRNT_7_B1,KERNFRNT_7_B1,KERNFRNT_7_B1,RTPD,MCC,LMP_CONG_PRC,KERNFRNT_7_B1,ALL,1,29.47792,3,187
2022-09-05T06:30:00-00:00,2022-09-05T06:45:00-00:00,2022-09-04,24,KERNFRNT_7_B1,KERNFRNT_7_B1,KERNFRNT_7_B1,RTPD,MCC,LMP_CONG_PRC,KERNFRNT_7_B1,ALL,1,14.75513,3,187
2022-09-04T07:45:00-00:00,2022-09-04T08:00:00-00:00,2022-09-04,01,KERNFRNT_7_B1,KERNFRNT_7_B1,KERNFRNT_7_B1,RTPD,MCC,LMP_CONG_PRC,KERNFRNT_7_B1,ALL,1,12.14696,4,187
2022-09-04T08:45:00-00:00,2022-09-04T09:00:00-00:00,2022-09-04,02,KERNFRNT_7_B1,KERNFRNT_7_B1,KERNFRNT_7_B1,RTPD,MCC,LMP_CONG_PRC,KERNFRNT_7_B1,ALL,1,-1.43279,4,187
2022-09-04T09:45:00-00:00,2022-09-04T10:00:00-00:00,2022-09-04,03,KERNFRNT_7_B1,KERNFRNT_7_B1,KERNFRNT_7_B1,RTPD,MCC,LMP_CONG_PRC,KERNFRNT_7_B1,ALL,1,-10.00897,4,187
2022-09-04T10:45:00-00:00,2022-09-04T11:00:00-00:00,2022-09-04,04,KERNFRNT_7_B1,KERNFRNT_7_B1,KERNFRNT_7_B1,RTPD,MCC,LMP_CONG_PRC,KERNFRNT_7_B1,ALL,1,-3.04751,4,187
2022-09-04T11:45:00-00:00,2022-09-04T12:00:00-00:00,2022-09-04,05,KERNFRNT_7_B1,KERNFRNT_7_B1,KERNFRNT_7_B1,RTPD,MCC,LMP_CONG_PRC,KERNFRNT_7_B1,ALL,1,-1.96807,4,187
2022-09-04T12:45:00-00:00,2022-09-04T13:00:00-00:00,2022-09-04,06,KERNFRNT_7_B1,KERNFRNT_7_B1,KERNFRNT_7_B1,RTPD,MCC,LMP_CONG_PRC,KERNFRNT_7_B1,ALL,1,-12.59766,4,187
2022-09-04T13:45:00-00:00,2022-09-04T14:00:00-00:00,2022-09-04,07,KERNFRNT_7_B1,KERNFRNT_7_B1,KERNFRNT_7_B1,RTPD,MCC,LMP_CONG_PRC,KERNFRNT_7_B1,ALL,1,-35.75417,4,187
2022-09-04T14:45:00-00:00,2022-09-04T15:00:00-00:00,2022-09-04,08,KERNFRNT_7_B1,KERNFRNT_7_B1,KERNFRNT_7_B1,RTPD,MCC,LMP_CONG_PRC,KERNFRNT_7_B1,ALL,1,-5.06097,4,187
2022-09-04T15:45:00-00:00,2022-09-04T16:00:00-00:00,2022-09-04,09,KERNFRNT_7_B1,KERNFRNT_7_B1,KERNFRNT_7_B1,RTPD,MCC,LMP_CONG_PRC,KERNFRNT_7_B1,ALL,1,-10.43112,4,187
2022-09-04T16:45:00-00:00,2022-09-04T17:00:00-00:00,2022-09-04,10,KERNFRNT_7_B1,KERNFRNT_7_B1,KERNFRNT_7_B1,RTPD,MCC,LMP_CONG_PRC,KERNFRNT_7_B1,ALL,1,-16.08303,4,187
2022-09-04T17:45:00-00:00,2022-09-04T18:00:00-00:00,2022-09-04,11,KERNFRNT_7_B1,KERNFRNT_7_B1,KERNFRNT_7_B1,RTPD,MCC,LMP_CONG_PRC,KERNFRNT_7_B1,ALL,1,-24.15667,4,187
2022-09-04T18:45:00-00:00,2022-09-04T19:00:00-00:00,2022-09-04,12,KERNFRNT_7_B1,KERNFRNT_7_B1,KERNFRNT_7_B1,RTPD,MCC,LMP_CONG_PRC,KERNFRNT_7_B1,ALL,1,-30.17908,4,187
2022-09-04T19:45:00-00:00,2022-09-04T20:00:00-00:00,2022-09-04,13,KERNFRNT_7_B1,KERNFRNT_7_B1,KERNFRNT_7_B1,RTPD,MCC,LMP_CONG_PRC,KERNFRNT_7_B1,ALL,1,-57.90815,4,187
2022-09-04T20:45:00-00:00,2022-09-04T21:00:00-00:00,2022-09-04,14,KERNFRNT_7_B1,KERNFRNT_7_B1,KERNFRNT_7_B1,RTPD,MCC,LMP_CONG_PRC,KERNFRNT_7_B1,ALL,1,-36.09775,4,187
2022-09-04T21:45:00-00:00,2022-09-04T22:00:00-00:00,2022-09-04,15,KERNFRNT_7_B1,KERNFRNT_7_B1,KERNFRNT_7_B1,RTPD,MCC,LMP_CONG_PRC,KERNFRNT_7_B1,ALL,1,-66.72122,4,187
2022-09-04T22:45:00-00:00,2022-09-04T23:00:00-00:00,2022-09-04,16,KERNFRNT_7_B1,KERNFRNT_7_B1,KERNFRNT_7_B1,RTPD,MCC,LMP_CONG_PRC,KERNFRNT_7_B1,ALL,1,-28.9006,4,187
2022-09-04T23:45:00-00:00,2022-09-05T00:00:00-00:00,2022-09-04,17,KERNFRNT_7_B1,KERNFRNT_7_B1,KERNFRNT_7_B1,RTPD,MCC,LMP_CONG_PRC,KERNFRNT_7_B1,ALL,1,-50.69065,4,187
2022-09-05T00:45:00-00:00,2022-09-05T01:00:00-00:00,2022-09-04,18,KERNFRNT_7_B1,KERNFRNT_7_B1,KERNFRNT_7_B1,RTPD,MCC,LMP_CONG_PRC,KERNFRNT_7_B1,ALL,1,-226.47743,4,187
2022-09-05T01:45:00-00:00,2022-09-05T02:00:00-00:00,2022-09-04,19,KERNFRNT_7_B1,KERNFRNT_7_B1,KERNFRNT_7_B1,RTPD,MCC,LMP_CONG_PRC,KERNFRNT_7_B1,ALL,1,292.28198,4,187
2022-09-05T02:45:00-00:00,2022-09-05T03:00:00-00:00,2022-09-04,20,KERNFRNT_7_B1,KERNFRNT_7_B1,KERNFRNT_7_B1,RTPD,MCC,LMP_CONG_PRC,KERNFRNT_7_B1,ALL,1,7.26881,4,187
2022-09-05T03:45:00-00:00,2022-09-05T04:00:00-00:00,2022-09-04,21,KERNFRNT_7_B1,KERNFRNT_7_B1,KERNFRNT_7_B1,RTPD,MCC,LMP_CONG_PRC,KERNFRNT_7_B1,ALL,1,11.21596,4,187
2022-09-05T04:45:00-00:00,2022-09-05T05:00:00-00:00,2022-09-04,22,KERNFRNT_7_B1,KERNFRNT_7_B1,KERNFRNT_7_B1,RTPD,MCC,LMP_CONG_PRC,KERNFRNT_7_B1,ALL,1,36.53747,4,187
2022-09-05T05:45:00-00:00,2022-09-05T06:00:00-00:00,2022-09-04,23,KERNFRNT_7_B1,KERNFRNT_7_B1,KERNFRNT_7_B1,RTPD,MCC,LMP_CONG_PRC,KERNFRNT_7_B1,ALL,1,21.77495,4,187
2022-09-05T06:45:00-00:00,2022-09-05T07:00:00-00:00,2022-09-04,24,KERNFRNT_7_B1,KERNFRNT_7_B1,KERNFRNT_7_B1,RTPD,MCC,LMP_CONG_PRC,KERNFRNT_7_B1,ALL,1,11.02019,4,187
2022-09-04T07:00:00-00:00,2022-09-04T07:15:00-00:00,2022-09-04,01,KERNFRNT_7_B1,KERNFRNT_7_B1,KERNFRNT_7_B1,RTPD,MCE,LMP_ENE_PRC,KERNFRNT_7_B1,ALL,1,105.77126,1,188
2022-09-04T08:00:00-00:00,2022-09-04T08:15:00-00:00,2022-09-04,02,KERNFRNT_7_B1,KERNFRNT_7_B1,KERNFRNT_7_B1,RTPD,MCE,LMP_ENE_PRC,KERNFRNT_7_B1,ALL,1,97.44538,1,188
2022-09-04T09:00:00-00:00,2022-09-04T09:15:00-00:00,2022-09-04,03,KERNFRNT_7_B1,KERNFRNT_7_B1,KERNFRNT_7_B1,RTPD,MCE,LMP_ENE_PRC,KERNFRNT_7_B1,ALL,1,87.9271,1,188
2022-09-04T10:00:00-00:00,2022-09-04T10:15:00-00:00,2022-09-04,04,KERNFRNT_7_B1,KERNFRNT_7_B1,KERNFRNT_7_B1,RTPD,MCE,LMP_ENE_PRC,KERNFRNT_7_B1,ALL,1,88.48894,1,188
2022-09-04T11:00:00-00:00,2022-09-04T11:15:00-00:00,2022-09-04,05,KERNFRNT_7_B1,KERNFRNT_7_B1,KERNFRNT_7_B1,RTPD,MCE,LMP_ENE_PRC,KERNFRNT_7_B1,ALL,1,82.79075,1,188
2022-09-04T12:00:00-00:00,2022-09-04T12:15:00-00:00,2022-09-04,06,KERNFRNT_7_B1,KERNFRNT_7_B1,KERNFRNT_7_B1,RTPD,MCE,LMP_ENE_PRC,KERNFRNT_7_B1,ALL,1,83.24035,1,188
2022-09-04T13:00:00-00:00,2022-09-04T13:15:00-00:00,2022-09-04,07,KERNFRNT_7_B1,KERNFRNT_7_B1,KERNFRNT_7_B1,RTPD,MCE,LMP_ENE_PRC,KERNFRNT_7_B1,ALL,1,75.91539,1,188
2022-09-04T14:00:00-00:00,2022-09-04T14:15:00-00:00,2022-09-04,08,KERNFRNT_7_B1,KERNFRNT_7_B1,KERNFRNT_7_B1,RTPD,MCE,LMP_ENE_PRC,KERNFRNT_7_B1,ALL,1,82.51639,1,188
2022-09-04T15:00:00-00:00,2022-09-04T15:15:00-00:00,2022-09-04,09,KERNFRNT_7_B1,KERNFRNT_7_B1,KERNFRNT_7_B1,RTPD,MCE,LMP_ENE_PRC,KERNFRNT_7_B1,ALL,1,74.24878,1,188
2022-09-04T16:00:00-00:00,2022-09-04T16:15:00-00:00,2022-09-04,10,KERNFRNT_7_B1,KERNFRNT_7_B1,KERNFRNT_7_B1,RTPD,MCE,LMP_ENE_PRC,KERNFRNT_7_B1,ALL,1,50.67669,1,188
2022-09-04T17:00:00-00:00,2022-09-04T17:15:00-00:00,2022-09-04,11,KERNFRNT_7_B1,KERNFRNT_7_B1,KERNFRNT_7_B1,RTPD,MCE,LMP_ENE_PRC,KERNFRNT_7_B1,ALL,1,59.2544,1,188
2022-09-04T18:00:00-00:00,2022-09-04T18:15:00-00:00,2022-09-04,12,KERNFRNT_7_B1,KERNFRNT_7_B1,KERNFRNT_7_B1,RTPD,MCE,LMP_ENE_PRC,KERNFRNT_7_B1,ALL,1,65.61656,1,188
2022-09-04T19:00:00-00:00,2022-09-04T19:15:00-00:00,2022-09-04,13,KERNFRNT_7_B1,KERNFRNT_7_B1,KERNFRNT_7_B1,RTPD,MCE,LMP_ENE_PRC,KERNFRNT_7_B1,ALL,1,76.33065,1,188
2022-09-04T20:00:00-00:00,2022-09-04T20:15:00-00:00,2022-09-04,14,KERNFRNT_7_B1,KERNFRNT_7_B1,KERNFRNT_7_B1,RTPD,MCE,LMP_ENE_PRC,KERNFRNT_7_B1,ALL,1,87.37588,1,188
2022-09-04T21:00:00-00:00,2022-09-04T21:15:00-00:00,2022-09-04,15,KERNFRNT_7_B1,KERNFRNT_7_B1,KERNFRNT_7_B1,RTPD,MCE,LMP_ENE_PRC,KERNFRNT_7_B1,ALL,1,101.84583,1,188
2022-09-04T22:00:00-00:00,2022-09-04T22:15:00-00:00,2022-09-04,16,KERNFRNT_7_B1,KERNFRNT_7_B1,KERNFRNT_7_B1,RTPD,MCE,LMP_ENE_PRC,KERNFRNT_7_B1,ALL,1,102.30289,1,188
2022-09-04T23:00:00-00:00,2022-09-04T23:15:00-00:00,2022-09-04,17,KERNFRNT_7_B1,KERNFRNT_7_B1,KERNFRNT_7_B1,RTPD,MCE,LMP_ENE_PRC,KERNFRNT_7_B1,ALL,1,105.66165,1,188
2022-09-05T00:00:00-00:00,2022-09-05T00:15:00-00:00,2022-09-04,18,KERNFRNT_7_B1,KERNFRNT_7_B1,KERNFRNT_7_B1,RTPD,MCE,LMP_ENE_PRC,KERNFRNT_7_B1,ALL,1,110.52872,1,188
2022-09-05T01:00:00-00:00,2022-09-05T01:15:00-00:00,2022-09-04,19,KERNFRNT_7_B1,KERNFRNT_7_B1,KERNFRNT_7_B1,RTPD,MCE,LMP_ENE_PRC,KERNFRNT_7_B1,ALL,1,160.46742,1,188
2022-09-05T02:00:00-00:00,2022-09-05T02:15:00-00:00,2022-09-04,20,KERNFRNT_7_B1,KERNFRNT_7_B1,KERNFRNT_7_B1,RTPD,MCE,LMP_ENE_PRC,KERNFRNT_7_B1,ALL,1,133.17627,1,188
2022-09-05T03:00:00-00:00,2022-09-05T03:15:00-00:00,2022-09-04,21,KERNFRNT_7_B1,KERNFRNT_7_B1,KERNFRNT_7_B1,RTPD,MCE,LMP_ENE_PRC,KERNFRNT_7_B1,ALL,1,137.62802,1,188
2022-09-05T04:00:00-00:00,2022-09-05T04:15:00-00:00,2022-09-04,22,KERNFRNT_7_B1,KERNFRNT_7_B1,KERNFRNT_7_B1,RTPD,MCE,LMP_ENE_PRC,KERNFRNT_7_B1,ALL,1,121.32223,1,188
2022-09-05T05:00:00-00:00,2022-09-05T05:15:00-00:00,2022-09-04,23,KERNFRNT_7_B1,KERNFRNT_7_B1,KERNFRNT_7_B1,RTPD,MCE,LMP_ENE_PRC,KERNFRNT_7_B1,ALL,1,138.27702,1,188
2022-09-05T06:00:00-00:00,2022-09-05T06:15:00-00:00,2022-09-04,24,KERNFRNT_7_B1,KERNFRNT_7_B1,KERNFRNT_7_B1,RTPD,MCE,LMP_ENE_PRC,KERNFRNT_7_B1,ALL,1,126.47824,1,188
2022-09-04T07:15:00-00:00,2022-09-04T07:30:00-00:00,2022-09-04,01,KERNFRNT_7_B1,KERNFRNT_7_B1,KERNFRNT_7_B1,RTPD,MCE,LMP_ENE_PRC,KERNFRNT_7_B1,ALL,1,98.33878,2,188
2022-09-04T08:15:00-00:00,2022-09-04T08:30:00-00:00,2022-09-04,02,KERNFRNT_7_B1,KERNFRNT_7_B1,KERNFRNT_7_B1,RTPD,MCE,LMP_ENE_PRC,KERNFRNT_7_B1,ALL,1,96.4335,2,188
2022-09-04T09:15:00-00:00,2022-09-04T09:30:00-00:00,2022-09-04,03,KERNFRNT_7_B1,KERNFRNT_7_B1,KERNFRNT_7_B1,RTPD,MCE,LMP_ENE_PRC,KERNFRNT_7_B1,ALL,1,85.33245,2,188
2022-09-04T10:15:00-00:00,2022-09-04T10:30:00-00:00,2022-09-04,04,KERNFRNT_7_B1,KERNFRNT_7_B1,KERNFRNT_7_B1,RTPD,MCE,LMP_ENE_PRC,KERNFRNT_7_B1,ALL,1,86.06959,2,188
2022-09-04T11:15:00-00:00,2022-09-04T11:30:00-00:00,2022-09-04,05,KERNFRNT_7_B1,KERNFRNT_7_B1,KERNFRNT_7_B1,RTPD,MCE,LMP_ENE_PRC,KERNFRNT_7_B1,ALL,1,82.18044,2,188
2022-09-04T12:15:00-00:00,2022-09-04T12:30:00-00:00,2022-09-04,06,KERNFRNT_7_B1,KERNFRNT_7_B1,KERNFRNT_7_B1,RTPD,MCE,LMP_ENE_PRC,KERNFRNT_7_B1,ALL,1,83.35782,2,188
2022-09-04T13:15:00-00:00,2022-09-04T13:30:00-00:00,2022-09-04,07,KERNFRNT_7_B1,KERNFRNT_7_B1,KERNFRNT_7_B1,RTPD,MCE,LMP_ENE_PRC,KERNFRNT_7_B1,ALL,1,70.93534,2,188
2022-09-04T14:15:00-00:00,2022-09-04T14:30:00-00:00,2022-09-04,08,KERNFRNT_7_B1,KERNFRNT_7_B1,KERNFRNT_7_B1,RTPD,MCE,LMP_ENE_PRC,KERNFRNT_7_B1,ALL,1,76.97029,2,188
2022-09-04T15:15:00-00:00,2022-09-04T15:30:00-00:00,2022-09-04,09,KERNFRNT_7_B1,KERNFRNT_7_B1,KERNFRNT_7_B1,RTPD,MCE,LMP_ENE_PRC,KERNFRNT_7_B1,ALL,1,66.57465,2,188
2022-09-04T16:15:00-00:00,2022-09-04T16:30:00-00:00,2022-09-04,10,KERNFRNT_7_B1,KERNFRNT_7_B1,KERNFRNT_7_B1,RTPD,MCE,LMP_ENE_PRC,KERNFRNT_7_B1,ALL,1,52.1482,2,188
2022-09-04T17:15:00-00:00,2022-09-04T17:30:00-00:00,2022-09-04,11,KERNFRNT_7_B1,KERNFRNT_7_B1,KERNFRNT_7_B1,RTPD,MCE,LMP_ENE_PRC,KERNFRNT_7_B1,ALL,1,69.2657,2,188
2022-09-04T18:15:00-00:00,2022-09-04T18:30:00-00:00,2022-09-04,12,KERNFRNT_7_B1,KERNFRNT_7_B1,KERNFRNT_7_B1,RTPD,MCE,LMP_ENE_PRC,KERNFRNT_7_B1,ALL,1,73.93472,2,188
2022-09-04T19:15:00-00:00,2022-09-04T19:30:00-00:00,2022-09-04,13,KERNFRNT_7_B1,KERNFRNT_7_B1,KERNFRNT_7_B1,RTPD,MCE,LMP_ENE_PRC,KERNFRNT_7_B1,ALL,1,86.63525,2,188
2022-09-04T20:15:00-00:00,2022-09-04T20:30:00-00:00,2022-09-04,14,KERNFRNT_7_B1,KERNFRNT_7_B1,KERNFRNT_7_B1,RTPD,MCE,LMP_ENE_PRC,KERNFRNT_7_B1,ALL,1,89.19764,2,188
2022-09-04T21:15:00-00:00,2022-09-04T21:30:00-00:00,2022-09-04,15,KERNFRNT_7_B1,KERNFRNT_7_B1,KERNFRNT_7_B1,RTPD,MCE,LMP_ENE_PRC,KERNFRNT_7_B1,ALL,1,111.99711,2,188
2022-09-04T22:15:00-00:00,2022-09-04T22:30:00-00:00,2022-09-04,16,KERNFRNT_7_B1,KERNFRNT_7_B1,KERNFRNT_7_B1,RTPD,MCE,LMP_ENE_PRC,KERNFRNT_7_B1,ALL,1,105.68133,2,188
2022-09-04T23:15:00-00:00,2022-09-04T23:30:00-00:00,2022-09-04,17,KERNFRNT_7_B1,KERNFRNT_7_B1,KERNFRNT_7_B1,RTPD,MCE,LMP_ENE_PRC,KERNFRNT_7_B1,ALL,1,106.64397,2,188
2022-09-05T00:15:00-00:00,2022-09-05T00:30:00-00:00,2022-09-04,18,KERNFRNT_7_B1,KERNFRNT_7_B1,KERNFRNT_7_B1,RTPD,MCE,LMP_ENE_PRC,KERNFRNT_7_B1,ALL,1,185.7071,2,188
2022-09-05T01:15:00-00:00,2022-09-05T01:30:00-00:00,2022-09-04,19,KERNFRNT_7_B1,KERNFRNT_7_B1,KERNFRNT_7_B1,RTPD,MCE,LMP_ENE_PRC,KERNFRNT_7_B1,ALL,1,283.75967,2,188
2022-09-05T02:15:00-00:00,2022-09-05T02:30:00-00:00,2022-09-04,20,KERNFRNT_7_B1,KERNFRNT_7_B1,KERNFRNT_7_B1,RTPD,MCE,LMP_ENE_PRC,KERNFRNT_7_B1,ALL,1,138.21387,2,188
2022-09-05T03:15:00-00:00,2022-09-05T03:30:00-00:00,2022-09-04,21,KERNFRNT_7_B1,KERNFRNT_7_B1,KERNFRNT_7_B1,RTPD,MCE,LMP_ENE_PRC,KERNFRNT_7_B1,ALL,1,125.70521,2,188
2022-09-05T04:15:00-00:00,2022-09-05T04:30:00-00:00,2022-09-04,22,KERNFRNT_7_B1,KERNFRNT_7_B1,KERNFRNT_7_B1,RTPD,MCE,LMP_ENE_PRC,KERNFRNT_7_B1,ALL,1,118.54421,2,188
2022-09-05T05:15:00-00:00,2022-09-05T05:30:00-00:00,2022-09-04,23,KERNFRNT_7_B1,KERNFRNT_7_B1,KERNFRNT_7_B1,RTPD,MCE,LMP_ENE_PRC,KERNFRNT_7_B1,ALL,1,140.66483,2,188
2022-09-05T06:15:00-00:00,2022-09-05T06:30:00-00:00,2022-09-04,24,KERNFRNT_7_B1,KERNFRNT_7_B1,KERNFRNT_7_B1,RTPD,MCE,LMP_ENE_PRC,KERNFRNT_7_B1,ALL,1,115.0785,2,188
2022-09-04T07:30:00-00:00,2022-09-04T07:45:00-00:00,2022-09-04,01,KERNFRNT_7_B1,KERNFRNT_7_B1,KERNFRNT_7_B1,RTPD,MCE,LMP_ENE_PRC,KERNFRNT_7_B1,ALL,1,93.67897,3,188
2022-09-04T08:30:00-00:00,2022-09-04T08:45:00-00:00,2022-09-04,02,KERNFRNT_7_B1,KERNFRNT_7_B1,KERNFRNT_7_B1,RTPD,MCE,LMP_ENE_PRC,KERNFRNT_7_B1,ALL,1,89.3153,3,188
2022-09-04T09:30:00-00:00,2022-09-04T09:45:00-00:00,2022-09-04,03,KERNFRNT_7_B1,KERNFRNT_7_B1,KERNFRNT_7_B1,RTPD,MCE,LMP_ENE_PRC,KERNFRNT_7_B1,ALL,1,82.76979,3,188
2022-09-04T10:30:00-00:00,2022-09-04T10:45:00-00:00,2022-09-04,04,KERNFRNT_7_B1,KERNFRNT_7_B1,KERNFRNT_7_B1,RTPD,MCE,LMP_ENE_PRC,KERNFRNT_7_B1,ALL,1,85.2941,3,188
2022-09-04T11:30:00-00:00,2022-09-04T11:45:00-00:00,2022-09-04,05,KERNFRNT_7_B1,KERNFRNT_7_B1,KERNFRNT_7_B1,RTPD,MCE,LMP_ENE_PRC,KERNFRNT_7_B1,ALL,1,81.7171,3,188
2022-09-04T12:30:00-00:00,2022-09-04T12:45:00-00:00,2022-09-04,06,KERNFRNT_7_B1,KERNFRNT_7_B1,KERNFRNT_7_B1,RTPD,MCE,LMP_ENE_PRC,KERNFRNT_7_B1,ALL,1,83.26354,3,188
2022-09-04T13:30:00-00:00,2022-09-04T13:45:00-00:00,2022-09-04,07,KERNFRNT_7_B1,KERNFRNT_7_B1,KERNFRNT_7_B1,RTPD,MCE,LMP_ENE_PRC,KERNFRNT_7_B1,ALL,1,69.8817,3,188
2022-09-04T14:30:00-00:00,2022-09-04T14:45:00-00:00,2022-09-04,08,KERNFRNT_7_B1,KERNFRNT_7_B1,KERNFRNT_7_B1,RTPD,MCE,LMP_ENE_PRC,KERNFRNT_7_B1,ALL,1,74.54818,3,188
2022-09-04T15:30:00-00:00,2022-09-04T15:45:00-00:00,2022-09-04,09,KERNFRNT_7_B1,KERNFRNT_7_B1,KERNFRNT_7_B1,RTPD,MCE,LMP_ENE_PRC,KERNFRNT_7_B1,ALL,1,58.25037,3,188
2022-09-04T16:30:00-00:00,2022-09-04T16:45:00-00:00,2022-09-04,10,KERNFRNT_7_B1,KERNFRNT_7_B1,KERNFRNT_7_B1,RTPD,MCE,LMP_ENE_PRC,KERNFRNT_7_B1,ALL,1,54.84481,3,188
2022-09-04T17:30:00-00:00,2022-09-04T17:45:00-00:00,2022-09-04,11,KERNFRNT_7_B1,KERNFRNT_7_B1,KERNFRNT_7_B1,RTPD,MCE,LMP_ENE_PRC,KERNFRNT_7_B1,ALL,1,69.84671,3,188
2022-09-04T18:30:00-00:00,2022-09-04T18:45:00-00:00,2022-09-04,12,KERNFRNT_7_B1,KERNFRNT_7_B1,KERNFRNT_7_B1,RTPD,MCE,LMP_ENE_PRC,KERNFRNT_7_B1,ALL,1,86.95818,3,188
2022-09-04T19:30:00-00:00,2022-09-04T19:45:00-00:00,2022-09-04,13,KERNFRNT_7_B1,KERNFRNT_7_B1,KERNFRNT_7_B1,RTPD,MCE,LMP_ENE_PRC,KERNFRNT_7_B1,ALL,1,102.56183,3,188
2022-09-04T20:30:00-00:00,2022-09-04T20:45:00-00:00,2022-09-04,14,KERNFRNT_7_B1,KERNFRNT_7_B1,KERNFRNT_7_B1,RTPD,MCE,LMP_ENE_PRC,KERNFRNT_7_B1,ALL,1,107.67463,3,188
2022-09-04T21:30:00-00:00,2022-09-04T21:45:00-00:00,2022-09-04,15,KERNFRNT_7_B1,KERNFRNT_7_B1,KERNFRNT_7_B1,RTPD,MCE,LMP_ENE_PRC,KERNFRNT_7_B1,ALL,1,108.01974,3,188
2022-09-04T22:30:00-00:00,2022-09-04T22:45:00-00:00,2022-09-04,16,KERNFRNT_7_B1,KERNFRNT_7_B1,KERNFRNT_7_B1,RTPD,MCE,LMP_ENE_PRC,KERNFRNT_7_B1,ALL,1,114.08273,3,188
2022-09-04T23:30:00-00:00,2022-09-04T23:45:00-00:00,2022-09-04,17,KERNFRNT_7_B1,KERNFRNT_7_B1,KERNFRNT_7_B1,RTPD,MCE,LMP_ENE_PRC,KERNFRNT_7_B1,ALL,1,113.23912,3,188
2022-09-05T00:30:00-00:00,2022-09-05T00:45:00-00:00,2022-09-04,18,KERNFRNT_7_B1,KERNFRNT_7_B1,KERNFRNT_7_B1,RTPD,MCE,LMP_ENE_PRC,KERNFRNT_7_B1,ALL,1,146.1893,3,188
2022-09-05T01:30:00-00:00,2022-09-05T01:45:00-00:00,2022-09-04,19,KERNFRNT_7_B1,KERNFRNT_7_B1,KERNFRNT_7_B1,RTPD,MCE,LMP_ENE_PRC,KERNFRNT_7_B1,ALL,1,899.31366,3,188
2022-09-05T02:30:00-00:00,2022-09-05T02:45:00-00:00,2022-09-04,20,KERNFRNT_7_B1,KERNFRNT_7_B1,KERNFRNT_7_B1,RTPD,MCE,LMP_ENE_PRC,KERNFRNT_7_B1,ALL,1,124.31294,3,188
2022-09-05T03:30:00-00:00,2022-09-05T03:45:00-00:00,2022-09-04,21,KERNFRNT_7_B1,KERNFRNT_7_B1,KERNFRNT_7_B1,RTPD,MCE,LMP_ENE_PRC,KERNFRNT_7_B1,ALL,1,120.65321,3,188
2022-09-05T04:30:00-00:00,2022-09-05T04:45:00-00:00,2022-09-04,22,KERNFRNT_7_B1,KERNFRNT_7_B1,KERNFRNT_7_B1,RTPD,MCE,LMP_ENE_PRC,KERNFRNT_7_B1,ALL,1,117.97055,3,188
2022-09-05T05:30:00-00:00,2022-09-05T05:45:00-00:00,2022-09-04,23,KERNFRNT_7_B1,KERNFRNT_7_B1,KERNFRNT_7_B1,RTPD,MCE,LMP_ENE_PRC,KERNFRNT_7_B1,ALL,1,123.73156,3,188
2022-09-05T06:30:00-00:00,2022-09-05T06:45:00-00:00,2022-09-04,24,KERNFRNT_7_B1,KERNFRNT_7_B1,KERNFRNT_7_B1,RTPD,MCE,LMP_ENE_PRC,KERNFRNT_7_B1,ALL,1,91.1478,3,188
2022-09-04T07:45:00-00:00,2022-09-04T08:00:00-00:00,2022-09-04,01,KERNFRNT_7_B1,KERNFRNT_7_B1,KERNFRNT_7_B1,RTPD,MCE,LMP_ENE_PRC,KERNFRNT_7_B1,ALL,1,84.62068,4,188
2022-09-04T08:45:00-00:00,2022-09-04T09:00:00-00:00,2022-09-04,02,KERNFRNT_7_B1,KERNFRNT_7_B1,KERNFRNT_7_B1,RTPD,MCE,LMP_ENE_PRC,KERNFRNT_7_B1,ALL,1,80.89122,4,188
2022-09-04T09:45:00-00:00,2022-09-04T10:00:00-00:00,2022-09-04,03,KERNFRNT_7_B1,KERNFRNT_7_B1,KERNFRNT_7_B1,RTPD,MCE,LMP_ENE_PRC,KERNFRNT_7_B1,ALL,1,77.90501,4,188
2022-09-04T10:45:00-00:00,2022-09-04T11:00:00-00:00,2022-09-04,04,KERNFRNT_7_B1,KERNFRNT_7_B1,KERNFRNT_7_B1,RTPD,MCE,LMP_ENE_PRC,KERNFRNT_7_B1,ALL,1,80.46249,4,188
2022-09-04T11:45:00-00:00,2022-09-04T12:00:00-00:00,2022-09-04,05,KERNFRNT_7_B1,KERNFRNT_7_B1,KERNFRNT_7_B1,RTPD,MCE,LMP_ENE_PRC,KERNFRNT_7_B1,ALL,1,79.81742,4,188
2022-09-04T12:45:00-00:00,2022-09-04T13:00:00-00:00,2022-09-04,06,KERNFRNT_7_B1,KERNFRNT_7_B1,KERNFRNT_7_B1,RTPD,MCE,LMP_ENE_PRC,KERNFRNT_7_B1,ALL,1,81.5519,4,188
2022-09-04T13:45:00-00:00,2022-09-04T14:00:00-00:00,2022-09-04,07,KERNFRNT_7_B1,KERNFRNT_7_B1,KERNFRNT_7_B1,RTPD,MCE,LMP_ENE_PRC,KERNFRNT_7_B1,ALL,1,60.75904,4,188
2022-09-04T14:45:00-00:00,2022-09-04T15:00:00-00:00,2022-09-04,08,KERNFRNT_7_B1,KERNFRNT_7_B1,KERNFRNT_7_B1,RTPD,MCE,LMP_ENE_PRC,KERNFRNT_7_B1,ALL,1,53.37606,4,188
2022-09-04T15:45:00-00:00,2022-09-04T16:00:00-00:00,2022-09-04,09,KERNFRNT_7_B1,KERNFRNT_7_B1,KERNFRNT_7_B1,RTPD,MCE,LMP_ENE_PRC,KERNFRNT_7_B1,ALL,1,41.51812,4,188
2022-09-04T16:45:00-00:00,2022-09-04T17:00:00-00:00,2022-09-04,10,KERNFRNT_7_B1,KERNFRNT_7_B1,KERNFRNT_7_B1,RTPD,MCE,LMP_ENE_PRC,KERNFRNT_7_B1,ALL,1,56.27322,4,188
2022-09-04T17:45:00-00:00,2022-09-04T18:00:00-00:00,2022-09-04,11,KERNFRNT_7_B1,KERNFRNT_7_B1,KERNFRNT_7_B1,RTPD,MCE,LMP_ENE_PRC,KERNFRNT_7_B1,ALL,1,80.41392,4,188
2022-09-04T18:45:00-00:00,2022-09-04T19:00:00-00:00,2022-09-04,12,KERNFRNT_7_B1,KERNFRNT_7_B1,KERNFRNT_7_B1,RTPD,MCE,LMP_ENE_PRC,KERNFRNT_7_B1,ALL,1,91.88616,4,188
2022-09-04T19:45:00-00:00,2022-09-04T20:00:00-00:00,2022-09-04,13,KERNFRNT_7_B1,KERNFRNT_7_B1,KERNFRNT_7_B1,RTPD,MCE,LMP_ENE_PRC,KERNFRNT_7_B1,ALL,1,99.49507,4,188
2022-09-04T20:45:00-00:00,2022-09-04T21:00:00-00:00,2022-09-04,14,KERNFRNT_7_B1,KERNFRNT_7_B1,KERNFRNT_7_B1,RTPD,MCE,LMP_ENE_PRC,KERNFRNT_7_B1,ALL,1,111.03904,4,188
2022-09-04T21:45:00-00:00,2022-09-04T22:00:00-00:00,2022-09-04,15,KERNFRNT_7_B1,KERNFRNT_7_B1,KERNFRNT_7_B1,RTPD,MCE,LMP_ENE_PRC,KERNFRNT_7_B1,ALL,1,139.43553,4,188
2022-09-04T22:45:00-00:00,2022-09-04T23:00:00-00:00,2022-09-04,16,KERNFRNT_7_B1,KERNFRNT_7_B1,KERNFRNT_7_B1,RTPD,MCE,LMP_ENE_PRC,KERNFRNT_7_B1,ALL,1,143.70679,4,188
2022-09-04T23:45:00-00:00,2022-09-05T00:00:00-00:00,2022-09-04,17,KERNFRNT_7_B1,KERNFRNT_7_B1,KERNFRNT_7_B1,RTPD,MCE,LMP_ENE_PRC,KERNFRNT_7_B1,ALL,1,173.92435,4,188
2022-09-05T00:45:00-00:00,2022-09-05T01:00:00-00:00,2022-09-04,18,KERNFRNT_7_B1,KERNFRNT_7_B1,KERNFRNT_7_B1,RTPD,MCE,LMP_ENE_PRC,KERNFRNT_7_B1,ALL,1,342.64575,4,188
2022-09-05T01:45:00-00:00,2022-09-05T02:00:00-00:00,2022-09-04,19,KERNFRNT_7_B1,KERNFRNT_7_B1,KERNFRNT_7_B1,RTPD,MCE,LMP_ENE_PRC,KERNFRNT_7_B1,ALL,1,793.1877,4,188
2022-09-05T02:45:00-00:00,2022-09-05T03:00:00-00:00,2022-09-04,20,KERNFRNT_7_B1,KERNFRNT_7_B1,KERNFRNT_7_B1,RTPD,MCE,LMP_ENE_PRC,KERNFRNT_7_B1,ALL,1,113.80091,4,188
2022-09-05T03:45:00-00:00,2022-09-05T04:00:00-00:00,2022-09-04,21,KERNFRNT_7_B1,KERNFRNT_7_B1,KERNFRNT_7_B1,RTPD,MCE,LMP_ENE_PRC,KERNFRNT_7_B1,ALL,1,108.55133,4,188
2022-09-05T04:45:00-00:00,2022-09-05T05:00:00-00:00,2022-09-04,22,KERNFRNT_7_B1,KERNFRNT_7_B1,KERNFRNT_7_B1,RTPD,MCE,LMP_ENE_PRC,KERNFRNT_7_B1,ALL,1,109.13516,4,188
2022-09-05T05:45:00-00:00,2022-09-05T06:00:00-00:00,2022-09-04,23,KERNFRNT_7_B1,KERNFRNT_7_B1,KERNFRNT_7_B1,RTPD,MCE,LMP_ENE_PRC,KERNFRNT_7_B1,ALL,1,95.38478,4,188
2022-09-05T06:45:00-00:00,2022-09-05T07:00:00-00:00,2022-09-04,24,KERNFRNT_7_B1,KERNFRNT_7_B1,KERNFRNT_7_B1,RTPD,MCE,LMP_ENE_PRC,KERNFRNT_7_B1,ALL,1,84.93478,4,188
2022-09-04T07:00:00-00:00,2022-09-04T07:15:00-00:00,2022-09-04,01,KERNFRNT_7_B1,KERNFRNT_7_B1,KERNFRNT_7_B1,RTPD,MCL,LMP_LOSS_PRC,KERNFRNT_7_B1,ALL,1,6.36743,1,189
2022-09-04T08:00:00-00:00,2022-09-04T08:15:00-00:00,2022-09-04,02,KERNFRNT_7_B1,KERNFRNT_7_B1,KERNFRNT_7_B1,RTPD,MCL,LMP_LOSS_PRC,KERNFRNT_7_B1,ALL,1,0,1,189
2022-09-04T09:00:00-00:00,2022-09-04T09:15:00-00:00,2022-09-04,03,KERNFRNT_7_B1,KERNFRNT_7_B1,KERNFRNT_7_B1,RTPD,MCL,LMP_LOSS_PRC,KERNFRNT_7_B1,ALL,1,0,1,189
2022-09-04T10:00:00-00:00,2022-09-04T10:15:00-00:00,2022-09-04,04,KERNFRNT_7_B1,KERNFRNT_7_B1,KERNFRNT_7_B1,RTPD,MCL,LMP_LOSS_PRC,KERNFRNT_7_B1,ALL,1,5.28279,1,189
2022-09-04T11:00:00-00:00,2022-09-04T11:15:00-00:00,2022-09-04,05,KERNFRNT_7_B1,KERNFRNT_7_B1,KERNFRNT_7_B1,RTPD,MCL,LMP_LOSS_PRC,KERNFRNT_7_B1,ALL,1,4.69424,1,189
2022-09-04T12:00:00-00:00,2022-09-04T12:15:00-00:00,2022-09-04,06,KERNFRNT_7_B1,KERNFRNT_7_B1,KERNFRNT_7_B1,RTPD,MCL,LMP_LOSS_PRC,KERNFRNT_7_B1,ALL,1,5.05269,1,189
2022-09-04T13:00:00-00:00,2022-09-04T13:15:00-00:00,2022-09-04,07,KERNFRNT_7_B1,KERNFRNT_7_B1,KERNFRNT_7_B1,RTPD,MCL,LMP_LOSS_PRC,KERNFRNT_7_B1,ALL,1,4.77508,1,189
2022-09-04T14:00:00-00:00,2022-09-04T14:15:00-00:00,2022-09-04,08,KERNFRNT_7_B1,KERNFRNT_7_B1,KERNFRNT_7_B1,RTPD,MCL,LMP_LOSS_PRC,KERNFRNT_7_B1,ALL,1,5.33881,1,189
2022-09-04T15:00:00-00:00,2022-09-04T15:15:00-00:00,2022-09-04,09,KERNFRNT_7_B1,KERNFRNT_7_B1,KERNFRNT_7_B1,RTPD,MCL,LMP_LOSS_PRC,KERNFRNT_7_B1,ALL,1,2.68038,1,189
2022-09-04T16:00:00-00:00,2022-09-04T16:15:00-00:00,2022-09-04,10,KERNFRNT_7_B1,KERNFRNT_7_B1,KERNFRNT_7_B1,RTPD,MCL,LMP_LOSS_PRC,KERNFRNT_7_B1,ALL,1,1.08448,1,189
2022-09-04T17:00:00-00:00,2022-09-04T17:15:00-00:00,2022-09-04,11,KERNFRNT_7_B1,KERNFRNT_7_B1,KERNFRNT_7_B1,RTPD,MCL,LMP_LOSS_PRC,KERNFRNT_7_B1,ALL,1,1.64135,1,189
2022-09-04T18:00:00-00:00,2022-09-04T18:15:00-00:00,2022-09-04,12,KERNFRNT_7_B1,KERNFRNT_7_B1,KERNFRNT_7_B1,RTPD,MCL,LMP_LOSS_PRC,KERNFRNT_7_B1,ALL,1,1.54199,1,189
2022-09-04T19:00:00-00:00,2022-09-04T19:15:00-00:00,2022-09-04,13,KERNFRNT_7_B1,KERNFRNT_7_B1,KERNFRNT_7_B1,RTPD,MCL,LMP_LOSS_PRC,KERNFRNT_7_B1,ALL,1,2.32808,1,189
2022-09-04T20:00:00-00:00,2022-09-04T20:15:00-00:00,2022-09-04,14,KERNFRNT_7_B1,KERNFRNT_7_B1,KERNFRNT_7_B1,RTPD,MCL,LMP_LOSS_PRC,KERNFRNT_7_B1,ALL,1,2.86593,1,189
2022-09-04T21:00:00-00:00,2022-09-04T21:15:00-00:00,2022-09-04,15,KERNFRNT_7_B1,KERNFRNT_7_B1,KERNFRNT_7_B1,RTPD,MCL,LMP_LOSS_PRC,KERNFRNT_7_B1,ALL,1,3.27944,1,189
2022-09-04T22:00:00-00:00,2022-09-04T22:15:00-00:00,2022-09-04,16,KERNFRNT_7_B1,KERNFRNT_7_B1,KERNFRNT_7_B1,RTPD,MCL,LMP_LOSS_PRC,KERNFRNT_7_B1,ALL,1,1.2481,1,189
2022-09-04T23:00:00-00:00,2022-09-04T23:15:00-00:00,2022-09-04,17,KERNFRNT_7_B1,KERNFRNT_7_B1,KERNFRNT_7_B1,RTPD,MCL,LMP_LOSS_PRC,KERNFRNT_7_B1,ALL,1,0,1,189
2022-09-05T00:00:00-00:00,2022-09-05T00:15:00-00:00,2022-09-04,18,KERNFRNT_7_B1,KERNFRNT_7_B1,KERNFRNT_7_B1,RTPD,MCL,LMP_LOSS_PRC,KERNFRNT_7_B1,ALL,1,2.79638,1,189
2022-09-05T01:00:00-00:00,2022-09-05T01:15:00-00:00,2022-09-04,19,KERNFRNT_7_B1,KERNFRNT_7_B1,KERNFRNT_7_B1,RTPD,MCL,LMP_LOSS_PRC,KERNFRNT_7_B1,ALL,1,4.46099,1,189
2022-09-05T02:00:00-00:00,2022-09-05T02:15:00-00:00,2022-09-04,20,KERNFRNT_7_B1,KERNFRNT_7_B1,KERNFRNT_7_B1,RTPD,MCL,LMP_LOSS_PRC,KERNFRNT_7_B1,ALL,1,3.95534,1,189
2022-09-05T03:00:00-00:00,2022-09-05T03:15:00-00:00,2022-09-04,21,KERNFRNT_7_B1,KERNFRNT_7_B1,KERNFRNT_7_B1,RTPD,MCL,LMP_LOSS_PRC,KERNFRNT_7_B1,ALL,1,3.27555,1,189
2022-09-05T04:00:00-00:00,2022-09-05T04:15:00-00:00,2022-09-04,22,KERNFRNT_7_B1,KERNFRNT_7_B1,KERNFRNT_7_B1,RTPD,MCL,LMP_LOSS_PRC,KERNFRNT_7_B1,ALL,1,2.60843,1,189
2022-09-05T05:00:00-00:00,2022-09-05T05:15:00-00:00,2022-09-04,23,KERNFRNT_7_B1,KERNFRNT_7_B1,KERNFRNT_7_B1,RTPD,MCL,LMP_LOSS_PRC,KERNFRNT_7_B1,ALL,1,6.18098,1,189
2022-09-05T06:00:00-00:00,2022-09-05T06:15:00-00:00,2022-09-04,24,KERNFRNT_7_B1,KERNFRNT_7_B1,KERNFRNT_7_B1,RTPD,MCL,LMP_LOSS_PRC,KERNFRNT_7_B1,ALL,1,6.55157,1,189
2022-09-04T07:15:00-00:00,2022-09-04T07:30:00-00:00,2022-09-04,01,KERNFRNT_7_B1,KERNFRNT_7_B1,KERNFRNT_7_B1,RTPD,MCL,LMP_LOSS_PRC,KERNFRNT_7_B1,ALL,1,6.097,2,189
2022-09-04T08:15:00-00:00,2022-09-04T08:30:00-00:00,2022-09-04,02,KERNFRNT_7_B1,KERNFRNT_7_B1,KERNFRNT_7_B1,RTPD,MCL,LMP_LOSS_PRC,KERNFRNT_7_B1,ALL,1,0,2,189
2022-09-04T09:15:00-00:00,2022-09-04T09:30:00-00:00,2022-09-04,03,KERNFRNT_7_B1,KERNFRNT_7_B1,KERNFRNT_7_B1,RTPD,MCL,LMP_LOSS_PRC,KERNFRNT_7_B1,ALL,1,0,2,189
2022-09-04T10:15:00-00:00,2022-09-04T10:30:00-00:00,2022-09-04,04,KERNFRNT_7_B1,KERNFRNT_7_B1,KERNFRNT_7_B1,RTPD,MCL,LMP_LOSS_PRC,KERNFRNT_7_B1,ALL,1,4.99204,2,189
2022-09-04T11:15:00-00:00,2022-09-04T11:30:00-00:00,2022-09-04,05,KERNFRNT_7_B1,KERNFRNT_7_B1,KERNFRNT_7_B1,RTPD,MCL,LMP_LOSS_PRC,KERNFRNT_7_B1,ALL,1,4.66785,2,189
2022-09-04T12:15:00-00:00,2022-09-04T12:30:00-00:00,2022-09-04,06,KERNFRNT_7_B1,KERNFRNT_7_B1,KERNFRNT_7_B1,RTPD,MCL,LMP_LOSS_PRC,KERNFRNT_7_B1,ALL,1,5.02648,2,189
2022-09-04T13:15:00-00:00,2022-09-04T13:30:00-00:00,2022-09-04,07,KERNFRNT_7_B1,KERNFRNT_7_B1,KERNFRNT_7_B1,RTPD,MCL,LMP_LOSS_PRC,KERNFRNT_7_B1,ALL,1,4.6037,2,189
2022-09-04T14:15:00-00:00,2022-09-04T14:30:00-00:00,2022-09-04,08,KERNFRNT_7_B1,KERNFRNT_7_B1,KERNFRNT_7_B1,RTPD,MCL,LMP_LOSS_PRC,KERNFRNT_7_B1,ALL,1,4.41809,2,189
2022-09-04T15:15:00-00:00,2022-09-04T15:30:00-00:00,2022-09-04,09,KERNFRNT_7_B1,KERNFRNT_7_B1,KERNFRNT_7_B1,RTPD,MCL,LMP_LOSS_PRC,KERNFRNT_7_B1,ALL,1,1.99724,2,189
2022-09-04T16:15:00-00:00,2022-09-04T16:30:00-00:00,2022-09-04,10,KERNFRNT_7_B1,KERNFRNT_7_B1,KERNFRNT_7_B1,RTPD,MCL,LMP_LOSS_PRC,KERNFRNT_7_B1,ALL,1,1.06904,2,189
2022-09-04T17:15:00-00:00,2022-09-04T17:30:00-00:00,2022-09-04,11,KERNFRNT_7_B1,KERNFRNT_7_B1,KERNFRNT_7_B1,RTPD,MCL,LMP_LOSS_PRC,KERNFRNT_7_B1,ALL,1,1.81476,2,189
2022-09-04T18:15:00-00:00,2022-09-04T18:30:00-00:00,2022-09-04,12,KERNFRNT_7_B1,KERNFRNT_7_B1,KERNFRNT_7_B1,RTPD,MCL,LMP_LOSS_PRC,KERNFRNT_7_B1,ALL,1,1.64135,2,189
2022-09-04T19:15:00-00:00,2022-09-04T19:30:00-00:00,2022-09-04,13,KERNFRNT_7_B1,KERNFRNT_7_B1,KERNFRNT_7_B1,RTPD,MCL,LMP_LOSS_PRC,KERNFRNT_7_B1,ALL,1,2.5644,2,189
2022-09-04T20:15:00-00:00,2022-09-04T20:30:00-00:00,2022-09-04,14,KERNFRNT_7_B1,KERNFRNT_7_B1,KERNFRNT_7_B1,RTPD,MCL,LMP_LOSS_PRC,KERNFRNT_7_B1,ALL,1,2.70269,2,189
2022-09-04T21:15:00-00:00,2022-09-04T21:30:00-00:00,2022-09-04,15,KERNFRNT_7_B1,KERNFRNT_7_B1,KERNFRNT_7_B1,RTPD,MCL,LMP_LOSS_PRC,KERNFRNT_7_B1,ALL,1,3.9311,2,189
2022-09-04T22:15:00-00:00,2022-09-04T22:30:00-00:00,2022-09-04,16,KERNFRNT_7_B1,KERNFRNT_7_B1,KERNFRNT_7_B1,RTPD,MCL,LMP_LOSS_PRC,KERNFRNT_7_B1,ALL,1,1.58522,2,189
2022-09-04T23:15:00-00:00,2022-09-04T23:30:00-00:00,2022-09-04,17,KERNFRNT_7_B1,KERNFRNT_7_B1,KERNFRNT_7_B1,RTPD,MCL,LMP_LOSS_PRC,KERNFRNT_7_B1,ALL,1,0,2,189
2022-09-05T00:15:00-00:00,2022-09-05T00:30:00-00:00,2022-09-04,18,KERNFRNT_7_B1,KERNFRNT_7_B1,KERNFRNT_7_B1,RTPD,MCL,LMP_LOSS_PRC,KERNFRNT_7_B1,ALL,1,6.35118,2,189
2022-09-05T01:15:00-00:00,2022-09-05T01:30:00-00:00,2022-09-04,19,KERNFRNT_7_B1,KERNFRNT_7_B1,KERNFRNT_7_B1,RTPD,MCL,LMP_LOSS_PRC,KERNFRNT_7_B1,ALL,1,8.22903,2,189
2022-09-05T02:15:00-00:00,2022-09-05T02:30:00-00:00,2022-09-04,20,KERNFRNT_7_B1,KERNFRNT_7_B1,KERNFRNT_7_B1,RTPD,MCL,LMP_LOSS_PRC,KERNFRNT_7_B1,ALL,1,4.38138,2,189
2022-09-05T03:15:00-00:00,2022-09-05T03:30:00-00:00,2022-09-04,21,KERNFRNT_7_B1,KERNFRNT_7_B1,KERNFRNT_7_B1,RTPD,MCL,LMP_LOSS_PRC,KERNFRNT_7_B1,ALL,1,3.0295,2,189
2022-09-05T04:15:00-00:00,2022-09-05T04:30:00-00:00,2022-09-04,22,KERNFRNT_7_B1,KERNFRNT_7_B1,KERNFRNT_7_B1,RTPD,MCL,LMP_LOSS_PRC,KERNFRNT_7_B1,ALL,1,2.61983,2,189
2022-09-05T05:15:00-00:00,2022-09-05T05:30:00-00:00,2022-09-04,23,KERNFRNT_7_B1,KERNFRNT_7_B1,KERNFRNT_7_B1,RTPD,MCL,LMP_LOSS_PRC,KERNFRNT_7_B1,ALL,1,6.16112,2,189
2022-09-05T06:15:00-00:00,2022-09-05T06:30:00-00:00,2022-09-04,24,KERNFRNT_7_B1,KERNFRNT_7_B1,KERNFRNT_7_B1,RTPD,MCL,LMP_LOSS_PRC,KERNFRNT_7_B1,ALL,1,5.88051,2,189
2022-09-04T07:30:00-00:00,2022-09-04T07:45:00-00:00,2022-09-04,01,KERNFRNT_7_B1,KERNFRNT_7_B1,KERNFRNT_7_B1,RTPD,MCL,LMP_LOSS_PRC,KERNFRNT_7_B1,ALL,1,5.92051,3,189
2022-09-04T08:30:00-00:00,2022-09-04T08:45:00-00:00,2022-09-04,02,KERNFRNT_7_B1,KERNFRNT_7_B1,KERNFRNT_7_B1,RTPD,MCL,LMP_LOSS_PRC,KERNFRNT_7_B1,ALL,1,0,3,189
2022-09-04T09:30:00-00:00,2022-09-04T09:45:00-00:00,2022-09-04,03,KERNFRNT_7_B1,KERNFRNT_7_B1,KERNFRNT_7_B1,RTPD,MCL,LMP_LOSS_PRC,KERNFRNT_7_B1,ALL,1,0,3,189
2022-09-04T10:30:00-00:00,2022-09-04T10:45:00-00:00,2022-09-04,04,KERNFRNT_7_B1,KERNFRNT_7_B1,KERNFRNT_7_B1,RTPD,MCL,LMP_LOSS_PRC,KERNFRNT_7_B1,ALL,1,4.91294,3,189
2022-09-04T11:30:00-00:00,2022-09-04T11:45:00-00:00,2022-09-04,05,KERNFRNT_7_B1,KERNFRNT_7_B1,KERNFRNT_7_B1,RTPD,MCL,LMP_LOSS_PRC,KERNFRNT_7_B1,ALL,1,4.60067,3,189
2022-09-04T12:30:00-00:00,2022-09-04T12:45:00-00:00,2022-09-04,06,KERNFRNT_7_B1,KERNFRNT_7_B1,KERNFRNT_7_B1,RTPD,MCL,LMP_LOSS_PRC,KERNFRNT_7_B1,ALL,1,5.09573,3,189
2022-09-04T13:30:00-00:00,2022-09-04T13:45:00-00:00,2022-09-04,07,KERNFRNT_7_B1,KERNFRNT_7_B1,KERNFRNT_7_B1,RTPD,MCL,LMP_LOSS_PRC,KERNFRNT_7_B1,ALL,1,4.50737,3,189
2022-09-04T14:30:00-00:00,2022-09-04T14:45:00-00:00,2022-09-04,08,KERNFRNT_7_B1,KERNFRNT_7_B1,KERNFRNT_7_B1,RTPD,MCL,LMP_LOSS_PRC,KERNFRNT_7_B1,ALL,1,3.80941,3,189
2022-09-04T15:30:00-00:00,2022-09-04T15:45:00-00:00,2022-09-04,09,KERNFRNT_7_B1,KERNFRNT_7_B1,KERNFRNT_7_B1,RTPD,MCL,LMP_LOSS_PRC,KERNFRNT_7_B1,ALL,1,1.42713,3,189
2022-09-04T16:30:00-00:00,2022-09-04T16:45:00-00:00,2022-09-04,10,KERNFRNT_7_B1,KERNFRNT_7_B1,KERNFRNT_7_B1,RTPD,MCL,LMP_LOSS_PRC,KERNFRNT_7_B1,ALL,1,1.10238,3,189
2022-09-04T17:30:00-00:00,2022-09-04T17:45:00-00:00,2022-09-04,11,KERNFRNT_7_B1,KERNFRNT_7_B1,KERNFRNT_7_B1,RTPD,MCL,LMP_LOSS_PRC,KERNFRNT_7_B1,ALL,1,2.01857,3,189
2022-09-04T18:30:00-00:00,2022-09-04T18:45:00-00:00,2022-09-04,12,KERNFRNT_7_B1,KERNFRNT_7_B1,KERNFRNT_7_B1,RTPD,MCL,LMP_LOSS_PRC,KERNFRNT_7_B1,ALL,1,1.77395,3,189
2022-09-04T19:30:00-00:00,2022-09-04T19:45:00-00:00,2022-09-04,13,KERNFRNT_7_B1,KERNFRNT_7_B1,KERNFRNT_7_B1,RTPD,MCL,LMP_LOSS_PRC,KERNFRNT_7_B1,ALL,1,3.30249,3,189
2022-09-04T20:30:00-00:00,2022-09-04T20:45:00-00:00,2022-09-04,14,KERNFRNT_7_B1,KERNFRNT_7_B1,KERNFRNT_7_B1,RTPD,MCL,LMP_LOSS_PRC,KERNFRNT_7_B1,ALL,1,3.39175,3,189
2022-09-04T21:30:00-00:00,2022-09-04T21:45:00-00:00,2022-09-04,15,KERNFRNT_7_B1,KERNFRNT_7_B1,KERNFRNT_7_B1,RTPD,MCL,LMP_LOSS_PRC,KERNFRNT_7_B1,ALL,1,3.76989,3,189
2022-09-04T22:30:00-00:00,2022-09-04T22:45:00-00:00,2022-09-04,16,KERNFRNT_7_B1,KERNFRNT_7_B1,KERNFRNT_7_B1,RTPD,MCL,LMP_LOSS_PRC,KERNFRNT_7_B1,ALL,1,1.33477,3,189
2022-09-04T23:30:00-00:00,2022-09-04T23:45:00-00:00,2022-09-04,17,KERNFRNT_7_B1,KERNFRNT_7_B1,KERNFRNT_7_B1,RTPD,MCL,LMP_LOSS_PRC,KERNFRNT_7_B1,ALL,1,0,3,189
2022-09-05T00:30:00-00:00,2022-09-05T00:45:00-00:00,2022-09-04,18,KERNFRNT_7_B1,KERNFRNT_7_B1,KERNFRNT_7_B1,RTPD,MCL,LMP_LOSS_PRC,KERNFRNT_7_B1,ALL,1,4.35644,3,189
2022-09-05T01:30:00-00:00,2022-09-05T01:45:00-00:00,2022-09-04,19,KERNFRNT_7_B1,KERNFRNT_7_B1,KERNFRNT_7_B1,RTPD,MCL,LMP_LOSS_PRC,KERNFRNT_7_B1,ALL,1,29.49749,3,189
2022-09-05T02:30:00-00:00,2022-09-05T02:45:00-00:00,2022-09-04,20,KERNFRNT_7_B1,KERNFRNT_7_B1,KERNFRNT_7_B1,RTPD,MCL,LMP_LOSS_PRC,KERNFRNT_7_B1,ALL,1,3.30672,3,189
2022-09-05T03:30:00-00:00,2022-09-05T03:45:00-00:00,2022-09-04,21,KERNFRNT_7_B1,KERNFRNT_7_B1,KERNFRNT_7_B1,RTPD,MCL,LMP_LOSS_PRC,KERNFRNT_7_B1,ALL,1,2.49752,3,189
2022-09-05T04:30:00-00:00,2022-09-05T04:45:00-00:00,2022-09-04,22,KERNFRNT_7_B1,KERNFRNT_7_B1,KERNFRNT_7_B1,RTPD,MCL,LMP_LOSS_PRC,KERNFRNT_7_B1,ALL,1,2.4184,3,189
2022-09-05T05:30:00-00:00,2022-09-05T05:45:00-00:00,2022-09-04,23,KERNFRNT_7_B1,KERNFRNT_7_B1,KERNFRNT_7_B1,RTPD,MCL,LMP_LOSS_PRC,KERNFRNT_7_B1,ALL,1,5.61741,3,189
2022-09-05T06:30:00-00:00,2022-09-05T06:45:00-00:00,2022-09-04,24,KERNFRNT_7_B1,KERNFRNT_7_B1,KERNFRNT_7_B1,RTPD,MCL,LMP_LOSS_PRC,KERNFRNT_7_B1,ALL,1,4.64854,3,189
2022-09-04T07:45:00-00:00,2022-09-04T08:00:00-00:00,2022-09-04,01,KERNFRNT_7_B1,KERNFRNT_7_B1,KERNFRNT_7_B1,RTPD,MCL,LMP_LOSS_PRC,KERNFRNT_7_B1,ALL,1,0,4,189
2022-09-04T08:45:00-00:00,2022-09-04T09:00:00-00:00,2022-09-04,02,KERNFRNT_7_B1,KERNFRNT_7_B1,KERNFRNT_7_B1,RTPD,MCL,LMP_LOSS_PRC,KERNFRNT_7_B1,ALL,1,4.85347,4,189
2022-09-04T09:45:00-00:00,2022-09-04T10:00:00-00:00,2022-09-04,03,KERNFRNT_7_B1,KERNFRNT_7_B1,KERNFRNT_7_B1,RTPD,MCL,LMP_LOSS_PRC,KERNFRNT_7_B1,ALL,1,4.53407,4,189
2022-09-04T10:45:00-00:00,2022-09-04T11:00:00-00:00,2022-09-04,04,KERNFRNT_7_B1,KERNFRNT_7_B1,KERNFRNT_7_B1,RTPD,MCL,LMP_LOSS_PRC,KERNFRNT_7_B1,ALL,1,4.48981,4,189
2022-09-04T11:45:00-00:00,2022-09-04T12:00:00-00:00,2022-09-04,05,KERNFRNT_7_B1,KERNFRNT_7_B1,KERNFRNT_7_B1,RTPD,MCL,LMP_LOSS_PRC,KERNFRNT_7_B1,ALL,1,4.44583,4,189
2022-09-04T12:45:00-00:00,2022-09-04T13:00:00-00:00,2022-09-04,06,KERNFRNT_7_B1,KERNFRNT_7_B1,KERNFRNT_7_B1,RTPD,MCL,LMP_LOSS_PRC,KERNFRNT_7_B1,ALL,1,4.79525,4,189
2022-09-04T13:45:00-00:00,2022-09-04T14:00:00-00:00,2022-09-04,07,KERNFRNT_7_B1,KERNFRNT_7_B1,KERNFRNT_7_B1,RTPD,MCL,LMP_LOSS_PRC,KERNFRNT_7_B1,ALL,1,3.73061,4,189
2022-09-04T14:45:00-00:00,2022-09-04T15:00:00-00:00,2022-09-04,08,KERNFRNT_7_B1,KERNFRNT_7_B1,KERNFRNT_7_B1,RTPD,MCL,LMP_LOSS_PRC,KERNFRNT_7_B1,ALL,1,2.11369,4,189
2022-09-04T15:45:00-00:00,2022-09-04T16:00:00-00:00,2022-09-04,09,KERNFRNT_7_B1,KERNFRNT_7_B1,KERNFRNT_7_B1,RTPD,MCL,LMP_LOSS_PRC,KERNFRNT_7_B1,ALL,1,1.00474,4,189
2022-09-04T16:45:00-00:00,2022-09-04T17:00:00-00:00,2022-09-04,10,KERNFRNT_7_B1,KERNFRNT_7_B1,KERNFRNT_7_B1,RTPD,MCL,LMP_LOSS_PRC,KERNFRNT_7_B1,ALL,1,1.26052,4,189
2022-09-04T17:45:00-00:00,2022-09-04T18:00:00-00:00,2022-09-04,11,KERNFRNT_7_B1,KERNFRNT_7_B1,KERNFRNT_7_B1,RTPD,MCL,LMP_LOSS_PRC,KERNFRNT_7_B1,ALL,1,2.38829,4,189
2022-09-04T18:45:00-00:00,2022-09-04T19:00:00-00:00,2022-09-04,12,KERNFRNT_7_B1,KERNFRNT_7_B1,KERNFRNT_7_B1,RTPD,MCL,LMP_LOSS_PRC,KERNFRNT_7_B1,ALL,1,2.05825,4,189
2022-09-04T19:45:00-00:00,2022-09-04T20:00:00-00:00,2022-09-04,13,KERNFRNT_7_B1,KERNFRNT_7_B1,KERNFRNT_7_B1,RTPD,MCL,LMP_LOSS_PRC,KERNFRNT_7_B1,ALL,1,3.0346,4,189
2022-09-04T20:45:00-00:00,2022-09-04T21:00:00-00:00,2022-09-04,14,KERNFRNT_7_B1,KERNFRNT_7_B1,KERNFRNT_7_B1,RTPD,MCL,LMP_LOSS_PRC,KERNFRNT_7_B1,ALL,1,3.15351,4,189
2022-09-04T21:45:00-00:00,2022-09-04T22:00:00-00:00,2022-09-04,15,KERNFRNT_7_B1,KERNFRNT_7_B1,KERNFRNT_7_B1,RTPD,MCL,LMP_LOSS_PRC,KERNFRNT_7_B1,ALL,1,5.14517,4,189
2022-09-04T22:45:00-00:00,2022-09-04T23:00:00-00:00,2022-09-04,16,KERNFRNT_7_B1,KERNFRNT_7_B1,KERNFRNT_7_B1,RTPD,MCL,LMP_LOSS_PRC,KERNFRNT_7_B1,ALL,1,0,4,189
2022-09-04T23:45:00-00:00,2022-09-05T00:00:00-00:00,2022-09-04,17,KERNFRNT_7_B1,KERNFRNT_7_B1,KERNFRNT_7_B1,RTPD,MCL,LMP_LOSS_PRC,KERNFRNT_7_B1,ALL,1,0,4,189
2022-09-05T00:45:00-00:00,2022-09-05T01:00:00-00:00,2022-09-04,18,KERNFRNT_7_B1,KERNFRNT_7_B1,KERNFRNT_7_B1,RTPD,MCL,LMP_LOSS_PRC,KERNFRNT_7_B1,ALL,1,0,4,189
2022-09-05T01:45:00-00:00,2022-09-05T02:00:00-00:00,2022-09-04,19,KERNFRNT_7_B1,KERNFRNT_7_B1,KERNFRNT_7_B1,RTPD,MCL,LMP_LOSS_PRC,KERNFRNT_7_B1,ALL,1,24.27154,4,189
2022-09-05T02:45:00-00:00,2022-09-05T03:00:00-00:00,2022-09-04,20,KERNFRNT_7_B1,KERNFRNT_7_B1,KERNFRNT_7_B1,RTPD,MCL,LMP_LOSS_PRC,KERNFRNT_7_B1,ALL,1,2.19636,4,189
2022-09-05T03:45:00-00:00,2022-09-05T04:00:00-00:00,2022-09-04,21,KERNFRNT_7_B1,KERNFRNT_7_B1,KERNFRNT_7_B1,RTPD,MCL,LMP_LOSS_PRC,KERNFRNT_7_B1,ALL,1,1.7911,4,189
2022-09-05T04:45:00-00:00,2022-09-05T05:00:00-00:00,2022-09-04,22,KERNFRNT_7_B1,KERNFRNT_7_B1,KERNFRNT_7_B1,RTPD,MCL,LMP_LOSS_PRC,KERNFRNT_7_B1,ALL,1,1.68068,4,189
2022-09-05T05:45:00-00:00,2022-09-05T06:00:00-00:00,2022-09-04,23,KERNFRNT_7_B1,KERNFRNT_7_B1,KERNFRNT_7_B1,RTPD,MCL,LMP_LOSS_PRC,KERNFRNT_7_B1,ALL,1,3.88216,4,189
2022-09-05T06:45:00-00:00,2022-09-05T07:00:00-00:00,2022-09-04,24,KERNFRNT_7_B1,KERNFRNT_7_B1,KERNFRNT_7_B1,RTPD,MCL,LMP_LOSS_PRC,KERNFRNT_7_B1,ALL,1,4.22975,4,189
2022-09-04T07:00:00-00:00,2022-09-04T07:15:00-00:00,2022-09-04,01,KERNFRNT_7_B1,KERNFRNT_7_B1,KERNFRNT_7_B1,RTPD,MGHG,LMP_GHG_PRC,KERNFRNT_7_B1,ALL,1,0,1,190
2022-09-04T08:00:00-00:00,2022-09-04T08:15:00-00:00,2022-09-04,02,KERNFRNT_7_B1,KERNFRNT_7_B1,KERNFRNT_7_B1,RTPD,MGHG,LMP_GHG_PRC,KERNFRNT_7_B1,ALL,1,0,1,190
2022-09-04T09:00:00-00:00,2022-09-04T09:15:00-00:00,2022-09-04,03,KERNFRNT_7_B1,KERNFRNT_7_B1,KERNFRNT_7_B1,RTPD,MGHG,LMP_GHG_PRC,KERNFRNT_7_B1,ALL,1,0,1,190
2022-09-04T10:00:00-00:00,2022-09-04T10:15:00-00:00,2022-09-04,04,KERNFRNT_7_B1,KERNFRNT_7_B1,KERNFRNT_7_B1,RTPD,MGHG,LMP_GHG_PRC,KERNFRNT_7_B1,ALL,1,0,1,190
2022-09-04T11:00:00-00:00,2022-09-04T11:15:00-00:00,2022-09-04,05,KERNFRNT_7_B1,KERNFRNT_7_B1,KERNFRNT_7_B1,RTPD,MGHG,LMP_GHG_PRC,KERNFRNT_7_B1,ALL,1,0,1,190
2022-09-04T12:00:00-00:00,2022-09-04T12:15:00-00:00,2022-09-04,06,KERNFRNT_7_B1,KERNFRNT_7_B1,KERNFRNT_7_B1,RTPD,MGHG,LMP_GHG_PRC,KERNFRNT_7_B1,ALL,1,0,1,190
2022-09-04T13:00:00-00:00,2022-09-04T13:15:00-00:00,2022-09-04,07,KERNFRNT_7_B1,KERNFRNT_7_B1,KERNFRNT_7_B1,RTPD,MGHG,LMP_GHG_PRC,KERNFRNT_7_B1,ALL,1,0,1,190
2022-09-04T14:00:00-00:00,2022-09-04T14:15:00-00:00,2022-09-04,08,KERNFRNT_7_B1,KERNFRNT_7_B1,KERNFRNT_7_B1,RTPD,MGHG,LMP_GHG_PRC,KERNFRNT_7_B1,ALL,1,0,1,190
2022-09-04T15:00:00-00:00,2022-09-04T15:15:00-00:00,2022-09-04,09,KERNFRNT_7_B1,KERNFRNT_7_B1,KERNFRNT_7_B1,RTPD,MGHG,LMP_GHG_PRC,KERNFRNT_7_B1,ALL,1,0,1,190
2022-09-04T16:00:00-00:00,2022-09-04T16:15:00-00:00,2022-09-04,10,KERNFRNT_7_B1,KERNFRNT_7_B1,KERNFRNT_7_B1,RTPD,MGHG,LMP_GHG_PRC,KERNFRNT_7_B1,ALL,1,0,1,190
2022-09-04T17:00:00-00:00,2022-09-04T17:15:00-00:00,2022-09-04,11,KERNFRNT_7_B1,KERNFRNT_7_B1,KERNFRNT_7_B1,RTPD,MGHG,LMP_GHG_PRC,KERNFRNT_7_B1,ALL,1,0,1,190
2022-09-04T18:00:00-00:00,2022-09-04T18:15:00-00:00,2022-09-04,12,KERNFRNT_7_B1,KERNFRNT_7_B1,KERNFRNT_7_B1,RTPD,MGHG,LMP_GHG_PRC,KERNFRNT_7_B1,ALL,1,0,1,190
2022-09-04T19:00:00-00:00,2022-09-04T19:15:00-00:00,2022-09-04,13,KERNFRNT_7_B1,KERNFRNT_7_B1,KERNFRNT_7_B1,RTPD,MGHG,LMP_GHG_PRC,KERNFRNT_7_B1,ALL,1,0,1,190
2022-09-04T20:00:00-00:00,2022-09-04T20:15:00-00:00,2022-09-04,14,KERNFRNT_7_B1,KERNFRNT_7_B1,KERNFRNT_7_B1,RTPD,MGHG,LMP_GHG_PRC,KERNFRNT_7_B1,ALL,1,0,1,190
2022-09-04T21:00:00-00:00,2022-09-04T21:15:00-00:00,2022-09-04,15,KERNFRNT_7_B1,KERNFRNT_7_B1,KERNFRNT_7_B1,RTPD,MGHG,LMP_GHG_PRC,KERNFRNT_7_B1,ALL,1,0,1,190
2022-09-04T22:00:00-00:00,2022-09-04T22:15:00-00:00,2022-09-04,16,KERNFRNT_7_B1,KERNFRNT_7_B1,KERNFRNT_7_B1,RTPD,MGHG,LMP_GHG_PRC,KERNFRNT_7_B1,ALL,1,0,1,190
2022-09-04T23:00:00-00:00,2022-09-04T23:15:00-00:00,2022-09-04,17,KERNFRNT_7_B1,KERNFRNT_7_B1,KERNFRNT_7_B1,RTPD,MGHG,LMP_GHG_PRC,KERNFRNT_7_B1,ALL,1,0,1,190
2022-09-05T00:00:00-00:00,2022-09-05T00:15:00-00:00,2022-09-04,18,KERNFRNT_7_B1,KERNFRNT_7_B1,KERNFRNT_7_B1,RTPD,MGHG,LMP_GHG_PRC,KERNFRNT_7_B1,ALL,1,0,1,190
2022-09-05T01:00:00-00:00,2022-09-05T01:15:00-00:00,2022-09-04,19,KERNFRNT_7_B1,KERNFRNT_7_B1,KERNFRNT_7_B1,RTPD,MGHG,LMP_GHG_PRC,KERNFRNT_7_B1,ALL,1,0,1,190
2022-09-05T02:00:00-00:00,2022-09-05T02:15:00-00:00,2022-09-04,20,KERNFRNT_7_B1,KERNFRNT_7_B1,KERNFRNT_7_B1,RTPD,MGHG,LMP_GHG_PRC,KERNFRNT_7_B1,ALL,1,0,1,190
2022-09-05T03:00:00-00:00,2022-09-05T03:15:00-00:00,2022-09-04,21,KERNFRNT_7_B1,KERNFRNT_7_B1,KERNFRNT_7_B1,RTPD,MGHG,LMP_GHG_PRC,KERNFRNT_7_B1,ALL,1,0,1,190
2022-09-05T04:00:00-00:00,2022-09-05T04:15:00-00:00,2022-09-04,22,KERNFRNT_7_B1,KERNFRNT_7_B1,KERNFRNT_7_B1,RTPD,MGHG,LMP_GHG_PRC,KERNFRNT_7_B1,ALL,1,0,1,190
2022-09-05T05:00:00-00:00,2022-09-05T05:15:00-00:00,2022-09-04,23,KERNFRNT_7_B1,KERNFRNT_7_B1,KERNFRNT_7_B1,RTPD,MGHG,LMP_GHG_PRC,KERNFRNT_7_B1,ALL,1,0,1,190
2022-09-05T06:00:00-00:00,2022-09-05T06:15:00-00:00,2022-09-04,24,KERNFRNT_7_B1,KERNFRNT_7_B1,KERNFRNT_7_B1,RTPD,MGHG,LMP_GHG_PRC,KERNFRNT_7_B1,ALL,1,0,1,190
2022-09-04T07:15:00-00:00,2022-09-04T07:30:00-00:00,2022-09-04,01,KERNFRNT_7_B1,KERNFRNT_7_B1,KERNFRNT_7_B1,RTPD,MGHG,LMP_GHG_PRC,KERNFRNT_7_B1,ALL,1,0,2,190
2022-09-04T08:15:00-00:00,2022-09-04T08:30:00-00:00,2022-09-04,02,KERNFRNT_7_B1,KERNFRNT_7_B1,KERNFRNT_7_B1,RTPD,MGHG,LMP_GHG_PRC,KERNFRNT_7_B1,ALL,1,0,2,190
2022-09-04T09:15:00-00:00,2022-09-04T09:30:00-00:00,2022-09-04,03,KERNFRNT_7_B1,KERNFRNT_7_B1,KERNFRNT_7_B1,RTPD,MGHG,LMP_GHG_PRC,KERNFRNT_7_B1,ALL,1,0,2,190
2022-09-04T10:15:00-00:00,2022-09-04T10:30:00-00:00,2022-09-04,04,KERNFRNT_7_B1,KERNFRNT_7_B1,KERNFRNT_7_B1,RTPD,MGHG,LMP_GHG_PRC,KERNFRNT_7_B1,ALL,1,0,2,190
2022-09-04T11:15:00-00:00,2022-09-04T11:30:00-00:00,2022-09-04,05,KERNFRNT_7_B1,KERNFRNT_7_B1,KERNFRNT_7_B1,RTPD,MGHG,LMP_GHG_PRC,KERNFRNT_7_B1,ALL,1,0,2,190
2022-09-04T12:15:00-00:00,2022-09-04T12:30:00-00:00,2022-09-04,06,KERNFRNT_7_B1,KERNFRNT_7_B1,KERNFRNT_7_B1,RTPD,MGHG,LMP_GHG_PRC,KERNFRNT_7_B1,ALL,1,0,2,190
2022-09-04T13:15:00-00:00,2022-09-04T13:30:00-00:00,2022-09-04,07,KERNFRNT_7_B1,KERNFRNT_7_B1,KERNFRNT_7_B1,RTPD,MGHG,LMP_GHG_PRC,KERNFRNT_7_B1,ALL,1,0,2,190
2022-09-04T14:15:00-00:00,2022-09-04T14:30:00-00:00,2022-09-04,08,KERNFRNT_7_B1,KERNFRNT_7_B1,KERNFRNT_7_B1,RTPD,MGHG,LMP_GHG_PRC,KERNFRNT_7_B1,ALL,1,0,2,190
2022-09-04T15:15:00-00:00,2022-09-04T15:30:00-00:00,2022-09-04,09,KERNFRNT_7_B1,KERNFRNT_7_B1,KERNFRNT_7_B1,RTPD,MGHG,LMP_GHG_PRC,KERNFRNT_7_B1,ALL,1,0,2,190
2022-09-04T16:15:00-00:00,2022-09-04T16:30:00-00:00,2022-09-04,10,KERNFRNT_7_B1,KERNFRNT_7_B1,KERNFRNT_7_B1,RTPD,MGHG,LMP_GHG_PRC,KERNFRNT_7_B1,ALL,1,0,2,190
2022-09-04T17:15:00-00:00,2022-09-04T17:30:00-00:00,2022-09-04,11,KERNFRNT_7_B1,KERNFRNT_7_B1,KERNFRNT_7_B1,RTPD,MGHG,LMP_GHG_PRC,KERNFRNT_7_B1,ALL,1,0,2,190
2022-09-04T18:15:00-00:00,2022-09-04T18:30:00-00:00,2022-09-04,12,KERNFRNT_7_B1,KERNFRNT_7_B1,KERNFRNT_7_B1,RTPD,MGHG,LMP_GHG_PRC,KERNFRNT_7_B1,ALL,1,0,2,190
2022-09-04T19:15:00-00:00,2022-09-04T19:30:00-00:00,2022-09-04,13,KERNFRNT_7_B1,KERNFRNT_7_B1,KERNFRNT_7_B1,RTPD,MGHG,LMP_GHG_PRC,KERNFRNT_7_B1,ALL,1,0,2,190
2022-09-04T20:15:00-00:00,2022-09-04T20:30:00-00:00,2022-09-04,14,KERNFRNT_7_B1,KERNFRNT_7_B1,KERNFRNT_7_B1,RTPD,MGHG,LMP_GHG_PRC,KERNFRNT_7_B1,ALL,1,0,2,190
2022-09-04T21:15:00-00:00,2022-09-04T21:30:00-00:00,2022-09-04,15,KERNFRNT_7_B1,KERNFRNT_7_B1,KERNFRNT_7_B1,RTPD,MGHG,LMP_GHG_PRC,KERNFRNT_7_B1,ALL,1,0,2,190
2022-09-04T22:15:00-00:00,2022-09-04T22:30:00-00:00,2022-09-04,16,KERNFRNT_7_B1,KERNFRNT_7_B1,KERNFRNT_7_B1,RTPD,MGHG,LMP_GHG_PRC,KERNFRNT_7_B1,ALL,1,0,2,190
2022-09-04T23:15:00-00:00,2022-09-04T23:30:00-00:00,2022-09-04,17,KERNFRNT_7_B1,KERNFRNT_7_B1,KERNFRNT_7_B1,RTPD,MGHG,LMP_GHG_PRC,KERNFRNT_7_B1,ALL,1,0,2,190
2022-09-05T00:15:00-00:00,2022-09-05T00:30:00-00:00,2022-09-04,18,KERNFRNT_7_B1,KERNFRNT_7_B1,KERNFRNT_7_B1,RTPD,MGHG,LMP_GHG_PRC,KERNFRNT_7_B1,ALL,1,0,2,190
2022-09-05T01:15:00-00:00,2022-09-05T01:30:00-00:00,2022-09-04,19,KERNFRNT_7_B1,KERNFRNT_7_B1,KERNFRNT_7_B1,RTPD,MGHG,LMP_GHG_PRC,KERNFRNT_7_B1,ALL,1,0,2,190
2022-09-05T02:15:00-00:00,2022-09-05T02:30:00-00:00,2022-09-04,20,KERNFRNT_7_B1,KERNFRNT_7_B1,KERNFRNT_7_B1,RTPD,MGHG,LMP_GHG_PRC,KERNFRNT_7_B1,ALL,1,0,2,190
2022-09-05T03:15:00-00:00,2022-09-05T03:30:00-00:00,2022-09-04,21,KERNFRNT_7_B1,KERNFRNT_7_B1,KERNFRNT_7_B1,RTPD,MGHG,LMP_GHG_PRC,KERNFRNT_7_B1,ALL,1,0,2,190
2022-09-05T04:15:00-00:00,2022-09-05T04:30:00-00:00,2022-09-04,22,KERNFRNT_7_B1,KERNFRNT_7_B1,KERNFRNT_7_B1,RTPD,MGHG,LMP_GHG_PRC,KERNFRNT_7_B1,ALL,1,0,2,190
2022-09-05T05:15:00-00:00,2022-09-05T05:30:00-00:00,2022-09-04,23,KERNFRNT_7_B1,KERNFRNT_7_B1,KERNFRNT_7_B1,RTPD,MGHG,LMP_GHG_PRC,KERNFRNT_7_B1,ALL,1,0,2,190
2022-09-05T06:15:00-00:00,2022-09-05T06:30:00-00:00,2022-09-04,24,KERNFRNT_7_B1,KERNFRNT_7_B1,KERNFRNT_7_B1,RTPD,MGHG,LMP_GHG_PRC,KERNFRNT_7_B1,ALL,1,0,2,190
2022-09-04T07:30:00-00:00,2022-09-04T07:45:00-00:00,2022-09-04,01,KERNFRNT_7_B1,KERNFRNT_7_B1,KERNFRNT_7_B1,RTPD,MGHG,LMP_GHG_PRC,KERNFRNT_7_B1,ALL,1,0,3,190
2022-09-04T08:30:00-00:00,2022-09-04T08:45:00-00:00,2022-09-04,02,KERNFRNT_7_B1,KERNFRNT_7_B1,KERNFRNT_7_B1,RTPD,MGHG,LMP_GHG_PRC,KERNFRNT_7_B1,ALL,1,0,3,190
2022-09-04T09:30:00-00:00,2022-09-04T09:45:00-00:00,2022-09-04,03,KERNFRNT_7_B1,KERNFRNT_7_B1,KERNFRNT_7_B1,RTPD,MGHG,LMP_GHG_PRC,KERNFRNT_7_B1,ALL,1,0,3,190
2022-09-04T10:30:00-00:00,2022-09-04T10:45:00-00:00,2022-09-04,04,KERNFRNT_7_B1,KERNFRNT_7_B1,KERNFRNT_7_B1,RTPD,MGHG,LMP_GHG_PRC,KERNFRNT_7_B1,ALL,1,0,3,190
2022-09-04T11:30:00-00:00,2022-09-04T11:45:00-00:00,2022-09-04,05,KERNFRNT_7_B1,KERNFRNT_7_B1,KERNFRNT_7_B1,RTPD,MGHG,LMP_GHG_PRC,KERNFRNT_7_B1,ALL,1,0,3,190
2022-09-04T12:30:00-00:00,2022-09-04T12:45:00-00:00,2022-09-04,06,KERNFRNT_7_B1,KERNFRNT_7_B1,KERNFRNT_7_B1,RTPD,MGHG,LMP_GHG_PRC,KERNFRNT_7_B1,ALL,1,0,3,190
2022-09-04T13:30:00-00:00,2022-09-04T13:45:00-00:00,2022-09-04,07,KERNFRNT_7_B1,KERNFRNT_7_B1,KERNFRNT_7_B1,RTPD,MGHG,LMP_GHG_PRC,KERNFRNT_7_B1,ALL,1,0,3,190
2022-09-04T14:30:00-00:00,2022-09-04T14:45:00-00:00,2022-09-04,08,KERNFRNT_7_B1,KERNFRNT_7_B1,KERNFRNT_7_B1,RTPD,MGHG,LMP_GHG_PRC,KERNFRNT_7_B1,ALL,1,0,3,190
2022-09-04T15:30:00-00:00,2022-09-04T15:45:00-00:00,2022-09-04,09,KERNFRNT_7_B1,KERNFRNT_7_B1,KERNFRNT_7_B1,RTPD,MGHG,LMP_GHG_PRC,KERNFRNT_7_B1,ALL,1,0,3,190
2022-09-04T16:30:00-00:00,2022-09-04T16:45:00-00:00,2022-09-04,10,KERNFRNT_7_B1,KERNFRNT_7_B1,KERNFRNT_7_B1,RTPD,MGHG,LMP_GHG_PRC,KERNFRNT_7_B1,ALL,1,0,3,190
2022-09-04T17:30:00-00:00,2022-09-04T17:45:00-00:00,2022-09-04,11,KERNFRNT_7_B1,KERNFRNT_7_B1,KERNFRNT_7_B1,RTPD,MGHG,LMP_GHG_PRC,KERNFRNT_7_B1,ALL,1,0,3,190
2022-09-04T18:30:00-00:00,2022-09-04T18:45:00-00:00,2022-09-04,12,KERNFRNT_7_B1,KERNFRNT_7_B1,KERNFRNT_7_B1,RTPD,MGHG,LMP_GHG_PRC,KERNFRNT_7_B1,ALL,1,0,3,190
2022-09-04T19:30:00-00:00,2022-09-04T19:45:00-00:00,2022-09-04,13,KERNFRNT_7_B1,KERNFRNT_7_B1,KERNFRNT_7_B1,RTPD,MGHG,LMP_GHG_PRC,KERNFRNT_7_B1,ALL,1,0,3,190
2022-09-04T20:30:00-00:00,2022-09-04T20:45:00-00:00,2022-09-04,14,KERNFRNT_7_B1,KERNFRNT_7_B1,KERNFRNT_7_B1,RTPD,MGHG,LMP_GHG_PRC,KERNFRNT_7_B1,ALL,1,0,3,190
2022-09-04T21:30:00-00:00,2022-09-04T21:45:00-00:00,2022-09-04,15,KERNFRNT_7_B1,KERNFRNT_7_B1,KERNFRNT_7_B1,RTPD,MGHG,LMP_GHG_PRC,KERNFRNT_7_B1,ALL,1,0,3,190
2022-09-04T22:30:00-00:00,2022-09-04T22:45:00-00:00,2022-09-04,16,KERNFRNT_7_B1,KERNFRNT_7_B1,KERNFRNT_7_B1,RTPD,MGHG,LMP_GHG_PRC,KERNFRNT_7_B1,ALL,1,0,3,190
2022-09-04T23:30:00-00:00,2022-09-04T23:45:00-00:00,2022-09-04,17,KERNFRNT_7_B1,KERNFRNT_7_B1,KERNFRNT_7_B1,RTPD,MGHG,LMP_GHG_PRC,KERNFRNT_7_B1,ALL,1,0,3,190
2022-09-05T00:30:00-00:00,2022-09-05T00:45:00-00:00,2022-09-04,18,KERNFRNT_7_B1,KERNFRNT_7_B1,KERNFRNT_7_B1,RTPD,MGHG,LMP_GHG_PRC,KERNFRNT_7_B1,ALL,1,0,3,190
2022-09-05T01:30:00-00:00,2022-09-05T01:45:00-00:00,2022-09-04,19,KERNFRNT_7_B1,KERNFRNT_7_B1,KERNFRNT_7_B1,RTPD,MGHG,LMP_GHG_PRC,KERNFRNT_7_B1,ALL,1,0,3,190
2022-09-05T02:30:00-00:00,2022-09-05T02:45:00-00:00,2022-09-04,20,KERNFRNT_7_B1,KERNFRNT_7_B1,KERNFRNT_7_B1,RTPD,MGHG,LMP_GHG_PRC,KERNFRNT_7_B1,ALL,1,0,3,190
2022-09-05T03:30:00-00:00,2022-09-05T03:45:00-00:00,2022-09-04,21,KERNFRNT_7_B1,KERNFRNT_7_B1,KERNFRNT_7_B1,RTPD,MGHG,LMP_GHG_PRC,KERNFRNT_7_B1,ALL,1,0,3,190
2022-09-05T04:30:00-00:00,2022-09-05T04:45:00-00:00,2022-09-04,22,KERNFRNT_7_B1,KERNFRNT_7_B1,KERNFRNT_7_B1,RTPD,MGHG,LMP_GHG_PRC,KERNFRNT_7_B1,ALL,1,0,3,190
2022-09-05T05:30:00-00:00,2022-09-05T05:45:00-00:00,2022-09-04,23,KERNFRNT_7_B1,KERNFRNT_7_B1,KERNFRNT_7_B1,RTPD,MGHG,LMP_GHG_PRC,KERNFRNT_7_B1,ALL,1,0,3,190
2022-09-05T06:30:00-00:00,2022-09-05T06:45:00-00:00,2022-09-04,24,KERNFRNT_7_B1,KERNFRNT_7_B1,KERNFRNT_7_B1,RTPD,MGHG,LMP_GHG_PRC,KERNFRNT_7_B1,ALL,1,0,3,190
2022-09-04T07:45:00-00:00,2022-09-04T08:00:00-00:00,2022-09-04,01,KERNFRNT_7_B1,KERNFRNT_7_B1,KERNFRNT_7_B1,RTPD,MGHG,LMP_GHG_PRC,KERNFRNT_7_B1,ALL,1,0,4,190
2022-09-04T08:45:00-00:00,2022-09-04T09:00:00-00:00,2022-09-04,02,KERNFRNT_7_B1,KERNFRNT_7_B1,KERNFRNT_7_B1,RTPD,MGHG,LMP_GHG_PRC,KERNFRNT_7_B1,ALL,1,0,4,190
2022-09-04T09:45:00-00:00,2022-09-04T10:00:00-00:00,2022-09-04,03,KERNFRNT_7_B1,KERNFRNT_7_B1,KERNFRNT_7_B1,RTPD,MGHG,LMP_GHG_PRC,KERNFRNT_7_B1,ALL,1,0,4,190
2022-09-04T10:45:00-00:00,2022-09-04T11:00:00-00:00,2022-09-04,04,KERNFRNT_7_B1,KERNFRNT_7_B1,KERNFRNT_7_B1,RTPD,MGHG,LMP_GHG_PRC,KERNFRNT_7_B1,ALL,1,0,4,190
2022-09-04T11:45:00-00:00,2022-09-04T12:00:00-00:00,2022-09-04,05,KERNFRNT_7_B1,KERNFRNT_7_B1,KERNFRNT_7_B1,RTPD,MGHG,LMP_GHG_PRC,KERNFRNT_7_B1,ALL,1,0,4,190
2022-09-04T12:45:00-00:00,2022-09-04T13:00:00-00:00,2022-09-04,06,KERNFRNT_7_B1,KERNFRNT_7_B1,KERNFRNT_7_B1,RTPD,MGHG,LMP_GHG_PRC,KERNFRNT_7_B1,ALL,1,0,4,190
2022-09-04T13:45:00-00:00,2022-09-04T14:00:00-00:00,2022-09-04,07,KERNFRNT_7_B1,KERNFRNT_7_B1,KERNFRNT_7_B1,RTPD,MGHG,LMP_GHG_PRC,KERNFRNT_7_B1,ALL,1,0,4,190
2022-09-04T14:45:00-00:00,2022-09-04T15:00:00-00:00,2022-09-04,08,KERNFRNT_7_B1,KERNFRNT_7_B1,KERNFRNT_7_B1,RTPD,MGHG,LMP_GHG_PRC,KERNFRNT_7_B1,ALL,1,0,4,190
2022-09-04T15:45:00-00:00,2022-09-04T16:00:00-00:00,2022-09-04,09,KERNFRNT_7_B1,KERNFRNT_7_B1,KERNFRNT_7_B1,RTPD,MGHG,LMP_GHG_PRC,KERNFRNT_7_B1,ALL,1,0,4,190
2022-09-04T16:45:00-00:00,2022-09-04T17:00:00-00:00,2022-09-04,10,KERNFRNT_7_B1,KERNFRNT_7_B1,KERNFRNT_7_B1,RTPD,MGHG,LMP_GHG_PRC,KERNFRNT_7_B1,ALL,1,0,4,190
2022-09-04T17:45:00-00:00,2022-09-04T18:00:00-00:00,2022-09-04,11,KERNFRNT_7_B1,KERNFRNT_7_B1,KERNFRNT_7_B1,RTPD,MGHG,LMP_GHG_PRC,KERNFRNT_7_B1,ALL,1,0,4,190
2022-09-04T18:45:00-00:00,2022-09-04T19:00:00-00:00,2022-09-04,12,KERNFRNT_7_B1,KERNFRNT_7_B1,KERNFRNT_7_B1,RTPD,MGHG,LMP_GHG_PRC,KERNFRNT_7_B1,ALL,1,0,4,190
2022-09-04T19:45:00-00:00,2022-09-04T20:00:00-00:00,2022-09-04,13,KERNFRNT_7_B1,KERNFRNT_7_B1,KERNFRNT_7_B1,RTPD,MGHG,LMP_GHG_PRC,KERNFRNT_7_B1,ALL,1,0,4,190
2022-09-04T20:45:00-00:00,2022-09-04T21:00:00-00:00,2022-09-04,14,KERNFRNT_7_B1,KERNFRNT_7_B1,KERNFRNT_7_B1,RTPD,MGHG,LMP_GHG_PRC,KERNFRNT_7_B1,ALL,1,0,4,190
2022-09-04T21:45:00-00:00,2022-09-04T22:00:00-00:00,2022-09-04,15,KERNFRNT_7_B1,KERNFRNT_7_B1,KERNFRNT_7_B1,RTPD,MGHG,LMP_GHG_PRC,KERNFRNT_7_B1,ALL,1,0,4,190
2022-09-04T22:45:00-00:00,2022-09-04T23:00:00-00:00,2022-09-04,16,KERNFRNT_7_B1,KERNFRNT_7_B1,KERNFRNT_7_B1,RTPD,MGHG,LMP_GHG_PRC,KERNFRNT_7_B1,ALL,1,0,4,190
2022-09-04T23:45:00-00:00,2022-09-05T00:00:00-00:00,2022-09-04,17,KERNFRNT_7_B1,KERNFRNT_7_B1,KERNFRNT_7_B1,RTPD,MGHG,LMP_GHG_PRC,KERNFRNT_7_B1,ALL,1,0,4,190
2022-09-05T00:45:00-00:00,2022-09-05T01:00:00-00:00,2022-09-04,18,KERNFRNT_7_B1,KERNFRNT_7_B1,KERNFRNT_7_B1,RTPD,MGHG,LMP_GHG_PRC,KERNFRNT_7_B1,ALL,1,0,4,190
2022-09-05T01:45:00-00:00,2022-09-05T02:00:00-00:00,2022-09-04,19,KERNFRNT_7_B1,KERNFRNT_7_B1,KERNFRNT_7_B1,RTPD,MGHG,LMP_GHG_PRC,KERNFRNT_7_B1,ALL,1,0,4,190
2022-09-05T02:45:00-00:00,2022-09-05T03:00:00-00:00,2022-09-04,20,KERNFRNT_7_B1,KERNFRNT_7_B1,KERNFRNT_7_B1,RTPD,MGHG,LMP_GHG_PRC,KERNFRNT_7_B1,ALL,1,0,4,190
2022-09-05T03:45:00-00:00,2022-09-05T04:00:00-00:00,2022-09-04,21,KERNFRNT_7_B1,KERNFRNT_7_B1,KERNFRNT_7_B1,RTPD,MGHG,LMP_GHG_PRC,KERNFRNT_7_B1,ALL,1,0,4,190
2022-09-05T04:45:00-00:00,2022-09-05T05:00:00-00:00,2022-09-04,22,KERNFRNT_7_B1,KERNFRNT_7_B1,KERNFRNT_7_B1,RTPD,MGHG,LMP_GHG_PRC,KERNFRNT_7_B1,ALL,1,0,4,190
2022-09-05T05:45:00-00:00,2022-09-05T06:00:00-00:00,2022-09-04,23,KERNFRNT_7_B1,KERNFRNT_7_B1,KERNFRNT_7_B1,RTPD,MGHG,LMP_GHG_PRC,KERNFRNT_7_B1,ALL,1,0,4,190
2022-09-05T06:45:00-00:00,2022-09-05T07:00:00-00:00,2022-09-04,24,KERNFRNT_7_B1,KERNFRNT_7_B1,KERNFRNT_7_B1,RTPD,MGHG,LMP_GHG_PRC,KERNFRNT_7_B1,ALL,1,0,4,190
2022-09-04T07:00:00-00:00,2022-09-04T07:15:00-00:00,2022-09-04,01,KERNOIL_1_N001,KERNOIL_1_N001,KERNOIL_1_N001,RTPD,LMP,LMP_PRC,KERNOIL_1_N001,ALL,1,88.5476,1,191
2022-09-04T08:00:00-00:00,2022-09-04T08:15:00-00:00,2022-09-04,02,KERNOIL_1_N001,KERNOIL_1_N001,KERNOIL_1_N001,RTPD,LMP,LMP_PRC,KERNOIL_1_N001,ALL,1,83.22502,1,191
2022-09-04T09:00:00-00:00,2022-09-04T09:15:00-00:00,2022-09-04,03,KERNOIL_1_N001,KERNOIL_1_N001,KERNOIL_1_N001,RTPD,LMP,LMP_PRC,KERNOIL_1_N001,ALL,1,86.05278,1,191
2022-09-04T10:00:00-00:00,2022-09-04T10:15:00-00:00,2022-09-04,04,KERNOIL_1_N001,KERNOIL_1_N001,KERNOIL_1_N001,RTPD,LMP,LMP_PRC,KERNOIL_1_N001,ALL,1,90.81938,1,191
2022-09-04T11:00:00-00:00,2022-09-04T11:15:00-00:00,2022-09-04,05,KERNOIL_1_N001,KERNOIL_1_N001,KERNOIL_1_N001,RTPD,LMP,LMP_PRC,KERNOIL_1_N001,ALL,1,82.49627,1,191
2022-09-04T12:00:00-00:00,2022-09-04T12:15:00-00:00,2022-09-04,06,KERNOIL_1_N001,KERNOIL_1_N001,KERNOIL_1_N001,RTPD,LMP,LMP_PRC,KERNOIL_1_N001,ALL,1,79.06309,1,191
2022-09-04T13:00:00-00:00,2022-09-04T13:15:00-00:00,2022-09-04,07,KERNOIL_1_N001,KERNOIL_1_N001,KERNOIL_1_N001,RTPD,LMP,LMP_PRC,KERNOIL_1_N001,ALL,1,59.73516,1,191
2022-09-04T14:00:00-00:00,2022-09-04T14:15:00-00:00,2022-09-04,08,KERNOIL_1_N001,KERNOIL_1_N001,KERNOIL_1_N001,RTPD,LMP,LMP_PRC,KERNOIL_1_N001,ALL,1,77.4862,1,191
2022-09-04T15:00:00-00:00,2022-09-04T15:15:00-00:00,2022-09-04,09,KERNOIL_1_N001,KERNOIL_1_N001,KERNOIL_1_N001,RTPD,LMP,LMP_PRC,KERNOIL_1_N001,ALL,1,67.91218,1,191
2022-09-04T16:00:00-00:00,2022-09-04T16:15:00-00:00,2022-09-04,10,KERNOIL_1_N001,KERNOIL_1_N001,KERNOIL_1_N001,RTPD,LMP,LMP_PRC,KERNOIL_1_N001,ALL,1,-3.9753,1,191
2022-09-04T17:00:00-00:00,2022-09-04T17:15:00-00:00,2022-09-04,11,KERNOIL_1_N001,KERNOIL_1_N001,KERNOIL_1_N001,RTPD,LMP,LMP_PRC,KERNOIL_1_N001,ALL,1,-6.45769,1,191
2022-09-04T18:00:00-00:00,2022-09-04T18:15:00-00:00,2022-09-04,12,KERNOIL_1_N001,KERNOIL_1_N001,KERNOIL_1_N001,RTPD,LMP,LMP_PRC,KERNOIL_1_N001,ALL,1,-1.3162,1,191
2022-09-04T19:00:00-00:00,2022-09-04T19:15:00-00:00,2022-09-04,13,KERNOIL_1_N001,KERNOIL_1_N001,KERNOIL_1_N001,RTPD,LMP,LMP_PRC,KERNOIL_1_N001,ALL,1,28.78479,1,191
2022-09-04T20:00:00-00:00,2022-09-04T20:15:00-00:00,2022-09-04,14,KERNOIL_1_N001,KERNOIL_1_N001,KERNOIL_1_N001,RTPD,LMP,LMP_PRC,KERNOIL_1_N001,ALL,1,72.97603,1,191
2022-09-04T21:00:00-00:00,2022-09-04T21:15:00-00:00,2022-09-04,15,KERNOIL_1_N001,KERNOIL_1_N001,KERNOIL_1_N001,RTPD,LMP,LMP_PRC,KERNOIL_1_N001,ALL,1,74.25744,1,191
2022-09-04T22:00:00-00:00,2022-09-04T22:15:00-00:00,2022-09-04,16,KERNOIL_1_N001,KERNOIL_1_N001,KERNOIL_1_N001,RTPD,LMP,LMP_PRC,KERNOIL_1_N001,ALL,1,81.38369,1,191
2022-09-04T23:00:00-00:00,2022-09-04T23:15:00-00:00,2022-09-04,17,KERNOIL_1_N001,KERNOIL_1_N001,KERNOIL_1_N001,RTPD,LMP,LMP_PRC,KERNOIL_1_N001,ALL,1,82.16905,1,191
2022-09-05T00:00:00-00:00,2022-09-05T00:15:00-00:00,2022-09-04,18,KERNOIL_1_N001,KERNOIL_1_N001,KERNOIL_1_N001,RTPD,LMP,LMP_PRC,KERNOIL_1_N001,ALL,1,109.13968,1,191
2022-09-05T01:00:00-00:00,2022-09-05T01:15:00-00:00,2022-09-04,19,KERNOIL_1_N001,KERNOIL_1_N001,KERNOIL_1_N001,RTPD,LMP,LMP_PRC,KERNOIL_1_N001,ALL,1,120.76014,1,191
2022-09-05T02:00:00-00:00,2022-09-05T02:15:00-00:00,2022-09-04,20,KERNOIL_1_N001,KERNOIL_1_N001,KERNOIL_1_N001,RTPD,LMP,LMP_PRC,KERNOIL_1_N001,ALL,1,160.5682,1,191
2022-09-05T03:00:00-00:00,2022-09-05T03:15:00-00:00,2022-09-04,21,KERNOIL_1_N001,KERNOIL_1_N001,KERNOIL_1_N001,RTPD,LMP,LMP_PRC,KERNOIL_1_N001,ALL,1,111.60605,1,191
2022-09-05T04:00:00-00:00,2022-09-05T04:15:00-00:00,2022-09-04,22,KERNOIL_1_N001,KERNOIL_1_N001,KERNOIL_1_N001,RTPD,LMP,LMP_PRC,KERNOIL_1_N001,ALL,1,153.85344,1,191
2022-09-05T05:00:00-00:00,2022-09-05T05:15:00-00:00,2022-09-04,23,KERNOIL_1_N001,KERNOIL_1_N001,KERNOIL_1_N001,RTPD,LMP,LMP_PRC,KERNOIL_1_N001,ALL,1,180.76462,1,191
2022-09-05T06:00:00-00:00,2022-09-05T06:15:00-00:00,2022-09-04,24,KERNOIL_1_N001,KERNOIL_1_N001,KERNOIL_1_N001,RTPD,LMP,LMP_PRC,KERNOIL_1_N001,ALL,1,164.75294,1,191
2022-09-04T07:15:00-00:00,2022-09-04T07:30:00-00:00,2022-09-04,01,KERNOIL_1_N001,KERNOIL_1_N001,KERNOIL_1_N001,RTPD,LMP,LMP_PRC,KERNOIL_1_N001,ALL,1,90.07595,2,191
2022-09-04T08:15:00-00:00,2022-09-04T08:30:00-00:00,2022-09-04,02,KERNOIL_1_N001,KERNOIL_1_N001,KERNOIL_1_N001,RTPD,LMP,LMP_PRC,KERNOIL_1_N001,ALL,1,88.99703,2,191
2022-09-04T09:15:00-00:00,2022-09-04T09:30:00-00:00,2022-09-04,03,KERNOIL_1_N001,KERNOIL_1_N001,KERNOIL_1_N001,RTPD,LMP,LMP_PRC,KERNOIL_1_N001,ALL,1,75.67627,2,191
2022-09-04T10:15:00-00:00,2022-09-04T10:30:00-00:00,2022-09-04,04,KERNOIL_1_N001,KERNOIL_1_N001,KERNOIL_1_N001,RTPD,LMP,LMP_PRC,KERNOIL_1_N001,ALL,1,89.66583,2,191
2022-09-04T11:15:00-00:00,2022-09-04T11:30:00-00:00,2022-09-04,05,KERNOIL_1_N001,KERNOIL_1_N001,KERNOIL_1_N001,RTPD,LMP,LMP_PRC,KERNOIL_1_N001,ALL,1,93.31968,2,191
2022-09-04T12:15:00-00:00,2022-09-04T12:30:00-00:00,2022-09-04,06,KERNOIL_1_N001,KERNOIL_1_N001,KERNOIL_1_N001,RTPD,LMP,LMP_PRC,KERNOIL_1_N001,ALL,1,79.17268,2,191
2022-09-04T13:15:00-00:00,2022-09-04T13:30:00-00:00,2022-09-04,07,KERNOIL_1_N001,KERNOIL_1_N001,KERNOIL_1_N001,RTPD,LMP,LMP_PRC,KERNOIL_1_N001,ALL,1,44.16044,2,191
2022-09-04T14:15:00-00:00,2022-09-04T14:30:00-00:00,2022-09-04,08,KERNOIL_1_N001,KERNOIL_1_N001,KERNOIL_1_N001,RTPD,LMP,LMP_PRC,KERNOIL_1_N001,ALL,1,70.98084,2,191
2022-09-04T15:15:00-00:00,2022-09-04T15:30:00-00:00,2022-09-04,09,KERNOIL_1_N001,KERNOIL_1_N001,KERNOIL_1_N001,RTPD,LMP,LMP_PRC,KERNOIL_1_N001,ALL,1,48.31091,2,191
2022-09-04T16:15:00-00:00,2022-09-04T16:30:00-00:00,2022-09-04,10,KERNOIL_1_N001,KERNOIL_1_N001,KERNOIL_1_N001,RTPD,LMP,LMP_PRC,KERNOIL_1_N001,ALL,1,-4.12894,2,191
2022-09-04T17:15:00-00:00,2022-09-04T17:30:00-00:00,2022-09-04,11,KERNOIL_1_N001,KERNOIL_1_N001,KERNOIL_1_N001,RTPD,LMP,LMP_PRC,KERNOIL_1_N001,ALL,1,-6.25436,2,191
2022-09-04T18:15:00-00:00,2022-09-04T18:30:00-00:00,2022-09-04,12,KERNOIL_1_N001,KERNOIL_1_N001,KERNOIL_1_N001,RTPD,LMP,LMP_PRC,KERNOIL_1_N001,ALL,1,1.69291,2,191
2022-09-04T19:15:00-00:00,2022-09-04T19:30:00-00:00,2022-09-04,13,KERNOIL_1_N001,KERNOIL_1_N001,KERNOIL_1_N001,RTPD,LMP,LMP_PRC,KERNOIL_1_N001,ALL,1,53.70054,2,191
2022-09-04T20:15:00-00:00,2022-09-04T20:30:00-00:00,2022-09-04,14,KERNOIL_1_N001,KERNOIL_1_N001,KERNOIL_1_N001,RTPD,LMP,LMP_PRC,KERNOIL_1_N001,ALL,1,72.74448,2,191
2022-09-04T21:15:00-00:00,2022-09-04T21:30:00-00:00,2022-09-04,15,KERNOIL_1_N001,KERNOIL_1_N001,KERNOIL_1_N001,RTPD,LMP,LMP_PRC,KERNOIL_1_N001,ALL,1,79.87134,2,191
2022-09-04T22:15:00-00:00,2022-09-04T22:30:00-00:00,2022-09-04,16,KERNOIL_1_N001,KERNOIL_1_N001,KERNOIL_1_N001,RTPD,LMP,LMP_PRC,KERNOIL_1_N001,ALL,1,88.6726,2,191
2022-09-04T23:15:00-00:00,2022-09-04T23:30:00-00:00,2022-09-04,17,KERNOIL_1_N001,KERNOIL_1_N001,KERNOIL_1_N001,RTPD,LMP,LMP_PRC,KERNOIL_1_N001,ALL,1,95.41022,2,191
2022-09-05T00:15:00-00:00,2022-09-05T00:30:00-00:00,2022-09-04,18,KERNOIL_1_N001,KERNOIL_1_N001,KERNOIL_1_N001,RTPD,LMP,LMP_PRC,KERNOIL_1_N001,ALL,1,107.50391,2,191
2022-09-05T01:15:00-00:00,2022-09-05T01:30:00-00:00,2022-09-04,19,KERNOIL_1_N001,KERNOIL_1_N001,KERNOIL_1_N001,RTPD,LMP,LMP_PRC,KERNOIL_1_N001,ALL,1,284.14398,2,191
2022-09-05T02:15:00-00:00,2022-09-05T02:30:00-00:00,2022-09-04,20,KERNOIL_1_N001,KERNOIL_1_N001,KERNOIL_1_N001,RTPD,LMP,LMP_PRC,KERNOIL_1_N001,ALL,1,168.2868,2,191
2022-09-05T03:15:00-00:00,2022-09-05T03:30:00-00:00,2022-09-04,21,KERNOIL_1_N001,KERNOIL_1_N001,KERNOIL_1_N001,RTPD,LMP,LMP_PRC,KERNOIL_1_N001,ALL,1,102.2431,2,191
2022-09-05T04:15:00-00:00,2022-09-05T04:30:00-00:00,2022-09-04,22,KERNOIL_1_N001,KERNOIL_1_N001,KERNOIL_1_N001,RTPD,LMP,LMP_PRC,KERNOIL_1_N001,ALL,1,147.26443,2,191
2022-09-05T05:15:00-00:00,2022-09-05T05:30:00-00:00,2022-09-04,23,KERNOIL_1_N001,KERNOIL_1_N001,KERNOIL_1_N001,RTPD,LMP,LMP_PRC,KERNOIL_1_N001,ALL,1,184.47589,2,191
2022-09-05T06:15:00-00:00,2022-09-05T06:30:00-00:00,2022-09-04,24,KERNOIL_1_N001,KERNOIL_1_N001,KERNOIL_1_N001,RTPD,LMP,LMP_PRC,KERNOIL_1_N001,ALL,1,150.50684,2,191
2022-09-04T07:30:00-00:00,2022-09-04T07:45:00-00:00,2022-09-04,01,KERNOIL_1_N001,KERNOIL_1_N001,KERNOIL_1_N001,RTPD,LMP,LMP_PRC,KERNOIL_1_N001,ALL,1,87.15491,3,191
2022-09-04T08:30:00-00:00,2022-09-04T08:45:00-00:00,2022-09-04,02,KERNOIL_1_N001,KERNOIL_1_N001,KERNOIL_1_N001,RTPD,LMP,LMP_PRC,KERNOIL_1_N001,ALL,1,84.6527,3,191
2022-09-04T09:30:00-00:00,2022-09-04T09:45:00-00:00,2022-09-04,03,KERNOIL_1_N001,KERNOIL_1_N001,KERNOIL_1_N001,RTPD,LMP,LMP_PRC,KERNOIL_1_N001,ALL,1,71.03443,3,191
2022-09-04T10:30:00-00:00,2022-09-04T10:45:00-00:00,2022-09-04,04,KERNOIL_1_N001,KERNOIL_1_N001,KERNOIL_1_N001,RTPD,LMP,LMP_PRC,KERNOIL_1_N001,ALL,1,92.70239,3,191
2022-09-04T11:30:00-00:00,2022-09-04T11:45:00-00:00,2022-09-04,05,KERNOIL_1_N001,KERNOIL_1_N001,KERNOIL_1_N001,RTPD,LMP,LMP_PRC,KERNOIL_1_N001,ALL,1,93.66394,3,191
2022-09-04T12:30:00-00:00,2022-09-04T12:45:00-00:00,2022-09-04,06,KERNOIL_1_N001,KERNOIL_1_N001,KERNOIL_1_N001,RTPD,LMP,LMP_PRC,KERNOIL_1_N001,ALL,1,78.22253,3,191
2022-09-04T13:30:00-00:00,2022-09-04T13:45:00-00:00,2022-09-04,07,KERNOIL_1_N001,KERNOIL_1_N001,KERNOIL_1_N001,RTPD,LMP,LMP_PRC,KERNOIL_1_N001,ALL,1,36.77891,3,191
2022-09-04T14:30:00-00:00,2022-09-04T14:45:00-00:00,2022-09-04,08,KERNOIL_1_N001,KERNOIL_1_N001,KERNOIL_1_N001,RTPD,LMP,LMP_PRC,KERNOIL_1_N001,ALL,1,69.90669,3,191
2022-09-04T15:30:00-00:00,2022-09-04T15:45:00-00:00,2022-09-04,09,KERNOIL_1_N001,KERNOIL_1_N001,KERNOIL_1_N001,RTPD,LMP,LMP_PRC,KERNOIL_1_N001,ALL,1,35.43738,3,191
2022-09-04T16:30:00-00:00,2022-09-04T16:45:00-00:00,2022-09-04,10,KERNOIL_1_N001,KERNOIL_1_N001,KERNOIL_1_N001,RTPD,LMP,LMP_PRC,KERNOIL_1_N001,ALL,1,-2.51962,3,191
2022-09-04T17:30:00-00:00,2022-09-04T17:45:00-00:00,2022-09-04,11,KERNOIL_1_N001,KERNOIL_1_N001,KERNOIL_1_N001,RTPD,LMP,LMP_PRC,KERNOIL_1_N001,ALL,1,-5.82263,3,191
2022-09-04T18:30:00-00:00,2022-09-04T18:45:00-00:00,2022-09-04,12,KERNOIL_1_N001,KERNOIL_1_N001,KERNOIL_1_N001,RTPD,LMP,LMP_PRC,KERNOIL_1_N001,ALL,1,54.30179,3,191
2022-09-04T19:30:00-00:00,2022-09-04T19:45:00-00:00,2022-09-04,13,KERNOIL_1_N001,KERNOIL_1_N001,KERNOIL_1_N001,RTPD,LMP,LMP_PRC,KERNOIL_1_N001,ALL,1,66.84797,3,191
2022-09-04T20:30:00-00:00,2022-09-04T20:45:00-00:00,2022-09-04,14,KERNOIL_1_N001,KERNOIL_1_N001,KERNOIL_1_N001,RTPD,LMP,LMP_PRC,KERNOIL_1_N001,ALL,1,70.46275,3,191
2022-09-04T21:30:00-00:00,2022-09-04T21:45:00-00:00,2022-09-04,15,KERNOIL_1_N001,KERNOIL_1_N001,KERNOIL_1_N001,RTPD,LMP,LMP_PRC,KERNOIL_1_N001,ALL,1,84.49031,3,191
2022-09-04T22:30:00-00:00,2022-09-04T22:45:00-00:00,2022-09-04,16,KERNOIL_1_N001,KERNOIL_1_N001,KERNOIL_1_N001,RTPD,LMP,LMP_PRC,KERNOIL_1_N001,ALL,1,98.9555,3,191
2022-09-04T23:30:00-00:00,2022-09-04T23:45:00-00:00,2022-09-04,17,KERNOIL_1_N001,KERNOIL_1_N001,KERNOIL_1_N001,RTPD,LMP,LMP_PRC,KERNOIL_1_N001,ALL,1,97.2829,3,191
2022-09-05T00:30:00-00:00,2022-09-05T00:45:00-00:00,2022-09-04,18,KERNOIL_1_N001,KERNOIL_1_N001,KERNOIL_1_N001,RTPD,LMP,LMP_PRC,KERNOIL_1_N001,ALL,1,116.37877,3,191
2022-09-05T01:30:00-00:00,2022-09-05T01:45:00-00:00,2022-09-04,19,KERNOIL_1_N001,KERNOIL_1_N001,KERNOIL_1_N001,RTPD,LMP,LMP_PRC,KERNOIL_1_N001,ALL,1,1304.1656,3,191
2022-09-05T02:30:00-00:00,2022-09-05T02:45:00-00:00,2022-09-04,20,KERNOIL_1_N001,KERNOIL_1_N001,KERNOIL_1_N001,RTPD,LMP,LMP_PRC,KERNOIL_1_N001,ALL,1,145.09908,3,191
2022-09-05T03:30:00-00:00,2022-09-05T03:45:00-00:00,2022-09-04,21,KERNOIL_1_N001,KERNOIL_1_N001,KERNOIL_1_N001,RTPD,LMP,LMP_PRC,KERNOIL_1_N001,ALL,1,102.79797,3,191
2022-09-05T04:30:00-00:00,2022-09-05T04:45:00-00:00,2022-09-04,22,KERNOIL_1_N001,KERNOIL_1_N001,KERNOIL_1_N001,RTPD,LMP,LMP_PRC,KERNOIL_1_N001,ALL,1,147.22597,3,191
2022-09-05T05:30:00-00:00,2022-09-05T05:45:00-00:00,2022-09-04,23,KERNOIL_1_N001,KERNOIL_1_N001,KERNOIL_1_N001,RTPD,LMP,LMP_PRC,KERNOIL_1_N001,ALL,1,161.15305,3,191
2022-09-05T06:30:00-00:00,2022-09-05T06:45:00-00:00,2022-09-04,24,KERNOIL_1_N001,KERNOIL_1_N001,KERNOIL_1_N001,RTPD,LMP,LMP_PRC,KERNOIL_1_N001,ALL,1,111.83666,3,191
2022-09-04T07:45:00-00:00,2022-09-04T08:00:00-00:00,2022-09-04,01,KERNOIL_1_N001,KERNOIL_1_N001,KERNOIL_1_N001,RTPD,LMP,LMP_PRC,KERNOIL_1_N001,ALL,1,96.76764,4,191
2022-09-04T08:45:00-00:00,2022-09-04T09:00:00-00:00,2022-09-04,02,KERNOIL_1_N001,KERNOIL_1_N001,KERNOIL_1_N001,RTPD,LMP,LMP_PRC,KERNOIL_1_N001,ALL,1,85.34731,4,191
2022-09-04T09:45:00-00:00,2022-09-04T10:00:00-00:00,2022-09-04,03,KERNOIL_1_N001,KERNOIL_1_N001,KERNOIL_1_N001,RTPD,LMP,LMP_PRC,KERNOIL_1_N001,ALL,1,73.45067,4,191
2022-09-04T10:45:00-00:00,2022-09-04T11:00:00-00:00,2022-09-04,04,KERNOIL_1_N001,KERNOIL_1_N001,KERNOIL_1_N001,RTPD,LMP,LMP_PRC,KERNOIL_1_N001,ALL,1,83.03126,4,191
2022-09-04T11:45:00-00:00,2022-09-04T12:00:00-00:00,2022-09-04,05,KERNOIL_1_N001,KERNOIL_1_N001,KERNOIL_1_N001,RTPD,LMP,LMP_PRC,KERNOIL_1_N001,ALL,1,76.30392,4,191
2022-09-04T12:45:00-00:00,2022-09-04T13:00:00-00:00,2022-09-04,06,KERNOIL_1_N001,KERNOIL_1_N001,KERNOIL_1_N001,RTPD,LMP,LMP_PRC,KERNOIL_1_N001,ALL,1,74.81782,4,191
2022-09-04T13:45:00-00:00,2022-09-04T14:00:00-00:00,2022-09-04,07,KERNOIL_1_N001,KERNOIL_1_N001,KERNOIL_1_N001,RTPD,LMP,LMP_PRC,KERNOIL_1_N001,ALL,1,29.42813,4,191
2022-09-04T14:45:00-00:00,2022-09-04T15:00:00-00:00,2022-09-04,08,KERNOIL_1_N001,KERNOIL_1_N001,KERNOIL_1_N001,RTPD,LMP,LMP_PRC,KERNOIL_1_N001,ALL,1,32.94892,4,191
2022-09-04T15:45:00-00:00,2022-09-04T16:00:00-00:00,2022-09-04,09,KERNOIL_1_N001,KERNOIL_1_N001,KERNOIL_1_N001,RTPD,LMP,LMP_PRC,KERNOIL_1_N001,ALL,1,-1.80774,4,191
2022-09-04T16:45:00-00:00,2022-09-04T17:00:00-00:00,2022-09-04,10,KERNOIL_1_N001,KERNOIL_1_N001,KERNOIL_1_N001,RTPD,LMP,LMP_PRC,KERNOIL_1_N001,ALL,1,-5.84118,4,191
2022-09-04T17:45:00-00:00,2022-09-04T18:00:00-00:00,2022-09-04,11,KERNOIL_1_N001,KERNOIL_1_N001,KERNOIL_1_N001,RTPD,LMP,LMP_PRC,KERNOIL_1_N001,ALL,1,-6.21936,4,191
2022-09-04T18:45:00-00:00,2022-09-04T19:00:00-00:00,2022-09-04,12,KERNOIL_1_N001,KERNOIL_1_N001,KERNOIL_1_N001,RTPD,LMP,LMP_PRC,KERNOIL_1_N001,ALL,1,64.85878,4,191
2022-09-04T19:45:00-00:00,2022-09-04T20:00:00-00:00,2022-09-04,13,KERNOIL_1_N001,KERNOIL_1_N001,KERNOIL_1_N001,RTPD,LMP,LMP_PRC,KERNOIL_1_N001,ALL,1,46.17364,4,191
2022-09-04T20:45:00-00:00,2022-09-04T21:00:00-00:00,2022-09-04,14,KERNOIL_1_N001,KERNOIL_1_N001,KERNOIL_1_N001,RTPD,LMP,LMP_PRC,KERNOIL_1_N001,ALL,1,80.73753,4,191
2022-09-04T21:45:00-00:00,2022-09-04T22:00:00-00:00,2022-09-04,15,KERNOIL_1_N001,KERNOIL_1_N001,KERNOIL_1_N001,RTPD,LMP,LMP_PRC,KERNOIL_1_N001,ALL,1,80.89918,4,191
2022-09-04T22:45:00-00:00,2022-09-04T23:00:00-00:00,2022-09-04,16,KERNOIL_1_N001,KERNOIL_1_N001,KERNOIL_1_N001,RTPD,LMP,LMP_PRC,KERNOIL_1_N001,ALL,1,114.80618,4,191
2022-09-04T23:45:00-00:00,2022-09-05T00:00:00-00:00,2022-09-04,17,KERNOIL_1_N001,KERNOIL_1_N001,KERNOIL_1_N001,RTPD,LMP,LMP_PRC,KERNOIL_1_N001,ALL,1,123.23369,4,191
2022-09-05T00:45:00-00:00,2022-09-05T01:00:00-00:00,2022-09-04,18,KERNOIL_1_N001,KERNOIL_1_N001,KERNOIL_1_N001,RTPD,LMP,LMP_PRC,KERNOIL_1_N001,ALL,1,116.16833,4,191
2022-09-05T01:45:00-00:00,2022-09-05T02:00:00-00:00,2022-09-04,19,KERNOIL_1_N001,KERNOIL_1_N001,KERNOIL_1_N001,RTPD,LMP,LMP_PRC,KERNOIL_1_N001,ALL,1,1141.6273,4,191
2022-09-05T02:45:00-00:00,2022-09-05T03:00:00-00:00,2022-09-04,20,KERNOIL_1_N001,KERNOIL_1_N001,KERNOIL_1_N001,RTPD,LMP,LMP_PRC,KERNOIL_1_N001,ALL,1,127.3743,4,191
2022-09-05T03:45:00-00:00,2022-09-05T04:00:00-00:00,2022-09-04,21,KERNOIL_1_N001,KERNOIL_1_N001,KERNOIL_1_N001,RTPD,LMP,LMP_PRC,KERNOIL_1_N001,ALL,1,125.24913,4,191
2022-09-05T04:45:00-00:00,2022-09-05T05:00:00-00:00,2022-09-04,22,KERNOIL_1_N001,KERNOIL_1_N001,KERNOIL_1_N001,RTPD,LMP,LMP_PRC,KERNOIL_1_N001,ALL,1,150.93295,4,191
2022-09-05T05:45:00-00:00,2022-09-05T06:00:00-00:00,2022-09-04,23,KERNOIL_1_N001,KERNOIL_1_N001,KERNOIL_1_N001,RTPD,LMP,LMP_PRC,KERNOIL_1_N001,ALL,1,122.53944,4,191
2022-09-05T06:45:00-00:00,2022-09-05T07:00:00-00:00,2022-09-04,24,KERNOIL_1_N001,KERNOIL_1_N001,KERNOIL_1_N001,RTPD,LMP,LMP_PRC,KERNOIL_1_N001,ALL,1,101.21243,4,191
2022-09-04T07:00:00-00:00,2022-09-04T07:15:00-00:00,2022-09-04,01,KERNOIL_1_N001,KERNOIL_1_N001,KERNOIL_1_N001,RTPD,MCC,LMP_CONG_PRC,KERNOIL_1_N001,ALL,1,-25.19882,1,192
2022-09-04T08:00:00-00:00,2022-09-04T08:15:00-00:00,2022-09-04,02,KERNOIL_1_N001,KERNOIL_1_N001,KERNOIL_1_N001,RTPD,MCC,LMP_CONG_PRC,KERNOIL_1_N001,ALL,1,-14.22037,1,192
2022-09-04T09:00:00-00:00,2022-09-04T09:15:00-00:00,2022-09-04,03,KERNOIL_1_N001,KERNOIL_1_N001,KERNOIL_1_N001,RTPD,MCC,LMP_CONG_PRC,KERNOIL_1_N001,ALL,1,-1.87432,1,192
2022-09-04T10:00:00-00:00,2022-09-04T10:15:00-00:00,2022-09-04,04,KERNOIL_1_N001,KERNOIL_1_N001,KERNOIL_1_N001,RTPD,MCC,LMP_CONG_PRC,KERNOIL_1_N001,ALL,1,-4.29738,1,192
2022-09-04T11:00:00-00:00,2022-09-04T11:15:00-00:00,2022-09-04,05,KERNOIL_1_N001,KERNOIL_1_N001,KERNOIL_1_N001,RTPD,MCC,LMP_CONG_PRC,KERNOIL_1_N001,ALL,1,-6.1809,1,192
2022-09-04T12:00:00-00:00,2022-09-04T12:15:00-00:00,2022-09-04,06,KERNOIL_1_N001,KERNOIL_1_N001,KERNOIL_1_N001,RTPD,MCC,LMP_CONG_PRC,KERNOIL_1_N001,ALL,1,-10.37866,1,192
2022-09-04T13:00:00-00:00,2022-09-04T13:15:00-00:00,2022-09-04,07,KERNOIL_1_N001,KERNOIL_1_N001,KERNOIL_1_N001,RTPD,MCC,LMP_CONG_PRC,KERNOIL_1_N001,ALL,1,-21.97258,1,192
2022-09-04T14:00:00-00:00,2022-09-04T14:15:00-00:00,2022-09-04,08,KERNOIL_1_N001,KERNOIL_1_N001,KERNOIL_1_N001,RTPD,MCC,LMP_CONG_PRC,KERNOIL_1_N001,ALL,1,-11.27668,1,192
2022-09-04T15:00:00-00:00,2022-09-04T15:15:00-00:00,2022-09-04,09,KERNOIL_1_N001,KERNOIL_1_N001,KERNOIL_1_N001,RTPD,MCC,LMP_CONG_PRC,KERNOIL_1_N001,ALL,1,-9.79659,1,192
2022-09-04T16:00:00-00:00,2022-09-04T16:15:00-00:00,2022-09-04,10,KERNOIL_1_N001,KERNOIL_1_N001,KERNOIL_1_N001,RTPD,MCC,LMP_CONG_PRC,KERNOIL_1_N001,ALL,1,-56.17229,1,192
2022-09-04T17:00:00-00:00,2022-09-04T17:15:00-00:00,2022-09-04,11,KERNOIL_1_N001,KERNOIL_1_N001,KERNOIL_1_N001,RTPD,MCC,LMP_CONG_PRC,KERNOIL_1_N001,ALL,1,-67.97561,1,192
2022-09-04T18:00:00-00:00,2022-09-04T18:15:00-00:00,2022-09-04,12,KERNOIL_1_N001,KERNOIL_1_N001,KERNOIL_1_N001,RTPD,MCC,LMP_CONG_PRC,KERNOIL_1_N001,ALL,1,-69.1834,1,192
2022-09-04T19:00:00-00:00,2022-09-04T19:15:00-00:00,2022-09-04,13,KERNOIL_1_N001,KERNOIL_1_N001,KERNOIL_1_N001,RTPD,MCC,LMP_CONG_PRC,KERNOIL_1_N001,ALL,1,-51.10287,1,192
2022-09-04T20:00:00-00:00,2022-09-04T20:15:00-00:00,2022-09-04,14,KERNOIL_1_N001,KERNOIL_1_N001,KERNOIL_1_N001,RTPD,MCC,LMP_CONG_PRC,KERNOIL_1_N001,ALL,1,-19.38028,1,192
2022-09-04T21:00:00-00:00,2022-09-04T21:15:00-00:00,2022-09-04,15,KERNOIL_1_N001,KERNOIL_1_N001,KERNOIL_1_N001,RTPD,MCC,LMP_CONG_PRC,KERNOIL_1_N001,ALL,1,-32.84364,1,192
2022-09-04T22:00:00-00:00,2022-09-04T22:15:00-00:00,2022-09-04,16,KERNOIL_1_N001,KERNOIL_1_N001,KERNOIL_1_N001,RTPD,MCC,LMP_CONG_PRC,KERNOIL_1_N001,ALL,1,-26.14688,1,192
2022-09-04T23:00:00-00:00,2022-09-04T23:15:00-00:00,2022-09-04,17,KERNOIL_1_N001,KERNOIL_1_N001,KERNOIL_1_N001,RTPD,MCC,LMP_CONG_PRC,KERNOIL_1_N001,ALL,1,-23.4926,1,192
2022-09-05T00:00:00-00:00,2022-09-05T00:15:00-00:00,2022-09-04,18,KERNOIL_1_N001,KERNOIL_1_N001,KERNOIL_1_N001,RTPD,MCC,LMP_CONG_PRC,KERNOIL_1_N001,ALL,1,-9.28078,1,192
2022-09-05T01:00:00-00:00,2022-09-05T01:15:00-00:00,2022-09-04,19,KERNOIL_1_N001,KERNOIL_1_N001,KERNOIL_1_N001,RTPD,MCC,LMP_CONG_PRC,KERNOIL_1_N001,ALL,1,-51.08441,1,192
2022-09-05T02:00:00-00:00,2022-09-05T02:15:00-00:00,2022-09-04,20,KERNOIL_1_N001,KERNOIL_1_N001,KERNOIL_1_N001,RTPD,MCC,LMP_CONG_PRC,KERNOIL_1_N001,ALL,1,18.20278,1,192
2022-09-05T03:00:00-00:00,2022-09-05T03:15:00-00:00,2022-09-04,21,KERNOIL_1_N001,KERNOIL_1_N001,KERNOIL_1_N001,RTPD,MCC,LMP_CONG_PRC,KERNOIL_1_N001,ALL,1,-34.38974,1,192
2022-09-05T04:00:00-00:00,2022-09-05T04:15:00-00:00,2022-09-04,22,KERNOIL_1_N001,KERNOIL_1_N001,KERNOIL_1_N001,RTPD,MCC,LMP_CONG_PRC,KERNOIL_1_N001,ALL,1,25.48239,1,192
2022-09-05T05:00:00-00:00,2022-09-05T05:15:00-00:00,2022-09-04,23,KERNOIL_1_N001,KERNOIL_1_N001,KERNOIL_1_N001,RTPD,MCC,LMP_CONG_PRC,KERNOIL_1_N001,ALL,1,33.54108,1,192
2022-09-05T06:00:00-00:00,2022-09-05T06:15:00-00:00,2022-09-04,24,KERNOIL_1_N001,KERNOIL_1_N001,KERNOIL_1_N001,RTPD,MCC,LMP_CONG_PRC,KERNOIL_1_N001,ALL,1,29.83861,1,192
2022-09-04T07:15:00-00:00,2022-09-04T07:30:00-00:00,2022-09-04,01,KERNOIL_1_N001,KERNOIL_1_N001,KERNOIL_1_N001,RTPD,MCC,LMP_CONG_PRC,KERNOIL_1_N001,ALL,1,-15.81525,2,192
2022-09-04T08:15:00-00:00,2022-09-04T08:30:00-00:00,2022-09-04,02,KERNOIL_1_N001,KERNOIL_1_N001,KERNOIL_1_N001,RTPD,MCC,LMP_CONG_PRC,KERNOIL_1_N001,ALL,1,-7.43647,2,192
2022-09-04T09:15:00-00:00,2022-09-04T09:30:00-00:00,2022-09-04,03,KERNOIL_1_N001,KERNOIL_1_N001,KERNOIL_1_N001,RTPD,MCC,LMP_CONG_PRC,KERNOIL_1_N001,ALL,1,-9.65618,2,192
2022-09-04T10:15:00-00:00,2022-09-04T10:30:00-00:00,2022-09-04,04,KERNOIL_1_N001,KERNOIL_1_N001,KERNOIL_1_N001,RTPD,MCC,LMP_CONG_PRC,KERNOIL_1_N001,ALL,1,-2.68685,2,192
2022-09-04T11:15:00-00:00,2022-09-04T11:30:00-00:00,2022-09-04,05,KERNOIL_1_N001,KERNOIL_1_N001,KERNOIL_1_N001,RTPD,MCC,LMP_CONG_PRC,KERNOIL_1_N001,ALL,1,5.29621,2,192
2022-09-04T12:15:00-00:00,2022-09-04T12:30:00-00:00,2022-09-04,06,KERNOIL_1_N001,KERNOIL_1_N001,KERNOIL_1_N001,RTPD,MCC,LMP_CONG_PRC,KERNOIL_1_N001,ALL,1,-10.34528,2,192
2022-09-04T13:15:00-00:00,2022-09-04T13:30:00-00:00,2022-09-04,07,KERNOIL_1_N001,KERNOIL_1_N001,KERNOIL_1_N001,RTPD,MCC,LMP_CONG_PRC,KERNOIL_1_N001,ALL,1,-32.32914,2,192
2022-09-04T14:15:00-00:00,2022-09-04T14:30:00-00:00,2022-09-04,08,KERNOIL_1_N001,KERNOIL_1_N001,KERNOIL_1_N001,RTPD,MCC,LMP_CONG_PRC,KERNOIL_1_N001,ALL,1,-11.33119,2,192
2022-09-04T15:15:00-00:00,2022-09-04T15:30:00-00:00,2022-09-04,09,KERNOIL_1_N001,KERNOIL_1_N001,KERNOIL_1_N001,RTPD,MCC,LMP_CONG_PRC,KERNOIL_1_N001,ALL,1,-20.9467,2,192
2022-09-04T16:15:00-00:00,2022-09-04T16:30:00-00:00,2022-09-04,10,KERNOIL_1_N001,KERNOIL_1_N001,KERNOIL_1_N001,RTPD,MCC,LMP_CONG_PRC,KERNOIL_1_N001,ALL,1,-57.82594,2,192
2022-09-04T17:15:00-00:00,2022-09-04T17:30:00-00:00,2022-09-04,11,KERNOIL_1_N001,KERNOIL_1_N001,KERNOIL_1_N001,RTPD,MCC,LMP_CONG_PRC,KERNOIL_1_N001,ALL,1,-77.99285,2,192
2022-09-04T18:15:00-00:00,2022-09-04T18:30:00-00:00,2022-09-04,12,KERNOIL_1_N001,KERNOIL_1_N001,KERNOIL_1_N001,RTPD,MCC,LMP_CONG_PRC,KERNOIL_1_N001,ALL,1,-74.70384,2,192
2022-09-04T19:15:00-00:00,2022-09-04T19:30:00-00:00,2022-09-04,13,KERNOIL_1_N001,KERNOIL_1_N001,KERNOIL_1_N001,RTPD,MCC,LMP_CONG_PRC,KERNOIL_1_N001,ALL,1,-36.93726,2,192
2022-09-04T20:15:00-00:00,2022-09-04T20:30:00-00:00,2022-09-04,14,KERNOIL_1_N001,KERNOIL_1_N001,KERNOIL_1_N001,RTPD,MCC,LMP_CONG_PRC,KERNOIL_1_N001,ALL,1,-21.36795,2,192
2022-09-04T21:15:00-00:00,2022-09-04T21:30:00-00:00,2022-09-04,15,KERNOIL_1_N001,KERNOIL_1_N001,KERNOIL_1_N001,RTPD,MCC,LMP_CONG_PRC,KERNOIL_1_N001,ALL,1,-38.38641,2,192
2022-09-04T22:15:00-00:00,2022-09-04T22:30:00-00:00,2022-09-04,16,KERNOIL_1_N001,KERNOIL_1_N001,KERNOIL_1_N001,RTPD,MCC,LMP_CONG_PRC,KERNOIL_1_N001,ALL,1,-22.7895,2,192
2022-09-04T23:15:00-00:00,2022-09-04T23:30:00-00:00,2022-09-04,17,KERNOIL_1_N001,KERNOIL_1_N001,KERNOIL_1_N001,RTPD,MCC,LMP_CONG_PRC,KERNOIL_1_N001,ALL,1,-11.23375,2,192
2022-09-05T00:15:00-00:00,2022-09-05T00:30:00-00:00,2022-09-04,18,KERNOIL_1_N001,KERNOIL_1_N001,KERNOIL_1_N001,RTPD,MCC,LMP_CONG_PRC,KERNOIL_1_N001,ALL,1,-93.28262,2,192
2022-09-05T01:15:00-00:00,2022-09-05T01:30:00-00:00,2022-09-04,19,KERNOIL_1_N001,KERNOIL_1_N001,KERNOIL_1_N001,RTPD,MCC,LMP_CONG_PRC,KERNOIL_1_N001,ALL,1,-20.67064,2,192
2022-09-05T02:15:00-00:00,2022-09-05T02:30:00-00:00,2022-09-04,20,KERNOIL_1_N001,KERNOIL_1_N001,KERNOIL_1_N001,RTPD,MCC,LMP_CONG_PRC,KERNOIL_1_N001,ALL,1,20.10774,2,192
2022-09-05T03:15:00-00:00,2022-09-05T03:30:00-00:00,2022-09-04,21,KERNOIL_1_N001,KERNOIL_1_N001,KERNOIL_1_N001,RTPD,MCC,LMP_CONG_PRC,KERNOIL_1_N001,ALL,1,-31.00442,2,192
2022-09-05T04:15:00-00:00,2022-09-05T04:30:00-00:00,2022-09-04,22,KERNOIL_1_N001,KERNOIL_1_N001,KERNOIL_1_N001,RTPD,MCC,LMP_CONG_PRC,KERNOIL_1_N001,ALL,1,21.83281,2,192
2022-09-05T05:15:00-00:00,2022-09-05T05:30:00-00:00,2022-09-04,23,KERNOIL_1_N001,KERNOIL_1_N001,KERNOIL_1_N001,RTPD,MCC,LMP_CONG_PRC,KERNOIL_1_N001,ALL,1,34.93511,2,192
2022-09-05T06:15:00-00:00,2022-09-05T06:30:00-00:00,2022-09-04,24,KERNOIL_1_N001,KERNOIL_1_N001,KERNOIL_1_N001,RTPD,MCC,LMP_CONG_PRC,KERNOIL_1_N001,ALL,1,27.87917,2,192
2022-09-04T07:30:00-00:00,2022-09-04T07:45:00-00:00,2022-09-04,01,KERNOIL_1_N001,KERNOIL_1_N001,KERNOIL_1_N001,RTPD,MCC,LMP_CONG_PRC,KERNOIL_1_N001,ALL,1,-13.79355,3,192
2022-09-04T08:30:00-00:00,2022-09-04T08:45:00-00:00,2022-09-04,02,KERNOIL_1_N001,KERNOIL_1_N001,KERNOIL_1_N001,RTPD,MCC,LMP_CONG_PRC,KERNOIL_1_N001,ALL,1,-4.6626,3,192
2022-09-04T09:30:00-00:00,2022-09-04T09:45:00-00:00,2022-09-04,03,KERNOIL_1_N001,KERNOIL_1_N001,KERNOIL_1_N001,RTPD,MCC,LMP_CONG_PRC,KERNOIL_1_N001,ALL,1,-11.73536,3,192
2022-09-04T10:30:00-00:00,2022-09-04T10:45:00-00:00,2022-09-04,04,KERNOIL_1_N001,KERNOIL_1_N001,KERNOIL_1_N001,RTPD,MCC,LMP_CONG_PRC,KERNOIL_1_N001,ALL,1,1.21594,3,192
2022-09-04T11:30:00-00:00,2022-09-04T11:45:00-00:00,2022-09-04,05,KERNOIL_1_N001,KERNOIL_1_N001,KERNOIL_1_N001,RTPD,MCC,LMP_CONG_PRC,KERNOIL_1_N001,ALL,1,6.18579,3,192
2022-09-04T12:30:00-00:00,2022-09-04T12:45:00-00:00,2022-09-04,06,KERNOIL_1_N001,KERNOIL_1_N001,KERNOIL_1_N001,RTPD,MCC,LMP_CONG_PRC,KERNOIL_1_N001,ALL,1,-11.26913,3,192
2022-09-04T13:30:00-00:00,2022-09-04T13:45:00-00:00,2022-09-04,07,KERNOIL_1_N001,KERNOIL_1_N001,KERNOIL_1_N001,RTPD,MCC,LMP_CONG_PRC,KERNOIL_1_N001,ALL,1,-38.53959,3,192
2022-09-04T14:30:00-00:00,2022-09-04T14:45:00-00:00,2022-09-04,08,KERNOIL_1_N001,KERNOIL_1_N001,KERNOIL_1_N001,RTPD,MCC,LMP_CONG_PRC,KERNOIL_1_N001,ALL,1,-9.31565,3,192
2022-09-04T15:30:00-00:00,2022-09-04T15:45:00-00:00,2022-09-04,09,KERNOIL_1_N001,KERNOIL_1_N001,KERNOIL_1_N001,RTPD,MCC,LMP_CONG_PRC,KERNOIL_1_N001,ALL,1,-24.82845,3,192
2022-09-04T16:30:00-00:00,2022-09-04T16:45:00-00:00,2022-09-04,10,KERNOIL_1_N001,KERNOIL_1_N001,KERNOIL_1_N001,RTPD,MCC,LMP_CONG_PRC,KERNOIL_1_N001,ALL,1,-58.96591,3,192
2022-09-04T17:30:00-00:00,2022-09-04T17:45:00-00:00,2022-09-04,11,KERNOIL_1_N001,KERNOIL_1_N001,KERNOIL_1_N001,RTPD,MCC,LMP_CONG_PRC,KERNOIL_1_N001,ALL,1,-78.42829,3,192
2022-09-04T18:30:00-00:00,2022-09-04T18:45:00-00:00,2022-09-04,12,KERNOIL_1_N001,KERNOIL_1_N001,KERNOIL_1_N001,RTPD,MCC,LMP_CONG_PRC,KERNOIL_1_N001,ALL,1,-35.49123,3,192
2022-09-04T19:30:00-00:00,2022-09-04T19:45:00-00:00,2022-09-04,13,KERNOIL_1_N001,KERNOIL_1_N001,KERNOIL_1_N001,RTPD,MCC,LMP_CONG_PRC,KERNOIL_1_N001,ALL,1,-40.78041,3,192
2022-09-04T20:30:00-00:00,2022-09-04T20:45:00-00:00,2022-09-04,14,KERNOIL_1_N001,KERNOIL_1_N001,KERNOIL_1_N001,RTPD,MCC,LMP_CONG_PRC,KERNOIL_1_N001,ALL,1,-43.38164,3,192
2022-09-04T21:30:00-00:00,2022-09-04T21:45:00-00:00,2022-09-04,15,KERNOIL_1_N001,KERNOIL_1_N001,KERNOIL_1_N001,RTPD,MCC,LMP_CONG_PRC,KERNOIL_1_N001,ALL,1,-29.65415,3,192
2022-09-04T22:30:00-00:00,2022-09-04T22:45:00-00:00,2022-09-04,16,KERNOIL_1_N001,KERNOIL_1_N001,KERNOIL_1_N001,RTPD,MCC,LMP_CONG_PRC,KERNOIL_1_N001,ALL,1,-21.08234,3,192
2022-09-04T23:30:00-00:00,2022-09-04T23:45:00-00:00,2022-09-04,17,KERNOIL_1_N001,KERNOIL_1_N001,KERNOIL_1_N001,RTPD,MCC,LMP_CONG_PRC,KERNOIL_1_N001,ALL,1,-15.95621,3,192
2022-09-05T00:30:00-00:00,2022-09-05T00:45:00-00:00,2022-09-04,18,KERNOIL_1_N001,KERNOIL_1_N001,KERNOIL_1_N001,RTPD,MCC,LMP_CONG_PRC,KERNOIL_1_N001,ALL,1,-41.21329,3,192
2022-09-05T01:30:00-00:00,2022-09-05T01:45:00-00:00,2022-09-04,19,KERNOIL_1_N001,KERNOIL_1_N001,KERNOIL_1_N001,RTPD,MCC,LMP_CONG_PRC,KERNOIL_1_N001,ALL,1,334.70554,3,192
2022-09-05T02:30:00-00:00,2022-09-05T02:45:00-00:00,2022-09-04,20,KERNOIL_1_N001,KERNOIL_1_N001,KERNOIL_1_N001,RTPD,MCC,LMP_CONG_PRC,KERNOIL_1_N001,ALL,1,12.45717,3,192
2022-09-05T03:30:00-00:00,2022-09-05T03:45:00-00:00,2022-09-04,21,KERNOIL_1_N001,KERNOIL_1_N001,KERNOIL_1_N001,RTPD,MCC,LMP_CONG_PRC,KERNOIL_1_N001,ALL,1,-24.70834,3,192
2022-09-05T04:30:00-00:00,2022-09-05T04:45:00-00:00,2022-09-04,22,KERNOIL_1_N001,KERNOIL_1_N001,KERNOIL_1_N001,RTPD,MCC,LMP_CONG_PRC,KERNOIL_1_N001,ALL,1,22.64906,3,192
2022-09-05T05:30:00-00:00,2022-09-05T05:45:00-00:00,2022-09-04,23,KERNOIL_1_N001,KERNOIL_1_N001,KERNOIL_1_N001,RTPD,MCC,LMP_CONG_PRC,KERNOIL_1_N001,ALL,1,29.47792,3,192
2022-09-05T06:30:00-00:00,2022-09-05T06:45:00-00:00,2022-09-04,24,KERNOIL_1_N001,KERNOIL_1_N001,KERNOIL_1_N001,RTPD,MCC,LMP_CONG_PRC,KERNOIL_1_N001,ALL,1,14.75513,3,192
2022-09-04T07:45:00-00:00,2022-09-04T08:00:00-00:00,2022-09-04,01,KERNOIL_1_N001,KERNOIL_1_N001,KERNOIL_1_N001,RTPD,MCC,LMP_CONG_PRC,KERNOIL_1_N001,ALL,1,12.14696,4,192
2022-09-04T08:45:00-00:00,2022-09-04T09:00:00-00:00,2022-09-04,02,KERNOIL_1_N001,KERNOIL_1_N001,KERNOIL_1_N001,RTPD,MCC,LMP_CONG_PRC,KERNOIL_1_N001,ALL,1,-1.43279,4,192
2022-09-04T09:45:00-00:00,2022-09-04T10:00:00-00:00,2022-09-04,03,KERNOIL_1_N001,KERNOIL_1_N001,KERNOIL_1_N001,RTPD,MCC,LMP_CONG_PRC,KERNOIL_1_N001,ALL,1,-10.00897,4,192
2022-09-04T10:45:00-00:00,2022-09-04T11:00:00-00:00,2022-09-04,04,KERNOIL_1_N001,KERNOIL_1_N001,KERNOIL_1_N001,RTPD,MCC,LMP_CONG_PRC,KERNOIL_1_N001,ALL,1,-3.04751,4,192
2022-09-04T11:45:00-00:00,2022-09-04T12:00:00-00:00,2022-09-04,05,KERNOIL_1_N001,KERNOIL_1_N001,KERNOIL_1_N001,RTPD,MCC,LMP_CONG_PRC,KERNOIL_1_N001,ALL,1,-8.93309,4,192
2022-09-04T12:45:00-00:00,2022-09-04T13:00:00-00:00,2022-09-04,06,KERNOIL_1_N001,KERNOIL_1_N001,KERNOIL_1_N001,RTPD,MCC,LMP_CONG_PRC,KERNOIL_1_N001,ALL,1,-12.59766,4,192
2022-09-04T13:45:00-00:00,2022-09-04T14:00:00-00:00,2022-09-04,07,KERNOIL_1_N001,KERNOIL_1_N001,KERNOIL_1_N001,RTPD,MCC,LMP_CONG_PRC,KERNOIL_1_N001,ALL,1,-35.75417,4,192
2022-09-04T14:45:00-00:00,2022-09-04T15:00:00-00:00,2022-09-04,08,KERNOIL_1_N001,KERNOIL_1_N001,KERNOIL_1_N001,RTPD,MCC,LMP_CONG_PRC,KERNOIL_1_N001,ALL,1,-23.12263,4,192
2022-09-04T15:45:00-00:00,2022-09-04T16:00:00-00:00,2022-09-04,09,KERNOIL_1_N001,KERNOIL_1_N001,KERNOIL_1_N001,RTPD,MCC,LMP_CONG_PRC,KERNOIL_1_N001,ALL,1,-44.72087,4,192
2022-09-04T16:45:00-00:00,2022-09-04T17:00:00-00:00,2022-09-04,10,KERNOIL_1_N001,KERNOIL_1_N001,KERNOIL_1_N001,RTPD,MCC,LMP_CONG_PRC,KERNOIL_1_N001,ALL,1,-63.84761,4,192
2022-09-04T17:45:00-00:00,2022-09-04T18:00:00-00:00,2022-09-04,11,KERNOIL_1_N001,KERNOIL_1_N001,KERNOIL_1_N001,RTPD,MCC,LMP_CONG_PRC,KERNOIL_1_N001,ALL,1,-89.76943,4,192
2022-09-04T18:45:00-00:00,2022-09-04T19:00:00-00:00,2022-09-04,12,KERNOIL_1_N001,KERNOIL_1_N001,KERNOIL_1_N001,RTPD,MCC,LMP_CONG_PRC,KERNOIL_1_N001,ALL,1,-30.17908,4,192
2022-09-04T19:45:00-00:00,2022-09-04T20:00:00-00:00,2022-09-04,13,KERNOIL_1_N001,KERNOIL_1_N001,KERNOIL_1_N001,RTPD,MCC,LMP_CONG_PRC,KERNOIL_1_N001,ALL,1,-57.90815,4,192
2022-09-04T20:45:00-00:00,2022-09-04T21:00:00-00:00,2022-09-04,14,KERNOIL_1_N001,KERNOIL_1_N001,KERNOIL_1_N001,RTPD,MCC,LMP_CONG_PRC,KERNOIL_1_N001,ALL,1,-36.09775,4,192
2022-09-04T21:45:00-00:00,2022-09-04T22:00:00-00:00,2022-09-04,15,KERNOIL_1_N001,KERNOIL_1_N001,KERNOIL_1_N001,RTPD,MCC,LMP_CONG_PRC,KERNOIL_1_N001,ALL,1,-66.72122,4,192
2022-09-04T22:45:00-00:00,2022-09-04T23:00:00-00:00,2022-09-04,16,KERNOIL_1_N001,KERNOIL_1_N001,KERNOIL_1_N001,RTPD,MCC,LMP_CONG_PRC,KERNOIL_1_N001,ALL,1,-28.9006,4,192
2022-09-04T23:45:00-00:00,2022-09-05T00:00:00-00:00,2022-09-04,17,KERNOIL_1_N001,KERNOIL_1_N001,KERNOIL_1_N001,RTPD,MCC,LMP_CONG_PRC,KERNOIL_1_N001,ALL,1,-50.69065,4,192
2022-09-05T00:45:00-00:00,2022-09-05T01:00:00-00:00,2022-09-04,18,KERNOIL_1_N001,KERNOIL_1_N001,KERNOIL_1_N001,RTPD,MCC,LMP_CONG_PRC,KERNOIL_1_N001,ALL,1,-226.47743,4,192
2022-09-05T01:45:00-00:00,2022-09-05T02:00:00-00:00,2022-09-04,19,KERNOIL_1_N001,KERNOIL_1_N001,KERNOIL_1_N001,RTPD,MCC,LMP_CONG_PRC,KERNOIL_1_N001,ALL,1,292.28198,4,192
2022-09-05T02:45:00-00:00,2022-09-05T03:00:00-00:00,2022-09-04,20,KERNOIL_1_N001,KERNOIL_1_N001,KERNOIL_1_N001,RTPD,MCC,LMP_CONG_PRC,KERNOIL_1_N001,ALL,1,7.26881,4,192
2022-09-05T03:45:00-00:00,2022-09-05T04:00:00-00:00,2022-09-04,21,KERNOIL_1_N001,KERNOIL_1_N001,KERNOIL_1_N001,RTPD,MCC,LMP_CONG_PRC,KERNOIL_1_N001,ALL,1,11.21596,4,192
2022-09-05T04:45:00-00:00,2022-09-05T05:00:00-00:00,2022-09-04,22,KERNOIL_1_N001,KERNOIL_1_N001,KERNOIL_1_N001,RTPD,MCC,LMP_CONG_PRC,KERNOIL_1_N001,ALL,1,36.53747,4,192
2022-09-05T05:45:00-00:00,2022-09-05T06:00:00-00:00,2022-09-04,23,KERNOIL_1_N001,KERNOIL_1_N001,KERNOIL_1_N001,RTPD,MCC,LMP_CONG_PRC,KERNOIL_1_N001,ALL,1,21.77495,4,192
2022-09-05T06:45:00-00:00,2022-09-05T07:00:00-00:00,2022-09-04,24,KERNOIL_1_N001,KERNOIL_1_N001,KERNOIL_1_N001,RTPD,MCC,LMP_CONG_PRC,KERNOIL_1_N001,ALL,1,11.02019,4,192
2022-09-04T07:00:00-00:00,2022-09-04T07:15:00-00:00,2022-09-04,01,KERNOIL_1_N001,KERNOIL_1_N001,KERNOIL_1_N001,RTPD,MCE,LMP_ENE_PRC,KERNOIL_1_N001,ALL,1,105.77126,1,193
2022-09-04T08:00:00-00:00,2022-09-04T08:15:00-00:00,2022-09-04,02,KERNOIL_1_N001,KERNOIL_1_N001,KERNOIL_1_N001,RTPD,MCE,LMP_ENE_PRC,KERNOIL_1_N001,ALL,1,97.44538,1,193
2022-09-04T09:00:00-00:00,2022-09-04T09:15:00-00:00,2022-09-04,03,KERNOIL_1_N001,KERNOIL_1_N001,KERNOIL_1_N001,RTPD,MCE,LMP_ENE_PRC,KERNOIL_1_N001,ALL,1,87.9271,1,193
2022-09-04T10:00:00-00:00,2022-09-04T10:15:00-00:00,2022-09-04,04,KERNOIL_1_N001,KERNOIL_1_N001,KERNOIL_1_N001,RTPD,MCE,LMP_ENE_PRC,KERNOIL_1_N001,ALL,1,88.48894,1,193
2022-09-04T11:00:00-00:00,2022-09-04T11:15:00-00:00,2022-09-04,05,KERNOIL_1_N001,KERNOIL_1_N001,KERNOIL_1_N001,RTPD,MCE,LMP_ENE_PRC,KERNOIL_1_N001,ALL,1,82.79075,1,193
2022-09-04T12:00:00-00:00,2022-09-04T12:15:00-00:00,2022-09-04,06,KERNOIL_1_N001,KERNOIL_1_N001,KERNOIL_1_N001,RTPD,MCE,LMP_ENE_PRC,KERNOIL_1_N001,ALL,1,83.24035,1,193
2022-09-04T13:00:00-00:00,2022-09-04T13:15:00-00:00,2022-09-04,07,KERNOIL_1_N001,KERNOIL_1_N001,KERNOIL_1_N001,RTPD,MCE,LMP_ENE_PRC,KERNOIL_1_N001,ALL,1,75.91539,1,193
2022-09-04T14:00:00-00:00,2022-09-04T14:15:00-00:00,2022-09-04,08,KERNOIL_1_N001,KERNOIL_1_N001,KERNOIL_1_N001,RTPD,MCE,LMP_ENE_PRC,KERNOIL_1_N001,ALL,1,82.51639,1,193
2022-09-04T15:00:00-00:00,2022-09-04T15:15:00-00:00,2022-09-04,09,KERNOIL_1_N001,KERNOIL_1_N001,KERNOIL_1_N001,RTPD,MCE,LMP_ENE_PRC,KERNOIL_1_N001,ALL,1,74.24878,1,193
2022-09-04T16:00:00-00:00,2022-09-04T16:15:00-00:00,2022-09-04,10,KERNOIL_1_N001,KERNOIL_1_N001,KERNOIL_1_N001,RTPD,MCE,LMP_ENE_PRC,KERNOIL_1_N001,ALL,1,50.67669,1,193
2022-09-04T17:00:00-00:00,2022-09-04T17:15:00-00:00,2022-09-04,11,KERNOIL_1_N001,KERNOIL_1_N001,KERNOIL_1_N001,RTPD,MCE,LMP_ENE_PRC,KERNOIL_1_N001,ALL,1,59.2544,1,193
2022-09-04T18:00:00-00:00,2022-09-04T18:15:00-00:00,2022-09-04,12,KERNOIL_1_N001,KERNOIL_1_N001,KERNOIL_1_N001,RTPD,MCE,LMP_ENE_PRC,KERNOIL_1_N001,ALL,1,65.61656,1,193
2022-09-04T19:00:00-00:00,2022-09-04T19:15:00-00:00,2022-09-04,13,KERNOIL_1_N001,KERNOIL_1_N001,KERNOIL_1_N001,RTPD,MCE,LMP_ENE_PRC,KERNOIL_1_N001,ALL,1,76.33065,1,193
2022-09-04T20:00:00-00:00,2022-09-04T20:15:00-00:00,2022-09-04,14,KERNOIL_1_N001,KERNOIL_1_N001,KERNOIL_1_N001,RTPD,MCE,LMP_ENE_PRC,KERNOIL_1_N001,ALL,1,87.37588,1,193
2022-09-04T21:00:00-00:00,2022-09-04T21:15:00-00:00,2022-09-04,15,KERNOIL_1_N001,KERNOIL_1_N001,KERNOIL_1_N001,RTPD,MCE,LMP_ENE_PRC,KERNOIL_1_N001,ALL,1,101.84583,1,193
2022-09-04T22:00:00-00:00,2022-09-04T22:15:00-00:00,2022-09-04,16,KERNOIL_1_N001,KERNOIL_1_N001,KERNOIL_1_N001,RTPD,MCE,LMP_ENE_PRC,KERNOIL_1_N001,ALL,1,102.30289,1,193
2022-09-04T23:00:00-00:00,2022-09-04T23:15:00-00:00,2022-09-04,17,KERNOIL_1_N001,KERNOIL_1_N001,KERNOIL_1_N001,RTPD,MCE,LMP_ENE_PRC,KERNOIL_1_N001,ALL,1,105.66165,1,193
2022-09-05T00:00:00-00:00,2022-09-05T00:15:00-00:00,2022-09-04,18,KERNOIL_1_N001,KERNOIL_1_N001,KERNOIL_1_N001,RTPD,MCE,LMP_ENE_PRC,KERNOIL_1_N001,ALL,1,110.52872,1,193
2022-09-05T01:00:00-00:00,2022-09-05T01:15:00-00:00,2022-09-04,19,KERNOIL_1_N001,KERNOIL_1_N001,KERNOIL_1_N001,RTPD,MCE,LMP_ENE_PRC,KERNOIL_1_N001,ALL,1,160.46742,1,193
2022-09-05T02:00:00-00:00,2022-09-05T02:15:00-00:00,2022-09-04,20,KERNOIL_1_N001,KERNOIL_1_N001,KERNOIL_1_N001,RTPD,MCE,LMP_ENE_PRC,KERNOIL_1_N001,ALL,1,133.17627,1,193
2022-09-05T03:00:00-00:00,2022-09-05T03:15:00-00:00,2022-09-04,21,KERNOIL_1_N001,KERNOIL_1_N001,KERNOIL_1_N001,RTPD,MCE,LMP_ENE_PRC,KERNOIL_1_N001,ALL,1,137.62802,1,193
2022-09-05T04:00:00-00:00,2022-09-05T04:15:00-00:00,2022-09-04,22,KERNOIL_1_N001,KERNOIL_1_N001,KERNOIL_1_N001,RTPD,MCE,LMP_ENE_PRC,KERNOIL_1_N001,ALL,1,121.32223,1,193
2022-09-05T05:00:00-00:00,2022-09-05T05:15:00-00:00,2022-09-04,23,KERNOIL_1_N001,KERNOIL_1_N001,KERNOIL_1_N001,RTPD,MCE,LMP_ENE_PRC,KERNOIL_1_N001,ALL,1,138.27702,1,193
2022-09-05T06:00:00-00:00,2022-09-05T06:15:00-00:00,2022-09-04,24,KERNOIL_1_N001,KERNOIL_1_N001,KERNOIL_1_N001,RTPD,MCE,LMP_ENE_PRC,KERNOIL_1_N001,ALL,1,126.47824,1,193
2022-09-04T07:15:00-00:00,2022-09-04T07:30:00-00:00,2022-09-04,01,KERNOIL_1_N001,KERNOIL_1_N001,KERNOIL_1_N001,RTPD,MCE,LMP_ENE_PRC,KERNOIL_1_N001,ALL,1,98.33878,2,193
2022-09-04T08:15:00-00:00,2022-09-04T08:30:00-00:00,2022-09-04,02,KERNOIL_1_N001,KERNOIL_1_N001,KERNOIL_1_N001,RTPD,MCE,LMP_ENE_PRC,KERNOIL_1_N001,ALL,1,96.4335,2,193
2022-09-04T09:15:00-00:00,2022-09-04T09:30:00-00:00,2022-09-04,03,KERNOIL_1_N001,KERNOIL_1_N001,KERNOIL_1_N001,RTPD,MCE,LMP_ENE_PRC,KERNOIL_1_N001,ALL,1,85.33245,2,193
2022-09-04T10:15:00-00:00,2022-09-04T10:30:00-00:00,2022-09-04,04,KERNOIL_1_N001,KERNOIL_1_N001,KERNOIL_1_N001,RTPD,MCE,LMP_ENE_PRC,KERNOIL_1_N001,ALL,1,86.06959,2,193
2022-09-04T11:15:00-00:00,2022-09-04T11:30:00-00:00,2022-09-04,05,KERNOIL_1_N001,KERNOIL_1_N001,KERNOIL_1_N001,RTPD,MCE,LMP_ENE_PRC,KERNOIL_1_N001,ALL,1,82.18044,2,193
2022-09-04T12:15:00-00:00,2022-09-04T12:30:00-00:00,2022-09-04,06,KERNOIL_1_N001,KERNOIL_1_N001,KERNOIL_1_N001,RTPD,MCE,LMP_ENE_PRC,KERNOIL_1_N001,ALL,1,83.35782,2,193
2022-09-04T13:15:00-00:00,2022-09-04T13:30:00-00:00,2022-09-04,07,KERNOIL_1_N001,KERNOIL_1_N001,KERNOIL_1_N001,RTPD,MCE,LMP_ENE_PRC,KERNOIL_1_N001,ALL,1,70.93534,2,193
2022-09-04T14:15:00-00:00,2022-09-04T14:30:00-00:00,2022-09-04,08,KERNOIL_1_N001,KERNOIL_1_N001,KERNOIL_1_N001,RTPD,MCE,LMP_ENE_PRC,KERNOIL_1_N001,ALL,1,76.97029,2,193
2022-09-04T15:15:00-00:00,2022-09-04T15:30:00-00:00,2022-09-04,09,KERNOIL_1_N001,KERNOIL_1_N001,KERNOIL_1_N001,RTPD,MCE,LMP_ENE_PRC,KERNOIL_1_N001,ALL,1,66.57465,2,193
2022-09-04T16:15:00-00:00,2022-09-04T16:30:00-00:00,2022-09-04,10,KERNOIL_1_N001,KERNOIL_1_N001,KERNOIL_1_N001,RTPD,MCE,LMP_ENE_PRC,KERNOIL_1_N001,ALL,1,52.1482,2,193
2022-09-04T17:15:00-00:00,2022-09-04T17:30:00-00:00,2022-09-04,11,KERNOIL_1_N001,KERNOIL_1_N001,KERNOIL_1_N001,RTPD,MCE,LMP_ENE_PRC,KERNOIL_1_N001,ALL,1,69.2657,2,193
2022-09-04T18:15:00-00:00,2022-09-04T18:30:00-00:00,2022-09-04,12,KERNOIL_1_N001,KERNOIL_1_N001,KERNOIL_1_N001,RTPD,MCE,LMP_ENE_PRC,KERNOIL_1_N001,ALL,1,73.93472,2,193
2022-09-04T19:15:00-00:00,2022-09-04T19:30:00-00:00,2022-09-04,13,KERNOIL_1_N001,KERNOIL_1_N001,KERNOIL_1_N001,RTPD,MCE,LMP_ENE_PRC,KERNOIL_1_N001,ALL,1,86.63525,2,193
2022-09-04T20:15:00-00:00,2022-09-04T20:30:00-00:00,2022-09-04,14,KERNOIL_1_N001,KERNOIL_1_N001,KERNOIL_1_N001,RTPD,MCE,LMP_ENE_PRC,KERNOIL_1_N001,ALL,1,89.19764,2,193
2022-09-04T21:15:00-00:00,2022-09-04T21:30:00-00:00,2022-09-04,15,KERNOIL_1_N001,KERNOIL_1_N001,KERNOIL_1_N001,RTPD,MCE,LMP_ENE_PRC,KERNOIL_1_N001,ALL,1,111.99711,2,193
2022-09-04T22:15:00-00:00,2022-09-04T22:30:00-00:00,2022-09-04,16,KERNOIL_1_N001,KERNOIL_1_N001,KERNOIL_1_N001,RTPD,MCE,LMP_ENE_PRC,KERNOIL_1_N001,ALL,1,105.68133,2,193
2022-09-04T23:15:00-00:00,2022-09-04T23:30:00-00:00,2022-09-04,17,KERNOIL_1_N001,KERNOIL_1_N001,KERNOIL_1_N001,RTPD,MCE,LMP_ENE_PRC,KERNOIL_1_N001,ALL,1,106.64397,2,193
2022-09-05T00:15:00-00:00,2022-09-05T00:30:00-00:00,2022-09-04,18,KERNOIL_1_N001,KERNOIL_1_N001,KERNOIL_1_N001,RTPD,MCE,LMP_ENE_PRC,KERNOIL_1_N001,ALL,1,185.7071,2,193
2022-09-05T01:15:00-00:00,2022-09-05T01:30:00-00:00,2022-09-04,19,KERNOIL_1_N001,KERNOIL_1_N001,KERNOIL_1_N001,RTPD,MCE,LMP_ENE_PRC,KERNOIL_1_N001,ALL,1,283.75967,2,193
2022-09-05T02:15:00-00:00,2022-09-05T02:30:00-00:00,2022-09-04,20,KERNOIL_1_N001,KERNOIL_1_N001,KERNOIL_1_N001,RTPD,MCE,LMP_ENE_PRC,KERNOIL_1_N001,ALL,1,138.21387,2,193
2022-09-05T03:15:00-00:00,2022-09-05T03:30:00-00:00,2022-09-04,21,KERNOIL_1_N001,KERNOIL_1_N001,KERNOIL_1_N001,RTPD,MCE,LMP_ENE_PRC,KERNOIL_1_N001,ALL,1,125.70521,2,193
2022-09-05T04:15:00-00:00,2022-09-05T04:30:00-00:00,2022-09-04,22,KERNOIL_1_N001,KERNOIL_1_N001,KERNOIL_1_N001,RTPD,MCE,LMP_ENE_PRC,KERNOIL_1_N001,ALL,1,118.54421,2,193
2022-09-05T05:15:00-00:00,2022-09-05T05:30:00-00:00,2022-09-04,23,KERNOIL_1_N001,KERNOIL_1_N001,KERNOIL_1_N001,RTPD,MCE,LMP_ENE_PRC,KERNOIL_1_N001,ALL,1,140.66483,2,193
2022-09-05T06:15:00-00:00,2022-09-05T06:30:00-00:00,2022-09-04,24,KERNOIL_1_N001,KERNOIL_1_N001,KERNOIL_1_N001,RTPD,MCE,LMP_ENE_PRC,KERNOIL_1_N001,ALL,1,115.0785,2,193
2022-09-04T07:30:00-00:00,2022-09-04T07:45:00-00:00,2022-09-04,01,KERNOIL_1_N001,KERNOIL_1_N001,KERNOIL_1_N001,RTPD,MCE,LMP_ENE_PRC,KERNOIL_1_N001,ALL,1,93.67897,3,193
2022-09-04T08:30:00-00:00,2022-09-04T08:45:00-00:00,2022-09-04,02,KERNOIL_1_N001,KERNOIL_1_N001,KERNOIL_1_N001,RTPD,MCE,LMP_ENE_PRC,KERNOIL_1_N001,ALL,1,89.3153,3,193
2022-09-04T09:30:00-00:00,2022-09-04T09:45:00-00:00,2022-09-04,03,KERNOIL_1_N001,KERNOIL_1_N001,KERNOIL_1_N001,RTPD,MCE,LMP_ENE_PRC,KERNOIL_1_N001,ALL,1,82.76979,3,193
2022-09-04T10:30:00-00:00,2022-09-04T10:45:00-00:00,2022-09-04,04,KERNOIL_1_N001,KERNOIL_1_N001,KERNOIL_1_N001,RTPD,MCE,LMP_ENE_PRC,KERNOIL_1_N001,ALL,1,85.2941,3,193
2022-09-04T11:30:00-00:00,2022-09-04T11:45:00-00:00,2022-09-04,05,KERNOIL_1_N001,KERNOIL_1_N001,KERNOIL_1_N001,RTPD,MCE,LMP_ENE_PRC,KERNOIL_1_N001,ALL,1,81.7171,3,193
2022-09-04T12:30:00-00:00,2022-09-04T12:45:00-00:00,2022-09-04,06,KERNOIL_1_N001,KERNOIL_1_N001,KERNOIL_1_N001,RTPD,MCE,LMP_ENE_PRC,KERNOIL_1_N001,ALL,1,83.26354,3,193
2022-09-04T13:30:00-00:00,2022-09-04T13:45:00-00:00,2022-09-04,07,KERNOIL_1_N001,KERNOIL_1_N001,KERNOIL_1_N001,RTPD,MCE,LMP_ENE_PRC,KERNOIL_1_N001,ALL,1,69.8817,3,193
2022-09-04T14:30:00-00:00,2022-09-04T14:45:00-00:00,2022-09-04,08,KERNOIL_1_N001,KERNOIL_1_N001,KERNOIL_1_N001,RTPD,MCE,LMP_ENE_PRC,KERNOIL_1_N001,ALL,1,74.54818,3,193
2022-09-04T15:30:00-00:00,2022-09-04T15:45:00-00:00,2022-09-04,09,KERNOIL_1_N001,KERNOIL_1_N001,KERNOIL_1_N001,RTPD,MCE,LMP_ENE_PRC,KERNOIL_1_N001,ALL,1,58.25037,3,193
2022-09-04T16:30:00-00:00,2022-09-04T16:45:00-00:00,2022-09-04,10,KERNOIL_1_N001,KERNOIL_1_N001,KERNOIL_1_N001,RTPD,MCE,LMP_ENE_PRC,KERNOIL_1_N001,ALL,1,54.84481,3,193
2022-09-04T17:30:00-00:00,2022-09-04T17:45:00-00:00,2022-09-04,11,KERNOIL_1_N001,KERNOIL_1_N001,KERNOIL_1_N001,RTPD,MCE,LMP_ENE_PRC,KERNOIL_1_N001,ALL,1,69.84671,3,193
2022-09-04T18:30:00-00:00,2022-09-04T18:45:00-00:00,2022-09-04,12,KERNOIL_1_N001,KERNOIL_1_N001,KERNOIL_1_N001,RTPD,MCE,LMP_ENE_PRC,KERNOIL_1_N001,ALL,1,86.95818,3,193
2022-09-04T19:30:00-00:00,2022-09-04T19:45:00-00:00,2022-09-04,13,KERNOIL_1_N001,KERNOIL_1_N001,KERNOIL_1_N001,RTPD,MCE,LMP_ENE_PRC,KERNOIL_1_N001,ALL,1,102.56183,3,193
2022-09-04T20:30:00-00:00,2022-09-04T20:45:00-00:00,2022-09-04,14,KERNOIL_1_N001,KERNOIL_1_N001,KERNOIL_1_N001,RTPD,MCE,LMP_ENE_PRC,KERNOIL_1_N001,ALL,1,107.67463,3,193
2022-09-04T21:30:00-00:00,2022-09-04T21:45:00-00:00,2022-09-04,15,KERNOIL_1_N001,KERNOIL_1_N001,KERNOIL_1_N001,RTPD,MCE,LMP_ENE_PRC,KERNOIL_1_N001,ALL,1,108.01974,3,193
2022-09-04T22:30:00-00:00,2022-09-04T22:45:00-00:00,2022-09-04,16,KERNOIL_1_N001,KERNOIL_1_N001,KERNOIL_1_N001,RTPD,MCE,LMP_ENE_PRC,KERNOIL_1_N001,ALL,1,114.08273,3,193
2022-09-04T23:30:00-00:00,2022-09-04T23:45:00-00:00,2022-09-04,17,KERNOIL_1_N001,KERNOIL_1_N001,KERNOIL_1_N001,RTPD,MCE,LMP_ENE_PRC,KERNOIL_1_N001,ALL,1,113.23912,3,193
2022-09-05T00:30:00-00:00,2022-09-05T00:45:00-00:00,2022-09-04,18,KERNOIL_1_N001,KERNOIL_1_N001,KERNOIL_1_N001,RTPD,MCE,LMP_ENE_PRC,KERNOIL_1_N001,ALL,1,146.1893,3,193
2022-09-05T01:30:00-00:00,2022-09-05T01:45:00-00:00,2022-09-04,19,KERNOIL_1_N001,KERNOIL_1_N001,KERNOIL_1_N001,RTPD,MCE,LMP_ENE_PRC,KERNOIL_1_N001,ALL,1,899.31366,3,193
2022-09-05T02:30:00-00:00,2022-09-05T02:45:00-00:00,2022-09-04,20,KERNOIL_1_N001,KERNOIL_1_N001,KERNOIL_1_N001,RTPD,MCE,LMP_ENE_PRC,KERNOIL_1_N001,ALL,1,124.31294,3,193
2022-09-05T03:30:00-00:00,2022-09-05T03:45:00-00:00,2022-09-04,21,KERNOIL_1_N001,KERNOIL_1_N001,KERNOIL_1_N001,RTPD,MCE,LMP_ENE_PRC,KERNOIL_1_N001,ALL,1,120.65321,3,193
2022-09-05T04:30:00-00:00,2022-09-05T04:45:00-00:00,2022-09-04,22,KERNOIL_1_N001,KERNOIL_1_N001,KERNOIL_1_N001,RTPD,MCE,LMP_ENE_PRC,KERNOIL_1_N001,ALL,1,117.97055,3,193
2022-09-05T05:30:00-00:00,2022-09-05T05:45:00-00:00,2022-09-04,23,KERNOIL_1_N001,KERNOIL_1_N001,KERNOIL_1_N001,RTPD,MCE,LMP_ENE_PRC,KERNOIL_1_N001,ALL,1,123.73156,3,193
2022-09-05T06:30:00-00:00,2022-09-05T06:45:00-00:00,2022-09-04,24,KERNOIL_1_N001,KERNOIL_1_N001,KERNOIL_1_N001,RTPD,MCE,LMP_ENE_PRC,KERNOIL_1_N001,ALL,1,91.1478,3,193
2022-09-04T07:45:00-00:00,2022-09-04T08:00:00-00:00,2022-09-04,01,KERNOIL_1_N001,KERNOIL_1_N001,KERNOIL_1_N001,RTPD,MCE,LMP_ENE_PRC,KERNOIL_1_N001,ALL,1,84.62068,4,193
2022-09-04T08:45:00-00:00,2022-09-04T09:00:00-00:00,2022-09-04,02,KERNOIL_1_N001,KERNOIL_1_N001,KERNOIL_1_N001,RTPD,MCE,LMP_ENE_PRC,KERNOIL_1_N001,ALL,1,80.89122,4,193
2022-09-04T09:45:00-00:00,2022-09-04T10:00:00-00:00,2022-09-04,03,KERNOIL_1_N001,KERNOIL_1_N001,KERNOIL_1_N001,RTPD,MCE,LMP_ENE_PRC,KERNOIL_1_N001,ALL,1,77.90501,4,193
2022-09-04T10:45:00-00:00,2022-09-04T11:00:00-00:00,2022-09-04,04,KERNOIL_1_N001,KERNOIL_1_N001,KERNOIL_1_N001,RTPD,MCE,LMP_ENE_PRC,KERNOIL_1_N001,ALL,1,80.46249,4,193
2022-09-04T11:45:00-00:00,2022-09-04T12:00:00-00:00,2022-09-04,05,KERNOIL_1_N001,KERNOIL_1_N001,KERNOIL_1_N001,RTPD,MCE,LMP_ENE_PRC,KERNOIL_1_N001,ALL,1,79.81742,4,193
2022-09-04T12:45:00-00:00,2022-09-04T13:00:00-00:00,2022-09-04,06,KERNOIL_1_N001,KERNOIL_1_N001,KERNOIL_1_N001,RTPD,MCE,LMP_ENE_PRC,KERNOIL_1_N001,ALL,1,81.5519,4,193
2022-09-04T13:45:00-00:00,2022-09-04T14:00:00-00:00,2022-09-04,07,KERNOIL_1_N001,KERNOIL_1_N001,KERNOIL_1_N001,RTPD,MCE,LMP_ENE_PRC,KERNOIL_1_N001,ALL,1,60.75904,4,193
2022-09-04T14:45:00-00:00,2022-09-04T15:00:00-00:00,2022-09-04,08,KERNOIL_1_N001,KERNOIL_1_N001,KERNOIL_1_N001,RTPD,MCE,LMP_ENE_PRC,KERNOIL_1_N001,ALL,1,53.37606,4,193
2022-09-04T15:45:00-00:00,2022-09-04T16:00:00-00:00,2022-09-04,09,KERNOIL_1_N001,KERNOIL_1_N001,KERNOIL_1_N001,RTPD,MCE,LMP_ENE_PRC,KERNOIL_1_N001,ALL,1,41.51812,4,193
2022-09-04T16:45:00-00:00,2022-09-04T17:00:00-00:00,2022-09-04,10,KERNOIL_1_N001,KERNOIL_1_N001,KERNOIL_1_N001,RTPD,MCE,LMP_ENE_PRC,KERNOIL_1_N001,ALL,1,56.27322,4,193
2022-09-04T17:45:00-00:00,2022-09-04T18:00:00-00:00,2022-09-04,11,KERNOIL_1_N001,KERNOIL_1_N001,KERNOIL_1_N001,RTPD,MCE,LMP_ENE_PRC,KERNOIL_1_N001,ALL,1,80.41392,4,193
2022-09-04T18:45:00-00:00,2022-09-04T19:00:00-00:00,2022-09-04,12,KERNOIL_1_N001,KERNOIL_1_N001,KERNOIL_1_N001,RTPD,MCE,LMP_ENE_PRC,KERNOIL_1_N001,ALL,1,91.88616,4,193
2022-09-04T19:45:00-00:00,2022-09-04T20:00:00-00:00,2022-09-04,13,KERNOIL_1_N001,KERNOIL_1_N001,KERNOIL_1_N001,RTPD,MCE,LMP_ENE_PRC,KERNOIL_1_N001,ALL,1,99.49507,4,193
2022-09-04T20:45:00-00:00,2022-09-04T21:00:00-00:00,2022-09-04,14,KERNOIL_1_N001,KERNOIL_1_N001,KERNOIL_1_N001,RTPD,MCE,LMP_ENE_PRC,KERNOIL_1_N001,ALL,1,111.03904,4,193
2022-09-04T21:45:00-00:00,2022-09-04T22:00:00-00:00,2022-09-04,15,KERNOIL_1_N001,KERNOIL_1_N001,KERNOIL_1_N001,RTPD,MCE,LMP_ENE_PRC,KERNOIL_1_N001,ALL,1,139.43553,4,193
2022-09-04T22:45:00-00:00,2022-09-04T23:00:00-00:00,2022-09-04,16,KERNOIL_1_N001,KERNOIL_1_N001,KERNOIL_1_N001,RTPD,MCE,LMP_ENE_PRC,KERNOIL_1_N001,ALL,1,143.70679,4,193
2022-09-04T23:45:00-00:00,2022-09-05T00:00:00-00:00,2022-09-04,17,KERNOIL_1_N001,KERNOIL_1_N001,KERNOIL_1_N001,RTPD,MCE,LMP_ENE_PRC,KERNOIL_1_N001,ALL,1,173.92435,4,193
2022-09-05T00:45:00-00:00,2022-09-05T01:00:00-00:00,2022-09-04,18,KERNOIL_1_N001,KERNOIL_1_N001,KERNOIL_1_N001,RTPD,MCE,LMP_ENE_PRC,KERNOIL_1_N001,ALL,1,342.64575,4,193
2022-09-05T01:45:00-00:00,2022-09-05T02:00:00-00:00,2022-09-04,19,KERNOIL_1_N001,KERNOIL_1_N001,KERNOIL_1_N001,RTPD,MCE,LMP_ENE_PRC,KERNOIL_1_N001,ALL,1,793.1877,4,193
2022-09-05T02:45:00-00:00,2022-09-05T03:00:00-00:00,2022-09-04,20,KERNOIL_1_N001,KERNOIL_1_N001,KERNOIL_1_N001,RTPD,MCE,LMP_ENE_PRC,KERNOIL_1_N001,ALL,1,113.80091,4,193
2022-09-05T03:45:00-00:00,2022-09-05T04:00:00-00:00,2022-09-04,21,KERNOIL_1_N001,KERNOIL_1_N001,KERNOIL_1_N001,RTPD,MCE,LMP_ENE_PRC,KERNOIL_1_N001,ALL,1,108.55133,4,193
2022-09-05T04:45:00-00:00,2022-09-05T05:00:00-00:00,2022-09-04,22,KERNOIL_1_N001,KERNOIL_1_N001,KERNOIL_1_N001,RTPD,MCE,LMP_ENE_PRC,KERNOIL_1_N001,ALL,1,109.13516,4,193
2022-09-05T05:45:00-00:00,2022-09-05T06:00:00-00:00,2022-09-04,23,KERNOIL_1_N001,KERNOIL_1_N001,KERNOIL_1_N001,RTPD,MCE,LMP_ENE_PRC,KERNOIL_1_N001,ALL,1,95.38478,4,193
2022-09-05T06:45:00-00:00,2022-09-05T07:00:00-00:00,2022-09-04,24,KERNOIL_1_N001,KERNOIL_1_N001,KERNOIL_1_N001,RTPD,MCE,LMP_ENE_PRC,KERNOIL_1_N001,ALL,1,84.93478,4,193
2022-09-04T07:00:00-00:00,2022-09-04T07:15:00-00:00,2022-09-04,01,KERNOIL_1_N001,KERNOIL_1_N001,KERNOIL_1_N001,RTPD,MCL,LMP_LOSS_PRC,KERNOIL_1_N001,ALL,1,7.97515,1,194
2022-09-04T08:00:00-00:00,2022-09-04T08:15:00-00:00,2022-09-04,02,KERNOIL_1_N001,KERNOIL_1_N001,KERNOIL_1_N001,RTPD,MCL,LMP_LOSS_PRC,KERNOIL_1_N001,ALL,1,0,1,194
2022-09-04T09:00:00-00:00,2022-09-04T09:15:00-00:00,2022-09-04,03,KERNOIL_1_N001,KERNOIL_1_N001,KERNOIL_1_N001,RTPD,MCL,LMP_LOSS_PRC,KERNOIL_1_N001,ALL,1,0,1,194
2022-09-04T10:00:00-00:00,2022-09-04T10:15:00-00:00,2022-09-04,04,KERNOIL_1_N001,KERNOIL_1_N001,KERNOIL_1_N001,RTPD,MCL,LMP_LOSS_PRC,KERNOIL_1_N001,ALL,1,6.62782,1,194
2022-09-04T11:00:00-00:00,2022-09-04T11:15:00-00:00,2022-09-04,05,KERNOIL_1_N001,KERNOIL_1_N001,KERNOIL_1_N001,RTPD,MCL,LMP_LOSS_PRC,KERNOIL_1_N001,ALL,1,5.88642,1,194
2022-09-04T12:00:00-00:00,2022-09-04T12:15:00-00:00,2022-09-04,06,KERNOIL_1_N001,KERNOIL_1_N001,KERNOIL_1_N001,RTPD,MCL,LMP_LOSS_PRC,KERNOIL_1_N001,ALL,1,6.20141,1,194
2022-09-04T13:00:00-00:00,2022-09-04T13:15:00-00:00,2022-09-04,07,KERNOIL_1_N001,KERNOIL_1_N001,KERNOIL_1_N001,RTPD,MCL,LMP_LOSS_PRC,KERNOIL_1_N001,ALL,1,5.79234,1,194
2022-09-04T14:00:00-00:00,2022-09-04T14:15:00-00:00,2022-09-04,08,KERNOIL_1_N001,KERNOIL_1_N001,KERNOIL_1_N001,RTPD,MCL,LMP_LOSS_PRC,KERNOIL_1_N001,ALL,1,6.24649,1,194
2022-09-04T15:00:00-00:00,2022-09-04T15:15:00-00:00,2022-09-04,09,KERNOIL_1_N001,KERNOIL_1_N001,KERNOIL_1_N001,RTPD,MCL,LMP_LOSS_PRC,KERNOIL_1_N001,ALL,1,3.45999,1,194
2022-09-04T16:00:00-00:00,2022-09-04T16:15:00-00:00,2022-09-04,10,KERNOIL_1_N001,KERNOIL_1_N001,KERNOIL_1_N001,RTPD,MCL,LMP_LOSS_PRC,KERNOIL_1_N001,ALL,1,1.5203,1,194
2022-09-04T17:00:00-00:00,2022-09-04T17:15:00-00:00,2022-09-04,11,KERNOIL_1_N001,KERNOIL_1_N001,KERNOIL_1_N001,RTPD,MCL,LMP_LOSS_PRC,KERNOIL_1_N001,ALL,1,2.26352,1,194
2022-09-04T18:00:00-00:00,2022-09-04T18:15:00-00:00,2022-09-04,12,KERNOIL_1_N001,KERNOIL_1_N001,KERNOIL_1_N001,RTPD,MCL,LMP_LOSS_PRC,KERNOIL_1_N001,ALL,1,2.25065,1,194
2022-09-04T19:00:00-00:00,2022-09-04T19:15:00-00:00,2022-09-04,13,KERNOIL_1_N001,KERNOIL_1_N001,KERNOIL_1_N001,RTPD,MCL,LMP_LOSS_PRC,KERNOIL_1_N001,ALL,1,3.55701,1,194
2022-09-04T20:00:00-00:00,2022-09-04T20:15:00-00:00,2022-09-04,14,KERNOIL_1_N001,KERNOIL_1_N001,KERNOIL_1_N001,RTPD,MCL,LMP_LOSS_PRC,KERNOIL_1_N001,ALL,1,4.98043,1,194
2022-09-04T21:00:00-00:00,2022-09-04T21:15:00-00:00,2022-09-04,15,KERNOIL_1_N001,KERNOIL_1_N001,KERNOIL_1_N001,RTPD,MCL,LMP_LOSS_PRC,KERNOIL_1_N001,ALL,1,5.25525,1,194
2022-09-04T22:00:00-00:00,2022-09-04T22:15:00-00:00,2022-09-04,16,KERNOIL_1_N001,KERNOIL_1_N001,KERNOIL_1_N001,RTPD,MCL,LMP_LOSS_PRC,KERNOIL_1_N001,ALL,1,5.22768,1,194
2022-09-04T23:00:00-00:00,2022-09-04T23:15:00-00:00,2022-09-04,17,KERNOIL_1_N001,KERNOIL_1_N001,KERNOIL_1_N001,RTPD,MCL,LMP_LOSS_PRC,KERNOIL_1_N001,ALL,1,0,1,194
2022-09-05T00:00:00-00:00,2022-09-05T00:15:00-00:00,2022-09-04,18,KERNOIL_1_N001,KERNOIL_1_N001,KERNOIL_1_N001,RTPD,MCL,LMP_LOSS_PRC,KERNOIL_1_N001,ALL,1,7.89175,1,194
2022-09-05T01:00:00-00:00,2022-09-05T01:15:00-00:00,2022-09-04,19,KERNOIL_1_N001,KERNOIL_1_N001,KERNOIL_1_N001,RTPD,MCL,LMP_LOSS_PRC,KERNOIL_1_N001,ALL,1,11.37714,1,194
2022-09-05T02:00:00-00:00,2022-09-05T02:15:00-00:00,2022-09-04,20,KERNOIL_1_N001,KERNOIL_1_N001,KERNOIL_1_N001,RTPD,MCL,LMP_LOSS_PRC,KERNOIL_1_N001,ALL,1,9.18916,1,194
2022-09-05T03:00:00-00:00,2022-09-05T03:15:00-00:00,2022-09-04,21,KERNOIL_1_N001,KERNOIL_1_N001,KERNOIL_1_N001,RTPD,MCL,LMP_LOSS_PRC,KERNOIL_1_N001,ALL,1,8.36778,1,194
2022-09-05T04:00:00-00:00,2022-09-05T04:15:00-00:00,2022-09-04,22,KERNOIL_1_N001,KERNOIL_1_N001,KERNOIL_1_N001,RTPD,MCL,LMP_LOSS_PRC,KERNOIL_1_N001,ALL,1,7.04882,1,194
2022-09-05T05:00:00-00:00,2022-09-05T05:15:00-00:00,2022-09-04,23,KERNOIL_1_N001,KERNOIL_1_N001,KERNOIL_1_N001,RTPD,MCL,LMP_LOSS_PRC,KERNOIL_1_N001,ALL,1,8.94652,1,194
2022-09-05T06:00:00-00:00,2022-09-05T06:15:00-00:00,2022-09-04,24,KERNOIL_1_N001,KERNOIL_1_N001,KERNOIL_1_N001,RTPD,MCL,LMP_LOSS_PRC,KERNOIL_1_N001,ALL,1,8.4361,1,194
2022-09-04T07:15:00-00:00,2022-09-04T07:30:00-00:00,2022-09-04,01,KERNOIL_1_N001,KERNOIL_1_N001,KERNOIL_1_N001,RTPD,MCL,LMP_LOSS_PRC,KERNOIL_1_N001,ALL,1,7.55242,2,194
2022-09-04T08:15:00-00:00,2022-09-04T08:30:00-00:00,2022-09-04,02,KERNOIL_1_N001,KERNOIL_1_N001,KERNOIL_1_N001,RTPD,MCL,LMP_LOSS_PRC,KERNOIL_1_N001,ALL,1,0,2,194
2022-09-04T09:15:00-00:00,2022-09-04T09:30:00-00:00,2022-09-04,03,KERNOIL_1_N001,KERNOIL_1_N001,KERNOIL_1_N001,RTPD,MCL,LMP_LOSS_PRC,KERNOIL_1_N001,ALL,1,0,2,194
2022-09-04T10:15:00-00:00,2022-09-04T10:30:00-00:00,2022-09-04,04,KERNOIL_1_N001,KERNOIL_1_N001,KERNOIL_1_N001,RTPD,MCL,LMP_LOSS_PRC,KERNOIL_1_N001,ALL,1,6.28308,2,194
2022-09-04T11:15:00-00:00,2022-09-04T11:30:00-00:00,2022-09-04,05,KERNOIL_1_N001,KERNOIL_1_N001,KERNOIL_1_N001,RTPD,MCL,LMP_LOSS_PRC,KERNOIL_1_N001,ALL,1,5.84303,2,194
2022-09-04T12:15:00-00:00,2022-09-04T12:30:00-00:00,2022-09-04,06,KERNOIL_1_N001,KERNOIL_1_N001,KERNOIL_1_N001,RTPD,MCL,LMP_LOSS_PRC,KERNOIL_1_N001,ALL,1,6.16014,2,194
2022-09-04T13:15:00-00:00,2022-09-04T13:30:00-00:00,2022-09-04,07,KERNOIL_1_N001,KERNOIL_1_N001,KERNOIL_1_N001,RTPD,MCL,LMP_LOSS_PRC,KERNOIL_1_N001,ALL,1,5.55424,2,194
2022-09-04T14:15:00-00:00,2022-09-04T14:30:00-00:00,2022-09-04,08,KERNOIL_1_N001,KERNOIL_1_N001,KERNOIL_1_N001,RTPD,MCL,LMP_LOSS_PRC,KERNOIL_1_N001,ALL,1,5.34174,2,194
2022-09-04T15:15:00-00:00,2022-09-04T15:30:00-00:00,2022-09-04,09,KERNOIL_1_N001,KERNOIL_1_N001,KERNOIL_1_N001,RTPD,MCL,LMP_LOSS_PRC,KERNOIL_1_N001,ALL,1,2.68296,2,194
2022-09-04T16:15:00-00:00,2022-09-04T16:30:00-00:00,2022-09-04,10,KERNOIL_1_N001,KERNOIL_1_N001,KERNOIL_1_N001,RTPD,MCL,LMP_LOSS_PRC,KERNOIL_1_N001,ALL,1,1.5488,2,194
2022-09-04T17:15:00-00:00,2022-09-04T17:30:00-00:00,2022-09-04,11,KERNOIL_1_N001,KERNOIL_1_N001,KERNOIL_1_N001,RTPD,MCL,LMP_LOSS_PRC,KERNOIL_1_N001,ALL,1,2.47279,2,194
2022-09-04T18:15:00-00:00,2022-09-04T18:30:00-00:00,2022-09-04,12,KERNOIL_1_N001,KERNOIL_1_N001,KERNOIL_1_N001,RTPD,MCL,LMP_LOSS_PRC,KERNOIL_1_N001,ALL,1,2.46203,2,194
2022-09-04T19:15:00-00:00,2022-09-04T19:30:00-00:00,2022-09-04,13,KERNOIL_1_N001,KERNOIL_1_N001,KERNOIL_1_N001,RTPD,MCL,LMP_LOSS_PRC,KERNOIL_1_N001,ALL,1,4.00255,2,194
2022-09-04T20:15:00-00:00,2022-09-04T20:30:00-00:00,2022-09-04,14,KERNOIL_1_N001,KERNOIL_1_N001,KERNOIL_1_N001,RTPD,MCL,LMP_LOSS_PRC,KERNOIL_1_N001,ALL,1,4.91479,2,194
2022-09-04T21:15:00-00:00,2022-09-04T21:30:00-00:00,2022-09-04,15,KERNOIL_1_N001,KERNOIL_1_N001,KERNOIL_1_N001,RTPD,MCL,LMP_LOSS_PRC,KERNOIL_1_N001,ALL,1,6.26064,2,194
2022-09-04T22:15:00-00:00,2022-09-04T22:30:00-00:00,2022-09-04,16,KERNOIL_1_N001,KERNOIL_1_N001,KERNOIL_1_N001,RTPD,MCL,LMP_LOSS_PRC,KERNOIL_1_N001,ALL,1,5.78077,2,194
2022-09-04T23:15:00-00:00,2022-09-04T23:30:00-00:00,2022-09-04,17,KERNOIL_1_N001,KERNOIL_1_N001,KERNOIL_1_N001,RTPD,MCL,LMP_LOSS_PRC,KERNOIL_1_N001,ALL,1,0,2,194
2022-09-05T00:15:00-00:00,2022-09-05T00:30:00-00:00,2022-09-04,18,KERNOIL_1_N001,KERNOIL_1_N001,KERNOIL_1_N001,RTPD,MCL,LMP_LOSS_PRC,KERNOIL_1_N001,ALL,1,15.07942,2,194
2022-09-05T01:15:00-00:00,2022-09-05T01:30:00-00:00,2022-09-04,19,KERNOIL_1_N001,KERNOIL_1_N001,KERNOIL_1_N001,RTPD,MCL,LMP_LOSS_PRC,KERNOIL_1_N001,ALL,1,21.05497,2,194
2022-09-05T02:15:00-00:00,2022-09-05T02:30:00-00:00,2022-09-04,20,KERNOIL_1_N001,KERNOIL_1_N001,KERNOIL_1_N001,RTPD,MCL,LMP_LOSS_PRC,KERNOIL_1_N001,ALL,1,9.96522,2,194
2022-09-05T03:15:00-00:00,2022-09-05T03:30:00-00:00,2022-09-04,21,KERNOIL_1_N001,KERNOIL_1_N001,KERNOIL_1_N001,RTPD,MCL,LMP_LOSS_PRC,KERNOIL_1_N001,ALL,1,7.54231,2,194
2022-09-05T04:15:00-00:00,2022-09-05T04:30:00-00:00,2022-09-04,22,KERNOIL_1_N001,KERNOIL_1_N001,KERNOIL_1_N001,RTPD,MCL,LMP_LOSS_PRC,KERNOIL_1_N001,ALL,1,6.88742,2,194
2022-09-05T05:15:00-00:00,2022-09-05T05:30:00-00:00,2022-09-04,23,KERNOIL_1_N001,KERNOIL_1_N001,KERNOIL_1_N001,RTPD,MCL,LMP_LOSS_PRC,KERNOIL_1_N001,ALL,1,8.87595,2,194
2022-09-05T06:15:00-00:00,2022-09-05T06:30:00-00:00,2022-09-04,24,KERNOIL_1_N001,KERNOIL_1_N001,KERNOIL_1_N001,RTPD,MCL,LMP_LOSS_PRC,KERNOIL_1_N001,ALL,1,7.54915,2,194
2022-09-04T07:30:00-00:00,2022-09-04T07:45:00-00:00,2022-09-04,01,KERNOIL_1_N001,KERNOIL_1_N001,KERNOIL_1_N001,RTPD,MCL,LMP_LOSS_PRC,KERNOIL_1_N001,ALL,1,7.26949,3,194
2022-09-04T08:30:00-00:00,2022-09-04T08:45:00-00:00,2022-09-04,02,KERNOIL_1_N001,KERNOIL_1_N001,KERNOIL_1_N001,RTPD,MCL,LMP_LOSS_PRC,KERNOIL_1_N001,ALL,1,0,3,194
2022-09-04T09:30:00-00:00,2022-09-04T09:45:00-00:00,2022-09-04,03,KERNOIL_1_N001,KERNOIL_1_N001,KERNOIL_1_N001,RTPD,MCL,LMP_LOSS_PRC,KERNOIL_1_N001,ALL,1,0,3,194
2022-09-04T10:30:00-00:00,2022-09-04T10:45:00-00:00,2022-09-04,04,KERNOIL_1_N001,KERNOIL_1_N001,KERNOIL_1_N001,RTPD,MCL,LMP_LOSS_PRC,KERNOIL_1_N001,ALL,1,6.19235,3,194
2022-09-04T11:30:00-00:00,2022-09-04T11:45:00-00:00,2022-09-04,05,KERNOIL_1_N001,KERNOIL_1_N001,KERNOIL_1_N001,RTPD,MCL,LMP_LOSS_PRC,KERNOIL_1_N001,ALL,1,5.76106,3,194
2022-09-04T12:30:00-00:00,2022-09-04T12:45:00-00:00,2022-09-04,06,KERNOIL_1_N001,KERNOIL_1_N001,KERNOIL_1_N001,RTPD,MCL,LMP_LOSS_PRC,KERNOIL_1_N001,ALL,1,6.22811,3,194
2022-09-04T13:30:00-00:00,2022-09-04T13:45:00-00:00,2022-09-04,07,KERNOIL_1_N001,KERNOIL_1_N001,KERNOIL_1_N001,RTPD,MCL,LMP_LOSS_PRC,KERNOIL_1_N001,ALL,1,5.4368,3,194
2022-09-04T14:30:00-00:00,2022-09-04T14:45:00-00:00,2022-09-04,08,KERNOIL_1_N001,KERNOIL_1_N001,KERNOIL_1_N001,RTPD,MCL,LMP_LOSS_PRC,KERNOIL_1_N001,ALL,1,4.67417,3,194
2022-09-04T15:30:00-00:00,2022-09-04T15:45:00-00:00,2022-09-04,09,KERNOIL_1_N001,KERNOIL_1_N001,KERNOIL_1_N001,RTPD,MCL,LMP_LOSS_PRC,KERNOIL_1_N001,ALL,1,2.01546,3,194
2022-09-04T16:30:00-00:00,2022-09-04T16:45:00-00:00,2022-09-04,10,KERNOIL_1_N001,KERNOIL_1_N001,KERNOIL_1_N001,RTPD,MCL,LMP_LOSS_PRC,KERNOIL_1_N001,ALL,1,1.60147,3,194
2022-09-04T17:30:00-00:00,2022-09-04T17:45:00-00:00,2022-09-04,11,KERNOIL_1_N001,KERNOIL_1_N001,KERNOIL_1_N001,RTPD,MCL,LMP_LOSS_PRC,KERNOIL_1_N001,ALL,1,2.75895,3,194
2022-09-04T18:30:00-00:00,2022-09-04T18:45:00-00:00,2022-09-04,12,KERNOIL_1_N001,KERNOIL_1_N001,KERNOIL_1_N001,RTPD,MCL,LMP_LOSS_PRC,KERNOIL_1_N001,ALL,1,2.83484,3,194
2022-09-04T19:30:00-00:00,2022-09-04T19:45:00-00:00,2022-09-04,13,KERNOIL_1_N001,KERNOIL_1_N001,KERNOIL_1_N001,RTPD,MCL,LMP_LOSS_PRC,KERNOIL_1_N001,ALL,1,5.06655,3,194
2022-09-04T20:30:00-00:00,2022-09-04T20:45:00-00:00,2022-09-04,14,KERNOIL_1_N001,KERNOIL_1_N001,KERNOIL_1_N001,RTPD,MCL,LMP_LOSS_PRC,KERNOIL_1_N001,ALL,1,6.16976,3,194
2022-09-04T21:30:00-00:00,2022-09-04T21:45:00-00:00,2022-09-04,15,KERNOIL_1_N001,KERNOIL_1_N001,KERNOIL_1_N001,RTPD,MCL,LMP_LOSS_PRC,KERNOIL_1_N001,ALL,1,6.12472,3,194
2022-09-04T22:30:00-00:00,2022-09-04T22:45:00-00:00,2022-09-04,16,KERNOIL_1_N001,KERNOIL_1_N001,KERNOIL_1_N001,RTPD,MCL,LMP_LOSS_PRC,KERNOIL_1_N001,ALL,1,5.95512,3,194
2022-09-04T23:30:00-00:00,2022-09-04T23:45:00-00:00,2022-09-04,17,KERNOIL_1_N001,KERNOIL_1_N001,KERNOIL_1_N001,RTPD,MCL,LMP_LOSS_PRC,KERNOIL_1_N001,ALL,1,0,3,194
2022-09-05T00:30:00-00:00,2022-09-05T00:45:00-00:00,2022-09-04,18,KERNOIL_1_N001,KERNOIL_1_N001,KERNOIL_1_N001,RTPD,MCL,LMP_LOSS_PRC,KERNOIL_1_N001,ALL,1,11.40277,3,194
2022-09-05T01:30:00-00:00,2022-09-05T01:45:00-00:00,2022-09-04,19,KERNOIL_1_N001,KERNOIL_1_N001,KERNOIL_1_N001,RTPD,MCL,LMP_LOSS_PRC,KERNOIL_1_N001,ALL,1,70.14647,3,194
2022-09-05T02:30:00-00:00,2022-09-05T02:45:00-00:00,2022-09-04,20,KERNOIL_1_N001,KERNOIL_1_N001,KERNOIL_1_N001,RTPD,MCL,LMP_LOSS_PRC,KERNOIL_1_N001,ALL,1,8.32897,3,194
2022-09-05T03:30:00-00:00,2022-09-05T03:45:00-00:00,2022-09-04,21,KERNOIL_1_N001,KERNOIL_1_N001,KERNOIL_1_N001,RTPD,MCL,LMP_LOSS_PRC,KERNOIL_1_N001,ALL,1,6.8531,3,194
2022-09-05T04:30:00-00:00,2022-09-05T04:45:00-00:00,2022-09-04,22,KERNOIL_1_N001,KERNOIL_1_N001,KERNOIL_1_N001,RTPD,MCL,LMP_LOSS_PRC,KERNOIL_1_N001,ALL,1,6.60635,3,194
2022-09-05T05:30:00-00:00,2022-09-05T05:45:00-00:00,2022-09-04,23,KERNOIL_1_N001,KERNOIL_1_N001,KERNOIL_1_N001,RTPD,MCL,LMP_LOSS_PRC,KERNOIL_1_N001,ALL,1,7.94357,3,194
2022-09-05T06:30:00-00:00,2022-09-05T06:45:00-00:00,2022-09-04,24,KERNOIL_1_N001,KERNOIL_1_N001,KERNOIL_1_N001,RTPD,MCL,LMP_LOSS_PRC,KERNOIL_1_N001,ALL,1,5.93372,3,194
2022-09-04T07:45:00-00:00,2022-09-04T08:00:00-00:00,2022-09-04,01,KERNOIL_1_N001,KERNOIL_1_N001,KERNOIL_1_N001,RTPD,MCL,LMP_LOSS_PRC,KERNOIL_1_N001,ALL,1,0,4,194
2022-09-04T08:45:00-00:00,2022-09-04T09:00:00-00:00,2022-09-04,02,KERNOIL_1_N001,KERNOIL_1_N001,KERNOIL_1_N001,RTPD,MCL,LMP_LOSS_PRC,KERNOIL_1_N001,ALL,1,5.88888,4,194
2022-09-04T09:45:00-00:00,2022-09-04T10:00:00-00:00,2022-09-04,03,KERNOIL_1_N001,KERNOIL_1_N001,KERNOIL_1_N001,RTPD,MCL,LMP_LOSS_PRC,KERNOIL_1_N001,ALL,1,5.55463,4,194
2022-09-04T10:45:00-00:00,2022-09-04T11:00:00-00:00,2022-09-04,04,KERNOIL_1_N001,KERNOIL_1_N001,KERNOIL_1_N001,RTPD,MCL,LMP_LOSS_PRC,KERNOIL_1_N001,ALL,1,5.61628,4,194
2022-09-04T11:45:00-00:00,2022-09-04T12:00:00-00:00,2022-09-04,05,KERNOIL_1_N001,KERNOIL_1_N001,KERNOIL_1_N001,RTPD,MCL,LMP_LOSS_PRC,KERNOIL_1_N001,ALL,1,5.4196,4,194
2022-09-04T12:45:00-00:00,2022-09-04T13:00:00-00:00,2022-09-04,06,KERNOIL_1_N001,KERNOIL_1_N001,KERNOIL_1_N001,RTPD,MCL,LMP_LOSS_PRC,KERNOIL_1_N001,ALL,1,5.86358,4,194
2022-09-04T13:45:00-00:00,2022-09-04T14:00:00-00:00,2022-09-04,07,KERNOIL_1_N001,KERNOIL_1_N001,KERNOIL_1_N001,RTPD,MCL,LMP_LOSS_PRC,KERNOIL_1_N001,ALL,1,4.42326,4,194
2022-09-04T14:45:00-00:00,2022-09-04T15:00:00-00:00,2022-09-04,08,KERNOIL_1_N001,KERNOIL_1_N001,KERNOIL_1_N001,RTPD,MCL,LMP_LOSS_PRC,KERNOIL_1_N001,ALL,1,2.69549,4,194
2022-09-04T15:45:00-00:00,2022-09-04T16:00:00-00:00,2022-09-04,09,KERNOIL_1_N001,KERNOIL_1_N001,KERNOIL_1_N001,RTPD,MCL,LMP_LOSS_PRC,KERNOIL_1_N001,ALL,1,1.39501,4,194
2022-09-04T16:45:00-00:00,2022-09-04T17:00:00-00:00,2022-09-04,10,KERNOIL_1_N001,KERNOIL_1_N001,KERNOIL_1_N001,RTPD,MCL,LMP_LOSS_PRC,KERNOIL_1_N001,ALL,1,1.73322,4,194
2022-09-04T17:45:00-00:00,2022-09-04T18:00:00-00:00,2022-09-04,11,KERNOIL_1_N001,KERNOIL_1_N001,KERNOIL_1_N001,RTPD,MCL,LMP_LOSS_PRC,KERNOIL_1_N001,ALL,1,3.13614,4,194
2022-09-04T18:45:00-00:00,2022-09-04T19:00:00-00:00,2022-09-04,12,KERNOIL_1_N001,KERNOIL_1_N001,KERNOIL_1_N001,RTPD,MCL,LMP_LOSS_PRC,KERNOIL_1_N001,ALL,1,3.1517,4,194
2022-09-04T19:45:00-00:00,2022-09-04T20:00:00-00:00,2022-09-04,13,KERNOIL_1_N001,KERNOIL_1_N001,KERNOIL_1_N001,RTPD,MCL,LMP_LOSS_PRC,KERNOIL_1_N001,ALL,1,4.58672,4,194
2022-09-04T20:45:00-00:00,2022-09-04T21:00:00-00:00,2022-09-04,14,KERNOIL_1_N001,KERNOIL_1_N001,KERNOIL_1_N001,RTPD,MCL,LMP_LOSS_PRC,KERNOIL_1_N001,ALL,1,5.79624,4,194
2022-09-04T21:45:00-00:00,2022-09-04T22:00:00-00:00,2022-09-04,15,KERNOIL_1_N001,KERNOIL_1_N001,KERNOIL_1_N001,RTPD,MCL,LMP_LOSS_PRC,KERNOIL_1_N001,ALL,1,8.18487,4,194
2022-09-04T22:45:00-00:00,2022-09-04T23:00:00-00:00,2022-09-04,16,KERNOIL_1_N001,KERNOIL_1_N001,KERNOIL_1_N001,RTPD,MCL,LMP_LOSS_PRC,KERNOIL_1_N001,ALL,1,0,4,194
2022-09-04T23:45:00-00:00,2022-09-05T00:00:00-00:00,2022-09-04,17,KERNOIL_1_N001,KERNOIL_1_N001,KERNOIL_1_N001,RTPD,MCL,LMP_LOSS_PRC,KERNOIL_1_N001,ALL,1,0,4,194
2022-09-05T00:45:00-00:00,2022-09-05T01:00:00-00:00,2022-09-04,18,KERNOIL_1_N001,KERNOIL_1_N001,KERNOIL_1_N001,RTPD,MCL,LMP_LOSS_PRC,KERNOIL_1_N001,ALL,1,0,4,194
2022-09-05T01:45:00-00:00,2022-09-05T02:00:00-00:00,2022-09-04,19,KERNOIL_1_N001,KERNOIL_1_N001,KERNOIL_1_N001,RTPD,MCL,LMP_LOSS_PRC,KERNOIL_1_N001,ALL,1,56.15769,4,194
2022-09-05T02:45:00-00:00,2022-09-05T03:00:00-00:00,2022-09-04,20,KERNOIL_1_N001,KERNOIL_1_N001,KERNOIL_1_N001,RTPD,MCL,LMP_LOSS_PRC,KERNOIL_1_N001,ALL,1,6.30457,4,194
2022-09-05T03:45:00-00:00,2022-09-05T04:00:00-00:00,2022-09-04,21,KERNOIL_1_N001,KERNOIL_1_N001,KERNOIL_1_N001,RTPD,MCL,LMP_LOSS_PRC,KERNOIL_1_N001,ALL,1,5.48184,4,194
2022-09-05T04:45:00-00:00,2022-09-05T05:00:00-00:00,2022-09-04,22,KERNOIL_1_N001,KERNOIL_1_N001,KERNOIL_1_N001,RTPD,MCL,LMP_LOSS_PRC,KERNOIL_1_N001,ALL,1,5.26031,4,194
2022-09-05T05:45:00-00:00,2022-09-05T06:00:00-00:00,2022-09-04,23,KERNOIL_1_N001,KERNOIL_1_N001,KERNOIL_1_N001,RTPD,MCL,LMP_LOSS_PRC,KERNOIL_1_N001,ALL,1,5.3797,4,194
2022-09-05T06:45:00-00:00,2022-09-05T07:00:00-00:00,2022-09-04,24,KERNOIL_1_N001,KERNOIL_1_N001,KERNOIL_1_N001,RTPD,MCL,LMP_LOSS_PRC,KERNOIL_1_N001,ALL,1,5.25746,4,194
2022-09-04T07:00:00-00:00,2022-09-04T07:15:00-00:00,2022-09-04,01,KERNOIL_1_N001,KERNOIL_1_N001,KERNOIL_1_N001,RTPD,MGHG,LMP_GHG_PRC,KERNOIL_1_N001,ALL,1,0,1,195
2022-09-04T08:00:00-00:00,2022-09-04T08:15:00-00:00,2022-09-04,02,KERNOIL_1_N001,KERNOIL_1_N001,KERNOIL_1_N001,RTPD,MGHG,LMP_GHG_PRC,KERNOIL_1_N001,ALL,1,0,1,195
2022-09-04T09:00:00-00:00,2022-09-04T09:15:00-00:00,2022-09-04,03,KERNOIL_1_N001,KERNOIL_1_N001,KERNOIL_1_N001,RTPD,MGHG,LMP_GHG_PRC,KERNOIL_1_N001,ALL,1,0,1,195
2022-09-04T10:00:00-00:00,2022-09-04T10:15:00-00:00,2022-09-04,04,KERNOIL_1_N001,KERNOIL_1_N001,KERNOIL_1_N001,RTPD,MGHG,LMP_GHG_PRC,KERNOIL_1_N001,ALL,1,0,1,195
2022-09-04T11:00:00-00:00,2022-09-04T11:15:00-00:00,2022-09-04,05,KERNOIL_1_N001,KERNOIL_1_N001,KERNOIL_1_N001,RTPD,MGHG,LMP_GHG_PRC,KERNOIL_1_N001,ALL,1,0,1,195
2022-09-04T12:00:00-00:00,2022-09-04T12:15:00-00:00,2022-09-04,06,KERNOIL_1_N001,KERNOIL_1_N001,KERNOIL_1_N001,RTPD,MGHG,LMP_GHG_PRC,KERNOIL_1_N001,ALL,1,0,1,195
2022-09-04T13:00:00-00:00,2022-09-04T13:15:00-00:00,2022-09-04,07,KERNOIL_1_N001,KERNOIL_1_N001,KERNOIL_1_N001,RTPD,MGHG,LMP_GHG_PRC,KERNOIL_1_N001,ALL,1,0,1,195
2022-09-04T14:00:00-00:00,2022-09-04T14:15:00-00:00,2022-09-04,08,KERNOIL_1_N001,KERNOIL_1_N001,KERNOIL_1_N001,RTPD,MGHG,LMP_GHG_PRC,KERNOIL_1_N001,ALL,1,0,1,195
2022-09-04T15:00:00-00:00,2022-09-04T15:15:00-00:00,2022-09-04,09,KERNOIL_1_N001,KERNOIL_1_N001,KERNOIL_1_N001,RTPD,MGHG,LMP_GHG_PRC,KERNOIL_1_N001,ALL,1,0,1,195
2022-09-04T16:00:00-00:00,2022-09-04T16:15:00-00:00,2022-09-04,10,KERNOIL_1_N001,KERNOIL_1_N001,KERNOIL_1_N001,RTPD,MGHG,LMP_GHG_PRC,KERNOIL_1_N001,ALL,1,0,1,195
2022-09-04T17:00:00-00:00,2022-09-04T17:15:00-00:00,2022-09-04,11,KERNOIL_1_N001,KERNOIL_1_N001,KERNOIL_1_N001,RTPD,MGHG,LMP_GHG_PRC,KERNOIL_1_N001,ALL,1,0,1,195
2022-09-04T18:00:00-00:00,2022-09-04T18:15:00-00:00,2022-09-04,12,KERNOIL_1_N001,KERNOIL_1_N001,KERNOIL_1_N001,RTPD,MGHG,LMP_GHG_PRC,KERNOIL_1_N001,ALL,1,0,1,195
2022-09-04T19:00:00-00:00,2022-09-04T19:15:00-00:00,2022-09-04,13,KERNOIL_1_N001,KERNOIL_1_N001,KERNOIL_1_N001,RTPD,MGHG,LMP_GHG_PRC,KERNOIL_1_N001,ALL,1,0,1,195
2022-09-04T20:00:00-00:00,2022-09-04T20:15:00-00:00,2022-09-04,14,KERNOIL_1_N001,KERNOIL_1_N001,KERNOIL_1_N001,RTPD,MGHG,LMP_GHG_PRC,KERNOIL_1_N001,ALL,1,0,1,195
2022-09-04T21:00:00-00:00,2022-09-04T21:15:00-00:00,2022-09-04,15,KERNOIL_1_N001,KERNOIL_1_N001,KERNOIL_1_N001,RTPD,MGHG,LMP_GHG_PRC,KERNOIL_1_N001,ALL,1,0,1,195
2022-09-04T22:00:00-00:00,2022-09-04T22:15:00-00:00,2022-09-04,16,KERNOIL_1_N001,KERNOIL_1_N001,KERNOIL_1_N001,RTPD,MGHG,LMP_GHG_PRC,KERNOIL_1_N001,ALL,1,0,1,195
2022-09-04T23:00:00-00:00,2022-09-04T23:15:00-00:00,2022-09-04,17,KERNOIL_1_N001,KERNOIL_1_N001,KERNOIL_1_N001,RTPD,MGHG,LMP_GHG_PRC,KERNOIL_1_N001,ALL,1,0,1,195
2022-09-05T00:00:00-00:00,2022-09-05T00:15:00-00:00,2022-09-04,18,KERNOIL_1_N001,KERNOIL_1_N001,KERNOIL_1_N001,RTPD,MGHG,LMP_GHG_PRC,KERNOIL_1_N001,ALL,1,0,1,195
2022-09-05T01:00:00-00:00,2022-09-05T01:15:00-00:00,2022-09-04,19,KERNOIL_1_N001,KERNOIL_1_N001,KERNOIL_1_N001,RTPD,MGHG,LMP_GHG_PRC,KERNOIL_1_N001,ALL,1,0,1,195
2022-09-05T02:00:00-00:00,2022-09-05T02:15:00-00:00,2022-09-04,20,KERNOIL_1_N001,KERNOIL_1_N001,KERNOIL_1_N001,RTPD,MGHG,LMP_GHG_PRC,KERNOIL_1_N001,ALL,1,0,1,195
2022-09-05T03:00:00-00:00,2022-09-05T03:15:00-00:00,2022-09-04,21,KERNOIL_1_N001,KERNOIL_1_N001,KERNOIL_1_N001,RTPD,MGHG,LMP_GHG_PRC,KERNOIL_1_N001,ALL,1,0,1,195
2022-09-05T04:00:00-00:00,2022-09-05T04:15:00-00:00,2022-09-04,22,KERNOIL_1_N001,KERNOIL_1_N001,KERNOIL_1_N001,RTPD,MGHG,LMP_GHG_PRC,KERNOIL_1_N001,ALL,1,0,1,195
2022-09-05T05:00:00-00:00,2022-09-05T05:15:00-00:00,2022-09-04,23,KERNOIL_1_N001,KERNOIL_1_N001,KERNOIL_1_N001,RTPD,MGHG,LMP_GHG_PRC,KERNOIL_1_N001,ALL,1,0,1,195
2022-09-05T06:00:00-00:00,2022-09-05T06:15:00-00:00,2022-09-04,24,KERNOIL_1_N001,KERNOIL_1_N001,KERNOIL_1_N001,RTPD,MGHG,LMP_GHG_PRC,KERNOIL_1_N001,ALL,1,0,1,195
2022-09-04T07:15:00-00:00,2022-09-04T07:30:00-00:00,2022-09-04,01,KERNOIL_1_N001,KERNOIL_1_N001,KERNOIL_1_N001,RTPD,MGHG,LMP_GHG_PRC,KERNOIL_1_N001,ALL,1,0,2,195
2022-09-04T08:15:00-00:00,2022-09-04T08:30:00-00:00,2022-09-04,02,KERNOIL_1_N001,KERNOIL_1_N001,KERNOIL_1_N001,RTPD,MGHG,LMP_GHG_PRC,KERNOIL_1_N001,ALL,1,0,2,195
2022-09-04T09:15:00-00:00,2022-09-04T09:30:00-00:00,2022-09-04,03,KERNOIL_1_N001,KERNOIL_1_N001,KERNOIL_1_N001,RTPD,MGHG,LMP_GHG_PRC,KERNOIL_1_N001,ALL,1,0,2,195
2022-09-04T10:15:00-00:00,2022-09-04T10:30:00-00:00,2022-09-04,04,KERNOIL_1_N001,KERNOIL_1_N001,KERNOIL_1_N001,RTPD,MGHG,LMP_GHG_PRC,KERNOIL_1_N001,ALL,1,0,2,195
2022-09-04T11:15:00-00:00,2022-09-04T11:30:00-00:00,2022-09-04,05,KERNOIL_1_N001,KERNOIL_1_N001,KERNOIL_1_N001,RTPD,MGHG,LMP_GHG_PRC,KERNOIL_1_N001,ALL,1,0,2,195
2022-09-04T12:15:00-00:00,2022-09-04T12:30:00-00:00,2022-09-04,06,KERNOIL_1_N001,KERNOIL_1_N001,KERNOIL_1_N001,RTPD,MGHG,LMP_GHG_PRC,KERNOIL_1_N001,ALL,1,0,2,195
2022-09-04T13:15:00-00:00,2022-09-04T13:30:00-00:00,2022-09-04,07,KERNOIL_1_N001,KERNOIL_1_N001,KERNOIL_1_N001,RTPD,MGHG,LMP_GHG_PRC,KERNOIL_1_N001,ALL,1,0,2,195
2022-09-04T14:15:00-00:00,2022-09-04T14:30:00-00:00,2022-09-04,08,KERNOIL_1_N001,KERNOIL_1_N001,KERNOIL_1_N001,RTPD,MGHG,LMP_GHG_PRC,KERNOIL_1_N001,ALL,1,0,2,195
2022-09-04T15:15:00-00:00,2022-09-04T15:30:00-00:00,2022-09-04,09,KERNOIL_1_N001,KERNOIL_1_N001,KERNOIL_1_N001,RTPD,MGHG,LMP_GHG_PRC,KERNOIL_1_N001,ALL,1,0,2,195
2022-09-04T16:15:00-00:00,2022-09-04T16:30:00-00:00,2022-09-04,10,KERNOIL_1_N001,KERNOIL_1_N001,KERNOIL_1_N001,RTPD,MGHG,LMP_GHG_PRC,KERNOIL_1_N001,ALL,1,0,2,195
2022-09-04T17:15:00-00:00,2022-09-04T17:30:00-00:00,2022-09-04,11,KERNOIL_1_N001,KERNOIL_1_N001,KERNOIL_1_N001,RTPD,MGHG,LMP_GHG_PRC,KERNOIL_1_N001,ALL,1,0,2,195
2022-09-04T18:15:00-00:00,2022-09-04T18:30:00-00:00,2022-09-04,12,KERNOIL_1_N001,KERNOIL_1_N001,KERNOIL_1_N001,RTPD,MGHG,LMP_GHG_PRC,KERNOIL_1_N001,ALL,1,0,2,195
2022-09-04T19:15:00-00:00,2022-09-04T19:30:00-00:00,2022-09-04,13,KERNOIL_1_N001,KERNOIL_1_N001,KERNOIL_1_N001,RTPD,MGHG,LMP_GHG_PRC,KERNOIL_1_N001,ALL,1,0,2,195
2022-09-04T20:15:00-00:00,2022-09-04T20:30:00-00:00,2022-09-04,14,KERNOIL_1_N001,KERNOIL_1_N001,KERNOIL_1_N001,RTPD,MGHG,LMP_GHG_PRC,KERNOIL_1_N001,ALL,1,0,2,195
2022-09-04T21:15:00-00:00,2022-09-04T21:30:00-00:00,2022-09-04,15,KERNOIL_1_N001,KERNOIL_1_N001,KERNOIL_1_N001,RTPD,MGHG,LMP_GHG_PRC,KERNOIL_1_N001,ALL,1,0,2,195
2022-09-04T22:15:00-00:00,2022-09-04T22:30:00-00:00,2022-09-04,16,KERNOIL_1_N001,KERNOIL_1_N001,KERNOIL_1_N001,RTPD,MGHG,LMP_GHG_PRC,KERNOIL_1_N001,ALL,1,0,2,195
2022-09-04T23:15:00-00:00,2022-09-04T23:30:00-00:00,2022-09-04,17,KERNOIL_1_N001,KERNOIL_1_N001,KERNOIL_1_N001,RTPD,MGHG,LMP_GHG_PRC,KERNOIL_1_N001,ALL,1,0,2,195
2022-09-05T00:15:00-00:00,2022-09-05T00:30:00-00:00,2022-09-04,18,KERNOIL_1_N001,KERNOIL_1_N001,KERNOIL_1_N001,RTPD,MGHG,LMP_GHG_PRC,KERNOIL_1_N001,ALL,1,0,2,195
2022-09-05T01:15:00-00:00,2022-09-05T01:30:00-00:00,2022-09-04,19,KERNOIL_1_N001,KERNOIL_1_N001,KERNOIL_1_N001,RTPD,MGHG,LMP_GHG_PRC,KERNOIL_1_N001,ALL,1,0,2,195
2022-09-05T02:15:00-00:00,2022-09-05T02:30:00-00:00,2022-09-04,20,KERNOIL_1_N001,KERNOIL_1_N001,KERNOIL_1_N001,RTPD,MGHG,LMP_GHG_PRC,KERNOIL_1_N001,ALL,1,0,2,195
2022-09-05T03:15:00-00:00,2022-09-05T03:30:00-00:00,2022-09-04,21,KERNOIL_1_N001,KERNOIL_1_N001,KERNOIL_1_N001,RTPD,MGHG,LMP_GHG_PRC,KERNOIL_1_N001,ALL,1,0,2,195
2022-09-05T04:15:00-00:00,2022-09-05T04:30:00-00:00,2022-09-04,22,KERNOIL_1_N001,KERNOIL_1_N001,KERNOIL_1_N001,RTPD,MGHG,LMP_GHG_PRC,KERNOIL_1_N001,ALL,1,0,2,195
2022-09-05T05:15:00-00:00,2022-09-05T05:30:00-00:00,2022-09-04,23,KERNOIL_1_N001,KERNOIL_1_N001,KERNOIL_1_N001,RTPD,MGHG,LMP_GHG_PRC,KERNOIL_1_N001,ALL,1,0,2,195
2022-09-05T06:15:00-00:00,2022-09-05T06:30:00-00:00,2022-09-04,24,KERNOIL_1_N001,KERNOIL_1_N001,KERNOIL_1_N001,RTPD,MGHG,LMP_GHG_PRC,KERNOIL_1_N001,ALL,1,0,2,195
2022-09-04T07:30:00-00:00,2022-09-04T07:45:00-00:00,2022-09-04,01,KERNOIL_1_N001,KERNOIL_1_N001,KERNOIL_1_N001,RTPD,MGHG,LMP_GHG_PRC,KERNOIL_1_N001,ALL,1,0,3,195
2022-09-04T08:30:00-00:00,2022-09-04T08:45:00-00:00,2022-09-04,02,KERNOIL_1_N001,KERNOIL_1_N001,KERNOIL_1_N001,RTPD,MGHG,LMP_GHG_PRC,KERNOIL_1_N001,ALL,1,0,3,195
2022-09-04T09:30:00-00:00,2022-09-04T09:45:00-00:00,2022-09-04,03,KERNOIL_1_N001,KERNOIL_1_N001,KERNOIL_1_N001,RTPD,MGHG,LMP_GHG_PRC,KERNOIL_1_N001,ALL,1,0,3,195
2022-09-04T10:30:00-00:00,2022-09-04T10:45:00-00:00,2022-09-04,04,KERNOIL_1_N001,KERNOIL_1_N001,KERNOIL_1_N001,RTPD,MGHG,LMP_GHG_PRC,KERNOIL_1_N001,ALL,1,0,3,195
2022-09-04T11:30:00-00:00,2022-09-04T11:45:00-00:00,2022-09-04,05,KERNOIL_1_N001,KERNOIL_1_N001,KERNOIL_1_N001,RTPD,MGHG,LMP_GHG_PRC,KERNOIL_1_N001,ALL,1,0,3,195
2022-09-04T12:30:00-00:00,2022-09-04T12:45:00-00:00,2022-09-04,06,KERNOIL_1_N001,KERNOIL_1_N001,KERNOIL_1_N001,RTPD,MGHG,LMP_GHG_PRC,KERNOIL_1_N001,ALL,1,0,3,195
2022-09-04T13:30:00-00:00,2022-09-04T13:45:00-00:00,2022-09-04,07,KERNOIL_1_N001,KERNOIL_1_N001,KERNOIL_1_N001,RTPD,MGHG,LMP_GHG_PRC,KERNOIL_1_N001,ALL,1,0,3,195
2022-09-04T14:30:00-00:00,2022-09-04T14:45:00-00:00,2022-09-04,08,KERNOIL_1_N001,KERNOIL_1_N001,KERNOIL_1_N001,RTPD,MGHG,LMP_GHG_PRC,KERNOIL_1_N001,ALL,1,0,3,195
2022-09-04T15:30:00-00:00,2022-09-04T15:45:00-00:00,2022-09-04,09,KERNOIL_1_N001,KERNOIL_1_N001,KERNOIL_1_N001,RTPD,MGHG,LMP_GHG_PRC,KERNOIL_1_N001,ALL,1,0,3,195
2022-09-04T16:30:00-00:00,2022-09-04T16:45:00-00:00,2022-09-04,10,KERNOIL_1_N001,KERNOIL_1_N001,KERNOIL_1_N001,RTPD,MGHG,LMP_GHG_PRC,KERNOIL_1_N001,ALL,1,0,3,195
2022-09-04T17:30:00-00:00,2022-09-04T17:45:00-00:00,2022-09-04,11,KERNOIL_1_N001,KERNOIL_1_N001,KERNOIL_1_N001,RTPD,MGHG,LMP_GHG_PRC,KERNOIL_1_N001,ALL,1,0,3,195
2022-09-04T18:30:00-00:00,2022-09-04T18:45:00-00:00,2022-09-04,12,KERNOIL_1_N001,KERNOIL_1_N001,KERNOIL_1_N001,RTPD,MGHG,LMP_GHG_PRC,KERNOIL_1_N001,ALL,1,0,3,195
2022-09-04T19:30:00-00:00,2022-09-04T19:45:00-00:00,2022-09-04,13,KERNOIL_1_N001,KERNOIL_1_N001,KERNOIL_1_N001,RTPD,MGHG,LMP_GHG_PRC,KERNOIL_1_N001,ALL,1,0,3,195
2022-09-04T20:30:00-00:00,2022-09-04T20:45:00-00:00,2022-09-04,14,KERNOIL_1_N001,KERNOIL_1_N001,KERNOIL_1_N001,RTPD,MGHG,LMP_GHG_PRC,KERNOIL_1_N001,ALL,1,0,3,195
2022-09-04T21:30:00-00:00,2022-09-04T21:45:00-00:00,2022-09-04,15,KERNOIL_1_N001,KERNOIL_1_N001,KERNOIL_1_N001,RTPD,MGHG,LMP_GHG_PRC,KERNOIL_1_N001,ALL,1,0,3,195
2022-09-04T22:30:00-00:00,2022-09-04T22:45:00-00:00,2022-09-04,16,KERNOIL_1_N001,KERNOIL_1_N001,KERNOIL_1_N001,RTPD,MGHG,LMP_GHG_PRC,KERNOIL_1_N001,ALL,1,0,3,195
2022-09-04T23:30:00-00:00,2022-09-04T23:45:00-00:00,2022-09-04,17,KERNOIL_1_N001,KERNOIL_1_N001,KERNOIL_1_N001,RTPD,MGHG,LMP_GHG_PRC,KERNOIL_1_N001,ALL,1,0,3,195
2022-09-05T00:30:00-00:00,2022-09-05T00:45:00-00:00,2022-09-04,18,KERNOIL_1_N001,KERNOIL_1_N001,KERNOIL_1_N001,RTPD,MGHG,LMP_GHG_PRC,KERNOIL_1_N001,ALL,1,0,3,195
2022-09-05T01:30:00-00:00,2022-09-05T01:45:00-00:00,2022-09-04,19,KERNOIL_1_N001,KERNOIL_1_N001,KERNOIL_1_N001,RTPD,MGHG,LMP_GHG_PRC,KERNOIL_1_N001,ALL,1,0,3,195
2022-09-05T02:30:00-00:00,2022-09-05T02:45:00-00:00,2022-09-04,20,KERNOIL_1_N001,KERNOIL_1_N001,KERNOIL_1_N001,RTPD,MGHG,LMP_GHG_PRC,KERNOIL_1_N001,ALL,1,0,3,195
2022-09-05T03:30:00-00:00,2022-09-05T03:45:00-00:00,2022-09-04,21,KERNOIL_1_N001,KERNOIL_1_N001,KERNOIL_1_N001,RTPD,MGHG,LMP_GHG_PRC,KERNOIL_1_N001,ALL,1,0,3,195
2022-09-05T04:30:00-00:00,2022-09-05T04:45:00-00:00,2022-09-04,22,KERNOIL_1_N001,KERNOIL_1_N001,KERNOIL_1_N001,RTPD,MGHG,LMP_GHG_PRC,KERNOIL_1_N001,ALL,1,0,3,195
2022-09-05T05:30:00-00:00,2022-09-05T05:45:00-00:00,2022-09-04,23,KERNOIL_1_N001,KERNOIL_1_N001,KERNOIL_1_N001,RTPD,MGHG,LMP_GHG_PRC,KERNOIL_1_N001,ALL,1,0,3,195
2022-09-05T06:30:00-00:00,2022-09-05T06:45:00-00:00,2022-09-04,24,KERNOIL_1_N001,KERNOIL_1_N001,KERNOIL_1_N001,RTPD,MGHG,LMP_GHG_PRC,KERNOIL_1_N001,ALL,1,0,3,195
2022-09-04T07:45:00-00:00,2022-09-04T08:00:00-00:00,2022-09-04,01,KERNOIL_1_N001,KERNOIL_1_N001,KERNOIL_1_N001,RTPD,MGHG,LMP_GHG_PRC,KERNOIL_1_N001,ALL,1,0,4,195
2022-09-04T08:45:00-00:00,2022-09-04T09:00:00-00:00,2022-09-04,02,KERNOIL_1_N001,KERNOIL_1_N001,KERNOIL_1_N001,RTPD,MGHG,LMP_GHG_PRC,KERNOIL_1_N001,ALL,1,0,4,195
2022-09-04T09:45:00-00:00,2022-09-04T10:00:00-00:00,2022-09-04,03,KERNOIL_1_N001,KERNOIL_1_N001,KERNOIL_1_N001,RTPD,MGHG,LMP_GHG_PRC,KERNOIL_1_N001,ALL,1,0,4,195
2022-09-04T10:45:00-00:00,2022-09-04T11:00:00-00:00,2022-09-04,04,KERNOIL_1_N001,KERNOIL_1_N001,KERNOIL_1_N001,RTPD,MGHG,LMP_GHG_PRC,KERNOIL_1_N001,ALL,1,0,4,195
2022-09-04T11:45:00-00:00,2022-09-04T12:00:00-00:00,2022-09-04,05,KERNOIL_1_N001,KERNOIL_1_N001,KERNOIL_1_N001,RTPD,MGHG,LMP_GHG_PRC,KERNOIL_1_N001,ALL,1,0,4,195
2022-09-04T12:45:00-00:00,2022-09-04T13:00:00-00:00,2022-09-04,06,KERNOIL_1_N001,KERNOIL_1_N001,KERNOIL_1_N001,RTPD,MGHG,LMP_GHG_PRC,KERNOIL_1_N001,ALL,1,0,4,195
2022-09-04T13:45:00-00:00,2022-09-04T14:00:00-00:00,2022-09-04,07,KERNOIL_1_N001,KERNOIL_1_N001,KERNOIL_1_N001,RTPD,MGHG,LMP_GHG_PRC,KERNOIL_1_N001,ALL,1,0,4,195
2022-09-04T14:45:00-00:00,2022-09-04T15:00:00-00:00,2022-09-04,08,KERNOIL_1_N001,KERNOIL_1_N001,KERNOIL_1_N001,RTPD,MGHG,LMP_GHG_PRC,KERNOIL_1_N001,ALL,1,0,4,195
2022-09-04T15:45:00-00:00,2022-09-04T16:00:00-00:00,2022-09-04,09,KERNOIL_1_N001,KERNOIL_1_N001,KERNOIL_1_N001,RTPD,MGHG,LMP_GHG_PRC,KERNOIL_1_N001,ALL,1,0,4,195
2022-09-04T16:45:00-00:00,2022-09-04T17:00:00-00:00,2022-09-04,10,KERNOIL_1_N001,KERNOIL_1_N001,KERNOIL_1_N001,RTPD,MGHG,LMP_GHG_PRC,KERNOIL_1_N001,ALL,1,0,4,195
2022-09-04T17:45:00-00:00,2022-09-04T18:00:00-00:00,2022-09-04,11,KERNOIL_1_N001,KERNOIL_1_N001,KERNOIL_1_N001,RTPD,MGHG,LMP_GHG_PRC,KERNOIL_1_N001,ALL,1,0,4,195
2022-09-04T18:45:00-00:00,2022-09-04T19:00:00-00:00,2022-09-04,12,KERNOIL_1_N001,KERNOIL_1_N001,KERNOIL_1_N001,RTPD,MGHG,LMP_GHG_PRC,KERNOIL_1_N001,ALL,1,0,4,195
2022-09-04T19:45:00-00:00,2022-09-04T20:00:00-00:00,2022-09-04,13,KERNOIL_1_N001,KERNOIL_1_N001,KERNOIL_1_N001,RTPD,MGHG,LMP_GHG_PRC,KERNOIL_1_N001,ALL,1,0,4,195
2022-09-04T20:45:00-00:00,2022-09-04T21:00:00-00:00,2022-09-04,14,KERNOIL_1_N001,KERNOIL_1_N001,KERNOIL_1_N001,RTPD,MGHG,LMP_GHG_PRC,KERNOIL_1_N001,ALL,1,0,4,195
2022-09-04T21:45:00-00:00,2022-09-04T22:00:00-00:00,2022-09-04,15,KERNOIL_1_N001,KERNOIL_1_N001,KERNOIL_1_N001,RTPD,MGHG,LMP_GHG_PRC,KERNOIL_1_N001,ALL,1,0,4,195
2022-09-04T22:45:00-00:00,2022-09-04T23:00:00-00:00,2022-09-04,16,KERNOIL_1_N001,KERNOIL_1_N001,KERNOIL_1_N001,RTPD,MGHG,LMP_GHG_PRC,KERNOIL_1_N001,ALL,1,0,4,195
2022-09-04T23:45:00-00:00,2022-09-05T00:00:00-00:00,2022-09-04,17,KERNOIL_1_N001,KERNOIL_1_N001,KERNOIL_1_N001,RTPD,MGHG,LMP_GHG_PRC,KERNOIL_1_N001,ALL,1,0,4,195
2022-09-05T00:45:00-00:00,2022-09-05T01:00:00-00:00,2022-09-04,18,KERNOIL_1_N001,KERNOIL_1_N001,KERNOIL_1_N001,RTPD,MGHG,LMP_GHG_PRC,KERNOIL_1_N001,ALL,1,0,4,195
2022-09-05T01:45:00-00:00,2022-09-05T02:00:00-00:00,2022-09-04,19,KERNOIL_1_N001,KERNOIL_1_N001,KERNOIL_1_N001,RTPD,MGHG,LMP_GHG_PRC,KERNOIL_1_N001,ALL,1,0,4,195
2022-09-05T02:45:00-00:00,2022-09-05T03:00:00-00:00,2022-09-04,20,KERNOIL_1_N001,KERNOIL_1_N001,KERNOIL_1_N001,RTPD,MGHG,LMP_GHG_PRC,KERNOIL_1_N001,ALL,1,0,4,195
2022-09-05T03:45:00-00:00,2022-09-05T04:00:00-00:00,2022-09-04,21,KERNOIL_1_N001,KERNOIL_1_N001,KERNOIL_1_N001,RTPD,MGHG,LMP_GHG_PRC,KERNOIL_1_N001,ALL,1,0,4,195
2022-09-05T04:45:00-00:00,2022-09-05T05:00:00-00:00,2022-09-04,22,KERNOIL_1_N001,KERNOIL_1_N001,KERNOIL_1_N001,RTPD,MGHG,LMP_GHG_PRC,KERNOIL_1_N001,ALL,1,0,4,195
2022-09-05T05:45:00-00:00,2022-09-05T06:00:00-00:00,2022-09-04,23,KERNOIL_1_N001,KERNOIL_1_N001,KERNOIL_1_N001,RTPD,MGHG,LMP_GHG_PRC,KERNOIL_1_N001,ALL,1,0,4,195
2022-09-05T06:45:00-00:00,2022-09-05T07:00:00-00:00,2022-09-04,24,KERNOIL_1_N001,KERNOIL_1_N001,KERNOIL_1_N001,RTPD,MGHG,LMP_GHG_PRC,KERNOIL_1_N001,ALL,1,0,4,195
2022-09-04T07:00:00-00:00,2022-09-04T07:15:00-00:00,2022-09-04,01,KERNOIL_1_N012,KERNOIL_1_N012,KERNOIL_1_N012,RTPD,LMP,LMP_PRC,KERNOIL_1_N012,ALL,1,88.5476,1,196
2022-09-04T08:00:00-00:00,2022-09-04T08:15:00-00:00,2022-09-04,02,KERNOIL_1_N012,KERNOIL_1_N012,KERNOIL_1_N012,RTPD,LMP,LMP_PRC,KERNOIL_1_N012,ALL,1,83.22502,1,196
2022-09-04T09:00:00-00:00,2022-09-04T09:15:00-00:00,2022-09-04,03,KERNOIL_1_N012,KERNOIL_1_N012,KERNOIL_1_N012,RTPD,LMP,LMP_PRC,KERNOIL_1_N012,ALL,1,86.05278,1,196
2022-09-04T10:00:00-00:00,2022-09-04T10:15:00-00:00,2022-09-04,04,KERNOIL_1_N012,KERNOIL_1_N012,KERNOIL_1_N012,RTPD,LMP,LMP_PRC,KERNOIL_1_N012,ALL,1,90.81938,1,196
2022-09-04T11:00:00-00:00,2022-09-04T11:15:00-00:00,2022-09-04,05,KERNOIL_1_N012,KERNOIL_1_N012,KERNOIL_1_N012,RTPD,LMP,LMP_PRC,KERNOIL_1_N012,ALL,1,82.49627,1,196
2022-09-04T12:00:00-00:00,2022-09-04T12:15:00-00:00,2022-09-04,06,KERNOIL_1_N012,KERNOIL_1_N012,KERNOIL_1_N012,RTPD,LMP,LMP_PRC,KERNOIL_1_N012,ALL,1,79.06309,1,196
2022-09-04T13:00:00-00:00,2022-09-04T13:15:00-00:00,2022-09-04,07,KERNOIL_1_N012,KERNOIL_1_N012,KERNOIL_1_N012,RTPD,LMP,LMP_PRC,KERNOIL_1_N012,ALL,1,59.73516,1,196
2022-09-04T14:00:00-00:00,2022-09-04T14:15:00-00:00,2022-09-04,08,KERNOIL_1_N012,KERNOIL_1_N012,KERNOIL_1_N012,RTPD,LMP,LMP_PRC,KERNOIL_1_N012,ALL,1,77.4862,1,196
2022-09-04T15:00:00-00:00,2022-09-04T15:15:00-00:00,2022-09-04,09,KERNOIL_1_N012,KERNOIL_1_N012,KERNOIL_1_N012,RTPD,LMP,LMP_PRC,KERNOIL_1_N012,ALL,1,67.91218,1,196
2022-09-04T16:00:00-00:00,2022-09-04T16:15:00-00:00,2022-09-04,10,KERNOIL_1_N012,KERNOIL_1_N012,KERNOIL_1_N012,RTPD,LMP,LMP_PRC,KERNOIL_1_N012,ALL,1,-3.9753,1,196
2022-09-04T17:00:00-00:00,2022-09-04T17:15:00-00:00,2022-09-04,11,KERNOIL_1_N012,KERNOIL_1_N012,KERNOIL_1_N012,RTPD,LMP,LMP_PRC,KERNOIL_1_N012,ALL,1,-6.45769,1,196
2022-09-04T18:00:00-00:00,2022-09-04T18:15:00-00:00,2022-09-04,12,KERNOIL_1_N012,KERNOIL_1_N012,KERNOIL_1_N012,RTPD,LMP,LMP_PRC,KERNOIL_1_N012,ALL,1,-1.3162,1,196
2022-09-04T19:00:00-00:00,2022-09-04T19:15:00-00:00,2022-09-04,13,KERNOIL_1_N012,KERNOIL_1_N012,KERNOIL_1_N012,RTPD,LMP,LMP_PRC,KERNOIL_1_N012,ALL,1,28.78479,1,196
2022-09-04T20:00:00-00:00,2022-09-04T20:15:00-00:00,2022-09-04,14,KERNOIL_1_N012,KERNOIL_1_N012,KERNOIL_1_N012,RTPD,LMP,LMP_PRC,KERNOIL_1_N012,ALL,1,72.97603,1,196
2022-09-04T21:00:00-00:00,2022-09-04T21:15:00-00:00,2022-09-04,15,KERNOIL_1_N012,KERNOIL_1_N012,KERNOIL_1_N012,RTPD,LMP,LMP_PRC,KERNOIL_1_N012,ALL,1,74.25744,1,196
2022-09-04T22:00:00-00:00,2022-09-04T22:15:00-00:00,2022-09-04,16,KERNOIL_1_N012,KERNOIL_1_N012,KERNOIL_1_N012,RTPD,LMP,LMP_PRC,KERNOIL_1_N012,ALL,1,81.38369,1,196
2022-09-04T23:00:00-00:00,2022-09-04T23:15:00-00:00,2022-09-04,17,KERNOIL_1_N012,KERNOIL_1_N012,KERNOIL_1_N012,RTPD,LMP,LMP_PRC,KERNOIL_1_N012,ALL,1,82.16905,1,196
2022-09-05T00:00:00-00:00,2022-09-05T00:15:00-00:00,2022-09-04,18,KERNOIL_1_N012,KERNOIL_1_N012,KERNOIL_1_N012,RTPD,LMP,LMP_PRC,KERNOIL_1_N012,ALL,1,109.13968,1,196
2022-09-05T01:00:00-00:00,2022-09-05T01:15:00-00:00,2022-09-04,19,KERNOIL_1_N012,KERNOIL_1_N012,KERNOIL_1_N012,RTPD,LMP,LMP_PRC,KERNOIL_1_N012,ALL,1,120.76014,1,196
2022-09-05T02:00:00-00:00,2022-09-05T02:15:00-00:00,2022-09-04,20,KERNOIL_1_N012,KERNOIL_1_N012,KERNOIL_1_N012,RTPD,LMP,LMP_PRC,KERNOIL_1_N012,ALL,1,160.5682,1,196
2022-09-05T03:00:00-00:00,2022-09-05T03:15:00-00:00,2022-09-04,21,KERNOIL_1_N012,KERNOIL_1_N012,KERNOIL_1_N012,RTPD,LMP,LMP_PRC,KERNOIL_1_N012,ALL,1,111.60605,1,196
2022-09-05T04:00:00-00:00,2022-09-05T04:15:00-00:00,2022-09-04,22,KERNOIL_1_N012,KERNOIL_1_N012,KERNOIL_1_N012,RTPD,LMP,LMP_PRC,KERNOIL_1_N012,ALL,1,153.85344,1,196
2022-09-05T05:00:00-00:00,2022-09-05T05:15:00-00:00,2022-09-04,23,KERNOIL_1_N012,KERNOIL_1_N012,KERNOIL_1_N012,RTPD,LMP,LMP_PRC,KERNOIL_1_N012,ALL,1,180.76462,1,196
2022-09-05T06:00:00-00:00,2022-09-05T06:15:00-00:00,2022-09-04,24,KERNOIL_1_N012,KERNOIL_1_N012,KERNOIL_1_N012,RTPD,LMP,LMP_PRC,KERNOIL_1_N012,ALL,1,164.75294,1,196
2022-09-04T07:15:00-00:00,2022-09-04T07:30:00-00:00,2022-09-04,01,KERNOIL_1_N012,KERNOIL_1_N012,KERNOIL_1_N012,RTPD,LMP,LMP_PRC,KERNOIL_1_N012,ALL,1,90.07595,2,196
2022-09-04T08:15:00-00:00,2022-09-04T08:30:00-00:00,2022-09-04,02,KERNOIL_1_N012,KERNOIL_1_N012,KERNOIL_1_N012,RTPD,LMP,LMP_PRC,KERNOIL_1_N012,ALL,1,88.99703,2,196
2022-09-04T09:15:00-00:00,2022-09-04T09:30:00-00:00,2022-09-04,03,KERNOIL_1_N012,KERNOIL_1_N012,KERNOIL_1_N012,RTPD,LMP,LMP_PRC,KERNOIL_1_N012,ALL,1,75.67627,2,196
2022-09-04T10:15:00-00:00,2022-09-04T10:30:00-00:00,2022-09-04,04,KERNOIL_1_N012,KERNOIL_1_N012,KERNOIL_1_N012,RTPD,LMP,LMP_PRC,KERNOIL_1_N012,ALL,1,89.66583,2,196
2022-09-04T11:15:00-00:00,2022-09-04T11:30:00-00:00,2022-09-04,05,KERNOIL_1_N012,KERNOIL_1_N012,KERNOIL_1_N012,RTPD,LMP,LMP_PRC,KERNOIL_1_N012,ALL,1,93.31968,2,196
2022-09-04T12:15:00-00:00,2022-09-04T12:30:00-00:00,2022-09-04,06,KERNOIL_1_N012,KERNOIL_1_N012,KERNOIL_1_N012,RTPD,LMP,LMP_PRC,KERNOIL_1_N012,ALL,1,79.17268,2,196
2022-09-04T13:15:00-00:00,2022-09-04T13:30:00-00:00,2022-09-04,07,KERNOIL_1_N012,KERNOIL_1_N012,KERNOIL_1_N012,RTPD,LMP,LMP_PRC,KERNOIL_1_N012,ALL,1,44.16044,2,196
2022-09-04T14:15:00-00:00,2022-09-04T14:30:00-00:00,2022-09-04,08,KERNOIL_1_N012,KERNOIL_1_N012,KERNOIL_1_N012,RTPD,LMP,LMP_PRC,KERNOIL_1_N012,ALL,1,70.98084,2,196
2022-09-04T15:15:00-00:00,2022-09-04T15:30:00-00:00,2022-09-04,09,KERNOIL_1_N012,KERNOIL_1_N012,KERNOIL_1_N012,RTPD,LMP,LMP_PRC,KERNOIL_1_N012,ALL,1,48.31091,2,196
2022-09-04T16:15:00-00:00,2022-09-04T16:30:00-00:00,2022-09-04,10,KERNOIL_1_N012,KERNOIL_1_N012,KERNOIL_1_N012,RTPD,LMP,LMP_PRC,KERNOIL_1_N012,ALL,1,-4.12894,2,196
2022-09-04T17:15:00-00:00,2022-09-04T17:30:00-00:00,2022-09-04,11,KERNOIL_1_N012,KERNOIL_1_N012,KERNOIL_1_N012,RTPD,LMP,LMP_PRC,KERNOIL_1_N012,ALL,1,-6.25436,2,196
2022-09-04T18:15:00-00:00,2022-09-04T18:30:00-00:00,2022-09-04,12,KERNOIL_1_N012,KERNOIL_1_N012,KERNOIL_1_N012,RTPD,LMP,LMP_PRC,KERNOIL_1_N012,ALL,1,1.69291,2,196
2022-09-04T19:15:00-00:00,2022-09-04T19:30:00-00:00,2022-09-04,13,KERNOIL_1_N012,KERNOIL_1_N012,KERNOIL_1_N012,RTPD,LMP,LMP_PRC,KERNOIL_1_N012,ALL,1,53.70054,2,196
2022-09-04T20:15:00-00:00,2022-09-04T20:30:00-00:00,2022-09-04,14,KERNOIL_1_N012,KERNOIL_1_N012,KERNOIL_1_N012,RTPD,LMP,LMP_PRC,KERNOIL_1_N012,ALL,1,72.74448,2,196
2022-09-04T21:15:00-00:00,2022-09-04T21:30:00-00:00,2022-09-04,15,KERNOIL_1_N012,KERNOIL_1_N012,KERNOIL_1_N012,RTPD,LMP,LMP_PRC,KERNOIL_1_N012,ALL,1,79.87134,2,196
2022-09-04T22:15:00-00:00,2022-09-04T22:30:00-00:00,2022-09-04,16,KERNOIL_1_N012,KERNOIL_1_N012,KERNOIL_1_N012,RTPD,LMP,LMP_PRC,KERNOIL_1_N012,ALL,1,88.6726,2,196
2022-09-04T23:15:00-00:00,2022-09-04T23:30:00-00:00,2022-09-04,17,KERNOIL_1_N012,KERNOIL_1_N012,KERNOIL_1_N012,RTPD,LMP,LMP_PRC,KERNOIL_1_N012,ALL,1,95.41022,2,196
2022-09-05T00:15:00-00:00,2022-09-05T00:30:00-00:00,2022-09-04,18,KERNOIL_1_N012,KERNOIL_1_N012,KERNOIL_1_N012,RTPD,LMP,LMP_PRC,KERNOIL_1_N012,ALL,1,107.50391,2,196
2022-09-05T01:15:00-00:00,2022-09-05T01:30:00-00:00,2022-09-04,19,KERNOIL_1_N012,KERNOIL_1_N012,KERNOIL_1_N012,RTPD,LMP,LMP_PRC,KERNOIL_1_N012,ALL,1,284.14398,2,196
2022-09-05T02:15:00-00:00,2022-09-05T02:30:00-00:00,2022-09-04,20,KERNOIL_1_N012,KERNOIL_1_N012,KERNOIL_1_N012,RTPD,LMP,LMP_PRC,KERNOIL_1_N012,ALL,1,168.2868,2,196
2022-09-05T03:15:00-00:00,2022-09-05T03:30:00-00:00,2022-09-04,21,KERNOIL_1_N012,KERNOIL_1_N012,KERNOIL_1_N012,RTPD,LMP,LMP_PRC,KERNOIL_1_N012,ALL,1,102.2431,2,196
2022-09-05T04:15:00-00:00,2022-09-05T04:30:00-00:00,2022-09-04,22,KERNOIL_1_N012,KERNOIL_1_N012,KERNOIL_1_N012,RTPD,LMP,LMP_PRC,KERNOIL_1_N012,ALL,1,147.26443,2,196
2022-09-05T05:15:00-00:00,2022-09-05T05:30:00-00:00,2022-09-04,23,KERNOIL_1_N012,KERNOIL_1_N012,KERNOIL_1_N012,RTPD,LMP,LMP_PRC,KERNOIL_1_N012,ALL,1,184.47589,2,196
2022-09-05T06:15:00-00:00,2022-09-05T06:30:00-00:00,2022-09-04,24,KERNOIL_1_N012,KERNOIL_1_N012,KERNOIL_1_N012,RTPD,LMP,LMP_PRC,KERNOIL_1_N012,ALL,1,150.50684,2,196
2022-09-04T07:30:00-00:00,2022-09-04T07:45:00-00:00,2022-09-04,01,KERNOIL_1_N012,KERNOIL_1_N012,KERNOIL_1_N012,RTPD,LMP,LMP_PRC,KERNOIL_1_N012,ALL,1,87.15491,3,196
2022-09-04T08:30:00-00:00,2022-09-04T08:45:00-00:00,2022-09-04,02,KERNOIL_1_N012,KERNOIL_1_N012,KERNOIL_1_N012,RTPD,LMP,LMP_PRC,KERNOIL_1_N012,ALL,1,84.6527,3,196
2022-09-04T09:30:00-00:00,2022-09-04T09:45:00-00:00,2022-09-04,03,KERNOIL_1_N012,KERNOIL_1_N012,KERNOIL_1_N012,RTPD,LMP,LMP_PRC,KERNOIL_1_N012,ALL,1,71.03443,3,196
2022-09-04T10:30:00-00:00,2022-09-04T10:45:00-00:00,2022-09-04,04,KERNOIL_1_N012,KERNOIL_1_N012,KERNOIL_1_N012,RTPD,LMP,LMP_PRC,KERNOIL_1_N012,ALL,1,92.70239,3,196
2022-09-04T11:30:00-00:00,2022-09-04T11:45:00-00:00,2022-09-04,05,KERNOIL_1_N012,KERNOIL_1_N012,KERNOIL_1_N012,RTPD,LMP,LMP_PRC,KERNOIL_1_N012,ALL,1,93.66394,3,196
2022-09-04T12:30:00-00:00,2022-09-04T12:45:00-00:00,2022-09-04,06,KERNOIL_1_N012,KERNOIL_1_N012,KERNOIL_1_N012,RTPD,LMP,LMP_PRC,KERNOIL_1_N012,ALL,1,78.22253,3,196
2022-09-04T13:30:00-00:00,2022-09-04T13:45:00-00:00,2022-09-04,07,KERNOIL_1_N012,KERNOIL_1_N012,KERNOIL_1_N012,RTPD,LMP,LMP_PRC,KERNOIL_1_N012,ALL,1,36.77891,3,196
2022-09-04T14:30:00-00:00,2022-09-04T14:45:00-00:00,2022-09-04,08,KERNOIL_1_N012,KERNOIL_1_N012,KERNOIL_1_N012,RTPD,LMP,LMP_PRC,KERNOIL_1_N012,ALL,1,69.90669,3,196
2022-09-04T15:30:00-00:00,2022-09-04T15:45:00-00:00,2022-09-04,09,KERNOIL_1_N012,KERNOIL_1_N012,KERNOIL_1_N012,RTPD,LMP,LMP_PRC,KERNOIL_1_N012,ALL,1,35.43738,3,196
2022-09-04T16:30:00-00:00,2022-09-04T16:45:00-00:00,2022-09-04,10,KERNOIL_1_N012,KERNOIL_1_N012,KERNOIL_1_N012,RTPD,LMP,LMP_PRC,KERNOIL_1_N012,ALL,1,-2.51962,3,196
2022-09-04T17:30:00-00:00,2022-09-04T17:45:00-00:00,2022-09-04,11,KERNOIL_1_N012,KERNOIL_1_N012,KERNOIL_1_N012,RTPD,LMP,LMP_PRC,KERNOIL_1_N012,ALL,1,-5.82263,3,196
2022-09-04T18:30:00-00:00,2022-09-04T18:45:00-00:00,2022-09-04,12,KERNOIL_1_N012,KERNOIL_1_N012,KERNOIL_1_N012,RTPD,LMP,LMP_PRC,KERNOIL_1_N012,ALL,1,54.30179,3,196
2022-09-04T19:30:00-00:00,2022-09-04T19:45:00-00:00,2022-09-04,13,KERNOIL_1_N012,KERNOIL_1_N012,KERNOIL_1_N012,RTPD,LMP,LMP_PRC,KERNOIL_1_N012,ALL,1,66.84797,3,196
2022-09-04T20:30:00-00:00,2022-09-04T20:45:00-00:00,2022-09-04,14,KERNOIL_1_N012,KERNOIL_1_N012,KERNOIL_1_N012,RTPD,LMP,LMP_PRC,KERNOIL_1_N012,ALL,1,70.46275,3,196
2022-09-04T21:30:00-00:00,2022-09-04T21:45:00-00:00,2022-09-04,15,KERNOIL_1_N012,KERNOIL_1_N012,KERNOIL_1_N012,RTPD,LMP,LMP_PRC,KERNOIL_1_N012,ALL,1,84.49031,3,196
2022-09-04T22:30:00-00:00,2022-09-04T22:45:00-00:00,2022-09-04,16,KERNOIL_1_N012,KERNOIL_1_N012,KERNOIL_1_N012,RTPD,LMP,LMP_PRC,KERNOIL_1_N012,ALL,1,98.9555,3,196
2022-09-04T23:30:00-00:00,2022-09-04T23:45:00-00:00,2022-09-04,17,KERNOIL_1_N012,KERNOIL_1_N012,KERNOIL_1_N012,RTPD,LMP,LMP_PRC,KERNOIL_1_N012,ALL,1,97.2829,3,196
2022-09-05T00:30:00-00:00,2022-09-05T00:45:00-00:00,2022-09-04,18,KERNOIL_1_N012,KERNOIL_1_N012,KERNOIL_1_N012,RTPD,LMP,LMP_PRC,KERNOIL_1_N012,ALL,1,116.37877,3,196
2022-09-05T01:30:00-00:00,2022-09-05T01:45:00-00:00,2022-09-04,19,KERNOIL_1_N012,KERNOIL_1_N012,KERNOIL_1_N012,RTPD,LMP,LMP_PRC,KERNOIL_1_N012,ALL,1,1304.1656,3,196
2022-09-05T02:30:00-00:00,2022-09-05T02:45:00-00:00,2022-09-04,20,KERNOIL_1_N012,KERNOIL_1_N012,KERNOIL_1_N012,RTPD,LMP,LMP_PRC,KERNOIL_1_N012,ALL,1,145.09908,3,196
2022-09-05T03:30:00-00:00,2022-09-05T03:45:00-00:00,2022-09-04,21,KERNOIL_1_N012,KERNOIL_1_N012,KERNOIL_1_N012,RTPD,LMP,LMP_PRC,KERNOIL_1_N012,ALL,1,102.79797,3,196
2022-09-05T04:30:00-00:00,2022-09-05T04:45:00-00:00,2022-09-04,22,KERNOIL_1_N012,KERNOIL_1_N012,KERNOIL_1_N012,RTPD,LMP,LMP_PRC,KERNOIL_1_N012,ALL,1,147.22597,3,196
2022-09-05T05:30:00-00:00,2022-09-05T05:45:00-00:00,2022-09-04,23,KERNOIL_1_N012,KERNOIL_1_N012,KERNOIL_1_N012,RTPD,LMP,LMP_PRC,KERNOIL_1_N012,ALL,1,161.15305,3,196
2022-09-05T06:30:00-00:00,2022-09-05T06:45:00-00:00,2022-09-04,24,KERNOIL_1_N012,KERNOIL_1_N012,KERNOIL_1_N012,RTPD,LMP,LMP_PRC,KERNOIL_1_N012,ALL,1,111.83666,3,196
2022-09-04T07:45:00-00:00,2022-09-04T08:00:00-00:00,2022-09-04,01,KERNOIL_1_N012,KERNOIL_1_N012,KERNOIL_1_N012,RTPD,LMP,LMP_PRC,KERNOIL_1_N012,ALL,1,96.76764,4,196
2022-09-04T08:45:00-00:00,2022-09-04T09:00:00-00:00,2022-09-04,02,KERNOIL_1_N012,KERNOIL_1_N012,KERNOIL_1_N012,RTPD,LMP,LMP_PRC,KERNOIL_1_N012,ALL,1,85.34731,4,196
2022-09-04T09:45:00-00:00,2022-09-04T10:00:00-00:00,2022-09-04,03,KERNOIL_1_N012,KERNOIL_1_N012,KERNOIL_1_N012,RTPD,LMP,LMP_PRC,KERNOIL_1_N012,ALL,1,73.45067,4,196
2022-09-04T10:45:00-00:00,2022-09-04T11:00:00-00:00,2022-09-04,04,KERNOIL_1_N012,KERNOIL_1_N012,KERNOIL_1_N012,RTPD,LMP,LMP_PRC,KERNOIL_1_N012,ALL,1,83.03126,4,196
2022-09-04T11:45:00-00:00,2022-09-04T12:00:00-00:00,2022-09-04,05,KERNOIL_1_N012,KERNOIL_1_N012,KERNOIL_1_N012,RTPD,LMP,LMP_PRC,KERNOIL_1_N012,ALL,1,76.30392,4,196
2022-09-04T12:45:00-00:00,2022-09-04T13:00:00-00:00,2022-09-04,06,KERNOIL_1_N012,KERNOIL_1_N012,KERNOIL_1_N012,RTPD,LMP,LMP_PRC,KERNOIL_1_N012,ALL,1,74.81782,4,196
2022-09-04T13:45:00-00:00,2022-09-04T14:00:00-00:00,2022-09-04,07,KERNOIL_1_N012,KERNOIL_1_N012,KERNOIL_1_N012,RTPD,LMP,LMP_PRC,KERNOIL_1_N012,ALL,1,29.42813,4,196
2022-09-04T14:45:00-00:00,2022-09-04T15:00:00-00:00,2022-09-04,08,KERNOIL_1_N012,KERNOIL_1_N012,KERNOIL_1_N012,RTPD,LMP,LMP_PRC,KERNOIL_1_N012,ALL,1,32.94892,4,196
2022-09-04T15:45:00-00:00,2022-09-04T16:00:00-00:00,2022-09-04,09,KERNOIL_1_N012,KERNOIL_1_N012,KERNOIL_1_N012,RTPD,LMP,LMP_PRC,KERNOIL_1_N012,ALL,1,-1.80774,4,196
2022-09-04T16:45:00-00:00,2022-09-04T17:00:00-00:00,2022-09-04,10,KERNOIL_1_N012,KERNOIL_1_N012,KERNOIL_1_N012,RTPD,LMP,LMP_PRC,KERNOIL_1_N012,ALL,1,-5.84118,4,196
2022-09-04T17:45:00-00:00,2022-09-04T18:00:00-00:00,2022-09-04,11,KERNOIL_1_N012,KERNOIL_1_N012,KERNOIL_1_N012,RTPD,LMP,LMP_PRC,KERNOIL_1_N012,ALL,1,-6.21936,4,196
2022-09-04T18:45:00-00:00,2022-09-04T19:00:00-00:00,2022-09-04,12,KERNOIL_1_N012,KERNOIL_1_N012,KERNOIL_1_N012,RTPD,LMP,LMP_PRC,KERNOIL_1_N012,ALL,1,64.85878,4,196
2022-09-04T19:45:00-00:00,2022-09-04T20:00:00-00:00,2022-09-04,13,KERNOIL_1_N012,KERNOIL_1_N012,KERNOIL_1_N012,RTPD,LMP,LMP_PRC,KERNOIL_1_N012,ALL,1,46.17364,4,196
2022-09-04T20:45:00-00:00,2022-09-04T21:00:00-00:00,2022-09-04,14,KERNOIL_1_N012,KERNOIL_1_N012,KERNOIL_1_N012,RTPD,LMP,LMP_PRC,KERNOIL_1_N012,ALL,1,80.73753,4,196
2022-09-04T21:45:00-00:00,2022-09-04T22:00:00-00:00,2022-09-04,15,KERNOIL_1_N012,KERNOIL_1_N012,KERNOIL_1_N012,RTPD,LMP,LMP_PRC,KERNOIL_1_N012,ALL,1,80.89918,4,196
2022-09-04T22:45:00-00:00,2022-09-04T23:00:00-00:00,2022-09-04,16,KERNOIL_1_N012,KERNOIL_1_N012,KERNOIL_1_N012,RTPD,LMP,LMP_PRC,KERNOIL_1_N012,ALL,1,114.80618,4,196
2022-09-04T23:45:00-00:00,2022-09-05T00:00:00-00:00,2022-09-04,17,KERNOIL_1_N012,KERNOIL_1_N012,KERNOIL_1_N012,RTPD,LMP,LMP_PRC,KERNOIL_1_N012,ALL,1,123.23369,4,196
2022-09-05T00:45:00-00:00,2022-09-05T01:00:00-00:00,2022-09-04,18,KERNOIL_1_N012,KERNOIL_1_N012,KERNOIL_1_N012,RTPD,LMP,LMP_PRC,KERNOIL_1_N012,ALL,1,116.16833,4,196
2022-09-05T01:45:00-00:00,2022-09-05T02:00:00-00:00,2022-09-04,19,KERNOIL_1_N012,KERNOIL_1_N012,KERNOIL_1_N012,RTPD,LMP,LMP_PRC,KERNOIL_1_N012,ALL,1,1141.6273,4,196
2022-09-05T02:45:00-00:00,2022-09-05T03:00:00-00:00,2022-09-04,20,KERNOIL_1_N012,KERNOIL_1_N012,KERNOIL_1_N012,RTPD,LMP,LMP_PRC,KERNOIL_1_N012,ALL,1,127.3743,4,196
2022-09-05T03:45:00-00:00,2022-09-05T04:00:00-00:00,2022-09-04,21,KERNOIL_1_N012,KERNOIL_1_N012,KERNOIL_1_N012,RTPD,LMP,LMP_PRC,KERNOIL_1_N012,ALL,1,125.24913,4,196
2022-09-05T04:45:00-00:00,2022-09-05T05:00:00-00:00,2022-09-04,22,KERNOIL_1_N012,KERNOIL_1_N012,KERNOIL_1_N012,RTPD,LMP,LMP_PRC,KERNOIL_1_N012,ALL,1,150.93295,4,196
2022-09-05T05:45:00-00:00,2022-09-05T06:00:00-00:00,2022-09-04,23,KERNOIL_1_N012,KERNOIL_1_N012,KERNOIL_1_N012,RTPD,LMP,LMP_PRC,KERNOIL_1_N012,ALL,1,122.53944,4,196
2022-09-05T06:45:00-00:00,2022-09-05T07:00:00-00:00,2022-09-04,24,KERNOIL_1_N012,KERNOIL_1_N012,KERNOIL_1_N012,RTPD,LMP,LMP_PRC,KERNOIL_1_N012,ALL,1,101.21243,4,196
2022-09-04T07:00:00-00:00,2022-09-04T07:15:00-00:00,2022-09-04,01,KERNOIL_1_N012,KERNOIL_1_N012,KERNOIL_1_N012,RTPD,MCC,LMP_CONG_PRC,KERNOIL_1_N012,ALL,1,-25.19882,1,197
2022-09-04T08:00:00-00:00,2022-09-04T08:15:00-00:00,2022-09-04,02,KERNOIL_1_N012,KERNOIL_1_N012,KERNOIL_1_N012,RTPD,MCC,LMP_CONG_PRC,KERNOIL_1_N012,ALL,1,-14.22037,1,197
2022-09-04T09:00:00-00:00,2022-09-04T09:15:00-00:00,2022-09-04,03,KERNOIL_1_N012,KERNOIL_1_N012,KERNOIL_1_N012,RTPD,MCC,LMP_CONG_PRC,KERNOIL_1_N012,ALL,1,-1.87432,1,197
2022-09-04T10:00:00-00:00,2022-09-04T10:15:00-00:00,2022-09-04,04,KERNOIL_1_N012,KERNOIL_1_N012,KERNOIL_1_N012,RTPD,MCC,LMP_CONG_PRC,KERNOIL_1_N012,ALL,1,-4.29738,1,197
2022-09-04T11:00:00-00:00,2022-09-04T11:15:00-00:00,2022-09-04,05,KERNOIL_1_N012,KERNOIL_1_N012,KERNOIL_1_N012,RTPD,MCC,LMP_CONG_PRC,KERNOIL_1_N012,ALL,1,-6.1809,1,197
2022-09-04T12:00:00-00:00,2022-09-04T12:15:00-00:00,2022-09-04,06,KERNOIL_1_N012,KERNOIL_1_N012,KERNOIL_1_N012,RTPD,MCC,LMP_CONG_PRC,KERNOIL_1_N012,ALL,1,-10.37866,1,197
2022-09-04T13:00:00-00:00,2022-09-04T13:15:00-00:00,2022-09-04,07,KERNOIL_1_N012,KERNOIL_1_N012,KERNOIL_1_N012,RTPD,MCC,LMP_CONG_PRC,KERNOIL_1_N012,ALL,1,-21.97258,1,197
2022-09-04T14:00:00-00:00,2022-09-04T14:15:00-00:00,2022-09-04,08,KERNOIL_1_N012,KERNOIL_1_N012,KERNOIL_1_N012,RTPD,MCC,LMP_CONG_PRC,KERNOIL_1_N012,ALL,1,-11.27668,1,197
2022-09-04T15:00:00-00:00,2022-09-04T15:15:00-00:00,2022-09-04,09,KERNOIL_1_N012,KERNOIL_1_N012,KERNOIL_1_N012,RTPD,MCC,LMP_CONG_PRC,KERNOIL_1_N012,ALL,1,-9.79659,1,197
2022-09-04T16:00:00-00:00,2022-09-04T16:15:00-00:00,2022-09-04,10,KERNOIL_1_N012,KERNOIL_1_N012,KERNOIL_1_N012,RTPD,MCC,LMP_CONG_PRC,KERNOIL_1_N012,ALL,1,-56.17229,1,197
2022-09-04T17:00:00-00:00,2022-09-04T17:15:00-00:00,2022-09-04,11,KERNOIL_1_N012,KERNOIL_1_N012,KERNOIL_1_N012,RTPD,MCC,LMP_CONG_PRC,KERNOIL_1_N012,ALL,1,-67.97561,1,197
2022-09-04T18:00:00-00:00,2022-09-04T18:15:00-00:00,2022-09-04,12,KERNOIL_1_N012,KERNOIL_1_N012,KERNOIL_1_N012,RTPD,MCC,LMP_CONG_PRC,KERNOIL_1_N012,ALL,1,-69.1834,1,197
2022-09-04T19:00:00-00:00,2022-09-04T19:15:00-00:00,2022-09-04,13,KERNOIL_1_N012,KERNOIL_1_N012,KERNOIL_1_N012,RTPD,MCC,LMP_CONG_PRC,KERNOIL_1_N012,ALL,1,-51.10287,1,197
2022-09-04T20:00:00-00:00,2022-09-04T20:15:00-00:00,2022-09-04,14,KERNOIL_1_N012,KERNOIL_1_N012,KERNOIL_1_N012,RTPD,MCC,LMP_CONG_PRC,KERNOIL_1_N012,ALL,1,-19.38028,1,197
2022-09-04T21:00:00-00:00,2022-09-04T21:15:00-00:00,2022-09-04,15,KERNOIL_1_N012,KERNOIL_1_N012,KERNOIL_1_N012,RTPD,MCC,LMP_CONG_PRC,KERNOIL_1_N012,ALL,1,-32.84364,1,197
2022-09-04T22:00:00-00:00,2022-09-04T22:15:00-00:00,2022-09-04,16,KERNOIL_1_N012,KERNOIL_1_N012,KERNOIL_1_N012,RTPD,MCC,LMP_CONG_PRC,KERNOIL_1_N012,ALL,1,-26.14688,1,197
2022-09-04T23:00:00-00:00,2022-09-04T23:15:00-00:00,2022-09-04,17,KERNOIL_1_N012,KERNOIL_1_N012,KERNOIL_1_N012,RTPD,MCC,LMP_CONG_PRC,KERNOIL_1_N012,ALL,1,-23.4926,1,197
2022-09-05T00:00:00-00:00,2022-09-05T00:15:00-00:00,2022-09-04,18,KERNOIL_1_N012,KERNOIL_1_N012,KERNOIL_1_N012,RTPD,MCC,LMP_CONG_PRC,KERNOIL_1_N012,ALL,1,-9.28078,1,197
2022-09-05T01:00:00-00:00,2022-09-05T01:15:00-00:00,2022-09-04,19,KERNOIL_1_N012,KERNOIL_1_N012,KERNOIL_1_N012,RTPD,MCC,LMP_CONG_PRC,KERNOIL_1_N012,ALL,1,-51.08441,1,197
2022-09-05T02:00:00-00:00,2022-09-05T02:15:00-00:00,2022-09-04,20,KERNOIL_1_N012,KERNOIL_1_N012,KERNOIL_1_N012,RTPD,MCC,LMP_CONG_PRC,KERNOIL_1_N012,ALL,1,18.20278,1,197
2022-09-05T03:00:00-00:00,2022-09-05T03:15:00-00:00,2022-09-04,21,KERNOIL_1_N012,KERNOIL_1_N012,KERNOIL_1_N012,RTPD,MCC,LMP_CONG_PRC,KERNOIL_1_N012,ALL,1,-34.38974,1,197
2022-09-05T04:00:00-00:00,2022-09-05T04:15:00-00:00,2022-09-04,22,KERNOIL_1_N012,KERNOIL_1_N012,KERNOIL_1_N012,RTPD,MCC,LMP_CONG_PRC,KERNOIL_1_N012,ALL,1,25.48239,1,197
2022-09-05T05:00:00-00:00,2022-09-05T05:15:00-00:00,2022-09-04,23,KERNOIL_1_N012,KERNOIL_1_N012,KERNOIL_1_N012,RTPD,MCC,LMP_CONG_PRC,KERNOIL_1_N012,ALL,1,33.54108,1,197
2022-09-05T06:00:00-00:00,2022-09-05T06:15:00-00:00,2022-09-04,24,KERNOIL_1_N012,KERNOIL_1_N012,KERNOIL_1_N012,RTPD,MCC,LMP_CONG_PRC,KERNOIL_1_N012,ALL,1,29.83861,1,197
2022-09-04T07:15:00-00:00,2022-09-04T07:30:00-00:00,2022-09-04,01,KERNOIL_1_N012,KERNOIL_1_N012,KERNOIL_1_N012,RTPD,MCC,LMP_CONG_PRC,KERNOIL_1_N012,ALL,1,-15.81525,2,197
2022-09-04T08:15:00-00:00,2022-09-04T08:30:00-00:00,2022-09-04,02,KERNOIL_1_N012,KERNOIL_1_N012,KERNOIL_1_N012,RTPD,MCC,LMP_CONG_PRC,KERNOIL_1_N012,ALL,1,-7.43647,2,197
2022-09-04T09:15:00-00:00,2022-09-04T09:30:00-00:00,2022-09-04,03,KERNOIL_1_N012,KERNOIL_1_N012,KERNOIL_1_N012,RTPD,MCC,LMP_CONG_PRC,KERNOIL_1_N012,ALL,1,-9.65618,2,197
2022-09-04T10:15:00-00:00,2022-09-04T10:30:00-00:00,2022-09-04,04,KERNOIL_1_N012,KERNOIL_1_N012,KERNOIL_1_N012,RTPD,MCC,LMP_CONG_PRC,KERNOIL_1_N012,ALL,1,-2.68685,2,197
2022-09-04T11:15:00-00:00,2022-09-04T11:30:00-00:00,2022-09-04,05,KERNOIL_1_N012,KERNOIL_1_N012,KERNOIL_1_N012,RTPD,MCC,LMP_CONG_PRC,KERNOIL_1_N012,ALL,1,5.29621,2,197
2022-09-04T12:15:00-00:00,2022-09-04T12:30:00-00:00,2022-09-04,06,KERNOIL_1_N012,KERNOIL_1_N012,KERNOIL_1_N012,RTPD,MCC,LMP_CONG_PRC,KERNOIL_1_N012,ALL,1,-10.34528,2,197
2022-09-04T13:15:00-00:00,2022-09-04T13:30:00-00:00,2022-09-04,07,KERNOIL_1_N012,KERNOIL_1_N012,KERNOIL_1_N012,RTPD,MCC,LMP_CONG_PRC,KERNOIL_1_N012,ALL,1,-32.32914,2,197
2022-09-04T14:15:00-00:00,2022-09-04T14:30:00-00:00,2022-09-04,08,KERNOIL_1_N012,KERNOIL_1_N012,KERNOIL_1_N012,RTPD,MCC,LMP_CONG_PRC,KERNOIL_1_N012,ALL,1,-11.33119,2,197
2022-09-04T15:15:00-00:00,2022-09-04T15:30:00-00:00,2022-09-04,09,KERNOIL_1_N012,KERNOIL_1_N012,KERNOIL_1_N012,RTPD,MCC,LMP_CONG_PRC,KERNOIL_1_N012,ALL,1,-20.9467,2,197
2022-09-04T16:15:00-00:00,2022-09-04T16:30:00-00:00,2022-09-04,10,KERNOIL_1_N012,KERNOIL_1_N012,KERNOIL_1_N012,RTPD,MCC,LMP_CONG_PRC,KERNOIL_1_N012,ALL,1,-57.82594,2,197
2022-09-04T17:15:00-00:00,2022-09-04T17:30:00-00:00,2022-09-04,11,KERNOIL_1_N012,KERNOIL_1_N012,KERNOIL_1_N012,RTPD,MCC,LMP_CONG_PRC,KERNOIL_1_N012,ALL,1,-77.99285,2,197
2022-09-04T18:15:00-00:00,2022-09-04T18:30:00-00:00,2022-09-04,12,KERNOIL_1_N012,KERNOIL_1_N012,KERNOIL_1_N012,RTPD,MCC,LMP_CONG_PRC,KERNOIL_1_N012,ALL,1,-74.70384,2,197
2022-09-04T19:15:00-00:00,2022-09-04T19:30:00-00:00,2022-09-04,13,KERNOIL_1_N012,KERNOIL_1_N012,KERNOIL_1_N012,RTPD,MCC,LMP_CONG_PRC,KERNOIL_1_N012,ALL,1,-36.93726,2,197
2022-09-04T20:15:00-00:00,2022-09-04T20:30:00-00:00,2022-09-04,14,KERNOIL_1_N012,KERNOIL_1_N012,KERNOIL_1_N012,RTPD,MCC,LMP_CONG_PRC,KERNOIL_1_N012,ALL,1,-21.36795,2,197
2022-09-04T21:15:00-00:00,2022-09-04T21:30:00-00:00,2022-09-04,15,KERNOIL_1_N012,KERNOIL_1_N012,KERNOIL_1_N012,RTPD,MCC,LMP_CONG_PRC,KERNOIL_1_N012,ALL,1,-38.38641,2,197
2022-09-04T22:15:00-00:00,2022-09-04T22:30:00-00:00,2022-09-04,16,KERNOIL_1_N012,KERNOIL_1_N012,KERNOIL_1_N012,RTPD,MCC,LMP_CONG_PRC,KERNOIL_1_N012,ALL,1,-22.7895,2,197
2022-09-04T23:15:00-00:00,2022-09-04T23:30:00-00:00,2022-09-04,17,KERNOIL_1_N012,KERNOIL_1_N012,KERNOIL_1_N012,RTPD,MCC,LMP_CONG_PRC,KERNOIL_1_N012,ALL,1,-11.23375,2,197
2022-09-05T00:15:00-00:00,2022-09-05T00:30:00-00:00,2022-09-04,18,KERNOIL_1_N012,KERNOIL_1_N012,KERNOIL_1_N012,RTPD,MCC,LMP_CONG_PRC,KERNOIL_1_N012,ALL,1,-93.28262,2,197
2022-09-05T01:15:00-00:00,2022-09-05T01:30:00-00:00,2022-09-04,19,KERNOIL_1_N012,KERNOIL_1_N012,KERNOIL_1_N012,RTPD,MCC,LMP_CONG_PRC,KERNOIL_1_N012,ALL,1,-20.67064,2,197
2022-09-05T02:15:00-00:00,2022-09-05T02:30:00-00:00,2022-09-04,20,KERNOIL_1_N012,KERNOIL_1_N012,KERNOIL_1_N012,RTPD,MCC,LMP_CONG_PRC,KERNOIL_1_N012,ALL,1,20.10774,2,197
2022-09-05T03:15:00-00:00,2022-09-05T03:30:00-00:00,2022-09-04,21,KERNOIL_1_N012,KERNOIL_1_N012,KERNOIL_1_N012,RTPD,MCC,LMP_CONG_PRC,KERNOIL_1_N012,ALL,1,-31.00442,2,197
2022-09-05T04:15:00-00:00,2022-09-05T04:30:00-00:00,2022-09-04,22,KERNOIL_1_N012,KERNOIL_1_N012,KERNOIL_1_N012,RTPD,MCC,LMP_CONG_PRC,KERNOIL_1_N012,ALL,1,21.83281,2,197
2022-09-05T05:15:00-00:00,2022-09-05T05:30:00-00:00,2022-09-04,23,KERNOIL_1_N012,KERNOIL_1_N012,KERNOIL_1_N012,RTPD,MCC,LMP_CONG_PRC,KERNOIL_1_N012,ALL,1,34.93511,2,197
2022-09-05T06:15:00-00:00,2022-09-05T06:30:00-00:00,2022-09-04,24,KERNOIL_1_N012,KERNOIL_1_N012,KERNOIL_1_N012,RTPD,MCC,LMP_CONG_PRC,KERNOIL_1_N012,ALL,1,27.87917,2,197
2022-09-04T07:30:00-00:00,2022-09-04T07:45:00-00:00,2022-09-04,01,KERNOIL_1_N012,KERNOIL_1_N012,KERNOIL_1_N012,RTPD,MCC,LMP_CONG_PRC,KERNOIL_1_N012,ALL,1,-13.79355,3,197
2022-09-04T08:30:00-00:00,2022-09-04T08:45:00-00:00,2022-09-04,02,KERNOIL_1_N012,KERNOIL_1_N012,KERNOIL_1_N012,RTPD,MCC,LMP_CONG_PRC,KERNOIL_1_N012,ALL,1,-4.6626,3,197
2022-09-04T09:30:00-00:00,2022-09-04T09:45:00-00:00,2022-09-04,03,KERNOIL_1_N012,KERNOIL_1_N012,KERNOIL_1_N012,RTPD,MCC,LMP_CONG_PRC,KERNOIL_1_N012,ALL,1,-11.73536,3,197
2022-09-04T10:30:00-00:00,2022-09-04T10:45:00-00:00,2022-09-04,04,KERNOIL_1_N012,KERNOIL_1_N012,KERNOIL_1_N012,RTPD,MCC,LMP_CONG_PRC,KERNOIL_1_N012,ALL,1,1.21594,3,197
2022-09-04T11:30:00-00:00,2022-09-04T11:45:00-00:00,2022-09-04,05,KERNOIL_1_N012,KERNOIL_1_N012,KERNOIL_1_N012,RTPD,MCC,LMP_CONG_PRC,KERNOIL_1_N012,ALL,1,6.18579,3,197
2022-09-04T12:30:00-00:00,2022-09-04T12:45:00-00:00,2022-09-04,06,KERNOIL_1_N012,KERNOIL_1_N012,KERNOIL_1_N012,RTPD,MCC,LMP_CONG_PRC,KERNOIL_1_N012,ALL,1,-11.26913,3,197
2022-09-04T13:30:00-00:00,2022-09-04T13:45:00-00:00,2022-09-04,07,KERNOIL_1_N012,KERNOIL_1_N012,KERNOIL_1_N012,RTPD,MCC,LMP_CONG_PRC,KERNOIL_1_N012,ALL,1,-38.53959,3,197
2022-09-04T14:30:00-00:00,2022-09-04T14:45:00-00:00,2022-09-04,08,KERNOIL_1_N012,KERNOIL_1_N012,KERNOIL_1_N012,RTPD,MCC,LMP_CONG_PRC,KERNOIL_1_N012,ALL,1,-9.31565,3,197
2022-09-04T15:30:00-00:00,2022-09-04T15:45:00-00:00,2022-09-04,09,KERNOIL_1_N012,KERNOIL_1_N012,KERNOIL_1_N012,RTPD,MCC,LMP_CONG_PRC,KERNOIL_1_N012,ALL,1,-24.82845,3,197
2022-09-04T16:30:00-00:00,2022-09-04T16:45:00-00:00,2022-09-04,10,KERNOIL_1_N012,KERNOIL_1_N012,KERNOIL_1_N012,RTPD,MCC,LMP_CONG_PRC,KERNOIL_1_N012,ALL,1,-58.96591,3,197
2022-09-04T17:30:00-00:00,2022-09-04T17:45:00-00:00,2022-09-04,11,KERNOIL_1_N012,KERNOIL_1_N012,KERNOIL_1_N012,RTPD,MCC,LMP_CONG_PRC,KERNOIL_1_N012,ALL,1,-78.42829,3,197
2022-09-04T18:30:00-00:00,2022-09-04T18:45:00-00:00,2022-09-04,12,KERNOIL_1_N012,KERNOIL_1_N012,KERNOIL_1_N012,RTPD,MCC,LMP_CONG_PRC,KERNOIL_1_N012,ALL,1,-35.49123,3,197
2022-09-04T19:30:00-00:00,2022-09-04T19:45:00-00:00,2022-09-04,13,KERNOIL_1_N012,KERNOIL_1_N012,KERNOIL_1_N012,RTPD,MCC,LMP_CONG_PRC,KERNOIL_1_N012,ALL,1,-40.78041,3,197
2022-09-04T20:30:00-00:00,2022-09-04T20:45:00-00:00,2022-09-04,14,KERNOIL_1_N012,KERNOIL_1_N012,KERNOIL_1_N012,RTPD,MCC,LMP_CONG_PRC,KERNOIL_1_N012,ALL,1,-43.38164,3,197
2022-09-04T21:30:00-00:00,2022-09-04T21:45:00-00:00,2022-09-04,15,KERNOIL_1_N012,KERNOIL_1_N012,KERNOIL_1_N012,RTPD,MCC,LMP_CONG_PRC,KERNOIL_1_N012,ALL,1,-29.65415,3,197
2022-09-04T22:30:00-00:00,2022-09-04T22:45:00-00:00,2022-09-04,16,KERNOIL_1_N012,KERNOIL_1_N012,KERNOIL_1_N012,RTPD,MCC,LMP_CONG_PRC,KERNOIL_1_N012,ALL,1,-21.08234,3,197
2022-09-04T23:30:00-00:00,2022-09-04T23:45:00-00:00,2022-09-04,17,KERNOIL_1_N012,KERNOIL_1_N012,KERNOIL_1_N012,RTPD,MCC,LMP_CONG_PRC,KERNOIL_1_N012,ALL,1,-15.95621,3,197
2022-09-05T00:30:00-00:00,2022-09-05T00:45:00-00:00,2022-09-04,18,KERNOIL_1_N012,KERNOIL_1_N012,KERNOIL_1_N012,RTPD,MCC,LMP_CONG_PRC,KERNOIL_1_N012,ALL,1,-41.21329,3,197
2022-09-05T01:30:00-00:00,2022-09-05T01:45:00-00:00,2022-09-04,19,KERNOIL_1_N012,KERNOIL_1_N012,KERNOIL_1_N012,RTPD,MCC,LMP_CONG_PRC,KERNOIL_1_N012,ALL,1,334.70554,3,197
2022-09-05T02:30:00-00:00,2022-09-05T02:45:00-00:00,2022-09-04,20,KERNOIL_1_N012,KERNOIL_1_N012,KERNOIL_1_N012,RTPD,MCC,LMP_CONG_PRC,KERNOIL_1_N012,ALL,1,12.45717,3,197
2022-09-05T03:30:00-00:00,2022-09-05T03:45:00-00:00,2022-09-04,21,KERNOIL_1_N012,KERNOIL_1_N012,KERNOIL_1_N012,RTPD,MCC,LMP_CONG_PRC,KERNOIL_1_N012,ALL,1,-24.70834,3,197
2022-09-05T04:30:00-00:00,2022-09-05T04:45:00-00:00,2022-09-04,22,KERNOIL_1_N012,KERNOIL_1_N012,KERNOIL_1_N012,RTPD,MCC,LMP_CONG_PRC,KERNOIL_1_N012,ALL,1,22.64906,3,197
2022-09-05T05:30:00-00:00,2022-09-05T05:45:00-00:00,2022-09-04,23,KERNOIL_1_N012,KERNOIL_1_N012,KERNOIL_1_N012,RTPD,MCC,LMP_CONG_PRC,KERNOIL_1_N012,ALL,1,29.47792,3,197
2022-09-05T06:30:00-00:00,2022-09-05T06:45:00-00:00,2022-09-04,24,KERNOIL_1_N012,KERNOIL_1_N012,KERNOIL_1_N012,RTPD,MCC,LMP_CONG_PRC,KERNOIL_1_N012,ALL,1,14.75513,3,197
2022-09-04T07:45:00-00:00,2022-09-04T08:00:00-00:00,2022-09-04,01,KERNOIL_1_N012,KERNOIL_1_N012,KERNOIL_1_N012,RTPD,MCC,LMP_CONG_PRC,KERNOIL_1_N012,ALL,1,12.14696,4,197
2022-09-04T08:45:00-00:00,2022-09-04T09:00:00-00:00,2022-09-04,02,KERNOIL_1_N012,KERNOIL_1_N012,KERNOIL_1_N012,RTPD,MCC,LMP_CONG_PRC,KERNOIL_1_N012,ALL,1,-1.43279,4,197
2022-09-04T09:45:00-00:00,2022-09-04T10:00:00-00:00,2022-09-04,03,KERNOIL_1_N012,KERNOIL_1_N012,KERNOIL_1_N012,RTPD,MCC,LMP_CONG_PRC,KERNOIL_1_N012,ALL,1,-10.00897,4,197
2022-09-04T10:45:00-00:00,2022-09-04T11:00:00-00:00,2022-09-04,04,KERNOIL_1_N012,KERNOIL_1_N012,KERNOIL_1_N012,RTPD,MCC,LMP_CONG_PRC,KERNOIL_1_N012,ALL,1,-3.04751,4,197
2022-09-04T11:45:00-00:00,2022-09-04T12:00:00-00:00,2022-09-04,05,KERNOIL_1_N012,KERNOIL_1_N012,KERNOIL_1_N012,RTPD,MCC,LMP_CONG_PRC,KERNOIL_1_N012,ALL,1,-8.93309,4,197
2022-09-04T12:45:00-00:00,2022-09-04T13:00:00-00:00,2022-09-04,06,KERNOIL_1_N012,KERNOIL_1_N012,KERNOIL_1_N012,RTPD,MCC,LMP_CONG_PRC,KERNOIL_1_N012,ALL,1,-12.59766,4,197
2022-09-04T13:45:00-00:00,2022-09-04T14:00:00-00:00,2022-09-04,07,KERNOIL_1_N012,KERNOIL_1_N012,KERNOIL_1_N012,RTPD,MCC,LMP_CONG_PRC,KERNOIL_1_N012,ALL,1,-35.75417,4,197
2022-09-04T14:45:00-00:00,2022-09-04T15:00:00-00:00,2022-09-04,08,KERNOIL_1_N012,KERNOIL_1_N012,KERNOIL_1_N012,RTPD,MCC,LMP_CONG_PRC,KERNOIL_1_N012,ALL,1,-23.12263,4,197
2022-09-04T15:45:00-00:00,2022-09-04T16:00:00-00:00,2022-09-04,09,KERNOIL_1_N012,KERNOIL_1_N012,KERNOIL_1_N012,RTPD,MCC,LMP_CONG_PRC,KERNOIL_1_N012,ALL,1,-44.72087,4,197
2022-09-04T16:45:00-00:00,2022-09-04T17:00:00-00:00,2022-09-04,10,KERNOIL_1_N012,KERNOIL_1_N012,KERNOIL_1_N012,RTPD,MCC,LMP_CONG_PRC,KERNOIL_1_N012,ALL,1,-63.84761,4,197
2022-09-04T17:45:00-00:00,2022-09-04T18:00:00-00:00,2022-09-04,11,KERNOIL_1_N012,KERNOIL_1_N012,KERNOIL_1_N012,RTPD,MCC,LMP_CONG_PRC,KERNOIL_1_N012,ALL,1,-89.76943,4,197
2022-09-04T18:45:00-00:00,2022-09-04T19:00:00-00:00,2022-09-04,12,KERNOIL_1_N012,KERNOIL_1_N012,KERNOIL_1_N012,RTPD,MCC,LMP_CONG_PRC,KERNOIL_1_N012,ALL,1,-30.17908,4,197
2022-09-04T19:45:00-00:00,2022-09-04T20:00:00-00:00,2022-09-04,13,KERNOIL_1_N012,KERNOIL_1_N012,KERNOIL_1_N012,RTPD,MCC,LMP_CONG_PRC,KERNOIL_1_N012,ALL,1,-57.90815,4,197
2022-09-04T20:45:00-00:00,2022-09-04T21:00:00-00:00,2022-09-04,14,KERNOIL_1_N012,KERNOIL_1_N012,KERNOIL_1_N012,RTPD,MCC,LMP_CONG_PRC,KERNOIL_1_N012,ALL,1,-36.09775,4,197
2022-09-04T21:45:00-00:00,2022-09-04T22:00:00-00:00,2022-09-04,15,KERNOIL_1_N012,KERNOIL_1_N012,KERNOIL_1_N012,RTPD,MCC,LMP_CONG_PRC,KERNOIL_1_N012,ALL,1,-66.72122,4,197
2022-09-04T22:45:00-00:00,2022-09-04T23:00:00-00:00,2022-09-04,16,KERNOIL_1_N012,KERNOIL_1_N012,KERNOIL_1_N012,RTPD,MCC,LMP_CONG_PRC,KERNOIL_1_N012,ALL,1,-28.9006,4,197
2022-09-04T23:45:00-00:00,2022-09-05T00:00:00-00:00,2022-09-04,17,KERNOIL_1_N012,KERNOIL_1_N012,KERNOIL_1_N012,RTPD,MCC,LMP_CONG_PRC,KERNOIL_1_N012,ALL,1,-50.69065,4,197
2022-09-05T00:45:00-00:00,2022-09-05T01:00:00-00:00,2022-09-04,18,KERNOIL_1_N012,KERNOIL_1_N012,KERNOIL_1_N012,RTPD,MCC,LMP_CONG_PRC,KERNOIL_1_N012,ALL,1,-226.47743,4,197
2022-09-05T01:45:00-00:00,2022-09-05T02:00:00-00:00,2022-09-04,19,KERNOIL_1_N012,KERNOIL_1_N012,KERNOIL_1_N012,RTPD,MCC,LMP_CONG_PRC,KERNOIL_1_N012,ALL,1,292.28198,4,197
2022-09-05T02:45:00-00:00,2022-09-05T03:00:00-00:00,2022-09-04,20,KERNOIL_1_N012,KERNOIL_1_N012,KERNOIL_1_N012,RTPD,MCC,LMP_CONG_PRC,KERNOIL_1_N012,ALL,1,7.26881,4,197
2022-09-05T03:45:00-00:00,2022-09-05T04:00:00-00:00,2022-09-04,21,KERNOIL_1_N012,KERNOIL_1_N012,KERNOIL_1_N012,RTPD,MCC,LMP_CONG_PRC,KERNOIL_1_N012,ALL,1,11.21596,4,197
2022-09-05T04:45:00-00:00,2022-09-05T05:00:00-00:00,2022-09-04,22,KERNOIL_1_N012,KERNOIL_1_N012,KERNOIL_1_N012,RTPD,MCC,LMP_CONG_PRC,KERNOIL_1_N012,ALL,1,36.53747,4,197
2022-09-05T05:45:00-00:00,2022-09-05T06:00:00-00:00,2022-09-04,23,KERNOIL_1_N012,KERNOIL_1_N012,KERNOIL_1_N012,RTPD,MCC,LMP_CONG_PRC,KERNOIL_1_N012,ALL,1,21.77495,4,197
2022-09-05T06:45:00-00:00,2022-09-05T07:00:00-00:00,2022-09-04,24,KERNOIL_1_N012,KERNOIL_1_N012,KERNOIL_1_N012,RTPD,MCC,LMP_CONG_PRC,KERNOIL_1_N012,ALL,1,11.02019,4,197
2022-09-04T07:00:00-00:00,2022-09-04T07:15:00-00:00,2022-09-04,01,KERNOIL_1_N012,KERNOIL_1_N012,KERNOIL_1_N012,RTPD,MCE,LMP_ENE_PRC,KERNOIL_1_N012,ALL,1,105.77126,1,198
2022-09-04T08:00:00-00:00,2022-09-04T08:15:00-00:00,2022-09-04,02,KERNOIL_1_N012,KERNOIL_1_N012,KERNOIL_1_N012,RTPD,MCE,LMP_ENE_PRC,KERNOIL_1_N012,ALL,1,97.44538,1,198
2022-09-04T09:00:00-00:00,2022-09-04T09:15:00-00:00,2022-09-04,03,KERNOIL_1_N012,KERNOIL_1_N012,KERNOIL_1_N012,RTPD,MCE,LMP_ENE_PRC,KERNOIL_1_N012,ALL,1,87.9271,1,198
2022-09-04T10:00:00-00:00,2022-09-04T10:15:00-00:00,2022-09-04,04,KERNOIL_1_N012,KERNOIL_1_N012,KERNOIL_1_N012,RTPD,MCE,LMP_ENE_PRC,KERNOIL_1_N012,ALL,1,88.48894,1,198
2022-09-04T11:00:00-00:00,2022-09-04T11:15:00-00:00,2022-09-04,05,KERNOIL_1_N012,KERNOIL_1_N012,KERNOIL_1_N012,RTPD,MCE,LMP_ENE_PRC,KERNOIL_1_N012,ALL,1,82.79075,1,198
2022-09-04T12:00:00-00:00,2022-09-04T12:15:00-00:00,2022-09-04,06,KERNOIL_1_N012,KERNOIL_1_N012,KERNOIL_1_N012,RTPD,MCE,LMP_ENE_PRC,KERNOIL_1_N012,ALL,1,83.24035,1,198
2022-09-04T13:00:00-00:00,2022-09-04T13:15:00-00:00,2022-09-04,07,KERNOIL_1_N012,KERNOIL_1_N012,KERNOIL_1_N012,RTPD,MCE,LMP_ENE_PRC,KERNOIL_1_N012,ALL,1,75.91539,1,198
2022-09-04T14:00:00-00:00,2022-09-04T14:15:00-00:00,2022-09-04,08,KERNOIL_1_N012,KERNOIL_1_N012,KERNOIL_1_N012,RTPD,MCE,LMP_ENE_PRC,KERNOIL_1_N012,ALL,1,82.51639,1,198
2022-09-04T15:00:00-00:00,2022-09-04T15:15:00-00:00,2022-09-04,09,KERNOIL_1_N012,KERNOIL_1_N012,KERNOIL_1_N012,RTPD,MCE,LMP_ENE_PRC,KERNOIL_1_N012,ALL,1,74.24878,1,198
2022-09-04T16:00:00-00:00,2022-09-04T16:15:00-00:00,2022-09-04,10,KERNOIL_1_N012,KERNOIL_1_N012,KERNOIL_1_N012,RTPD,MCE,LMP_ENE_PRC,KERNOIL_1_N012,ALL,1,50.67669,1,198
2022-09-04T17:00:00-00:00,2022-09-04T17:15:00-00:00,2022-09-04,11,KERNOIL_1_N012,KERNOIL_1_N012,KERNOIL_1_N012,RTPD,MCE,LMP_ENE_PRC,KERNOIL_1_N012,ALL,1,59.2544,1,198
2022-09-04T18:00:00-00:00,2022-09-04T18:15:00-00:00,2022-09-04,12,KERNOIL_1_N012,KERNOIL_1_N012,KERNOIL_1_N012,RTPD,MCE,LMP_ENE_PRC,KERNOIL_1_N012,ALL,1,65.61656,1,198
2022-09-04T19:00:00-00:00,2022-09-04T19:15:00-00:00,2022-09-04,13,KERNOIL_1_N012,KERNOIL_1_N012,KERNOIL_1_N012,RTPD,MCE,LMP_ENE_PRC,KERNOIL_1_N012,ALL,1,76.33065,1,198
2022-09-04T20:00:00-00:00,2022-09-04T20:15:00-00:00,2022-09-04,14,KERNOIL_1_N012,KERNOIL_1_N012,KERNOIL_1_N012,RTPD,MCE,LMP_ENE_PRC,KERNOIL_1_N012,ALL,1,87.37588,1,198
2022-09-04T21:00:00-00:00,2022-09-04T21:15:00-00:00,2022-09-04,15,KERNOIL_1_N012,KERNOIL_1_N012,KERNOIL_1_N012,RTPD,MCE,LMP_ENE_PRC,KERNOIL_1_N012,ALL,1,101.84583,1,198
2022-09-04T22:00:00-00:00,2022-09-04T22:15:00-00:00,2022-09-04,16,KERNOIL_1_N012,KERNOIL_1_N012,KERNOIL_1_N012,RTPD,MCE,LMP_ENE_PRC,KERNOIL_1_N012,ALL,1,102.30289,1,198
2022-09-04T23:00:00-00:00,2022-09-04T23:15:00-00:00,2022-09-04,17,KERNOIL_1_N012,KERNOIL_1_N012,KERNOIL_1_N012,RTPD,MCE,LMP_ENE_PRC,KERNOIL_1_N012,ALL,1,105.66165,1,198
2022-09-05T00:00:00-00:00,2022-09-05T00:15:00-00:00,2022-09-04,18,KERNOIL_1_N012,KERNOIL_1_N012,KERNOIL_1_N012,RTPD,MCE,LMP_ENE_PRC,KERNOIL_1_N012,ALL,1,110.52872,1,198
2022-09-05T01:00:00-00:00,2022-09-05T01:15:00-00:00,2022-09-04,19,KERNOIL_1_N012,KERNOIL_1_N012,KERNOIL_1_N012,RTPD,MCE,LMP_ENE_PRC,KERNOIL_1_N012,ALL,1,160.46742,1,198
2022-09-05T02:00:00-00:00,2022-09-05T02:15:00-00:00,2022-09-04,20,KERNOIL_1_N012,KERNOIL_1_N012,KERNOIL_1_N012,RTPD,MCE,LMP_ENE_PRC,KERNOIL_1_N012,ALL,1,133.17627,1,198
2022-09-05T03:00:00-00:00,2022-09-05T03:15:00-00:00,2022-09-04,21,KERNOIL_1_N012,KERNOIL_1_N012,KERNOIL_1_N012,RTPD,MCE,LMP_ENE_PRC,KERNOIL_1_N012,ALL,1,137.62802,1,198
2022-09-05T04:00:00-00:00,2022-09-05T04:15:00-00:00,2022-09-04,22,KERNOIL_1_N012,KERNOIL_1_N012,KERNOIL_1_N012,RTPD,MCE,LMP_ENE_PRC,KERNOIL_1_N012,ALL,1,121.32223,1,198
2022-09-05T05:00:00-00:00,2022-09-05T05:15:00-00:00,2022-09-04,23,KERNOIL_1_N012,KERNOIL_1_N012,KERNOIL_1_N012,RTPD,MCE,LMP_ENE_PRC,KERNOIL_1_N012,ALL,1,138.27702,1,198
2022-09-05T06:00:00-00:00,2022-09-05T06:15:00-00:00,2022-09-04,24,KERNOIL_1_N012,KERNOIL_1_N012,KERNOIL_1_N012,RTPD,MCE,LMP_ENE_PRC,KERNOIL_1_N012,ALL,1,126.47824,1,198
2022-09-04T07:15:00-00:00,2022-09-04T07:30:00-00:00,2022-09-04,01,KERNOIL_1_N012,KERNOIL_1_N012,KERNOIL_1_N012,RTPD,MCE,LMP_ENE_PRC,KERNOIL_1_N012,ALL,1,98.33878,2,198
2022-09-04T08:15:00-00:00,2022-09-04T08:30:00-00:00,2022-09-04,02,KERNOIL_1_N012,KERNOIL_1_N012,KERNOIL_1_N012,RTPD,MCE,LMP_ENE_PRC,KERNOIL_1_N012,ALL,1,96.4335,2,198
2022-09-04T09:15:00-00:00,2022-09-04T09:30:00-00:00,2022-09-04,03,KERNOIL_1_N012,KERNOIL_1_N012,KERNOIL_1_N012,RTPD,MCE,LMP_ENE_PRC,KERNOIL_1_N012,ALL,1,85.33245,2,198
2022-09-04T10:15:00-00:00,2022-09-04T10:30:00-00:00,2022-09-04,04,KERNOIL_1_N012,KERNOIL_1_N012,KERNOIL_1_N012,RTPD,MCE,LMP_ENE_PRC,KERNOIL_1_N012,ALL,1,86.06959,2,198
2022-09-04T11:15:00-00:00,2022-09-04T11:30:00-00:00,2022-09-04,05,KERNOIL_1_N012,KERNOIL_1_N012,KERNOIL_1_N012,RTPD,MCE,LMP_ENE_PRC,KERNOIL_1_N012,ALL,1,82.18044,2,198
2022-09-04T12:15:00-00:00,2022-09-04T12:30:00-00:00,2022-09-04,06,KERNOIL_1_N012,KERNOIL_1_N012,KERNOIL_1_N012,RTPD,MCE,LMP_ENE_PRC,KERNOIL_1_N012,ALL,1,83.35782,2,198
2022-09-04T13:15:00-00:00,2022-09-04T13:30:00-00:00,2022-09-04,07,KERNOIL_1_N012,KERNOIL_1_N012,KERNOIL_1_N012,RTPD,MCE,LMP_ENE_PRC,KERNOIL_1_N012,ALL,1,70.93534,2,198
2022-09-04T14:15:00-00:00,2022-09-04T14:30:00-00:00,2022-09-04,08,KERNOIL_1_N012,KERNOIL_1_N012,KERNOIL_1_N012,RTPD,MCE,LMP_ENE_PRC,KERNOIL_1_N012,ALL,1,76.97029,2,198
2022-09-04T15:15:00-00:00,2022-09-04T15:30:00-00:00,2022-09-04,09,KERNOIL_1_N012,KERNOIL_1_N012,KERNOIL_1_N012,RTPD,MCE,LMP_ENE_PRC,KERNOIL_1_N012,ALL,1,66.57465,2,198
2022-09-04T16:15:00-00:00,2022-09-04T16:30:00-00:00,2022-09-04,10,KERNOIL_1_N012,KERNOIL_1_N012,KERNOIL_1_N012,RTPD,MCE,LMP_ENE_PRC,KERNOIL_1_N012,ALL,1,52.1482,2,198
2022-09-04T17:15:00-00:00,2022-09-04T17:30:00-00:00,2022-09-04,11,KERNOIL_1_N012,KERNOIL_1_N012,KERNOIL_1_N012,RTPD,MCE,LMP_ENE_PRC,KERNOIL_1_N012,ALL,1,69.2657,2,198
2022-09-04T18:15:00-00:00,2022-09-04T18:30:00-00:00,2022-09-04,12,KERNOIL_1_N012,KERNOIL_1_N012,KERNOIL_1_N012,RTPD,MCE,LMP_ENE_PRC,KERNOIL_1_N012,ALL,1,73.93472,2,198
2022-09-04T19:15:00-00:00,2022-09-04T19:30:00-00:00,2022-09-04,13,KERNOIL_1_N012,KERNOIL_1_N012,KERNOIL_1_N012,RTPD,MCE,LMP_ENE_PRC,KERNOIL_1_N012,ALL,1,86.63525,2,198
2022-09-04T20:15:00-00:00,2022-09-04T20:30:00-00:00,2022-09-04,14,KERNOIL_1_N012,KERNOIL_1_N012,KERNOIL_1_N012,RTPD,MCE,LMP_ENE_PRC,KERNOIL_1_N012,ALL,1,89.19764,2,198
2022-09-04T21:15:00-00:00,2022-09-04T21:30:00-00:00,2022-09-04,15,KERNOIL_1_N012,KERNOIL_1_N012,KERNOIL_1_N012,RTPD,MCE,LMP_ENE_PRC,KERNOIL_1_N012,ALL,1,111.99711,2,198
2022-09-04T22:15:00-00:00,2022-09-04T22:30:00-00:00,2022-09-04,16,KERNOIL_1_N012,KERNOIL_1_N012,KERNOIL_1_N012,RTPD,MCE,LMP_ENE_PRC,KERNOIL_1_N012,ALL,1,105.68133,2,198
2022-09-04T23:15:00-00:00,2022-09-04T23:30:00-00:00,2022-09-04,17,KERNOIL_1_N012,KERNOIL_1_N012,KERNOIL_1_N012,RTPD,MCE,LMP_ENE_PRC,KERNOIL_1_N012,ALL,1,106.64397,2,198
2022-09-05T00:15:00-00:00,2022-09-05T00:30:00-00:00,2022-09-04,18,KERNOIL_1_N012,KERNOIL_1_N012,KERNOIL_1_N012,RTPD,MCE,LMP_ENE_PRC,KERNOIL_1_N012,ALL,1,185.7071,2,198
2022-09-05T01:15:00-00:00,2022-09-05T01:30:00-00:00,2022-09-04,19,KERNOIL_1_N012,KERNOIL_1_N012,KERNOIL_1_N012,RTPD,MCE,LMP_ENE_PRC,KERNOIL_1_N012,ALL,1,283.75967,2,198
2022-09-05T02:15:00-00:00,2022-09-05T02:30:00-00:00,2022-09-04,20,KERNOIL_1_N012,KERNOIL_1_N012,KERNOIL_1_N012,RTPD,MCE,LMP_ENE_PRC,KERNOIL_1_N012,ALL,1,138.21387,2,198
2022-09-05T03:15:00-00:00,2022-09-05T03:30:00-00:00,2022-09-04,21,KERNOIL_1_N012,KERNOIL_1_N012,KERNOIL_1_N012,RTPD,MCE,LMP_ENE_PRC,KERNOIL_1_N012,ALL,1,125.70521,2,198
2022-09-05T04:15:00-00:00,2022-09-05T04:30:00-00:00,2022-09-04,22,KERNOIL_1_N012,KERNOIL_1_N012,KERNOIL_1_N012,RTPD,MCE,LMP_ENE_PRC,KERNOIL_1_N012,ALL,1,118.54421,2,198
2022-09-05T05:15:00-00:00,2022-09-05T05:30:00-00:00,2022-09-04,23,KERNOIL_1_N012,KERNOIL_1_N012,KERNOIL_1_N012,RTPD,MCE,LMP_ENE_PRC,KERNOIL_1_N012,ALL,1,140.66483,2,198
2022-09-05T06:15:00-00:00,2022-09-05T06:30:00-00:00,2022-09-04,24,KERNOIL_1_N012,KERNOIL_1_N012,KERNOIL_1_N012,RTPD,MCE,LMP_ENE_PRC,KERNOIL_1_N012,ALL,1,115.0785,2,198
2022-09-04T07:30:00-00:00,2022-09-04T07:45:00-00:00,2022-09-04,01,KERNOIL_1_N012,KERNOIL_1_N012,KERNOIL_1_N012,RTPD,MCE,LMP_ENE_PRC,KERNOIL_1_N012,ALL,1,93.67897,3,198
2022-09-04T08:30:00-00:00,2022-09-04T08:45:00-00:00,2022-09-04,02,KERNOIL_1_N012,KERNOIL_1_N012,KERNOIL_1_N012,RTPD,MCE,LMP_ENE_PRC,KERNOIL_1_N012,ALL,1,89.3153,3,198
2022-09-04T09:30:00-00:00,2022-09-04T09:45:00-00:00,2022-09-04,03,KERNOIL_1_N012,KERNOIL_1_N012,KERNOIL_1_N012,RTPD,MCE,LMP_ENE_PRC,KERNOIL_1_N012,ALL,1,82.76979,3,198
2022-09-04T10:30:00-00:00,2022-09-04T10:45:00-00:00,2022-09-04,04,KERNOIL_1_N012,KERNOIL_1_N012,KERNOIL_1_N012,RTPD,MCE,LMP_ENE_PRC,KERNOIL_1_N012,ALL,1,85.2941,3,198
2022-09-04T11:30:00-00:00,2022-09-04T11:45:00-00:00,2022-09-04,05,KERNOIL_1_N012,KERNOIL_1_N012,KERNOIL_1_N012,RTPD,MCE,LMP_ENE_PRC,KERNOIL_1_N012,ALL,1,81.7171,3,198
2022-09-04T12:30:00-00:00,2022-09-04T12:45:00-00:00,2022-09-04,06,KERNOIL_1_N012,KERNOIL_1_N012,KERNOIL_1_N012,RTPD,MCE,LMP_ENE_PRC,KERNOIL_1_N012,ALL,1,83.26354,3,198
2022-09-04T13:30:00-00:00,2022-09-04T13:45:00-00:00,2022-09-04,07,KERNOIL_1_N012,KERNOIL_1_N012,KERNOIL_1_N012,RTPD,MCE,LMP_ENE_PRC,KERNOIL_1_N012,ALL,1,69.8817,3,198
2022-09-04T14:30:00-00:00,2022-09-04T14:45:00-00:00,2022-09-04,08,KERNOIL_1_N012,KERNOIL_1_N012,KERNOIL_1_N012,RTPD,MCE,LMP_ENE_PRC,KERNOIL_1_N012,ALL,1,74.54818,3,198
2022-09-04T15:30:00-00:00,2022-09-04T15:45:00-00:00,2022-09-04,09,KERNOIL_1_N012,KERNOIL_1_N012,KERNOIL_1_N012,RTPD,MCE,LMP_ENE_PRC,KERNOIL_1_N012,ALL,1,58.25037,3,198
2022-09-04T16:30:00-00:00,2022-09-04T16:45:00-00:00,2022-09-04,10,KERNOIL_1_N012,KERNOIL_1_N012,KERNOIL_1_N012,RTPD,MCE,LMP_ENE_PRC,KERNOIL_1_N012,ALL,1,54.84481,3,198
2022-09-04T17:30:00-00:00,2022-09-04T17:45:00-00:00,2022-09-04,11,KERNOIL_1_N012,KERNOIL_1_N012,KERNOIL_1_N012,RTPD,MCE,LMP_ENE_PRC,KERNOIL_1_N012,ALL,1,69.84671,3,198
2022-09-04T18:30:00-00:00,2022-09-04T18:45:00-00:00,2022-09-04,12,KERNOIL_1_N012,KERNOIL_1_N012,KERNOIL_1_N012,RTPD,MCE,LMP_ENE_PRC,KERNOIL_1_N012,ALL,1,86.95818,3,198
2022-09-04T19:30:00-00:00,2022-09-04T19:45:00-00:00,2022-09-04,13,KERNOIL_1_N012,KERNOIL_1_N012,KERNOIL_1_N012,RTPD,MCE,LMP_ENE_PRC,KERNOIL_1_N012,ALL,1,102.56183,3,198
2022-09-04T20:30:00-00:00,2022-09-04T20:45:00-00:00,2022-09-04,14,KERNOIL_1_N012,KERNOIL_1_N012,KERNOIL_1_N012,RTPD,MCE,LMP_ENE_PRC,KERNOIL_1_N012,ALL,1,107.67463,3,198
2022-09-04T21:30:00-00:00,2022-09-04T21:45:00-00:00,2022-09-04,15,KERNOIL_1_N012,KERNOIL_1_N012,KERNOIL_1_N012,RTPD,MCE,LMP_ENE_PRC,KERNOIL_1_N012,ALL,1,108.01974,3,198
2022-09-04T22:30:00-00:00,2022-09-04T22:45:00-00:00,2022-09-04,16,KERNOIL_1_N012,KERNOIL_1_N012,KERNOIL_1_N012,RTPD,MCE,LMP_ENE_PRC,KERNOIL_1_N012,ALL,1,114.08273,3,198
2022-09-04T23:30:00-00:00,2022-09-04T23:45:00-00:00,2022-09-04,17,KERNOIL_1_N012,KERNOIL_1_N012,KERNOIL_1_N012,RTPD,MCE,LMP_ENE_PRC,KERNOIL_1_N012,ALL,1,113.23912,3,198
2022-09-05T00:30:00-00:00,2022-09-05T00:45:00-00:00,2022-09-04,18,KERNOIL_1_N012,KERNOIL_1_N012,KERNOIL_1_N012,RTPD,MCE,LMP_ENE_PRC,KERNOIL_1_N012,ALL,1,146.1893,3,198
2022-09-05T01:30:00-00:00,2022-09-05T01:45:00-00:00,2022-09-04,19,KERNOIL_1_N012,KERNOIL_1_N012,KERNOIL_1_N012,RTPD,MCE,LMP_ENE_PRC,KERNOIL_1_N012,ALL,1,899.31366,3,198
2022-09-05T02:30:00-00:00,2022-09-05T02:45:00-00:00,2022-09-04,20,KERNOIL_1_N012,KERNOIL_1_N012,KERNOIL_1_N012,RTPD,MCE,LMP_ENE_PRC,KERNOIL_1_N012,ALL,1,124.31294,3,198
2022-09-05T03:30:00-00:00,2022-09-05T03:45:00-00:00,2022-09-04,21,KERNOIL_1_N012,KERNOIL_1_N012,KERNOIL_1_N012,RTPD,MCE,LMP_ENE_PRC,KERNOIL_1_N012,ALL,1,120.65321,3,198
2022-09-05T04:30:00-00:00,2022-09-05T04:45:00-00:00,2022-09-04,22,KERNOIL_1_N012,KERNOIL_1_N012,KERNOIL_1_N012,RTPD,MCE,LMP_ENE_PRC,KERNOIL_1_N012,ALL,1,117.97055,3,198
2022-09-05T05:30:00-00:00,2022-09-05T05:45:00-00:00,2022-09-04,23,KERNOIL_1_N012,KERNOIL_1_N012,KERNOIL_1_N012,RTPD,MCE,LMP_ENE_PRC,KERNOIL_1_N012,ALL,1,123.73156,3,198
2022-09-05T06:30:00-00:00,2022-09-05T06:45:00-00:00,2022-09-04,24,KERNOIL_1_N012,KERNOIL_1_N012,KERNOIL_1_N012,RTPD,MCE,LMP_ENE_PRC,KERNOIL_1_N012,ALL,1,91.1478,3,198
2022-09-04T07:45:00-00:00,2022-09-04T08:00:00-00:00,2022-09-04,01,KERNOIL_1_N012,KERNOIL_1_N012,KERNOIL_1_N012,RTPD,MCE,LMP_ENE_PRC,KERNOIL_1_N012,ALL,1,84.62068,4,198
2022-09-04T08:45:00-00:00,2022-09-04T09:00:00-00:00,2022-09-04,02,KERNOIL_1_N012,KERNOIL_1_N012,KERNOIL_1_N012,RTPD,MCE,LMP_ENE_PRC,KERNOIL_1_N012,ALL,1,80.89122,4,198
2022-09-04T09:45:00-00:00,2022-09-04T10:00:00-00:00,2022-09-04,03,KERNOIL_1_N012,KERNOIL_1_N012,KERNOIL_1_N012,RTPD,MCE,LMP_ENE_PRC,KERNOIL_1_N012,ALL,1,77.90501,4,198
2022-09-04T10:45:00-00:00,2022-09-04T11:00:00-00:00,2022-09-04,04,KERNOIL_1_N012,KERNOIL_1_N012,KERNOIL_1_N012,RTPD,MCE,LMP_ENE_PRC,KERNOIL_1_N012,ALL,1,80.46249,4,198
2022-09-04T11:45:00-00:00,2022-09-04T12:00:00-00:00,2022-09-04,05,KERNOIL_1_N012,KERNOIL_1_N012,KERNOIL_1_N012,RTPD,MCE,LMP_ENE_PRC,KERNOIL_1_N012,ALL,1,79.81742,4,198
2022-09-04T12:45:00-00:00,2022-09-04T13:00:00-00:00,2022-09-04,06,KERNOIL_1_N012,KERNOIL_1_N012,KERNOIL_1_N012,RTPD,MCE,LMP_ENE_PRC,KERNOIL_1_N012,ALL,1,81.5519,4,198
2022-09-04T13:45:00-00:00,2022-09-04T14:00:00-00:00,2022-09-04,07,KERNOIL_1_N012,KERNOIL_1_N012,KERNOIL_1_N012,RTPD,MCE,LMP_ENE_PRC,KERNOIL_1_N012,ALL,1,60.75904,4,198
2022-09-04T14:45:00-00:00,2022-09-04T15:00:00-00:00,2022-09-04,08,KERNOIL_1_N012,KERNOIL_1_N012,KERNOIL_1_N012,RTPD,MCE,LMP_ENE_PRC,KERNOIL_1_N012,ALL,1,53.37606,4,198
2022-09-04T15:45:00-00:00,2022-09-04T16:00:00-00:00,2022-09-04,09,KERNOIL_1_N012,KERNOIL_1_N012,KERNOIL_1_N012,RTPD,MCE,LMP_ENE_PRC,KERNOIL_1_N012,ALL,1,41.51812,4,198
2022-09-04T16:45:00-00:00,2022-09-04T17:00:00-00:00,2022-09-04,10,KERNOIL_1_N012,KERNOIL_1_N012,KERNOIL_1_N012,RTPD,MCE,LMP_ENE_PRC,KERNOIL_1_N012,ALL,1,56.27322,4,198
2022-09-04T17:45:00-00:00,2022-09-04T18:00:00-00:00,2022-09-04,11,KERNOIL_1_N012,KERNOIL_1_N012,KERNOIL_1_N012,RTPD,MCE,LMP_ENE_PRC,KERNOIL_1_N012,ALL,1,80.41392,4,198
2022-09-04T18:45:00-00:00,2022-09-04T19:00:00-00:00,2022-09-04,12,KERNOIL_1_N012,KERNOIL_1_N012,KERNOIL_1_N012,RTPD,MCE,LMP_ENE_PRC,KERNOIL_1_N012,ALL,1,91.88616,4,198
2022-09-04T19:45:00-00:00,2022-09-04T20:00:00-00:00,2022-09-04,13,KERNOIL_1_N012,KERNOIL_1_N012,KERNOIL_1_N012,RTPD,MCE,LMP_ENE_PRC,KERNOIL_1_N012,ALL,1,99.49507,4,198
2022-09-04T20:45:00-00:00,2022-09-04T21:00:00-00:00,2022-09-04,14,KERNOIL_1_N012,KERNOIL_1_N012,KERNOIL_1_N012,RTPD,MCE,LMP_ENE_PRC,KERNOIL_1_N012,ALL,1,111.03904,4,198
2022-09-04T21:45:00-00:00,2022-09-04T22:00:00-00:00,2022-09-04,15,KERNOIL_1_N012,KERNOIL_1_N012,KERNOIL_1_N012,RTPD,MCE,LMP_ENE_PRC,KERNOIL_1_N012,ALL,1,139.43553,4,198
2022-09-04T22:45:00-00:00,2022-09-04T23:00:00-00:00,2022-09-04,16,KERNOIL_1_N012,KERNOIL_1_N012,KERNOIL_1_N012,RTPD,MCE,LMP_ENE_PRC,KERNOIL_1_N012,ALL,1,143.70679,4,198
2022-09-04T23:45:00-00:00,2022-09-05T00:00:00-00:00,2022-09-04,17,KERNOIL_1_N012,KERNOIL_1_N012,KERNOIL_1_N012,RTPD,MCE,LMP_ENE_PRC,KERNOIL_1_N012,ALL,1,173.92435,4,198
2022-09-05T00:45:00-00:00,2022-09-05T01:00:00-00:00,2022-09-04,18,KERNOIL_1_N012,KERNOIL_1_N012,KERNOIL_1_N012,RTPD,MCE,LMP_ENE_PRC,KERNOIL_1_N012,ALL,1,342.64575,4,198
2022-09-05T01:45:00-00:00,2022-09-05T02:00:00-00:00,2022-09-04,19,KERNOIL_1_N012,KERNOIL_1_N012,KERNOIL_1_N012,RTPD,MCE,LMP_ENE_PRC,KERNOIL_1_N012,ALL,1,793.1877,4,198
2022-09-05T02:45:00-00:00,2022-09-05T03:00:00-00:00,2022-09-04,20,KERNOIL_1_N012,KERNOIL_1_N012,KERNOIL_1_N012,RTPD,MCE,LMP_ENE_PRC,KERNOIL_1_N012,ALL,1,113.80091,4,198
2022-09-05T03:45:00-00:00,2022-09-05T04:00:00-00:00,2022-09-04,21,KERNOIL_1_N012,KERNOIL_1_N012,KERNOIL_1_N012,RTPD,MCE,LMP_ENE_PRC,KERNOIL_1_N012,ALL,1,108.55133,4,198
2022-09-05T04:45:00-00:00,2022-09-05T05:00:00-00:00,2022-09-04,22,KERNOIL_1_N012,KERNOIL_1_N012,KERNOIL_1_N012,RTPD,MCE,LMP_ENE_PRC,KERNOIL_1_N012,ALL,1,109.13516,4,198
2022-09-05T05:45:00-00:00,2022-09-05T06:00:00-00:00,2022-09-04,23,KERNOIL_1_N012,KERNOIL_1_N012,KERNOIL_1_N012,RTPD,MCE,LMP_ENE_PRC,KERNOIL_1_N012,ALL,1,95.38478,4,198
2022-09-05T06:45:00-00:00,2022-09-05T07:00:00-00:00,2022-09-04,24,KERNOIL_1_N012,KERNOIL_1_N012,KERNOIL_1_N012,RTPD,MCE,LMP_ENE_PRC,KERNOIL_1_N012,ALL,1,84.93478,4,198
2022-09-04T07:00:00-00:00,2022-09-04T07:15:00-00:00,2022-09-04,01,KERNOIL_1_N012,KERNOIL_1_N012,KERNOIL_1_N012,RTPD,MCL,LMP_LOSS_PRC,KERNOIL_1_N012,ALL,1,7.97515,1,199
2022-09-04T08:00:00-00:00,2022-09-04T08:15:00-00:00,2022-09-04,02,KERNOIL_1_N012,KERNOIL_1_N012,KERNOIL_1_N012,RTPD,MCL,LMP_LOSS_PRC,KERNOIL_1_N012,ALL,1,0,1,199
2022-09-04T09:00:00-00:00,2022-09-04T09:15:00-00:00,2022-09-04,03,KERNOIL_1_N012,KERNOIL_1_N012,KERNOIL_1_N012,RTPD,MCL,LMP_LOSS_PRC,KERNOIL_1_N012,ALL,1,0,1,199
2022-09-04T10:00:00-00:00,2022-09-04T10:15:00-00:00,2022-09-04,04,KERNOIL_1_N012,KERNOIL_1_N012,KERNOIL_1_N012,RTPD,MCL,LMP_LOSS_PRC,KERNOIL_1_N012,ALL,1,6.62782,1,199
2022-09-04T11:00:00-00:00,2022-09-04T11:15:00-00:00,2022-09-04,05,KERNOIL_1_N012,KERNOIL_1_N012,KERNOIL_1_N012,RTPD,MCL,LMP_LOSS_PRC,KERNOIL_1_N012,ALL,1,5.88642,1,199
2022-09-04T12:00:00-00:00,2022-09-04T12:15:00-00:00,2022-09-04,06,KERNOIL_1_N012,KERNOIL_1_N012,KERNOIL_1_N012,RTPD,MCL,LMP_LOSS_PRC,KERNOIL_1_N012,ALL,1,6.20141,1,199
2022-09-04T13:00:00-00:00,2022-09-04T13:15:00-00:00,2022-09-04,07,KERNOIL_1_N012,KERNOIL_1_N012,KERNOIL_1_N012,RTPD,MCL,LMP_LOSS_PRC,KERNOIL_1_N012,ALL,1,5.79234,1,199
2022-09-04T14:00:00-00:00,2022-09-04T14:15:00-00:00,2022-09-04,08,KERNOIL_1_N012,KERNOIL_1_N012,KERNOIL_1_N012,RTPD,MCL,LMP_LOSS_PRC,KERNOIL_1_N012,ALL,1,6.24649,1,199
2022-09-04T15:00:00-00:00,2022-09-04T15:15:00-00:00,2022-09-04,09,KERNOIL_1_N012,KERNOIL_1_N012,KERNOIL_1_N012,RTPD,MCL,LMP_LOSS_PRC,KERNOIL_1_N012,ALL,1,3.45999,1,199
2022-09-04T16:00:00-00:00,2022-09-04T16:15:00-00:00,2022-09-04,10,KERNOIL_1_N012,KERNOIL_1_N012,KERNOIL_1_N012,RTPD,MCL,LMP_LOSS_PRC,KERNOIL_1_N012,ALL,1,1.5203,1,199
2022-09-04T17:00:00-00:00,2022-09-04T17:15:00-00:00,2022-09-04,11,KERNOIL_1_N012,KERNOIL_1_N012,KERNOIL_1_N012,RTPD,MCL,LMP_LOSS_PRC,KERNOIL_1_N012,ALL,1,2.26352,1,199
2022-09-04T18:00:00-00:00,2022-09-04T18:15:00-00:00,2022-09-04,12,KERNOIL_1_N012,KERNOIL_1_N012,KERNOIL_1_N012,RTPD,MCL,LMP_LOSS_PRC,KERNOIL_1_N012,ALL,1,2.25065,1,199
2022-09-04T19:00:00-00:00,2022-09-04T19:15:00-00:00,2022-09-04,13,KERNOIL_1_N012,KERNOIL_1_N012,KERNOIL_1_N012,RTPD,MCL,LMP_LOSS_PRC,KERNOIL_1_N012,ALL,1,3.55701,1,199
2022-09-04T20:00:00-00:00,2022-09-04T20:15:00-00:00,2022-09-04,14,KERNOIL_1_N012,KERNOIL_1_N012,KERNOIL_1_N012,RTPD,MCL,LMP_LOSS_PRC,KERNOIL_1_N012,ALL,1,4.98043,1,199
2022-09-04T21:00:00-00:00,2022-09-04T21:15:00-00:00,2022-09-04,15,KERNOIL_1_N012,KERNOIL_1_N012,KERNOIL_1_N012,RTPD,MCL,LMP_LOSS_PRC,KERNOIL_1_N012,ALL,1,5.25525,1,199
2022-09-04T22:00:00-00:00,2022-09-04T22:15:00-00:00,2022-09-04,16,KERNOIL_1_N012,KERNOIL_1_N012,KERNOIL_1_N012,RTPD,MCL,LMP_LOSS_PRC,KERNOIL_1_N012,ALL,1,5.22768,1,199
2022-09-04T23:00:00-00:00,2022-09-04T23:15:00-00:00,2022-09-04,17,KERNOIL_1_N012,KERNOIL_1_N012,KERNOIL_1_N012,RTPD,MCL,LMP_LOSS_PRC,KERNOIL_1_N012,ALL,1,0,1,199
2022-09-05T00:00:00-00:00,2022-09-05T00:15:00-00:00,2022-09-04,18,KERNOIL_1_N012,KERNOIL_1_N012,KERNOIL_1_N012,RTPD,MCL,LMP_LOSS_PRC,KERNOIL_1_N012,ALL,1,7.89175,1,199
2022-09-05T01:00:00-00:00,2022-09-05T01:15:00-00:00,2022-09-04,19,KERNOIL_1_N012,KERNOIL_1_N012,KERNOIL_1_N012,RTPD,MCL,LMP_LOSS_PRC,KERNOIL_1_N012,ALL,1,11.37714,1,199
2022-09-05T02:00:00-00:00,2022-09-05T02:15:00-00:00,2022-09-04,20,KERNOIL_1_N012,KERNOIL_1_N012,KERNOIL_1_N012,RTPD,MCL,LMP_LOSS_PRC,KERNOIL_1_N012,ALL,1,9.18916,1,199
2022-09-05T03:00:00-00:00,2022-09-05T03:15:00-00:00,2022-09-04,21,KERNOIL_1_N012,KERNOIL_1_N012,KERNOIL_1_N012,RTPD,MCL,LMP_LOSS_PRC,KERNOIL_1_N012,ALL,1,8.36778,1,199
2022-09-05T04:00:00-00:00,2022-09-05T04:15:00-00:00,2022-09-04,22,KERNOIL_1_N012,KERNOIL_1_N012,KERNOIL_1_N012,RTPD,MCL,LMP_LOSS_PRC,KERNOIL_1_N012,ALL,1,7.04882,1,199
2022-09-05T05:00:00-00:00,2022-09-05T05:15:00-00:00,2022-09-04,23,KERNOIL_1_N012,KERNOIL_1_N012,KERNOIL_1_N012,RTPD,MCL,LMP_LOSS_PRC,KERNOIL_1_N012,ALL,1,8.94652,1,199
2022-09-05T06:00:00-00:00,2022-09-05T06:15:00-00:00,2022-09-04,24,KERNOIL_1_N012,KERNOIL_1_N012,KERNOIL_1_N012,RTPD,MCL,LMP_LOSS_PRC,KERNOIL_1_N012,ALL,1,8.4361,1,199
2022-09-04T07:15:00-00:00,2022-09-04T07:30:00-00:00,2022-09-04,01,KERNOIL_1_N012,KERNOIL_1_N012,KERNOIL_1_N012,RTPD,MCL,LMP_LOSS_PRC,KERNOIL_1_N012,ALL,1,7.55242,2,199
2022-09-04T08:15:00-00:00,2022-09-04T08:30:00-00:00,2022-09-04,02,KERNOIL_1_N012,KERNOIL_1_N012,KERNOIL_1_N012,RTPD,MCL,LMP_LOSS_PRC,KERNOIL_1_N012,ALL,1,0,2,199
2022-09-04T09:15:00-00:00,2022-09-04T09:30:00-00:00,2022-09-04,03,KERNOIL_1_N012,KERNOIL_1_N012,KERNOIL_1_N012,RTPD,MCL,LMP_LOSS_PRC,KERNOIL_1_N012,ALL,1,0,2,199
2022-09-04T10:15:00-00:00,2022-09-04T10:30:00-00:00,2022-09-04,04,KERNOIL_1_N012,KERNOIL_1_N012,KERNOIL_1_N012,RTPD,MCL,LMP_LOSS_PRC,KERNOIL_1_N012,ALL,1,6.28308,2,199
2022-09-04T11:15:00-00:00,2022-09-04T11:30:00-00:00,2022-09-04,05,KERNOIL_1_N012,KERNOIL_1_N012,KERNOIL_1_N012,RTPD,MCL,LMP_LOSS_PRC,KERNOIL_1_N012,ALL,1,5.84303,2,199
2022-09-04T12:15:00-00:00,2022-09-04T12:30:00-00:00,2022-09-04,06,KERNOIL_1_N012,KERNOIL_1_N012,KERNOIL_1_N012,RTPD,MCL,LMP_LOSS_PRC,KERNOIL_1_N012,ALL,1,6.16014,2,199
2022-09-04T13:15:00-00:00,2022-09-04T13:30:00-00:00,2022-09-04,07,KERNOIL_1_N012,KERNOIL_1_N012,KERNOIL_1_N012,RTPD,MCL,LMP_LOSS_PRC,KERNOIL_1_N012,ALL,1,5.55424,2,199
2022-09-04T14:15:00-00:00,2022-09-04T14:30:00-00:00,2022-09-04,08,KERNOIL_1_N012,KERNOIL_1_N012,KERNOIL_1_N012,RTPD,MCL,LMP_LOSS_PRC,KERNOIL_1_N012,ALL,1,5.34174,2,199
2022-09-04T15:15:00-00:00,2022-09-04T15:30:00-00:00,2022-09-04,09,KERNOIL_1_N012,KERNOIL_1_N012,KERNOIL_1_N012,RTPD,MCL,LMP_LOSS_PRC,KERNOIL_1_N012,ALL,1,2.68296,2,199
2022-09-04T16:15:00-00:00,2022-09-04T16:30:00-00:00,2022-09-04,10,KERNOIL_1_N012,KERNOIL_1_N012,KERNOIL_1_N012,RTPD,MCL,LMP_LOSS_PRC,KERNOIL_1_N012,ALL,1,1.5488,2,199
2022-09-04T17:15:00-00:00,2022-09-04T17:30:00-00:00,2022-09-04,11,KERNOIL_1_N012,KERNOIL_1_N012,KERNOIL_1_N012,RTPD,MCL,LMP_LOSS_PRC,KERNOIL_1_N012,ALL,1,2.47279,2,199
2022-09-04T18:15:00-00:00,2022-09-04T18:30:00-00:00,2022-09-04,12,KERNOIL_1_N012,KERNOIL_1_N012,KERNOIL_1_N012,RTPD,MCL,LMP_LOSS_PRC,KERNOIL_1_N012,ALL,1,2.46203,2,199
2022-09-04T19:15:00-00:00,2022-09-04T19:30:00-00:00,2022-09-04,13,KERNOIL_1_N012,KERNOIL_1_N012,KERNOIL_1_N012,RTPD,MCL,LMP_LOSS_PRC,KERNOIL_1_N012,ALL,1,4.00255,2,199
2022-09-04T20:15:00-00:00,2022-09-04T20:30:00-00:00,2022-09-04,14,KERNOIL_1_N012,KERNOIL_1_N012,KERNOIL_1_N012,RTPD,MCL,LMP_LOSS_PRC,KERNOIL_1_N012,ALL,1,4.91479,2,199
2022-09-04T21:15:00-00:00,2022-09-04T21:30:00-00:00,2022-09-04,15,KERNOIL_1_N012,KERNOIL_1_N012,KERNOIL_1_N012,RTPD,MCL,LMP_LOSS_PRC,KERNOIL_1_N012,ALL,1,6.26064,2,199
2022-09-04T22:15:00-00:00,2022-09-04T22:30:00-00:00,2022-09-04,16,KERNOIL_1_N012,KERNOIL_1_N012,KERNOIL_1_N012,RTPD,MCL,LMP_LOSS_PRC,KERNOIL_1_N012,ALL,1,5.78077,2,199
2022-09-04T23:15:00-00:00,2022-09-04T23:30:00-00:00,2022-09-04,17,KERNOIL_1_N012,KERNOIL_1_N012,KERNOIL_1_N012,RTPD,MCL,LMP_LOSS_PRC,KERNOIL_1_N012,ALL,1,0,2,199
2022-09-05T00:15:00-00:00,2022-09-05T00:30:00-00:00,2022-09-04,18,KERNOIL_1_N012,KERNOIL_1_N012,KERNOIL_1_N012,RTPD,MCL,LMP_LOSS_PRC,KERNOIL_1_N012,ALL,1,15.07942,2,199
2022-09-05T01:15:00-00:00,2022-09-05T01:30:00-00:00,2022-09-04,19,KERNOIL_1_N012,KERNOIL_1_N012,KERNOIL_1_N012,RTPD,MCL,LMP_LOSS_PRC,KERNOIL_1_N012,ALL,1,21.05497,2,199
2022-09-05T02:15:00-00:00,2022-09-05T02:30:00-00:00,2022-09-04,20,KERNOIL_1_N012,KERNOIL_1_N012,KERNOIL_1_N012,RTPD,MCL,LMP_LOSS_PRC,KERNOIL_1_N012,ALL,1,9.96522,2,199
2022-09-05T03:15:00-00:00,2022-09-05T03:30:00-00:00,2022-09-04,21,KERNOIL_1_N012,KERNOIL_1_N012,KERNOIL_1_N012,RTPD,MCL,LMP_LOSS_PRC,KERNOIL_1_N012,ALL,1,7.54231,2,199
2022-09-05T04:15:00-00:00,2022-09-05T04:30:00-00:00,2022-09-04,22,KERNOIL_1_N012,KERNOIL_1_N012,KERNOIL_1_N012,RTPD,MCL,LMP_LOSS_PRC,KERNOIL_1_N012,ALL,1,6.88742,2,199
2022-09-05T05:15:00-00:00,2022-09-05T05:30:00-00:00,2022-09-04,23,KERNOIL_1_N012,KERNOIL_1_N012,KERNOIL_1_N012,RTPD,MCL,LMP_LOSS_PRC,KERNOIL_1_N012,ALL,1,8.87595,2,199
2022-09-05T06:15:00-00:00,2022-09-05T06:30:00-00:00,2022-09-04,24,KERNOIL_1_N012,KERNOIL_1_N012,KERNOIL_1_N012,RTPD,MCL,LMP_LOSS_PRC,KERNOIL_1_N012,ALL,1,7.54915,2,199
2022-09-04T07:30:00-00:00,2022-09-04T07:45:00-00:00,2022-09-04,01,KERNOIL_1_N012,KERNOIL_1_N012,KERNOIL_1_N012,RTPD,MCL,LMP_LOSS_PRC,KERNOIL_1_N012,ALL,1,7.26949,3,199
2022-09-04T08:30:00-00:00,2022-09-04T08:45:00-00:00,2022-09-04,02,KERNOIL_1_N012,KERNOIL_1_N012,KERNOIL_1_N012,RTPD,MCL,LMP_LOSS_PRC,KERNOIL_1_N012,ALL,1,0,3,199
2022-09-04T09:30:00-00:00,2022-09-04T09:45:00-00:00,2022-09-04,03,KERNOIL_1_N012,KERNOIL_1_N012,KERNOIL_1_N012,RTPD,MCL,LMP_LOSS_PRC,KERNOIL_1_N012,ALL,1,0,3,199
2022-09-04T10:30:00-00:00,2022-09-04T10:45:00-00:00,2022-09-04,04,KERNOIL_1_N012,KERNOIL_1_N012,KERNOIL_1_N012,RTPD,MCL,LMP_LOSS_PRC,KERNOIL_1_N012,ALL,1,6.19235,3,199
2022-09-04T11:30:00-00:00,2022-09-04T11:45:00-00:00,2022-09-04,05,KERNOIL_1_N012,KERNOIL_1_N012,KERNOIL_1_N012,RTPD,MCL,LMP_LOSS_PRC,KERNOIL_1_N012,ALL,1,5.76106,3,199
2022-09-04T12:30:00-00:00,2022-09-04T12:45:00-00:00,2022-09-04,06,KERNOIL_1_N012,KERNOIL_1_N012,KERNOIL_1_N012,RTPD,MCL,LMP_LOSS_PRC,KERNOIL_1_N012,ALL,1,6.22811,3,199
2022-09-04T13:30:00-00:00,2022-09-04T13:45:00-00:00,2022-09-04,07,KERNOIL_1_N012,KERNOIL_1_N012,KERNOIL_1_N012,RTPD,MCL,LMP_LOSS_PRC,KERNOIL_1_N012,ALL,1,5.4368,3,199
2022-09-04T14:30:00-00:00,2022-09-04T14:45:00-00:00,2022-09-04,08,KERNOIL_1_N012,KERNOIL_1_N012,KERNOIL_1_N012,RTPD,MCL,LMP_LOSS_PRC,KERNOIL_1_N012,ALL,1,4.67417,3,199
2022-09-04T15:30:00-00:00,2022-09-04T15:45:00-00:00,2022-09-04,09,KERNOIL_1_N012,KERNOIL_1_N012,KERNOIL_1_N012,RTPD,MCL,LMP_LOSS_PRC,KERNOIL_1_N012,ALL,1,2.01546,3,199
2022-09-04T16:30:00-00:00,2022-09-04T16:45:00-00:00,2022-09-04,10,KERNOIL_1_N012,KERNOIL_1_N012,KERNOIL_1_N012,RTPD,MCL,LMP_LOSS_PRC,KERNOIL_1_N012,ALL,1,1.60147,3,199
2022-09-04T17:30:00-00:00,2022-09-04T17:45:00-00:00,2022-09-04,11,KERNOIL_1_N012,KERNOIL_1_N012,KERNOIL_1_N012,RTPD,MCL,LMP_LOSS_PRC,KERNOIL_1_N012,ALL,1,2.75895,3,199
2022-09-04T18:30:00-00:00,2022-09-04T18:45:00-00:00,2022-09-04,12,KERNOIL_1_N012,KERNOIL_1_N012,KERNOIL_1_N012,RTPD,MCL,LMP_LOSS_PRC,KERNOIL_1_N012,ALL,1,2.83484,3,199
2022-09-04T19:30:00-00:00,2022-09-04T19:45:00-00:00,2022-09-04,13,KERNOIL_1_N012,KERNOIL_1_N012,KERNOIL_1_N012,RTPD,MCL,LMP_LOSS_PRC,KERNOIL_1_N012,ALL,1,5.06655,3,199
2022-09-04T20:30:00-00:00,2022-09-04T20:45:00-00:00,2022-09-04,14,KERNOIL_1_N012,KERNOIL_1_N012,KERNOIL_1_N012,RTPD,MCL,LMP_LOSS_PRC,KERNOIL_1_N012,ALL,1,6.16976,3,199
2022-09-04T21:30:00-00:00,2022-09-04T21:45:00-00:00,2022-09-04,15,KERNOIL_1_N012,KERNOIL_1_N012,KERNOIL_1_N012,RTPD,MCL,LMP_LOSS_PRC,KERNOIL_1_N012,ALL,1,6.12472,3,199
2022-09-04T22:30:00-00:00,2022-09-04T22:45:00-00:00,2022-09-04,16,KERNOIL_1_N012,KERNOIL_1_N012,KERNOIL_1_N012,RTPD,MCL,LMP_LOSS_PRC,KERNOIL_1_N012,ALL,1,5.95512,3,199
2022-09-04T23:30:00-00:00,2022-09-04T23:45:00-00:00,2022-09-04,17,KERNOIL_1_N012,KERNOIL_1_N012,KERNOIL_1_N012,RTPD,MCL,LMP_LOSS_PRC,KERNOIL_1_N012,ALL,1,0,3,199
2022-09-05T00:30:00-00:00,2022-09-05T00:45:00-00:00,2022-09-04,18,KERNOIL_1_N012,KERNOIL_1_N012,KERNOIL_1_N012,RTPD,MCL,LMP_LOSS_PRC,KERNOIL_1_N012,ALL,1,11.40277,3,199
2022-09-05T01:30:00-00:00,2022-09-05T01:45:00-00:00,2022-09-04,19,KERNOIL_1_N012,KERNOIL_1_N012,KERNOIL_1_N012,RTPD,MCL,LMP_LOSS_PRC,KERNOIL_1_N012,ALL,1,70.14647,3,199
2022-09-05T02:30:00-00:00,2022-09-05T02:45:00-00:00,2022-09-04,20,KERNOIL_1_N012,KERNOIL_1_N012,KERNOIL_1_N012,RTPD,MCL,LMP_LOSS_PRC,KERNOIL_1_N012,ALL,1,8.32897,3,199
2022-09-05T03:30:00-00:00,2022-09-05T03:45:00-00:00,2022-09-04,21,KERNOIL_1_N012,KERNOIL_1_N012,KERNOIL_1_N012,RTPD,MCL,LMP_LOSS_PRC,KERNOIL_1_N012,ALL,1,6.8531,3,199
2022-09-05T04:30:00-00:00,2022-09-05T04:45:00-00:00,2022-09-04,22,KERNOIL_1_N012,KERNOIL_1_N012,KERNOIL_1_N012,RTPD,MCL,LMP_LOSS_PRC,KERNOIL_1_N012,ALL,1,6.60635,3,199
2022-09-05T05:30:00-00:00,2022-09-05T05:45:00-00:00,2022-09-04,23,KERNOIL_1_N012,KERNOIL_1_N012,KERNOIL_1_N012,RTPD,MCL,LMP_LOSS_PRC,KERNOIL_1_N012,ALL,1,7.94357,3,199
2022-09-05T06:30:00-00:00,2022-09-05T06:45:00-00:00,2022-09-04,24,KERNOIL_1_N012,KERNOIL_1_N012,KERNOIL_1_N012,RTPD,MCL,LMP_LOSS_PRC,KERNOIL_1_N012,ALL,1,5.93372,3,199
2022-09-04T07:45:00-00:00,2022-09-04T08:00:00-00:00,2022-09-04,01,KERNOIL_1_N012,KERNOIL_1_N012,KERNOIL_1_N012,RTPD,MCL,LMP_LOSS_PRC,KERNOIL_1_N012,ALL,1,0,4,199
2022-09-04T08:45:00-00:00,2022-09-04T09:00:00-00:00,2022-09-04,02,KERNOIL_1_N012,KERNOIL_1_N012,KERNOIL_1_N012,RTPD,MCL,LMP_LOSS_PRC,KERNOIL_1_N012,ALL,1,5.88888,4,199
2022-09-04T09:45:00-00:00,2022-09-04T10:00:00-00:00,2022-09-04,03,KERNOIL_1_N012,KERNOIL_1_N012,KERNOIL_1_N012,RTPD,MCL,LMP_LOSS_PRC,KERNOIL_1_N012,ALL,1,5.55463,4,199
2022-09-04T10:45:00-00:00,2022-09-04T11:00:00-00:00,2022-09-04,04,KERNOIL_1_N012,KERNOIL_1_N012,KERNOIL_1_N012,RTPD,MCL,LMP_LOSS_PRC,KERNOIL_1_N012,ALL,1,5.61628,4,199
2022-09-04T11:45:00-00:00,2022-09-04T12:00:00-00:00,2022-09-04,05,KERNOIL_1_N012,KERNOIL_1_N012,KERNOIL_1_N012,RTPD,MCL,LMP_LOSS_PRC,KERNOIL_1_N012,ALL,1,5.4196,4,199
2022-09-04T12:45:00-00:00,2022-09-04T13:00:00-00:00,2022-09-04,06,KERNOIL_1_N012,KERNOIL_1_N012,KERNOIL_1_N012,RTPD,MCL,LMP_LOSS_PRC,KERNOIL_1_N012,ALL,1,5.86358,4,199
2022-09-04T13:45:00-00:00,2022-09-04T14:00:00-00:00,2022-09-04,07,KERNOIL_1_N012,KERNOIL_1_N012,KERNOIL_1_N012,RTPD,MCL,LMP_LOSS_PRC,KERNOIL_1_N012,ALL,1,4.42326,4,199
2022-09-04T14:45:00-00:00,2022-09-04T15:00:00-00:00,2022-09-04,08,KERNOIL_1_N012,KERNOIL_1_N012,KERNOIL_1_N012,RTPD,MCL,LMP_LOSS_PRC,KERNOIL_1_N012,ALL,1,2.69549,4,199
2022-09-04T15:45:00-00:00,2022-09-04T16:00:00-00:00,2022-09-04,09,KERNOIL_1_N012,KERNOIL_1_N012,KERNOIL_1_N012,RTPD,MCL,LMP_LOSS_PRC,KERNOIL_1_N012,ALL,1,1.39501,4,199
2022-09-04T16:45:00-00:00,2022-09-04T17:00:00-00:00,2022-09-04,10,KERNOIL_1_N012,KERNOIL_1_N012,KERNOIL_1_N012,RTPD,MCL,LMP_LOSS_PRC,KERNOIL_1_N012,ALL,1,1.73322,4,199
2022-09-04T17:45:00-00:00,2022-09-04T18:00:00-00:00,2022-09-04,11,KERNOIL_1_N012,KERNOIL_1_N012,KERNOIL_1_N012,RTPD,MCL,LMP_LOSS_PRC,KERNOIL_1_N012,ALL,1,3.13614,4,199
2022-09-04T18:45:00-00:00,2022-09-04T19:00:00-00:00,2022-09-04,12,KERNOIL_1_N012,KERNOIL_1_N012,KERNOIL_1_N012,RTPD,MCL,LMP_LOSS_PRC,KERNOIL_1_N012,ALL,1,3.1517,4,199
2022-09-04T19:45:00-00:00,2022-09-04T20:00:00-00:00,2022-09-04,13,KERNOIL_1_N012,KERNOIL_1_N012,KERNOIL_1_N012,RTPD,MCL,LMP_LOSS_PRC,KERNOIL_1_N012,ALL,1,4.58672,4,199
2022-09-04T20:45:00-00:00,2022-09-04T21:00:00-00:00,2022-09-04,14,KERNOIL_1_N012,KERNOIL_1_N012,KERNOIL_1_N012,RTPD,MCL,LMP_LOSS_PRC,KERNOIL_1_N012,ALL,1,5.79624,4,199
2022-09-04T21:45:00-00:00,2022-09-04T22:00:00-00:00,2022-09-04,15,KERNOIL_1_N012,KERNOIL_1_N012,KERNOIL_1_N012,RTPD,MCL,LMP_LOSS_PRC,KERNOIL_1_N012,ALL,1,8.18487,4,199
2022-09-04T22:45:00-00:00,2022-09-04T23:00:00-00:00,2022-09-04,16,KERNOIL_1_N012,KERNOIL_1_N012,KERNOIL_1_N012,RTPD,MCL,LMP_LOSS_PRC,KERNOIL_1_N012,ALL,1,0,4,199
2022-09-04T23:45:00-00:00,2022-09-05T00:00:00-00:00,2022-09-04,17,KERNOIL_1_N012,KERNOIL_1_N012,KERNOIL_1_N012,RTPD,MCL,LMP_LOSS_PRC,KERNOIL_1_N012,ALL,1,0,4,199
2022-09-05T00:45:00-00:00,2022-09-05T01:00:00-00:00,2022-09-04,18,KERNOIL_1_N012,KERNOIL_1_N012,KERNOIL_1_N012,RTPD,MCL,LMP_LOSS_PRC,KERNOIL_1_N012,ALL,1,0,4,199
2022-09-05T01:45:00-00:00,2022-09-05T02:00:00-00:00,2022-09-04,19,KERNOIL_1_N012,KERNOIL_1_N012,KERNOIL_1_N012,RTPD,MCL,LMP_LOSS_PRC,KERNOIL_1_N012,ALL,1,56.15769,4,199
2022-09-05T02:45:00-00:00,2022-09-05T03:00:00-00:00,2022-09-04,20,KERNOIL_1_N012,KERNOIL_1_N012,KERNOIL_1_N012,RTPD,MCL,LMP_LOSS_PRC,KERNOIL_1_N012,ALL,1,6.30457,4,199
2022-09-05T03:45:00-00:00,2022-09-05T04:00:00-00:00,2022-09-04,21,KERNOIL_1_N012,KERNOIL_1_N012,KERNOIL_1_N012,RTPD,MCL,LMP_LOSS_PRC,KERNOIL_1_N012,ALL,1,5.48184,4,199
2022-09-05T04:45:00-00:00,2022-09-05T05:00:00-00:00,2022-09-04,22,KERNOIL_1_N012,KERNOIL_1_N012,KERNOIL_1_N012,RTPD,MCL,LMP_LOSS_PRC,KERNOIL_1_N012,ALL,1,5.26031,4,199
2022-09-05T05:45:00-00:00,2022-09-05T06:00:00-00:00,2022-09-04,23,KERNOIL_1_N012,KERNOIL_1_N012,KERNOIL_1_N012,RTPD,MCL,LMP_LOSS_PRC,KERNOIL_1_N012,ALL,1,5.3797,4,199
2022-09-05T06:45:00-00:00,2022-09-05T07:00:00-00:00,2022-09-04,24,KERNOIL_1_N012,KERNOIL_1_N012,KERNOIL_1_N012,RTPD,MCL,LMP_LOSS_PRC,KERNOIL_1_N012,ALL,1,5.25746,4,199
2022-09-04T07:00:00-00:00,2022-09-04T07:15:00-00:00,2022-09-04,01,KERNOIL_1_N012,KERNOIL_1_N012,KERNOIL_1_N012,RTPD,MGHG,LMP_GHG_PRC,KERNOIL_1_N012,ALL,1,0,1,200
2022-09-04T08:00:00-00:00,2022-09-04T08:15:00-00:00,2022-09-04,02,KERNOIL_1_N012,KERNOIL_1_N012,KERNOIL_1_N012,RTPD,MGHG,LMP_GHG_PRC,KERNOIL_1_N012,ALL,1,0,1,200
2022-09-04T09:00:00-00:00,2022-09-04T09:15:00-00:00,2022-09-04,03,KERNOIL_1_N012,KERNOIL_1_N012,KERNOIL_1_N012,RTPD,MGHG,LMP_GHG_PRC,KERNOIL_1_N012,ALL,1,0,1,200
2022-09-04T10:00:00-00:00,2022-09-04T10:15:00-00:00,2022-09-04,04,KERNOIL_1_N012,KERNOIL_1_N012,KERNOIL_1_N012,RTPD,MGHG,LMP_GHG_PRC,KERNOIL_1_N012,ALL,1,0,1,200
2022-09-04T11:00:00-00:00,2022-09-04T11:15:00-00:00,2022-09-04,05,KERNOIL_1_N012,KERNOIL_1_N012,KERNOIL_1_N012,RTPD,MGHG,LMP_GHG_PRC,KERNOIL_1_N012,ALL,1,0,1,200
2022-09-04T12:00:00-00:00,2022-09-04T12:15:00-00:00,2022-09-04,06,KERNOIL_1_N012,KERNOIL_1_N012,KERNOIL_1_N012,RTPD,MGHG,LMP_GHG_PRC,KERNOIL_1_N012,ALL,1,0,1,200
2022-09-04T13:00:00-00:00,2022-09-04T13:15:00-00:00,2022-09-04,07,KERNOIL_1_N012,KERNOIL_1_N012,KERNOIL_1_N012,RTPD,MGHG,LMP_GHG_PRC,KERNOIL_1_N012,ALL,1,0,1,200
2022-09-04T14:00:00-00:00,2022-09-04T14:15:00-00:00,2022-09-04,08,KERNOIL_1_N012,KERNOIL_1_N012,KERNOIL_1_N012,RTPD,MGHG,LMP_GHG_PRC,KERNOIL_1_N012,ALL,1,0,1,200
2022-09-04T15:00:00-00:00,2022-09-04T15:15:00-00:00,2022-09-04,09,KERNOIL_1_N012,KERNOIL_1_N012,KERNOIL_1_N012,RTPD,MGHG,LMP_GHG_PRC,KERNOIL_1_N012,ALL,1,0,1,200
2022-09-04T16:00:00-00:00,2022-09-04T16:15:00-00:00,2022-09-04,10,KERNOIL_1_N012,KERNOIL_1_N012,KERNOIL_1_N012,RTPD,MGHG,LMP_GHG_PRC,KERNOIL_1_N012,ALL,1,0,1,200
2022-09-04T17:00:00-00:00,2022-09-04T17:15:00-00:00,2022-09-04,11,KERNOIL_1_N012,KERNOIL_1_N012,KERNOIL_1_N012,RTPD,MGHG,LMP_GHG_PRC,KERNOIL_1_N012,ALL,1,0,1,200
2022-09-04T18:00:00-00:00,2022-09-04T18:15:00-00:00,2022-09-04,12,KERNOIL_1_N012,KERNOIL_1_N012,KERNOIL_1_N012,RTPD,MGHG,LMP_GHG_PRC,KERNOIL_1_N012,ALL,1,0,1,200
2022-09-04T19:00:00-00:00,2022-09-04T19:15:00-00:00,2022-09-04,13,KERNOIL_1_N012,KERNOIL_1_N012,KERNOIL_1_N012,RTPD,MGHG,LMP_GHG_PRC,KERNOIL_1_N012,ALL,1,0,1,200
2022-09-04T20:00:00-00:00,2022-09-04T20:15:00-00:00,2022-09-04,14,KERNOIL_1_N012,KERNOIL_1_N012,KERNOIL_1_N012,RTPD,MGHG,LMP_GHG_PRC,KERNOIL_1_N012,ALL,1,0,1,200
2022-09-04T21:00:00-00:00,2022-09-04T21:15:00-00:00,2022-09-04,15,KERNOIL_1_N012,KERNOIL_1_N012,KERNOIL_1_N012,RTPD,MGHG,LMP_GHG_PRC,KERNOIL_1_N012,ALL,1,0,1,200
2022-09-04T22:00:00-00:00,2022-09-04T22:15:00-00:00,2022-09-04,16,KERNOIL_1_N012,KERNOIL_1_N012,KERNOIL_1_N012,RTPD,MGHG,LMP_GHG_PRC,KERNOIL_1_N012,ALL,1,0,1,200
2022-09-04T23:00:00-00:00,2022-09-04T23:15:00-00:00,2022-09-04,17,KERNOIL_1_N012,KERNOIL_1_N012,KERNOIL_1_N012,RTPD,MGHG,LMP_GHG_PRC,KERNOIL_1_N012,ALL,1,0,1,200
2022-09-05T00:00:00-00:00,2022-09-05T00:15:00-00:00,2022-09-04,18,KERNOIL_1_N012,KERNOIL_1_N012,KERNOIL_1_N012,RTPD,MGHG,LMP_GHG_PRC,KERNOIL_1_N012,ALL,1,0,1,200
2022-09-05T01:00:00-00:00,2022-09-05T01:15:00-00:00,2022-09-04,19,KERNOIL_1_N012,KERNOIL_1_N012,KERNOIL_1_N012,RTPD,MGHG,LMP_GHG_PRC,KERNOIL_1_N012,ALL,1,0,1,200
2022-09-05T02:00:00-00:00,2022-09-05T02:15:00-00:00,2022-09-04,20,KERNOIL_1_N012,KERNOIL_1_N012,KERNOIL_1_N012,RTPD,MGHG,LMP_GHG_PRC,KERNOIL_1_N012,ALL,1,0,1,200
2022-09-05T03:00:00-00:00,2022-09-05T03:15:00-00:00,2022-09-04,21,KERNOIL_1_N012,KERNOIL_1_N012,KERNOIL_1_N012,RTPD,MGHG,LMP_GHG_PRC,KERNOIL_1_N012,ALL,1,0,1,200
2022-09-05T04:00:00-00:00,2022-09-05T04:15:00-00:00,2022-09-04,22,KERNOIL_1_N012,KERNOIL_1_N012,KERNOIL_1_N012,RTPD,MGHG,LMP_GHG_PRC,KERNOIL_1_N012,ALL,1,0,1,200
2022-09-05T05:00:00-00:00,2022-09-05T05:15:00-00:00,2022-09-04,23,KERNOIL_1_N012,KERNOIL_1_N012,KERNOIL_1_N012,RTPD,MGHG,LMP_GHG_PRC,KERNOIL_1_N012,ALL,1,0,1,200
2022-09-05T06:00:00-00:00,2022-09-05T06:15:00-00:00,2022-09-04,24,KERNOIL_1_N012,KERNOIL_1_N012,KERNOIL_1_N012,RTPD,MGHG,LMP_GHG_PRC,KERNOIL_1_N012,ALL,1,0,1,200
2022-09-04T07:15:00-00:00,2022-09-04T07:30:00-00:00,2022-09-04,01,KERNOIL_1_N012,KERNOIL_1_N012,KERNOIL_1_N012,RTPD,MGHG,LMP_GHG_PRC,KERNOIL_1_N012,ALL,1,0,2,200
2022-09-04T08:15:00-00:00,2022-09-04T08:30:00-00:00,2022-09-04,02,KERNOIL_1_N012,KERNOIL_1_N012,KERNOIL_1_N012,RTPD,MGHG,LMP_GHG_PRC,KERNOIL_1_N012,ALL,1,0,2,200
2022-09-04T09:15:00-00:00,2022-09-04T09:30:00-00:00,2022-09-04,03,KERNOIL_1_N012,KERNOIL_1_N012,KERNOIL_1_N012,RTPD,MGHG,LMP_GHG_PRC,KERNOIL_1_N012,ALL,1,0,2,200
2022-09-04T10:15:00-00:00,2022-09-04T10:30:00-00:00,2022-09-04,04,KERNOIL_1_N012,KERNOIL_1_N012,KERNOIL_1_N012,RTPD,MGHG,LMP_GHG_PRC,KERNOIL_1_N012,ALL,1,0,2,200
2022-09-04T11:15:00-00:00,2022-09-04T11:30:00-00:00,2022-09-04,05,KERNOIL_1_N012,KERNOIL_1_N012,KERNOIL_1_N012,RTPD,MGHG,LMP_GHG_PRC,KERNOIL_1_N012,ALL,1,0,2,200
2022-09-04T12:15:00-00:00,2022-09-04T12:30:00-00:00,2022-09-04,06,KERNOIL_1_N012,KERNOIL_1_N012,KERNOIL_1_N012,RTPD,MGHG,LMP_GHG_PRC,KERNOIL_1_N012,ALL,1,0,2,200
2022-09-04T13:15:00-00:00,2022-09-04T13:30:00-00:00,2022-09-04,07,KERNOIL_1_N012,KERNOIL_1_N012,KERNOIL_1_N012,RTPD,MGHG,LMP_GHG_PRC,KERNOIL_1_N012,ALL,1,0,2,200
2022-09-04T14:15:00-00:00,2022-09-04T14:30:00-00:00,2022-09-04,08,KERNOIL_1_N012,KERNOIL_1_N012,KERNOIL_1_N012,RTPD,MGHG,LMP_GHG_PRC,KERNOIL_1_N012,ALL,1,0,2,200
2022-09-04T15:15:00-00:00,2022-09-04T15:30:00-00:00,2022-09-04,09,KERNOIL_1_N012,KERNOIL_1_N012,KERNOIL_1_N012,RTPD,MGHG,LMP_GHG_PRC,KERNOIL_1_N012,ALL,1,0,2,200
2022-09-04T16:15:00-00:00,2022-09-04T16:30:00-00:00,2022-09-04,10,KERNOIL_1_N012,KERNOIL_1_N012,KERNOIL_1_N012,RTPD,MGHG,LMP_GHG_PRC,KERNOIL_1_N012,ALL,1,0,2,200
2022-09-04T17:15:00-00:00,2022-09-04T17:30:00-00:00,2022-09-04,11,KERNOIL_1_N012,KERNOIL_1_N012,KERNOIL_1_N012,RTPD,MGHG,LMP_GHG_PRC,KERNOIL_1_N012,ALL,1,0,2,200
2022-09-04T18:15:00-00:00,2022-09-04T18:30:00-00:00,2022-09-04,12,KERNOIL_1_N012,KERNOIL_1_N012,KERNOIL_1_N012,RTPD,MGHG,LMP_GHG_PRC,KERNOIL_1_N012,ALL,1,0,2,200
2022-09-04T19:15:00-00:00,2022-09-04T19:30:00-00:00,2022-09-04,13,KERNOIL_1_N012,KERNOIL_1_N012,KERNOIL_1_N012,RTPD,MGHG,LMP_GHG_PRC,KERNOIL_1_N012,ALL,1,0,2,200
2022-09-04T20:15:00-00:00,2022-09-04T20:30:00-00:00,2022-09-04,14,KERNOIL_1_N012,KERNOIL_1_N012,KERNOIL_1_N012,RTPD,MGHG,LMP_GHG_PRC,KERNOIL_1_N012,ALL,1,0,2,200
2022-09-04T21:15:00-00:00,2022-09-04T21:30:00-00:00,2022-09-04,15,KERNOIL_1_N012,KERNOIL_1_N012,KERNOIL_1_N012,RTPD,MGHG,LMP_GHG_PRC,KERNOIL_1_N012,ALL,1,0,2,200
2022-09-04T22:15:00-00:00,2022-09-04T22:30:00-00:00,2022-09-04,16,KERNOIL_1_N012,KERNOIL_1_N012,KERNOIL_1_N012,RTPD,MGHG,LMP_GHG_PRC,KERNOIL_1_N012,ALL,1,0,2,200
2022-09-04T23:15:00-00:00,2022-09-04T23:30:00-00:00,2022-09-04,17,KERNOIL_1_N012,KERNOIL_1_N012,KERNOIL_1_N012,RTPD,MGHG,LMP_GHG_PRC,KERNOIL_1_N012,ALL,1,0,2,200
2022-09-05T00:15:00-00:00,2022-09-05T00:30:00-00:00,2022-09-04,18,KERNOIL_1_N012,KERNOIL_1_N012,KERNOIL_1_N012,RTPD,MGHG,LMP_GHG_PRC,KERNOIL_1_N012,ALL,1,0,2,200
2022-09-05T01:15:00-00:00,2022-09-05T01:30:00-00:00,2022-09-04,19,KERNOIL_1_N012,KERNOIL_1_N012,KERNOIL_1_N012,RTPD,MGHG,LMP_GHG_PRC,KERNOIL_1_N012,ALL,1,0,2,200
2022-09-05T02:15:00-00:00,2022-09-05T02:30:00-00:00,2022-09-04,20,KERNOIL_1_N012,KERNOIL_1_N012,KERNOIL_1_N012,RTPD,MGHG,LMP_GHG_PRC,KERNOIL_1_N012,ALL,1,0,2,200
2022-09-05T03:15:00-00:00,2022-09-05T03:30:00-00:00,2022-09-04,21,KERNOIL_1_N012,KERNOIL_1_N012,KERNOIL_1_N012,RTPD,MGHG,LMP_GHG_PRC,KERNOIL_1_N012,ALL,1,0,2,200
2022-09-05T04:15:00-00:00,2022-09-05T04:30:00-00:00,2022-09-04,22,KERNOIL_1_N012,KERNOIL_1_N012,KERNOIL_1_N012,RTPD,MGHG,LMP_GHG_PRC,KERNOIL_1_N012,ALL,1,0,2,200
2022-09-05T05:15:00-00:00,2022-09-05T05:30:00-00:00,2022-09-04,23,KERNOIL_1_N012,KERNOIL_1_N012,KERNOIL_1_N012,RTPD,MGHG,LMP_GHG_PRC,KERNOIL_1_N012,ALL,1,0,2,200
2022-09-05T06:15:00-00:00,2022-09-05T06:30:00-00:00,2022-09-04,24,KERNOIL_1_N012,KERNOIL_1_N012,KERNOIL_1_N012,RTPD,MGHG,LMP_GHG_PRC,KERNOIL_1_N012,ALL,1,0,2,200
2022-09-04T07:30:00-00:00,2022-09-04T07:45:00-00:00,2022-09-04,01,KERNOIL_1_N012,KERNOIL_1_N012,KERNOIL_1_N012,RTPD,MGHG,LMP_GHG_PRC,KERNOIL_1_N012,ALL,1,0,3,200
2022-09-04T08:30:00-00:00,2022-09-04T08:45:00-00:00,2022-09-04,02,KERNOIL_1_N012,KERNOIL_1_N012,KERNOIL_1_N012,RTPD,MGHG,LMP_GHG_PRC,KERNOIL_1_N012,ALL,1,0,3,200
2022-09-04T09:30:00-00:00,2022-09-04T09:45:00-00:00,2022-09-04,03,KERNOIL_1_N012,KERNOIL_1_N012,KERNOIL_1_N012,RTPD,MGHG,LMP_GHG_PRC,KERNOIL_1_N012,ALL,1,0,3,200
2022-09-04T10:30:00-00:00,2022-09-04T10:45:00-00:00,2022-09-04,04,KERNOIL_1_N012,KERNOIL_1_N012,KERNOIL_1_N012,RTPD,MGHG,LMP_GHG_PRC,KERNOIL_1_N012,ALL,1,0,3,200
2022-09-04T11:30:00-00:00,2022-09-04T11:45:00-00:00,2022-09-04,05,KERNOIL_1_N012,KERNOIL_1_N012,KERNOIL_1_N012,RTPD,MGHG,LMP_GHG_PRC,KERNOIL_1_N012,ALL,1,0,3,200
2022-09-04T12:30:00-00:00,2022-09-04T12:45:00-00:00,2022-09-04,06,KERNOIL_1_N012,KERNOIL_1_N012,KERNOIL_1_N012,RTPD,MGHG,LMP_GHG_PRC,KERNOIL_1_N012,ALL,1,0,3,200
2022-09-04T13:30:00-00:00,2022-09-04T13:45:00-00:00,2022-09-04,07,KERNOIL_1_N012,KERNOIL_1_N012,KERNOIL_1_N012,RTPD,MGHG,LMP_GHG_PRC,KERNOIL_1_N012,ALL,1,0,3,200
2022-09-04T14:30:00-00:00,2022-09-04T14:45:00-00:00,2022-09-04,08,KERNOIL_1_N012,KERNOIL_1_N012,KERNOIL_1_N012,RTPD,MGHG,LMP_GHG_PRC,KERNOIL_1_N012,ALL,1,0,3,200
2022-09-04T15:30:00-00:00,2022-09-04T15:45:00-00:00,2022-09-04,09,KERNOIL_1_N012,KERNOIL_1_N012,KERNOIL_1_N012,RTPD,MGHG,LMP_GHG_PRC,KERNOIL_1_N012,ALL,1,0,3,200
2022-09-04T16:30:00-00:00,2022-09-04T16:45:00-00:00,2022-09-04,10,KERNOIL_1_N012,KERNOIL_1_N012,KERNOIL_1_N012,RTPD,MGHG,LMP_GHG_PRC,KERNOIL_1_N012,ALL,1,0,3,200
2022-09-04T17:30:00-00:00,2022-09-04T17:45:00-00:00,2022-09-04,11,KERNOIL_1_N012,KERNOIL_1_N012,KERNOIL_1_N012,RTPD,MGHG,LMP_GHG_PRC,KERNOIL_1_N012,ALL,1,0,3,200
2022-09-04T18:30:00-00:00,2022-09-04T18:45:00-00:00,2022-09-04,12,KERNOIL_1_N012,KERNOIL_1_N012,KERNOIL_1_N012,RTPD,MGHG,LMP_GHG_PRC,KERNOIL_1_N012,ALL,1,0,3,200
2022-09-04T19:30:00-00:00,2022-09-04T19:45:00-00:00,2022-09-04,13,KERNOIL_1_N012,KERNOIL_1_N012,KERNOIL_1_N012,RTPD,MGHG,LMP_GHG_PRC,KERNOIL_1_N012,ALL,1,0,3,200
2022-09-04T20:30:00-00:00,2022-09-04T20:45:00-00:00,2022-09-04,14,KERNOIL_1_N012,KERNOIL_1_N012,KERNOIL_1_N012,RTPD,MGHG,LMP_GHG_PRC,KERNOIL_1_N012,ALL,1,0,3,200
2022-09-04T21:30:00-00:00,2022-09-04T21:45:00-00:00,2022-09-04,15,KERNOIL_1_N012,KERNOIL_1_N012,KERNOIL_1_N012,RTPD,MGHG,LMP_GHG_PRC,KERNOIL_1_N012,ALL,1,0,3,200
2022-09-04T22:30:00-00:00,2022-09-04T22:45:00-00:00,2022-09-04,16,KERNOIL_1_N012,KERNOIL_1_N012,KERNOIL_1_N012,RTPD,MGHG,LMP_GHG_PRC,KERNOIL_1_N012,ALL,1,0,3,200
2022-09-04T23:30:00-00:00,2022-09-04T23:45:00-00:00,2022-09-04,17,KERNOIL_1_N012,KERNOIL_1_N012,KERNOIL_1_N012,RTPD,MGHG,LMP_GHG_PRC,KERNOIL_1_N012,ALL,1,0,3,200
2022-09-05T00:30:00-00:00,2022-09-05T00:45:00-00:00,2022-09-04,18,KERNOIL_1_N012,KERNOIL_1_N012,KERNOIL_1_N012,RTPD,MGHG,LMP_GHG_PRC,KERNOIL_1_N012,ALL,1,0,3,200
2022-09-05T01:30:00-00:00,2022-09-05T01:45:00-00:00,2022-09-04,19,KERNOIL_1_N012,KERNOIL_1_N012,KERNOIL_1_N012,RTPD,MGHG,LMP_GHG_PRC,KERNOIL_1_N012,ALL,1,0,3,200
2022-09-05T02:30:00-00:00,2022-09-05T02:45:00-00:00,2022-09-04,20,KERNOIL_1_N012,KERNOIL_1_N012,KERNOIL_1_N012,RTPD,MGHG,LMP_GHG_PRC,KERNOIL_1_N012,ALL,1,0,3,200
2022-09-05T03:30:00-00:00,2022-09-05T03:45:00-00:00,2022-09-04,21,KERNOIL_1_N012,KERNOIL_1_N012,KERNOIL_1_N012,RTPD,MGHG,LMP_GHG_PRC,KERNOIL_1_N012,ALL,1,0,3,200
2022-09-05T04:30:00-00:00,2022-09-05T04:45:00-00:00,2022-09-04,22,KERNOIL_1_N012,KERNOIL_1_N012,KERNOIL_1_N012,RTPD,MGHG,LMP_GHG_PRC,KERNOIL_1_N012,ALL,1,0,3,200
2022-09-05T05:30:00-00:00,2022-09-05T05:45:00-00:00,2022-09-04,23,KERNOIL_1_N012,KERNOIL_1_N012,KERNOIL_1_N012,RTPD,MGHG,LMP_GHG_PRC,KERNOIL_1_N012,ALL,1,0,3,200
2022-09-05T06:30:00-00:00,2022-09-05T06:45:00-00:00,2022-09-04,24,KERNOIL_1_N012,KERNOIL_1_N012,KERNOIL_1_N012,RTPD,MGHG,LMP_GHG_PRC,KERNOIL_1_N012,ALL,1,0,3,200
2022-09-04T07:45:00-00:00,2022-09-04T08:00:00-00:00,2022-09-04,01,KERNOIL_1_N012,KERNOIL_1_N012,KERNOIL_1_N012,RTPD,MGHG,LMP_GHG_PRC,KERNOIL_1_N012,ALL,1,0,4,200
2022-09-04T08:45:00-00:00,2022-09-04T09:00:00-00:00,2022-09-04,02,KERNOIL_1_N012,KERNOIL_1_N012,KERNOIL_1_N012,RTPD,MGHG,LMP_GHG_PRC,KERNOIL_1_N012,ALL,1,0,4,200
2022-09-04T09:45:00-00:00,2022-09-04T10:00:00-00:00,2022-09-04,03,KERNOIL_1_N012,KERNOIL_1_N012,KERNOIL_1_N012,RTPD,MGHG,LMP_GHG_PRC,KERNOIL_1_N012,ALL,1,0,4,200
2022-09-04T10:45:00-00:00,2022-09-04T11:00:00-00:00,2022-09-04,04,KERNOIL_1_N012,KERNOIL_1_N012,KERNOIL_1_N012,RTPD,MGHG,LMP_GHG_PRC,KERNOIL_1_N012,ALL,1,0,4,200
2022-09-04T11:45:00-00:00,2022-09-04T12:00:00-00:00,2022-09-04,05,KERNOIL_1_N012,KERNOIL_1_N012,KERNOIL_1_N012,RTPD,MGHG,LMP_GHG_PRC,KERNOIL_1_N012,ALL,1,0,4,200
2022-09-04T12:45:00-00:00,2022-09-04T13:00:00-00:00,2022-09-04,06,KERNOIL_1_N012,KERNOIL_1_N012,KERNOIL_1_N012,RTPD,MGHG,LMP_GHG_PRC,KERNOIL_1_N012,ALL,1,0,4,200
2022-09-04T13:45:00-00:00,2022-09-04T14:00:00-00:00,2022-09-04,07,KERNOIL_1_N012,KERNOIL_1_N012,KERNOIL_1_N012,RTPD,MGHG,LMP_GHG_PRC,KERNOIL_1_N012,ALL,1,0,4,200
2022-09-04T14:45:00-00:00,2022-09-04T15:00:00-00:00,2022-09-04,08,KERNOIL_1_N012,KERNOIL_1_N012,KERNOIL_1_N012,RTPD,MGHG,LMP_GHG_PRC,KERNOIL_1_N012,ALL,1,0,4,200
2022-09-04T15:45:00-00:00,2022-09-04T16:00:00-00:00,2022-09-04,09,KERNOIL_1_N012,KERNOIL_1_N012,KERNOIL_1_N012,RTPD,MGHG,LMP_GHG_PRC,KERNOIL_1_N012,ALL,1,0,4,200
2022-09-04T16:45:00-00:00,2022-09-04T17:00:00-00:00,2022-09-04,10,KERNOIL_1_N012,KERNOIL_1_N012,KERNOIL_1_N012,RTPD,MGHG,LMP_GHG_PRC,KERNOIL_1_N012,ALL,1,0,4,200
2022-09-04T17:45:00-00:00,2022-09-04T18:00:00-00:00,2022-09-04,11,KERNOIL_1_N012,KERNOIL_1_N012,KERNOIL_1_N012,RTPD,MGHG,LMP_GHG_PRC,KERNOIL_1_N012,ALL,1,0,4,200
2022-09-04T18:45:00-00:00,2022-09-04T19:00:00-00:00,2022-09-04,12,KERNOIL_1_N012,KERNOIL_1_N012,KERNOIL_1_N012,RTPD,MGHG,LMP_GHG_PRC,KERNOIL_1_N012,ALL,1,0,4,200
2022-09-04T19:45:00-00:00,2022-09-04T20:00:00-00:00,2022-09-04,13,KERNOIL_1_N012,KERNOIL_1_N012,KERNOIL_1_N012,RTPD,MGHG,LMP_GHG_PRC,KERNOIL_1_N012,ALL,1,0,4,200
2022-09-04T20:45:00-00:00,2022-09-04T21:00:00-00:00,2022-09-04,14,KERNOIL_1_N012,KERNOIL_1_N012,KERNOIL_1_N012,RTPD,MGHG,LMP_GHG_PRC,KERNOIL_1_N012,ALL,1,0,4,200
2022-09-04T21:45:00-00:00,2022-09-04T22:00:00-00:00,2022-09-04,15,KERNOIL_1_N012,KERNOIL_1_N012,KERNOIL_1_N012,RTPD,MGHG,LMP_GHG_PRC,KERNOIL_1_N012,ALL,1,0,4,200
2022-09-04T22:45:00-00:00,2022-09-04T23:00:00-00:00,2022-09-04,16,KERNOIL_1_N012,KERNOIL_1_N012,KERNOIL_1_N012,RTPD,MGHG,LMP_GHG_PRC,KERNOIL_1_N012,ALL,1,0,4,200
2022-09-04T23:45:00-00:00,2022-09-05T00:00:00-00:00,2022-09-04,17,KERNOIL_1_N012,KERNOIL_1_N012,KERNOIL_1_N012,RTPD,MGHG,LMP_GHG_PRC,KERNOIL_1_N012,ALL,1,0,4,200
2022-09-05T00:45:00-00:00,2022-09-05T01:00:00-00:00,2022-09-04,18,KERNOIL_1_N012,KERNOIL_1_N012,KERNOIL_1_N012,RTPD,MGHG,LMP_GHG_PRC,KERNOIL_1_N012,ALL,1,0,4,200
2022-09-05T01:45:00-00:00,2022-09-05T02:00:00-00:00,2022-09-04,19,KERNOIL_1_N012,KERNOIL_1_N012,KERNOIL_1_N012,RTPD,MGHG,LMP_GHG_PRC,KERNOIL_1_N012,ALL,1,0,4,200
2022-09-05T02:45:00-00:00,2022-09-05T03:00:00-00:00,2022-09-04,20,KERNOIL_1_N012,KERNOIL_1_N012,KERNOIL_1_N012,RTPD,MGHG,LMP_GHG_PRC,KERNOIL_1_N012,ALL,1,0,4,200
2022-09-05T03:45:00-00:00,2022-09-05T04:00:00-00:00,2022-09-04,21,KERNOIL_1_N012,KERNOIL_1_N012,KERNOIL_1_N012,RTPD,MGHG,LMP_GHG_PRC,KERNOIL_1_N012,ALL,1,0,4,200
2022-09-05T04:45:00-00:00,2022-09-05T05:00:00-00:00,2022-09-04,22,KERNOIL_1_N012,KERNOIL_1_N012,KERNOIL_1_N012,RTPD,MGHG,LMP_GHG_PRC,KERNOIL_1_N012,ALL,1,0,4,200
2022-09-05T05:45:00-00:00,2022-09-05T06:00:00-00:00,2022-09-04,23,KERNOIL_1_N012,KERNOIL_1_N012,KERNOIL_1_N012,RTPD,MGHG,LMP_GHG_PRC,KERNOIL_1_N012,ALL,1,0,4,200
2022-09-05T06:45:00-00:00,2022-09-05T07:00:00-00:00,2022-09-04,24,KERNOIL_1_N012,KERNOIL_1_N012,KERNOIL_1_N012,RTPD,MGHG,LMP_GHG_PRC,KERNOIL_1_N012,ALL,1,0,4,200
