INTERVALSTARTTIME_GMT,INTERVALENDTIME_GMT,OPR_DT,OPR_HR,NODE_ID_XML,NODE_ID,NODE,MARKET_RUN_ID,LMP_TYPE,XML_DATA_ITEM,PNODE_RESMRID,GRP_TYPE,POS,PRC,OPR_INTERVAL,GROUP
2022-09-01T07:00:00-00:00,2022-09-01T07:15:00-00:00,2022-09-01,01,ELK_GNODERSS,ELK_GNODERSS,ELK_GNODERSS,RTPD,LMP,LMP_PRC,ELK_GNODERSS,ALL,1,88.01247,1,1
2022-09-01T08:00:00-00:00,2022-09-01T08:15:00-00:00,2022-09-01,02,ELK_GNODERSS,ELK_GNODERSS,ELK_GNODERSS,RTPD,LMP,LMP_PRC,ELK_GNODERSS,ALL,1,112.2674,1,1
2022-09-01T09:00:00-00:00,2022-09-01T09:15:00-00:00,2022-09-01,03,ELK_GNODERSS,ELK_GNODERSS,ELK_GNODERSS,RTPD,LMP,LMP_PRC,ELK_GNODERSS,ALL,1,96.14132,1,1
2022-09-01T10:00:00-00:00,2022-09-01T10:15:00-00:00,2022-09-01,04,ELK_GNODERSS,ELK_GNODERSS,ELK_GNODERSS,RTPD,LMP,LMP_PRC,ELK_GNODERSS,ALL,1,95.85756,1,1
2022-09-01T11:00:00-00:00,2022-09-01T11:15:00-00:00,2022-09-01,05,ELK_GNODERSS,ELK_GNODERSS,ELK_GNODERSS,RTPD,LMP,LMP_PRC,ELK_GNODERSS,ALL,1,103.5442,1,1
2022-09-01T12:00:00-00:00,2022-09-01T12:15:00-00:00,2022-09-01,06,ELK_GNODERSS,ELK_GNODERSS,ELK_GNODERSS,RTPD,LMP,LMP_PRC,ELK_GNODERSS,ALL,1,87.31921,1,1
2022-09-01T13:00:00-00:00,2022-09-01T13:15:00-00:00,2022-09-01,07,ELK_GNODERSS,ELK_GNODERSS,ELK_GNODERSS,RTPD,LMP,LMP_PRC,ELK_GNODERSS,ALL,1,88.86365,1,1
2022-09-01T14:00:00-00:00,2022-09-01T14:15:00-00:00,2022-09-01,08,ELK_GNODERSS,ELK_GNODERSS,ELK_GNODERSS,RTPD,LMP,LMP_PRC,ELK_GNODERSS,ALL,1,113.81098,1,1
2022-09-01T15:00:00-00:00,2022-09-01T15:15:00-00:00,2022-09-01,09,ELK_GNODERSS,ELK_GNODERSS,ELK_GNODERSS,RTPD,LMP,LMP_PRC,ELK_GNODERSS,ALL,1,97.4124,1,1
2022-09-01T16:00:00-00:00,2022-09-01T16:15:00-00:00,2022-09-01,10,ELK_GNODERSS,ELK_GNODERSS,ELK_GNODERSS,RTPD,LMP,LMP_PRC,ELK_GNODERSS,ALL,1,83.43645,1,1
2022-09-01T17:00:00-00:00,2022-09-01T17:15:00-00:00,2022-09-01,11,ELK_GNODERSS,ELK_GNODERSS,ELK_GNODERSS,RTPD,LMP,LMP_PRC,ELK_GNODERSS,ALL,1,80.49267,1,1
2022-09-01T18:00:00-00:00,2022-09-01T18:15:00-00:00,2022-09-01,12,ELK_GNODERSS,ELK_GNODERSS,ELK_GNODERSS,RTPD,LMP,LMP_PRC,ELK_GNODERSS,ALL,1,59.63174,1,1
2022-09-01T19:00:00-00:00,2022-09-01T19:15:00-00:00,2022-09-01,13,ELK_GNODERSS,ELK_GNODERSS,ELK_GNODERSS,RTPD,LMP,LMP_PRC,ELK_GNODERSS,ALL,1,73.90915,1,1
2022-09-01T20:00:00-00:00,2022-09-01T20:15:00-00:00,2022-09-01,14,ELK_GNODERSS,ELK_GNODERSS,ELK_GNODERSS,RTPD,LMP,LMP_PRC,ELK_GNODERSS,ALL,1,114.47529,1,1
2022-09-01T21:00:00-00:00,2022-09-01T21:15:00-00:00,2022-09-01,15,ELK_GNODERSS,ELK_GNODERSS,ELK_GNODERSS,RTPD,LMP,LMP_PRC,ELK_GNODERSS,ALL,1,128.0267,1,1
2022-09-01T22:00:00-00:00,2022-09-01T22:15:00-00:00,2022-09-01,16,ELK_GNODERSS,ELK_GNODERSS,ELK_GNODERSS,RTPD,LMP,LMP_PRC,ELK_GNODERSS,ALL,1,122.42633,1,1
2022-09-01T23:00:00-00:00,2022-09-01T23:15:00-00:00,2022-09-01,17,ELK_GNODERSS,ELK_GNODERSS,ELK_GNODERSS,RTPD,LMP,LMP_PRC,ELK_GNODERSS,ALL,1,218.74461,1,1
2022-09-02T00:00:00-00:00,2022-09-02T00:15:00-00:00,2022-09-01,18,ELK_GNODERSS,ELK_GNODERSS,ELK_GNODERSS,RTPD,LMP,LMP_PRC,ELK_GNODERSS,ALL,1,1139.6686,1,1
2022-09-02T01:00:00-00:00,2022-09-02T01:15:00-00:00,2022-09-01,19,ELK_GNODERSS,ELK_GNODERSS,ELK_GNODERSS,RTPD,LMP,LMP_PRC,ELK_GNODERSS,ALL,1,1241.471,1,1
2022-09-02T02:00:00-00:00,2022-09-02T02:15:00-00:00,2022-09-01,20,ELK_GNODERSS,ELK_GNODERSS,ELK_GNODERSS,RTPD,LMP,LMP_PRC,ELK_GNODERSS,ALL,1,1991.671,1,1
2022-09-02T03:00:00-00:00,2022-09-02T03:15:00-00:00,2022-09-01,21,ELK_GNODERSS,ELK_GNODERSS,ELK_GNODERSS,RTPD,LMP,LMP_PRC,ELK_GNODERSS,ALL,1,1387.4468,1,1
2022-09-02T04:00:00-00:00,2022-09-02T04:15:00-00:00,2022-09-01,22,ELK_GNODERSS,ELK_GNODERSS,ELK_GNODERSS,RTPD,LMP,LMP_PRC,ELK_GNODERSS,ALL,1,267.93573,1,1
2022-09-02T05:00:00-00:00,2022-09-02T05:15:00-00:00,2022-09-01,23,ELK_GNODERSS,ELK_GNODERSS,ELK_GNODERSS,RTPD,LMP,LMP_PRC,ELK_GNODERSS,ALL,1,189.71642,1,1
2022-09-02T06:00:00-00:00,2022-09-02T06:15:00-00:00,2022-09-01,24,ELK_GNODERSS,ELK_GNODERSS,ELK_GNODERSS,RTPD,LMP,LMP_PRC,ELK_GNODERSS,ALL,1,162.79225,1,1
2022-09-01T07:15:00-00:00,2022-09-01T07:30:00-00:00,2022-09-01,01,ELK_GNODERSS,ELK_GNODERSS,ELK_GNODERSS,RTPD,LMP,LMP_PRC,ELK_GNODERSS,ALL,1,115.7337,2,1
2022-09-01T08:15:00-00:00,2022-09-01T08:30:00-00:00,2022-09-01,02,ELK_GNODERSS,ELK_GNODERSS,ELK_GNODERSS,RTPD,LMP,LMP_PRC,ELK_GNODERSS,ALL,1,114.63685,2,1
2022-09-01T09:15:00-00:00,2022-09-01T09:30:00-00:00,2022-09-01,03,ELK_GNODERSS,ELK_GNODERSS,ELK_GNODERSS,RTPD,LMP,LMP_PRC,ELK_GNODERSS,ALL,1,93.40466,2,1
2022-09-01T10:15:00-00:00,2022-09-01T10:30:00-00:00,2022-09-01,04,ELK_GNODERSS,ELK_GNODERSS,ELK_GNODERSS,RTPD,LMP,LMP_PRC,ELK_GNODERSS,ALL,1,92.53603,2,1
2022-09-01T11:15:00-00:00,2022-09-01T11:30:00-00:00,2022-09-01,05,ELK_GNODERSS,ELK_GNODERSS,ELK_GNODERSS,RTPD,LMP,LMP_PRC,ELK_GNODERSS,ALL,1,104.05054,2,1
2022-09-01T12:15:00-00:00,2022-09-01T12:30:00-00:00,2022-09-01,06,ELK_GNODERSS,ELK_GNODERSS,ELK_GNODERSS,RTPD,LMP,LMP_PRC,ELK_GNODERSS,ALL,1,103.68188,2,1
2022-09-01T13:15:00-00:00,2022-09-01T13:30:00-00:00,2022-09-01,07,ELK_GNODERSS,ELK_GNODERSS,ELK_GNODERSS,RTPD,LMP,LMP_PRC,ELK_GNODERSS,ALL,1,110.87794,2,1
2022-09-01T14:15:00-00:00,2022-09-01T14:30:00-00:00,2022-09-01,08,ELK_GNODERSS,ELK_GNODERSS,ELK_GNODERSS,RTPD,LMP,LMP_PRC,ELK_GNODERSS,ALL,1,107.24871,2,1
2022-09-01T15:15:00-00:00,2022-09-01T15:30:00-00:00,2022-09-01,09,ELK_GNODERSS,ELK_GNODERSS,ELK_GNODERSS,RTPD,LMP,LMP_PRC,ELK_GNODERSS,ALL,1,86.94,2,1
2022-09-01T16:15:00-00:00,2022-09-01T16:30:00-00:00,2022-09-01,10,ELK_GNODERSS,ELK_GNODERSS,ELK_GNODERSS,RTPD,LMP,LMP_PRC,ELK_GNODERSS,ALL,1,87.83857,2,1
2022-09-01T17:15:00-00:00,2022-09-01T17:30:00-00:00,2022-09-01,11,ELK_GNODERSS,ELK_GNODERSS,ELK_GNODERSS,RTPD,LMP,LMP_PRC,ELK_GNODERSS,ALL,1,79.30233,2,1
2022-09-01T18:15:00-00:00,2022-09-01T18:30:00-00:00,2022-09-01,12,ELK_GNODERSS,ELK_GNODERSS,ELK_GNODERSS,RTPD,LMP,LMP_PRC,ELK_GNODERSS,ALL,1,74.99245,2,1
2022-09-01T19:15:00-00:00,2022-09-01T19:30:00-00:00,2022-09-01,13,ELK_GNODERSS,ELK_GNODERSS,ELK_GNODERSS,RTPD,LMP,LMP_PRC,ELK_GNODERSS,ALL,1,76.09262,2,1
2022-09-01T20:15:00-00:00,2022-09-01T20:30:00-00:00,2022-09-01,14,ELK_GNODERSS,ELK_GNODERSS,ELK_GNODERSS,RTPD,LMP,LMP_PRC,ELK_GNODERSS,ALL,1,114.35435,2,1
2022-09-01T21:15:00-00:00,2022-09-01T21:30:00-00:00,2022-09-01,15,ELK_GNODERSS,ELK_GNODERSS,ELK_GNODERSS,RTPD,LMP,LMP_PRC,ELK_GNODERSS,ALL,1,120.56868,2,1
2022-09-01T22:15:00-00:00,2022-09-01T22:30:00-00:00,2022-09-01,16,ELK_GNODERSS,ELK_GNODERSS,ELK_GNODERSS,RTPD,LMP,LMP_PRC,ELK_GNODERSS,ALL,1,139.4708,2,1
2022-09-01T23:15:00-00:00,2022-09-01T23:30:00-00:00,2022-09-01,17,ELK_GNODERSS,ELK_GNODERSS,ELK_GNODERSS,RTPD,LMP,LMP_PRC,ELK_GNODERSS,ALL,1,264.7351,2,1
2022-09-02T00:15:00-00:00,2022-09-02T00:30:00-00:00,2022-09-01,18,ELK_GNODERSS,ELK_GNODERSS,ELK_GNODERSS,RTPD,LMP,LMP_PRC,ELK_GNODERSS,ALL,1,1048.714,2,1
2022-09-02T01:15:00-00:00,2022-09-02T01:30:00-00:00,2022-09-01,19,ELK_GNODERSS,ELK_GNODERSS,ELK_GNODERSS,RTPD,LMP,LMP_PRC,ELK_GNODERSS,ALL,1,1999.9945,2,1
2022-09-02T02:15:00-00:00,2022-09-02T02:30:00-00:00,2022-09-01,20,ELK_GNODERSS,ELK_GNODERSS,ELK_GNODERSS,RTPD,LMP,LMP_PRC,ELK_GNODERSS,ALL,1,1991.671,2,1
2022-09-02T03:15:00-00:00,2022-09-02T03:30:00-00:00,2022-09-01,21,ELK_GNODERSS,ELK_GNODERSS,ELK_GNODERSS,RTPD,LMP,LMP_PRC,ELK_GNODERSS,ALL,1,570.7933,2,1
2022-09-02T04:15:00-00:00,2022-09-02T04:30:00-00:00,2022-09-01,22,ELK_GNODERSS,ELK_GNODERSS,ELK_GNODERSS,RTPD,LMP,LMP_PRC,ELK_GNODERSS,ALL,1,232.548,2,1
2022-09-02T05:15:00-00:00,2022-09-02T05:30:00-00:00,2022-09-01,23,ELK_GNODERSS,ELK_GNODERSS,ELK_GNODERSS,RTPD,LMP,LMP_PRC,ELK_GNODERSS,ALL,1,162.02324,2,1
2022-09-02T06:15:00-00:00,2022-09-02T06:30:00-00:00,2022-09-01,24,ELK_GNODERSS,ELK_GNODERSS,ELK_GNODERSS,RTPD,LMP,LMP_PRC,ELK_GNODERSS,ALL,1,145.27686,2,1
2022-09-01T07:30:00-00:00,2022-09-01T07:45:00-00:00,2022-09-01,01,ELK_GNODERSS,ELK_GNODERSS,ELK_GNODERSS,RTPD,LMP,LMP_PRC,ELK_GNODERSS,ALL,1,103.12732,3,1
2022-09-01T08:30:00-00:00,2022-09-01T08:45:00-00:00,2022-09-01,02,ELK_GNODERSS,ELK_GNODERSS,ELK_GNODERSS,RTPD,LMP,LMP_PRC,ELK_GNODERSS,ALL,1,112.59057,3,1
2022-09-01T09:30:00-00:00,2022-09-01T09:45:00-00:00,2022-09-01,03,ELK_GNODERSS,ELK_GNODERSS,ELK_GNODERSS,RTPD,LMP,LMP_PRC,ELK_GNODERSS,ALL,1,93.14514,3,1
2022-09-01T10:30:00-00:00,2022-09-01T10:45:00-00:00,2022-09-01,04,ELK_GNODERSS,ELK_GNODERSS,ELK_GNODERSS,RTPD,LMP,LMP_PRC,ELK_GNODERSS,ALL,1,94.32304,3,1
2022-09-01T11:30:00-00:00,2022-09-01T11:45:00-00:00,2022-09-01,05,ELK_GNODERSS,ELK_GNODERSS,ELK_GNODERSS,RTPD,LMP,LMP_PRC,ELK_GNODERSS,ALL,1,103.95983,3,1
2022-09-01T12:30:00-00:00,2022-09-01T12:45:00-00:00,2022-09-01,06,ELK_GNODERSS,ELK_GNODERSS,ELK_GNODERSS,RTPD,LMP,LMP_PRC,ELK_GNODERSS,ALL,1,103.70681,3,1
2022-09-01T13:30:00-00:00,2022-09-01T13:45:00-00:00,2022-09-01,07,ELK_GNODERSS,ELK_GNODERSS,ELK_GNODERSS,RTPD,LMP,LMP_PRC,ELK_GNODERSS,ALL,1,112.23277,3,1
2022-09-01T14:30:00-00:00,2022-09-01T14:45:00-00:00,2022-09-01,08,ELK_GNODERSS,ELK_GNODERSS,ELK_GNODERSS,RTPD,LMP,LMP_PRC,ELK_GNODERSS,ALL,1,104.32799,3,1
2022-09-01T15:30:00-00:00,2022-09-01T15:45:00-00:00,2022-09-01,09,ELK_GNODERSS,ELK_GNODERSS,ELK_GNODERSS,RTPD,LMP,LMP_PRC,ELK_GNODERSS,ALL,1,86.14,3,1
2022-09-01T16:30:00-00:00,2022-09-01T16:45:00-00:00,2022-09-01,10,ELK_GNODERSS,ELK_GNODERSS,ELK_GNODERSS,RTPD,LMP,LMP_PRC,ELK_GNODERSS,ALL,1,75.30548,3,1
2022-09-01T17:30:00-00:00,2022-09-01T17:45:00-00:00,2022-09-01,11,ELK_GNODERSS,ELK_GNODERSS,ELK_GNODERSS,RTPD,LMP,LMP_PRC,ELK_GNODERSS,ALL,1,79.01045,3,1
2022-09-01T18:30:00-00:00,2022-09-01T18:45:00-00:00,2022-09-01,12,ELK_GNODERSS,ELK_GNODERSS,ELK_GNODERSS,RTPD,LMP,LMP_PRC,ELK_GNODERSS,ALL,1,79.91461,3,1
2022-09-01T19:30:00-00:00,2022-09-01T19:45:00-00:00,2022-09-01,13,ELK_GNODERSS,ELK_GNODERSS,ELK_GNODERSS,RTPD,LMP,LMP_PRC,ELK_GNODERSS,ALL,1,101.54017,3,1
2022-09-01T20:30:00-00:00,2022-09-01T20:45:00-00:00,2022-09-01,14,ELK_GNODERSS,ELK_GNODERSS,ELK_GNODERSS,RTPD,LMP,LMP_PRC,ELK_GNODERSS,ALL,1,117.1437,3,1
2022-09-01T21:30:00-00:00,2022-09-01T21:45:00-00:00,2022-09-01,15,ELK_GNODERSS,ELK_GNODERSS,ELK_GNODERSS,RTPD,LMP,LMP_PRC,ELK_GNODERSS,ALL,1,128.45499,3,1
2022-09-01T22:30:00-00:00,2022-09-01T22:45:00-00:00,2022-09-01,16,ELK_GNODERSS,ELK_GNODERSS,ELK_GNODERSS,RTPD,LMP,LMP_PRC,ELK_GNODERSS,ALL,1,157.75629,3,1
2022-09-01T23:30:00-00:00,2022-09-01T23:45:00-00:00,2022-09-01,17,ELK_GNODERSS,ELK_GNODERSS,ELK_GNODERSS,RTPD,LMP,LMP_PRC,ELK_GNODERSS,ALL,1,566.4828,3,1
2022-09-02T00:30:00-00:00,2022-09-02T00:45:00-00:00,2022-09-01,18,ELK_GNODERSS,ELK_GNODERSS,ELK_GNODERSS,RTPD,LMP,LMP_PRC,ELK_GNODERSS,ALL,1,1780.8684,3,1
2022-09-02T01:30:00-00:00,2022-09-02T01:45:00-00:00,2022-09-01,19,ELK_GNODERSS,ELK_GNODERSS,ELK_GNODERSS,RTPD,LMP,LMP_PRC,ELK_GNODERSS,ALL,1,1999.9944,3,1
2022-09-02T02:30:00-00:00,2022-09-02T02:45:00-00:00,2022-09-01,20,ELK_GNODERSS,ELK_GNODERSS,ELK_GNODERSS,RTPD,LMP,LMP_PRC,ELK_GNODERSS,ALL,1,1991.6698,3,1
2022-09-02T03:30:00-00:00,2022-09-02T03:45:00-00:00,2022-09-01,21,ELK_GNODERSS,ELK_GNODERSS,ELK_GNODERSS,RTPD,LMP,LMP_PRC,ELK_GNODERSS,ALL,1,231.12193,3,1
2022-09-02T04:30:00-00:00,2022-09-02T04:45:00-00:00,2022-09-01,22,ELK_GNODERSS,ELK_GNODERSS,ELK_GNODERSS,RTPD,LMP,LMP_PRC,ELK_GNODERSS,ALL,1,184.81454,3,1
2022-09-02T05:30:00-00:00,2022-09-02T05:45:00-00:00,2022-09-01,23,ELK_GNODERSS,ELK_GNODERSS,ELK_GNODERSS,RTPD,LMP,LMP_PRC,ELK_GNODERSS,ALL,1,135.2431,3,1
2022-09-02T06:30:00-00:00,2022-09-02T06:45:00-00:00,2022-09-01,24,ELK_GNODERSS,ELK_GNODERSS,ELK_GNODERSS,RTPD,LMP,LMP_PRC,ELK_GNODERSS,ALL,1,131.49069,3,1
2022-09-01T07:45:00-00:00,2022-09-01T08:00:00-00:00,2022-09-01,01,ELK_GNODERSS,ELK_GNODERSS,ELK_GNODERSS,RTPD,LMP,LMP_PRC,ELK_GNODERSS,ALL,1,91.03375,4,1
2022-09-01T08:45:00-00:00,2022-09-01T09:00:00-00:00,2022-09-01,02,ELK_GNODERSS,ELK_GNODERSS,ELK_GNODERSS,RTPD,LMP,LMP_PRC,ELK_GNODERSS,ALL,1,95.48608,4,1
2022-09-01T09:45:00-00:00,2022-09-01T10:00:00-00:00,2022-09-01,03,ELK_GNODERSS,ELK_GNODERSS,ELK_GNODERSS,RTPD,LMP,LMP_PRC,ELK_GNODERSS,ALL,1,93.11844,4,1
2022-09-01T10:45:00-00:00,2022-09-01T11:00:00-00:00,2022-09-01,04,ELK_GNODERSS,ELK_GNODERSS,ELK_GNODERSS,RTPD,LMP,LMP_PRC,ELK_GNODERSS,ALL,1,94.4509,4,1
2022-09-01T11:45:00-00:00,2022-09-01T12:00:00-00:00,2022-09-01,05,ELK_GNODERSS,ELK_GNODERSS,ELK_GNODERSS,RTPD,LMP,LMP_PRC,ELK_GNODERSS,ALL,1,107.0112,4,1
2022-09-01T12:45:00-00:00,2022-09-01T13:00:00-00:00,2022-09-01,06,ELK_GNODERSS,ELK_GNODERSS,ELK_GNODERSS,RTPD,LMP,LMP_PRC,ELK_GNODERSS,ALL,1,114.18536,4,1
2022-09-01T13:45:00-00:00,2022-09-01T14:00:00-00:00,2022-09-01,07,ELK_GNODERSS,ELK_GNODERSS,ELK_GNODERSS,RTPD,LMP,LMP_PRC,ELK_GNODERSS,ALL,1,111.4088,4,1
2022-09-01T14:45:00-00:00,2022-09-01T15:00:00-00:00,2022-09-01,08,ELK_GNODERSS,ELK_GNODERSS,ELK_GNODERSS,RTPD,LMP,LMP_PRC,ELK_GNODERSS,ALL,1,86.14,4,1
2022-09-01T15:45:00-00:00,2022-09-01T16:00:00-00:00,2022-09-01,09,ELK_GNODERSS,ELK_GNODERSS,ELK_GNODERSS,RTPD,LMP,LMP_PRC,ELK_GNODERSS,ALL,1,78.70196,4,1
2022-09-01T16:45:00-00:00,2022-09-01T17:00:00-00:00,2022-09-01,10,ELK_GNODERSS,ELK_GNODERSS,ELK_GNODERSS,RTPD,LMP,LMP_PRC,ELK_GNODERSS,ALL,1,79.03149,4,1
2022-09-01T17:45:00-00:00,2022-09-01T18:00:00-00:00,2022-09-01,11,ELK_GNODERSS,ELK_GNODERSS,ELK_GNODERSS,RTPD,LMP,LMP_PRC,ELK_GNODERSS,ALL,1,79.28726,4,1
2022-09-01T18:45:00-00:00,2022-09-01T19:00:00-00:00,2022-09-01,12,ELK_GNODERSS,ELK_GNODERSS,ELK_GNODERSS,RTPD,LMP,LMP_PRC,ELK_GNODERSS,ALL,1,81.85659,4,1
2022-09-01T19:45:00-00:00,2022-09-01T20:00:00-00:00,2022-09-01,13,ELK_GNODERSS,ELK_GNODERSS,ELK_GNODERSS,RTPD,LMP,LMP_PRC,ELK_GNODERSS,ALL,1,106.66147,4,1
2022-09-01T20:45:00-00:00,2022-09-01T21:00:00-00:00,2022-09-01,14,ELK_GNODERSS,ELK_GNODERSS,ELK_GNODERSS,RTPD,LMP,LMP_PRC,ELK_GNODERSS,ALL,1,125.84733,4,1
2022-09-01T21:45:00-00:00,2022-09-01T22:00:00-00:00,2022-09-01,15,ELK_GNODERSS,ELK_GNODERSS,ELK_GNODERSS,RTPD,LMP,LMP_PRC,ELK_GNODERSS,ALL,1,211.36937,4,1
2022-09-01T22:45:00-00:00,2022-09-01T23:00:00-00:00,2022-09-01,16,ELK_GNODERSS,ELK_GNODERSS,ELK_GNODERSS,RTPD,LMP,LMP_PRC,ELK_GNODERSS,ALL,1,175.16396,4,1
2022-09-01T23:45:00-00:00,2022-09-02T00:00:00-00:00,2022-09-01,17,ELK_GNODERSS,ELK_GNODERSS,ELK_GNODERSS,RTPD,LMP,LMP_PRC,ELK_GNODERSS,ALL,1,1654.7148,4,1
2022-09-02T00:45:00-00:00,2022-09-02T01:00:00-00:00,2022-09-01,18,ELK_GNODERSS,ELK_GNODERSS,ELK_GNODERSS,RTPD,LMP,LMP_PRC,ELK_GNODERSS,ALL,1,1803.5789,4,1
2022-09-02T01:45:00-00:00,2022-09-02T02:00:00-00:00,2022-09-01,19,ELK_GNODERSS,ELK_GNODERSS,ELK_GNODERSS,RTPD,LMP,LMP_PRC,ELK_GNODERSS,ALL,1,1991.9325,4,1
2022-09-02T02:45:00-00:00,2022-09-02T03:00:00-00:00,2022-09-01,20,ELK_GNODERSS,ELK_GNODERSS,ELK_GNODERSS,RTPD,LMP,LMP_PRC,ELK_GNODERSS,ALL,1,1866.0526,4,1
2022-09-02T03:45:00-00:00,2022-09-02T04:00:00-00:00,2022-09-01,21,ELK_GNODERSS,ELK_GNODERSS,ELK_GNODERSS,RTPD,LMP,LMP_PRC,ELK_GNODERSS,ALL,1,167.87694,4,1
2022-09-02T04:45:00-00:00,2022-09-02T05:00:00-00:00,2022-09-01,22,ELK_GNODERSS,ELK_GNODERSS,ELK_GNODERSS,RTPD,LMP,LMP_PRC,ELK_GNODERSS,ALL,1,130.64394,4,1
2022-09-02T05:45:00-00:00,2022-09-02T06:00:00-00:00,2022-09-01,23,ELK_GNODERSS,ELK_GNODERSS,ELK_GNODERSS,RTPD,LMP,LMP_PRC,ELK_GNODERSS,ALL,1,118.13756,4,1
2022-09-02T06:45:00-00:00,2022-09-02T07:00:00-00:00,2022-09-01,24,ELK_GNODERSS,ELK_GNODERSS,ELK_GNODERSS,RTPD,LMP,LMP_PRC,ELK_GNODERSS,ALL,1,111.89087,4,1
2022-09-01T07:00:00-00:00,2022-09-01T07:15:00-00:00,2022-09-01,01,ELK_GNODERSS,ELK_GNODERSS,ELK_GNODERSS,RTPD,MCC,LMP_CONG_PRC,ELK_GNODERSS,ALL,1,-16.1597,1,2
2022-09-01T08:00:00-00:00,2022-09-01T08:15:00-00:00,2022-09-01,02,ELK_GNODERSS,ELK_GNODERSS,ELK_GNODERSS,RTPD,MCC,LMP_CONG_PRC,ELK_GNODERSS,ALL,1,-3.2814,1,2
2022-09-01T09:00:00-00:00,2022-09-01T09:15:00-00:00,2022-09-01,03,ELK_GNODERSS,ELK_GNODERSS,ELK_GNODERSS,RTPD,MCC,LMP_CONG_PRC,ELK_GNODERSS,ALL,1,-4.39712,1,2
2022-09-01T10:00:00-00:00,2022-09-01T10:15:00-00:00,2022-09-01,04,ELK_GNODERSS,ELK_GNODERSS,ELK_GNODERSS,RTPD,MCC,LMP_CONG_PRC,ELK_GNODERSS,ALL,1,-3.81055,1,2
2022-09-01T11:00:00-00:00,2022-09-01T11:15:00-00:00,2022-09-01,05,ELK_GNODERSS,ELK_GNODERSS,ELK_GNODERSS,RTPD,MCC,LMP_CONG_PRC,ELK_GNODERSS,ALL,1,0.0012,1,2
2022-09-01T12:00:00-00:00,2022-09-01T12:15:00-00:00,2022-09-01,06,ELK_GNODERSS,ELK_GNODERSS,ELK_GNODERSS,RTPD,MCC,LMP_CONG_PRC,ELK_GNODERSS,ALL,1,-9.76368,1,2
2022-09-01T13:00:00-00:00,2022-09-01T13:15:00-00:00,2022-09-01,07,ELK_GNODERSS,ELK_GNODERSS,ELK_GNODERSS,RTPD,MCC,LMP_CONG_PRC,ELK_GNODERSS,ALL,1,-12.94513,1,2
2022-09-01T14:00:00-00:00,2022-09-01T14:15:00-00:00,2022-09-01,08,ELK_GNODERSS,ELK_GNODERSS,ELK_GNODERSS,RTPD,MCC,LMP_CONG_PRC,ELK_GNODERSS,ALL,1,-0.0012,1,2
2022-09-01T15:00:00-00:00,2022-09-01T15:15:00-00:00,2022-09-01,09,ELK_GNODERSS,ELK_GNODERSS,ELK_GNODERSS,RTPD,MCC,LMP_CONG_PRC,ELK_GNODERSS,ALL,1,0.0012,1,2
2022-09-01T16:00:00-00:00,2022-09-01T16:15:00-00:00,2022-09-01,10,ELK_GNODERSS,ELK_GNODERSS,ELK_GNODERSS,RTPD,MCC,LMP_CONG_PRC,ELK_GNODERSS,ALL,1,0.0012,1,2
2022-09-01T17:00:00-00:00,2022-09-01T17:15:00-00:00,2022-09-01,11,ELK_GNODERSS,ELK_GNODERSS,ELK_GNODERSS,RTPD,MCC,LMP_CONG_PRC,ELK_GNODERSS,ALL,1,-16.45631,1,2
2022-09-01T18:00:00-00:00,2022-09-01T18:15:00-00:00,2022-09-01,12,ELK_GNODERSS,ELK_GNODERSS,ELK_GNODERSS,RTPD,MCC,LMP_CONG_PRC,ELK_GNODERSS,ALL,1,-31.96117,1,2
2022-09-01T19:00:00-00:00,2022-09-01T19:15:00-00:00,2022-09-01,13,ELK_GNODERSS,ELK_GNODERSS,ELK_GNODERSS,RTPD,MCC,LMP_CONG_PRC,ELK_GNODERSS,ALL,1,-35.28722,1,2
2022-09-01T20:00:00-00:00,2022-09-01T20:15:00-00:00,2022-09-01,14,ELK_GNODERSS,ELK_GNODERSS,ELK_GNODERSS,RTPD,MCC,LMP_CONG_PRC,ELK_GNODERSS,ALL,1,-3.4683,1,2
2022-09-01T21:00:00-00:00,2022-09-01T21:15:00-00:00,2022-09-01,15,ELK_GNODERSS,ELK_GNODERSS,ELK_GNODERSS,RTPD,MCC,LMP_CONG_PRC,ELK_GNODERSS,ALL,1,-98.58828,1,2
2022-09-01T22:00:00-00:00,2022-09-01T22:15:00-00:00,2022-09-01,16,ELK_GNODERSS,ELK_GNODERSS,ELK_GNODERSS,RTPD,MCC,LMP_CONG_PRC,ELK_GNODERSS,ALL,1,-106.75918,1,2
2022-09-01T23:00:00-00:00,2022-09-01T23:15:00-00:00,2022-09-01,17,ELK_GNODERSS,ELK_GNODERSS,ELK_GNODERSS,RTPD,MCC,LMP_CONG_PRC,ELK_GNODERSS,ALL,1,-168.00908,1,2
2022-09-02T00:00:00-00:00,2022-09-02T00:15:00-00:00,2022-09-01,18,ELK_GNODERSS,ELK_GNODERSS,ELK_GNODERSS,RTPD,MCC,LMP_CONG_PRC,ELK_GNODERSS,ALL,1,329.09415,1,2
2022-09-02T01:00:00-00:00,2022-09-02T01:15:00-00:00,2022-09-01,19,ELK_GNODERSS,ELK_GNODERSS,ELK_GNODERSS,RTPD,MCC,LMP_CONG_PRC,ELK_GNODERSS,ALL,1,325.1997,1,2
2022-09-02T02:00:00-00:00,2022-09-02T02:15:00-00:00,2022-09-01,20,ELK_GNODERSS,ELK_GNODERSS,ELK_GNODERSS,RTPD,MCC,LMP_CONG_PRC,ELK_GNODERSS,ALL,1,-0.0012,1,2
2022-09-02T03:00:00-00:00,2022-09-02T03:15:00-00:00,2022-09-01,21,ELK_GNODERSS,ELK_GNODERSS,ELK_GNODERSS,RTPD,MCC,LMP_CONG_PRC,ELK_GNODERSS,ALL,1,404.56644,1,2
2022-09-02T04:00:00-00:00,2022-09-02T04:15:00-00:00,2022-09-01,22,ELK_GNODERSS,ELK_GNODERSS,ELK_GNODERSS,RTPD,MCC,LMP_CONG_PRC,ELK_GNODERSS,ALL,1,-0.0012,1,2
2022-09-02T05:00:00-00:00,2022-09-02T05:15:00-00:00,2022-09-01,23,ELK_GNODERSS,ELK_GNODERSS,ELK_GNODERSS,RTPD,MCC,LMP_CONG_PRC,ELK_GNODERSS,ALL,1,0.0012,1,2
2022-09-02T06:00:00-00:00,2022-09-02T06:15:00-00:00,2022-09-01,24,ELK_GNODERSS,ELK_GNODERSS,ELK_GNODERSS,RTPD,MCC,LMP_CONG_PRC,ELK_GNODERSS,ALL,1,0.0012,1,2
2022-09-01T07:15:00-00:00,2022-09-01T07:30:00-00:00,2022-09-01,01,ELK_GNODERSS,ELK_GNODERSS,ELK_GNODERSS,RTPD,MCC,LMP_CONG_PRC,ELK_GNODERSS,ALL,1,-9.81774,2,2
2022-09-01T08:15:00-00:00,2022-09-01T08:30:00-00:00,2022-09-01,02,ELK_GNODERSS,ELK_GNODERSS,ELK_GNODERSS,RTPD,MCC,LMP_CONG_PRC,ELK_GNODERSS,ALL,1,-0.8948,2,2
2022-09-01T09:15:00-00:00,2022-09-01T09:30:00-00:00,2022-09-01,03,ELK_GNODERSS,ELK_GNODERSS,ELK_GNODERSS,RTPD,MCC,LMP_CONG_PRC,ELK_GNODERSS,ALL,1,-5.76586,2,2
2022-09-01T10:15:00-00:00,2022-09-01T10:30:00-00:00,2022-09-01,04,ELK_GNODERSS,ELK_GNODERSS,ELK_GNODERSS,RTPD,MCC,LMP_CONG_PRC,ELK_GNODERSS,ALL,1,-5.39239,2,2
2022-09-01T11:15:00-00:00,2022-09-01T11:30:00-00:00,2022-09-01,05,ELK_GNODERSS,ELK_GNODERSS,ELK_GNODERSS,RTPD,MCC,LMP_CONG_PRC,ELK_GNODERSS,ALL,1,0.0012,2,2
2022-09-01T12:15:00-00:00,2022-09-01T12:30:00-00:00,2022-09-01,06,ELK_GNODERSS,ELK_GNODERSS,ELK_GNODERSS,RTPD,MCC,LMP_CONG_PRC,ELK_GNODERSS,ALL,1,-5.96813,2,2
2022-09-01T13:15:00-00:00,2022-09-01T13:30:00-00:00,2022-09-01,07,ELK_GNODERSS,ELK_GNODERSS,ELK_GNODERSS,RTPD,MCC,LMP_CONG_PRC,ELK_GNODERSS,ALL,1,-0.55533,2,2
2022-09-01T14:15:00-00:00,2022-09-01T14:30:00-00:00,2022-09-01,08,ELK_GNODERSS,ELK_GNODERSS,ELK_GNODERSS,RTPD,MCC,LMP_CONG_PRC,ELK_GNODERSS,ALL,1,-0.0012,2,2
2022-09-01T15:15:00-00:00,2022-09-01T15:30:00-00:00,2022-09-01,09,ELK_GNODERSS,ELK_GNODERSS,ELK_GNODERSS,RTPD,MCC,LMP_CONG_PRC,ELK_GNODERSS,ALL,1,0.0012,2,2
2022-09-01T16:15:00-00:00,2022-09-01T16:30:00-00:00,2022-09-01,10,ELK_GNODERSS,ELK_GNODERSS,ELK_GNODERSS,RTPD,MCC,LMP_CONG_PRC,ELK_GNODERSS,ALL,1,-1.61001,2,2
2022-09-01T17:15:00-00:00,2022-09-01T17:30:00-00:00,2022-09-01,11,ELK_GNODERSS,ELK_GNODERSS,ELK_GNODERSS,RTPD,MCC,LMP_CONG_PRC,ELK_GNODERSS,ALL,1,-20.0444,2,2
2022-09-01T18:15:00-00:00,2022-09-01T18:30:00-00:00,2022-09-01,12,ELK_GNODERSS,ELK_GNODERSS,ELK_GNODERSS,RTPD,MCC,LMP_CONG_PRC,ELK_GNODERSS,ALL,1,-26.16656,2,2
2022-09-01T19:15:00-00:00,2022-09-01T19:30:00-00:00,2022-09-01,13,ELK_GNODERSS,ELK_GNODERSS,ELK_GNODERSS,RTPD,MCC,LMP_CONG_PRC,ELK_GNODERSS,ALL,1,-29.21326,2,2
2022-09-01T20:15:00-00:00,2022-09-01T20:30:00-00:00,2022-09-01,14,ELK_GNODERSS,ELK_GNODERSS,ELK_GNODERSS,RTPD,MCC,LMP_CONG_PRC,ELK_GNODERSS,ALL,1,-3.13986,2,2
2022-09-01T21:15:00-00:00,2022-09-01T21:30:00-00:00,2022-09-01,15,ELK_GNODERSS,ELK_GNODERSS,ELK_GNODERSS,RTPD,MCC,LMP_CONG_PRC,ELK_GNODERSS,ALL,1,-26.64317,2,2
2022-09-01T22:15:00-00:00,2022-09-01T22:30:00-00:00,2022-09-01,16,ELK_GNODERSS,ELK_GNODERSS,ELK_GNODERSS,RTPD,MCC,LMP_CONG_PRC,ELK_GNODERSS,ALL,1,-117.11652,2,2
2022-09-01T23:15:00-00:00,2022-09-01T23:30:00-00:00,2022-09-01,17,ELK_GNODERSS,ELK_GNODERSS,ELK_GNODERSS,RTPD,MCC,LMP_CONG_PRC,ELK_GNODERSS,ALL,1,-97.38897,2,2
2022-09-02T00:15:00-00:00,2022-09-02T00:30:00-00:00,2022-09-01,18,ELK_GNODERSS,ELK_GNODERSS,ELK_GNODERSS,RTPD,MCC,LMP_CONG_PRC,ELK_GNODERSS,ALL,1,320.3083,2,2
2022-09-02T01:15:00-00:00,2022-09-02T01:30:00-00:00,2022-09-01,19,ELK_GNODERSS,ELK_GNODERSS,ELK_GNODERSS,RTPD,MCC,LMP_CONG_PRC,ELK_GNODERSS,ALL,1,0.0012,2,2
2022-09-02T02:15:00-00:00,2022-09-02T02:30:00-00:00,2022-09-01,20,ELK_GNODERSS,ELK_GNODERSS,ELK_GNODERSS,RTPD,MCC,LMP_CONG_PRC,ELK_GNODERSS,ALL,1,-0.0012,2,2
2022-09-02T03:15:00-00:00,2022-09-02T03:30:00-00:00,2022-09-01,21,ELK_GNODERSS,ELK_GNODERSS,ELK_GNODERSS,RTPD,MCC,LMP_CONG_PRC,ELK_GNODERSS,ALL,1,141.82695,2,2
2022-09-02T04:15:00-00:00,2022-09-02T04:30:00-00:00,2022-09-01,22,ELK_GNODERSS,ELK_GNODERSS,ELK_GNODERSS,RTPD,MCC,LMP_CONG_PRC,ELK_GNODERSS,ALL,1,-0.0012,2,2
2022-09-02T05:15:00-00:00,2022-09-02T05:30:00-00:00,2022-09-01,23,ELK_GNODERSS,ELK_GNODERSS,ELK_GNODERSS,RTPD,MCC,LMP_CONG_PRC,ELK_GNODERSS,ALL,1,0.0012,2,2
2022-09-02T06:15:00-00:00,2022-09-02T06:30:00-00:00,2022-09-01,24,ELK_GNODERSS,ELK_GNODERSS,ELK_GNODERSS,RTPD,MCC,LMP_CONG_PRC,ELK_GNODERSS,ALL,1,0.0012,2,2
2022-09-01T07:30:00-00:00,2022-09-01T07:45:00-00:00,2022-09-01,01,ELK_GNODERSS,ELK_GNODERSS,ELK_GNODERSS,RTPD,MCC,LMP_CONG_PRC,ELK_GNODERSS,ALL,1,-15.90464,3,2
2022-09-01T08:30:00-00:00,2022-09-01T08:45:00-00:00,2022-09-01,02,ELK_GNODERSS,ELK_GNODERSS,ELK_GNODERSS,RTPD,MCC,LMP_CONG_PRC,ELK_GNODERSS,ALL,1,0.00035,3,2
2022-09-01T09:30:00-00:00,2022-09-01T09:45:00-00:00,2022-09-01,03,ELK_GNODERSS,ELK_GNODERSS,ELK_GNODERSS,RTPD,MCC,LMP_CONG_PRC,ELK_GNODERSS,ALL,1,-5.7141,3,2
2022-09-01T10:30:00-00:00,2022-09-01T10:45:00-00:00,2022-09-01,04,ELK_GNODERSS,ELK_GNODERSS,ELK_GNODERSS,RTPD,MCC,LMP_CONG_PRC,ELK_GNODERSS,ALL,1,-3.0414,3,2
2022-09-01T11:30:00-00:00,2022-09-01T11:45:00-00:00,2022-09-01,05,ELK_GNODERSS,ELK_GNODERSS,ELK_GNODERSS,RTPD,MCC,LMP_CONG_PRC,ELK_GNODERSS,ALL,1,0.0012,3,2
2022-09-01T12:30:00-00:00,2022-09-01T12:45:00-00:00,2022-09-01,06,ELK_GNODERSS,ELK_GNODERSS,ELK_GNODERSS,RTPD,MCC,LMP_CONG_PRC,ELK_GNODERSS,ALL,1,-10.31017,3,2
2022-09-01T13:30:00-00:00,2022-09-01T13:45:00-00:00,2022-09-01,07,ELK_GNODERSS,ELK_GNODERSS,ELK_GNODERSS,RTPD,MCC,LMP_CONG_PRC,ELK_GNODERSS,ALL,1,-0.0012,3,2
2022-09-01T14:30:00-00:00,2022-09-01T14:45:00-00:00,2022-09-01,08,ELK_GNODERSS,ELK_GNODERSS,ELK_GNODERSS,RTPD,MCC,LMP_CONG_PRC,ELK_GNODERSS,ALL,1,-0.0012,3,2
2022-09-01T15:30:00-00:00,2022-09-01T15:45:00-00:00,2022-09-01,09,ELK_GNODERSS,ELK_GNODERSS,ELK_GNODERSS,RTPD,MCC,LMP_CONG_PRC,ELK_GNODERSS,ALL,1,0.0012,3,2
2022-09-01T16:30:00-00:00,2022-09-01T16:45:00-00:00,2022-09-01,10,ELK_GNODERSS,ELK_GNODERSS,ELK_GNODERSS,RTPD,MCC,LMP_CONG_PRC,ELK_GNODERSS,ALL,1,-13.49096,3,2
2022-09-01T17:30:00-00:00,2022-09-01T17:45:00-00:00,2022-09-01,11,ELK_GNODERSS,ELK_GNODERSS,ELK_GNODERSS,RTPD,MCC,LMP_CONG_PRC,ELK_GNODERSS,ALL,1,-20.11968,3,2
2022-09-01T18:30:00-00:00,2022-09-01T18:45:00-00:00,2022-09-01,12,ELK_GNODERSS,ELK_GNODERSS,ELK_GNODERSS,RTPD,MCC,LMP_CONG_PRC,ELK_GNODERSS,ALL,1,-27.14257,3,2
2022-09-01T19:30:00-00:00,2022-09-01T19:45:00-00:00,2022-09-01,13,ELK_GNODERSS,ELK_GNODERSS,ELK_GNODERSS,RTPD,MCC,LMP_CONG_PRC,ELK_GNODERSS,ALL,1,-12.51888,3,2
2022-09-01T20:30:00-00:00,2022-09-01T20:45:00-00:00,2022-09-01,14,ELK_GNODERSS,ELK_GNODERSS,ELK_GNODERSS,RTPD,MCC,LMP_CONG_PRC,ELK_GNODERSS,ALL,1,-12.67234,3,2
2022-09-01T21:30:00-00:00,2022-09-01T21:45:00-00:00,2022-09-01,15,ELK_GNODERSS,ELK_GNODERSS,ELK_GNODERSS,RTPD,MCC,LMP_CONG_PRC,ELK_GNODERSS,ALL,1,-24.47558,3,2
2022-09-01T22:30:00-00:00,2022-09-01T22:45:00-00:00,2022-09-01,16,ELK_GNODERSS,ELK_GNODERSS,ELK_GNODERSS,RTPD,MCC,LMP_CONG_PRC,ELK_GNODERSS,ALL,1,-125.42553,3,2
2022-09-01T23:30:00-00:00,2022-09-01T23:45:00-00:00,2022-09-01,17,ELK_GNODERSS,ELK_GNODERSS,ELK_GNODERSS,RTPD,MCC,LMP_CONG_PRC,ELK_GNODERSS,ALL,1,0.0012,3,2
2022-09-02T00:30:00-00:00,2022-09-02T00:45:00-00:00,2022-09-01,18,ELK_GNODERSS,ELK_GNODERSS,ELK_GNODERSS,RTPD,MCC,LMP_CONG_PRC,ELK_GNODERSS,ALL,1,451.7558,3,2
2022-09-02T01:30:00-00:00,2022-09-02T01:45:00-00:00,2022-09-01,19,ELK_GNODERSS,ELK_GNODERSS,ELK_GNODERSS,RTPD,MCC,LMP_CONG_PRC,ELK_GNODERSS,ALL,1,-0.0012,3,2
2022-09-02T02:30:00-00:00,2022-09-02T02:45:00-00:00,2022-09-01,20,ELK_GNODERSS,ELK_GNODERSS,ELK_GNODERSS,RTPD,MCC,LMP_CONG_PRC,ELK_GNODERSS,ALL,1,-0.0012,3,2
2022-09-02T03:30:00-00:00,2022-09-02T03:45:00-00:00,2022-09-01,21,ELK_GNODERSS,ELK_GNODERSS,ELK_GNODERSS,RTPD,MCC,LMP_CONG_PRC,ELK_GNODERSS,ALL,1,31.90707,3,2
2022-09-02T04:30:00-00:00,2022-09-02T04:45:00-00:00,2022-09-01,22,ELK_GNODERSS,ELK_GNODERSS,ELK_GNODERSS,RTPD,MCC,LMP_CONG_PRC,ELK_GNODERSS,ALL,1,-0.0012,3,2
2022-09-02T05:30:00-00:00,2022-09-02T05:45:00-00:00,2022-09-01,23,ELK_GNODERSS,ELK_GNODERSS,ELK_GNODERSS,RTPD,MCC,LMP_CONG_PRC,ELK_GNODERSS,ALL,1,0.0012,3,2
2022-09-02T06:30:00-00:00,2022-09-02T06:45:00-00:00,2022-09-01,24,ELK_GNODERSS,ELK_GNODERSS,ELK_GNODERSS,RTPD,MCC,LMP_CONG_PRC,ELK_GNODERSS,ALL,1,0.0012,3,2
2022-09-01T07:45:00-00:00,2022-09-01T08:00:00-00:00,2022-09-01,01,ELK_GNODERSS,ELK_GNODERSS,ELK_GNODERSS,RTPD,MCC,LMP_CONG_PRC,ELK_GNODERSS,ALL,1,-18.08724,4,2
2022-09-01T08:45:00-00:00,2022-09-01T09:00:00-00:00,2022-09-01,02,ELK_GNODERSS,ELK_GNODERSS,ELK_GNODERSS,RTPD,MCC,LMP_CONG_PRC,ELK_GNODERSS,ALL,1,-4.42459,4,2
2022-09-01T09:45:00-00:00,2022-09-01T10:00:00-00:00,2022-09-01,03,ELK_GNODERSS,ELK_GNODERSS,ELK_GNODERSS,RTPD,MCC,LMP_CONG_PRC,ELK_GNODERSS,ALL,1,-5.0981,4,2
2022-09-01T10:45:00-00:00,2022-09-01T11:00:00-00:00,2022-09-01,04,ELK_GNODERSS,ELK_GNODERSS,ELK_GNODERSS,RTPD,MCC,LMP_CONG_PRC,ELK_GNODERSS,ALL,1,-1.19703,4,2
2022-09-01T11:45:00-00:00,2022-09-01T12:00:00-00:00,2022-09-01,05,ELK_GNODERSS,ELK_GNODERSS,ELK_GNODERSS,RTPD,MCC,LMP_CONG_PRC,ELK_GNODERSS,ALL,1,0.0012,4,2
2022-09-01T12:45:00-00:00,2022-09-01T13:00:00-00:00,2022-09-01,06,ELK_GNODERSS,ELK_GNODERSS,ELK_GNODERSS,RTPD,MCC,LMP_CONG_PRC,ELK_GNODERSS,ALL,1,-2.29944,4,2
2022-09-01T13:45:00-00:00,2022-09-01T14:00:00-00:00,2022-09-01,07,ELK_GNODERSS,ELK_GNODERSS,ELK_GNODERSS,RTPD,MCC,LMP_CONG_PRC,ELK_GNODERSS,ALL,1,-0.0012,4,2
2022-09-01T14:45:00-00:00,2022-09-01T15:00:00-00:00,2022-09-01,08,ELK_GNODERSS,ELK_GNODERSS,ELK_GNODERSS,RTPD,MCC,LMP_CONG_PRC,ELK_GNODERSS,ALL,1,0.0012,4,2
2022-09-01T15:45:00-00:00,2022-09-01T16:00:00-00:00,2022-09-01,09,ELK_GNODERSS,ELK_GNODERSS,ELK_GNODERSS,RTPD,MCC,LMP_CONG_PRC,ELK_GNODERSS,ALL,1,0.0012,4,2
2022-09-01T16:45:00-00:00,2022-09-01T17:00:00-00:00,2022-09-01,10,ELK_GNODERSS,ELK_GNODERSS,ELK_GNODERSS,RTPD,MCC,LMP_CONG_PRC,ELK_GNODERSS,ALL,1,-12.21784,4,2
2022-09-01T17:45:00-00:00,2022-09-01T18:00:00-00:00,2022-09-01,11,ELK_GNODERSS,ELK_GNODERSS,ELK_GNODERSS,RTPD,MCC,LMP_CONG_PRC,ELK_GNODERSS,ALL,1,-19.91818,4,2
2022-09-01T18:45:00-00:00,2022-09-01T19:00:00-00:00,2022-09-01,12,ELK_GNODERSS,ELK_GNODERSS,ELK_GNODERSS,RTPD,MCC,LMP_CONG_PRC,ELK_GNODERSS,ALL,1,-27.18405,4,2
2022-09-01T19:45:00-00:00,2022-09-01T20:00:00-00:00,2022-09-01,13,ELK_GNODERSS,ELK_GNODERSS,ELK_GNODERSS,RTPD,MCC,LMP_CONG_PRC,ELK_GNODERSS,ALL,1,-13.56344,4,2
2022-09-01T20:45:00-00:00,2022-09-01T21:00:00-00:00,2022-09-01,14,ELK_GNODERSS,ELK_GNODERSS,ELK_GNODERSS,RTPD,MCC,LMP_CONG_PRC,ELK_GNODERSS,ALL,1,-28.17776,4,2
2022-09-01T21:45:00-00:00,2022-09-01T22:00:00-00:00,2022-09-01,15,ELK_GNODERSS,ELK_GNODERSS,ELK_GNODERSS,RTPD,MCC,LMP_CONG_PRC,ELK_GNODERSS,ALL,1,-88.92439,4,2
2022-09-01T22:45:00-00:00,2022-09-01T23:00:00-00:00,2022-09-01,16,ELK_GNODERSS,ELK_GNODERSS,ELK_GNODERSS,RTPD,MCC,LMP_CONG_PRC,ELK_GNODERSS,ALL,1,-254.74973,4,2
2022-09-01T23:45:00-00:00,2022-09-02T00:00:00-00:00,2022-09-01,17,ELK_GNODERSS,ELK_GNODERSS,ELK_GNODERSS,RTPD,MCC,LMP_CONG_PRC,ELK_GNODERSS,ALL,1,393.5024,4,2
2022-09-02T00:45:00-00:00,2022-09-02T01:00:00-00:00,2022-09-01,18,ELK_GNODERSS,ELK_GNODERSS,ELK_GNODERSS,RTPD,MCC,LMP_CONG_PRC,ELK_GNODERSS,ALL,1,284.42987,4,2
2022-09-02T01:45:00-00:00,2022-09-02T02:00:00-00:00,2022-09-01,19,ELK_GNODERSS,ELK_GNODERSS,ELK_GNODERSS,RTPD,MCC,LMP_CONG_PRC,ELK_GNODERSS,ALL,1,-0.0012,4,2
2022-09-02T02:45:00-00:00,2022-09-02T03:00:00-00:00,2022-09-01,20,ELK_GNODERSS,ELK_GNODERSS,ELK_GNODERSS,RTPD,MCC,LMP_CONG_PRC,ELK_GNODERSS,ALL,1,129.52818,4,2
2022-09-02T03:45:00-00:00,2022-09-02T04:00:00-00:00,2022-09-01,21,ELK_GNODERSS,ELK_GNODERSS,ELK_GNODERSS,RTPD,MCC,LMP_CONG_PRC,ELK_GNODERSS,ALL,1,18.58227,4,2
2022-09-02T04:45:00-00:00,2022-09-02T05:00:00-00:00,2022-09-01,22,ELK_GNODERSS,ELK_GNODERSS,ELK_GNODERSS,RTPD,MCC,LMP_CONG_PRC,ELK_GNODERSS,ALL,1,0.0012,4,2
2022-09-02T05:45:00-00:00,2022-09-02T06:00:00-00:00,2022-09-01,23,ELK_GNODERSS,ELK_GNODERSS,ELK_GNODERSS,RTPD,MCC,LMP_CONG_PRC,ELK_GNODERSS,ALL,1,-4.0853,4,2
2022-09-02T06:45:00-00:00,2022-09-02T07:00:00-00:00,2022-09-01,24,ELK_GNODERSS,ELK_GNODERSS,ELK_GNODERSS,RTPD,MCC,LMP_CONG_PRC,ELK_GNODERSS,ALL,1,0.0012,4,2
2022-09-01T07:00:00-00:00,2022-09-01T07:15:00-00:00,2022-09-01,01,ELK_GNODERSS,ELK_GNODERSS,ELK_GNODERSS,RTPD,MCE,LMP_ENE_PRC,ELK_GNODERSS,ALL,1,104.23471,1,3
2022-09-01T08:00:00-00:00,2022-09-01T08:15:00-00:00,2022-09-01,02,ELK_GNODERSS,ELK_GNODERSS,ELK_GNODERSS,RTPD,MCE,LMP_ENE_PRC,ELK_GNODERSS,ALL,1,115.5488,1,3
2022-09-01T09:00:00-00:00,2022-09-01T09:15:00-00:00,2022-09-01,03,ELK_GNODERSS,ELK_GNODERSS,ELK_GNODERSS,RTPD,MCE,LMP_ENE_PRC,ELK_GNODERSS,ALL,1,99.73061,1,3
2022-09-01T10:00:00-00:00,2022-09-01T10:15:00-00:00,2022-09-01,04,ELK_GNODERSS,ELK_GNODERSS,ELK_GNODERSS,RTPD,MCE,LMP_ENE_PRC,ELK_GNODERSS,ALL,1,98.64222,1,3
2022-09-01T11:00:00-00:00,2022-09-01T11:15:00-00:00,2022-09-01,05,ELK_GNODERSS,ELK_GNODERSS,ELK_GNODERSS,RTPD,MCE,LMP_ENE_PRC,ELK_GNODERSS,ALL,1,102.56859,1,3
2022-09-01T12:00:00-00:00,2022-09-01T12:15:00-00:00,2022-09-01,06,ELK_GNODERSS,ELK_GNODERSS,ELK_GNODERSS,RTPD,MCE,LMP_ENE_PRC,ELK_GNODERSS,ALL,1,96.90845,1,3
2022-09-01T13:00:00-00:00,2022-09-01T13:15:00-00:00,2022-09-01,07,ELK_GNODERSS,ELK_GNODERSS,ELK_GNODERSS,RTPD,MCE,LMP_ENE_PRC,ELK_GNODERSS,ALL,1,101.80878,1,3
2022-09-01T14:00:00-00:00,2022-09-01T14:15:00-00:00,2022-09-01,08,ELK_GNODERSS,ELK_GNODERSS,ELK_GNODERSS,RTPD,MCE,LMP_ENE_PRC,ELK_GNODERSS,ALL,1,111.11219,1,3
2022-09-01T15:00:00-00:00,2022-09-01T15:15:00-00:00,2022-09-01,09,ELK_GNODERSS,ELK_GNODERSS,ELK_GNODERSS,RTPD,MCE,LMP_ENE_PRC,ELK_GNODERSS,ALL,1,97.4112,1,3
2022-09-01T16:00:00-00:00,2022-09-01T16:15:00-00:00,2022-09-01,10,ELK_GNODERSS,ELK_GNODERSS,ELK_GNODERSS,RTPD,MCE,LMP_ENE_PRC,ELK_GNODERSS,ALL,1,83.43525,1,3
2022-09-01T17:00:00-00:00,2022-09-01T17:15:00-00:00,2022-09-01,11,ELK_GNODERSS,ELK_GNODERSS,ELK_GNODERSS,RTPD,MCE,LMP_ENE_PRC,ELK_GNODERSS,ALL,1,96.94897,1,3
2022-09-01T18:00:00-00:00,2022-09-01T18:15:00-00:00,2022-09-01,12,ELK_GNODERSS,ELK_GNODERSS,ELK_GNODERSS,RTPD,MCE,LMP_ENE_PRC,ELK_GNODERSS,ALL,1,91.59291,1,3
2022-09-01T19:00:00-00:00,2022-09-01T19:15:00-00:00,2022-09-01,13,ELK_GNODERSS,ELK_GNODERSS,ELK_GNODERSS,RTPD,MCE,LMP_ENE_PRC,ELK_GNODERSS,ALL,1,109.19637,1,3
2022-09-01T20:00:00-00:00,2022-09-01T20:15:00-00:00,2022-09-01,14,ELK_GNODERSS,ELK_GNODERSS,ELK_GNODERSS,RTPD,MCE,LMP_ENE_PRC,ELK_GNODERSS,ALL,1,117.94359,1,3
2022-09-01T21:00:00-00:00,2022-09-01T21:15:00-00:00,2022-09-01,15,ELK_GNODERSS,ELK_GNODERSS,ELK_GNODERSS,RTPD,MCE,LMP_ENE_PRC,ELK_GNODERSS,ALL,1,226.61499,1,3
2022-09-01T22:00:00-00:00,2022-09-01T22:15:00-00:00,2022-09-01,16,ELK_GNODERSS,ELK_GNODERSS,ELK_GNODERSS,RTPD,MCE,LMP_ENE_PRC,ELK_GNODERSS,ALL,1,229.18552,1,3
2022-09-01T23:00:00-00:00,2022-09-01T23:15:00-00:00,2022-09-01,17,ELK_GNODERSS,ELK_GNODERSS,ELK_GNODERSS,RTPD,MCE,LMP_ENE_PRC,ELK_GNODERSS,ALL,1,386.7537,1,3
2022-09-02T00:00:00-00:00,2022-09-02T00:15:00-00:00,2022-09-01,18,ELK_GNODERSS,ELK_GNODERSS,ELK_GNODERSS,RTPD,MCE,LMP_ENE_PRC,ELK_GNODERSS,ALL,1,770.58136,1,3
2022-09-02T01:00:00-00:00,2022-09-02T01:15:00-00:00,2022-09-01,19,ELK_GNODERSS,ELK_GNODERSS,ELK_GNODERSS,RTPD,MCE,LMP_ENE_PRC,ELK_GNODERSS,ALL,1,916.27124,1,3
2022-09-02T02:00:00-00:00,2022-09-02T02:15:00-00:00,2022-09-01,20,ELK_GNODERSS,ELK_GNODERSS,ELK_GNODERSS,RTPD,MCE,LMP_ENE_PRC,ELK_GNODERSS,ALL,1,1991.6721,1,3
2022-09-02T03:00:00-00:00,2022-09-02T03:15:00-00:00,2022-09-01,21,ELK_GNODERSS,ELK_GNODERSS,ELK_GNODERSS,RTPD,MCE,LMP_ENE_PRC,ELK_GNODERSS,ALL,1,917.5508,1,3
2022-09-02T04:00:00-00:00,2022-09-02T04:15:00-00:00,2022-09-01,22,ELK_GNODERSS,ELK_GNODERSS,ELK_GNODERSS,RTPD,MCE,LMP_ENE_PRC,ELK_GNODERSS,ALL,1,257.83005,1,3
2022-09-02T05:00:00-00:00,2022-09-02T05:15:00-00:00,2022-09-01,23,ELK_GNODERSS,ELK_GNODERSS,ELK_GNODERSS,RTPD,MCE,LMP_ENE_PRC,ELK_GNODERSS,ALL,1,183.24657,1,3
2022-09-02T06:00:00-00:00,2022-09-02T06:15:00-00:00,2022-09-01,24,ELK_GNODERSS,ELK_GNODERSS,ELK_GNODERSS,RTPD,MCE,LMP_ENE_PRC,ELK_GNODERSS,ALL,1,158.867,1,3
2022-09-01T07:15:00-00:00,2022-09-01T07:30:00-00:00,2022-09-01,01,ELK_GNODERSS,ELK_GNODERSS,ELK_GNODERSS,RTPD,MCE,LMP_ENE_PRC,ELK_GNODERSS,ALL,1,125.55144,2,3
2022-09-01T08:15:00-00:00,2022-09-01T08:30:00-00:00,2022-09-01,02,ELK_GNODERSS,ELK_GNODERSS,ELK_GNODERSS,RTPD,MCE,LMP_ENE_PRC,ELK_GNODERSS,ALL,1,115.53165,2,3
2022-09-01T09:15:00-00:00,2022-09-01T09:30:00-00:00,2022-09-01,03,ELK_GNODERSS,ELK_GNODERSS,ELK_GNODERSS,RTPD,MCE,LMP_ENE_PRC,ELK_GNODERSS,ALL,1,98.30543,2,3
2022-09-01T10:15:00-00:00,2022-09-01T10:30:00-00:00,2022-09-01,04,ELK_GNODERSS,ELK_GNODERSS,ELK_GNODERSS,RTPD,MCE,LMP_ENE_PRC,ELK_GNODERSS,ALL,1,97.00684,2,3
2022-09-01T11:15:00-00:00,2022-09-01T11:30:00-00:00,2022-09-01,05,ELK_GNODERSS,ELK_GNODERSS,ELK_GNODERSS,RTPD,MCE,LMP_ENE_PRC,ELK_GNODERSS,ALL,1,103.09059,2,3
2022-09-01T12:15:00-00:00,2022-09-01T12:30:00-00:00,2022-09-01,06,ELK_GNODERSS,ELK_GNODERSS,ELK_GNODERSS,RTPD,MCE,LMP_ENE_PRC,ELK_GNODERSS,ALL,1,109.32203,2,3
2022-09-01T13:15:00-00:00,2022-09-01T13:30:00-00:00,2022-09-01,07,ELK_GNODERSS,ELK_GNODERSS,ELK_GNODERSS,RTPD,MCE,LMP_ENE_PRC,ELK_GNODERSS,ALL,1,110.97827,2,3
2022-09-01T14:15:00-00:00,2022-09-01T14:30:00-00:00,2022-09-01,08,ELK_GNODERSS,ELK_GNODERSS,ELK_GNODERSS,RTPD,MCE,LMP_ENE_PRC,ELK_GNODERSS,ALL,1,104.78743,2,3
2022-09-01T15:15:00-00:00,2022-09-01T15:30:00-00:00,2022-09-01,09,ELK_GNODERSS,ELK_GNODERSS,ELK_GNODERSS,RTPD,MCE,LMP_ENE_PRC,ELK_GNODERSS,ALL,1,86.9388,2,3
2022-09-01T16:15:00-00:00,2022-09-01T16:30:00-00:00,2022-09-01,10,ELK_GNODERSS,ELK_GNODERSS,ELK_GNODERSS,RTPD,MCE,LMP_ENE_PRC,ELK_GNODERSS,ALL,1,89.44858,2,3
2022-09-01T17:15:00-00:00,2022-09-01T17:30:00-00:00,2022-09-01,11,ELK_GNODERSS,ELK_GNODERSS,ELK_GNODERSS,RTPD,MCE,LMP_ENE_PRC,ELK_GNODERSS,ALL,1,99.34673,2,3
2022-09-01T18:15:00-00:00,2022-09-01T18:30:00-00:00,2022-09-01,12,ELK_GNODERSS,ELK_GNODERSS,ELK_GNODERSS,RTPD,MCE,LMP_ENE_PRC,ELK_GNODERSS,ALL,1,101.15901,2,3
2022-09-01T19:15:00-00:00,2022-09-01T19:30:00-00:00,2022-09-01,13,ELK_GNODERSS,ELK_GNODERSS,ELK_GNODERSS,RTPD,MCE,LMP_ENE_PRC,ELK_GNODERSS,ALL,1,105.30588,2,3
2022-09-01T20:15:00-00:00,2022-09-01T20:30:00-00:00,2022-09-01,14,ELK_GNODERSS,ELK_GNODERSS,ELK_GNODERSS,RTPD,MCE,LMP_ENE_PRC,ELK_GNODERSS,ALL,1,117.49421,2,3
2022-09-01T21:15:00-00:00,2022-09-01T21:30:00-00:00,2022-09-01,15,ELK_GNODERSS,ELK_GNODERSS,ELK_GNODERSS,RTPD,MCE,LMP_ENE_PRC,ELK_GNODERSS,ALL,1,147.21185,2,3
2022-09-01T22:15:00-00:00,2022-09-01T22:30:00-00:00,2022-09-01,16,ELK_GNODERSS,ELK_GNODERSS,ELK_GNODERSS,RTPD,MCE,LMP_ENE_PRC,ELK_GNODERSS,ALL,1,256.58734,2,3
2022-09-01T23:15:00-00:00,2022-09-01T23:30:00-00:00,2022-09-01,17,ELK_GNODERSS,ELK_GNODERSS,ELK_GNODERSS,RTPD,MCE,LMP_ENE_PRC,ELK_GNODERSS,ALL,1,362.12408,2,3
2022-09-02T00:15:00-00:00,2022-09-02T00:30:00-00:00,2022-09-01,18,ELK_GNODERSS,ELK_GNODERSS,ELK_GNODERSS,RTPD,MCE,LMP_ENE_PRC,ELK_GNODERSS,ALL,1,691.2182,2,3
2022-09-02T01:15:00-00:00,2022-09-02T01:30:00-00:00,2022-09-01,19,ELK_GNODERSS,ELK_GNODERSS,ELK_GNODERSS,RTPD,MCE,LMP_ENE_PRC,ELK_GNODERSS,ALL,1,1999.9933,2,3
2022-09-02T02:15:00-00:00,2022-09-02T02:30:00-00:00,2022-09-01,20,ELK_GNODERSS,ELK_GNODERSS,ELK_GNODERSS,RTPD,MCE,LMP_ENE_PRC,ELK_GNODERSS,ALL,1,1991.6721,2,3
2022-09-02T03:15:00-00:00,2022-09-02T03:30:00-00:00,2022-09-01,21,ELK_GNODERSS,ELK_GNODERSS,ELK_GNODERSS,RTPD,MCE,LMP_ENE_PRC,ELK_GNODERSS,ALL,1,400.52884,2,3
2022-09-02T04:15:00-00:00,2022-09-02T04:30:00-00:00,2022-09-01,22,ELK_GNODERSS,ELK_GNODERSS,ELK_GNODERSS,RTPD,MCE,LMP_ENE_PRC,ELK_GNODERSS,ALL,1,224.75041,2,3
2022-09-02T05:15:00-00:00,2022-09-02T05:30:00-00:00,2022-09-01,23,ELK_GNODERSS,ELK_GNODERSS,ELK_GNODERSS,RTPD,MCE,LMP_ENE_PRC,ELK_GNODERSS,ALL,1,157.11986,2,3
2022-09-02T06:15:00-00:00,2022-09-02T06:30:00-00:00,2022-09-01,24,ELK_GNODERSS,ELK_GNODERSS,ELK_GNODERSS,RTPD,MCE,LMP_ENE_PRC,ELK_GNODERSS,ALL,1,143.1005,2,3
2022-09-01T07:30:00-00:00,2022-09-01T07:45:00-00:00,2022-09-01,01,ELK_GNODERSS,ELK_GNODERSS,ELK_GNODERSS,RTPD,MCE,LMP_ENE_PRC,ELK_GNODERSS,ALL,1,119.03196,3,3
2022-09-01T08:30:00-00:00,2022-09-01T08:45:00-00:00,2022-09-01,02,ELK_GNODERSS,ELK_GNODERSS,ELK_GNODERSS,RTPD,MCE,LMP_ENE_PRC,ELK_GNODERSS,ALL,1,111.11241,3,3
2022-09-01T09:30:00-00:00,2022-09-01T09:45:00-00:00,2022-09-01,03,ELK_GNODERSS,ELK_GNODERSS,ELK_GNODERSS,RTPD,MCE,LMP_ENE_PRC,ELK_GNODERSS,ALL,1,98.16228,3,3
2022-09-01T10:30:00-00:00,2022-09-01T10:45:00-00:00,2022-09-01,04,ELK_GNODERSS,ELK_GNODERSS,ELK_GNODERSS,RTPD,MCE,LMP_ENE_PRC,ELK_GNODERSS,ALL,1,96.36226,3,3
2022-09-01T11:30:00-00:00,2022-09-01T11:45:00-00:00,2022-09-01,05,ELK_GNODERSS,ELK_GNODERSS,ELK_GNODERSS,RTPD,MCE,LMP_ENE_PRC,ELK_GNODERSS,ALL,1,103.06198,3,3
2022-09-01T12:30:00-00:00,2022-09-01T12:45:00-00:00,2022-09-01,06,ELK_GNODERSS,ELK_GNODERSS,ELK_GNODERSS,RTPD,MCE,LMP_ENE_PRC,ELK_GNODERSS,ALL,1,113.57403,3,3
2022-09-01T13:30:00-00:00,2022-09-01T13:45:00-00:00,2022-09-01,07,ELK_GNODERSS,ELK_GNODERSS,ELK_GNODERSS,RTPD,MCE,LMP_ENE_PRC,ELK_GNODERSS,ALL,1,111.52025,3,3
2022-09-01T14:30:00-00:00,2022-09-01T14:45:00-00:00,2022-09-01,08,ELK_GNODERSS,ELK_GNODERSS,ELK_GNODERSS,RTPD,MCE,LMP_ENE_PRC,ELK_GNODERSS,ALL,1,101.83428,3,3
2022-09-01T15:30:00-00:00,2022-09-01T15:45:00-00:00,2022-09-01,09,ELK_GNODERSS,ELK_GNODERSS,ELK_GNODERSS,RTPD,MCE,LMP_ENE_PRC,ELK_GNODERSS,ALL,1,86.1388,3,3
2022-09-01T16:30:00-00:00,2022-09-01T16:45:00-00:00,2022-09-01,10,ELK_GNODERSS,ELK_GNODERSS,ELK_GNODERSS,RTPD,MCE,LMP_ENE_PRC,ELK_GNODERSS,ALL,1,88.79644,3,3
2022-09-01T17:30:00-00:00,2022-09-01T17:45:00-00:00,2022-09-01,11,ELK_GNODERSS,ELK_GNODERSS,ELK_GNODERSS,RTPD,MCE,LMP_ENE_PRC,ELK_GNODERSS,ALL,1,99.13013,3,3
2022-09-01T18:30:00-00:00,2022-09-01T18:45:00-00:00,2022-09-01,12,ELK_GNODERSS,ELK_GNODERSS,ELK_GNODERSS,RTPD,MCE,LMP_ENE_PRC,ELK_GNODERSS,ALL,1,107.05718,3,3
2022-09-01T19:30:00-00:00,2022-09-01T19:45:00-00:00,2022-09-01,13,ELK_GNODERSS,ELK_GNODERSS,ELK_GNODERSS,RTPD,MCE,LMP_ENE_PRC,ELK_GNODERSS,ALL,1,114.05905,3,3
2022-09-01T20:30:00-00:00,2022-09-01T20:45:00-00:00,2022-09-01,14,ELK_GNODERSS,ELK_GNODERSS,ELK_GNODERSS,RTPD,MCE,LMP_ENE_PRC,ELK_GNODERSS,ALL,1,129.81606,3,3
2022-09-01T21:30:00-00:00,2022-09-01T21:45:00-00:00,2022-09-01,15,ELK_GNODERSS,ELK_GNODERSS,ELK_GNODERSS,RTPD,MCE,LMP_ENE_PRC,ELK_GNODERSS,ALL,1,152.93057,3,3
2022-09-01T22:30:00-00:00,2022-09-01T22:45:00-00:00,2022-09-01,16,ELK_GNODERSS,ELK_GNODERSS,ELK_GNODERSS,RTPD,MCE,LMP_ENE_PRC,ELK_GNODERSS,ALL,1,283.18182,3,3
2022-09-01T23:30:00-00:00,2022-09-01T23:45:00-00:00,2022-09-01,17,ELK_GNODERSS,ELK_GNODERSS,ELK_GNODERSS,RTPD,MCE,LMP_ENE_PRC,ELK_GNODERSS,ALL,1,566.48157,3,3
2022-09-02T00:30:00-00:00,2022-09-02T00:45:00-00:00,2022-09-01,18,ELK_GNODERSS,ELK_GNODERSS,ELK_GNODERSS,RTPD,MCE,LMP_ENE_PRC,ELK_GNODERSS,ALL,1,1329.1127,3,3
2022-09-02T01:30:00-00:00,2022-09-02T01:45:00-00:00,2022-09-01,19,ELK_GNODERSS,ELK_GNODERSS,ELK_GNODERSS,RTPD,MCE,LMP_ENE_PRC,ELK_GNODERSS,ALL,1,1999.9956,3,3
2022-09-02T02:30:00-00:00,2022-09-02T02:45:00-00:00,2022-09-01,20,ELK_GNODERSS,ELK_GNODERSS,ELK_GNODERSS,RTPD,MCE,LMP_ENE_PRC,ELK_GNODERSS,ALL,1,1991.671,3,3
2022-09-02T03:30:00-00:00,2022-09-02T03:45:00-00:00,2022-09-01,21,ELK_GNODERSS,ELK_GNODERSS,ELK_GNODERSS,RTPD,MCE,LMP_ENE_PRC,ELK_GNODERSS,ALL,1,186.61823,3,3
2022-09-02T04:30:00-00:00,2022-09-02T04:45:00-00:00,2022-09-01,22,ELK_GNODERSS,ELK_GNODERSS,ELK_GNODERSS,RTPD,MCE,LMP_ENE_PRC,ELK_GNODERSS,ALL,1,180.67824,3,3
2022-09-02T05:30:00-00:00,2022-09-02T05:45:00-00:00,2022-09-01,23,ELK_GNODERSS,ELK_GNODERSS,ELK_GNODERSS,RTPD,MCE,LMP_ENE_PRC,ELK_GNODERSS,ALL,1,131.69917,3,3
2022-09-02T06:30:00-00:00,2022-09-02T06:45:00-00:00,2022-09-01,24,ELK_GNODERSS,ELK_GNODERSS,ELK_GNODERSS,RTPD,MCE,LMP_ENE_PRC,ELK_GNODERSS,ALL,1,128.9871,3,3
2022-09-01T07:45:00-00:00,2022-09-01T08:00:00-00:00,2022-09-01,01,ELK_GNODERSS,ELK_GNODERSS,ELK_GNODERSS,RTPD,MCE,LMP_ENE_PRC,ELK_GNODERSS,ALL,1,109.12099,4,3
2022-09-01T08:45:00-00:00,2022-09-01T09:00:00-00:00,2022-09-01,02,ELK_GNODERSS,ELK_GNODERSS,ELK_GNODERSS,RTPD,MCE,LMP_ENE_PRC,ELK_GNODERSS,ALL,1,98.7357,4,3
2022-09-01T09:45:00-00:00,2022-09-01T10:00:00-00:00,2022-09-01,03,ELK_GNODERSS,ELK_GNODERSS,ELK_GNODERSS,RTPD,MCE,LMP_ENE_PRC,ELK_GNODERSS,ALL,1,97.50475,4,3
2022-09-01T10:45:00-00:00,2022-09-01T11:00:00-00:00,2022-09-01,04,ELK_GNODERSS,ELK_GNODERSS,ELK_GNODERSS,RTPD,MCE,LMP_ENE_PRC,ELK_GNODERSS,ALL,1,94.71966,4,3
2022-09-01T11:45:00-00:00,2022-09-01T12:00:00-00:00,2022-09-01,05,ELK_GNODERSS,ELK_GNODERSS,ELK_GNODERSS,RTPD,MCE,LMP_ENE_PRC,ELK_GNODERSS,ALL,1,107.01,4,3
2022-09-01T12:45:00-00:00,2022-09-01T13:00:00-00:00,2022-09-01,06,ELK_GNODERSS,ELK_GNODERSS,ELK_GNODERSS,RTPD,MCE,LMP_ENE_PRC,ELK_GNODERSS,ALL,1,116.4848,4,3
2022-09-01T13:45:00-00:00,2022-09-01T14:00:00-00:00,2022-09-01,07,ELK_GNODERSS,ELK_GNODERSS,ELK_GNODERSS,RTPD,MCE,LMP_ENE_PRC,ELK_GNODERSS,ALL,1,111.41,4,3
2022-09-01T14:45:00-00:00,2022-09-01T15:00:00-00:00,2022-09-01,08,ELK_GNODERSS,ELK_GNODERSS,ELK_GNODERSS,RTPD,MCE,LMP_ENE_PRC,ELK_GNODERSS,ALL,1,86.1388,4,3
2022-09-01T15:45:00-00:00,2022-09-01T16:00:00-00:00,2022-09-01,09,ELK_GNODERSS,ELK_GNODERSS,ELK_GNODERSS,RTPD,MCE,LMP_ENE_PRC,ELK_GNODERSS,ALL,1,78.70076,4,3
2022-09-01T16:45:00-00:00,2022-09-01T17:00:00-00:00,2022-09-01,10,ELK_GNODERSS,ELK_GNODERSS,ELK_GNODERSS,RTPD,MCE,LMP_ENE_PRC,ELK_GNODERSS,ALL,1,91.24933,4,3
2022-09-01T17:45:00-00:00,2022-09-01T18:00:00-00:00,2022-09-01,11,ELK_GNODERSS,ELK_GNODERSS,ELK_GNODERSS,RTPD,MCE,LMP_ENE_PRC,ELK_GNODERSS,ALL,1,99.20544,4,3
2022-09-01T18:45:00-00:00,2022-09-01T19:00:00-00:00,2022-09-01,12,ELK_GNODERSS,ELK_GNODERSS,ELK_GNODERSS,RTPD,MCE,LMP_ENE_PRC,ELK_GNODERSS,ALL,1,109.04064,4,3
2022-09-01T19:45:00-00:00,2022-09-01T20:00:00-00:00,2022-09-01,13,ELK_GNODERSS,ELK_GNODERSS,ELK_GNODERSS,RTPD,MCE,LMP_ENE_PRC,ELK_GNODERSS,ALL,1,120.22491,4,3
2022-09-01T20:45:00-00:00,2022-09-01T21:00:00-00:00,2022-09-01,14,ELK_GNODERSS,ELK_GNODERSS,ELK_GNODERSS,RTPD,MCE,LMP_ENE_PRC,ELK_GNODERSS,ALL,1,154.02509,4,3
2022-09-01T21:45:00-00:00,2022-09-01T22:00:00-00:00,2022-09-01,15,ELK_GNODERSS,ELK_GNODERSS,ELK_GNODERSS,RTPD,MCE,LMP_ENE_PRC,ELK_GNODERSS,ALL,1,300.29376,4,3
2022-09-01T22:45:00-00:00,2022-09-01T23:00:00-00:00,2022-09-01,16,ELK_GNODERSS,ELK_GNODERSS,ELK_GNODERSS,RTPD,MCE,LMP_ENE_PRC,ELK_GNODERSS,ALL,1,429.9137,4,3
2022-09-01T23:45:00-00:00,2022-09-02T00:00:00-00:00,2022-09-01,17,ELK_GNODERSS,ELK_GNODERSS,ELK_GNODERSS,RTPD,MCE,LMP_ENE_PRC,ELK_GNODERSS,ALL,1,1261.2124,4,3
2022-09-02T00:45:00-00:00,2022-09-02T01:00:00-00:00,2022-09-01,18,ELK_GNODERSS,ELK_GNODERSS,ELK_GNODERSS,RTPD,MCE,LMP_ENE_PRC,ELK_GNODERSS,ALL,1,1519.149,4,3
2022-09-02T01:45:00-00:00,2022-09-02T02:00:00-00:00,2022-09-01,19,ELK_GNODERSS,ELK_GNODERSS,ELK_GNODERSS,RTPD,MCE,LMP_ENE_PRC,ELK_GNODERSS,ALL,1,1991.9337,4,3
2022-09-02T02:45:00-00:00,2022-09-02T03:00:00-00:00,2022-09-01,20,ELK_GNODERSS,ELK_GNODERSS,ELK_GNODERSS,RTPD,MCE,LMP_ENE_PRC,ELK_GNODERSS,ALL,1,1629.6213,4,3
2022-09-02T03:45:00-00:00,2022-09-02T04:00:00-00:00,2022-09-01,21,ELK_GNODERSS,ELK_GNODERSS,ELK_GNODERSS,RTPD,MCE,LMP_ENE_PRC,ELK_GNODERSS,ALL,1,141.13702,4,3
2022-09-02T04:45:00-00:00,2022-09-02T05:00:00-00:00,2022-09-01,22,ELK_GNODERSS,ELK_GNODERSS,ELK_GNODERSS,RTPD,MCE,LMP_ENE_PRC,ELK_GNODERSS,ALL,1,126.76372,4,3
2022-09-02T05:45:00-00:00,2022-09-02T06:00:00-00:00,2022-09-01,23,ELK_GNODERSS,ELK_GNODERSS,ELK_GNODERSS,RTPD,MCE,LMP_ENE_PRC,ELK_GNODERSS,ALL,1,119.00958,4,3
2022-09-02T06:45:00-00:00,2022-09-02T07:00:00-00:00,2022-09-01,24,ELK_GNODERSS,ELK_GNODERSS,ELK_GNODERSS,RTPD,MCE,LMP_ENE_PRC,ELK_GNODERSS,ALL,1,109.20324,4,3
2022-09-01T07:00:00-00:00,2022-09-01T07:15:00-00:00,2022-09-01,01,ELK_GNODERSS,ELK_GNODERSS,ELK_GNODERSS,RTPD,MCL,LMP_LOSS_PRC,ELK_GNODERSS,ALL,1,-0.06254,1,4
2022-09-01T08:00:00-00:00,2022-09-01T08:15:00-00:00,2022-09-01,02,ELK_GNODERSS,ELK_GNODERSS,ELK_GNODERSS,RTPD,MCL,LMP_LOSS_PRC,ELK_GNODERSS,ALL,1,0,1,4
2022-09-01T09:00:00-00:00,2022-09-01T09:15:00-00:00,2022-09-01,03,ELK_GNODERSS,ELK_GNODERSS,ELK_GNODERSS,RTPD,MCL,LMP_LOSS_PRC,ELK_GNODERSS,ALL,1,0.80783,1,4
2022-09-01T10:00:00-00:00,2022-09-01T10:15:00-00:00,2022-09-01,04,ELK_GNODERSS,ELK_GNODERSS,ELK_GNODERSS,RTPD,MCL,LMP_LOSS_PRC,ELK_GNODERSS,ALL,1,1.02589,1,4
2022-09-01T11:00:00-00:00,2022-09-01T11:15:00-00:00,2022-09-01,05,ELK_GNODERSS,ELK_GNODERSS,ELK_GNODERSS,RTPD,MCL,LMP_LOSS_PRC,ELK_GNODERSS,ALL,1,0.97441,1,4
2022-09-01T12:00:00-00:00,2022-09-01T12:15:00-00:00,2022-09-01,06,ELK_GNODERSS,ELK_GNODERSS,ELK_GNODERSS,RTPD,MCL,LMP_LOSS_PRC,ELK_GNODERSS,ALL,1,0.17444,1,4
2022-09-01T13:00:00-00:00,2022-09-01T13:15:00-00:00,2022-09-01,07,ELK_GNODERSS,ELK_GNODERSS,ELK_GNODERSS,RTPD,MCL,LMP_LOSS_PRC,ELK_GNODERSS,ALL,1,0,1,4
2022-09-01T14:00:00-00:00,2022-09-01T14:15:00-00:00,2022-09-01,08,ELK_GNODERSS,ELK_GNODERSS,ELK_GNODERSS,RTPD,MCL,LMP_LOSS_PRC,ELK_GNODERSS,ALL,1,2.7,1,4
2022-09-01T15:00:00-00:00,2022-09-01T15:15:00-00:00,2022-09-01,09,ELK_GNODERSS,ELK_GNODERSS,ELK_GNODERSS,RTPD,MCL,LMP_LOSS_PRC,ELK_GNODERSS,ALL,1,0,1,4
2022-09-01T16:00:00-00:00,2022-09-01T16:15:00-00:00,2022-09-01,10,ELK_GNODERSS,ELK_GNODERSS,ELK_GNODERSS,RTPD,MCL,LMP_LOSS_PRC,ELK_GNODERSS,ALL,1,0,1,4
2022-09-01T17:00:00-00:00,2022-09-01T17:15:00-00:00,2022-09-01,11,ELK_GNODERSS,ELK_GNODERSS,ELK_GNODERSS,RTPD,MCL,LMP_LOSS_PRC,ELK_GNODERSS,ALL,1,0,1,4
2022-09-01T18:00:00-00:00,2022-09-01T18:15:00-00:00,2022-09-01,12,ELK_GNODERSS,ELK_GNODERSS,ELK_GNODERSS,RTPD,MCL,LMP_LOSS_PRC,ELK_GNODERSS,ALL,1,0,1,4
2022-09-01T19:00:00-00:00,2022-09-01T19:15:00-00:00,2022-09-01,13,ELK_GNODERSS,ELK_GNODERSS,ELK_GNODERSS,RTPD,MCL,LMP_LOSS_PRC,ELK_GNODERSS,ALL,1,0,1,4
2022-09-01T20:00:00-00:00,2022-09-01T20:15:00-00:00,2022-09-01,14,ELK_GNODERSS,ELK_GNODERSS,ELK_GNODERSS,RTPD,MCL,LMP_LOSS_PRC,ELK_GNODERSS,ALL,1,0,1,4
2022-09-01T21:00:00-00:00,2022-09-01T21:15:00-00:00,2022-09-01,15,ELK_GNODERSS,ELK_GNODERSS,ELK_GNODERSS,RTPD,MCL,LMP_LOSS_PRC,ELK_GNODERSS,ALL,1,0,1,4
2022-09-01T22:00:00-00:00,2022-09-01T22:15:00-00:00,2022-09-01,16,ELK_GNODERSS,ELK_GNODERSS,ELK_GNODERSS,RTPD,MCL,LMP_LOSS_PRC,ELK_GNODERSS,ALL,1,0,1,4
2022-09-01T23:00:00-00:00,2022-09-01T23:15:00-00:00,2022-09-01,17,ELK_GNODERSS,ELK_GNODERSS,ELK_GNODERSS,RTPD,MCL,LMP_LOSS_PRC,ELK_GNODERSS,ALL,1,0,1,4
2022-09-02T00:00:00-00:00,2022-09-02T00:15:00-00:00,2022-09-01,18,ELK_GNODERSS,ELK_GNODERSS,ELK_GNODERSS,RTPD,MCL,LMP_LOSS_PRC,ELK_GNODERSS,ALL,1,39.99311,1,4
2022-09-02T01:00:00-00:00,2022-09-02T01:15:00-00:00,2022-09-01,19,ELK_GNODERSS,ELK_GNODERSS,ELK_GNODERSS,RTPD,MCL,LMP_LOSS_PRC,ELK_GNODERSS,ALL,1,0,1,4
2022-09-02T02:00:00-00:00,2022-09-02T02:15:00-00:00,2022-09-01,20,ELK_GNODERSS,ELK_GNODERSS,ELK_GNODERSS,RTPD,MCL,LMP_LOSS_PRC,ELK_GNODERSS,ALL,1,0,1,4
2022-09-02T03:00:00-00:00,2022-09-02T03:15:00-00:00,2022-09-01,21,ELK_GNODERSS,ELK_GNODERSS,ELK_GNODERSS,RTPD,MCL,LMP_LOSS_PRC,ELK_GNODERSS,ALL,1,65.32953,1,4
2022-09-02T04:00:00-00:00,2022-09-02T04:15:00-00:00,2022-09-01,22,ELK_GNODERSS,ELK_GNODERSS,ELK_GNODERSS,RTPD,MCL,LMP_LOSS_PRC,ELK_GNODERSS,ALL,1,10.10689,1,4
2022-09-02T05:00:00-00:00,2022-09-02T05:15:00-00:00,2022-09-01,23,ELK_GNODERSS,ELK_GNODERSS,ELK_GNODERSS,RTPD,MCL,LMP_LOSS_PRC,ELK_GNODERSS,ALL,1,6.46865,1,4
2022-09-02T06:00:00-00:00,2022-09-02T06:15:00-00:00,2022-09-01,24,ELK_GNODERSS,ELK_GNODERSS,ELK_GNODERSS,RTPD,MCL,LMP_LOSS_PRC,ELK_GNODERSS,ALL,1,3.92404,1,4
2022-09-01T07:15:00-00:00,2022-09-01T07:30:00-00:00,2022-09-01,01,ELK_GNODERSS,ELK_GNODERSS,ELK_GNODERSS,RTPD,MCL,LMP_LOSS_PRC,ELK_GNODERSS,ALL,1,0,2,4
2022-09-01T08:15:00-00:00,2022-09-01T08:30:00-00:00,2022-09-01,02,ELK_GNODERSS,ELK_GNODERSS,ELK_GNODERSS,RTPD,MCL,LMP_LOSS_PRC,ELK_GNODERSS,ALL,1,0,2,4
2022-09-01T09:15:00-00:00,2022-09-01T09:30:00-00:00,2022-09-01,03,ELK_GNODERSS,ELK_GNODERSS,ELK_GNODERSS,RTPD,MCL,LMP_LOSS_PRC,ELK_GNODERSS,ALL,1,0.8651,2,4
2022-09-01T10:15:00-00:00,2022-09-01T10:30:00-00:00,2022-09-01,04,ELK_GNODERSS,ELK_GNODERSS,ELK_GNODERSS,RTPD,MCL,LMP_LOSS_PRC,ELK_GNODERSS,ALL,1,0.92158,2,4
2022-09-01T11:15:00-00:00,2022-09-01T11:30:00-00:00,2022-09-01,05,ELK_GNODERSS,ELK_GNODERSS,ELK_GNODERSS,RTPD,MCL,LMP_LOSS_PRC,ELK_GNODERSS,ALL,1,0.95875,2,4
2022-09-01T12:15:00-00:00,2022-09-01T12:30:00-00:00,2022-09-01,06,ELK_GNODERSS,ELK_GNODERSS,ELK_GNODERSS,RTPD,MCL,LMP_LOSS_PRC,ELK_GNODERSS,ALL,1,0.32797,2,4
2022-09-01T13:15:00-00:00,2022-09-01T13:30:00-00:00,2022-09-01,07,ELK_GNODERSS,ELK_GNODERSS,ELK_GNODERSS,RTPD,MCL,LMP_LOSS_PRC,ELK_GNODERSS,ALL,1,0.45501,2,4
2022-09-01T14:15:00-00:00,2022-09-01T14:30:00-00:00,2022-09-01,08,ELK_GNODERSS,ELK_GNODERSS,ELK_GNODERSS,RTPD,MCL,LMP_LOSS_PRC,ELK_GNODERSS,ALL,1,2.46248,2,4
2022-09-01T15:15:00-00:00,2022-09-01T15:30:00-00:00,2022-09-01,09,ELK_GNODERSS,ELK_GNODERSS,ELK_GNODERSS,RTPD,MCL,LMP_LOSS_PRC,ELK_GNODERSS,ALL,1,0,2,4
2022-09-01T16:15:00-00:00,2022-09-01T16:30:00-00:00,2022-09-01,10,ELK_GNODERSS,ELK_GNODERSS,ELK_GNODERSS,RTPD,MCL,LMP_LOSS_PRC,ELK_GNODERSS,ALL,1,0,2,4
2022-09-01T17:15:00-00:00,2022-09-01T17:30:00-00:00,2022-09-01,11,ELK_GNODERSS,ELK_GNODERSS,ELK_GNODERSS,RTPD,MCL,LMP_LOSS_PRC,ELK_GNODERSS,ALL,1,0,2,4
2022-09-01T18:15:00-00:00,2022-09-01T18:30:00-00:00,2022-09-01,12,ELK_GNODERSS,ELK_GNODERSS,ELK_GNODERSS,RTPD,MCL,LMP_LOSS_PRC,ELK_GNODERSS,ALL,1,0,2,4
2022-09-01T19:15:00-00:00,2022-09-01T19:30:00-00:00,2022-09-01,13,ELK_GNODERSS,ELK_GNODERSS,ELK_GNODERSS,RTPD,MCL,LMP_LOSS_PRC,ELK_GNODERSS,ALL,1,0,2,4
2022-09-01T20:15:00-00:00,2022-09-01T20:30:00-00:00,2022-09-01,14,ELK_GNODERSS,ELK_GNODERSS,ELK_GNODERSS,RTPD,MCL,LMP_LOSS_PRC,ELK_GNODERSS,ALL,1,0,2,4
2022-09-01T21:15:00-00:00,2022-09-01T21:30:00-00:00,2022-09-01,15,ELK_GNODERSS,ELK_GNODERSS,ELK_GNODERSS,RTPD,MCL,LMP_LOSS_PRC,ELK_GNODERSS,ALL,1,0,2,4
2022-09-01T22:15:00-00:00,2022-09-01T22:30:00-00:00,2022-09-01,16,ELK_GNODERSS,ELK_GNODERSS,ELK_GNODERSS,RTPD,MCL,LMP_LOSS_PRC,ELK_GNODERSS,ALL,1,0,2,4
2022-09-01T23:15:00-00:00,2022-09-01T23:30:00-00:00,2022-09-01,17,ELK_GNODERSS,ELK_GNODERSS,ELK_GNODERSS,RTPD,MCL,LMP_LOSS_PRC,ELK_GNODERSS,ALL,1,0,2,4
2022-09-02T00:15:00-00:00,2022-09-02T00:30:00-00:00,2022-09-01,18,ELK_GNODERSS,ELK_GNODERSS,ELK_GNODERSS,RTPD,MCL,LMP_LOSS_PRC,ELK_GNODERSS,ALL,1,37.18748,2,4
2022-09-02T01:15:00-00:00,2022-09-02T01:30:00-00:00,2022-09-01,19,ELK_GNODERSS,ELK_GNODERSS,ELK_GNODERSS,RTPD,MCL,LMP_LOSS_PRC,ELK_GNODERSS,ALL,1,0,2,4
2022-09-02T02:15:00-00:00,2022-09-02T02:30:00-00:00,2022-09-01,20,ELK_GNODERSS,ELK_GNODERSS,ELK_GNODERSS,RTPD,MCL,LMP_LOSS_PRC,ELK_GNODERSS,ALL,1,0,2,4
2022-09-02T03:15:00-00:00,2022-09-02T03:30:00-00:00,2022-09-01,21,ELK_GNODERSS,ELK_GNODERSS,ELK_GNODERSS,RTPD,MCL,LMP_LOSS_PRC,ELK_GNODERSS,ALL,1,28.43746,2,4
2022-09-02T04:15:00-00:00,2022-09-02T04:30:00-00:00,2022-09-01,22,ELK_GNODERSS,ELK_GNODERSS,ELK_GNODERSS,RTPD,MCL,LMP_LOSS_PRC,ELK_GNODERSS,ALL,1,7.7988,2,4
2022-09-02T05:15:00-00:00,2022-09-02T05:30:00-00:00,2022-09-01,23,ELK_GNODERSS,ELK_GNODERSS,ELK_GNODERSS,RTPD,MCL,LMP_LOSS_PRC,ELK_GNODERSS,ALL,1,4.90218,2,4
2022-09-02T06:15:00-00:00,2022-09-02T06:30:00-00:00,2022-09-01,24,ELK_GNODERSS,ELK_GNODERSS,ELK_GNODERSS,RTPD,MCL,LMP_LOSS_PRC,ELK_GNODERSS,ALL,1,2.17515,2,4
2022-09-01T07:30:00-00:00,2022-09-01T07:45:00-00:00,2022-09-01,01,ELK_GNODERSS,ELK_GNODERSS,ELK_GNODERSS,RTPD,MCL,LMP_LOSS_PRC,ELK_GNODERSS,ALL,1,0,3,4
2022-09-01T08:30:00-00:00,2022-09-01T08:45:00-00:00,2022-09-01,02,ELK_GNODERSS,ELK_GNODERSS,ELK_GNODERSS,RTPD,MCL,LMP_LOSS_PRC,ELK_GNODERSS,ALL,1,1.47781,3,4
2022-09-01T09:30:00-00:00,2022-09-01T09:45:00-00:00,2022-09-01,03,ELK_GNODERSS,ELK_GNODERSS,ELK_GNODERSS,RTPD,MCL,LMP_LOSS_PRC,ELK_GNODERSS,ALL,1,0.69696,3,4
2022-09-01T10:30:00-00:00,2022-09-01T10:45:00-00:00,2022-09-01,04,ELK_GNODERSS,ELK_GNODERSS,ELK_GNODERSS,RTPD,MCL,LMP_LOSS_PRC,ELK_GNODERSS,ALL,1,1.00218,3,4
2022-09-01T11:30:00-00:00,2022-09-01T11:45:00-00:00,2022-09-01,05,ELK_GNODERSS,ELK_GNODERSS,ELK_GNODERSS,RTPD,MCL,LMP_LOSS_PRC,ELK_GNODERSS,ALL,1,0.89665,3,4
2022-09-01T12:30:00-00:00,2022-09-01T12:45:00-00:00,2022-09-01,06,ELK_GNODERSS,ELK_GNODERSS,ELK_GNODERSS,RTPD,MCL,LMP_LOSS_PRC,ELK_GNODERSS,ALL,1,0.44294,3,4
2022-09-01T13:30:00-00:00,2022-09-01T13:45:00-00:00,2022-09-01,07,ELK_GNODERSS,ELK_GNODERSS,ELK_GNODERSS,RTPD,MCL,LMP_LOSS_PRC,ELK_GNODERSS,ALL,1,0.71372,3,4
2022-09-01T14:30:00-00:00,2022-09-01T14:45:00-00:00,2022-09-01,08,ELK_GNODERSS,ELK_GNODERSS,ELK_GNODERSS,RTPD,MCL,LMP_LOSS_PRC,ELK_GNODERSS,ALL,1,2.49491,3,4
2022-09-01T15:30:00-00:00,2022-09-01T15:45:00-00:00,2022-09-01,09,ELK_GNODERSS,ELK_GNODERSS,ELK_GNODERSS,RTPD,MCL,LMP_LOSS_PRC,ELK_GNODERSS,ALL,1,0,3,4
2022-09-01T16:30:00-00:00,2022-09-01T16:45:00-00:00,2022-09-01,10,ELK_GNODERSS,ELK_GNODERSS,ELK_GNODERSS,RTPD,MCL,LMP_LOSS_PRC,ELK_GNODERSS,ALL,1,0,3,4
2022-09-01T17:30:00-00:00,2022-09-01T17:45:00-00:00,2022-09-01,11,ELK_GNODERSS,ELK_GNODERSS,ELK_GNODERSS,RTPD,MCL,LMP_LOSS_PRC,ELK_GNODERSS,ALL,1,0,3,4
2022-09-01T18:30:00-00:00,2022-09-01T18:45:00-00:00,2022-09-01,12,ELK_GNODERSS,ELK_GNODERSS,ELK_GNODERSS,RTPD,MCL,LMP_LOSS_PRC,ELK_GNODERSS,ALL,1,0,3,4
2022-09-01T19:30:00-00:00,2022-09-01T19:45:00-00:00,2022-09-01,13,ELK_GNODERSS,ELK_GNODERSS,ELK_GNODERSS,RTPD,MCL,LMP_LOSS_PRC,ELK_GNODERSS,ALL,1,0,3,4
2022-09-01T20:30:00-00:00,2022-09-01T20:45:00-00:00,2022-09-01,14,ELK_GNODERSS,ELK_GNODERSS,ELK_GNODERSS,RTPD,MCL,LMP_LOSS_PRC,ELK_GNODERSS,ALL,1,0,3,4
2022-09-01T21:30:00-00:00,2022-09-01T21:45:00-00:00,2022-09-01,15,ELK_GNODERSS,ELK_GNODERSS,ELK_GNODERSS,RTPD,MCL,LMP_LOSS_PRC,ELK_GNODERSS,ALL,1,0,3,4
2022-09-01T22:30:00-00:00,2022-09-01T22:45:00-00:00,2022-09-01,16,ELK_GNODERSS,ELK_GNODERSS,ELK_GNODERSS,RTPD,MCL,LMP_LOSS_PRC,ELK_GNODERSS,ALL,1,0,3,4
2022-09-01T23:30:00-00:00,2022-09-01T23:45:00-00:00,2022-09-01,17,ELK_GNODERSS,ELK_GNODERSS,ELK_GNODERSS,RTPD,MCL,LMP_LOSS_PRC,ELK_GNODERSS,ALL,1,0,3,4
2022-09-02T00:30:00-00:00,2022-09-02T00:45:00-00:00,2022-09-01,18,ELK_GNODERSS,ELK_GNODERSS,ELK_GNODERSS,RTPD,MCL,LMP_LOSS_PRC,ELK_GNODERSS,ALL,1,0,3,4
2022-09-02T01:30:00-00:00,2022-09-02T01:45:00-00:00,2022-09-01,19,ELK_GNODERSS,ELK_GNODERSS,ELK_GNODERSS,RTPD,MCL,LMP_LOSS_PRC,ELK_GNODERSS,ALL,1,0,3,4
2022-09-02T02:30:00-00:00,2022-09-02T02:45:00-00:00,2022-09-01,20,ELK_GNODERSS,ELK_GNODERSS,ELK_GNODERSS,RTPD,MCL,LMP_LOSS_PRC,ELK_GNODERSS,ALL,1,0,3,4
2022-09-02T03:30:00-00:00,2022-09-02T03:45:00-00:00,2022-09-01,21,ELK_GNODERSS,ELK_GNODERSS,ELK_GNODERSS,RTPD,MCL,LMP_LOSS_PRC,ELK_GNODERSS,ALL,1,12.59665,3,4
2022-09-02T04:30:00-00:00,2022-09-02T04:45:00-00:00,2022-09-01,22,ELK_GNODERSS,ELK_GNODERSS,ELK_GNODERSS,RTPD,MCL,LMP_LOSS_PRC,ELK_GNODERSS,ALL,1,4.1375,3,4
2022-09-02T05:30:00-00:00,2022-09-02T05:45:00-00:00,2022-09-01,23,ELK_GNODERSS,ELK_GNODERSS,ELK_GNODERSS,RTPD,MCL,LMP_LOSS_PRC,ELK_GNODERSS,ALL,1,3.54274,3,4
2022-09-02T06:30:00-00:00,2022-09-02T06:45:00-00:00,2022-09-01,24,ELK_GNODERSS,ELK_GNODERSS,ELK_GNODERSS,RTPD,MCL,LMP_LOSS_PRC,ELK_GNODERSS,ALL,1,2.50237,3,4
2022-09-01T07:45:00-00:00,2022-09-01T08:00:00-00:00,2022-09-01,01,ELK_GNODERSS,ELK_GNODERSS,ELK_GNODERSS,RTPD,MCL,LMP_LOSS_PRC,ELK_GNODERSS,ALL,1,0,4,4
2022-09-01T08:45:00-00:00,2022-09-01T09:00:00-00:00,2022-09-01,02,ELK_GNODERSS,ELK_GNODERSS,ELK_GNODERSS,RTPD,MCL,LMP_LOSS_PRC,ELK_GNODERSS,ALL,1,1.17497,4,4
2022-09-01T09:45:00-00:00,2022-09-01T10:00:00-00:00,2022-09-01,03,ELK_GNODERSS,ELK_GNODERSS,ELK_GNODERSS,RTPD,MCL,LMP_LOSS_PRC,ELK_GNODERSS,ALL,1,0.71179,4,4
2022-09-01T10:45:00-00:00,2022-09-01T11:00:00-00:00,2022-09-01,04,ELK_GNODERSS,ELK_GNODERSS,ELK_GNODERSS,RTPD,MCL,LMP_LOSS_PRC,ELK_GNODERSS,ALL,1,0.92826,4,4
2022-09-01T11:45:00-00:00,2022-09-01T12:00:00-00:00,2022-09-01,05,ELK_GNODERSS,ELK_GNODERSS,ELK_GNODERSS,RTPD,MCL,LMP_LOSS_PRC,ELK_GNODERSS,ALL,1,0,4,4
2022-09-01T12:45:00-00:00,2022-09-01T13:00:00-00:00,2022-09-01,06,ELK_GNODERSS,ELK_GNODERSS,ELK_GNODERSS,RTPD,MCL,LMP_LOSS_PRC,ELK_GNODERSS,ALL,1,0,4,4
2022-09-01T13:45:00-00:00,2022-09-01T14:00:00-00:00,2022-09-01,07,ELK_GNODERSS,ELK_GNODERSS,ELK_GNODERSS,RTPD,MCL,LMP_LOSS_PRC,ELK_GNODERSS,ALL,1,0,4,4
2022-09-01T14:45:00-00:00,2022-09-01T15:00:00-00:00,2022-09-01,08,ELK_GNODERSS,ELK_GNODERSS,ELK_GNODERSS,RTPD,MCL,LMP_LOSS_PRC,ELK_GNODERSS,ALL,1,0,4,4
2022-09-01T15:45:00-00:00,2022-09-01T16:00:00-00:00,2022-09-01,09,ELK_GNODERSS,ELK_GNODERSS,ELK_GNODERSS,RTPD,MCL,LMP_LOSS_PRC,ELK_GNODERSS,ALL,1,0,4,4
2022-09-01T16:45:00-00:00,2022-09-01T17:00:00-00:00,2022-09-01,10,ELK_GNODERSS,ELK_GNODERSS,ELK_GNODERSS,RTPD,MCL,LMP_LOSS_PRC,ELK_GNODERSS,ALL,1,0,4,4
2022-09-01T17:45:00-00:00,2022-09-01T18:00:00-00:00,2022-09-01,11,ELK_GNODERSS,ELK_GNODERSS,ELK_GNODERSS,RTPD,MCL,LMP_LOSS_PRC,ELK_GNODERSS,ALL,1,0,4,4
2022-09-01T18:45:00-00:00,2022-09-01T19:00:00-00:00,2022-09-01,12,ELK_GNODERSS,ELK_GNODERSS,ELK_GNODERSS,RTPD,MCL,LMP_LOSS_PRC,ELK_GNODERSS,ALL,1,0,4,4
2022-09-01T19:45:00-00:00,2022-09-01T20:00:00-00:00,2022-09-01,13,ELK_GNODERSS,ELK_GNODERSS,ELK_GNODERSS,RTPD,MCL,LMP_LOSS_PRC,ELK_GNODERSS,ALL,1,0,4,4
2022-09-01T20:45:00-00:00,2022-09-01T21:00:00-00:00,2022-09-01,14,ELK_GNODERSS,ELK_GNODERSS,ELK_GNODERSS,RTPD,MCL,LMP_LOSS_PRC,ELK_GNODERSS,ALL,1,0,4,4
2022-09-01T21:45:00-00:00,2022-09-01T22:00:00-00:00,2022-09-01,15,ELK_GNODERSS,ELK_GNODERSS,ELK_GNODERSS,RTPD,MCL,LMP_LOSS_PRC,ELK_GNODERSS,ALL,1,0,4,4
2022-09-01T22:45:00-00:00,2022-09-01T23:00:00-00:00,2022-09-01,16,ELK_GNODERSS,ELK_GNODERSS,ELK_GNODERSS,RTPD,MCL,LMP_LOSS_PRC,ELK_GNODERSS,ALL,1,0,4,4
2022-09-01T23:45:00-00:00,2022-09-02T00:00:00-00:00,2022-09-01,17,ELK_GNODERSS,ELK_GNODERSS,ELK_GNODERSS,RTPD,MCL,LMP_LOSS_PRC,ELK_GNODERSS,ALL,1,0,4,4
2022-09-02T00:45:00-00:00,2022-09-02T01:00:00-00:00,2022-09-01,18,ELK_GNODERSS,ELK_GNODERSS,ELK_GNODERSS,RTPD,MCL,LMP_LOSS_PRC,ELK_GNODERSS,ALL,1,0,4,4
2022-09-02T01:45:00-00:00,2022-09-02T02:00:00-00:00,2022-09-01,19,ELK_GNODERSS,ELK_GNODERSS,ELK_GNODERSS,RTPD,MCL,LMP_LOSS_PRC,ELK_GNODERSS,ALL,1,0,4,4
2022-09-02T02:45:00-00:00,2022-09-02T03:00:00-00:00,2022-09-01,20,ELK_GNODERSS,ELK_GNODERSS,ELK_GNODERSS,RTPD,MCL,LMP_LOSS_PRC,ELK_GNODERSS,ALL,1,106.90308,4,4
2022-09-02T03:45:00-00:00,2022-09-02T04:00:00-00:00,2022-09-01,21,ELK_GNODERSS,ELK_GNODERSS,ELK_GNODERSS,RTPD,MCL,LMP_LOSS_PRC,ELK_GNODERSS,ALL,1,8.15765,4,4
2022-09-02T04:45:00-00:00,2022-09-02T05:00:00-00:00,2022-09-01,22,ELK_GNODERSS,ELK_GNODERSS,ELK_GNODERSS,RTPD,MCL,LMP_LOSS_PRC,ELK_GNODERSS,ALL,1,3.87901,4,4
2022-09-02T05:45:00-00:00,2022-09-02T06:00:00-00:00,2022-09-01,23,ELK_GNODERSS,ELK_GNODERSS,ELK_GNODERSS,RTPD,MCL,LMP_LOSS_PRC,ELK_GNODERSS,ALL,1,3.21329,4,4
2022-09-02T06:45:00-00:00,2022-09-02T07:00:00-00:00,2022-09-01,24,ELK_GNODERSS,ELK_GNODERSS,ELK_GNODERSS,RTPD,MCL,LMP_LOSS_PRC,ELK_GNODERSS,ALL,1,2.68643,4,4
2022-09-01T07:00:00-00:00,2022-09-01T07:15:00-00:00,2022-09-01,01,ELK_GNODERSS,ELK_GNODERSS,ELK_GNODERSS,RTPD,MGHG,LMP_GHG_PRC,ELK_GNODERSS,ALL,1,0,1,5
2022-09-01T08:00:00-00:00,2022-09-01T08:15:00-00:00,2022-09-01,02,ELK_GNODERSS,ELK_GNODERSS,ELK_GNODERSS,RTPD,MGHG,LMP_GHG_PRC,ELK_GNODERSS,ALL,1,0,1,5
2022-09-01T09:00:00-00:00,2022-09-01T09:15:00-00:00,2022-09-01,03,ELK_GNODERSS,ELK_GNODERSS,ELK_GNODERSS,RTPD,MGHG,LMP_GHG_PRC,ELK_GNODERSS,ALL,1,0,1,5
2022-09-01T10:00:00-00:00,2022-09-01T10:15:00-00:00,2022-09-01,04,ELK_GNODERSS,ELK_GNODERSS,ELK_GNODERSS,RTPD,MGHG,LMP_GHG_PRC,ELK_GNODERSS,ALL,1,0,1,5
2022-09-01T11:00:00-00:00,2022-09-01T11:15:00-00:00,2022-09-01,05,ELK_GNODERSS,ELK_GNODERSS,ELK_GNODERSS,RTPD,MGHG,LMP_GHG_PRC,ELK_GNODERSS,ALL,1,0,1,5
2022-09-01T12:00:00-00:00,2022-09-01T12:15:00-00:00,2022-09-01,06,ELK_GNODERSS,ELK_GNODERSS,ELK_GNODERSS,RTPD,MGHG,LMP_GHG_PRC,ELK_GNODERSS,ALL,1,0,1,5
2022-09-01T13:00:00-00:00,2022-09-01T13:15:00-00:00,2022-09-01,07,ELK_GNODERSS,ELK_GNODERSS,ELK_GNODERSS,RTPD,MGHG,LMP_GHG_PRC,ELK_GNODERSS,ALL,1,0,1,5
2022-09-01T14:00:00-00:00,2022-09-01T14:15:00-00:00,2022-09-01,08,ELK_GNODERSS,ELK_GNODERSS,ELK_GNODERSS,RTPD,MGHG,LMP_GHG_PRC,ELK_GNODERSS,ALL,1,0,1,5
2022-09-01T15:00:00-00:00,2022-09-01T15:15:00-00:00,2022-09-01,09,ELK_GNODERSS,ELK_GNODERSS,ELK_GNODERSS,RTPD,MGHG,LMP_GHG_PRC,ELK_GNODERSS,ALL,1,0,1,5
2022-09-01T16:00:00-00:00,2022-09-01T16:15:00-00:00,2022-09-01,10,ELK_GNODERSS,ELK_GNODERSS,ELK_GNODERSS,RTPD,MGHG,LMP_GHG_PRC,ELK_GNODERSS,ALL,1,0,1,5
2022-09-01T17:00:00-00:00,2022-09-01T17:15:00-00:00,2022-09-01,11,ELK_GNODERSS,ELK_GNODERSS,ELK_GNODERSS,RTPD,MGHG,LMP_GHG_PRC,ELK_GNODERSS,ALL,1,0,1,5
2022-09-01T18:00:00-00:00,2022-09-01T18:15:00-00:00,2022-09-01,12,ELK_GNODERSS,ELK_GNODERSS,ELK_GNODERSS,RTPD,MGHG,LMP_GHG_PRC,ELK_GNODERSS,ALL,1,0,1,5
2022-09-01T19:00:00-00:00,2022-09-01T19:15:00-00:00,2022-09-01,13,ELK_GNODERSS,ELK_GNODERSS,ELK_GNODERSS,RTPD,MGHG,LMP_GHG_PRC,ELK_GNODERSS,ALL,1,0,1,5
2022-09-01T20:00:00-00:00,2022-09-01T20:15:00-00:00,2022-09-01,14,ELK_GNODERSS,ELK_GNODERSS,ELK_GNODERSS,RTPD,MGHG,LMP_GHG_PRC,ELK_GNODERSS,ALL,1,0,1,5
2022-09-01T21:00:00-00:00,2022-09-01T21:15:00-00:00,2022-09-01,15,ELK_GNODERSS,ELK_GNODERSS,ELK_GNODERSS,RTPD,MGHG,LMP_GHG_PRC,ELK_GNODERSS,ALL,1,0,1,5
2022-09-01T22:00:00-00:00,2022-09-01T22:15:00-00:00,2022-09-01,16,ELK_GNODERSS,ELK_GNODERSS,ELK_GNODERSS,RTPD,MGHG,LMP_GHG_PRC,ELK_GNODERSS,ALL,1,0,1,5
2022-09-01T23:00:00-00:00,2022-09-01T23:15:00-00:00,2022-09-01,17,ELK_GNODERSS,ELK_GNODERSS,ELK_GNODERSS,RTPD,MGHG,LMP_GHG_PRC,ELK_GNODERSS,ALL,1,0,1,5
2022-09-02T00:00:00-00:00,2022-09-02T00:15:00-00:00,2022-09-01,18,ELK_GNODERSS,ELK_GNODERSS,ELK_GNODERSS,RTPD,MGHG,LMP_GHG_PRC,ELK_GNODERSS,ALL,1,0,1,5
2022-09-02T01:00:00-00:00,2022-09-02T01:15:00-00:00,2022-09-01,19,ELK_GNODERSS,ELK_GNODERSS,ELK_GNODERSS,RTPD,MGHG,LMP_GHG_PRC,ELK_GNODERSS,ALL,1,0,1,5
2022-09-02T02:00:00-00:00,2022-09-02T02:15:00-00:00,2022-09-01,20,ELK_GNODERSS,ELK_GNODERSS,ELK_GNODERSS,RTPD,MGHG,LMP_GHG_PRC,ELK_GNODERSS,ALL,1,0,1,5
2022-09-02T03:00:00-00:00,2022-09-02T03:15:00-00:00,2022-09-01,21,ELK_GNODERSS,ELK_GNODERSS,ELK_GNODERSS,RTPD,MGHG,LMP_GHG_PRC,ELK_GNODERSS,ALL,1,0,1,5
2022-09-02T04:00:00-00:00,2022-09-02T04:15:00-00:00,2022-09-01,22,ELK_GNODERSS,ELK_GNODERSS,ELK_GNODERSS,RTPD,MGHG,LMP_GHG_PRC,ELK_GNODERSS,ALL,1,0,1,5
2022-09-02T05:00:00-00:00,2022-09-02T05:15:00-00:00,2022-09-01,23,ELK_GNODERSS,ELK_GNODERSS,ELK_GNODERSS,RTPD,MGHG,LMP_GHG_PRC,ELK_GNODERSS,ALL,1,0,1,5
2022-09-02T06:00:00-00:00,2022-09-02T06:15:00-00:00,2022-09-01,24,ELK_GNODERSS,ELK_GNODERSS,ELK_GNODERSS,RTPD,MGHG,LMP_GHG_PRC,ELK_GNODERSS,ALL,1,0,1,5
2022-09-01T07:15:00-00:00,2022-09-01T07:30:00-00:00,2022-09-01,01,ELK_GNODERSS,ELK_GNODERSS,ELK_GNODERSS,RTPD,MGHG,LMP_GHG_PRC,ELK_GNODERSS,ALL,1,0,2,5
2022-09-01T08:15:00-00:00,2022-09-01T08:30:00-00:00,2022-09-01,02,ELK_GNODERSS,ELK_GNODERSS,ELK_GNODERSS,RTPD,MGHG,LMP_GHG_PRC,ELK_GNODERSS,ALL,1,0,2,5
2022-09-01T09:15:00-00:00,2022-09-01T09:30:00-00:00,2022-09-01,03,ELK_GNODERSS,ELK_GNODERSS,ELK_GNODERSS,RTPD,MGHG,LMP_GHG_PRC,ELK_GNODERSS,ALL,1,0,2,5
2022-09-01T10:15:00-00:00,2022-09-01T10:30:00-00:00,2022-09-01,04,ELK_GNODERSS,ELK_GNODERSS,ELK_GNODERSS,RTPD,MGHG,LMP_GHG_PRC,ELK_GNODERSS,ALL,1,0,2,5
2022-09-01T11:15:00-00:00,2022-09-01T11:30:00-00:00,2022-09-01,05,ELK_GNODERSS,ELK_GNODERSS,ELK_GNODERSS,RTPD,MGHG,LMP_GHG_PRC,ELK_GNODERSS,ALL,1,0,2,5
2022-09-01T12:15:00-00:00,2022-09-01T12:30:00-00:00,2022-09-01,06,ELK_GNODERSS,ELK_GNODERSS,ELK_GNODERSS,RTPD,MGHG,LMP_GHG_PRC,ELK_GNODERSS,ALL,1,0,2,5
2022-09-01T13:15:00-00:00,2022-09-01T13:30:00-00:00,2022-09-01,07,ELK_GNODERSS,ELK_GNODERSS,ELK_GNODERSS,RTPD,MGHG,LMP_GHG_PRC,ELK_GNODERSS,ALL,1,0,2,5
2022-09-01T14:15:00-00:00,2022-09-01T14:30:00-00:00,2022-09-01,08,ELK_GNODERSS,ELK_GNODERSS,ELK_GNODERSS,RTPD,MGHG,LMP_GHG_PRC,ELK_GNODERSS,ALL,1,0,2,5
2022-09-01T15:15:00-00:00,2022-09-01T15:30:00-00:00,2022-09-01,09,ELK_GNODERSS,ELK_GNODERSS,ELK_GNODERSS,RTPD,MGHG,LMP_GHG_PRC,ELK_GNODERSS,ALL,1,0,2,5
2022-09-01T16:15:00-00:00,2022-09-01T16:30:00-00:00,2022-09-01,10,ELK_GNODERSS,ELK_GNODERSS,ELK_GNODERSS,RTPD,MGHG,LMP_GHG_PRC,ELK_GNODERSS,ALL,1,0,2,5
2022-09-01T17:15:00-00:00,2022-09-01T17:30:00-00:00,2022-09-01,11,ELK_GNODERSS,ELK_GNODERSS,ELK_GNODERSS,RTPD,MGHG,LMP_GHG_PRC,ELK_GNODERSS,ALL,1,0,2,5
2022-09-01T18:15:00-00:00,2022-09-01T18:30:00-00:00,2022-09-01,12,ELK_GNODERSS,ELK_GNODERSS,ELK_GNODERSS,RTPD,MGHG,LMP_GHG_PRC,ELK_GNODERSS,ALL,1,0,2,5
2022-09-01T19:15:00-00:00,2022-09-01T19:30:00-00:00,2022-09-01,13,ELK_GNODERSS,ELK_GNODERSS,ELK_GNODERSS,RTPD,MGHG,LMP_GHG_PRC,ELK_GNODERSS,ALL,1,0,2,5
2022-09-01T20:15:00-00:00,2022-09-01T20:30:00-00:00,2022-09-01,14,ELK_GNODERSS,ELK_GNODERSS,ELK_GNODERSS,RTPD,MGHG,LMP_GHG_PRC,ELK_GNODERSS,ALL,1,0,2,5
2022-09-01T21:15:00-00:00,2022-09-01T21:30:00-00:00,2022-09-01,15,ELK_GNODERSS,ELK_GNODERSS,ELK_GNODERSS,RTPD,MGHG,LMP_GHG_PRC,ELK_GNODERSS,ALL,1,0,2,5
2022-09-01T22:15:00-00:00,2022-09-01T22:30:00-00:00,2022-09-01,16,ELK_GNODERSS,ELK_GNODERSS,ELK_GNODERSS,RTPD,MGHG,LMP_GHG_PRC,ELK_GNODERSS,ALL,1,0,2,5
2022-09-01T23:15:00-00:00,2022-09-01T23:30:00-00:00,2022-09-01,17,ELK_GNODERSS,ELK_GNODERSS,ELK_GNODERSS,RTPD,MGHG,LMP_GHG_PRC,ELK_GNODERSS,ALL,1,0,2,5
2022-09-02T00:15:00-00:00,2022-09-02T00:30:00-00:00,2022-09-01,18,ELK_GNODERSS,ELK_GNODERSS,ELK_GNODERSS,RTPD,MGHG,LMP_GHG_PRC,ELK_GNODERSS,ALL,1,0,2,5
2022-09-02T01:15:00-00:00,2022-09-02T01:30:00-00:00,2022-09-01,19,ELK_GNODERSS,ELK_GNODERSS,ELK_GNODERSS,RTPD,MGHG,LMP_GHG_PRC,ELK_GNODERSS,ALL,1,0,2,5
2022-09-02T02:15:00-00:00,2022-09-02T02:30:00-00:00,2022-09-01,20,ELK_GNODERSS,ELK_GNODERSS,ELK_GNODERSS,RTPD,MGHG,LMP_GHG_PRC,ELK_GNODERSS,ALL,1,0,2,5
2022-09-02T03:15:00-00:00,2022-09-02T03:30:00-00:00,2022-09-01,21,ELK_GNODERSS,ELK_GNODERSS,ELK_GNODERSS,RTPD,MGHG,LMP_GHG_PRC,ELK_GNODERSS,ALL,1,0,2,5
2022-09-02T04:15:00-00:00,2022-09-02T04:30:00-00:00,2022-09-01,22,ELK_GNODERSS,ELK_GNODERSS,ELK_GNODERSS,RTPD,MGHG,LMP_GHG_PRC,ELK_GNODERSS,ALL,1,0,2,5
2022-09-02T05:15:00-00:00,2022-09-02T05:30:00-00:00,2022-09-01,23,ELK_GNODERSS,ELK_GNODERSS,ELK_GNODERSS,RTPD,MGHG,LMP_GHG_PRC,ELK_GNODERSS,ALL,1,0,2,5
2022-09-02T06:15:00-00:00,2022-09-02T06:30:00-00:00,2022-09-01,24,ELK_GNODERSS,ELK_GNODERSS,ELK_GNODERSS,RTPD,MGHG,LMP_GHG_PRC,ELK_GNODERSS,ALL,1,0,2,5
2022-09-01T07:30:00-00:00,2022-09-01T07:45:00-00:00,2022-09-01,01,ELK_GNODERSS,ELK_GNODERSS,ELK_GNODERSS,RTPD,MGHG,LMP_GHG_PRC,ELK_GNODERSS,ALL,1,0,3,5
2022-09-01T08:30:00-00:00,2022-09-01T08:45:00-00:00,2022-09-01,02,ELK_GNODERSS,ELK_GNODERSS,ELK_GNODERSS,RTPD,MGHG,LMP_GHG_PRC,ELK_GNODERSS,ALL,1,0,3,5
2022-09-01T09:30:00-00:00,2022-09-01T09:45:00-00:00,2022-09-01,03,ELK_GNODERSS,ELK_GNODERSS,ELK_GNODERSS,RTPD,MGHG,LMP_GHG_PRC,ELK_GNODERSS,ALL,1,0,3,5
2022-09-01T10:30:00-00:00,2022-09-01T10:45:00-00:00,2022-09-01,04,ELK_GNODERSS,ELK_GNODERSS,ELK_GNODERSS,RTPD,MGHG,LMP_GHG_PRC,ELK_GNODERSS,ALL,1,0,3,5
2022-09-01T11:30:00-00:00,2022-09-01T11:45:00-00:00,2022-09-01,05,ELK_GNODERSS,ELK_GNODERSS,ELK_GNODERSS,RTPD,MGHG,LMP_GHG_PRC,ELK_GNODERSS,ALL,1,0,3,5
2022-09-01T12:30:00-00:00,2022-09-01T12:45:00-00:00,2022-09-01,06,ELK_GNODERSS,ELK_GNODERSS,ELK_GNODERSS,RTPD,MGHG,LMP_GHG_PRC,ELK_GNODERSS,ALL,1,0,3,5
2022-09-01T13:30:00-00:00,2022-09-01T13:45:00-00:00,2022-09-01,07,ELK_GNODERSS,ELK_GNODERSS,ELK_GNODERSS,RTPD,MGHG,LMP_GHG_PRC,ELK_GNODERSS,ALL,1,0,3,5
2022-09-01T14:30:00-00:00,2022-09-01T14:45:00-00:00,2022-09-01,08,ELK_GNODERSS,ELK_GNODERSS,ELK_GNODERSS,RTPD,MGHG,LMP_GHG_PRC,ELK_GNODERSS,ALL,1,0,3,5
2022-09-01T15:30:00-00:00,2022-09-01T15:45:00-00:00,2022-09-01,09,ELK_GNODERSS,ELK_GNODERSS,ELK_GNODERSS,RTPD,MGHG,LMP_GHG_PRC,ELK_GNODERSS,ALL,1,0,3,5
2022-09-01T16:30:00-00:00,2022-09-01T16:45:00-00:00,2022-09-01,10,ELK_GNODERSS,ELK_GNODERSS,ELK_GNODERSS,RTPD,MGHG,LMP_GHG_PRC,ELK_GNODERSS,ALL,1,0,3,5
2022-09-01T17:30:00-00:00,2022-09-01T17:45:00-00:00,2022-09-01,11,ELK_GNODERSS,ELK_GNODERSS,ELK_GNODERSS,RTPD,MGHG,LMP_GHG_PRC,ELK_GNODERSS,ALL,1,0,3,5
2022-09-01T18:30:00-00:00,2022-09-01T18:45:00-00:00,2022-09-01,12,ELK_GNODERSS,ELK_GNODERSS,ELK_GNODERSS,RTPD,MGHG,LMP_GHG_PRC,ELK_GNODERSS,ALL,1,0,3,5
2022-09-01T19:30:00-00:00,2022-09-01T19:45:00-00:00,2022-09-01,13,ELK_GNODERSS,ELK_GNODERSS,ELK_GNODERSS,RTPD,MGHG,LMP_GHG_PRC,ELK_GNODERSS,ALL,1,0,3,5
2022-09-01T20:30:00-00:00,2022-09-01T20:45:00-00:00,2022-09-01,14,ELK_GNODERSS,ELK_GNODERSS,ELK_GNODERSS,RTPD,MGHG,LMP_GHG_PRC,ELK_GNODERSS,ALL,1,0,3,5
2022-09-01T21:30:00-00:00,2022-09-01T21:45:00-00:00,2022-09-01,15,ELK_GNODERSS,ELK_GNODERSS,ELK_GNODERSS,RTPD,MGHG,LMP_GHG_PRC,ELK_GNODERSS,ALL,1,0,3,5
2022-09-01T22:30:00-00:00,2022-09-01T22:45:00-00:00,2022-09-01,16,ELK_GNODERSS,ELK_GNODERSS,ELK_GNODERSS,RTPD,MGHG,LMP_GHG_PRC,ELK_GNODERSS,ALL,1,0,3,5
2022-09-01T23:30:00-00:00,2022-09-01T23:45:00-00:00,2022-09-01,17,ELK_GNODERSS,ELK_GNODERSS,ELK_GNODERSS,RTPD,MGHG,LMP_GHG_PRC,ELK_GNODERSS,ALL,1,0,3,5
2022-09-02T00:30:00-00:00,2022-09-02T00:45:00-00:00,2022-09-01,18,ELK_GNODERSS,ELK_GNODERSS,ELK_GNODERSS,RTPD,MGHG,LMP_GHG_PRC,ELK_GNODERSS,ALL,1,0,3,5
2022-09-02T01:30:00-00:00,2022-09-02T01:45:00-00:00,2022-09-01,19,ELK_GNODERSS,ELK_GNODERSS,ELK_GNODERSS,RTPD,MGHG,LMP_GHG_PRC,ELK_GNODERSS,ALL,1,0,3,5
2022-09-02T02:30:00-00:00,2022-09-02T02:45:00-00:00,2022-09-01,20,ELK_GNODERSS,ELK_GNODERSS,ELK_GNODERSS,RTPD,MGHG,LMP_GHG_PRC,ELK_GNODERSS,ALL,1,0,3,5
2022-09-02T03:30:00-00:00,2022-09-02T03:45:00-00:00,2022-09-01,21,ELK_GNODERSS,ELK_GNODERSS,ELK_GNODERSS,RTPD,MGHG,LMP_GHG_PRC,ELK_GNODERSS,ALL,1,0,3,5
2022-09-02T04:30:00-00:00,2022-09-02T04:45:00-00:00,2022-09-01,22,ELK_GNODERSS,ELK_GNODERSS,ELK_GNODERSS,RTPD,MGHG,LMP_GHG_PRC,ELK_GNODERSS,ALL,1,0,3,5
2022-09-02T05:30:00-00:00,2022-09-02T05:45:00-00:00,2022-09-01,23,ELK_GNODERSS,ELK_GNODERSS,ELK_GNODERSS,RTPD,MGHG,LMP_GHG_PRC,ELK_GNODERSS,ALL,1,0,3,5
2022-09-02T06:30:00-00:00,2022-09-02T06:45:00-00:00,2022-09-01,24,ELK_GNODERSS,ELK_GNODERSS,ELK_GNODERSS,RTPD,MGHG,LMP_GHG_PRC,ELK_GNODERSS,ALL,1,0,3,5
2022-09-01T07:45:00-00:00,2022-09-01T08:00:00-00:00,2022-09-01,01,ELK_GNODERSS,ELK_GNODERSS,ELK_GNODERSS,RTPD,MGHG,LMP_GHG_PRC,ELK_GNODERSS,ALL,1,0,4,5
2022-09-01T08:45:00-00:00,2022-09-01T09:00:00-00:00,2022-09-01,02,ELK_GNODERSS,ELK_GNODERSS,ELK_GNODERSS,RTPD,MGHG,LMP_GHG_PRC,ELK_GNODERSS,ALL,1,0,4,5
2022-09-01T09:45:00-00:00,2022-09-01T10:00:00-00:00,2022-09-01,03,ELK_GNODERSS,ELK_GNODERSS,ELK_GNODERSS,RTPD,MGHG,LMP_GHG_PRC,ELK_GNODERSS,ALL,1,0,4,5
2022-09-01T10:45:00-00:00,2022-09-01T11:00:00-00:00,2022-09-01,04,ELK_GNODERSS,ELK_GNODERSS,ELK_GNODERSS,RTPD,MGHG,LMP_GHG_PRC,ELK_GNODERSS,ALL,1,0,4,5
2022-09-01T11:45:00-00:00,2022-09-01T12:00:00-00:00,2022-09-01,05,ELK_GNODERSS,ELK_GNODERSS,ELK_GNODERSS,RTPD,MGHG,LMP_GHG_PRC,ELK_GNODERSS,ALL,1,0,4,5
2022-09-01T12:45:00-00:00,2022-09-01T13:00:00-00:00,2022-09-01,06,ELK_GNODERSS,ELK_GNODERSS,ELK_GNODERSS,RTPD,MGHG,LMP_GHG_PRC,ELK_GNODERSS,ALL,1,0,4,5
2022-09-01T13:45:00-00:00,2022-09-01T14:00:00-00:00,2022-09-01,07,ELK_GNODERSS,ELK_GNODERSS,ELK_GNODERSS,RTPD,MGHG,LMP_GHG_PRC,ELK_GNODERSS,ALL,1,0,4,5
2022-09-01T14:45:00-00:00,2022-09-01T15:00:00-00:00,2022-09-01,08,ELK_GNODERSS,ELK_GNODERSS,ELK_GNODERSS,RTPD,MGHG,LMP_GHG_PRC,ELK_GNODERSS,ALL,1,0,4,5
2022-09-01T15:45:00-00:00,2022-09-01T16:00:00-00:00,2022-09-01,09,ELK_GNODERSS,ELK_GNODERSS,ELK_GNODERSS,RTPD,MGHG,LMP_GHG_PRC,ELK_GNODERSS,ALL,1,0,4,5
2022-09-01T16:45:00-00:00,2022-09-01T17:00:00-00:00,2022-09-01,10,ELK_GNODERSS,ELK_GNODERSS,ELK_GNODERSS,RTPD,MGHG,LMP_GHG_PRC,ELK_GNODERSS,ALL,1,0,4,5
2022-09-01T17:45:00-00:00,2022-09-01T18:00:00-00:00,2022-09-01,11,ELK_GNODERSS,ELK_GNODERSS,ELK_GNODERSS,RTPD,MGHG,LMP_GHG_PRC,ELK_GNODERSS,ALL,1,0,4,5
2022-09-01T18:45:00-00:00,2022-09-01T19:00:00-00:00,2022-09-01,12,ELK_GNODERSS,ELK_GNODERSS,ELK_GNODERSS,RTPD,MGHG,LMP_GHG_PRC,ELK_GNODERSS,ALL,1,0,4,5
2022-09-01T19:45:00-00:00,2022-09-01T20:00:00-00:00,2022-09-01,13,ELK_GNODERSS,ELK_GNODERSS,ELK_GNODERSS,RTPD,MGHG,LMP_GHG_PRC,ELK_GNODERSS,ALL,1,0,4,5
2022-09-01T20:45:00-00:00,2022-09-01T21:00:00-00:00,2022-09-01,14,ELK_GNODERSS,ELK_GNODERSS,ELK_GNODERSS,RTPD,MGHG,LMP_GHG_PRC,ELK_GNODERSS,ALL,1,0,4,5
2022-09-01T21:45:00-00:00,2022-09-01T22:00:00-00:00,2022-09-01,15,ELK_GNODERSS,ELK_GNODERSS,ELK_GNODERSS,RTPD,MGHG,LMP_GHG_PRC,ELK_GNODERSS,ALL,1,0,4,5
2022-09-01T22:45:00-00:00,2022-09-01T23:00:00-00:00,2022-09-01,16,ELK_GNODERSS,ELK_GNODERSS,ELK_GNODERSS,RTPD,MGHG,LMP_GHG_PRC,ELK_GNODERSS,ALL,1,0,4,5
2022-09-01T23:45:00-00:00,2022-09-02T00:00:00-00:00,2022-09-01,17,ELK_GNODERSS,ELK_GNODERSS,ELK_GNODERSS,RTPD,MGHG,LMP_GHG_PRC,ELK_GNODERSS,ALL,1,0,4,5
2022-09-02T00:45:00-00:00,2022-09-02T01:00:00-00:00,2022-09-01,18,ELK_GNODERSS,ELK_GNODERSS,ELK_GNODERSS,RTPD,MGHG,LMP_GHG_PRC,ELK_GNODERSS,ALL,1,0,4,5
2022-09-02T01:45:00-00:00,2022-09-02T02:00:00-00:00,2022-09-01,19,ELK_GNODERSS,ELK_GNODERSS,ELK_GNODERSS,RTPD,MGHG,LMP_GHG_PRC,ELK_GNODERSS,ALL,1,0,4,5
2022-09-02T02:45:00-00:00,2022-09-02T03:00:00-00:00,2022-09-01,20,ELK_GNODERSS,ELK_GNODERSS,ELK_GNODERSS,RTPD,MGHG,LMP_GHG_PRC,ELK_GNODERSS,ALL,1,0,4,5
2022-09-02T03:45:00-00:00,2022-09-02T04:00:00-00:00,2022-09-01,21,ELK_GNODERSS,ELK_GNODERSS,ELK_GNODERSS,RTPD,MGHG,LMP_GHG_PRC,ELK_GNODERSS,ALL,1,0,4,5
2022-09-02T04:45:00-00:00,2022-09-02T05:00:00-00:00,2022-09-01,22,ELK_GNODERSS,ELK_GNODERSS,ELK_GNODERSS,RTPD,MGHG,LMP_GHG_PRC,ELK_GNODERSS,ALL,1,0,4,5
2022-09-02T05:45:00-00:00,2022-09-02T06:00:00-00:00,2022-09-01,23,ELK_GNODERSS,ELK_GNODERSS,ELK_GNODERSS,RTPD,MGHG,LMP_GHG_PRC,ELK_GNODERSS,ALL,1,0,4,5
2022-09-02T06:45:00-00:00,2022-09-02T07:00:00-00:00,2022-09-01,24,ELK_GNODERSS,ELK_GNODERSS,ELK_GNODERSS,RTPD,MGHG,LMP_GHG_PRC,ELK_GNODERSS,ALL,1,0,4,5
