INTERVALSTARTTIME_GMT,INTERVALENDTIME_GMT,OPR_DT,OPR_HR,NODE_ID_XML,NODE_ID,NODE,MARKET_RUN_ID,LMP_TYPE,XML_DATA_ITEM,PNODE_RESMRID,GRP_TYPE,POS,PRC,OPR_INTERVAL,GROUP
2022-09-01T07:00:00-00:00,2022-09-01T07:15:00-00:00,2022-09-01,01,SANJUAN_3_SANJUAN4GNODE,SANJUAN_3_SANJUAN4GNODE,SANJUAN_3_SANJUAN4GNODE,RTPD,LMP,LMP_PRC,SANJUAN_3_SANJUAN4GNODE,ALL,1,103.85536,1,1
2022-09-01T08:00:00-00:00,2022-09-01T08:15:00-00:00,2022-09-01,02,SANJUAN_3_SANJUAN4GNODE,SANJUAN_3_SANJUAN4GNODE,SANJUAN_3_SANJUAN4GNODE,RTPD,LMP,LMP_PRC,SANJUAN_3_SANJUAN4GNODE,ALL,1,103.58266,1,1
2022-09-01T09:00:00-00:00,2022-09-01T09:15:00-00:00,2022-09-01,03,SANJUAN_3_SANJUAN4GNODE,SANJUAN_3_SANJUAN4GNODE,SANJUAN_3_SANJUAN4GNODE,RTPD,LMP,LMP_PRC,SANJUAN_3_SANJUAN4GNODE,ALL,1,85.71381,1,1
2022-09-01T10:00:00-00:00,2022-09-01T10:15:00-00:00,2022-09-01,04,SANJUAN_3_SANJUAN4GNODE,SANJUAN_3_SANJUAN4GNODE,SANJUAN_3_SANJUAN4GNODE,RTPD,LMP,LMP_PRC,SANJUAN_3_SANJUAN4GNODE,ALL,1,83.46646,1,1
2022-09-01T11:00:00-00:00,2022-09-01T11:15:00-00:00,2022-09-01,05,SANJUAN_3_SANJUAN4GNODE,SANJUAN_3_SANJUAN4GNODE,SANJUAN_3_SANJUAN4GNODE,RTPD,LMP,LMP_PRC,SANJUAN_3_SANJUAN4GNODE,ALL,1,84.52011,1,1
2022-09-01T12:00:00-00:00,2022-09-01T12:15:00-00:00,2022-09-01,06,SANJUAN_3_SANJUAN4GNODE,SANJUAN_3_SANJUAN4GNODE,SANJUAN_3_SANJUAN4GNODE,RTPD,LMP,LMP_PRC,SANJUAN_3_SANJUAN4GNODE,ALL,1,85.62608,1,1
2022-09-01T13:00:00-00:00,2022-09-01T13:15:00-00:00,2022-09-01,07,SANJUAN_3_SANJUAN4GNODE,SANJUAN_3_SANJUAN4GNODE,SANJUAN_3_SANJUAN4GNODE,RTPD,LMP,LMP_PRC,SANJUAN_3_SANJUAN4GNODE,ALL,1,96.07216,1,1
2022-09-01T14:00:00-00:00,2022-09-01T14:15:00-00:00,2022-09-01,08,SANJUAN_3_SANJUAN4GNODE,SANJUAN_3_SANJUAN4GNODE,SANJUAN_3_SANJUAN4GNODE,RTPD,LMP,LMP_PRC,SANJUAN_3_SANJUAN4GNODE,ALL,1,72.72872,1,1
2022-09-01T15:00:00-00:00,2022-09-01T15:15:00-00:00,2022-09-01,09,SANJUAN_3_SANJUAN4GNODE,SANJUAN_3_SANJUAN4GNODE,SANJUAN_3_SANJUAN4GNODE,RTPD,LMP,LMP_PRC,SANJUAN_3_SANJUAN4GNODE,ALL,1,40.50019,1,1
2022-09-01T16:00:00-00:00,2022-09-01T16:15:00-00:00,2022-09-01,10,SANJUAN_3_SANJUAN4GNODE,SANJUAN_3_SANJUAN4GNODE,SANJUAN_3_SANJUAN4GNODE,RTPD,LMP,LMP_PRC,SANJUAN_3_SANJUAN4GNODE,ALL,1,37.28255,1,1
2022-09-01T17:00:00-00:00,2022-09-01T17:15:00-00:00,2022-09-01,11,SANJUAN_3_SANJUAN4GNODE,SANJUAN_3_SANJUAN4GNODE,SANJUAN_3_SANJUAN4GNODE,RTPD,LMP,LMP_PRC,SANJUAN_3_SANJUAN4GNODE,ALL,1,67.22747,1,1
2022-09-01T18:00:00-00:00,2022-09-01T18:15:00-00:00,2022-09-01,12,SANJUAN_3_SANJUAN4GNODE,SANJUAN_3_SANJUAN4GNODE,SANJUAN_3_SANJUAN4GNODE,RTPD,LMP,LMP_PRC,SANJUAN_3_SANJUAN4GNODE,ALL,1,66.287,1,1
2022-09-01T19:00:00-00:00,2022-09-01T19:15:00-00:00,2022-09-01,13,SANJUAN_3_SANJUAN4GNODE,SANJUAN_3_SANJUAN4GNODE,SANJUAN_3_SANJUAN4GNODE,RTPD,LMP,LMP_PRC,SANJUAN_3_SANJUAN4GNODE,ALL,1,63.82693,1,1
2022-09-01T20:00:00-00:00,2022-09-01T20:15:00-00:00,2022-09-01,14,SANJUAN_3_SANJUAN4GNODE,SANJUAN_3_SANJUAN4GNODE,SANJUAN_3_SANJUAN4GNODE,RTPD,LMP,LMP_PRC,SANJUAN_3_SANJUAN4GNODE,ALL,1,93.47934,1,1
2022-09-01T21:00:00-00:00,2022-09-01T21:15:00-00:00,2022-09-01,15,SANJUAN_3_SANJUAN4GNODE,SANJUAN_3_SANJUAN4GNODE,SANJUAN_3_SANJUAN4GNODE,RTPD,LMP,LMP_PRC,SANJUAN_3_SANJUAN4GNODE,ALL,1,83.57608,1,1
2022-09-01T22:00:00-00:00,2022-09-01T22:15:00-00:00,2022-09-01,16,SANJUAN_3_SANJUAN4GNODE,SANJUAN_3_SANJUAN4GNODE,SANJUAN_3_SANJUAN4GNODE,RTPD,LMP,LMP_PRC,SANJUAN_3_SANJUAN4GNODE,ALL,1,134.36905,1,1
2022-09-01T23:00:00-00:00,2022-09-01T23:15:00-00:00,2022-09-01,17,SANJUAN_3_SANJUAN4GNODE,SANJUAN_3_SANJUAN4GNODE,SANJUAN_3_SANJUAN4GNODE,RTPD,LMP,LMP_PRC,SANJUAN_3_SANJUAN4GNODE,ALL,1,187.15092,1,1
2022-09-02T00:00:00-00:00,2022-09-02T00:15:00-00:00,2022-09-01,18,SANJUAN_3_SANJUAN4GNODE,SANJUAN_3_SANJUAN4GNODE,SANJUAN_3_SANJUAN4GNODE,RTPD,LMP,LMP_PRC,SANJUAN_3_SANJUAN4GNODE,ALL,1,535.71094,1,1
2022-09-02T01:00:00-00:00,2022-09-02T01:15:00-00:00,2022-09-01,19,SANJUAN_3_SANJUAN4GNODE,SANJUAN_3_SANJUAN4GNODE,SANJUAN_3_SANJUAN4GNODE,RTPD,LMP,LMP_PRC,SANJUAN_3_SANJUAN4GNODE,ALL,1,951.94434,1,1
2022-09-02T02:00:00-00:00,2022-09-02T02:15:00-00:00,2022-09-01,20,SANJUAN_3_SANJUAN4GNODE,SANJUAN_3_SANJUAN4GNODE,SANJUAN_3_SANJUAN4GNODE,RTPD,LMP,LMP_PRC,SANJUAN_3_SANJUAN4GNODE,ALL,1,1894.0778,1,1
2022-09-02T03:00:00-00:00,2022-09-02T03:15:00-00:00,2022-09-01,21,SANJUAN_3_SANJUAN4GNODE,SANJUAN_3_SANJUAN4GNODE,SANJUAN_3_SANJUAN4GNODE,RTPD,LMP,LMP_PRC,SANJUAN_3_SANJUAN4GNODE,ALL,1,46.00336,1,1
2022-09-02T04:00:00-00:00,2022-09-02T04:15:00-00:00,2022-09-01,22,SANJUAN_3_SANJUAN4GNODE,SANJUAN_3_SANJUAN4GNODE,SANJUAN_3_SANJUAN4GNODE,RTPD,LMP,LMP_PRC,SANJUAN_3_SANJUAN4GNODE,ALL,1,-54.55209,1,1
2022-09-02T05:00:00-00:00,2022-09-02T05:15:00-00:00,2022-09-01,23,SANJUAN_3_SANJUAN4GNODE,SANJUAN_3_SANJUAN4GNODE,SANJUAN_3_SANJUAN4GNODE,RTPD,LMP,LMP_PRC,SANJUAN_3_SANJUAN4GNODE,ALL,1,-43.54874,1,1
2022-09-02T06:00:00-00:00,2022-09-02T06:15:00-00:00,2022-09-01,24,SANJUAN_3_SANJUAN4GNODE,SANJUAN_3_SANJUAN4GNODE,SANJUAN_3_SANJUAN4GNODE,RTPD,LMP,LMP_PRC,SANJUAN_3_SANJUAN4GNODE,ALL,1,10.59965,1,1
2022-09-01T07:15:00-00:00,2022-09-01T07:30:00-00:00,2022-09-01,01,SANJUAN_3_SANJUAN4GNODE,SANJUAN_3_SANJUAN4GNODE,SANJUAN_3_SANJUAN4GNODE,RTPD,LMP,LMP_PRC,SANJUAN_3_SANJUAN4GNODE,ALL,1,118.16959,2,1
2022-09-01T08:15:00-00:00,2022-09-01T08:30:00-00:00,2022-09-01,02,SANJUAN_3_SANJUAN4GNODE,SANJUAN_3_SANJUAN4GNODE,SANJUAN_3_SANJUAN4GNODE,RTPD,LMP,LMP_PRC,SANJUAN_3_SANJUAN4GNODE,ALL,1,101.37054,2,1
2022-09-01T09:15:00-00:00,2022-09-01T09:30:00-00:00,2022-09-01,03,SANJUAN_3_SANJUAN4GNODE,SANJUAN_3_SANJUAN4GNODE,SANJUAN_3_SANJUAN4GNODE,RTPD,LMP,LMP_PRC,SANJUAN_3_SANJUAN4GNODE,ALL,1,85.38025,2,1
2022-09-01T10:15:00-00:00,2022-09-01T10:30:00-00:00,2022-09-01,04,SANJUAN_3_SANJUAN4GNODE,SANJUAN_3_SANJUAN4GNODE,SANJUAN_3_SANJUAN4GNODE,RTPD,LMP,LMP_PRC,SANJUAN_3_SANJUAN4GNODE,ALL,1,82.62351,2,1
2022-09-01T11:15:00-00:00,2022-09-01T11:30:00-00:00,2022-09-01,05,SANJUAN_3_SANJUAN4GNODE,SANJUAN_3_SANJUAN4GNODE,SANJUAN_3_SANJUAN4GNODE,RTPD,LMP,LMP_PRC,SANJUAN_3_SANJUAN4GNODE,ALL,1,84.70472,2,1
2022-09-01T12:15:00-00:00,2022-09-01T12:30:00-00:00,2022-09-01,06,SANJUAN_3_SANJUAN4GNODE,SANJUAN_3_SANJUAN4GNODE,SANJUAN_3_SANJUAN4GNODE,RTPD,LMP,LMP_PRC,SANJUAN_3_SANJUAN4GNODE,ALL,1,93.37136,2,1
2022-09-01T13:15:00-00:00,2022-09-01T13:30:00-00:00,2022-09-01,07,SANJUAN_3_SANJUAN4GNODE,SANJUAN_3_SANJUAN4GNODE,SANJUAN_3_SANJUAN4GNODE,RTPD,LMP,LMP_PRC,SANJUAN_3_SANJUAN4GNODE,ALL,1,92.05385,2,1
2022-09-01T14:15:00-00:00,2022-09-01T14:30:00-00:00,2022-09-01,08,SANJUAN_3_SANJUAN4GNODE,SANJUAN_3_SANJUAN4GNODE,SANJUAN_3_SANJUAN4GNODE,RTPD,LMP,LMP_PRC,SANJUAN_3_SANJUAN4GNODE,ALL,1,63.48731,2,1
2022-09-01T15:15:00-00:00,2022-09-01T15:30:00-00:00,2022-09-01,09,SANJUAN_3_SANJUAN4GNODE,SANJUAN_3_SANJUAN4GNODE,SANJUAN_3_SANJUAN4GNODE,RTPD,LMP,LMP_PRC,SANJUAN_3_SANJUAN4GNODE,ALL,1,27.46742,2,1
2022-09-01T16:15:00-00:00,2022-09-01T16:30:00-00:00,2022-09-01,10,SANJUAN_3_SANJUAN4GNODE,SANJUAN_3_SANJUAN4GNODE,SANJUAN_3_SANJUAN4GNODE,RTPD,LMP,LMP_PRC,SANJUAN_3_SANJUAN4GNODE,ALL,1,46.99261,2,1
2022-09-01T17:15:00-00:00,2022-09-01T17:30:00-00:00,2022-09-01,11,SANJUAN_3_SANJUAN4GNODE,SANJUAN_3_SANJUAN4GNODE,SANJUAN_3_SANJUAN4GNODE,RTPD,LMP,LMP_PRC,SANJUAN_3_SANJUAN4GNODE,ALL,1,69.99318,2,1
2022-09-01T18:15:00-00:00,2022-09-01T18:30:00-00:00,2022-09-01,12,SANJUAN_3_SANJUAN4GNODE,SANJUAN_3_SANJUAN4GNODE,SANJUAN_3_SANJUAN4GNODE,RTPD,LMP,LMP_PRC,SANJUAN_3_SANJUAN4GNODE,ALL,1,65.73999,2,1
2022-09-01T19:15:00-00:00,2022-09-01T19:30:00-00:00,2022-09-01,13,SANJUAN_3_SANJUAN4GNODE,SANJUAN_3_SANJUAN4GNODE,SANJUAN_3_SANJUAN4GNODE,RTPD,LMP,LMP_PRC,SANJUAN_3_SANJUAN4GNODE,ALL,1,77.95796,2,1
2022-09-01T20:15:00-00:00,2022-09-01T20:30:00-00:00,2022-09-01,14,SANJUAN_3_SANJUAN4GNODE,SANJUAN_3_SANJUAN4GNODE,SANJUAN_3_SANJUAN4GNODE,RTPD,LMP,LMP_PRC,SANJUAN_3_SANJUAN4GNODE,ALL,1,100.70545,2,1
2022-09-01T21:15:00-00:00,2022-09-01T21:30:00-00:00,2022-09-01,15,SANJUAN_3_SANJUAN4GNODE,SANJUAN_3_SANJUAN4GNODE,SANJUAN_3_SANJUAN4GNODE,RTPD,LMP,LMP_PRC,SANJUAN_3_SANJUAN4GNODE,ALL,1,104.8022,2,1
2022-09-01T22:15:00-00:00,2022-09-01T22:30:00-00:00,2022-09-01,16,SANJUAN_3_SANJUAN4GNODE,SANJUAN_3_SANJUAN4GNODE,SANJUAN_3_SANJUAN4GNODE,RTPD,LMP,LMP_PRC,SANJUAN_3_SANJUAN4GNODE,ALL,1,155.80501,2,1
2022-09-01T23:15:00-00:00,2022-09-01T23:30:00-00:00,2022-09-01,17,SANJUAN_3_SANJUAN4GNODE,SANJUAN_3_SANJUAN4GNODE,SANJUAN_3_SANJUAN4GNODE,RTPD,LMP,LMP_PRC,SANJUAN_3_SANJUAN4GNODE,ALL,1,173.14993,2,1
2022-09-02T00:15:00-00:00,2022-09-02T00:30:00-00:00,2022-09-01,18,SANJUAN_3_SANJUAN4GNODE,SANJUAN_3_SANJUAN4GNODE,SANJUAN_3_SANJUAN4GNODE,RTPD,LMP,LMP_PRC,SANJUAN_3_SANJUAN4GNODE,ALL,1,484.6409,2,1
2022-09-02T01:15:00-00:00,2022-09-02T01:30:00-00:00,2022-09-01,19,SANJUAN_3_SANJUAN4GNODE,SANJUAN_3_SANJUAN4GNODE,SANJUAN_3_SANJUAN4GNODE,RTPD,LMP,LMP_PRC,SANJUAN_3_SANJUAN4GNODE,ALL,1,1869.3993,2,1
2022-09-02T02:15:00-00:00,2022-09-02T02:30:00-00:00,2022-09-01,20,SANJUAN_3_SANJUAN4GNODE,SANJUAN_3_SANJUAN4GNODE,SANJUAN_3_SANJUAN4GNODE,RTPD,LMP,LMP_PRC,SANJUAN_3_SANJUAN4GNODE,ALL,1,1974.5098,2,1
2022-09-02T03:15:00-00:00,2022-09-02T03:30:00-00:00,2022-09-01,21,SANJUAN_3_SANJUAN4GNODE,SANJUAN_3_SANJUAN4GNODE,SANJUAN_3_SANJUAN4GNODE,RTPD,LMP,LMP_PRC,SANJUAN_3_SANJUAN4GNODE,ALL,1,75.08432,2,1
2022-09-02T04:15:00-00:00,2022-09-02T04:30:00-00:00,2022-09-01,22,SANJUAN_3_SANJUAN4GNODE,SANJUAN_3_SANJUAN4GNODE,SANJUAN_3_SANJUAN4GNODE,RTPD,LMP,LMP_PRC,SANJUAN_3_SANJUAN4GNODE,ALL,1,-45.38328,2,1
2022-09-02T05:15:00-00:00,2022-09-02T05:30:00-00:00,2022-09-01,23,SANJUAN_3_SANJUAN4GNODE,SANJUAN_3_SANJUAN4GNODE,SANJUAN_3_SANJUAN4GNODE,RTPD,LMP,LMP_PRC,SANJUAN_3_SANJUAN4GNODE,ALL,1,-59.87249,2,1
2022-09-02T06:15:00-00:00,2022-09-02T06:30:00-00:00,2022-09-01,24,SANJUAN_3_SANJUAN4GNODE,SANJUAN_3_SANJUAN4GNODE,SANJUAN_3_SANJUAN4GNODE,RTPD,LMP,LMP_PRC,SANJUAN_3_SANJUAN4GNODE,ALL,1,57.51042,2,1
2022-09-01T07:30:00-00:00,2022-09-01T07:45:00-00:00,2022-09-01,01,SANJUAN_3_SANJUAN4GNODE,SANJUAN_3_SANJUAN4GNODE,SANJUAN_3_SANJUAN4GNODE,RTPD,LMP,LMP_PRC,SANJUAN_3_SANJUAN4GNODE,ALL,1,115.04209,3,1
2022-09-01T08:30:00-00:00,2022-09-01T08:45:00-00:00,2022-09-01,02,SANJUAN_3_SANJUAN4GNODE,SANJUAN_3_SANJUAN4GNODE,SANJUAN_3_SANJUAN4GNODE,RTPD,LMP,LMP_PRC,SANJUAN_3_SANJUAN4GNODE,ALL,1,90.96518,3,1
2022-09-01T09:30:00-00:00,2022-09-01T09:45:00-00:00,2022-09-01,03,SANJUAN_3_SANJUAN4GNODE,SANJUAN_3_SANJUAN4GNODE,SANJUAN_3_SANJUAN4GNODE,RTPD,LMP,LMP_PRC,SANJUAN_3_SANJUAN4GNODE,ALL,1,84.76604,3,1
2022-09-01T10:30:00-00:00,2022-09-01T10:45:00-00:00,2022-09-01,04,SANJUAN_3_SANJUAN4GNODE,SANJUAN_3_SANJUAN4GNODE,SANJUAN_3_SANJUAN4GNODE,RTPD,LMP,LMP_PRC,SANJUAN_3_SANJUAN4GNODE,ALL,1,80.42612,3,1
2022-09-01T11:30:00-00:00,2022-09-01T11:45:00-00:00,2022-09-01,05,SANJUAN_3_SANJUAN4GNODE,SANJUAN_3_SANJUAN4GNODE,SANJUAN_3_SANJUAN4GNODE,RTPD,LMP,LMP_PRC,SANJUAN_3_SANJUAN4GNODE,ALL,1,83.92075,3,1
2022-09-01T12:30:00-00:00,2022-09-01T12:45:00-00:00,2022-09-01,06,SANJUAN_3_SANJUAN4GNODE,SANJUAN_3_SANJUAN4GNODE,SANJUAN_3_SANJUAN4GNODE,RTPD,LMP,LMP_PRC,SANJUAN_3_SANJUAN4GNODE,ALL,1,100.97129,3,1
2022-09-01T13:30:00-00:00,2022-09-01T13:45:00-00:00,2022-09-01,07,SANJUAN_3_SANJUAN4GNODE,SANJUAN_3_SANJUAN4GNODE,SANJUAN_3_SANJUAN4GNODE,RTPD,LMP,LMP_PRC,SANJUAN_3_SANJUAN4GNODE,ALL,1,89.44453,3,1
2022-09-01T14:30:00-00:00,2022-09-01T14:45:00-00:00,2022-09-01,08,SANJUAN_3_SANJUAN4GNODE,SANJUAN_3_SANJUAN4GNODE,SANJUAN_3_SANJUAN4GNODE,RTPD,LMP,LMP_PRC,SANJUAN_3_SANJUAN4GNODE,ALL,1,67.00937,3,1
2022-09-01T15:30:00-00:00,2022-09-01T15:45:00-00:00,2022-09-01,09,SANJUAN_3_SANJUAN4GNODE,SANJUAN_3_SANJUAN4GNODE,SANJUAN_3_SANJUAN4GNODE,RTPD,LMP,LMP_PRC,SANJUAN_3_SANJUAN4GNODE,ALL,1,16.37235,3,1
2022-09-01T16:30:00-00:00,2022-09-01T16:45:00-00:00,2022-09-01,10,SANJUAN_3_SANJUAN4GNODE,SANJUAN_3_SANJUAN4GNODE,SANJUAN_3_SANJUAN4GNODE,RTPD,LMP,LMP_PRC,SANJUAN_3_SANJUAN4GNODE,ALL,1,62.08746,3,1
2022-09-01T17:30:00-00:00,2022-09-01T17:45:00-00:00,2022-09-01,11,SANJUAN_3_SANJUAN4GNODE,SANJUAN_3_SANJUAN4GNODE,SANJUAN_3_SANJUAN4GNODE,RTPD,LMP,LMP_PRC,SANJUAN_3_SANJUAN4GNODE,ALL,1,73.22594,3,1
2022-09-01T18:30:00-00:00,2022-09-01T18:45:00-00:00,2022-09-01,12,SANJUAN_3_SANJUAN4GNODE,SANJUAN_3_SANJUAN4GNODE,SANJUAN_3_SANJUAN4GNODE,RTPD,LMP,LMP_PRC,SANJUAN_3_SANJUAN4GNODE,ALL,1,73.39808,3,1
2022-09-01T19:30:00-00:00,2022-09-01T19:45:00-00:00,2022-09-01,13,SANJUAN_3_SANJUAN4GNODE,SANJUAN_3_SANJUAN4GNODE,SANJUAN_3_SANJUAN4GNODE,RTPD,LMP,LMP_PRC,SANJUAN_3_SANJUAN4GNODE,ALL,1,78.17697,3,1
2022-09-01T20:30:00-00:00,2022-09-01T20:45:00-00:00,2022-09-01,14,SANJUAN_3_SANJUAN4GNODE,SANJUAN_3_SANJUAN4GNODE,SANJUAN_3_SANJUAN4GNODE,RTPD,LMP,LMP_PRC,SANJUAN_3_SANJUAN4GNODE,ALL,1,117.47516,3,1
2022-09-01T21:30:00-00:00,2022-09-01T21:45:00-00:00,2022-09-01,15,SANJUAN_3_SANJUAN4GNODE,SANJUAN_3_SANJUAN4GNODE,SANJUAN_3_SANJUAN4GNODE,RTPD,LMP,LMP_PRC,SANJUAN_3_SANJUAN4GNODE,ALL,1,102.47091,3,1
2022-09-01T22:30:00-00:00,2022-09-01T22:45:00-00:00,2022-09-01,16,SANJUAN_3_SANJUAN4GNODE,SANJUAN_3_SANJUAN4GNODE,SANJUAN_3_SANJUAN4GNODE,RTPD,LMP,LMP_PRC,SANJUAN_3_SANJUAN4GNODE,ALL,1,156.33023,3,1
2022-09-01T23:30:00-00:00,2022-09-01T23:45:00-00:00,2022-09-01,17,SANJUAN_3_SANJUAN4GNODE,SANJUAN_3_SANJUAN4GNODE,SANJUAN_3_SANJUAN4GNODE,RTPD,LMP,LMP_PRC,SANJUAN_3_SANJUAN4GNODE,ALL,1,237.5785,3,1
2022-09-02T00:30:00-00:00,2022-09-02T00:45:00-00:00,2022-09-01,18,SANJUAN_3_SANJUAN4GNODE,SANJUAN_3_SANJUAN4GNODE,SANJUAN_3_SANJUAN4GNODE,RTPD,LMP,LMP_PRC,SANJUAN_3_SANJUAN4GNODE,ALL,1,1290.4548,3,1
2022-09-02T01:30:00-00:00,2022-09-02T01:45:00-00:00,2022-09-01,19,SANJUAN_3_SANJUAN4GNODE,SANJUAN_3_SANJUAN4GNODE,SANJUAN_3_SANJUAN4GNODE,RTPD,LMP,LMP_PRC,SANJUAN_3_SANJUAN4GNODE,ALL,1,1960.0409,3,1
2022-09-02T02:30:00-00:00,2022-09-02T02:45:00-00:00,2022-09-01,20,SANJUAN_3_SANJUAN4GNODE,SANJUAN_3_SANJUAN4GNODE,SANJUAN_3_SANJUAN4GNODE,RTPD,LMP,LMP_PRC,SANJUAN_3_SANJUAN4GNODE,ALL,1,1965.7886,3,1
2022-09-02T03:30:00-00:00,2022-09-02T03:45:00-00:00,2022-09-01,21,SANJUAN_3_SANJUAN4GNODE,SANJUAN_3_SANJUAN4GNODE,SANJUAN_3_SANJUAN4GNODE,RTPD,LMP,LMP_PRC,SANJUAN_3_SANJUAN4GNODE,ALL,1,77.06995,3,1
2022-09-02T04:30:00-00:00,2022-09-02T04:45:00-00:00,2022-09-01,22,SANJUAN_3_SANJUAN4GNODE,SANJUAN_3_SANJUAN4GNODE,SANJUAN_3_SANJUAN4GNODE,RTPD,LMP,LMP_PRC,SANJUAN_3_SANJUAN4GNODE,ALL,1,-34.11545,3,1
2022-09-02T05:30:00-00:00,2022-09-02T05:45:00-00:00,2022-09-01,23,SANJUAN_3_SANJUAN4GNODE,SANJUAN_3_SANJUAN4GNODE,SANJUAN_3_SANJUAN4GNODE,RTPD,LMP,LMP_PRC,SANJUAN_3_SANJUAN4GNODE,ALL,1,-43.48444,3,1
2022-09-02T06:30:00-00:00,2022-09-02T06:45:00-00:00,2022-09-01,24,SANJUAN_3_SANJUAN4GNODE,SANJUAN_3_SANJUAN4GNODE,SANJUAN_3_SANJUAN4GNODE,RTPD,LMP,LMP_PRC,SANJUAN_3_SANJUAN4GNODE,ALL,1,-36.04961,3,1
2022-09-01T07:45:00-00:00,2022-09-01T08:00:00-00:00,2022-09-01,01,SANJUAN_3_SANJUAN4GNODE,SANJUAN_3_SANJUAN4GNODE,SANJUAN_3_SANJUAN4GNODE,RTPD,LMP,LMP_PRC,SANJUAN_3_SANJUAN4GNODE,ALL,1,107.05558,4,1
2022-09-01T08:45:00-00:00,2022-09-01T09:00:00-00:00,2022-09-01,02,SANJUAN_3_SANJUAN4GNODE,SANJUAN_3_SANJUAN4GNODE,SANJUAN_3_SANJUAN4GNODE,RTPD,LMP,LMP_PRC,SANJUAN_3_SANJUAN4GNODE,ALL,1,82.58456,4,1
2022-09-01T09:45:00-00:00,2022-09-01T10:00:00-00:00,2022-09-01,03,SANJUAN_3_SANJUAN4GNODE,SANJUAN_3_SANJUAN4GNODE,SANJUAN_3_SANJUAN4GNODE,RTPD,LMP,LMP_PRC,SANJUAN_3_SANJUAN4GNODE,ALL,1,83.95308,4,1
2022-09-01T10:45:00-00:00,2022-09-01T11:00:00-00:00,2022-09-01,04,SANJUAN_3_SANJUAN4GNODE,SANJUAN_3_SANJUAN4GNODE,SANJUAN_3_SANJUAN4GNODE,RTPD,LMP,LMP_PRC,SANJUAN_3_SANJUAN4GNODE,ALL,1,78.33757,4,1
2022-09-01T11:45:00-00:00,2022-09-01T12:00:00-00:00,2022-09-01,05,SANJUAN_3_SANJUAN4GNODE,SANJUAN_3_SANJUAN4GNODE,SANJUAN_3_SANJUAN4GNODE,RTPD,LMP,LMP_PRC,SANJUAN_3_SANJUAN4GNODE,ALL,1,92.2168,4,1
2022-09-01T12:45:00-00:00,2022-09-01T13:00:00-00:00,2022-09-01,06,SANJUAN_3_SANJUAN4GNODE,SANJUAN_3_SANJUAN4GNODE,SANJUAN_3_SANJUAN4GNODE,RTPD,LMP,LMP_PRC,SANJUAN_3_SANJUAN4GNODE,ALL,1,103.30873,4,1
2022-09-01T13:45:00-00:00,2022-09-01T14:00:00-00:00,2022-09-01,07,SANJUAN_3_SANJUAN4GNODE,SANJUAN_3_SANJUAN4GNODE,SANJUAN_3_SANJUAN4GNODE,RTPD,LMP,LMP_PRC,SANJUAN_3_SANJUAN4GNODE,ALL,1,89.0535,4,1
2022-09-01T14:45:00-00:00,2022-09-01T15:00:00-00:00,2022-09-01,08,SANJUAN_3_SANJUAN4GNODE,SANJUAN_3_SANJUAN4GNODE,SANJUAN_3_SANJUAN4GNODE,RTPD,LMP,LMP_PRC,SANJUAN_3_SANJUAN4GNODE,ALL,1,58.40811,4,1
2022-09-01T15:45:00-00:00,2022-09-01T16:00:00-00:00,2022-09-01,09,SANJUAN_3_SANJUAN4GNODE,SANJUAN_3_SANJUAN4GNODE,SANJUAN_3_SANJUAN4GNODE,RTPD,LMP,LMP_PRC,SANJUAN_3_SANJUAN4GNODE,ALL,1,37.7469,4,1
2022-09-01T16:45:00-00:00,2022-09-01T17:00:00-00:00,2022-09-01,10,SANJUAN_3_SANJUAN4GNODE,SANJUAN_3_SANJUAN4GNODE,SANJUAN_3_SANJUAN4GNODE,RTPD,LMP,LMP_PRC,SANJUAN_3_SANJUAN4GNODE,ALL,1,63.8948,4,1
2022-09-01T17:45:00-00:00,2022-09-01T18:00:00-00:00,2022-09-01,11,SANJUAN_3_SANJUAN4GNODE,SANJUAN_3_SANJUAN4GNODE,SANJUAN_3_SANJUAN4GNODE,RTPD,LMP,LMP_PRC,SANJUAN_3_SANJUAN4GNODE,ALL,1,71.03408,4,1
2022-09-01T18:45:00-00:00,2022-09-01T19:00:00-00:00,2022-09-01,12,SANJUAN_3_SANJUAN4GNODE,SANJUAN_3_SANJUAN4GNODE,SANJUAN_3_SANJUAN4GNODE,RTPD,LMP,LMP_PRC,SANJUAN_3_SANJUAN4GNODE,ALL,1,72.89597,4,1
2022-09-01T19:45:00-00:00,2022-09-01T20:00:00-00:00,2022-09-01,13,SANJUAN_3_SANJUAN4GNODE,SANJUAN_3_SANJUAN4GNODE,SANJUAN_3_SANJUAN4GNODE,RTPD,LMP,LMP_PRC,SANJUAN_3_SANJUAN4GNODE,ALL,1,83.25449,4,1
2022-09-01T20:45:00-00:00,2022-09-01T21:00:00-00:00,2022-09-01,14,SANJUAN_3_SANJUAN4GNODE,SANJUAN_3_SANJUAN4GNODE,SANJUAN_3_SANJUAN4GNODE,RTPD,LMP,LMP_PRC,SANJUAN_3_SANJUAN4GNODE,ALL,1,115.33091,4,1
2022-09-01T21:45:00-00:00,2022-09-01T22:00:00-00:00,2022-09-01,15,SANJUAN_3_SANJUAN4GNODE,SANJUAN_3_SANJUAN4GNODE,SANJUAN_3_SANJUAN4GNODE,RTPD,LMP,LMP_PRC,SANJUAN_3_SANJUAN4GNODE,ALL,1,151.17673,4,1
2022-09-01T22:45:00-00:00,2022-09-01T23:00:00-00:00,2022-09-01,16,SANJUAN_3_SANJUAN4GNODE,SANJUAN_3_SANJUAN4GNODE,SANJUAN_3_SANJUAN4GNODE,RTPD,LMP,LMP_PRC,SANJUAN_3_SANJUAN4GNODE,ALL,1,255.94324,4,1
2022-09-01T23:45:00-00:00,2022-09-02T00:00:00-00:00,2022-09-01,17,SANJUAN_3_SANJUAN4GNODE,SANJUAN_3_SANJUAN4GNODE,SANJUAN_3_SANJUAN4GNODE,RTPD,LMP,LMP_PRC,SANJUAN_3_SANJUAN4GNODE,ALL,1,898.1883,4,1
2022-09-02T00:45:00-00:00,2022-09-02T01:00:00-00:00,2022-09-01,18,SANJUAN_3_SANJUAN4GNODE,SANJUAN_3_SANJUAN4GNODE,SANJUAN_3_SANJUAN4GNODE,RTPD,LMP,LMP_PRC,SANJUAN_3_SANJUAN4GNODE,ALL,1,714.6847,4,1
2022-09-02T01:45:00-00:00,2022-09-02T02:00:00-00:00,2022-09-01,19,SANJUAN_3_SANJUAN4GNODE,SANJUAN_3_SANJUAN4GNODE,SANJUAN_3_SANJUAN4GNODE,RTPD,LMP,LMP_PRC,SANJUAN_3_SANJUAN4GNODE,ALL,1,1976.3213,4,1
2022-09-02T02:45:00-00:00,2022-09-02T03:00:00-00:00,2022-09-01,20,SANJUAN_3_SANJUAN4GNODE,SANJUAN_3_SANJUAN4GNODE,SANJUAN_3_SANJUAN4GNODE,RTPD,LMP,LMP_PRC,SANJUAN_3_SANJUAN4GNODE,ALL,1,694.592,4,1
2022-09-02T03:45:00-00:00,2022-09-02T04:00:00-00:00,2022-09-01,21,SANJUAN_3_SANJUAN4GNODE,SANJUAN_3_SANJUAN4GNODE,SANJUAN_3_SANJUAN4GNODE,RTPD,LMP,LMP_PRC,SANJUAN_3_SANJUAN4GNODE,ALL,1,43.36293,4,1
2022-09-02T04:45:00-00:00,2022-09-02T05:00:00-00:00,2022-09-01,22,SANJUAN_3_SANJUAN4GNODE,SANJUAN_3_SANJUAN4GNODE,SANJUAN_3_SANJUAN4GNODE,RTPD,LMP,LMP_PRC,SANJUAN_3_SANJUAN4GNODE,ALL,1,-48.28617,4,1
2022-09-02T05:45:00-00:00,2022-09-02T06:00:00-00:00,2022-09-01,23,SANJUAN_3_SANJUAN4GNODE,SANJUAN_3_SANJUAN4GNODE,SANJUAN_3_SANJUAN4GNODE,RTPD,LMP,LMP_PRC,SANJUAN_3_SANJUAN4GNODE,ALL,1,-83.07511,4,1
2022-09-02T06:45:00-00:00,2022-09-02T07:00:00-00:00,2022-09-01,24,SANJUAN_3_SANJUAN4GNODE,SANJUAN_3_SANJUAN4GNODE,SANJUAN_3_SANJUAN4GNODE,RTPD,LMP,LMP_PRC,SANJUAN_3_SANJUAN4GNODE,ALL,1,-1.60447,4,1
2022-09-01T07:00:00-00:00,2022-09-01T07:15:00-00:00,2022-09-01,01,SANJUAN_3_SANJUAN4GNODE,SANJUAN_3_SANJUAN4GNODE,SANJUAN_3_SANJUAN4GNODE,RTPD,MCC,LMP_CONG_PRC,SANJUAN_3_SANJUAN4GNODE,ALL,1,14.69845,1,2
2022-09-01T08:00:00-00:00,2022-09-01T08:15:00-00:00,2022-09-01,02,SANJUAN_3_SANJUAN4GNODE,SANJUAN_3_SANJUAN4GNODE,SANJUAN_3_SANJUAN4GNODE,RTPD,MCC,LMP_CONG_PRC,SANJUAN_3_SANJUAN4GNODE,ALL,1,2.16387,1,2
2022-09-01T09:00:00-00:00,2022-09-01T09:15:00-00:00,2022-09-01,03,SANJUAN_3_SANJUAN4GNODE,SANJUAN_3_SANJUAN4GNODE,SANJUAN_3_SANJUAN4GNODE,RTPD,MCC,LMP_CONG_PRC,SANJUAN_3_SANJUAN4GNODE,ALL,1,2.90056,1,2
2022-09-01T10:00:00-00:00,2022-09-01T10:15:00-00:00,2022-09-01,04,SANJUAN_3_SANJUAN4GNODE,SANJUAN_3_SANJUAN4GNODE,SANJUAN_3_SANJUAN4GNODE,RTPD,MCC,LMP_CONG_PRC,SANJUAN_3_SANJUAN4GNODE,ALL,1,2.56077,1,2
2022-09-01T11:00:00-00:00,2022-09-01T11:15:00-00:00,2022-09-01,05,SANJUAN_3_SANJUAN4GNODE,SANJUAN_3_SANJUAN4GNODE,SANJUAN_3_SANJUAN4GNODE,RTPD,MCC,LMP_CONG_PRC,SANJUAN_3_SANJUAN4GNODE,ALL,1,-0.0032,1,2
2022-09-01T12:00:00-00:00,2022-09-01T12:15:00-00:00,2022-09-01,06,SANJUAN_3_SANJUAN4GNODE,SANJUAN_3_SANJUAN4GNODE,SANJUAN_3_SANJUAN4GNODE,RTPD,MCC,LMP_CONG_PRC,SANJUAN_3_SANJUAN4GNODE,ALL,1,6.7276,1,2
2022-09-01T13:00:00-00:00,2022-09-01T13:15:00-00:00,2022-09-01,07,SANJUAN_3_SANJUAN4GNODE,SANJUAN_3_SANJUAN4GNODE,SANJUAN_3_SANJUAN4GNODE,RTPD,MCC,LMP_CONG_PRC,SANJUAN_3_SANJUAN4GNODE,ALL,1,9.26338,1,2
2022-09-01T14:00:00-00:00,2022-09-01T14:15:00-00:00,2022-09-01,08,SANJUAN_3_SANJUAN4GNODE,SANJUAN_3_SANJUAN4GNODE,SANJUAN_3_SANJUAN4GNODE,RTPD,MCC,LMP_CONG_PRC,SANJUAN_3_SANJUAN4GNODE,ALL,1,-16.28914,1,2
2022-09-01T15:00:00-00:00,2022-09-01T15:15:00-00:00,2022-09-01,09,SANJUAN_3_SANJUAN4GNODE,SANJUAN_3_SANJUAN4GNODE,SANJUAN_3_SANJUAN4GNODE,RTPD,MCC,LMP_CONG_PRC,SANJUAN_3_SANJUAN4GNODE,ALL,1,-44.21101,1,2
2022-09-01T16:00:00-00:00,2022-09-01T16:15:00-00:00,2022-09-01,10,SANJUAN_3_SANJUAN4GNODE,SANJUAN_3_SANJUAN4GNODE,SANJUAN_3_SANJUAN4GNODE,RTPD,MCC,LMP_CONG_PRC,SANJUAN_3_SANJUAN4GNODE,ALL,1,-32.0527,1,2
2022-09-01T17:00:00-00:00,2022-09-01T17:15:00-00:00,2022-09-01,11,SANJUAN_3_SANJUAN4GNODE,SANJUAN_3_SANJUAN4GNODE,SANJUAN_3_SANJUAN4GNODE,RTPD,MCC,LMP_CONG_PRC,SANJUAN_3_SANJUAN4GNODE,ALL,1,-18.0915,1,2
2022-09-01T18:00:00-00:00,2022-09-01T18:15:00-00:00,2022-09-01,12,SANJUAN_3_SANJUAN4GNODE,SANJUAN_3_SANJUAN4GNODE,SANJUAN_3_SANJUAN4GNODE,RTPD,MCC,LMP_CONG_PRC,SANJUAN_3_SANJUAN4GNODE,ALL,1,-11.3259,1,2
2022-09-01T19:00:00-00:00,2022-09-01T19:15:00-00:00,2022-09-01,13,SANJUAN_3_SANJUAN4GNODE,SANJUAN_3_SANJUAN4GNODE,SANJUAN_3_SANJUAN4GNODE,RTPD,MCC,LMP_CONG_PRC,SANJUAN_3_SANJUAN4GNODE,ALL,1,-31.21944,1,2
2022-09-01T20:00:00-00:00,2022-09-01T20:15:00-00:00,2022-09-01,14,SANJUAN_3_SANJUAN4GNODE,SANJUAN_3_SANJUAN4GNODE,SANJUAN_3_SANJUAN4GNODE,RTPD,MCC,LMP_CONG_PRC,SANJUAN_3_SANJUAN4GNODE,ALL,1,1.69575,1,2
2022-09-01T21:00:00-00:00,2022-09-01T21:15:00-00:00,2022-09-01,15,SANJUAN_3_SANJUAN4GNODE,SANJUAN_3_SANJUAN4GNODE,SANJUAN_3_SANJUAN4GNODE,RTPD,MCC,LMP_CONG_PRC,SANJUAN_3_SANJUAN4GNODE,ALL,1,-128.03891,1,2
2022-09-01T22:00:00-00:00,2022-09-01T22:15:00-00:00,2022-09-01,16,SANJUAN_3_SANJUAN4GNODE,SANJUAN_3_SANJUAN4GNODE,SANJUAN_3_SANJUAN4GNODE,RTPD,MCC,LMP_CONG_PRC,SANJUAN_3_SANJUAN4GNODE,ALL,1,-77.45646,1,2
2022-09-01T23:00:00-00:00,2022-09-01T23:15:00-00:00,2022-09-01,17,SANJUAN_3_SANJUAN4GNODE,SANJUAN_3_SANJUAN4GNODE,SANJUAN_3_SANJUAN4GNODE,RTPD,MCC,LMP_CONG_PRC,SANJUAN_3_SANJUAN4GNODE,ALL,1,-173.44278,1,2
2022-09-02T00:00:00-00:00,2022-09-02T00:15:00-00:00,2022-09-01,18,SANJUAN_3_SANJUAN4GNODE,SANJUAN_3_SANJUAN4GNODE,SANJUAN_3_SANJUAN4GNODE,RTPD,MCC,LMP_CONG_PRC,SANJUAN_3_SANJUAN4GNODE,ALL,1,-126.93001,1,2
2022-09-02T01:00:00-00:00,2022-09-02T01:15:00-00:00,2022-09-01,19,SANJUAN_3_SANJUAN4GNODE,SANJUAN_3_SANJUAN4GNODE,SANJUAN_3_SANJUAN4GNODE,RTPD,MCC,LMP_CONG_PRC,SANJUAN_3_SANJUAN4GNODE,ALL,1,60.5831,1,2
2022-09-02T02:00:00-00:00,2022-09-02T02:15:00-00:00,2022-09-01,20,SANJUAN_3_SANJUAN4GNODE,SANJUAN_3_SANJUAN4GNODE,SANJUAN_3_SANJUAN4GNODE,RTPD,MCC,LMP_CONG_PRC,SANJUAN_3_SANJUAN4GNODE,ALL,1,-81.98444,1,2
2022-09-02T03:00:00-00:00,2022-09-02T03:15:00-00:00,2022-09-01,21,SANJUAN_3_SANJUAN4GNODE,SANJUAN_3_SANJUAN4GNODE,SANJUAN_3_SANJUAN4GNODE,RTPD,MCC,LMP_CONG_PRC,SANJUAN_3_SANJUAN4GNODE,ALL,1,-783.21985,1,2
2022-09-02T04:00:00-00:00,2022-09-02T04:15:00-00:00,2022-09-01,22,SANJUAN_3_SANJUAN4GNODE,SANJUAN_3_SANJUAN4GNODE,SANJUAN_3_SANJUAN4GNODE,RTPD,MCC,LMP_CONG_PRC,SANJUAN_3_SANJUAN4GNODE,ALL,1,-279.13385,1,2
2022-09-02T05:00:00-00:00,2022-09-02T05:15:00-00:00,2022-09-01,23,SANJUAN_3_SANJUAN4GNODE,SANJUAN_3_SANJUAN4GNODE,SANJUAN_3_SANJUAN4GNODE,RTPD,MCC,LMP_CONG_PRC,SANJUAN_3_SANJUAN4GNODE,ALL,1,-202.30022,1,2
2022-09-02T06:00:00-00:00,2022-09-02T06:15:00-00:00,2022-09-01,24,SANJUAN_3_SANJUAN4GNODE,SANJUAN_3_SANJUAN4GNODE,SANJUAN_3_SANJUAN4GNODE,RTPD,MCC,LMP_CONG_PRC,SANJUAN_3_SANJUAN4GNODE,ALL,1,-123.87204,1,2
2022-09-01T07:15:00-00:00,2022-09-01T07:30:00-00:00,2022-09-01,01,SANJUAN_3_SANJUAN4GNODE,SANJUAN_3_SANJUAN4GNODE,SANJUAN_3_SANJUAN4GNODE,RTPD,MCC,LMP_CONG_PRC,SANJUAN_3_SANJUAN4GNODE,ALL,1,6.37815,2,2
2022-09-01T08:15:00-00:00,2022-09-01T08:30:00-00:00,2022-09-01,02,SANJUAN_3_SANJUAN4GNODE,SANJUAN_3_SANJUAN4GNODE,SANJUAN_3_SANJUAN4GNODE,RTPD,MCC,LMP_CONG_PRC,SANJUAN_3_SANJUAN4GNODE,ALL,1,0.58889,2,2
2022-09-01T09:15:00-00:00,2022-09-01T09:30:00-00:00,2022-09-01,03,SANJUAN_3_SANJUAN4GNODE,SANJUAN_3_SANJUAN4GNODE,SANJUAN_3_SANJUAN4GNODE,RTPD,MCC,LMP_CONG_PRC,SANJUAN_3_SANJUAN4GNODE,ALL,1,3.83755,2,2
2022-09-01T10:15:00-00:00,2022-09-01T10:30:00-00:00,2022-09-01,04,SANJUAN_3_SANJUAN4GNODE,SANJUAN_3_SANJUAN4GNODE,SANJUAN_3_SANJUAN4GNODE,RTPD,MCC,LMP_CONG_PRC,SANJUAN_3_SANJUAN4GNODE,ALL,1,3.62347,2,2
2022-09-01T11:15:00-00:00,2022-09-01T11:30:00-00:00,2022-09-01,05,SANJUAN_3_SANJUAN4GNODE,SANJUAN_3_SANJUAN4GNODE,SANJUAN_3_SANJUAN4GNODE,RTPD,MCC,LMP_CONG_PRC,SANJUAN_3_SANJUAN4GNODE,ALL,1,-0.004,2,2
2022-09-01T12:15:00-00:00,2022-09-01T12:30:00-00:00,2022-09-01,06,SANJUAN_3_SANJUAN4GNODE,SANJUAN_3_SANJUAN4GNODE,SANJUAN_3_SANJUAN4GNODE,RTPD,MCC,LMP_CONG_PRC,SANJUAN_3_SANJUAN4GNODE,ALL,1,4.12354,2,2
2022-09-01T13:15:00-00:00,2022-09-01T13:30:00-00:00,2022-09-01,07,SANJUAN_3_SANJUAN4GNODE,SANJUAN_3_SANJUAN4GNODE,SANJUAN_3_SANJUAN4GNODE,RTPD,MCC,LMP_CONG_PRC,SANJUAN_3_SANJUAN4GNODE,ALL,1,0.39446,2,2
2022-09-01T14:15:00-00:00,2022-09-01T14:30:00-00:00,2022-09-01,08,SANJUAN_3_SANJUAN4GNODE,SANJUAN_3_SANJUAN4GNODE,SANJUAN_3_SANJUAN4GNODE,RTPD,MCC,LMP_CONG_PRC,SANJUAN_3_SANJUAN4GNODE,ALL,1,-20.76265,2,2
2022-09-01T15:15:00-00:00,2022-09-01T15:30:00-00:00,2022-09-01,09,SANJUAN_3_SANJUAN4GNODE,SANJUAN_3_SANJUAN4GNODE,SANJUAN_3_SANJUAN4GNODE,RTPD,MCC,LMP_CONG_PRC,SANJUAN_3_SANJUAN4GNODE,ALL,1,-46.77138,2,2
2022-09-01T16:15:00-00:00,2022-09-01T16:30:00-00:00,2022-09-01,10,SANJUAN_3_SANJUAN4GNODE,SANJUAN_3_SANJUAN4GNODE,SANJUAN_3_SANJUAN4GNODE,RTPD,MCC,LMP_CONG_PRC,SANJUAN_3_SANJUAN4GNODE,ALL,1,-29.11436,2,2
2022-09-01T17:15:00-00:00,2022-09-01T17:30:00-00:00,2022-09-01,11,SANJUAN_3_SANJUAN4GNODE,SANJUAN_3_SANJUAN4GNODE,SANJUAN_3_SANJUAN4GNODE,RTPD,MCC,LMP_CONG_PRC,SANJUAN_3_SANJUAN4GNODE,ALL,1,-17.46354,2,2
2022-09-01T18:15:00-00:00,2022-09-01T18:30:00-00:00,2022-09-01,12,SANJUAN_3_SANJUAN4GNODE,SANJUAN_3_SANJUAN4GNODE,SANJUAN_3_SANJUAN4GNODE,RTPD,MCC,LMP_CONG_PRC,SANJUAN_3_SANJUAN4GNODE,ALL,1,-20.62902,2,2
2022-09-01T19:15:00-00:00,2022-09-01T19:30:00-00:00,2022-09-01,13,SANJUAN_3_SANJUAN4GNODE,SANJUAN_3_SANJUAN4GNODE,SANJUAN_3_SANJUAN4GNODE,RTPD,MCC,LMP_CONG_PRC,SANJUAN_3_SANJUAN4GNODE,ALL,1,-12.55792,2,2
2022-09-01T20:15:00-00:00,2022-09-01T20:30:00-00:00,2022-09-01,14,SANJUAN_3_SANJUAN4GNODE,SANJUAN_3_SANJUAN4GNODE,SANJUAN_3_SANJUAN4GNODE,RTPD,MCC,LMP_CONG_PRC,SANJUAN_3_SANJUAN4GNODE,ALL,1,1.80124,2,2
2022-09-01T21:15:00-00:00,2022-09-01T21:30:00-00:00,2022-09-01,15,SANJUAN_3_SANJUAN4GNODE,SANJUAN_3_SANJUAN4GNODE,SANJUAN_3_SANJUAN4GNODE,RTPD,MCC,LMP_CONG_PRC,SANJUAN_3_SANJUAN4GNODE,ALL,1,-26.99965,2,2
2022-09-01T22:15:00-00:00,2022-09-01T22:30:00-00:00,2022-09-01,16,SANJUAN_3_SANJUAN4GNODE,SANJUAN_3_SANJUAN4GNODE,SANJUAN_3_SANJUAN4GNODE,RTPD,MCC,LMP_CONG_PRC,SANJUAN_3_SANJUAN4GNODE,ALL,1,-81.33418,2,2
2022-09-01T23:15:00-00:00,2022-09-01T23:30:00-00:00,2022-09-01,17,SANJUAN_3_SANJUAN4GNODE,SANJUAN_3_SANJUAN4GNODE,SANJUAN_3_SANJUAN4GNODE,RTPD,MCC,LMP_CONG_PRC,SANJUAN_3_SANJUAN4GNODE,ALL,1,-162.81415,2,2
2022-09-02T00:15:00-00:00,2022-09-02T00:30:00-00:00,2022-09-01,18,SANJUAN_3_SANJUAN4GNODE,SANJUAN_3_SANJUAN4GNODE,SANJUAN_3_SANJUAN4GNODE,RTPD,MCC,LMP_CONG_PRC,SANJUAN_3_SANJUAN4GNODE,ALL,1,-112.97119,2,2
2022-09-02T01:15:00-00:00,2022-09-02T01:30:00-00:00,2022-09-01,19,SANJUAN_3_SANJUAN4GNODE,SANJUAN_3_SANJUAN4GNODE,SANJUAN_3_SANJUAN4GNODE,RTPD,MCC,LMP_CONG_PRC,SANJUAN_3_SANJUAN4GNODE,ALL,1,-112.004,2,2
2022-09-02T02:15:00-00:00,2022-09-02T02:30:00-00:00,2022-09-01,20,SANJUAN_3_SANJUAN4GNODE,SANJUAN_3_SANJUAN4GNODE,SANJUAN_3_SANJUAN4GNODE,RTPD,MCC,LMP_CONG_PRC,SANJUAN_3_SANJUAN4GNODE,ALL,1,-0.0024,2,2
2022-09-02T03:15:00-00:00,2022-09-02T03:30:00-00:00,2022-09-01,21,SANJUAN_3_SANJUAN4GNODE,SANJUAN_3_SANJUAN4GNODE,SANJUAN_3_SANJUAN4GNODE,RTPD,MCC,LMP_CONG_PRC,SANJUAN_3_SANJUAN4GNODE,ALL,1,-277.36548,2,2
2022-09-02T04:15:00-00:00,2022-09-02T04:30:00-00:00,2022-09-01,22,SANJUAN_3_SANJUAN4GNODE,SANJUAN_3_SANJUAN4GNODE,SANJUAN_3_SANJUAN4GNODE,RTPD,MCC,LMP_CONG_PRC,SANJUAN_3_SANJUAN4GNODE,ALL,1,-239.17686,2,2
2022-09-02T05:15:00-00:00,2022-09-02T05:30:00-00:00,2022-09-01,23,SANJUAN_3_SANJUAN4GNODE,SANJUAN_3_SANJUAN4GNODE,SANJUAN_3_SANJUAN4GNODE,RTPD,MCC,LMP_CONG_PRC,SANJUAN_3_SANJUAN4GNODE,ALL,1,-193.52765,2,2
2022-09-02T06:15:00-00:00,2022-09-02T06:30:00-00:00,2022-09-01,24,SANJUAN_3_SANJUAN4GNODE,SANJUAN_3_SANJUAN4GNODE,SANJUAN_3_SANJUAN4GNODE,RTPD,MCC,LMP_CONG_PRC,SANJUAN_3_SANJUAN4GNODE,ALL,1,-64.4569,2,2
2022-09-01T07:30:00-00:00,2022-09-01T07:45:00-00:00,2022-09-01,01,SANJUAN_3_SANJUAN4GNODE,SANJUAN_3_SANJUAN4GNODE,SANJUAN_3_SANJUAN4GNODE,RTPD,MCC,LMP_CONG_PRC,SANJUAN_3_SANJUAN4GNODE,ALL,1,10.47012,3,2
2022-09-01T08:30:00-00:00,2022-09-01T08:45:00-00:00,2022-09-01,02,SANJUAN_3_SANJUAN4GNODE,SANJUAN_3_SANJUAN4GNODE,SANJUAN_3_SANJUAN4GNODE,RTPD,MCC,LMP_CONG_PRC,SANJUAN_3_SANJUAN4GNODE,ALL,1,-0.00184,3,2
2022-09-01T09:30:00-00:00,2022-09-01T09:45:00-00:00,2022-09-01,03,SANJUAN_3_SANJUAN4GNODE,SANJUAN_3_SANJUAN4GNODE,SANJUAN_3_SANJUAN4GNODE,RTPD,MCC,LMP_CONG_PRC,SANJUAN_3_SANJUAN4GNODE,ALL,1,3.81634,3,2
2022-09-01T10:30:00-00:00,2022-09-01T10:45:00-00:00,2022-09-01,04,SANJUAN_3_SANJUAN4GNODE,SANJUAN_3_SANJUAN4GNODE,SANJUAN_3_SANJUAN4GNODE,RTPD,MCC,LMP_CONG_PRC,SANJUAN_3_SANJUAN4GNODE,ALL,1,2.05588,3,2
2022-09-01T11:30:00-00:00,2022-09-01T11:45:00-00:00,2022-09-01,05,SANJUAN_3_SANJUAN4GNODE,SANJUAN_3_SANJUAN4GNODE,SANJUAN_3_SANJUAN4GNODE,RTPD,MCC,LMP_CONG_PRC,SANJUAN_3_SANJUAN4GNODE,ALL,1,-0.004,3,2
2022-09-01T12:30:00-00:00,2022-09-01T12:45:00-00:00,2022-09-01,06,SANJUAN_3_SANJUAN4GNODE,SANJUAN_3_SANJUAN4GNODE,SANJUAN_3_SANJUAN4GNODE,RTPD,MCC,LMP_CONG_PRC,SANJUAN_3_SANJUAN4GNODE,ALL,1,7.16585,3,2
2022-09-01T13:30:00-00:00,2022-09-01T13:45:00-00:00,2022-09-01,07,SANJUAN_3_SANJUAN4GNODE,SANJUAN_3_SANJUAN4GNODE,SANJUAN_3_SANJUAN4GNODE,RTPD,MCC,LMP_CONG_PRC,SANJUAN_3_SANJUAN4GNODE,ALL,1,-1.59336,3,2
2022-09-01T14:30:00-00:00,2022-09-01T14:45:00-00:00,2022-09-01,08,SANJUAN_3_SANJUAN4GNODE,SANJUAN_3_SANJUAN4GNODE,SANJUAN_3_SANJUAN4GNODE,RTPD,MCC,LMP_CONG_PRC,SANJUAN_3_SANJUAN4GNODE,ALL,1,-15.2084,3,2
2022-09-01T15:30:00-00:00,2022-09-01T15:45:00-00:00,2022-09-01,09,SANJUAN_3_SANJUAN4GNODE,SANJUAN_3_SANJUAN4GNODE,SANJUAN_3_SANJUAN4GNODE,RTPD,MCC,LMP_CONG_PRC,SANJUAN_3_SANJUAN4GNODE,ALL,1,-57.71645,3,2
2022-09-01T16:30:00-00:00,2022-09-01T16:45:00-00:00,2022-09-01,10,SANJUAN_3_SANJUAN4GNODE,SANJUAN_3_SANJUAN4GNODE,SANJUAN_3_SANJUAN4GNODE,RTPD,MCC,LMP_CONG_PRC,SANJUAN_3_SANJUAN4GNODE,ALL,1,-15.57898,3,2
2022-09-01T17:30:00-00:00,2022-09-01T17:45:00-00:00,2022-09-01,11,SANJUAN_3_SANJUAN4GNODE,SANJUAN_3_SANJUAN4GNODE,SANJUAN_3_SANJUAN4GNODE,RTPD,MCC,LMP_CONG_PRC,SANJUAN_3_SANJUAN4GNODE,ALL,1,-14.27419,3,2
2022-09-01T18:30:00-00:00,2022-09-01T18:45:00-00:00,2022-09-01,12,SANJUAN_3_SANJUAN4GNODE,SANJUAN_3_SANJUAN4GNODE,SANJUAN_3_SANJUAN4GNODE,RTPD,MCC,LMP_CONG_PRC,SANJUAN_3_SANJUAN4GNODE,ALL,1,-19.27928,3,2
2022-09-01T19:30:00-00:00,2022-09-01T19:45:00-00:00,2022-09-01,13,SANJUAN_3_SANJUAN4GNODE,SANJUAN_3_SANJUAN4GNODE,SANJUAN_3_SANJUAN4GNODE,RTPD,MCC,LMP_CONG_PRC,SANJUAN_3_SANJUAN4GNODE,ALL,1,-21.09207,3,2
2022-09-01T20:30:00-00:00,2022-09-01T20:45:00-00:00,2022-09-01,14,SANJUAN_3_SANJUAN4GNODE,SANJUAN_3_SANJUAN4GNODE,SANJUAN_3_SANJUAN4GNODE,RTPD,MCC,LMP_CONG_PRC,SANJUAN_3_SANJUAN4GNODE,ALL,1,7.02912,3,2
2022-09-01T21:30:00-00:00,2022-09-01T21:45:00-00:00,2022-09-01,15,SANJUAN_3_SANJUAN4GNODE,SANJUAN_3_SANJUAN4GNODE,SANJUAN_3_SANJUAN4GNODE,RTPD,MCC,LMP_CONG_PRC,SANJUAN_3_SANJUAN4GNODE,ALL,1,-35.66967,3,2
2022-09-01T22:30:00-00:00,2022-09-01T22:45:00-00:00,2022-09-01,16,SANJUAN_3_SANJUAN4GNODE,SANJUAN_3_SANJUAN4GNODE,SANJUAN_3_SANJUAN4GNODE,RTPD,MCC,LMP_CONG_PRC,SANJUAN_3_SANJUAN4GNODE,ALL,1,-109.08158,3,2
2022-09-01T23:30:00-00:00,2022-09-01T23:45:00-00:00,2022-09-01,17,SANJUAN_3_SANJUAN4GNODE,SANJUAN_3_SANJUAN4GNODE,SANJUAN_3_SANJUAN4GNODE,RTPD,MCC,LMP_CONG_PRC,SANJUAN_3_SANJUAN4GNODE,ALL,1,-302.74307,3,2
2022-09-02T00:30:00-00:00,2022-09-02T00:45:00-00:00,2022-09-01,18,SANJUAN_3_SANJUAN4GNODE,SANJUAN_3_SANJUAN4GNODE,SANJUAN_3_SANJUAN4GNODE,RTPD,MCC,LMP_CONG_PRC,SANJUAN_3_SANJUAN4GNODE,ALL,1,-9.14782,3,2
2022-09-02T01:30:00-00:00,2022-09-02T01:45:00-00:00,2022-09-01,19,SANJUAN_3_SANJUAN4GNODE,SANJUAN_3_SANJUAN4GNODE,SANJUAN_3_SANJUAN4GNODE,RTPD,MCC,LMP_CONG_PRC,SANJUAN_3_SANJUAN4GNODE,ALL,1,-21.36466,3,2
2022-09-02T02:30:00-00:00,2022-09-02T02:45:00-00:00,2022-09-01,20,SANJUAN_3_SANJUAN4GNODE,SANJUAN_3_SANJUAN4GNODE,SANJUAN_3_SANJUAN4GNODE,RTPD,MCC,LMP_CONG_PRC,SANJUAN_3_SANJUAN4GNODE,ALL,1,-0.0024,3,2
2022-09-02T03:30:00-00:00,2022-09-02T03:45:00-00:00,2022-09-01,21,SANJUAN_3_SANJUAN4GNODE,SANJUAN_3_SANJUAN4GNODE,SANJUAN_3_SANJUAN4GNODE,RTPD,MCC,LMP_CONG_PRC,SANJUAN_3_SANJUAN4GNODE,ALL,1,-79.8266,3,2
2022-09-02T04:30:00-00:00,2022-09-02T04:45:00-00:00,2022-09-01,22,SANJUAN_3_SANJUAN4GNODE,SANJUAN_3_SANJUAN4GNODE,SANJUAN_3_SANJUAN4GNODE,RTPD,MCC,LMP_CONG_PRC,SANJUAN_3_SANJUAN4GNODE,ALL,1,-187.74463,3,2
2022-09-02T05:30:00-00:00,2022-09-02T05:45:00-00:00,2022-09-01,23,SANJUAN_3_SANJUAN4GNODE,SANJUAN_3_SANJUAN4GNODE,SANJUAN_3_SANJUAN4GNODE,RTPD,MCC,LMP_CONG_PRC,SANJUAN_3_SANJUAN4GNODE,ALL,1,-151.70726,3,2
2022-09-02T06:30:00-00:00,2022-09-02T06:45:00-00:00,2022-09-01,24,SANJUAN_3_SANJUAN4GNODE,SANJUAN_3_SANJUAN4GNODE,SANJUAN_3_SANJUAN4GNODE,RTPD,MCC,LMP_CONG_PRC,SANJUAN_3_SANJUAN4GNODE,ALL,1,-141.75056,3,2
2022-09-01T07:45:00-00:00,2022-09-01T08:00:00-00:00,2022-09-01,01,SANJUAN_3_SANJUAN4GNODE,SANJUAN_3_SANJUAN4GNODE,SANJUAN_3_SANJUAN4GNODE,RTPD,MCC,LMP_CONG_PRC,SANJUAN_3_SANJUAN4GNODE,ALL,1,11.93459,4,2
2022-09-01T08:45:00-00:00,2022-09-01T09:00:00-00:00,2022-09-01,02,SANJUAN_3_SANJUAN4GNODE,SANJUAN_3_SANJUAN4GNODE,SANJUAN_3_SANJUAN4GNODE,RTPD,MCC,LMP_CONG_PRC,SANJUAN_3_SANJUAN4GNODE,ALL,1,2.91157,4,2
2022-09-01T09:45:00-00:00,2022-09-01T10:00:00-00:00,2022-09-01,03,SANJUAN_3_SANJUAN4GNODE,SANJUAN_3_SANJUAN4GNODE,SANJUAN_3_SANJUAN4GNODE,RTPD,MCC,LMP_CONG_PRC,SANJUAN_3_SANJUAN4GNODE,ALL,1,3.43373,4,2
2022-09-01T10:45:00-00:00,2022-09-01T11:00:00-00:00,2022-09-01,04,SANJUAN_3_SANJUAN4GNODE,SANJUAN_3_SANJUAN4GNODE,SANJUAN_3_SANJUAN4GNODE,RTPD,MCC,LMP_CONG_PRC,SANJUAN_3_SANJUAN4GNODE,ALL,1,0.81243,4,2
2022-09-01T11:45:00-00:00,2022-09-01T12:00:00-00:00,2022-09-01,05,SANJUAN_3_SANJUAN4GNODE,SANJUAN_3_SANJUAN4GNODE,SANJUAN_3_SANJUAN4GNODE,RTPD,MCC,LMP_CONG_PRC,SANJUAN_3_SANJUAN4GNODE,ALL,1,-0.0032,4,2
2022-09-01T12:45:00-00:00,2022-09-01T13:00:00-00:00,2022-09-01,06,SANJUAN_3_SANJUAN4GNODE,SANJUAN_3_SANJUAN4GNODE,SANJUAN_3_SANJUAN4GNODE,RTPD,MCC,LMP_CONG_PRC,SANJUAN_3_SANJUAN4GNODE,ALL,1,1.61393,4,2
2022-09-01T13:45:00-00:00,2022-09-01T14:00:00-00:00,2022-09-01,07,SANJUAN_3_SANJUAN4GNODE,SANJUAN_3_SANJUAN4GNODE,SANJUAN_3_SANJUAN4GNODE,RTPD,MCC,LMP_CONG_PRC,SANJUAN_3_SANJUAN4GNODE,ALL,1,-7.5665,4,2
2022-09-01T14:45:00-00:00,2022-09-01T15:00:00-00:00,2022-09-01,08,SANJUAN_3_SANJUAN4GNODE,SANJUAN_3_SANJUAN4GNODE,SANJUAN_3_SANJUAN4GNODE,RTPD,MCC,LMP_CONG_PRC,SANJUAN_3_SANJUAN4GNODE,ALL,1,-18.89069,4,2
2022-09-01T15:45:00-00:00,2022-09-01T16:00:00-00:00,2022-09-01,09,SANJUAN_3_SANJUAN4GNODE,SANJUAN_3_SANJUAN4GNODE,SANJUAN_3_SANJUAN4GNODE,RTPD,MCC,LMP_CONG_PRC,SANJUAN_3_SANJUAN4GNODE,ALL,1,-28.90385,4,2
2022-09-01T16:45:00-00:00,2022-09-01T17:00:00-00:00,2022-09-01,10,SANJUAN_3_SANJUAN4GNODE,SANJUAN_3_SANJUAN4GNODE,SANJUAN_3_SANJUAN4GNODE,RTPD,MCC,LMP_CONG_PRC,SANJUAN_3_SANJUAN4GNODE,ALL,1,-16.41454,4,2
2022-09-01T17:45:00-00:00,2022-09-01T18:00:00-00:00,2022-09-01,11,SANJUAN_3_SANJUAN4GNODE,SANJUAN_3_SANJUAN4GNODE,SANJUAN_3_SANJUAN4GNODE,RTPD,MCC,LMP_CONG_PRC,SANJUAN_3_SANJUAN4GNODE,ALL,1,-15.84958,4,2
2022-09-01T18:45:00-00:00,2022-09-01T19:00:00-00:00,2022-09-01,12,SANJUAN_3_SANJUAN4GNODE,SANJUAN_3_SANJUAN4GNODE,SANJUAN_3_SANJUAN4GNODE,RTPD,MCC,LMP_CONG_PRC,SANJUAN_3_SANJUAN4GNODE,ALL,1,-22.16467,4,2
2022-09-01T19:45:00-00:00,2022-09-01T20:00:00-00:00,2022-09-01,13,SANJUAN_3_SANJUAN4GNODE,SANJUAN_3_SANJUAN4GNODE,SANJUAN_3_SANJUAN4GNODE,RTPD,MCC,LMP_CONG_PRC,SANJUAN_3_SANJUAN4GNODE,ALL,1,-21.60042,4,2
2022-09-01T20:45:00-00:00,2022-09-01T21:00:00-00:00,2022-09-01,14,SANJUAN_3_SANJUAN4GNODE,SANJUAN_3_SANJUAN4GNODE,SANJUAN_3_SANJUAN4GNODE,RTPD,MCC,LMP_CONG_PRC,SANJUAN_3_SANJUAN4GNODE,ALL,1,-23.08418,4,2
2022-09-01T21:45:00-00:00,2022-09-01T22:00:00-00:00,2022-09-01,15,SANJUAN_3_SANJUAN4GNODE,SANJUAN_3_SANJUAN4GNODE,SANJUAN_3_SANJUAN4GNODE,RTPD,MCC,LMP_CONG_PRC,SANJUAN_3_SANJUAN4GNODE,ALL,1,-134.32703,4,2
2022-09-01T22:45:00-00:00,2022-09-01T23:00:00-00:00,2022-09-01,16,SANJUAN_3_SANJUAN4GNODE,SANJUAN_3_SANJUAN4GNODE,SANJUAN_3_SANJUAN4GNODE,RTPD,MCC,LMP_CONG_PRC,SANJUAN_3_SANJUAN4GNODE,ALL,1,-156.81046,4,2
2022-09-01T23:45:00-00:00,2022-09-02T00:00:00-00:00,2022-09-01,17,SANJUAN_3_SANJUAN4GNODE,SANJUAN_3_SANJUAN4GNODE,SANJUAN_3_SANJUAN4GNODE,RTPD,MCC,LMP_CONG_PRC,SANJUAN_3_SANJUAN4GNODE,ALL,1,-334.69415,4,2
2022-09-02T00:45:00-00:00,2022-09-02T01:00:00-00:00,2022-09-01,18,SANJUAN_3_SANJUAN4GNODE,SANJUAN_3_SANJUAN4GNODE,SANJUAN_3_SANJUAN4GNODE,RTPD,MCC,LMP_CONG_PRC,SANJUAN_3_SANJUAN4GNODE,ALL,1,-774.95435,4,2
2022-09-02T01:45:00-00:00,2022-09-02T02:00:00-00:00,2022-09-01,19,SANJUAN_3_SANJUAN4GNODE,SANJUAN_3_SANJUAN4GNODE,SANJUAN_3_SANJUAN4GNODE,RTPD,MCC,LMP_CONG_PRC,SANJUAN_3_SANJUAN4GNODE,ALL,1,-0.0024,4,2
2022-09-02T02:45:00-00:00,2022-09-02T03:00:00-00:00,2022-09-01,20,SANJUAN_3_SANJUAN4GNODE,SANJUAN_3_SANJUAN4GNODE,SANJUAN_3_SANJUAN4GNODE,RTPD,MCC,LMP_CONG_PRC,SANJUAN_3_SANJUAN4GNODE,ALL,1,-778.28534,4,2
2022-09-02T03:45:00-00:00,2022-09-02T04:00:00-00:00,2022-09-01,21,SANJUAN_3_SANJUAN4GNODE,SANJUAN_3_SANJUAN4GNODE,SANJUAN_3_SANJUAN4GNODE,RTPD,MCC,LMP_CONG_PRC,SANJUAN_3_SANJUAN4GNODE,ALL,1,-71.66421,4,2
2022-09-02T04:45:00-00:00,2022-09-02T05:00:00-00:00,2022-09-01,22,SANJUAN_3_SANJUAN4GNODE,SANJUAN_3_SANJUAN4GNODE,SANJUAN_3_SANJUAN4GNODE,RTPD,MCC,LMP_CONG_PRC,SANJUAN_3_SANJUAN4GNODE,ALL,1,-151.24799,4,2
2022-09-02T05:45:00-00:00,2022-09-02T06:00:00-00:00,2022-09-01,23,SANJUAN_3_SANJUAN4GNODE,SANJUAN_3_SANJUAN4GNODE,SANJUAN_3_SANJUAN4GNODE,RTPD,MCC,LMP_CONG_PRC,SANJUAN_3_SANJUAN4GNODE,ALL,1,-180.19733,4,2
2022-09-02T06:45:00-00:00,2022-09-02T07:00:00-00:00,2022-09-01,24,SANJUAN_3_SANJUAN4GNODE,SANJUAN_3_SANJUAN4GNODE,SANJUAN_3_SANJUAN4GNODE,RTPD,MCC,LMP_CONG_PRC,SANJUAN_3_SANJUAN4GNODE,ALL,1,-88.63896,4,2
2022-09-01T07:00:00-00:00,2022-09-01T07:15:00-00:00,2022-09-01,01,SANJUAN_3_SANJUAN4GNODE,SANJUAN_3_SANJUAN4GNODE,SANJUAN_3_SANJUAN4GNODE,RTPD,MCE,LMP_ENE_PRC,SANJUAN_3_SANJUAN4GNODE,ALL,1,104.23471,1,3
2022-09-01T08:00:00-00:00,2022-09-01T08:15:00-00:00,2022-09-01,02,SANJUAN_3_SANJUAN4GNODE,SANJUAN_3_SANJUAN4GNODE,SANJUAN_3_SANJUAN4GNODE,RTPD,MCE,LMP_ENE_PRC,SANJUAN_3_SANJUAN4GNODE,ALL,1,115.5488,1,3
2022-09-01T09:00:00-00:00,2022-09-01T09:15:00-00:00,2022-09-01,03,SANJUAN_3_SANJUAN4GNODE,SANJUAN_3_SANJUAN4GNODE,SANJUAN_3_SANJUAN4GNODE,RTPD,MCE,LMP_ENE_PRC,SANJUAN_3_SANJUAN4GNODE,ALL,1,99.73061,1,3
2022-09-01T10:00:00-00:00,2022-09-01T10:15:00-00:00,2022-09-01,04,SANJUAN_3_SANJUAN4GNODE,SANJUAN_3_SANJUAN4GNODE,SANJUAN_3_SANJUAN4GNODE,RTPD,MCE,LMP_ENE_PRC,SANJUAN_3_SANJUAN4GNODE,ALL,1,98.64222,1,3
2022-09-01T11:00:00-00:00,2022-09-01T11:15:00-00:00,2022-09-01,05,SANJUAN_3_SANJUAN4GNODE,SANJUAN_3_SANJUAN4GNODE,SANJUAN_3_SANJUAN4GNODE,RTPD,MCE,LMP_ENE_PRC,SANJUAN_3_SANJUAN4GNODE,ALL,1,102.56859,1,3
2022-09-01T12:00:00-00:00,2022-09-01T12:15:00-00:00,2022-09-01,06,SANJUAN_3_SANJUAN4GNODE,SANJUAN_3_SANJUAN4GNODE,SANJUAN_3_SANJUAN4GNODE,RTPD,MCE,LMP_ENE_PRC,SANJUAN_3_SANJUAN4GNODE,ALL,1,96.90845,1,3
2022-09-01T13:00:00-00:00,2022-09-01T13:15:00-00:00,2022-09-01,07,SANJUAN_3_SANJUAN4GNODE,SANJUAN_3_SANJUAN4GNODE,SANJUAN_3_SANJUAN4GNODE,RTPD,MCE,LMP_ENE_PRC,SANJUAN_3_SANJUAN4GNODE,ALL,1,101.80878,1,3
2022-09-01T14:00:00-00:00,2022-09-01T14:15:00-00:00,2022-09-01,08,SANJUAN_3_SANJUAN4GNODE,SANJUAN_3_SANJUAN4GNODE,SANJUAN_3_SANJUAN4GNODE,RTPD,MCE,LMP_ENE_PRC,SANJUAN_3_SANJUAN4GNODE,ALL,1,111.11219,1,3
2022-09-01T15:00:00-00:00,2022-09-01T15:15:00-00:00,2022-09-01,09,SANJUAN_3_SANJUAN4GNODE,SANJUAN_3_SANJUAN4GNODE,SANJUAN_3_SANJUAN4GNODE,RTPD,MCE,LMP_ENE_PRC,SANJUAN_3_SANJUAN4GNODE,ALL,1,97.4112,1,3
2022-09-01T16:00:00-00:00,2022-09-01T16:15:00-00:00,2022-09-01,10,SANJUAN_3_SANJUAN4GNODE,SANJUAN_3_SANJUAN4GNODE,SANJUAN_3_SANJUAN4GNODE,RTPD,MCE,LMP_ENE_PRC,SANJUAN_3_SANJUAN4GNODE,ALL,1,83.43525,1,3
2022-09-01T17:00:00-00:00,2022-09-01T17:15:00-00:00,2022-09-01,11,SANJUAN_3_SANJUAN4GNODE,SANJUAN_3_SANJUAN4GNODE,SANJUAN_3_SANJUAN4GNODE,RTPD,MCE,LMP_ENE_PRC,SANJUAN_3_SANJUAN4GNODE,ALL,1,96.94897,1,3
2022-09-01T18:00:00-00:00,2022-09-01T18:15:00-00:00,2022-09-01,12,SANJUAN_3_SANJUAN4GNODE,SANJUAN_3_SANJUAN4GNODE,SANJUAN_3_SANJUAN4GNODE,RTPD,MCE,LMP_ENE_PRC,SANJUAN_3_SANJUAN4GNODE,ALL,1,91.59291,1,3
2022-09-01T19:00:00-00:00,2022-09-01T19:15:00-00:00,2022-09-01,13,SANJUAN_3_SANJUAN4GNODE,SANJUAN_3_SANJUAN4GNODE,SANJUAN_3_SANJUAN4GNODE,RTPD,MCE,LMP_ENE_PRC,SANJUAN_3_SANJUAN4GNODE,ALL,1,109.19637,1,3
2022-09-01T20:00:00-00:00,2022-09-01T20:15:00-00:00,2022-09-01,14,SANJUAN_3_SANJUAN4GNODE,SANJUAN_3_SANJUAN4GNODE,SANJUAN_3_SANJUAN4GNODE,RTPD,MCE,LMP_ENE_PRC,SANJUAN_3_SANJUAN4GNODE,ALL,1,117.94359,1,3
2022-09-01T21:00:00-00:00,2022-09-01T21:15:00-00:00,2022-09-01,15,SANJUAN_3_SANJUAN4GNODE,SANJUAN_3_SANJUAN4GNODE,SANJUAN_3_SANJUAN4GNODE,RTPD,MCE,LMP_ENE_PRC,SANJUAN_3_SANJUAN4GNODE,ALL,1,226.61499,1,3
2022-09-01T22:00:00-00:00,2022-09-01T22:15:00-00:00,2022-09-01,16,SANJUAN_3_SANJUAN4GNODE,SANJUAN_3_SANJUAN4GNODE,SANJUAN_3_SANJUAN4GNODE,RTPD,MCE,LMP_ENE_PRC,SANJUAN_3_SANJUAN4GNODE,ALL,1,229.18552,1,3
2022-09-01T23:00:00-00:00,2022-09-01T23:15:00-00:00,2022-09-01,17,SANJUAN_3_SANJUAN4GNODE,SANJUAN_3_SANJUAN4GNODE,SANJUAN_3_SANJUAN4GNODE,RTPD,MCE,LMP_ENE_PRC,SANJUAN_3_SANJUAN4GNODE,ALL,1,386.7537,1,3
2022-09-02T00:00:00-00:00,2022-09-02T00:15:00-00:00,2022-09-01,18,SANJUAN_3_SANJUAN4GNODE,SANJUAN_3_SANJUAN4GNODE,SANJUAN_3_SANJUAN4GNODE,RTPD,MCE,LMP_ENE_PRC,SANJUAN_3_SANJUAN4GNODE,ALL,1,770.58136,1,3
2022-09-02T01:00:00-00:00,2022-09-02T01:15:00-00:00,2022-09-01,19,SANJUAN_3_SANJUAN4GNODE,SANJUAN_3_SANJUAN4GNODE,SANJUAN_3_SANJUAN4GNODE,RTPD,MCE,LMP_ENE_PRC,SANJUAN_3_SANJUAN4GNODE,ALL,1,916.27124,1,3
2022-09-02T02:00:00-00:00,2022-09-02T02:15:00-00:00,2022-09-01,20,SANJUAN_3_SANJUAN4GNODE,SANJUAN_3_SANJUAN4GNODE,SANJUAN_3_SANJUAN4GNODE,RTPD,MCE,LMP_ENE_PRC,SANJUAN_3_SANJUAN4GNODE,ALL,1,1991.6721,1,3
2022-09-02T03:00:00-00:00,2022-09-02T03:15:00-00:00,2022-09-01,21,SANJUAN_3_SANJUAN4GNODE,SANJUAN_3_SANJUAN4GNODE,SANJUAN_3_SANJUAN4GNODE,RTPD,MCE,LMP_ENE_PRC,SANJUAN_3_SANJUAN4GNODE,ALL,1,917.5508,1,3
2022-09-02T04:00:00-00:00,2022-09-02T04:15:00-00:00,2022-09-01,22,SANJUAN_3_SANJUAN4GNODE,SANJUAN_3_SANJUAN4GNODE,SANJUAN_3_SANJUAN4GNODE,RTPD,MCE,LMP_ENE_PRC,SANJUAN_3_SANJUAN4GNODE,ALL,1,257.83005,1,3
2022-09-02T05:00:00-00:00,2022-09-02T05:15:00-00:00,2022-09-01,23,SANJUAN_3_SANJUAN4GNODE,SANJUAN_3_SANJUAN4GNODE,SANJUAN_3_SANJUAN4GNODE,RTPD,MCE,LMP_ENE_PRC,SANJUAN_3_SANJUAN4GNODE,ALL,1,183.24657,1,3
2022-09-02T06:00:00-00:00,2022-09-02T06:15:00-00:00,2022-09-01,24,SANJUAN_3_SANJUAN4GNODE,SANJUAN_3_SANJUAN4GNODE,SANJUAN_3_SANJUAN4GNODE,RTPD,MCE,LMP_ENE_PRC,SANJUAN_3_SANJUAN4GNODE,ALL,1,158.867,1,3
2022-09-01T07:15:00-00:00,2022-09-01T07:30:00-00:00,2022-09-01,01,SANJUAN_3_SANJUAN4GNODE,SANJUAN_3_SANJUAN4GNODE,SANJUAN_3_SANJUAN4GNODE,RTPD,MCE,LMP_ENE_PRC,SANJUAN_3_SANJUAN4GNODE,ALL,1,125.55144,2,3
2022-09-01T08:15:00-00:00,2022-09-01T08:30:00-00:00,2022-09-01,02,SANJUAN_3_SANJUAN4GNODE,SANJUAN_3_SANJUAN4GNODE,SANJUAN_3_SANJUAN4GNODE,RTPD,MCE,LMP_ENE_PRC,SANJUAN_3_SANJUAN4GNODE,ALL,1,115.53165,2,3
2022-09-01T09:15:00-00:00,2022-09-01T09:30:00-00:00,2022-09-01,03,SANJUAN_3_SANJUAN4GNODE,SANJUAN_3_SANJUAN4GNODE,SANJUAN_3_SANJUAN4GNODE,RTPD,MCE,LMP_ENE_PRC,SANJUAN_3_SANJUAN4GNODE,ALL,1,98.30543,2,3
2022-09-01T10:15:00-00:00,2022-09-01T10:30:00-00:00,2022-09-01,04,SANJUAN_3_SANJUAN4GNODE,SANJUAN_3_SANJUAN4GNODE,SANJUAN_3_SANJUAN4GNODE,RTPD,MCE,LMP_ENE_PRC,SANJUAN_3_SANJUAN4GNODE,ALL,1,97.00684,2,3
2022-09-01T11:15:00-00:00,2022-09-01T11:30:00-00:00,2022-09-01,05,SANJUAN_3_SANJUAN4GNODE,SANJUAN_3_SANJUAN4GNODE,SANJUAN_3_SANJUAN4GNODE,RTPD,MCE,LMP_ENE_PRC,SANJUAN_3_SANJUAN4GNODE,ALL,1,103.09059,2,3
2022-09-01T12:15:00-00:00,2022-09-01T12:30:00-00:00,2022-09-01,06,SANJUAN_3_SANJUAN4GNODE,SANJUAN_3_SANJUAN4GNODE,SANJUAN_3_SANJUAN4GNODE,RTPD,MCE,LMP_ENE_PRC,SANJUAN_3_SANJUAN4GNODE,ALL,1,109.32203,2,3
2022-09-01T13:15:00-00:00,2022-09-01T13:30:00-00:00,2022-09-01,07,SANJUAN_3_SANJUAN4GNODE,SANJUAN_3_SANJUAN4GNODE,SANJUAN_3_SANJUAN4GNODE,RTPD,MCE,LMP_ENE_PRC,SANJUAN_3_SANJUAN4GNODE,ALL,1,110.97827,2,3
2022-09-01T14:15:00-00:00,2022-09-01T14:30:00-00:00,2022-09-01,08,SANJUAN_3_SANJUAN4GNODE,SANJUAN_3_SANJUAN4GNODE,SANJUAN_3_SANJUAN4GNODE,RTPD,MCE,LMP_ENE_PRC,SANJUAN_3_SANJUAN4GNODE,ALL,1,104.78743,2,3
2022-09-01T15:15:00-00:00,2022-09-01T15:30:00-00:00,2022-09-01,09,SANJUAN_3_SANJUAN4GNODE,SANJUAN_3_SANJUAN4GNODE,SANJUAN_3_SANJUAN4GNODE,RTPD,MCE,LMP_ENE_PRC,SANJUAN_3_SANJUAN4GNODE,ALL,1,86.9388,2,3
2022-09-01T16:15:00-00:00,2022-09-01T16:30:00-00:00,2022-09-01,10,SANJUAN_3_SANJUAN4GNODE,SANJUAN_3_SANJUAN4GNODE,SANJUAN_3_SANJUAN4GNODE,RTPD,MCE,LMP_ENE_PRC,SANJUAN_3_SANJUAN4GNODE,ALL,1,89.44858,2,3
2022-09-01T17:15:00-00:00,2022-09-01T17:30:00-00:00,2022-09-01,11,SANJUAN_3_SANJUAN4GNODE,SANJUAN_3_SANJUAN4GNODE,SANJUAN_3_SANJUAN4GNODE,RTPD,MCE,LMP_ENE_PRC,SANJUAN_3_SANJUAN4GNODE,ALL,1,99.34673,2,3
2022-09-01T18:15:00-00:00,2022-09-01T18:30:00-00:00,2022-09-01,12,SANJUAN_3_SANJUAN4GNODE,SANJUAN_3_SANJUAN4GNODE,SANJUAN_3_SANJUAN4GNODE,RTPD,MCE,LMP_ENE_PRC,SANJUAN_3_SANJUAN4GNODE,ALL,1,101.15901,2,3
2022-09-01T19:15:00-00:00,2022-09-01T19:30:00-00:00,2022-09-01,13,SANJUAN_3_SANJUAN4GNODE,SANJUAN_3_SANJUAN4GNODE,SANJUAN_3_SANJUAN4GNODE,RTPD,MCE,LMP_ENE_PRC,SANJUAN_3_SANJUAN4GNODE,ALL,1,105.30588,2,3
2022-09-01T20:15:00-00:00,2022-09-01T20:30:00-00:00,2022-09-01,14,SANJUAN_3_SANJUAN4GNODE,SANJUAN_3_SANJUAN4GNODE,SANJUAN_3_SANJUAN4GNODE,RTPD,MCE,LMP_ENE_PRC,SANJUAN_3_SANJUAN4GNODE,ALL,1,117.49421,2,3
2022-09-01T21:15:00-00:00,2022-09-01T21:30:00-00:00,2022-09-01,15,SANJUAN_3_SANJUAN4GNODE,SANJUAN_3_SANJUAN4GNODE,SANJUAN_3_SANJUAN4GNODE,RTPD,MCE,LMP_ENE_PRC,SANJUAN_3_SANJUAN4GNODE,ALL,1,147.21185,2,3
2022-09-01T22:15:00-00:00,2022-09-01T22:30:00-00:00,2022-09-01,16,SANJUAN_3_SANJUAN4GNODE,SANJUAN_3_SANJUAN4GNODE,SANJUAN_3_SANJUAN4GNODE,RTPD,MCE,LMP_ENE_PRC,SANJUAN_3_SANJUAN4GNODE,ALL,1,256.58734,2,3
2022-09-01T23:15:00-00:00,2022-09-01T23:30:00-00:00,2022-09-01,17,SANJUAN_3_SANJUAN4GNODE,SANJUAN_3_SANJUAN4GNODE,SANJUAN_3_SANJUAN4GNODE,RTPD,MCE,LMP_ENE_PRC,SANJUAN_3_SANJUAN4GNODE,ALL,1,362.12408,2,3
2022-09-02T00:15:00-00:00,2022-09-02T00:30:00-00:00,2022-09-01,18,SANJUAN_3_SANJUAN4GNODE,SANJUAN_3_SANJUAN4GNODE,SANJUAN_3_SANJUAN4GNODE,RTPD,MCE,LMP_ENE_PRC,SANJUAN_3_SANJUAN4GNODE,ALL,1,691.2182,2,3
2022-09-02T01:15:00-00:00,2022-09-02T01:30:00-00:00,2022-09-01,19,SANJUAN_3_SANJUAN4GNODE,SANJUAN_3_SANJUAN4GNODE,SANJUAN_3_SANJUAN4GNODE,RTPD,MCE,LMP_ENE_PRC,SANJUAN_3_SANJUAN4GNODE,ALL,1,1999.9933,2,3
2022-09-02T02:15:00-00:00,2022-09-02T02:30:00-00:00,2022-09-01,20,SANJUAN_3_SANJUAN4GNODE,SANJUAN_3_SANJUAN4GNODE,SANJUAN_3_SANJUAN4GNODE,RTPD,MCE,LMP_ENE_PRC,SANJUAN_3_SANJUAN4GNODE,ALL,1,1991.6721,2,3
2022-09-02T03:15:00-00:00,2022-09-02T03:30:00-00:00,2022-09-01,21,SANJUAN_3_SANJUAN4GNODE,SANJUAN_3_SANJUAN4GNODE,SANJUAN_3_SANJUAN4GNODE,RTPD,MCE,LMP_ENE_PRC,SANJUAN_3_SANJUAN4GNODE,ALL,1,400.52884,2,3
2022-09-02T04:15:00-00:00,2022-09-02T04:30:00-00:00,2022-09-01,22,SANJUAN_3_SANJUAN4GNODE,SANJUAN_3_SANJUAN4GNODE,SANJUAN_3_SANJUAN4GNODE,RTPD,MCE,LMP_ENE_PRC,SANJUAN_3_SANJUAN4GNODE,ALL,1,224.75041,2,3
2022-09-02T05:15:00-00:00,2022-09-02T05:30:00-00:00,2022-09-01,23,SANJUAN_3_SANJUAN4GNODE,SANJUAN_3_SANJUAN4GNODE,SANJUAN_3_SANJUAN4GNODE,RTPD,MCE,LMP_ENE_PRC,SANJUAN_3_SANJUAN4GNODE,ALL,1,157.11986,2,3
2022-09-02T06:15:00-00:00,2022-09-02T06:30:00-00:00,2022-09-01,24,SANJUAN_3_SANJUAN4GNODE,SANJUAN_3_SANJUAN4GNODE,SANJUAN_3_SANJUAN4GNODE,RTPD,MCE,LMP_ENE_PRC,SANJUAN_3_SANJUAN4GNODE,ALL,1,143.1005,2,3
2022-09-01T07:30:00-00:00,2022-09-01T07:45:00-00:00,2022-09-01,01,SANJUAN_3_SANJUAN4GNODE,SANJUAN_3_SANJUAN4GNODE,SANJUAN_3_SANJUAN4GNODE,RTPD,MCE,LMP_ENE_PRC,SANJUAN_3_SANJUAN4GNODE,ALL,1,119.03196,3,3
2022-09-01T08:30:00-00:00,2022-09-01T08:45:00-00:00,2022-09-01,02,SANJUAN_3_SANJUAN4GNODE,SANJUAN_3_SANJUAN4GNODE,SANJUAN_3_SANJUAN4GNODE,RTPD,MCE,LMP_ENE_PRC,SANJUAN_3_SANJUAN4GNODE,ALL,1,111.11241,3,3
2022-09-01T09:30:00-00:00,2022-09-01T09:45:00-00:00,2022-09-01,03,SANJUAN_3_SANJUAN4GNODE,SANJUAN_3_SANJUAN4GNODE,SANJUAN_3_SANJUAN4GNODE,RTPD,MCE,LMP_ENE_PRC,SANJUAN_3_SANJUAN4GNODE,ALL,1,98.16228,3,3
2022-09-01T10:30:00-00:00,2022-09-01T10:45:00-00:00,2022-09-01,04,SANJUAN_3_SANJUAN4GNODE,SANJUAN_3_SANJUAN4GNODE,SANJUAN_3_SANJUAN4GNODE,RTPD,MCE,LMP_ENE_PRC,SANJUAN_3_SANJUAN4GNODE,ALL,1,96.36226,3,3
2022-09-01T11:30:00-00:00,2022-09-01T11:45:00-00:00,2022-09-01,05,SANJUAN_3_SANJUAN4GNODE,SANJUAN_3_SANJUAN4GNODE,SANJUAN_3_SANJUAN4GNODE,RTPD,MCE,LMP_ENE_PRC,SANJUAN_3_SANJUAN4GNODE,ALL,1,103.06198,3,3
2022-09-01T12:30:00-00:00,2022-09-01T12:45:00-00:00,2022-09-01,06,SANJUAN_3_SANJUAN4GNODE,SANJUAN_3_SANJUAN4GNODE,SANJUAN_3_SANJUAN4GNODE,RTPD,MCE,LMP_ENE_PRC,SANJUAN_3_SANJUAN4GNODE,ALL,1,113.57403,3,3
2022-09-01T13:30:00-00:00,2022-09-01T13:45:00-00:00,2022-09-01,07,SANJUAN_3_SANJUAN4GNODE,SANJUAN_3_SANJUAN4GNODE,SANJUAN_3_SANJUAN4GNODE,RTPD,MCE,LMP_ENE_PRC,SANJUAN_3_SANJUAN4GNODE,ALL,1,111.52025,3,3
2022-09-01T14:30:00-00:00,2022-09-01T14:45:00-00:00,2022-09-01,08,SANJUAN_3_SANJUAN4GNODE,SANJUAN_3_SANJUAN4GNODE,SANJUAN_3_SANJUAN4GNODE,RTPD,MCE,LMP_ENE_PRC,SANJUAN_3_SANJUAN4GNODE,ALL,1,101.83428,3,3
2022-09-01T15:30:00-00:00,2022-09-01T15:45:00-00:00,2022-09-01,09,SANJUAN_3_SANJUAN4GNODE,SANJUAN_3_SANJUAN4GNODE,SANJUAN_3_SANJUAN4GNODE,RTPD,MCE,LMP_ENE_PRC,SANJUAN_3_SANJUAN4GNODE,ALL,1,86.1388,3,3
2022-09-01T16:30:00-00:00,2022-09-01T16:45:00-00:00,2022-09-01,10,SANJUAN_3_SANJUAN4GNODE,SANJUAN_3_SANJUAN4GNODE,SANJUAN_3_SANJUAN4GNODE,RTPD,MCE,LMP_ENE_PRC,SANJUAN_3_SANJUAN4GNODE,ALL,1,88.79644,3,3
2022-09-01T17:30:00-00:00,2022-09-01T17:45:00-00:00,2022-09-01,11,SANJUAN_3_SANJUAN4GNODE,SANJUAN_3_SANJUAN4GNODE,SANJUAN_3_SANJUAN4GNODE,RTPD,MCE,LMP_ENE_PRC,SANJUAN_3_SANJUAN4GNODE,ALL,1,99.13013,3,3
2022-09-01T18:30:00-00:00,2022-09-01T18:45:00-00:00,2022-09-01,12,SANJUAN_3_SANJUAN4GNODE,SANJUAN_3_SANJUAN4GNODE,SANJUAN_3_SANJUAN4GNODE,RTPD,MCE,LMP_ENE_PRC,SANJUAN_3_SANJUAN4GNODE,ALL,1,107.05718,3,3
2022-09-01T19:30:00-00:00,2022-09-01T19:45:00-00:00,2022-09-01,13,SANJUAN_3_SANJUAN4GNODE,SANJUAN_3_SANJUAN4GNODE,SANJUAN_3_SANJUAN4GNODE,RTPD,MCE,LMP_ENE_PRC,SANJUAN_3_SANJUAN4GNODE,ALL,1,114.05905,3,3
2022-09-01T20:30:00-00:00,2022-09-01T20:45:00-00:00,2022-09-01,14,SANJUAN_3_SANJUAN4GNODE,SANJUAN_3_SANJUAN4GNODE,SANJUAN_3_SANJUAN4GNODE,RTPD,MCE,LMP_ENE_PRC,SANJUAN_3_SANJUAN4GNODE,ALL,1,129.81606,3,3
2022-09-01T21:30:00-00:00,2022-09-01T21:45:00-00:00,2022-09-01,15,SANJUAN_3_SANJUAN4GNODE,SANJUAN_3_SANJUAN4GNODE,SANJUAN_3_SANJUAN4GNODE,RTPD,MCE,LMP_ENE_PRC,SANJUAN_3_SANJUAN4GNODE,ALL,1,152.93057,3,3
2022-09-01T22:30:00-00:00,2022-09-01T22:45:00-00:00,2022-09-01,16,SANJUAN_3_SANJUAN4GNODE,SANJUAN_3_SANJUAN4GNODE,SANJUAN_3_SANJUAN4GNODE,RTPD,MCE,LMP_ENE_PRC,SANJUAN_3_SANJUAN4GNODE,ALL,1,283.18182,3,3
2022-09-01T23:30:00-00:00,2022-09-01T23:45:00-00:00,2022-09-01,17,SANJUAN_3_SANJUAN4GNODE,SANJUAN_3_SANJUAN4GNODE,SANJUAN_3_SANJUAN4GNODE,RTPD,MCE,LMP_ENE_PRC,SANJUAN_3_SANJUAN4GNODE,ALL,1,566.48157,3,3
2022-09-02T00:30:00-00:00,2022-09-02T00:45:00-00:00,2022-09-01,18,SANJUAN_3_SANJUAN4GNODE,SANJUAN_3_SANJUAN4GNODE,SANJUAN_3_SANJUAN4GNODE,RTPD,MCE,LMP_ENE_PRC,SANJUAN_3_SANJUAN4GNODE,ALL,1,1329.1127,3,3
2022-09-02T01:30:00-00:00,2022-09-02T01:45:00-00:00,2022-09-01,19,SANJUAN_3_SANJUAN4GNODE,SANJUAN_3_SANJUAN4GNODE,SANJUAN_3_SANJUAN4GNODE,RTPD,MCE,LMP_ENE_PRC,SANJUAN_3_SANJUAN4GNODE,ALL,1,1999.9956,3,3
2022-09-02T02:30:00-00:00,2022-09-02T02:45:00-00:00,2022-09-01,20,SANJUAN_3_SANJUAN4GNODE,SANJUAN_3_SANJUAN4GNODE,SANJUAN_3_SANJUAN4GNODE,RTPD,MCE,LMP_ENE_PRC,SANJUAN_3_SANJUAN4GNODE,ALL,1,1991.671,3,3
2022-09-02T03:30:00-00:00,2022-09-02T03:45:00-00:00,2022-09-01,21,SANJUAN_3_SANJUAN4GNODE,SANJUAN_3_SANJUAN4GNODE,SANJUAN_3_SANJUAN4GNODE,RTPD,MCE,LMP_ENE_PRC,SANJUAN_3_SANJUAN4GNODE,ALL,1,186.61823,3,3
2022-09-02T04:30:00-00:00,2022-09-02T04:45:00-00:00,2022-09-01,22,SANJUAN_3_SANJUAN4GNODE,SANJUAN_3_SANJUAN4GNODE,SANJUAN_3_SANJUAN4GNODE,RTPD,MCE,LMP_ENE_PRC,SANJUAN_3_SANJUAN4GNODE,ALL,1,180.67824,3,3
2022-09-02T05:30:00-00:00,2022-09-02T05:45:00-00:00,2022-09-01,23,SANJUAN_3_SANJUAN4GNODE,SANJUAN_3_SANJUAN4GNODE,SANJUAN_3_SANJUAN4GNODE,RTPD,MCE,LMP_ENE_PRC,SANJUAN_3_SANJUAN4GNODE,ALL,1,131.69917,3,3
2022-09-02T06:30:00-00:00,2022-09-02T06:45:00-00:00,2022-09-01,24,SANJUAN_3_SANJUAN4GNODE,SANJUAN_3_SANJUAN4GNODE,SANJUAN_3_SANJUAN4GNODE,RTPD,MCE,LMP_ENE_PRC,SANJUAN_3_SANJUAN4GNODE,ALL,1,128.9871,3,3
2022-09-01T07:45:00-00:00,2022-09-01T08:00:00-00:00,2022-09-01,01,SANJUAN_3_SANJUAN4GNODE,SANJUAN_3_SANJUAN4GNODE,SANJUAN_3_SANJUAN4GNODE,RTPD,MCE,LMP_ENE_PRC,SANJUAN_3_SANJUAN4GNODE,ALL,1,109.12099,4,3
2022-09-01T08:45:00-00:00,2022-09-01T09:00:00-00:00,2022-09-01,02,SANJUAN_3_SANJUAN4GNODE,SANJUAN_3_SANJUAN4GNODE,SANJUAN_3_SANJUAN4GNODE,RTPD,MCE,LMP_ENE_PRC,SANJUAN_3_SANJUAN4GNODE,ALL,1,98.7357,4,3
2022-09-01T09:45:00-00:00,2022-09-01T10:00:00-00:00,2022-09-01,03,SANJUAN_3_SANJUAN4GNODE,SANJUAN_3_SANJUAN4GNODE,SANJUAN_3_SANJUAN4GNODE,RTPD,MCE,LMP_ENE_PRC,SANJUAN_3_SANJUAN4GNODE,ALL,1,97.50475,4,3
2022-09-01T10:45:00-00:00,2022-09-01T11:00:00-00:00,2022-09-01,04,SANJUAN_3_SANJUAN4GNODE,SANJUAN_3_SANJUAN4GNODE,SANJUAN_3_SANJUAN4GNODE,RTPD,MCE,LMP_ENE_PRC,SANJUAN_3_SANJUAN4GNODE,ALL,1,94.71966,4,3
2022-09-01T11:45:00-00:00,2022-09-01T12:00:00-00:00,2022-09-01,05,SANJUAN_3_SANJUAN4GNODE,SANJUAN_3_SANJUAN4GNODE,SANJUAN_3_SANJUAN4GNODE,RTPD,MCE,LMP_ENE_PRC,SANJUAN_3_SANJUAN4GNODE,ALL,1,107.01,4,3
2022-09-01T12:45:00-00:00,2022-09-01T13:00:00-00:00,2022-09-01,06,SANJUAN_3_SANJUAN4GNODE,SANJUAN_3_SANJUAN4GNODE,SANJUAN_3_SANJUAN4GNODE,RTPD,MCE,LMP_ENE_PRC,SANJUAN_3_SANJUAN4GNODE,ALL,1,116.4848,4,3
2022-09-01T13:45:00-00:00,2022-09-01T14:00:00-00:00,2022-09-01,07,SANJUAN_3_SANJUAN4GNODE,SANJUAN_3_SANJUAN4GNODE,SANJUAN_3_SANJUAN4GNODE,RTPD,MCE,LMP_ENE_PRC,SANJUAN_3_SANJUAN4GNODE,ALL,1,111.41,4,3
2022-09-01T14:45:00-00:00,2022-09-01T15:00:00-00:00,2022-09-01,08,SANJUAN_3_SANJUAN4GNODE,SANJUAN_3_SANJUAN4GNODE,SANJUAN_3_SANJUAN4GNODE,RTPD,MCE,LMP_ENE_PRC,SANJUAN_3_SANJUAN4GNODE,ALL,1,86.1388,4,3
2022-09-01T15:45:00-00:00,2022-09-01T16:00:00-00:00,2022-09-01,09,SANJUAN_3_SANJUAN4GNODE,SANJUAN_3_SANJUAN4GNODE,SANJUAN_3_SANJUAN4GNODE,RTPD,MCE,LMP_ENE_PRC,SANJUAN_3_SANJUAN4GNODE,ALL,1,78.70076,4,3
2022-09-01T16:45:00-00:00,2022-09-01T17:00:00-00:00,2022-09-01,10,SANJUAN_3_SANJUAN4GNODE,SANJUAN_3_SANJUAN4GNODE,SANJUAN_3_SANJUAN4GNODE,RTPD,MCE,LMP_ENE_PRC,SANJUAN_3_SANJUAN4GNODE,ALL,1,91.24933,4,3
2022-09-01T17:45:00-00:00,2022-09-01T18:00:00-00:00,2022-09-01,11,SANJUAN_3_SANJUAN4GNODE,SANJUAN_3_SANJUAN4GNODE,SANJUAN_3_SANJUAN4GNODE,RTPD,MCE,LMP_ENE_PRC,SANJUAN_3_SANJUAN4GNODE,ALL,1,99.20544,4,3
2022-09-01T18:45:00-00:00,2022-09-01T19:00:00-00:00,2022-09-01,12,SANJUAN_3_SANJUAN4GNODE,SANJUAN_3_SANJUAN4GNODE,SANJUAN_3_SANJUAN4GNODE,RTPD,MCE,LMP_ENE_PRC,SANJUAN_3_SANJUAN4GNODE,ALL,1,109.04064,4,3
2022-09-01T19:45:00-00:00,2022-09-01T20:00:00-00:00,2022-09-01,13,SANJUAN_3_SANJUAN4GNODE,SANJUAN_3_SANJUAN4GNODE,SANJUAN_3_SANJUAN4GNODE,RTPD,MCE,LMP_ENE_PRC,SANJUAN_3_SANJUAN4GNODE,ALL,1,120.22491,4,3
2022-09-01T20:45:00-00:00,2022-09-01T21:00:00-00:00,2022-09-01,14,SANJUAN_3_SANJUAN4GNODE,SANJUAN_3_SANJUAN4GNODE,SANJUAN_3_SANJUAN4GNODE,RTPD,MCE,LMP_ENE_PRC,SANJUAN_3_SANJUAN4GNODE,ALL,1,154.02509,4,3
2022-09-01T21:45:00-00:00,2022-09-01T22:00:00-00:00,2022-09-01,15,SANJUAN_3_SANJUAN4GNODE,SANJUAN_3_SANJUAN4GNODE,SANJUAN_3_SANJUAN4GNODE,RTPD,MCE,LMP_ENE_PRC,SANJUAN_3_SANJUAN4GNODE,ALL,1,300.29376,4,3
2022-09-01T22:45:00-00:00,2022-09-01T23:00:00-00:00,2022-09-01,16,SANJUAN_3_SANJUAN4GNODE,SANJUAN_3_SANJUAN4GNODE,SANJUAN_3_SANJUAN4GNODE,RTPD,MCE,LMP_ENE_PRC,SANJUAN_3_SANJUAN4GNODE,ALL,1,429.9137,4,3
2022-09-01T23:45:00-00:00,2022-09-02T00:00:00-00:00,2022-09-01,17,SANJUAN_3_SANJUAN4GNODE,SANJUAN_3_SANJUAN4GNODE,SANJUAN_3_SANJUAN4GNODE,RTPD,MCE,LMP_ENE_PRC,SANJUAN_3_SANJUAN4GNODE,ALL,1,1261.2124,4,3
2022-09-02T00:45:00-00:00,2022-09-02T01:00:00-00:00,2022-09-01,18,SANJUAN_3_SANJUAN4GNODE,SANJUAN_3_SANJUAN4GNODE,SANJUAN_3_SANJUAN4GNODE,RTPD,MCE,LMP_ENE_PRC,SANJUAN_3_SANJUAN4GNODE,ALL,1,1519.149,4,3
2022-09-02T01:45:00-00:00,2022-09-02T02:00:00-00:00,2022-09-01,19,SANJUAN_3_SANJUAN4GNODE,SANJUAN_3_SANJUAN4GNODE,SANJUAN_3_SANJUAN4GNODE,RTPD,MCE,LMP_ENE_PRC,SANJUAN_3_SANJUAN4GNODE,ALL,1,1991.9337,4,3
2022-09-02T02:45:00-00:00,2022-09-02T03:00:00-00:00,2022-09-01,20,SANJUAN_3_SANJUAN4GNODE,SANJUAN_3_SANJUAN4GNODE,SANJUAN_3_SANJUAN4GNODE,RTPD,MCE,LMP_ENE_PRC,SANJUAN_3_SANJUAN4GNODE,ALL,1,1629.6213,4,3
2022-09-02T03:45:00-00:00,2022-09-02T04:00:00-00:00,2022-09-01,21,SANJUAN_3_SANJUAN4GNODE,SANJUAN_3_SANJUAN4GNODE,SANJUAN_3_SANJUAN4GNODE,RTPD,MCE,LMP_ENE_PRC,SANJUAN_3_SANJUAN4GNODE,ALL,1,141.13702,4,3
2022-09-02T04:45:00-00:00,2022-09-02T05:00:00-00:00,2022-09-01,22,SANJUAN_3_SANJUAN4GNODE,SANJUAN_3_SANJUAN4GNODE,SANJUAN_3_SANJUAN4GNODE,RTPD,MCE,LMP_ENE_PRC,SANJUAN_3_SANJUAN4GNODE,ALL,1,126.76372,4,3
2022-09-02T05:45:00-00:00,2022-09-02T06:00:00-00:00,2022-09-01,23,SANJUAN_3_SANJUAN4GNODE,SANJUAN_3_SANJUAN4GNODE,SANJUAN_3_SANJUAN4GNODE,RTPD,MCE,LMP_ENE_PRC,SANJUAN_3_SANJUAN4GNODE,ALL,1,119.00958,4,3
2022-09-02T06:45:00-00:00,2022-09-02T07:00:00-00:00,2022-09-01,24,SANJUAN_3_SANJUAN4GNODE,SANJUAN_3_SANJUAN4GNODE,SANJUAN_3_SANJUAN4GNODE,RTPD,MCE,LMP_ENE_PRC,SANJUAN_3_SANJUAN4GNODE,ALL,1,109.20324,4,3
2022-09-01T07:00:00-00:00,2022-09-01T07:15:00-00:00,2022-09-01,01,SANJUAN_3_SANJUAN4GNODE,SANJUAN_3_SANJUAN4GNODE,SANJUAN_3_SANJUAN4GNODE,RTPD,MCL,LMP_LOSS_PRC,SANJUAN_3_SANJUAN4GNODE,ALL,1,-3.62779,1,4
2022-09-01T08:00:00-00:00,2022-09-01T08:15:00-00:00,2022-09-01,02,SANJUAN_3_SANJUAN4GNODE,SANJUAN_3_SANJUAN4GNODE,SANJUAN_3_SANJUAN4GNODE,RTPD,MCL,LMP_LOSS_PRC,SANJUAN_3_SANJUAN4GNODE,ALL,1,0,1,4
2022-09-01T09:00:00-00:00,2022-09-01T09:15:00-00:00,2022-09-01,03,SANJUAN_3_SANJUAN4GNODE,SANJUAN_3_SANJUAN4GNODE,SANJUAN_3_SANJUAN4GNODE,RTPD,MCL,LMP_LOSS_PRC,SANJUAN_3_SANJUAN4GNODE,ALL,1,-4.74558,1,4
2022-09-01T10:00:00-00:00,2022-09-01T10:15:00-00:00,2022-09-01,04,SANJUAN_3_SANJUAN4GNODE,SANJUAN_3_SANJUAN4GNODE,SANJUAN_3_SANJUAN4GNODE,RTPD,MCL,LMP_LOSS_PRC,SANJUAN_3_SANJUAN4GNODE,ALL,1,-4.18654,1,4
2022-09-01T11:00:00-00:00,2022-09-01T11:15:00-00:00,2022-09-01,05,SANJUAN_3_SANJUAN4GNODE,SANJUAN_3_SANJUAN4GNODE,SANJUAN_3_SANJUAN4GNODE,RTPD,MCL,LMP_LOSS_PRC,SANJUAN_3_SANJUAN4GNODE,ALL,1,-4.49528,1,4
2022-09-01T12:00:00-00:00,2022-09-01T12:15:00-00:00,2022-09-01,06,SANJUAN_3_SANJUAN4GNODE,SANJUAN_3_SANJUAN4GNODE,SANJUAN_3_SANJUAN4GNODE,RTPD,MCL,LMP_LOSS_PRC,SANJUAN_3_SANJUAN4GNODE,ALL,1,-4.29273,1,4
2022-09-01T13:00:00-00:00,2022-09-01T13:15:00-00:00,2022-09-01,07,SANJUAN_3_SANJUAN4GNODE,SANJUAN_3_SANJUAN4GNODE,SANJUAN_3_SANJUAN4GNODE,RTPD,MCL,LMP_LOSS_PRC,SANJUAN_3_SANJUAN4GNODE,ALL,1,0,1,4
2022-09-01T14:00:00-00:00,2022-09-01T14:15:00-00:00,2022-09-01,08,SANJUAN_3_SANJUAN4GNODE,SANJUAN_3_SANJUAN4GNODE,SANJUAN_3_SANJUAN4GNODE,RTPD,MCL,LMP_LOSS_PRC,SANJUAN_3_SANJUAN4GNODE,ALL,1,-6.48433,1,4
2022-09-01T15:00:00-00:00,2022-09-01T15:15:00-00:00,2022-09-01,09,SANJUAN_3_SANJUAN4GNODE,SANJUAN_3_SANJUAN4GNODE,SANJUAN_3_SANJUAN4GNODE,RTPD,MCL,LMP_LOSS_PRC,SANJUAN_3_SANJUAN4GNODE,ALL,1,0,1,4
2022-09-01T16:00:00-00:00,2022-09-01T16:15:00-00:00,2022-09-01,10,SANJUAN_3_SANJUAN4GNODE,SANJUAN_3_SANJUAN4GNODE,SANJUAN_3_SANJUAN4GNODE,RTPD,MCL,LMP_LOSS_PRC,SANJUAN_3_SANJUAN4GNODE,ALL,1,0,1,4
2022-09-01T17:00:00-00:00,2022-09-01T17:15:00-00:00,2022-09-01,11,SANJUAN_3_SANJUAN4GNODE,SANJUAN_3_SANJUAN4GNODE,SANJUAN_3_SANJUAN4GNODE,RTPD,MCL,LMP_LOSS_PRC,SANJUAN_3_SANJUAN4GNODE,ALL,1,0,1,4
2022-09-01T18:00:00-00:00,2022-09-01T18:15:00-00:00,2022-09-01,12,SANJUAN_3_SANJUAN4GNODE,SANJUAN_3_SANJUAN4GNODE,SANJUAN_3_SANJUAN4GNODE,RTPD,MCL,LMP_LOSS_PRC,SANJUAN_3_SANJUAN4GNODE,ALL,1,0,1,4
2022-09-01T19:00:00-00:00,2022-09-01T19:15:00-00:00,2022-09-01,13,SANJUAN_3_SANJUAN4GNODE,SANJUAN_3_SANJUAN4GNODE,SANJUAN_3_SANJUAN4GNODE,RTPD,MCL,LMP_LOSS_PRC,SANJUAN_3_SANJUAN4GNODE,ALL,1,0,1,4
2022-09-01T20:00:00-00:00,2022-09-01T20:15:00-00:00,2022-09-01,14,SANJUAN_3_SANJUAN4GNODE,SANJUAN_3_SANJUAN4GNODE,SANJUAN_3_SANJUAN4GNODE,RTPD,MCL,LMP_LOSS_PRC,SANJUAN_3_SANJUAN4GNODE,ALL,1,0,1,4
2022-09-01T21:00:00-00:00,2022-09-01T21:15:00-00:00,2022-09-01,15,SANJUAN_3_SANJUAN4GNODE,SANJUAN_3_SANJUAN4GNODE,SANJUAN_3_SANJUAN4GNODE,RTPD,MCL,LMP_LOSS_PRC,SANJUAN_3_SANJUAN4GNODE,ALL,1,0,1,4
2022-09-01T22:00:00-00:00,2022-09-01T22:15:00-00:00,2022-09-01,16,SANJUAN_3_SANJUAN4GNODE,SANJUAN_3_SANJUAN4GNODE,SANJUAN_3_SANJUAN4GNODE,RTPD,MCL,LMP_LOSS_PRC,SANJUAN_3_SANJUAN4GNODE,ALL,1,0,1,4
2022-09-01T23:00:00-00:00,2022-09-01T23:15:00-00:00,2022-09-01,17,SANJUAN_3_SANJUAN4GNODE,SANJUAN_3_SANJUAN4GNODE,SANJUAN_3_SANJUAN4GNODE,RTPD,MCL,LMP_LOSS_PRC,SANJUAN_3_SANJUAN4GNODE,ALL,1,0,1,4
2022-09-02T00:00:00-00:00,2022-09-02T00:15:00-00:00,2022-09-01,18,SANJUAN_3_SANJUAN4GNODE,SANJUAN_3_SANJUAN4GNODE,SANJUAN_3_SANJUAN4GNODE,RTPD,MCL,LMP_LOSS_PRC,SANJUAN_3_SANJUAN4GNODE,ALL,1,-79.73043,1,4
2022-09-02T01:00:00-00:00,2022-09-02T01:15:00-00:00,2022-09-01,19,SANJUAN_3_SANJUAN4GNODE,SANJUAN_3_SANJUAN4GNODE,SANJUAN_3_SANJUAN4GNODE,RTPD,MCL,LMP_LOSS_PRC,SANJUAN_3_SANJUAN4GNODE,ALL,1,0,1,4
2022-09-02T02:00:00-00:00,2022-09-02T02:15:00-00:00,2022-09-01,20,SANJUAN_3_SANJUAN4GNODE,SANJUAN_3_SANJUAN4GNODE,SANJUAN_3_SANJUAN4GNODE,RTPD,MCL,LMP_LOSS_PRC,SANJUAN_3_SANJUAN4GNODE,ALL,1,0,1,4
2022-09-02T03:00:00-00:00,2022-09-02T03:15:00-00:00,2022-09-01,21,SANJUAN_3_SANJUAN4GNODE,SANJUAN_3_SANJUAN4GNODE,SANJUAN_3_SANJUAN4GNODE,RTPD,MCL,LMP_LOSS_PRC,SANJUAN_3_SANJUAN4GNODE,ALL,1,-76.43757,1,4
2022-09-02T04:00:00-00:00,2022-09-02T04:15:00-00:00,2022-09-01,22,SANJUAN_3_SANJUAN4GNODE,SANJUAN_3_SANJUAN4GNODE,SANJUAN_3_SANJUAN4GNODE,RTPD,MCL,LMP_LOSS_PRC,SANJUAN_3_SANJUAN4GNODE,ALL,1,-18.49827,1,4
2022-09-02T05:00:00-00:00,2022-09-02T05:15:00-00:00,2022-09-01,23,SANJUAN_3_SANJUAN4GNODE,SANJUAN_3_SANJUAN4GNODE,SANJUAN_3_SANJUAN4GNODE,RTPD,MCL,LMP_LOSS_PRC,SANJUAN_3_SANJUAN4GNODE,ALL,1,-14.97509,1,4
2022-09-02T06:00:00-00:00,2022-09-02T06:15:00-00:00,2022-09-01,24,SANJUAN_3_SANJUAN4GNODE,SANJUAN_3_SANJUAN4GNODE,SANJUAN_3_SANJUAN4GNODE,RTPD,MCL,LMP_LOSS_PRC,SANJUAN_3_SANJUAN4GNODE,ALL,1,-12.76531,1,4
2022-09-01T07:15:00-00:00,2022-09-01T07:30:00-00:00,2022-09-01,01,SANJUAN_3_SANJUAN4GNODE,SANJUAN_3_SANJUAN4GNODE,SANJUAN_3_SANJUAN4GNODE,RTPD,MCL,LMP_LOSS_PRC,SANJUAN_3_SANJUAN4GNODE,ALL,1,0,2,4
2022-09-01T08:15:00-00:00,2022-09-01T08:30:00-00:00,2022-09-01,02,SANJUAN_3_SANJUAN4GNODE,SANJUAN_3_SANJUAN4GNODE,SANJUAN_3_SANJUAN4GNODE,RTPD,MCL,LMP_LOSS_PRC,SANJUAN_3_SANJUAN4GNODE,ALL,1,0,2,4
2022-09-01T09:15:00-00:00,2022-09-01T09:30:00-00:00,2022-09-01,03,SANJUAN_3_SANJUAN4GNODE,SANJUAN_3_SANJUAN4GNODE,SANJUAN_3_SANJUAN4GNODE,RTPD,MCL,LMP_LOSS_PRC,SANJUAN_3_SANJUAN4GNODE,ALL,1,-4.57273,2,4
2022-09-01T10:15:00-00:00,2022-09-01T10:30:00-00:00,2022-09-01,04,SANJUAN_3_SANJUAN4GNODE,SANJUAN_3_SANJUAN4GNODE,SANJUAN_3_SANJUAN4GNODE,RTPD,MCL,LMP_LOSS_PRC,SANJUAN_3_SANJUAN4GNODE,ALL,1,-4.0268,2,4
2022-09-01T11:15:00-00:00,2022-09-01T11:30:00-00:00,2022-09-01,05,SANJUAN_3_SANJUAN4GNODE,SANJUAN_3_SANJUAN4GNODE,SANJUAN_3_SANJUAN4GNODE,RTPD,MCL,LMP_LOSS_PRC,SANJUAN_3_SANJUAN4GNODE,ALL,1,-4.40187,2,4
2022-09-01T12:15:00-00:00,2022-09-01T12:30:00-00:00,2022-09-01,06,SANJUAN_3_SANJUAN4GNODE,SANJUAN_3_SANJUAN4GNODE,SANJUAN_3_SANJUAN4GNODE,RTPD,MCL,LMP_LOSS_PRC,SANJUAN_3_SANJUAN4GNODE,ALL,1,-5.28421,2,4
2022-09-01T13:15:00-00:00,2022-09-01T13:30:00-00:00,2022-09-01,07,SANJUAN_3_SANJUAN4GNODE,SANJUAN_3_SANJUAN4GNODE,SANJUAN_3_SANJUAN4GNODE,RTPD,MCL,LMP_LOSS_PRC,SANJUAN_3_SANJUAN4GNODE,ALL,1,-4.31888,2,4
2022-09-01T14:15:00-00:00,2022-09-01T14:30:00-00:00,2022-09-01,08,SANJUAN_3_SANJUAN4GNODE,SANJUAN_3_SANJUAN4GNODE,SANJUAN_3_SANJUAN4GNODE,RTPD,MCL,LMP_LOSS_PRC,SANJUAN_3_SANJUAN4GNODE,ALL,1,-6.31188,2,4
2022-09-01T15:15:00-00:00,2022-09-01T15:30:00-00:00,2022-09-01,09,SANJUAN_3_SANJUAN4GNODE,SANJUAN_3_SANJUAN4GNODE,SANJUAN_3_SANJUAN4GNODE,RTPD,MCL,LMP_LOSS_PRC,SANJUAN_3_SANJUAN4GNODE,ALL,1,0,2,4
2022-09-01T16:15:00-00:00,2022-09-01T16:30:00-00:00,2022-09-01,10,SANJUAN_3_SANJUAN4GNODE,SANJUAN_3_SANJUAN4GNODE,SANJUAN_3_SANJUAN4GNODE,RTPD,MCL,LMP_LOSS_PRC,SANJUAN_3_SANJUAN4GNODE,ALL,1,0,2,4
2022-09-01T17:15:00-00:00,2022-09-01T17:30:00-00:00,2022-09-01,11,SANJUAN_3_SANJUAN4GNODE,SANJUAN_3_SANJUAN4GNODE,SANJUAN_3_SANJUAN4GNODE,RTPD,MCL,LMP_LOSS_PRC,SANJUAN_3_SANJUAN4GNODE,ALL,1,0,2,4
2022-09-01T18:15:00-00:00,2022-09-01T18:30:00-00:00,2022-09-01,12,SANJUAN_3_SANJUAN4GNODE,SANJUAN_3_SANJUAN4GNODE,SANJUAN_3_SANJUAN4GNODE,RTPD,MCL,LMP_LOSS_PRC,SANJUAN_3_SANJUAN4GNODE,ALL,1,0,2,4
2022-09-01T19:15:00-00:00,2022-09-01T19:30:00-00:00,2022-09-01,13,SANJUAN_3_SANJUAN4GNODE,SANJUAN_3_SANJUAN4GNODE,SANJUAN_3_SANJUAN4GNODE,RTPD,MCL,LMP_LOSS_PRC,SANJUAN_3_SANJUAN4GNODE,ALL,1,0,2,4
2022-09-01T20:15:00-00:00,2022-09-01T20:30:00-00:00,2022-09-01,14,SANJUAN_3_SANJUAN4GNODE,SANJUAN_3_SANJUAN4GNODE,SANJUAN_3_SANJUAN4GNODE,RTPD,MCL,LMP_LOSS_PRC,SANJUAN_3_SANJUAN4GNODE,ALL,1,0,2,4
2022-09-01T21:15:00-00:00,2022-09-01T21:30:00-00:00,2022-09-01,15,SANJUAN_3_SANJUAN4GNODE,SANJUAN_3_SANJUAN4GNODE,SANJUAN_3_SANJUAN4GNODE,RTPD,MCL,LMP_LOSS_PRC,SANJUAN_3_SANJUAN4GNODE,ALL,1,0,2,4
2022-09-01T22:15:00-00:00,2022-09-01T22:30:00-00:00,2022-09-01,16,SANJUAN_3_SANJUAN4GNODE,SANJUAN_3_SANJUAN4GNODE,SANJUAN_3_SANJUAN4GNODE,RTPD,MCL,LMP_LOSS_PRC,SANJUAN_3_SANJUAN4GNODE,ALL,1,0,2,4
2022-09-01T23:15:00-00:00,2022-09-01T23:30:00-00:00,2022-09-01,17,SANJUAN_3_SANJUAN4GNODE,SANJUAN_3_SANJUAN4GNODE,SANJUAN_3_SANJUAN4GNODE,RTPD,MCL,LMP_LOSS_PRC,SANJUAN_3_SANJUAN4GNODE,ALL,1,0,2,4
2022-09-02T00:15:00-00:00,2022-09-02T00:30:00-00:00,2022-09-01,18,SANJUAN_3_SANJUAN4GNODE,SANJUAN_3_SANJUAN4GNODE,SANJUAN_3_SANJUAN4GNODE,RTPD,MCL,LMP_LOSS_PRC,SANJUAN_3_SANJUAN4GNODE,ALL,1,-68.69613,2,4
2022-09-02T01:15:00-00:00,2022-09-02T01:30:00-00:00,2022-09-01,19,SANJUAN_3_SANJUAN4GNODE,SANJUAN_3_SANJUAN4GNODE,SANJUAN_3_SANJUAN4GNODE,RTPD,MCL,LMP_LOSS_PRC,SANJUAN_3_SANJUAN4GNODE,ALL,1,0,2,4
2022-09-02T02:15:00-00:00,2022-09-02T02:30:00-00:00,2022-09-01,20,SANJUAN_3_SANJUAN4GNODE,SANJUAN_3_SANJUAN4GNODE,SANJUAN_3_SANJUAN4GNODE,RTPD,MCL,LMP_LOSS_PRC,SANJUAN_3_SANJUAN4GNODE,ALL,1,0,2,4
2022-09-02T03:15:00-00:00,2022-09-02T03:30:00-00:00,2022-09-01,21,SANJUAN_3_SANJUAN4GNODE,SANJUAN_3_SANJUAN4GNODE,SANJUAN_3_SANJUAN4GNODE,RTPD,MCL,LMP_LOSS_PRC,SANJUAN_3_SANJUAN4GNODE,ALL,1,-33.28906,2,4
2022-09-02T04:15:00-00:00,2022-09-02T04:30:00-00:00,2022-09-01,22,SANJUAN_3_SANJUAN4GNODE,SANJUAN_3_SANJUAN4GNODE,SANJUAN_3_SANJUAN4GNODE,RTPD,MCL,LMP_LOSS_PRC,SANJUAN_3_SANJUAN4GNODE,ALL,1,-16.16683,2,4
2022-09-02T05:15:00-00:00,2022-09-02T05:30:00-00:00,2022-09-01,23,SANJUAN_3_SANJUAN4GNODE,SANJUAN_3_SANJUAN4GNODE,SANJUAN_3_SANJUAN4GNODE,RTPD,MCL,LMP_LOSS_PRC,SANJUAN_3_SANJUAN4GNODE,ALL,1,-11.57469,2,4
2022-09-02T06:15:00-00:00,2022-09-02T06:30:00-00:00,2022-09-01,24,SANJUAN_3_SANJUAN4GNODE,SANJUAN_3_SANJUAN4GNODE,SANJUAN_3_SANJUAN4GNODE,RTPD,MCL,LMP_LOSS_PRC,SANJUAN_3_SANJUAN4GNODE,ALL,1,-10.00318,2,4
2022-09-01T07:30:00-00:00,2022-09-01T07:45:00-00:00,2022-09-01,01,SANJUAN_3_SANJUAN4GNODE,SANJUAN_3_SANJUAN4GNODE,SANJUAN_3_SANJUAN4GNODE,RTPD,MCL,LMP_LOSS_PRC,SANJUAN_3_SANJUAN4GNODE,ALL,1,0,3,4
2022-09-01T08:30:00-00:00,2022-09-01T08:45:00-00:00,2022-09-01,02,SANJUAN_3_SANJUAN4GNODE,SANJUAN_3_SANJUAN4GNODE,SANJUAN_3_SANJUAN4GNODE,RTPD,MCL,LMP_LOSS_PRC,SANJUAN_3_SANJUAN4GNODE,ALL,1,-5.35539,3,4
2022-09-01T09:30:00-00:00,2022-09-01T09:45:00-00:00,2022-09-01,03,SANJUAN_3_SANJUAN4GNODE,SANJUAN_3_SANJUAN4GNODE,SANJUAN_3_SANJUAN4GNODE,RTPD,MCL,LMP_LOSS_PRC,SANJUAN_3_SANJUAN4GNODE,ALL,1,-4.24258,3,4
2022-09-01T10:30:00-00:00,2022-09-01T10:45:00-00:00,2022-09-01,04,SANJUAN_3_SANJUAN4GNODE,SANJUAN_3_SANJUAN4GNODE,SANJUAN_3_SANJUAN4GNODE,RTPD,MCL,LMP_LOSS_PRC,SANJUAN_3_SANJUAN4GNODE,ALL,1,-4.01202,3,4
2022-09-01T11:30:00-00:00,2022-09-01T11:45:00-00:00,2022-09-01,05,SANJUAN_3_SANJUAN4GNODE,SANJUAN_3_SANJUAN4GNODE,SANJUAN_3_SANJUAN4GNODE,RTPD,MCL,LMP_LOSS_PRC,SANJUAN_3_SANJUAN4GNODE,ALL,1,-4.60325,3,4
2022-09-01T12:30:00-00:00,2022-09-01T12:45:00-00:00,2022-09-01,06,SANJUAN_3_SANJUAN4GNODE,SANJUAN_3_SANJUAN4GNODE,SANJUAN_3_SANJUAN4GNODE,RTPD,MCL,LMP_LOSS_PRC,SANJUAN_3_SANJUAN4GNODE,ALL,1,-4.97859,3,4
2022-09-01T13:30:00-00:00,2022-09-01T13:45:00-00:00,2022-09-01,07,SANJUAN_3_SANJUAN4GNODE,SANJUAN_3_SANJUAN4GNODE,SANJUAN_3_SANJUAN4GNODE,RTPD,MCL,LMP_LOSS_PRC,SANJUAN_3_SANJUAN4GNODE,ALL,1,-4.64019,3,4
2022-09-01T14:30:00-00:00,2022-09-01T14:45:00-00:00,2022-09-01,08,SANJUAN_3_SANJUAN4GNODE,SANJUAN_3_SANJUAN4GNODE,SANJUAN_3_SANJUAN4GNODE,RTPD,MCL,LMP_LOSS_PRC,SANJUAN_3_SANJUAN4GNODE,ALL,1,-6.91651,3,4
2022-09-01T15:30:00-00:00,2022-09-01T15:45:00-00:00,2022-09-01,09,SANJUAN_3_SANJUAN4GNODE,SANJUAN_3_SANJUAN4GNODE,SANJUAN_3_SANJUAN4GNODE,RTPD,MCL,LMP_LOSS_PRC,SANJUAN_3_SANJUAN4GNODE,ALL,1,0,3,4
2022-09-01T16:30:00-00:00,2022-09-01T16:45:00-00:00,2022-09-01,10,SANJUAN_3_SANJUAN4GNODE,SANJUAN_3_SANJUAN4GNODE,SANJUAN_3_SANJUAN4GNODE,RTPD,MCL,LMP_LOSS_PRC,SANJUAN_3_SANJUAN4GNODE,ALL,1,0,3,4
2022-09-01T17:30:00-00:00,2022-09-01T17:45:00-00:00,2022-09-01,11,SANJUAN_3_SANJUAN4GNODE,SANJUAN_3_SANJUAN4GNODE,SANJUAN_3_SANJUAN4GNODE,RTPD,MCL,LMP_LOSS_PRC,SANJUAN_3_SANJUAN4GNODE,ALL,1,0,3,4
2022-09-01T18:30:00-00:00,2022-09-01T18:45:00-00:00,2022-09-01,12,SANJUAN_3_SANJUAN4GNODE,SANJUAN_3_SANJUAN4GNODE,SANJUAN_3_SANJUAN4GNODE,RTPD,MCL,LMP_LOSS_PRC,SANJUAN_3_SANJUAN4GNODE,ALL,1,0,3,4
2022-09-01T19:30:00-00:00,2022-09-01T19:45:00-00:00,2022-09-01,13,SANJUAN_3_SANJUAN4GNODE,SANJUAN_3_SANJUAN4GNODE,SANJUAN_3_SANJUAN4GNODE,RTPD,MCL,LMP_LOSS_PRC,SANJUAN_3_SANJUAN4GNODE,ALL,1,0,3,4
2022-09-01T20:30:00-00:00,2022-09-01T20:45:00-00:00,2022-09-01,14,SANJUAN_3_SANJUAN4GNODE,SANJUAN_3_SANJUAN4GNODE,SANJUAN_3_SANJUAN4GNODE,RTPD,MCL,LMP_LOSS_PRC,SANJUAN_3_SANJUAN4GNODE,ALL,1,0,3,4
2022-09-01T21:30:00-00:00,2022-09-01T21:45:00-00:00,2022-09-01,15,SANJUAN_3_SANJUAN4GNODE,SANJUAN_3_SANJUAN4GNODE,SANJUAN_3_SANJUAN4GNODE,RTPD,MCL,LMP_LOSS_PRC,SANJUAN_3_SANJUAN4GNODE,ALL,1,0,3,4
2022-09-01T22:30:00-00:00,2022-09-01T22:45:00-00:00,2022-09-01,16,SANJUAN_3_SANJUAN4GNODE,SANJUAN_3_SANJUAN4GNODE,SANJUAN_3_SANJUAN4GNODE,RTPD,MCL,LMP_LOSS_PRC,SANJUAN_3_SANJUAN4GNODE,ALL,1,0,3,4
2022-09-01T23:30:00-00:00,2022-09-01T23:45:00-00:00,2022-09-01,17,SANJUAN_3_SANJUAN4GNODE,SANJUAN_3_SANJUAN4GNODE,SANJUAN_3_SANJUAN4GNODE,RTPD,MCL,LMP_LOSS_PRC,SANJUAN_3_SANJUAN4GNODE,ALL,1,0,3,4
2022-09-02T00:30:00-00:00,2022-09-02T00:45:00-00:00,2022-09-01,18,SANJUAN_3_SANJUAN4GNODE,SANJUAN_3_SANJUAN4GNODE,SANJUAN_3_SANJUAN4GNODE,RTPD,MCL,LMP_LOSS_PRC,SANJUAN_3_SANJUAN4GNODE,ALL,1,0,3,4
2022-09-02T01:30:00-00:00,2022-09-02T01:45:00-00:00,2022-09-01,19,SANJUAN_3_SANJUAN4GNODE,SANJUAN_3_SANJUAN4GNODE,SANJUAN_3_SANJUAN4GNODE,RTPD,MCL,LMP_LOSS_PRC,SANJUAN_3_SANJUAN4GNODE,ALL,1,0,3,4
2022-09-02T02:30:00-00:00,2022-09-02T02:45:00-00:00,2022-09-01,20,SANJUAN_3_SANJUAN4GNODE,SANJUAN_3_SANJUAN4GNODE,SANJUAN_3_SANJUAN4GNODE,RTPD,MCL,LMP_LOSS_PRC,SANJUAN_3_SANJUAN4GNODE,ALL,1,0,3,4
2022-09-02T03:30:00-00:00,2022-09-02T03:45:00-00:00,2022-09-01,21,SANJUAN_3_SANJUAN4GNODE,SANJUAN_3_SANJUAN4GNODE,SANJUAN_3_SANJUAN4GNODE,RTPD,MCL,LMP_LOSS_PRC,SANJUAN_3_SANJUAN4GNODE,ALL,1,-14.93166,3,4
2022-09-02T04:30:00-00:00,2022-09-02T04:45:00-00:00,2022-09-01,22,SANJUAN_3_SANJUAN4GNODE,SANJUAN_3_SANJUAN4GNODE,SANJUAN_3_SANJUAN4GNODE,RTPD,MCL,LMP_LOSS_PRC,SANJUAN_3_SANJUAN4GNODE,ALL,1,-11.43906,3,4
2022-09-02T05:30:00-00:00,2022-09-02T05:45:00-00:00,2022-09-01,23,SANJUAN_3_SANJUAN4GNODE,SANJUAN_3_SANJUAN4GNODE,SANJUAN_3_SANJUAN4GNODE,RTPD,MCL,LMP_LOSS_PRC,SANJUAN_3_SANJUAN4GNODE,ALL,1,-8.68635,3,4
2022-09-02T06:30:00-00:00,2022-09-02T06:45:00-00:00,2022-09-01,24,SANJUAN_3_SANJUAN4GNODE,SANJUAN_3_SANJUAN4GNODE,SANJUAN_3_SANJUAN4GNODE,RTPD,MCL,LMP_LOSS_PRC,SANJUAN_3_SANJUAN4GNODE,ALL,1,-8.49615,3,4
2022-09-01T07:45:00-00:00,2022-09-01T08:00:00-00:00,2022-09-01,01,SANJUAN_3_SANJUAN4GNODE,SANJUAN_3_SANJUAN4GNODE,SANJUAN_3_SANJUAN4GNODE,RTPD,MCL,LMP_LOSS_PRC,SANJUAN_3_SANJUAN4GNODE,ALL,1,0,4,4
2022-09-01T08:45:00-00:00,2022-09-01T09:00:00-00:00,2022-09-01,02,SANJUAN_3_SANJUAN4GNODE,SANJUAN_3_SANJUAN4GNODE,SANJUAN_3_SANJUAN4GNODE,RTPD,MCL,LMP_LOSS_PRC,SANJUAN_3_SANJUAN4GNODE,ALL,1,-4.27271,4,4
2022-09-01T09:45:00-00:00,2022-09-01T10:00:00-00:00,2022-09-01,03,SANJUAN_3_SANJUAN4GNODE,SANJUAN_3_SANJUAN4GNODE,SANJUAN_3_SANJUAN4GNODE,RTPD,MCL,LMP_LOSS_PRC,SANJUAN_3_SANJUAN4GNODE,ALL,1,-4.0154,4,4
2022-09-01T10:45:00-00:00,2022-09-01T11:00:00-00:00,2022-09-01,04,SANJUAN_3_SANJUAN4GNODE,SANJUAN_3_SANJUAN4GNODE,SANJUAN_3_SANJUAN4GNODE,RTPD,MCL,LMP_LOSS_PRC,SANJUAN_3_SANJUAN4GNODE,ALL,1,-3.64452,4,4
2022-09-01T11:45:00-00:00,2022-09-01T12:00:00-00:00,2022-09-01,05,SANJUAN_3_SANJUAN4GNODE,SANJUAN_3_SANJUAN4GNODE,SANJUAN_3_SANJUAN4GNODE,RTPD,MCL,LMP_LOSS_PRC,SANJUAN_3_SANJUAN4GNODE,ALL,1,0,4,4
2022-09-01T12:45:00-00:00,2022-09-01T13:00:00-00:00,2022-09-01,06,SANJUAN_3_SANJUAN4GNODE,SANJUAN_3_SANJUAN4GNODE,SANJUAN_3_SANJUAN4GNODE,RTPD,MCL,LMP_LOSS_PRC,SANJUAN_3_SANJUAN4GNODE,ALL,1,0,4,4
2022-09-01T13:45:00-00:00,2022-09-01T14:00:00-00:00,2022-09-01,07,SANJUAN_3_SANJUAN4GNODE,SANJUAN_3_SANJUAN4GNODE,SANJUAN_3_SANJUAN4GNODE,RTPD,MCL,LMP_LOSS_PRC,SANJUAN_3_SANJUAN4GNODE,ALL,1,0,4,4
2022-09-01T14:45:00-00:00,2022-09-01T15:00:00-00:00,2022-09-01,08,SANJUAN_3_SANJUAN4GNODE,SANJUAN_3_SANJUAN4GNODE,SANJUAN_3_SANJUAN4GNODE,RTPD,MCL,LMP_LOSS_PRC,SANJUAN_3_SANJUAN4GNODE,ALL,1,0,4,4
2022-09-01T15:45:00-00:00,2022-09-01T16:00:00-00:00,2022-09-01,09,SANJUAN_3_SANJUAN4GNODE,SANJUAN_3_SANJUAN4GNODE,SANJUAN_3_SANJUAN4GNODE,RTPD,MCL,LMP_LOSS_PRC,SANJUAN_3_SANJUAN4GNODE,ALL,1,0,4,4
2022-09-01T16:45:00-00:00,2022-09-01T17:00:00-00:00,2022-09-01,10,SANJUAN_3_SANJUAN4GNODE,SANJUAN_3_SANJUAN4GNODE,SANJUAN_3_SANJUAN4GNODE,RTPD,MCL,LMP_LOSS_PRC,SANJUAN_3_SANJUAN4GNODE,ALL,1,0,4,4
2022-09-01T17:45:00-00:00,2022-09-01T18:00:00-00:00,2022-09-01,11,SANJUAN_3_SANJUAN4GNODE,SANJUAN_3_SANJUAN4GNODE,SANJUAN_3_SANJUAN4GNODE,RTPD,MCL,LMP_LOSS_PRC,SANJUAN_3_SANJUAN4GNODE,ALL,1,0,4,4
2022-09-01T18:45:00-00:00,2022-09-01T19:00:00-00:00,2022-09-01,12,SANJUAN_3_SANJUAN4GNODE,SANJUAN_3_SANJUAN4GNODE,SANJUAN_3_SANJUAN4GNODE,RTPD,MCL,LMP_LOSS_PRC,SANJUAN_3_SANJUAN4GNODE,ALL,1,0,4,4
2022-09-01T19:45:00-00:00,2022-09-01T20:00:00-00:00,2022-09-01,13,SANJUAN_3_SANJUAN4GNODE,SANJUAN_3_SANJUAN4GNODE,SANJUAN_3_SANJUAN4GNODE,RTPD,MCL,LMP_LOSS_PRC,SANJUAN_3_SANJUAN4GNODE,ALL,1,0,4,4
2022-09-01T20:45:00-00:00,2022-09-01T21:00:00-00:00,2022-09-01,14,SANJUAN_3_SANJUAN4GNODE,SANJUAN_3_SANJUAN4GNODE,SANJUAN_3_SANJUAN4GNODE,RTPD,MCL,LMP_LOSS_PRC,SANJUAN_3_SANJUAN4GNODE,ALL,1,0,4,4
2022-09-01T21:45:00-00:00,2022-09-01T22:00:00-00:00,2022-09-01,15,SANJUAN_3_SANJUAN4GNODE,SANJUAN_3_SANJUAN4GNODE,SANJUAN_3_SANJUAN4GNODE,RTPD,MCL,LMP_LOSS_PRC,SANJUAN_3_SANJUAN4GNODE,ALL,1,0,4,4
2022-09-01T22:45:00-00:00,2022-09-01T23:00:00-00:00,2022-09-01,16,SANJUAN_3_SANJUAN4GNODE,SANJUAN_3_SANJUAN4GNODE,SANJUAN_3_SANJUAN4GNODE,RTPD,MCL,LMP_LOSS_PRC,SANJUAN_3_SANJUAN4GNODE,ALL,1,0,4,4
2022-09-01T23:45:00-00:00,2022-09-02T00:00:00-00:00,2022-09-01,17,SANJUAN_3_SANJUAN4GNODE,SANJUAN_3_SANJUAN4GNODE,SANJUAN_3_SANJUAN4GNODE,RTPD,MCL,LMP_LOSS_PRC,SANJUAN_3_SANJUAN4GNODE,ALL,1,0,4,4
2022-09-02T00:45:00-00:00,2022-09-02T01:00:00-00:00,2022-09-01,18,SANJUAN_3_SANJUAN4GNODE,SANJUAN_3_SANJUAN4GNODE,SANJUAN_3_SANJUAN4GNODE,RTPD,MCL,LMP_LOSS_PRC,SANJUAN_3_SANJUAN4GNODE,ALL,1,0,4,4
2022-09-02T01:45:00-00:00,2022-09-02T02:00:00-00:00,2022-09-01,19,SANJUAN_3_SANJUAN4GNODE,SANJUAN_3_SANJUAN4GNODE,SANJUAN_3_SANJUAN4GNODE,RTPD,MCL,LMP_LOSS_PRC,SANJUAN_3_SANJUAN4GNODE,ALL,1,0,4,4
2022-09-02T02:45:00-00:00,2022-09-02T03:00:00-00:00,2022-09-01,20,SANJUAN_3_SANJUAN4GNODE,SANJUAN_3_SANJUAN4GNODE,SANJUAN_3_SANJUAN4GNODE,RTPD,MCL,LMP_LOSS_PRC,SANJUAN_3_SANJUAN4GNODE,ALL,1,-126.16405,4,4
2022-09-02T03:45:00-00:00,2022-09-02T04:00:00-00:00,2022-09-01,21,SANJUAN_3_SANJUAN4GNODE,SANJUAN_3_SANJUAN4GNODE,SANJUAN_3_SANJUAN4GNODE,RTPD,MCL,LMP_LOSS_PRC,SANJUAN_3_SANJUAN4GNODE,ALL,1,-9.64988,4,4
2022-09-02T04:45:00-00:00,2022-09-02T05:00:00-00:00,2022-09-01,22,SANJUAN_3_SANJUAN4GNODE,SANJUAN_3_SANJUAN4GNODE,SANJUAN_3_SANJUAN4GNODE,RTPD,MCL,LMP_LOSS_PRC,SANJUAN_3_SANJUAN4GNODE,ALL,1,-8.19191,4,4
2022-09-02T05:45:00-00:00,2022-09-02T06:00:00-00:00,2022-09-01,23,SANJUAN_3_SANJUAN4GNODE,SANJUAN_3_SANJUAN4GNODE,SANJUAN_3_SANJUAN4GNODE,RTPD,MCL,LMP_LOSS_PRC,SANJUAN_3_SANJUAN4GNODE,ALL,1,-7.09735,4,4
2022-09-02T06:45:00-00:00,2022-09-02T07:00:00-00:00,2022-09-01,24,SANJUAN_3_SANJUAN4GNODE,SANJUAN_3_SANJUAN4GNODE,SANJUAN_3_SANJUAN4GNODE,RTPD,MCL,LMP_LOSS_PRC,SANJUAN_3_SANJUAN4GNODE,ALL,1,-7.16874,4,4
2022-09-01T07:00:00-00:00,2022-09-01T07:15:00-00:00,2022-09-01,01,SANJUAN_3_SANJUAN4GNODE,SANJUAN_3_SANJUAN4GNODE,SANJUAN_3_SANJUAN4GNODE,RTPD,MGHG,LMP_GHG_PRC,SANJUAN_3_SANJUAN4GNODE,ALL,1,-11.45,1,5
2022-09-01T08:00:00-00:00,2022-09-01T08:15:00-00:00,2022-09-01,02,SANJUAN_3_SANJUAN4GNODE,SANJUAN_3_SANJUAN4GNODE,SANJUAN_3_SANJUAN4GNODE,RTPD,MGHG,LMP_GHG_PRC,SANJUAN_3_SANJUAN4GNODE,ALL,1,-14.13,1,5
2022-09-01T09:00:00-00:00,2022-09-01T09:15:00-00:00,2022-09-01,03,SANJUAN_3_SANJUAN4GNODE,SANJUAN_3_SANJUAN4GNODE,SANJUAN_3_SANJUAN4GNODE,RTPD,MGHG,LMP_GHG_PRC,SANJUAN_3_SANJUAN4GNODE,ALL,1,-12.17178,1,5
2022-09-01T10:00:00-00:00,2022-09-01T10:15:00-00:00,2022-09-01,04,SANJUAN_3_SANJUAN4GNODE,SANJUAN_3_SANJUAN4GNODE,SANJUAN_3_SANJUAN4GNODE,RTPD,MGHG,LMP_GHG_PRC,SANJUAN_3_SANJUAN4GNODE,ALL,1,-13.55,1,5
2022-09-01T11:00:00-00:00,2022-09-01T11:15:00-00:00,2022-09-01,05,SANJUAN_3_SANJUAN4GNODE,SANJUAN_3_SANJUAN4GNODE,SANJUAN_3_SANJUAN4GNODE,RTPD,MGHG,LMP_GHG_PRC,SANJUAN_3_SANJUAN4GNODE,ALL,1,-13.55,1,5
2022-09-01T12:00:00-00:00,2022-09-01T12:15:00-00:00,2022-09-01,06,SANJUAN_3_SANJUAN4GNODE,SANJUAN_3_SANJUAN4GNODE,SANJUAN_3_SANJUAN4GNODE,RTPD,MGHG,LMP_GHG_PRC,SANJUAN_3_SANJUAN4GNODE,ALL,1,-13.71725,1,5
2022-09-01T13:00:00-00:00,2022-09-01T13:15:00-00:00,2022-09-01,07,SANJUAN_3_SANJUAN4GNODE,SANJUAN_3_SANJUAN4GNODE,SANJUAN_3_SANJUAN4GNODE,RTPD,MGHG,LMP_GHG_PRC,SANJUAN_3_SANJUAN4GNODE,ALL,1,-15,1,5
2022-09-01T14:00:00-00:00,2022-09-01T14:15:00-00:00,2022-09-01,08,SANJUAN_3_SANJUAN4GNODE,SANJUAN_3_SANJUAN4GNODE,SANJUAN_3_SANJUAN4GNODE,RTPD,MGHG,LMP_GHG_PRC,SANJUAN_3_SANJUAN4GNODE,ALL,1,-15.61,1,5
2022-09-01T15:00:00-00:00,2022-09-01T15:15:00-00:00,2022-09-01,09,SANJUAN_3_SANJUAN4GNODE,SANJUAN_3_SANJUAN4GNODE,SANJUAN_3_SANJUAN4GNODE,RTPD,MGHG,LMP_GHG_PRC,SANJUAN_3_SANJUAN4GNODE,ALL,1,-12.7,1,5
2022-09-01T16:00:00-00:00,2022-09-01T16:15:00-00:00,2022-09-01,10,SANJUAN_3_SANJUAN4GNODE,SANJUAN_3_SANJUAN4GNODE,SANJUAN_3_SANJUAN4GNODE,RTPD,MGHG,LMP_GHG_PRC,SANJUAN_3_SANJUAN4GNODE,ALL,1,-14.1,1,5
2022-09-01T17:00:00-00:00,2022-09-01T17:15:00-00:00,2022-09-01,11,SANJUAN_3_SANJUAN4GNODE,SANJUAN_3_SANJUAN4GNODE,SANJUAN_3_SANJUAN4GNODE,RTPD,MGHG,LMP_GHG_PRC,SANJUAN_3_SANJUAN4GNODE,ALL,1,-11.63,1,5
2022-09-01T18:00:00-00:00,2022-09-01T18:15:00-00:00,2022-09-01,12,SANJUAN_3_SANJUAN4GNODE,SANJUAN_3_SANJUAN4GNODE,SANJUAN_3_SANJUAN4GNODE,RTPD,MGHG,LMP_GHG_PRC,SANJUAN_3_SANJUAN4GNODE,ALL,1,-13.98,1,5
2022-09-01T19:00:00-00:00,2022-09-01T19:15:00-00:00,2022-09-01,13,SANJUAN_3_SANJUAN4GNODE,SANJUAN_3_SANJUAN4GNODE,SANJUAN_3_SANJUAN4GNODE,RTPD,MGHG,LMP_GHG_PRC,SANJUAN_3_SANJUAN4GNODE,ALL,1,-14.15,1,5
2022-09-01T20:00:00-00:00,2022-09-01T20:15:00-00:00,2022-09-01,14,SANJUAN_3_SANJUAN4GNODE,SANJUAN_3_SANJUAN4GNODE,SANJUAN_3_SANJUAN4GNODE,RTPD,MGHG,LMP_GHG_PRC,SANJUAN_3_SANJUAN4GNODE,ALL,1,-26.16,1,5
2022-09-01T21:00:00-00:00,2022-09-01T21:15:00-00:00,2022-09-01,15,SANJUAN_3_SANJUAN4GNODE,SANJUAN_3_SANJUAN4GNODE,SANJUAN_3_SANJUAN4GNODE,RTPD,MGHG,LMP_GHG_PRC,SANJUAN_3_SANJUAN4GNODE,ALL,1,-15,1,5
2022-09-01T22:00:00-00:00,2022-09-01T22:15:00-00:00,2022-09-01,16,SANJUAN_3_SANJUAN4GNODE,SANJUAN_3_SANJUAN4GNODE,SANJUAN_3_SANJUAN4GNODE,RTPD,MGHG,LMP_GHG_PRC,SANJUAN_3_SANJUAN4GNODE,ALL,1,-17.36,1,5
2022-09-01T23:00:00-00:00,2022-09-01T23:15:00-00:00,2022-09-01,17,SANJUAN_3_SANJUAN4GNODE,SANJUAN_3_SANJUAN4GNODE,SANJUAN_3_SANJUAN4GNODE,RTPD,MGHG,LMP_GHG_PRC,SANJUAN_3_SANJUAN4GNODE,ALL,1,-26.16,1,5
2022-09-02T00:00:00-00:00,2022-09-02T00:15:00-00:00,2022-09-01,18,SANJUAN_3_SANJUAN4GNODE,SANJUAN_3_SANJUAN4GNODE,SANJUAN_3_SANJUAN4GNODE,RTPD,MGHG,LMP_GHG_PRC,SANJUAN_3_SANJUAN4GNODE,ALL,1,-28.21,1,5
2022-09-02T01:00:00-00:00,2022-09-02T01:15:00-00:00,2022-09-01,19,SANJUAN_3_SANJUAN4GNODE,SANJUAN_3_SANJUAN4GNODE,SANJUAN_3_SANJUAN4GNODE,RTPD,MGHG,LMP_GHG_PRC,SANJUAN_3_SANJUAN4GNODE,ALL,1,-24.91,1,5
2022-09-02T02:00:00-00:00,2022-09-02T02:15:00-00:00,2022-09-01,20,SANJUAN_3_SANJUAN4GNODE,SANJUAN_3_SANJUAN4GNODE,SANJUAN_3_SANJUAN4GNODE,RTPD,MGHG,LMP_GHG_PRC,SANJUAN_3_SANJUAN4GNODE,ALL,1,-15.61,1,5
2022-09-02T03:00:00-00:00,2022-09-02T03:15:00-00:00,2022-09-01,21,SANJUAN_3_SANJUAN4GNODE,SANJUAN_3_SANJUAN4GNODE,SANJUAN_3_SANJUAN4GNODE,RTPD,MGHG,LMP_GHG_PRC,SANJUAN_3_SANJUAN4GNODE,ALL,1,-11.89,1,5
2022-09-02T04:00:00-00:00,2022-09-02T04:15:00-00:00,2022-09-01,22,SANJUAN_3_SANJUAN4GNODE,SANJUAN_3_SANJUAN4GNODE,SANJUAN_3_SANJUAN4GNODE,RTPD,MGHG,LMP_GHG_PRC,SANJUAN_3_SANJUAN4GNODE,ALL,1,-14.75,1,5
2022-09-02T05:00:00-00:00,2022-09-02T05:15:00-00:00,2022-09-01,23,SANJUAN_3_SANJUAN4GNODE,SANJUAN_3_SANJUAN4GNODE,SANJUAN_3_SANJUAN4GNODE,RTPD,MGHG,LMP_GHG_PRC,SANJUAN_3_SANJUAN4GNODE,ALL,1,-9.52,1,5
2022-09-02T06:00:00-00:00,2022-09-02T06:15:00-00:00,2022-09-01,24,SANJUAN_3_SANJUAN4GNODE,SANJUAN_3_SANJUAN4GNODE,SANJUAN_3_SANJUAN4GNODE,RTPD,MGHG,LMP_GHG_PRC,SANJUAN_3_SANJUAN4GNODE,ALL,1,-11.63,1,5
2022-09-01T07:15:00-00:00,2022-09-01T07:30:00-00:00,2022-09-01,01,SANJUAN_3_SANJUAN4GNODE,SANJUAN_3_SANJUAN4GNODE,SANJUAN_3_SANJUAN4GNODE,RTPD,MGHG,LMP_GHG_PRC,SANJUAN_3_SANJUAN4GNODE,ALL,1,-13.76,2,5
2022-09-01T08:15:00-00:00,2022-09-01T08:30:00-00:00,2022-09-01,02,SANJUAN_3_SANJUAN4GNODE,SANJUAN_3_SANJUAN4GNODE,SANJUAN_3_SANJUAN4GNODE,RTPD,MGHG,LMP_GHG_PRC,SANJUAN_3_SANJUAN4GNODE,ALL,1,-14.75,2,5
2022-09-01T09:15:00-00:00,2022-09-01T09:30:00-00:00,2022-09-01,03,SANJUAN_3_SANJUAN4GNODE,SANJUAN_3_SANJUAN4GNODE,SANJUAN_3_SANJUAN4GNODE,RTPD,MGHG,LMP_GHG_PRC,SANJUAN_3_SANJUAN4GNODE,ALL,1,-12.19,2,5
2022-09-01T10:15:00-00:00,2022-09-01T10:30:00-00:00,2022-09-01,04,SANJUAN_3_SANJUAN4GNODE,SANJUAN_3_SANJUAN4GNODE,SANJUAN_3_SANJUAN4GNODE,RTPD,MGHG,LMP_GHG_PRC,SANJUAN_3_SANJUAN4GNODE,ALL,1,-13.98,2,5
2022-09-01T11:15:00-00:00,2022-09-01T11:30:00-00:00,2022-09-01,05,SANJUAN_3_SANJUAN4GNODE,SANJUAN_3_SANJUAN4GNODE,SANJUAN_3_SANJUAN4GNODE,RTPD,MGHG,LMP_GHG_PRC,SANJUAN_3_SANJUAN4GNODE,ALL,1,-13.98,2,5
2022-09-01T12:15:00-00:00,2022-09-01T12:30:00-00:00,2022-09-01,06,SANJUAN_3_SANJUAN4GNODE,SANJUAN_3_SANJUAN4GNODE,SANJUAN_3_SANJUAN4GNODE,RTPD,MGHG,LMP_GHG_PRC,SANJUAN_3_SANJUAN4GNODE,ALL,1,-14.79,2,5
2022-09-01T13:15:00-00:00,2022-09-01T13:30:00-00:00,2022-09-01,07,SANJUAN_3_SANJUAN4GNODE,SANJUAN_3_SANJUAN4GNODE,SANJUAN_3_SANJUAN4GNODE,RTPD,MGHG,LMP_GHG_PRC,SANJUAN_3_SANJUAN4GNODE,ALL,1,-15,2,5
2022-09-01T14:15:00-00:00,2022-09-01T14:30:00-00:00,2022-09-01,08,SANJUAN_3_SANJUAN4GNODE,SANJUAN_3_SANJUAN4GNODE,SANJUAN_3_SANJUAN4GNODE,RTPD,MGHG,LMP_GHG_PRC,SANJUAN_3_SANJUAN4GNODE,ALL,1,-14.22559,2,5
2022-09-01T15:15:00-00:00,2022-09-01T15:30:00-00:00,2022-09-01,09,SANJUAN_3_SANJUAN4GNODE,SANJUAN_3_SANJUAN4GNODE,SANJUAN_3_SANJUAN4GNODE,RTPD,MGHG,LMP_GHG_PRC,SANJUAN_3_SANJUAN4GNODE,ALL,1,-12.7,2,5
2022-09-01T16:15:00-00:00,2022-09-01T16:30:00-00:00,2022-09-01,10,SANJUAN_3_SANJUAN4GNODE,SANJUAN_3_SANJUAN4GNODE,SANJUAN_3_SANJUAN4GNODE,RTPD,MGHG,LMP_GHG_PRC,SANJUAN_3_SANJUAN4GNODE,ALL,1,-13.34161,2,5
2022-09-01T17:15:00-00:00,2022-09-01T17:30:00-00:00,2022-09-01,11,SANJUAN_3_SANJUAN4GNODE,SANJUAN_3_SANJUAN4GNODE,SANJUAN_3_SANJUAN4GNODE,RTPD,MGHG,LMP_GHG_PRC,SANJUAN_3_SANJUAN4GNODE,ALL,1,-11.89,2,5
2022-09-01T18:15:00-00:00,2022-09-01T18:30:00-00:00,2022-09-01,12,SANJUAN_3_SANJUAN4GNODE,SANJUAN_3_SANJUAN4GNODE,SANJUAN_3_SANJUAN4GNODE,RTPD,MGHG,LMP_GHG_PRC,SANJUAN_3_SANJUAN4GNODE,ALL,1,-14.79,2,5
2022-09-01T19:15:00-00:00,2022-09-01T19:30:00-00:00,2022-09-01,13,SANJUAN_3_SANJUAN4GNODE,SANJUAN_3_SANJUAN4GNODE,SANJUAN_3_SANJUAN4GNODE,RTPD,MGHG,LMP_GHG_PRC,SANJUAN_3_SANJUAN4GNODE,ALL,1,-14.79,2,5
2022-09-01T20:15:00-00:00,2022-09-01T20:30:00-00:00,2022-09-01,14,SANJUAN_3_SANJUAN4GNODE,SANJUAN_3_SANJUAN4GNODE,SANJUAN_3_SANJUAN4GNODE,RTPD,MGHG,LMP_GHG_PRC,SANJUAN_3_SANJUAN4GNODE,ALL,1,-18.59,2,5
2022-09-01T21:15:00-00:00,2022-09-01T21:30:00-00:00,2022-09-01,15,SANJUAN_3_SANJUAN4GNODE,SANJUAN_3_SANJUAN4GNODE,SANJUAN_3_SANJUAN4GNODE,RTPD,MGHG,LMP_GHG_PRC,SANJUAN_3_SANJUAN4GNODE,ALL,1,-15.41,2,5
2022-09-01T22:15:00-00:00,2022-09-01T22:30:00-00:00,2022-09-01,16,SANJUAN_3_SANJUAN4GNODE,SANJUAN_3_SANJUAN4GNODE,SANJUAN_3_SANJUAN4GNODE,RTPD,MGHG,LMP_GHG_PRC,SANJUAN_3_SANJUAN4GNODE,ALL,1,-19.44814,2,5
2022-09-01T23:15:00-00:00,2022-09-01T23:30:00-00:00,2022-09-01,17,SANJUAN_3_SANJUAN4GNODE,SANJUAN_3_SANJUAN4GNODE,SANJUAN_3_SANJUAN4GNODE,RTPD,MGHG,LMP_GHG_PRC,SANJUAN_3_SANJUAN4GNODE,ALL,1,-26.16,2,5
2022-09-02T00:15:00-00:00,2022-09-02T00:30:00-00:00,2022-09-01,18,SANJUAN_3_SANJUAN4GNODE,SANJUAN_3_SANJUAN4GNODE,SANJUAN_3_SANJUAN4GNODE,RTPD,MGHG,LMP_GHG_PRC,SANJUAN_3_SANJUAN4GNODE,ALL,1,-24.91,2,5
2022-09-02T01:15:00-00:00,2022-09-02T01:30:00-00:00,2022-09-01,19,SANJUAN_3_SANJUAN4GNODE,SANJUAN_3_SANJUAN4GNODE,SANJUAN_3_SANJUAN4GNODE,RTPD,MGHG,LMP_GHG_PRC,SANJUAN_3_SANJUAN4GNODE,ALL,1,-18.59,2,5
2022-09-02T02:15:00-00:00,2022-09-02T02:30:00-00:00,2022-09-01,20,SANJUAN_3_SANJUAN4GNODE,SANJUAN_3_SANJUAN4GNODE,SANJUAN_3_SANJUAN4GNODE,RTPD,MGHG,LMP_GHG_PRC,SANJUAN_3_SANJUAN4GNODE,ALL,1,-17.16,2,5
2022-09-02T03:15:00-00:00,2022-09-02T03:30:00-00:00,2022-09-01,21,SANJUAN_3_SANJUAN4GNODE,SANJUAN_3_SANJUAN4GNODE,SANJUAN_3_SANJUAN4GNODE,RTPD,MGHG,LMP_GHG_PRC,SANJUAN_3_SANJUAN4GNODE,ALL,1,-14.79,2,5
2022-09-02T04:15:00-00:00,2022-09-02T04:30:00-00:00,2022-09-01,22,SANJUAN_3_SANJUAN4GNODE,SANJUAN_3_SANJUAN4GNODE,SANJUAN_3_SANJUAN4GNODE,RTPD,MGHG,LMP_GHG_PRC,SANJUAN_3_SANJUAN4GNODE,ALL,1,-14.79,2,5
2022-09-02T05:15:00-00:00,2022-09-02T05:30:00-00:00,2022-09-01,23,SANJUAN_3_SANJUAN4GNODE,SANJUAN_3_SANJUAN4GNODE,SANJUAN_3_SANJUAN4GNODE,RTPD,MGHG,LMP_GHG_PRC,SANJUAN_3_SANJUAN4GNODE,ALL,1,-11.89,2,5
2022-09-02T06:15:00-00:00,2022-09-02T06:30:00-00:00,2022-09-01,24,SANJUAN_3_SANJUAN4GNODE,SANJUAN_3_SANJUAN4GNODE,SANJUAN_3_SANJUAN4GNODE,RTPD,MGHG,LMP_GHG_PRC,SANJUAN_3_SANJUAN4GNODE,ALL,1,-11.13,2,5
2022-09-01T07:30:00-00:00,2022-09-01T07:45:00-00:00,2022-09-01,01,SANJUAN_3_SANJUAN4GNODE,SANJUAN_3_SANJUAN4GNODE,SANJUAN_3_SANJUAN4GNODE,RTPD,MGHG,LMP_GHG_PRC,SANJUAN_3_SANJUAN4GNODE,ALL,1,-14.46,3,5
2022-09-01T08:30:00-00:00,2022-09-01T08:45:00-00:00,2022-09-01,02,SANJUAN_3_SANJUAN4GNODE,SANJUAN_3_SANJUAN4GNODE,SANJUAN_3_SANJUAN4GNODE,RTPD,MGHG,LMP_GHG_PRC,SANJUAN_3_SANJUAN4GNODE,ALL,1,-14.79,3,5
2022-09-01T09:30:00-00:00,2022-09-01T09:45:00-00:00,2022-09-01,03,SANJUAN_3_SANJUAN4GNODE,SANJUAN_3_SANJUAN4GNODE,SANJUAN_3_SANJUAN4GNODE,RTPD,MGHG,LMP_GHG_PRC,SANJUAN_3_SANJUAN4GNODE,ALL,1,-12.97,3,5
2022-09-01T10:30:00-00:00,2022-09-01T10:45:00-00:00,2022-09-01,04,SANJUAN_3_SANJUAN4GNODE,SANJUAN_3_SANJUAN4GNODE,SANJUAN_3_SANJUAN4GNODE,RTPD,MGHG,LMP_GHG_PRC,SANJUAN_3_SANJUAN4GNODE,ALL,1,-13.98,3,5
2022-09-01T11:30:00-00:00,2022-09-01T11:45:00-00:00,2022-09-01,05,SANJUAN_3_SANJUAN4GNODE,SANJUAN_3_SANJUAN4GNODE,SANJUAN_3_SANJUAN4GNODE,RTPD,MGHG,LMP_GHG_PRC,SANJUAN_3_SANJUAN4GNODE,ALL,1,-14.53398,3,5
2022-09-01T12:30:00-00:00,2022-09-01T12:45:00-00:00,2022-09-01,06,SANJUAN_3_SANJUAN4GNODE,SANJUAN_3_SANJUAN4GNODE,SANJUAN_3_SANJUAN4GNODE,RTPD,MGHG,LMP_GHG_PRC,SANJUAN_3_SANJUAN4GNODE,ALL,1,-14.79,3,5
2022-09-01T13:30:00-00:00,2022-09-01T13:45:00-00:00,2022-09-01,07,SANJUAN_3_SANJUAN4GNODE,SANJUAN_3_SANJUAN4GNODE,SANJUAN_3_SANJUAN4GNODE,RTPD,MGHG,LMP_GHG_PRC,SANJUAN_3_SANJUAN4GNODE,ALL,1,-15.84217,3,5
2022-09-01T14:30:00-00:00,2022-09-01T14:45:00-00:00,2022-09-01,08,SANJUAN_3_SANJUAN4GNODE,SANJUAN_3_SANJUAN4GNODE,SANJUAN_3_SANJUAN4GNODE,RTPD,MGHG,LMP_GHG_PRC,SANJUAN_3_SANJUAN4GNODE,ALL,1,-12.7,3,5
2022-09-01T15:30:00-00:00,2022-09-01T15:45:00-00:00,2022-09-01,09,SANJUAN_3_SANJUAN4GNODE,SANJUAN_3_SANJUAN4GNODE,SANJUAN_3_SANJUAN4GNODE,RTPD,MGHG,LMP_GHG_PRC,SANJUAN_3_SANJUAN4GNODE,ALL,1,-12.05,3,5
2022-09-01T16:30:00-00:00,2022-09-01T16:45:00-00:00,2022-09-01,10,SANJUAN_3_SANJUAN4GNODE,SANJUAN_3_SANJUAN4GNODE,SANJUAN_3_SANJUAN4GNODE,RTPD,MGHG,LMP_GHG_PRC,SANJUAN_3_SANJUAN4GNODE,ALL,1,-11.13,3,5
2022-09-01T17:30:00-00:00,2022-09-01T17:45:00-00:00,2022-09-01,11,SANJUAN_3_SANJUAN4GNODE,SANJUAN_3_SANJUAN4GNODE,SANJUAN_3_SANJUAN4GNODE,RTPD,MGHG,LMP_GHG_PRC,SANJUAN_3_SANJUAN4GNODE,ALL,1,-11.63,3,5
2022-09-01T18:30:00-00:00,2022-09-01T18:45:00-00:00,2022-09-01,12,SANJUAN_3_SANJUAN4GNODE,SANJUAN_3_SANJUAN4GNODE,SANJUAN_3_SANJUAN4GNODE,RTPD,MGHG,LMP_GHG_PRC,SANJUAN_3_SANJUAN4GNODE,ALL,1,-14.37982,3,5
2022-09-01T19:30:00-00:00,2022-09-01T19:45:00-00:00,2022-09-01,13,SANJUAN_3_SANJUAN4GNODE,SANJUAN_3_SANJUAN4GNODE,SANJUAN_3_SANJUAN4GNODE,RTPD,MGHG,LMP_GHG_PRC,SANJUAN_3_SANJUAN4GNODE,ALL,1,-14.79,3,5
2022-09-01T20:30:00-00:00,2022-09-01T20:45:00-00:00,2022-09-01,14,SANJUAN_3_SANJUAN4GNODE,SANJUAN_3_SANJUAN4GNODE,SANJUAN_3_SANJUAN4GNODE,RTPD,MGHG,LMP_GHG_PRC,SANJUAN_3_SANJUAN4GNODE,ALL,1,-19.37,3,5
2022-09-01T21:30:00-00:00,2022-09-01T21:45:00-00:00,2022-09-01,15,SANJUAN_3_SANJUAN4GNODE,SANJUAN_3_SANJUAN4GNODE,SANJUAN_3_SANJUAN4GNODE,RTPD,MGHG,LMP_GHG_PRC,SANJUAN_3_SANJUAN4GNODE,ALL,1,-14.79,3,5
2022-09-01T22:30:00-00:00,2022-09-01T22:45:00-00:00,2022-09-01,16,SANJUAN_3_SANJUAN4GNODE,SANJUAN_3_SANJUAN4GNODE,SANJUAN_3_SANJUAN4GNODE,RTPD,MGHG,LMP_GHG_PRC,SANJUAN_3_SANJUAN4GNODE,ALL,1,-17.77,3,5
2022-09-01T23:30:00-00:00,2022-09-01T23:45:00-00:00,2022-09-01,17,SANJUAN_3_SANJUAN4GNODE,SANJUAN_3_SANJUAN4GNODE,SANJUAN_3_SANJUAN4GNODE,RTPD,MGHG,LMP_GHG_PRC,SANJUAN_3_SANJUAN4GNODE,ALL,1,-26.16,3,5
2022-09-02T00:30:00-00:00,2022-09-02T00:45:00-00:00,2022-09-01,18,SANJUAN_3_SANJUAN4GNODE,SANJUAN_3_SANJUAN4GNODE,SANJUAN_3_SANJUAN4GNODE,RTPD,MGHG,LMP_GHG_PRC,SANJUAN_3_SANJUAN4GNODE,ALL,1,-29.51,3,5
2022-09-02T01:30:00-00:00,2022-09-02T01:45:00-00:00,2022-09-01,19,SANJUAN_3_SANJUAN4GNODE,SANJUAN_3_SANJUAN4GNODE,SANJUAN_3_SANJUAN4GNODE,RTPD,MGHG,LMP_GHG_PRC,SANJUAN_3_SANJUAN4GNODE,ALL,1,-18.59,3,5
2022-09-02T02:30:00-00:00,2022-09-02T02:45:00-00:00,2022-09-01,20,SANJUAN_3_SANJUAN4GNODE,SANJUAN_3_SANJUAN4GNODE,SANJUAN_3_SANJUAN4GNODE,RTPD,MGHG,LMP_GHG_PRC,SANJUAN_3_SANJUAN4GNODE,ALL,1,-25.88,3,5
2022-09-02T03:30:00-00:00,2022-09-02T03:45:00-00:00,2022-09-01,21,SANJUAN_3_SANJUAN4GNODE,SANJUAN_3_SANJUAN4GNODE,SANJUAN_3_SANJUAN4GNODE,RTPD,MGHG,LMP_GHG_PRC,SANJUAN_3_SANJUAN4GNODE,ALL,1,-14.79,3,5
2022-09-02T04:30:00-00:00,2022-09-02T04:45:00-00:00,2022-09-01,22,SANJUAN_3_SANJUAN4GNODE,SANJUAN_3_SANJUAN4GNODE,SANJUAN_3_SANJUAN4GNODE,RTPD,MGHG,LMP_GHG_PRC,SANJUAN_3_SANJUAN4GNODE,ALL,1,-15.61,3,5
2022-09-02T05:30:00-00:00,2022-09-02T05:45:00-00:00,2022-09-01,23,SANJUAN_3_SANJUAN4GNODE,SANJUAN_3_SANJUAN4GNODE,SANJUAN_3_SANJUAN4GNODE,RTPD,MGHG,LMP_GHG_PRC,SANJUAN_3_SANJUAN4GNODE,ALL,1,-14.79,3,5
2022-09-02T06:30:00-00:00,2022-09-02T06:45:00-00:00,2022-09-01,24,SANJUAN_3_SANJUAN4GNODE,SANJUAN_3_SANJUAN4GNODE,SANJUAN_3_SANJUAN4GNODE,RTPD,MGHG,LMP_GHG_PRC,SANJUAN_3_SANJUAN4GNODE,ALL,1,-14.79,3,5
2022-09-01T07:45:00-00:00,2022-09-01T08:00:00-00:00,2022-09-01,01,SANJUAN_3_SANJUAN4GNODE,SANJUAN_3_SANJUAN4GNODE,SANJUAN_3_SANJUAN4GNODE,RTPD,MGHG,LMP_GHG_PRC,SANJUAN_3_SANJUAN4GNODE,ALL,1,-14,4,5
2022-09-01T08:45:00-00:00,2022-09-01T09:00:00-00:00,2022-09-01,02,SANJUAN_3_SANJUAN4GNODE,SANJUAN_3_SANJUAN4GNODE,SANJUAN_3_SANJUAN4GNODE,RTPD,MGHG,LMP_GHG_PRC,SANJUAN_3_SANJUAN4GNODE,ALL,1,-14.79,4,5
2022-09-01T09:45:00-00:00,2022-09-01T10:00:00-00:00,2022-09-01,03,SANJUAN_3_SANJUAN4GNODE,SANJUAN_3_SANJUAN4GNODE,SANJUAN_3_SANJUAN4GNODE,RTPD,MGHG,LMP_GHG_PRC,SANJUAN_3_SANJUAN4GNODE,ALL,1,-12.97,4,5
2022-09-01T10:45:00-00:00,2022-09-01T11:00:00-00:00,2022-09-01,04,SANJUAN_3_SANJUAN4GNODE,SANJUAN_3_SANJUAN4GNODE,SANJUAN_3_SANJUAN4GNODE,RTPD,MGHG,LMP_GHG_PRC,SANJUAN_3_SANJUAN4GNODE,ALL,1,-13.55,4,5
2022-09-01T11:45:00-00:00,2022-09-01T12:00:00-00:00,2022-09-01,05,SANJUAN_3_SANJUAN4GNODE,SANJUAN_3_SANJUAN4GNODE,SANJUAN_3_SANJUAN4GNODE,RTPD,MGHG,LMP_GHG_PRC,SANJUAN_3_SANJUAN4GNODE,ALL,1,-14.79,4,5
2022-09-01T12:45:00-00:00,2022-09-01T13:00:00-00:00,2022-09-01,06,SANJUAN_3_SANJUAN4GNODE,SANJUAN_3_SANJUAN4GNODE,SANJUAN_3_SANJUAN4GNODE,RTPD,MGHG,LMP_GHG_PRC,SANJUAN_3_SANJUAN4GNODE,ALL,1,-14.79,4,5
2022-09-01T13:45:00-00:00,2022-09-01T14:00:00-00:00,2022-09-01,07,SANJUAN_3_SANJUAN4GNODE,SANJUAN_3_SANJUAN4GNODE,SANJUAN_3_SANJUAN4GNODE,RTPD,MGHG,LMP_GHG_PRC,SANJUAN_3_SANJUAN4GNODE,ALL,1,-14.79,4,5
2022-09-01T14:45:00-00:00,2022-09-01T15:00:00-00:00,2022-09-01,08,SANJUAN_3_SANJUAN4GNODE,SANJUAN_3_SANJUAN4GNODE,SANJUAN_3_SANJUAN4GNODE,RTPD,MGHG,LMP_GHG_PRC,SANJUAN_3_SANJUAN4GNODE,ALL,1,-8.84,4,5
2022-09-01T15:45:00-00:00,2022-09-01T16:00:00-00:00,2022-09-01,09,SANJUAN_3_SANJUAN4GNODE,SANJUAN_3_SANJUAN4GNODE,SANJUAN_3_SANJUAN4GNODE,RTPD,MGHG,LMP_GHG_PRC,SANJUAN_3_SANJUAN4GNODE,ALL,1,-12.05,4,5
2022-09-01T16:45:00-00:00,2022-09-01T17:00:00-00:00,2022-09-01,10,SANJUAN_3_SANJUAN4GNODE,SANJUAN_3_SANJUAN4GNODE,SANJUAN_3_SANJUAN4GNODE,RTPD,MGHG,LMP_GHG_PRC,SANJUAN_3_SANJUAN4GNODE,ALL,1,-10.94,4,5
2022-09-01T17:45:00-00:00,2022-09-01T18:00:00-00:00,2022-09-01,11,SANJUAN_3_SANJUAN4GNODE,SANJUAN_3_SANJUAN4GNODE,SANJUAN_3_SANJUAN4GNODE,RTPD,MGHG,LMP_GHG_PRC,SANJUAN_3_SANJUAN4GNODE,ALL,1,-12.32178,4,5
2022-09-01T18:45:00-00:00,2022-09-01T19:00:00-00:00,2022-09-01,12,SANJUAN_3_SANJUAN4GNODE,SANJUAN_3_SANJUAN4GNODE,SANJUAN_3_SANJUAN4GNODE,RTPD,MGHG,LMP_GHG_PRC,SANJUAN_3_SANJUAN4GNODE,ALL,1,-13.98,4,5
2022-09-01T19:45:00-00:00,2022-09-01T20:00:00-00:00,2022-09-01,13,SANJUAN_3_SANJUAN4GNODE,SANJUAN_3_SANJUAN4GNODE,SANJUAN_3_SANJUAN4GNODE,RTPD,MGHG,LMP_GHG_PRC,SANJUAN_3_SANJUAN4GNODE,ALL,1,-15.37,4,5
2022-09-01T20:45:00-00:00,2022-09-01T21:00:00-00:00,2022-09-01,14,SANJUAN_3_SANJUAN4GNODE,SANJUAN_3_SANJUAN4GNODE,SANJUAN_3_SANJUAN4GNODE,RTPD,MGHG,LMP_GHG_PRC,SANJUAN_3_SANJUAN4GNODE,ALL,1,-15.61,4,5
2022-09-01T21:45:00-00:00,2022-09-01T22:00:00-00:00,2022-09-01,15,SANJUAN_3_SANJUAN4GNODE,SANJUAN_3_SANJUAN4GNODE,SANJUAN_3_SANJUAN4GNODE,RTPD,MGHG,LMP_GHG_PRC,SANJUAN_3_SANJUAN4GNODE,ALL,1,-14.79,4,5
2022-09-01T22:45:00-00:00,2022-09-01T23:00:00-00:00,2022-09-01,16,SANJUAN_3_SANJUAN4GNODE,SANJUAN_3_SANJUAN4GNODE,SANJUAN_3_SANJUAN4GNODE,RTPD,MGHG,LMP_GHG_PRC,SANJUAN_3_SANJUAN4GNODE,ALL,1,-17.16,4,5
2022-09-01T23:45:00-00:00,2022-09-02T00:00:00-00:00,2022-09-01,17,SANJUAN_3_SANJUAN4GNODE,SANJUAN_3_SANJUAN4GNODE,SANJUAN_3_SANJUAN4GNODE,RTPD,MGHG,LMP_GHG_PRC,SANJUAN_3_SANJUAN4GNODE,ALL,1,-28.33,4,5
2022-09-02T00:45:00-00:00,2022-09-02T01:00:00-00:00,2022-09-01,18,SANJUAN_3_SANJUAN4GNODE,SANJUAN_3_SANJUAN4GNODE,SANJUAN_3_SANJUAN4GNODE,RTPD,MGHG,LMP_GHG_PRC,SANJUAN_3_SANJUAN4GNODE,ALL,1,-29.51,4,5
2022-09-02T01:45:00-00:00,2022-09-02T02:00:00-00:00,2022-09-01,19,SANJUAN_3_SANJUAN4GNODE,SANJUAN_3_SANJUAN4GNODE,SANJUAN_3_SANJUAN4GNODE,RTPD,MGHG,LMP_GHG_PRC,SANJUAN_3_SANJUAN4GNODE,ALL,1,-15.61,4,5
2022-09-02T02:45:00-00:00,2022-09-02T03:00:00-00:00,2022-09-01,20,SANJUAN_3_SANJUAN4GNODE,SANJUAN_3_SANJUAN4GNODE,SANJUAN_3_SANJUAN4GNODE,RTPD,MGHG,LMP_GHG_PRC,SANJUAN_3_SANJUAN4GNODE,ALL,1,-30.58,4,5
2022-09-02T03:45:00-00:00,2022-09-02T04:00:00-00:00,2022-09-01,21,SANJUAN_3_SANJUAN4GNODE,SANJUAN_3_SANJUAN4GNODE,SANJUAN_3_SANJUAN4GNODE,RTPD,MGHG,LMP_GHG_PRC,SANJUAN_3_SANJUAN4GNODE,ALL,1,-16.46,4,5
2022-09-02T04:45:00-00:00,2022-09-02T05:00:00-00:00,2022-09-01,22,SANJUAN_3_SANJUAN4GNODE,SANJUAN_3_SANJUAN4GNODE,SANJUAN_3_SANJUAN4GNODE,RTPD,MGHG,LMP_GHG_PRC,SANJUAN_3_SANJUAN4GNODE,ALL,1,-15.61,4,5
2022-09-02T05:45:00-00:00,2022-09-02T06:00:00-00:00,2022-09-01,23,SANJUAN_3_SANJUAN4GNODE,SANJUAN_3_SANJUAN4GNODE,SANJUAN_3_SANJUAN4GNODE,RTPD,MGHG,LMP_GHG_PRC,SANJUAN_3_SANJUAN4GNODE,ALL,1,-14.79,4,5
2022-09-02T06:45:00-00:00,2022-09-02T07:00:00-00:00,2022-09-01,24,SANJUAN_3_SANJUAN4GNODE,SANJUAN_3_SANJUAN4GNODE,SANJUAN_3_SANJUAN4GNODE,RTPD,MGHG,LMP_GHG_PRC,SANJUAN_3_SANJUAN4GNODE,ALL,1,-15,4,5
